120 16
38 33 36 10 22 22 42 37 34 35 30 19 9 27 18 44 44 29 21 29 48 39 45 31 48 37 24 25 36 77 53 54 62 81 73 77 65 74 64 52 59 52 52 57 64 83 75 78 67 74 63 53 62 50 27 38 54 45 54 35 58 47 34 31 46 42 62 56 55 52 49 39 30 44 26 68 61 63 54 60 49 38 47 38 81 82 74 76 66 57 67 51 73 68 66 56 48 61 40 65 76 65 53 59 54 56 47 40 56 30 67 54 53 61 43 43 51 34 38 28 
33 88 5 30 26 14 13 18 2 28 20 20 24 24 40 19 15 34 12 11 15 5 21 8 36 31 25 8 46 44 29 21 29 48 39 45 31 48 37 24 25 36 25 23 30 49 41 45 35 45 35 22 28 31 11 19 24 13 31 2 45 39 30 8 50 11 30 27 21 28 21 12 3 20 23 34 27 30 24 34 24 10 15 29 48 48 42 45 34 23 35 26 39 40 35 24 14 31 17 31 49 39 25 26 38 24 13 10 32 10 49 36 23 54 29 13 49 1 41 19 
36 5 89 34 25 15 8 13 7 24 25 25 27 22 44 23 19 40 15 17 16 5 25 6 41 36 30 10 51 44 33 19 30 46 37 46 28 50 40 27 24 41 29 21 29 48 39 45 31 48 37 24 25 36 17 25 26 16 35 6 50 44 35 13 56 6 26 22 20 22 25 16 7 14 28 33 24 31 19 37 28 15 11 35 44 47 38 47 36 23 31 30 38 35 36 25 13 26 22 28 52 42 29 24 43 24 13 4 26 16 54 41 26 59 35 16 54 4 46 24 
10 30 34 59 28 23 41 39 29 40 21 11 9 31 11 36 38 19 18 23 42 35 37 31 38 27 14 23 26 71 44 50 56 76 68 70 62 66 55 45 55 42 44 54 59 78 71 72 65 66 56 47 58 41 21 29 48 39 45 31 48 37 24 25 36 40 60 56 50 53 42 32 26 45 16 64 58 57 53 51 41 32 45 28 78 76 72 69 59 51 65 43 68 68 60 50 44 60 33 61 67 56 46 55 44 50 42 38 58 23 57 45 46 51 34 37 41 31 28 20 
22 26 25 28 42 12 27 18 28 12 37 29 18 4 39 44 41 45 19 31 41 30 46 19 56 48 36 20 54 69 54 44 55 71 61 71 51 74 63 50 48 58 52 44 54 71 62 70 52 72 61 48 48 55 29 41 50 39 56 28 67 58 45 30 63 29 48 39 45 31 48 37 24 25 36 56 47 56 37 60 49 36 33 47 66 72 57 72 61 48 52 52 62 49 61 50 38 44 41 51 76 65 52 49 60 49 38 27 36 30 73 60 50 73 50 39 65 26 53 35 
22 14 15 23 12 59 20 16 16 19 25 19 14 12 34 32 29 35 7 19 29 19 33 9 44 37 26 7 46 59 42 34 44 61 52 60 43 62 51 38 39 46 39 36 44 63 54 60 45 60 49 36 40 42 17 29 38 28 44 16 55 46 34 18 53 21 41 34 35 30 35 25 11 22 25 48 39 45 31 48 37 24 25 36 59 62 51 60 49 38 45 39 53 46 49 39 28 39 29 43 64 53 40 39 48 38 28 18 35 18 61 48 38 62 38 27 54 15 44 24 
42 13 8 41 27 20 96 10 15 22 33 33 33 23 52 29 24 48 22 25 19 11 31 10 48 44 38 18 59 43 39 18 30 44 34 46 24 53 44 31 21 47 34 17 28 44 35 44 25 50 40 26 21 42 25 32 29 20 41 13 57 51 43 21 64 4 21 14 20 15 30 23 15 7 36 29 20 32 11 42 33 22 6 42 39 45 31 48 37 24 25 36 35 27 37 26 13 19 29 24 55 46 33 22 49 26 16 3 18 24 59 47 30 66 42 21 62 11 54 32 
37 18 13 39 18 16 10 78 20 11 37 34 30 13 50 37 33 50 21 29 29 19 39 10 54 49 40 18 61 54 47 29 41 54 44 57 33 64 54 40 32 54 43 28 39 54 44 55 34 60 50 37 31 50 28 38 39 29 49 19 64 57 47 26 67 14 30 21 30 14 39 30 19 7 39 40 29 42 19 51 42 29 17 47 48 56 38 58 48 34 34 44 45 31 48 37 24 25 36 34 66 56 42 33 57 36 26 12 19 28 68 55 39 72 48 30 67 17 57 36 
34 2 7 29 28 16 15 20 91 30 18 20 25 26 39 17 13 33 13 10 14 6 19 10 34 29 24 8 44 43 27 20 28 47 39 44 32 46 35 22 25 34 24 24 30 49 42 44 36 44 33 20 29 29 10 17 22 12 29 2 43 37 28 6 49 12 31 28 21 30 20 10 4 22 21 34 28 29 25 32 22 8 16 27 48 48 43 44 33 23 35 24 39 41 34 23 14 32 15 31 48 37 24 25 36 23 13 11 33 9 47 34 22 52 27 11 47 3 39 17 
35 28 24 40 12 19 22 11 30 63 44 38 30 8 51 47 43 54 26 36 40 29 49 19 62 55 45 25 65 65 57 40 52 66 55 68 44 75 64 51 43 63 53 39 50 65 55 67 44 72 61 48 42 59 35 46 50 40 59 29 72 65 53 34 72 26 40 30 42 21 49 40 27 17 44 51 40 54 29 62 52 39 28 54 57 67 48 70 59 46 44 54 56 39 59 48 35 35 45 45 77 66 53 45 65 48 37 24 25 36 77 64 50 80 56 40 73 27 63 42 
30 20 25 21 37 25 33 37 18 44 96 10 24 37 27 15 18 15 18 8 25 23 16 27 19 11 9 19 26 51 22 34 37 57 51 49 47 44 33 24 39 22 23 39 40 60 55 51 52 44 34 27 44 19 9 8 27 21 23 20 29 20 9 11 30 30 47 46 34 48 21 14 18 40 6 47 44 37 43 29 19 14 34 10 63 57 60 48 38 33 51 21 51 59 39 31 30 50 12 46 45 34 25 38 24 31 26 30 52 9 37 24 25 36 13 18 29 21 21 2 
19 20 25 11 29 19 33 34 20 38 10 74 13 31 19 25 26 16 12 11 31 26 26 24 29 19 6 16 26 60 33 40 45 65 58 59 52 55 44 34 45 32 33 44 48 68 61 60 56 55 44 35 49 30 10 18 36 28 34 22 39 29 16 15 34 32 51 48 40 47 30 21 18 39 6 53 48 45 44 40 29 20 36 19 68 65 63 57 48 40 56 31 58 60 48 39 34 52 21 51 56 45 34 44 34 39 31 30 51 12 48 34 35 44 24 25 36 22 24 8 
9 24 27 9 18 14 33 30 25 30 24 13 48 21 21 36 36 27 12 21 39 30 37 23 42 32 19 16 36 68 45 45 53 72 64 68 56 67 56 44 50 46 44 48 55 74 66 69 59 66 55 44 53 43 19 30 46 36 46 26 53 42 29 23 44 34 54 48 46 44 41 30 21 36 20 59 52 54 45 52 41 29 38 32 72 73 65 68 57 48 58 43 64 60 57 47 39 53 32 56 68 57 45 50 48 47 38 31 49 21 61 48 44 57 37 34 48 25 36 21 
27 24 22 31 4 12 23 13 26 8 37 31 21 51 42 43 39 47 19 31 38 27 45 16 56 49 37 19 56 65 53 40 52 67 57 68 46 72 61 48 44 58 50 40 51 67 57 67 48 70 59 46 44 54 29 41 48 37 55 26 67 58 46 29 65 26 43 34 42 26 46 36 22 21 37 52 42 53 33 58 48 34 29 48 61 68 52 69 58 45 48 50 58 44 58 47 34 39 40 47 74 63 50 45 60 46 35 23 31 30 73 59 48 74 50 37 66 24 55 36 
18 40 44 11 39 34 52 50 39 51 27 19 21 42 72 42 45 16 29 31 51 45 43 42 38 27 18 34 19 78 48 59 64 84 77 76 71 70 60 51 64 44 50 63 67 87 81 78 75 71 61 54 68 44 29 35 54 47 49 41 47 36 24 34 29 51 70 66 59 64 48 40 36 56 21 73 67 64 63 56 46 39 55 29 87 84 82 75 65 59 75 48 77 79 66 58 53 71 39 71 71 60 52 64 45 58 51 49 69 31 58 46 53 48 36 44 37 41 24 25 
44 19 23 36 44 32 29 37 17 47 15 25 36 43 42 67 5 30 26 14 13 18 2 28 20 20 24 24 40 36 10 22 22 42 37 34 35 30 19 9 27 18 8 28 26 46 42 36 40 30 19 12 32 12 17 7 12 10 12 17 27 24 21 14 41 25 36 38 21 44 5 7 20 37 21 34 32 22 35 16 5 8 27 18 49 42 48 32 23 19 40 7 36 50 23 16 20 42 3 34 32 21 9 25 20 17 16 26 46 14 30 18 10 37 14 8 35 20 32 17 
44 15 19 38 41 29 24 33 13 43 18 26 36 39 45 5 72 34 25 15 8 13 7 24 25 25 27 22 44 33 14 17 19 39 33 32 30 32 21 8 21 23 10 22 22 42 37 34 35 30 19 9 27 18 17 12 10 4 16 13 33 29 26 12 46 20 30 33 16 39 6 5 17 32 24 29 27 19 30 18 9 6 22 23 45 39 43 32 21 15 35 11 32 44 22 12 14 36 7 29 34 23 10 20 25 13 10 21 41 14 35 23 9 43 19 2 40 16 37 19 
29 34 40 19 45 35 48 50 33 54 15 16 27 47 16 30 34 20 28 23 41 39 29 40 21 11 9 31 11 66 33 50 52 72 67 63 63 54 45 38 55 28 36 55 56 76 71 66 68 56 47 42 60 29 22 22 42 37 34 35 30 19 9 27 18 46 63 62 50 62 35 29 32 54 11 63 60 52 58 41 32 30 50 14 78 72 76 60 52 49 67 33 66 74 53 46 45 66 27 62 55 45 38 54 28 47 42 45 66 24 41 30 40 32 20 34 22 36 9 15 
21 12 15 18 19 7 22 21 13 26 18 12 12 19 29 26 25 28 45 12 27 18 28 12 37 29 18 4 39 56 36 33 41 60 51 57 44 57 46 33 38 39 34 36 43 62 54 57 47 55 44 33 41 36 10 22 34 24 38 14 47 39 27 12 46 22 42 37 34 35 30 19 9 27 18 47 40 42 34 42 31 19 27 28 60 61 54 56 46 36 47 34 52 50 46 36 27 42 23 44 58 47 35 38 41 35 26 20 39 12 54 41 34 54 31 23 47 13 36 16 
29 11 17 23 31 19 25 29 10 36 8 11 21 31 31 14 15 23 12 44 20 16 16 19 25 19 14 12 34 48 24 28 33 53 46 47 41 45 34 23 33 27 22 33 36 56 50 49 45 44 34 24 37 23 2 10 25 16 25 12 35 28 18 3 39 22 40 38 28 40 19 9 10 32 11 42 37 34 35 30 19 9 27 18 56 53 53 46 36 28 45 22 46 51 37 27 23 43 11 40 47 36 24 33 29 27 20 22 43 1 42 28 23 43 19 14 37 13 29 7 
48 15 16 42 41 29 19 29 14 40 25 31 39 38 51 13 8 41 27 20 84 10 15 22 33 33 33 23 52 29 21 9 14 33 26 30 22 34 25 12 14 30 15 14 16 36 30 30 27 31 21 7 19 25 21 19 10 3 23 13 40 37 33 16 54 14 22 25 8 32 12 11 18 26 30 22 19 15 22 22 16 11 15 31 37 34 35 30 19 9 27 18 26 36 20 9 7 28 15 21 36 27 14 13 32 8 3 16 34 19 41 30 10 50 27 6 48 14 44 25 
39 5 5 35 30 19 11 19 6 29 23 26 30 27 45 18 13 39 18 16 10 75 20 11 37 34 30 13 50 39 28 15 24 42 33 40 26 45 35 21 20 36 24 18 25 44 36 40 30 42 31 18 23 31 16 21 20 10 30 4 46 41 33 12 54 7 24 22 16 26 20 12 9 18 27 29 22 26 19 32 23 11 11 32 42 43 37 41 30 18 29 25 34 35 30 19 9 27 18 25 47 36 23 20 38 19 8 7 28 14 49 36 20 55 31 11 51 4 44 23 
45 21 25 37 46 33 31 39 19 49 16 26 37 45 43 2 7 29 28 16 15 20 68 30 18 20 25 26 39 36 8 24 22 42 38 33 36 29 18 9 28 16 7 29 27 46 43 36 42 28 18 13 33 10 18 8 12 12 10 19 25 22 21 15 39 27 38 40 22 46 5 9 22 39 22 35 34 22 37 14 3 10 29 17 50 42 50 32 23 20 41 6 37 52 23 17 22 43 4 35 30 19 9 27 18 18 17 28 48 16 28 16 10 35 12 10 33 22 31 17 
31 8 6 31 19 9 10 10 10 19 27 24 23 16 42 28 24 40 12 19 22 11 30 71 44 38 30 8 51 50 38 25 36 52 43 52 33 56 46 32 29 44 34 26 35 53 44 51 36 53 43 29 31 40 18 28 32 21 40 10 53 47 36 16 57 11 31 25 26 22 30 21 8 14 28 38 29 37 22 43 33 19 16 37 49 53 42 53 42 29 36 35 43 37 42 31 19 30 26 34 58 47 34 30 46 30 19 9 27 18 58 45 32 62 37 21 56 8 47 25 
48 36 41 38 56 44 48 54 34 62 19 29 42 56 38 20 25 21 37 25 33 37 18 44 61 10 24 37 27 50 16 42 39 57 55 45 55 33 25 25 46 6 21 48 44 62 60 49 60 36 29 30 52 10 27 16 29 30 15 35 10 4 14 28 23 44 56 58 41 63 22 25 36 56 22 52 52 38 55 22 18 26 47 9 68 56 68 42 36 38 60 18 54 70 37 34 40 62 19 53 34 25 24 45 7 35 36 45 66 26 19 9 27 18 6 27 15 37 18 21 
37 31 36 27 48 37 44 49 29 55 11 19 32 49 27 20 25 11 29 19 33 34 20 38 10 39 13 31 19 55 22 43 42 62 58 52 56 43 33 28 47 16 25 48 47 66 63 55 61 44 36 33 52 17 20 13 32 29 22 31 20 10 3 23 20 41 56 57 42 59 25 22 30 51 12 54 53 42 53 29 22 23 45 2 70 62 69 49 42 40 60 22 57 69 43 37 39 60 18 54 43 34 28 46 17 38 35 41 63 20 30 19 30 25 9 27 18 32 11 13 
24 25 30 14 36 26 38 40 24 45 9 6 19 37 18 24 27 9 18 14 33 30 25 30 24 13 18 21 21 60 30 42 46 66 60 58 55 52 42 33 47 28 32 47 49 69 64 60 59 53 43 36 52 27 13 17 36 29 31 26 34 23 10 18 27 36 54 52 42 52 30 22 22 44 3 56 51 46 49 38 28 22 41 14 71 66 67 57 47 42 59 30 59 65 48 40 37 57 21 54 53 43 34 47 30 40 34 35 56 15 43 30 34 38 19 27 29 27 18 7 
25 8 10 23 20 7 18 18 8 25 19 16 16 19 34 24 22 31 4 12 23 13 26 8 37 31 21 54 42 52 34 29 37 56 47 53 39 54 43 30 33 39 31 31 38 57 49 53 42 52 41 29 36 35 10 22 31 20 36 10 47 40 29 10 49 17 37 32 29 31 28 17 4 22 20 42 35 38 29 40 29 16 22 29 55 56 49 53 42 31 42 32 47 45 42 32 22 37 21 39 56 45 32 34 41 31 21 15 35 11 53 40 30 55 31 19 49 9 39 18 
36 46 51 26 54 46 59 61 44 65 26 26 36 56 19 40 44 11 39 34 52 50 39 51 27 19 21 42 36 75 41 61 62 82 77 71 74 60 52 48 66 33 45 66 66 86 82 75 79 63 55 52 71 36 34 32 51 48 41 46 33 23 18 38 10 57 74 73 60 74 45 40 43 65 22 73 71 61 69 48 41 41 61 22 89 81 87 68 61 59 78 42 76 85 62 56 56 77 37 73 61 52 47 65 34 57 53 56 77 35 44 36 49 30 28 45 19 47 9 27 
77 44 44 71 69 59 43 54 43 65 51 60 68 65 78 36 33 66 56 48 29 39 36 50 50 55 60 52 75 11 34 25 15 8 13 7 24 25 25 27 22 44 30 26 14 13 18 2 28 20 20 24 24 40 50 44 24 32 34 42 51 54 57 46 74 39 28 38 23 50 30 39 48 48 57 16 26 14 37 28 33 39 36 53 25 6 33 12 13 20 27 33 11 42 12 21 31 37 39 22 27 27 27 20 45 21 31 42 48 48 44 42 25 62 47 34 65 43 66 52 
53 29 33 44 54 42 39 47 27 57 22 33 45 53 48 10 14 33 36 24 21 28 8 38 16 22 30 34 41 34 60 28 23 41 39 29 40 21 11 9 31 11 5 34 28 46 44 33 45 22 13 15 37 6 26 14 13 18 2 28 20 20 24 24 40 34 42 46 26 53 9 17 31 46 28 36 38 21 43 7 5 18 36 19 52 40 53 27 20 23 45 3 37 57 21 19 28 49 13 38 23 12 8 30 12 20 24 35 55 24 20 10 11 31 13 17 31 30 32 24 
54 21 19 50 44 34 18 29 20 40 34 40 45 40 59 22 17 50 33 28 9 15 24 25 42 43 42 29 61 25 28 53 12 27 18 28 12 37 29 18 4 39 22 5 10 28 21 26 18 33 24 13 9 33 30 29 15 13 30 19 48 46 43 25 63 14 13 18 2 28 20 20 24 24 40 13 10 14 16 28 24 20 12 40 28 27 26 30 19 6 17 25 18 28 19 10 6 20 24 11 39 31 20 5 41 9 8 17 28 27 48 38 17 59 37 16 58 20 54 35 
62 29 30 56 55 44 30 41 28 52 37 45 53 52 64 22 19 52 41 33 14 24 22 36 39 42 46 37 62 15 23 12 29 20 16 16 19 25 19 14 12 34 18 16 5 23 21 15 24 21 14 10 17 29 35 30 10 17 24 27 42 43 44 31 62 26 22 30 10 40 17 24 33 36 43 13 18 2 28 20 20 24 24 40 29 20 32 17 7 6 24 21 14 37 7 6 17 30 25 17 28 21 15 9 35 6 16 28 40 33 39 33 12 53 35 19 54 29 54 38 
81 48 46 76 71 61 44 54 47 66 57 65 72 67 84 42 39 72 60 53 33 42 42 52 57 62 66 56 82 8 41 27 20 27 10 15 22 33 33 33 23 52 37 26 17 5 13 9 24 28 28 30 23 47 55 50 30 37 42 46 59 62 63 50 81 41 26 37 26 48 37 44 51 48 63 14 25 20 36 36 40 44 37 59 18 2 28 20 20 24 24 40 9 38 20 26 33 35 45 20 35 35 34 22 53 25 34 44 46 52 53 50 32 70 54 39 73 47 73 58 
73 39 37 68 61 52 34 44 39 55 51 58 64 57 77 37 33 67 51 46 26 33 38 43 55 58 60 47 77 13 39 18 16 10 37 20 11 37 34 30 13 50 34 16 11 10 5 15 14 32 28 25 12 45 48 45 26 30 40 37 58 59 59 43 78 31 15 26 18 38 32 37 42 37 57 4 14 17 26 35 36 37 27 55 13 12 19 25 20 17 14 37 2 28 20 20 24 24 40 10 39 36 31 13 51 20 26 34 35 45 54 48 28 69 50 32 70 38 69 52 
77 45 46 70 71 60 46 57 44 68 49 59 68 68 76 34 32 63 57 47 30 40 33 52 45 52 58 53 71 7 29 28 16 15 20 4 30 18 20 25 26 39 26 30 18 21 26 5 34 12 16 23 29 35 49 41 22 32 30 43 45 50 54 45 69 42 34 44 26 55 28 38 48 52 55 22 31 14 42 23 30 38 40 49 33 13 40 4 11 22 34 29 18 48 10 21 33 43 37 28 20 20 24 24 40 21 32 44 53 47 38 37 24 56 43 34 60 45 62 51 
65 31 28 62 51 43 24 33 32 44 47 52 56 46 71 35 30 63 44 41 22 26 36 33 55 56 55 39 74 24 40 12 19 22 11 30 56 44 38 30 8 51 34 8 13 21 11 26 5 39 33 24 3 45 42 42 26 26 41 30 60 59 56 37 76 22 4 15 14 26 32 33 35 26 52 8 4 21 14 38 36 33 17 53 16 23 13 33 26 16 5 37 13 18 25 21 17 13 37 2 46 40 31 10 52 20 20 24 24 40 58 50 28 71 49 29 70 30 67 47 
74 48 50 66 74 62 53 64 46 75 44 55 67 72 70 30 32 54 57 45 34 45 29 56 33 43 52 54 60 25 21 37 25 33 37 18 44 40 10 24 37 27 22 42 30 39 43 24 49 5 13 27 42 25 47 36 24 35 20 46 30 37 45 44 56 49 47 56 35 65 26 37 50 61 50 37 44 23 53 14 25 38 48 40 50 32 56 13 18 31 49 23 35 63 18 27 40 56 34 42 2 9 22 35 26 28 37 51 65 45 20 24 24 40 34 35 46 48 51 46 
64 37 40 55 63 51 44 54 35 64 33 44 56 61 60 19 21 45 46 34 25 35 18 46 25 33 42 43 52 25 11 29 19 33 34 20 38 10 41 13 31 19 11 34 25 39 40 24 44 11 5 17 36 16 36 25 14 24 11 35 25 30 36 33 49 39 41 48 27 57 15 26 39 51 39 32 38 17 45 4 14 27 39 31 48 32 51 16 13 23 43 12 32 57 14 18 31 49 23 36 12 2 11 29 19 19 28 41 57 34 20 17 14 36 24 24 40 37 43 35 
52 24 27 45 50 38 31 40 22 51 24 34 44 48 51 9 8 38 33 23 12 21 9 32 25 28 33 30 48 27 9 18 14 33 30 25 30 24 13 49 21 21 4 24 19 37 35 27 35 22 11 5 27 15 25 16 3 11 11 22 30 29 30 21 48 26 32 37 16 44 3 13 26 38 30 27 28 13 34 10 6 14 27 25 43 33 43 23 14 13 35 7 29 47 14 9 18 39 12 28 25 15 2 20 22 10 15 28 45 22 29 20 1 41 20 11 41 24 40 26 
59 25 24 55 48 39 21 32 25 43 39 45 50 44 64 27 21 55 38 33 14 20 28 29 46 47 47 33 66 22 31 4 12 23 13 26 8 37 31 21 48 42 26 4 7 24 16 23 14 33 25 16 5 37 35 33 18 18 33 24 51 50 48 30 68 18 10 18 5 28 23 25 29 26 44 9 7 14 16 30 27 25 14 44 23 24 22 28 19 8 13 29 14 26 19 12 11 18 29 7 40 33 23 2 44 11 13 20 28 32 50 41 20 62 41 20 62 24 59 40 
52 36 41 42 58 46 47 54 34 63 22 32 46 58 44 18 23 28 39 27 30 36 16 44 6 16 28 39 33 44 11 39 34 52 50 39 51 27 19 21 42 80 16 45 39 56 55 43 56 29 23 26 48 5 29 17 24 28 9 35 9 10 19 29 30 43 52 56 37 62 19 24 36 55 26 47 49 33 53 16 15 25 45 14 63 51 64 36 31 34 56 13 49 67 31 30 37 59 18 49 27 19 19 41 2 31 33 44 64 28 15 2 22 20 8 26 20 37 24 24 
52 25 29 44 52 39 34 43 24 53 23 33 44 50 50 8 10 36 34 22 15 24 7 34 21 25 32 31 45 30 5 22 18 37 34 26 34 22 11 4 26 16 68 28 23 41 39 29 40 21 11 9 31 11 25 15 8 13 7 24 25 25 27 22 44 29 36 41 21 48 4 14 27 41 29 31 32 17 38 8 3 15 30 22 47 36 48 25 16 17 39 3 32 51 17 13 22 43 11 32 24 13 2 24 18 14 18 31 49 22 25 15 6 36 17 13 36 26 36 24 
57 23 21 54 44 36 17 28 24 39 39 44 48 40 63 28 22 55 36 33 14 18 29 26 48 48 47 31 66 26 34 5 16 26 16 30 8 42 34 24 4 45 28 50 12 27 18 28 12 37 29 18 4 39 34 34 21 18 36 22 54 52 48 29 69 15 8 13 7 24 25 25 27 22 44 12 4 18 11 34 30 25 10 45 24 28 20 33 23 11 12 31 17 22 23 16 9 15 29 7 44 36 26 6 46 15 13 17 23 32 53 44 22 65 42 21 63 22 59 39 
64 30 29 59 54 44 28 39 30 50 40 48 55 51 67 26 22 56 43 36 16 25 27 35 44 47 49 38 66 14 28 10 5 17 11 18 13 30 25 19 7 39 23 12 30 20 16 16 19 25 19 14 12 34 37 34 15 19 30 28 48 48 48 33 67 25 16 25 9 36 21 27 34 34 46 8 13 7 24 25 25 27 22 44 24 18 26 21 12 7 18 26 10 32 12 9 16 25 29 11 33 27 20 6 41 9 17 27 35 35 45 38 17 59 39 22 60 29 58 41 
83 49 48 78 71 63 44 54 49 65 60 68 74 67 87 46 42 76 62 56 36 44 46 53 62 66 69 57 86 13 46 28 23 5 10 21 21 39 39 37 24 56 41 27 20 16 10 15 22 33 33 33 23 52 57 53 34 39 47 47 64 66 67 53 85 42 25 35 28 47 41 47 53 47 66 15 24 24 35 41 44 47 37 63 13 7 24 25 25 27 22 44 10 34 25 29 35 32 48 20 41 40 38 23 58 29 36 44 44 55 58 55 36 75 58 42 77 48 77 61 
75 41 39 71 62 54 35 44 42 55 55 61 66 57 81 42 37 71 54 50 30 36 43 44 60 63 64 49 82 18 44 21 21 13 5 26 11 43 40 35 16 55 39 18 16 10 27 20 11 37 34 30 13 50 51 49 31 34 45 40 64 64 63 46 83 33 14 25 21 36 37 41 45 37 61 8 15 22 25 41 41 41 28 60 8 15 14 30 26 22 11 42 7 24 25 25 27 22 44 10 45 41 36 16 57 25 29 35 33 49 60 54 33 75 55 36 76 40 74 56 
78 45 45 72 70 60 44 55 44 67 51 60 69 67 78 36 34 66 57 49 30 40 36 51 49 55 60 53 75 2 33 26 15 9 15 5 26 24 24 27 23 43 29 28 16 15 20 15 30 18 20 25 26 39 51 44 24 33 34 43 50 54 57 46 73 41 30 40 25 51 30 39 48 50 57 18 28 15 39 27 33 40 38 52 27 8 35 10 13 21 29 32 13 44 12 21 32 39 39 24 25 25 27 22 44 21 32 43 50 48 43 41 25 61 46 35 64 44 66 53 
67 35 31 65 52 45 25 34 36 44 52 56 59 48 75 40 35 68 47 45 27 30 42 36 60 61 59 42 79 28 45 18 24 24 14 34 5 49 44 35 14 56 40 12 19 22 11 30 48 44 38 30 8 51 46 47 32 31 47 34 65 64 61 41 81 25 5 13 19 25 37 38 38 27 57 12 8 26 15 44 42 38 20 58 13 26 8 38 31 22 0 43 16 13 31 26 22 10 42 7 51 46 37 15 58 25 25 27 22 44 63 56 34 76 55 34 76 34 72 52 
74 45 48 66 72 60 50 60 44 72 44 55 66 70 71 30 30 56 55 44 31 42 28 53 36 44 53 52 63 20 22 33 21 28 32 12 39 5 11 22 33 29 21 37 25 33 37 18 44 51 10 24 37 27 46 36 21 32 22 44 34 40 47 43 59 46 42 51 31 61 25 36 48 57 50 32 39 19 49 15 25 36 44 42 45 26 51 8 13 26 43 23 30 58 13 23 37 51 33 37 7 10 20 31 29 24 34 48 61 44 25 27 22 44 35 33 49 46 54 46 
63 35 37 56 61 49 40 50 33 61 34 44 55 59 61 19 19 47 44 34 21 31 18 43 29 36 43 41 55 20 13 24 14 28 28 16 33 13 5 11 25 23 11 29 19 33 34 20 38 10 51 13 31 19 36 26 10 21 14 33 30 34 38 32 53 35 36 43 22 52 14 25 37 47 40 27 32 12 40 7 15 25 35 33 42 27 46 13 8 18 38 13 27 51 8 13 27 44 22 31 15 7 9 23 24 14 24 37 52 33 25 21 11 41 27 22 44 35 46 36 
53 22 24 47 48 36 26 37 20 48 27 35 44 46 54 12 9 42 33 24 7 18 13 29 30 33 36 29 52 24 15 13 10 30 25 23 24 27 17 5 16 26 9 18 14 33 30 25 30 24 13 54 21 21 26 20 2 8 17 20 35 35 34 21 53 22 26 31 11 39 7 14 25 34 33 21 22 10 28 15 11 15 22 30 37 30 38 23 12 8 29 13 24 41 13 4 13 33 15 23 29 19 7 14 28 4 10 24 40 23 35 25 4 46 25 10 46 22 44 28 
62 28 25 58 48 40 21 31 29 42 44 49 53 44 68 32 27 60 41 37 19 23 33 31 52 52 52 36 71 24 37 9 17 23 12 29 3 42 36 27 5 48 31 4 12 23 13 26 8 37 31 21 44 42 39 38 23 23 39 27 57 56 53 34 73 19 5 14 10 25 29 30 32 25 49 8 2 19 13 36 33 30 15 50 19 24 16 32 24 13 8 34 14 20 24 18 14 13 34 3 45 38 29 7 50 17 17 22 24 36 55 47 25 68 46 25 67 27 64 44 
50 31 36 41 55 42 42 50 29 59 19 30 43 54 44 12 18 29 36 23 25 31 10 40 10 17 27 35 36 40 6 33 29 47 45 35 45 25 16 15 37 5 11 39 34 52 50 39 51 27 19 21 42 89 25 13 19 22 5 30 15 14 20 24 34 38 47 50 31 57 13 19 32 49 25 42 43 27 47 12 9 20 40 15 58 46 59 32 26 29 50 8 43 61 27 24 32 53 13 44 26 16 14 35 7 25 28 38 59 24 18 5 17 25 8 20 25 32 27 22 
27 11 17 21 29 17 25 28 10 35 9 10 19 29 29 17 17 22 10 2 21 16 18 18 27 20 13 10 34 50 26 30 35 55 48 49 42 47 36 25 35 29 25 34 37 57 51 51 46 46 36 26 39 25 57 12 27 18 28 12 37 29 18 4 39 23 41 39 29 40 21 11 9 31 11 43 38 36 35 33 22 11 27 19 58 55 53 48 38 30 46 24 47 51 39 29 24 43 13 41 49 38 26 34 31 29 21 22 43 2 44 30 25 44 21 16 38 13 29 7 
38 19 25 29 41 29 32 38 17 46 8 18 30 41 35 7 12 22 22 10 19 21 8 28 16 13 17 22 32 44 14 29 30 50 45 41 42 36 25 16 33 17 15 34 34 53 49 44 47 36 26 20 38 13 12 46 20 16 16 19 25 19 14 12 34 28 42 43 28 47 13 9 19 39 14 41 39 29 40 21 11 9 31 11 57 49 55 40 30 27 46 13 44 55 31 24 25 47 5 41 37 27 17 32 19 24 21 28 50 10 31 18 18 34 10 13 30 21 25 9 
54 24 26 48 50 38 29 39 22 50 27 36 46 48 54 12 10 42 34 25 10 20 12 32 29 32 36 31 51 24 13 15 10 30 26 22 26 24 14 3 18 24 8 21 15 34 31 24 32 21 10 2 23 19 27 20 82 10 15 22 33 33 33 23 52 25 28 34 13 42 6 15 27 36 33 23 25 9 31 13 10 16 24 29 39 29 40 21 11 9 31 11 25 43 12 5 16 36 15 24 26 16 5 16 26 6 13 26 43 24 32 23 2 44 24 11 44 24 43 28 
45 13 16 39 39 28 20 29 12 40 21 28 36 37 47 10 4 37 24 16 3 10 12 21 30 29 29 20 48 32 18 13 17 37 30 32 26 35 24 11 18 28 13 18 19 39 34 33 31 32 21 8 23 22 18 16 10 78 20 11 37 34 30 13 50 16 26 28 12 34 9 7 16 28 27 26 23 18 25 21 13 7 17 27 41 37 39 32 21 12 30 15 29 40 21 11 9 31 11 25 36 26 13 17 30 11 5 17 36 15 39 28 10 47 24 2 45 13 41 22 
54 31 35 45 56 44 41 49 29 59 23 34 46 55 49 12 16 34 38 25 23 30 10 40 15 22 31 36 41 34 2 30 24 42 40 30 41 20 11 11 33 9 7 36 30 47 45 34 47 22 14 17 39 5 28 16 15 20 59 30 18 20 25 26 39 36 43 48 28 55 11 19 33 48 29 38 40 23 45 7 7 20 38 20 53 41 55 27 21 25 47 5 39 58 22 20 30 50 14 40 21 11 9 31 11 21 26 37 57 26 18 8 13 29 13 19 30 32 32 25 
35 2 6 31 28 16 13 19 2 29 20 22 26 26 41 17 13 35 14 12 13 4 19 10 35 31 26 10 46 42 28 19 27 46 37 43 30 46 35 22 24 35 24 22 28 47 40 43 34 44 33 20 27 30 12 19 22 11 30 80 44 38 30 8 51 10 28 26 19 28 20 10 5 20 23 33 26 28 23 32 22 9 14 29 46 46 41 43 32 21 33 25 37 39 33 22 12 30 16 29 48 37 24 24 37 21 11 9 31 11 48 35 22 53 29 11 48 2 41 19 
58 45 50 48 67 55 57 64 43 72 29 39 53 67 47 27 33 30 47 35 40 46 25 53 10 20 34 47 33 51 20 48 42 59 58 45 60 30 25 30 51 9 25 54 48 64 64 50 65 34 30 35 57 15 37 25 33 37 18 44 43 10 24 37 27 53 62 66 46 72 28 33 45 64 32 56 58 41 62 23 24 34 55 20 72 58 73 41 38 43 65 22 57 77 39 39 47 68 28 58 29 24 28 50 7 40 43 53 74 36 11 9 31 11 16 35 16 46 24 31 
47 39 44 37 58 46 51 57 37 65 20 29 42 58 36 24 29 19 39 28 37 41 22 47 4 10 23 40 23 54 20 46 43 62 59 50 59 37 30 29 50 10 25 52 48 66 64 54 64 40 34 35 56 14 29 19 33 34 20 38 10 23 13 31 19 48 60 62 45 67 27 28 38 59 22 56 57 42 59 26 23 29 51 10 72 61 72 46 41 43 64 22 58 74 42 39 44 66 23 57 37 29 28 49 10 40 40 48 69 29 21 13 31 15 9 31 11 40 14 22 
34 30 35 24 45 34 43 47 28 53 9 16 29 46 24 21 26 9 27 18 33 33 21 36 14 3 10 29 18 57 24 43 44 63 59 54 56 45 36 30 48 19 27 48 48 67 63 57 61 47 38 34 53 20 18 14 33 30 25 30 24 13 19 21 21 40 56 56 42 58 26 22 28 50 9 55 53 43 53 32 23 23 44 5 71 63 69 51 43 41 60 24 58 68 44 38 39 60 19 55 46 36 29 47 20 38 35 40 62 19 34 21 31 28 11 27 20 31 11 11 
31 8 13 25 30 18 21 26 6 34 11 15 23 29 34 14 12 27 12 3 16 12 15 16 28 23 18 10 38 46 24 25 31 50 43 45 37 44 33 21 30 29 22 29 33 53 46 46 41 43 32 21 34 24 4 12 23 13 26 8 37 31 21 63 42 19 36 34 24 36 18 7 7 28 15 38 33 31 31 30 19 6 23 21 53 50 49 44 34 25 41 21 43 47 34 25 19 39 11 36 46 35 22 29 31 25 16 18 40 2 43 30 21 46 21 11 40 9 32 11 
46 50 56 36 63 53 64 67 49 72 30 34 44 65 29 41 46 18 46 39 54 54 39 57 23 20 27 49 10 74 40 63 62 81 78 69 76 56 49 48 68 30 44 69 67 85 83 73 81 59 53 53 73 34 39 34 52 50 39 51 27 19 21 42 22 61 77 77 62 79 45 43 49 71 28 74 73 61 74 46 41 43 65 23 90 80 89 66 60 60 81 41 77 89 61 57 59 81 39 75 56 49 47 66 29 57 56 61 83 40 38 32 49 21 27 47 11 52 9 31 
42 11 6 40 29 21 4 14 12 26 30 32 34 26 51 25 20 46 22 22 14 7 27 11 44 41 36 17 57 39 34 14 26 41 31 42 22 49 39 26 18 43 29 15 25 42 33 41 25 46 35 22 19 38 23 28 25 16 36 10 53 48 40 19 61 24 20 16 16 19 25 19 14 12 34 27 18 28 12 37 29 18 4 39 38 42 31 44 33 20 24 31 32 28 33 22 9 20 25 22 51 41 28 19 45 21 11 2 21 21 55 43 25 62 38 17 58 9 51 30 
62 30 26 60 48 41 21 30 31 40 47 51 54 43 70 36 30 63 42 40 22 24 38 31 56 56 54 37 74 28 42 13 22 26 15 34 4 47 41 32 10 52 36 8 16 25 14 30 5 42 36 26 5 47 41 42 28 26 43 28 62 60 56 36 77 20 54 10 15 22 33 33 33 23 52 12 3 24 10 41 37 33 15 53 18 28 12 37 29 18 4 39 17 15 29 23 17 9 37 6 50 43 33 12 54 22 21 22 20 39 60 52 30 73 50 29 71 28 67 47 
56 27 22 56 39 34 14 21 28 30 46 48 48 34 66 38 33 62 37 38 25 22 40 25 58 57 52 32 73 38 46 18 30 37 26 44 15 56 48 37 18 56 41 13 25 35 25 40 13 51 43 31 14 50 39 43 34 28 48 26 66 62 56 34 77 16 10 36 20 11 37 34 30 13 50 23 12 32 3 47 41 33 11 54 27 38 17 47 37 25 14 43 28 12 37 29 18 4 39 16 58 50 39 20 58 28 22 17 9 37 66 56 35 76 52 31 73 25 67 46 
55 21 20 50 45 35 20 30 21 42 34 40 46 42 59 21 16 50 34 28 8 16 22 26 41 42 42 29 60 23 26 2 10 26 18 26 14 35 27 16 5 37 21 7 9 28 21 25 19 31 22 11 10 31 29 28 13 12 28 19 46 45 42 24 62 16 15 20 56 30 18 20 25 26 39 13 11 12 18 26 22 19 13 39 28 27 27 28 17 4 19 24 18 30 17 8 7 22 23 12 37 29 18 4 39 7 8 18 30 27 46 36 15 57 35 15 56 20 53 34 
52 28 22 53 31 30 15 14 30 21 48 47 44 26 64 44 39 62 35 40 32 26 46 22 63 59 52 31 74 50 53 28 40 48 38 55 26 65 57 44 28 62 48 24 36 47 36 51 25 61 52 39 25 57 40 47 42 34 55 28 72 67 58 36 79 19 22 11 30 25 44 38 30 8 51 34 23 42 12 55 48 37 17 57 37 50 27 57 47 34 25 50 39 18 47 38 25 14 44 28 67 59 46 30 64 37 29 18 4 39 73 62 43 81 57 36 77 26 69 47 
49 21 25 42 48 35 30 39 20 49 21 30 41 46 48 5 6 35 30 19 12 20 5 30 22 25 30 28 45 30 9 20 17 37 32 28 32 26 15 3 23 19 4 25 21 41 37 30 37 25 14 7 29 13 21 13 6 9 11 20 28 27 26 18 45 25 33 37 18 44 75 10 24 37 27 29 30 16 34 12 4 11 27 22 45 36 45 27 17 15 37 6 32 48 18 12 19 40 9 30 28 17 4 22 21 12 15 27 46 19 29 18 4 39 18 9 38 22 36 22 
39 12 16 32 37 25 23 30 10 40 14 21 30 36 40 7 5 29 19 9 11 12 9 21 25 22 22 17 40 39 17 20 24 44 37 38 33 37 26 13 25 24 14 25 27 47 41 39 38 36 25 14 30 19 11 9 15 7 19 10 33 28 22 7 43 19 33 34 20 38 10 59 13 31 19 33 30 24 31 23 12 1 22 20 49 44 46 37 27 19 38 14 37 46 27 18 16 38 5 32 39 28 15 24 26 18 12 20 41 9 37 24 14 43 18 4 39 13 33 14 
30 3 7 26 24 11 15 19 4 27 18 18 21 22 36 20 17 32 9 10 18 9 22 8 36 30 22 4 43 48 31 24 33 51 42 48 35 50 39 26 29 36 27 27 34 53 45 48 38 48 37 25 32 32 9 19 27 16 33 5 45 38 28 7 49 14 33 30 25 30 24 13 37 21 21 38 31 34 26 36 25 12 19 28 51 52 45 48 37 27 38 28 43 42 38 27 18 34 18 35 52 41 28 29 38 27 17 12 34 9 50 37 26 53 29 15 48 4 39 17 
44 20 14 45 25 22 7 7 22 17 40 39 36 21 56 37 32 54 27 32 26 18 39 14 56 51 44 22 65 48 46 24 36 48 37 52 26 61 51 38 26 55 41 22 34 47 37 50 27 57 47 34 25 49 31 39 36 28 48 20 64 59 50 28 71 12 23 13 26 8 37 31 21 9 42 33 23 38 12 49 41 30 12 49 40 49 31 54 44 30 27 43 39 24 43 33 20 18 36 27 63 53 40 28 57 33 23 11 12 31 67 55 37 74 49 29 69 18 61 39 
26 23 28 16 36 25 36 39 21 44 6 6 20 37 21 21 24 11 18 11 30 27 22 28 22 12 3 20 22 57 28 40 43 63 57 55 52 50 39 30 44 26 29 44 46 66 61 57 57 50 40 33 49 25 11 14 33 27 29 23 32 22 9 15 28 34 52 50 39 51 27 19 21 42 78 53 49 43 47 35 25 19 38 12 68 63 64 54 44 39 56 27 56 63 45 37 34 54 18 51 51 40 31 44 28 37 31 33 55 12 41 28 31 37 17 24 29 24 18 4 
68 34 33 64 56 48 29 40 34 51 47 53 59 52 73 34 29 63 47 42 22 29 35 38 52 54 56 42 73 16 36 13 13 14 4 22 8 37 32 27 9 47 31 12 8 15 8 18 12 32 27 21 8 42 43 41 23 26 38 33 56 56 55 38 74 27 12 23 13 34 29 33 38 33 53 40 10 15 22 33 33 33 23 52 16 16 19 25 19 14 12 34 5 26 19 17 20 21 36 6 39 34 28 9 49 16 22 29 32 41 53 46 25 67 47 28 68 33 66 48 
61 27 24 58 47 39 20 29 28 40 44 48 52 42 67 32 27 60 40 37 19 22 34 29 52 53 51 35 71 26 38 10 18 25 14 31 4 44 38 28 7 49 32 4 13 24 15 28 8 39 32 22 2 43 38 39 25 23 40 26 58 57 53 33 73 18 3 12 11 23 30 30 31 23 49 10 32 20 11 37 34 30 13 50 20 26 16 34 26 15 7 35 16 19 25 19 14 12 34 4 46 40 30 9 51 18 17 20 22 36 57 48 26 69 47 26 68 26 64 44 
63 30 31 57 56 45 32 42 29 54 37 45 54 53 64 22 19 52 42 34 15 26 22 37 38 42 46 38 61 14 21 14 2 20 17 14 21 23 17 13 14 33 17 18 7 24 22 15 26 19 12 10 19 27 36 29 9 18 23 28 41 42 43 31 61 28 24 32 12 42 16 24 34 38 43 15 20 32 30 18 20 25 26 39 30 20 33 15 5 8 26 20 16 39 5 6 18 32 25 19 25 19 14 12 34 6 17 30 42 33 37 31 11 52 34 20 53 30 53 38 
54 24 19 53 37 31 11 19 25 29 43 44 45 33 63 35 30 58 34 35 22 19 37 22 55 53 49 29 69 37 43 16 28 36 26 42 14 53 45 34 16 53 38 11 24 35 25 39 15 49 40 28 13 47 35 40 31 25 45 23 62 59 53 31 74 12 10 3 18 12 34 31 26 12 47 22 11 30 38 44 38 30 8 51 28 38 20 45 35 22 15 40 27 16 35 26 15 7 36 16 55 47 36 18 55 25 19 14 12 34 63 53 32 73 49 27 70 22 64 42 
60 34 37 51 60 48 42 51 32 62 29 40 52 58 56 16 18 41 42 30 22 32 14 43 22 29 38 40 48 28 7 28 20 36 35 23 38 14 4 10 30 16 8 34 25 41 41 27 44 15 7 15 36 12 33 21 13 21 7 32 23 26 32 30 46 37 41 47 26 55 12 23 36 49 35 33 37 18 44 51 10 24 37 27 49 35 52 20 15 22 43 8 34 56 16 18 29 49 19 36 16 5 8 28 17 19 26 39 56 30 19 14 12 34 20 21 37 34 39 31 
49 24 28 41 49 37 33 42 22 52 19 29 41 48 46 5 9 32 31 19 16 23 3 33 18 22 28 29 41 33 5 24 20 40 36 30 36 25 14 6 27 15 3 30 25 44 41 33 42 25 15 11 33 9 22 11 10 13 7 22 24 23 23 19 41 29 37 41 22 48 4 12 25 41 25 33 34 20 38 10 39 13 31 19 49 39 50 28 20 19 41 2 35 52 20 16 23 44 8 34 27 16 6 26 16 16 19 30 50 19 25 14 8 35 14 12 34 25 33 21 
38 10 15 32 36 24 22 29 8 39 14 20 29 34 39 8 6 30 19 9 11 11 10 19 26 23 22 16 41 39 18 20 24 44 37 38 33 38 27 14 25 25 15 25 27 47 41 40 38 36 25 15 30 20 11 9 16 7 20 9 34 29 23 6 43 18 33 33 19 37 11 1 12 30 19 33 30 25 30 24 13 28 21 21 48 44 46 38 27 20 37 16 37 45 28 18 16 37 6 32 40 29 16 24 27 18 12 19 40 8 38 25 15 44 19 5 40 12 34 14 
47 15 11 45 33 25 6 17 16 28 34 36 38 29 55 27 22 50 27 27 15 11 29 16 47 45 41 22 61 36 36 12 24 37 27 40 17 48 39 27 14 45 30 10 22 37 28 38 20 44 35 22 15 40 27 31 24 17 38 14 55 51 44 23 65 4 15 11 13 17 27 22 19 12 38 23 13 26 8 37 31 21 24 42 33 38 26 42 31 18 20 33 28 24 31 21 8 16 27 18 50 41 29 16 47 20 12 7 19 26 56 45 25 65 41 19 61 14 55 34 
38 29 35 28 47 36 42 47 27 54 10 19 32 48 29 18 23 14 28 18 31 32 17 37 9 2 14 29 22 53 19 40 40 59 55 49 53 40 31 25 44 14 22 45 44 63 60 52 58 42 33 30 50 15 19 11 29 27 20 29 20 10 5 21 23 39 53 54 39 57 22 20 28 49 12 52 50 39 51 27 19 21 42 68 67 59 66 46 39 37 58 20 54 66 40 34 36 58 16 52 41 31 25 43 16 35 32 39 60 19 29 17 27 25 6 24 19 30 14 12 
81 48 44 78 66 59 39 48 48 57 63 68 72 61 87 49 45 78 60 56 37 42 50 49 68 70 71 55 89 25 52 28 29 18 13 33 16 50 48 43 23 63 47 24 24 13 8 27 13 45 42 37 19 58 58 57 39 41 53 46 72 72 71 53 90 38 18 27 28 37 45 49 51 40 68 16 20 30 28 49 49 48 33 67 21 20 11 37 34 30 13 50 15 22 33 33 33 23 52 16 52 49 44 24 65 32 36 40 34 56 68 62 41 83 63 44 84 46 82 63 
82 48 47 76 72 62 45 56 48 67 57 65 73 68 84 42 39 72 61 53 34 43 42 53 56 62 66 56 81 6 40 27 20 2 12 13 23 32 32 33 24 51 36 28 18 7 15 8 26 26 27 30 24 46 55 49 29 37 41 46 58 61 63 50 80 42 28 38 27 50 36 44 52 49 63 16 26 20 38 35 39 44 38 59 20 30 30 18 20 25 26 39 10 39 19 26 34 36 45 22 33 33 33 23 52 25 35 44 48 53 51 49 31 69 53 39 72 47 73 58 
74 42 38 72 57 51 31 38 43 48 60 63 65 52 82 48 43 76 54 53 35 37 50 42 68 69 67 49 87 33 53 26 32 28 19 40 13 56 51 43 22 64 48 20 26 24 14 35 8 51 46 38 16 59 53 55 40 39 55 41 73 72 69 49 89 31 12 17 27 27 45 46 45 31 64 19 16 33 20 52 50 46 26 66 11 30 44 44 38 30 8 51 21 10 38 34 30 13 50 15 58 53 45 23 66 33 33 33 23 52 71 63 42 84 63 42 84 41 80 60 
76 45 47 69 72 60 48 58 44 70 48 57 68 69 75 32 32 60 56 46 30 41 32 53 42 49 57 53 68 12 27 30 17 20 25 4 33 13 16 23 28 36 25 33 21 25 30 10 38 8 13 23 32 32 48 40 21 32 27 43 41 46 51 44 66 44 37 47 28 57 27 37 48 54 54 25 34 15 45 20 28 38 42 46 37 18 44 67 10 24 37 27 23 52 10 21 34 46 36 31 15 17 23 26 36 22 33 46 56 46 33 33 23 52 40 33 56 45 59 49 
66 34 36 59 61 49 37 48 33 59 38 48 57 58 65 23 21 52 46 36 19 30 23 42 36 42 47 42 61 13 20 19 7 20 20 11 26 18 13 14 19 31 16 23 12 25 26 13 31 13 8 12 24 26 38 30 11 21 21 32 38 41 43 34 60 33 29 37 17 47 17 27 37 44 44 19 26 5 35 15 20 27 31 39 34 20 38 10 67 13 31 19 19 44 0 10 24 38 26 24 20 15 14 17 32 11 22 35 47 36 33 29 13 49 33 23 52 34 53 40 
57 23 23 51 48 38 24 34 23 46 33 40 48 45 59 19 15 49 36 28 9 18 20 29 38 40 42 31 59 20 23 6 6 24 17 22 16 31 23 13 8 34 17 11 7 27 22 21 22 26 18 8 13 29 30 27 9 12 25 21 43 43 41 25 60 20 18 25 4 34 15 19 27 30 39 14 15 8 22 22 19 20 18 37 30 25 30 24 13 67 21 21 17 34 13 4 10 26 22 14 33 25 15 6 36 3 10 22 34 28 42 33 11 54 33 15 54 23 52 34 
67 35 31 65 52 45 25 34 35 44 51 56 58 48 75 40 35 67 47 45 27 29 41 36 60 60 59 42 78 27 45 17 24 24 14 34 5 49 43 35 13 56 39 12 18 22 11 29 0 43 38 29 8 50 46 46 31 30 47 33 65 64 60 41 81 24 4 14 19 25 37 38 38 27 56 12 7 26 15 43 41 37 20 58 13 26 8 37 31 21 46 42 15 14 30 26 21 10 42 7 51 45 37 15 58 25 25 27 22 44 63 55 33 76 54 33 75 33 72 52 
51 26 30 43 52 39 36 44 24 54 21 31 43 50 48 7 11 33 34 22 18 25 6 35 18 22 30 32 42 33 3 25 21 40 37 29 37 23 12 7 29 13 3 31 26 44 42 32 43 23 13 13 34 8 24 13 11 15 5 25 22 22 24 21 41 31 39 43 24 50 6 14 28 43 27 34 35 20 40 8 2 16 33 20 50 39 51 27 19 21 42 104 36 54 20 16 25 46 10 36 24 13 6 27 15 17 21 32 52 22 23 12 9 33 14 14 33 27 33 23 
73 39 38 68 62 53 35 45 39 56 51 58 64 58 77 36 32 66 52 46 26 34 37 43 54 57 59 47 76 11 37 18 14 9 2 18 13 35 32 29 14 49 32 17 10 10 7 13 16 30 27 24 14 43 47 44 25 29 39 37 57 58 58 43 77 32 17 28 18 39 32 37 43 39 56 5 16 16 27 34 35 37 28 54 15 10 21 23 19 17 15 36 41 30 18 20 25 26 39 11 37 34 30 13 50 19 26 34 37 45 52 47 27 68 49 32 69 38 68 51 
68 40 35 68 49 46 27 31 41 39 59 60 60 44 79 50 44 74 50 51 36 35 52 37 70 69 65 45 85 42 57 28 37 38 28 48 18 63 57 47 26 67 51 22 32 34 24 44 13 58 51 41 20 61 51 55 43 40 58 39 77 74 68 47 89 28 15 12 30 18 48 46 42 24 63 26 19 39 16 56 52 45 24 66 22 39 10 52 44 34 14 54 30 23 44 38 30 8 51 20 65 59 49 28 69 37 34 30 13 50 76 67 45 87 64 42 85 38 80 58 
66 35 36 60 61 49 37 48 34 59 39 48 57 58 66 23 22 53 46 37 20 30 23 42 37 43 48 42 62 12 21 19 7 20 20 10 25 18 14 14 19 31 17 23 12 25 25 12 31 13 8 13 24 27 39 31 12 21 22 33 39 42 44 34 61 33 29 37 17 47 18 27 38 43 45 19 25 5 35 16 20 28 31 40 33 19 38 10 0 13 30 20 18 44 75 10 24 37 27 23 20 15 14 17 32 11 22 35 47 36 34 30 13 50 34 23 52 34 53 40 
56 24 25 50 50 39 26 37 23 48 31 39 47 47 58 16 12 46 36 27 9 19 17 31 34 37 40 32 56 21 19 10 6 26 20 21 21 27 18 9 12 30 13 16 9 29 25 21 26 23 13 4 18 24 29 24 5 11 20 22 39 39 38 25 57 22 23 29 8 38 12 18 27 33 37 17 19 6 26 18 16 18 21 34 33 26 34 21 10 4 26 16 20 38 10 68 13 31 19 19 29 20 10 10 31 1 11 24 38 27 37 29 7 50 30 13 50 23 48 32 
48 14 13 44 38 28 13 24 14 35 30 34 39 34 53 20 14 45 27 23 7 9 22 19 40 39 37 22 56 31 28 6 17 33 24 33 17 40 31 18 11 37 22 9 16 35 27 32 22 37 27 13 14 32 24 25 16 9 30 12 47 44 39 19 59 9 17 18 7 25 19 16 18 20 34 20 14 18 15 29 23 16 8 36 33 34 30 34 24 10 21 25 25 30 24 13 60 21 21 17 42 33 20 11 39 12 4 11 27 22 48 37 17 57 34 12 55 13 50 30 
61 31 26 60 44 39 19 25 32 35 50 52 53 39 71 42 36 66 42 43 28 27 43 30 62 60 57 37 77 37 49 20 30 35 24 43 13 56 49 39 18 59 43 15 25 32 22 39 10 51 44 33 13 53 43 47 36 31 50 30 68 66 60 39 81 20 9 4 22 14 40 38 34 18 54 21 12 32 7 49 44 37 16 58 23 36 13 46 38 26 10 46 26 8 37 31 21 27 42 15 58 51 41 20 61 30 25 22 11 42 68 58 37 79 56 34 77 30 71 50 
40 17 22 33 41 29 29 36 15 45 12 21 32 40 39 3 7 27 23 11 15 18 4 26 19 18 21 21 37 39 13 24 25 45 40 37 37 34 23 12 29 18 11 29 29 48 44 39 42 33 22 15 34 13 13 5 15 11 14 16 28 23 19 11 39 25 37 39 23 44 9 5 18 36 18 36 34 25 36 19 8 6 27 16 52 45 50 36 26 22 42 10 39 51 27 19 21 42 100 36 35 24 13 27 20 19 17 25 46 11 32 19 13 37 13 8 34 18 30 13 
65 31 28 61 51 43 24 34 31 45 46 51 56 47 71 34 29 62 44 40 21 25 35 34 53 54 54 39 73 22 38 11 17 20 10 28 2 42 36 28 7 49 32 7 11 20 10 24 7 37 31 23 3 44 41 41 24 25 40 29 58 57 55 36 75 22 6 16 12 28 30 32 35 27 51 6 4 19 16 36 34 32 18 52 16 22 15 31 24 14 7 36 11 20 23 19 17 15 36 60 44 38 30 8 51 18 20 25 26 39 56 48 26 69 48 27 69 30 66 46 
76 49 52 67 76 64 55 66 48 77 45 56 68 74 71 32 34 55 58 47 36 47 30 58 34 43 53 56 61 27 23 39 28 35 39 20 46 2 12 25 40 27 24 44 33 41 45 25 51 7 15 29 45 26 49 37 26 36 21 48 29 37 46 46 56 51 50 58 37 67 28 39 52 63 51 39 46 25 55 16 27 40 50 41 52 33 58 15 20 33 51 24 37 65 20 29 42 58 35 44 36 10 24 37 27 30 39 53 67 47 20 25 26 39 34 36 45 50 52 47 
65 39 42 56 65 53 46 56 37 66 34 45 57 63 60 21 23 45 47 36 27 36 19 47 25 34 43 45 52 27 12 31 21 35 36 20 40 9 2 15 33 19 13 36 27 40 41 25 46 10 7 19 38 16 38 27 16 26 11 37 24 29 36 35 49 41 43 50 29 59 17 28 41 53 40 34 40 19 47 5 16 29 41 31 49 33 53 17 15 25 45 13 34 59 15 20 33 51 24 38 10 40 13 31 19 21 30 43 59 36 18 16 16 35 25 26 39 39 43 36 
53 25 29 46 52 40 33 42 24 53 25 34 45 50 52 9 10 38 35 24 14 23 9 34 24 28 34 32 47 27 8 20 15 34 31 24 31 22 11 2 23 19 2 26 20 38 36 27 37 20 9 7 29 14 26 17 5 13 9 24 28 28 29 22 47 28 33 39 18 46 4 15 28 40 31 28 30 14 36 8 6 16 29 25 44 33 45 23 14 15 37 6 30 49 14 10 20 41 13 30 24 13 50 21 21 11 17 30 47 23 27 18 3 39 20 12 39 26 39 26 
59 26 24 55 49 39 22 33 25 45 38 44 50 45 64 25 20 54 38 33 13 20 27 30 45 46 47 34 65 20 30 5 9 22 13 24 10 35 29 20 2 41 24 6 6 23 16 22 15 31 23 14 7 35 34 32 16 17 31 24 50 49 47 29 66 19 12 20 4 30 22 24 29 28 44 9 9 12 18 28 26 24 16 43 24 23 23 26 17 6 15 27 13 28 17 10 11 20 27 8 37 31 21 52 42 9 13 21 30 32 48 40 18 61 40 20 60 25 57 39 
54 38 43 44 60 48 49 57 36 65 24 34 48 60 45 20 25 28 41 29 32 38 18 46 7 17 30 41 34 45 12 41 35 53 51 40 52 26 19 22 44 2 18 46 41 58 57 44 58 29 24 28 50 7 31 19 26 30 11 37 7 10 20 31 29 45 54 58 39 64 21 26 38 57 28 49 51 34 55 17 16 27 47 16 65 52 66 36 32 36 58 15 50 69 32 31 39 61 20 51 27 19 21 42 78 32 35 46 66 30 13 2 24 18 10 28 20 39 25 26 
56 24 24 50 49 38 26 36 23 48 31 39 47 46 58 17 13 47 35 27 8 19 18 30 35 38 40 31 57 21 20 9 6 25 20 21 20 28 19 10 11 31 14 15 9 29 25 21 25 24 14 4 17 25 29 24 6 11 21 21 40 40 38 25 57 21 22 28 7 37 12 18 27 33 37 16 18 6 25 19 16 18 20 35 32 25 33 22 11 3 25 17 19 37 11 1 12 30 19 18 30 21 11 9 32 88 10 24 37 27 38 30 8 51 30 13 51 23 49 32 
47 13 13 42 38 28 16 26 13 37 26 31 38 35 51 16 10 42 26 20 3 8 17 19 36 35 34 21 53 31 24 8 16 34 26 32 20 37 28 15 13 33 18 13 17 36 29 32 25 34 24 10 17 28 21 21 13 5 26 11 43 40 35 16 56 11 21 22 8 29 15 12 17 23 31 22 17 17 19 26 19 12 12 32 36 35 33 33 22 10 25 21 26 34 22 11 4 25 17 20 39 30 17 13 35 10 77 13 31 19 44 33 14 53 30 8 51 12 46 26 
40 10 4 38 27 18 3 12 11 24 30 30 31 23 49 26 21 45 20 22 16 7 28 9 45 41 35 15 56 42 35 17 28 44 34 44 24 51 41 28 20 44 31 17 27 44 35 43 27 48 37 24 22 38 22 28 26 17 37 9 53 48 40 18 61 2 22 17 18 18 27 20 12 11 33 29 20 30 14 39 30 19 7 39 40 44 33 46 35 22 27 32 34 30 35 24 11 22 25 25 53 43 30 21 46 24 13 60 21 21 56 44 27 63 38 18 58 8 51 29 
56 32 26 58 36 35 18 19 33 25 52 51 49 31 69 46 41 66 39 43 34 28 48 27 66 63 56 35 77 48 55 28 40 46 35 53 24 65 57 45 28 64 49 23 35 44 33 50 22 61 52 40 24 59 43 50 43 36 57 31 74 69 62 40 83 21 20 9 30 4 46 41 34 12 55 32 22 42 12 56 50 40 19 60 34 48 23 56 47 34 22 52 37 13 47 38 27 11 46 26 67 59 47 30 66 37 31 21 17 42 75 64 44 84 59 38 80 30 73 51 
30 10 16 23 30 18 24 28 9 36 9 12 21 30 31 14 14 24 12 1 19 14 16 18 26 20 15 11 35 48 24 27 33 52 45 47 40 45 34 22 32 28 22 32 35 55 49 48 44 44 33 23 36 24 2 10 24 15 26 11 36 29 19 2 40 21 39 37 27 39 19 9 9 31 12 41 36 33 34 30 19 8 26 19 56 53 52 46 36 28 44 22 45 50 36 27 22 42 11 39 47 36 23 32 30 27 19 21 42 102 42 29 23 44 20 13 38 12 30 8 
67 49 54 57 73 61 59 68 47 77 37 48 61 73 58 30 35 41 54 42 41 49 28 58 19 30 43 53 44 44 20 48 39 53 54 38 58 20 20 29 50 15 25 53 45 58 60 43 63 25 25 35 55 18 44 31 32 39 18 48 11 21 34 43 38 55 60 66 46 73 29 37 50 67 41 53 57 37 63 19 25 38 56 29 68 51 71 33 33 42 63 23 52 76 34 37 48 68 32 56 20 18 27 48 13 38 44 56 75 42 21 13 31 19 24 37 27 50 36 39 
54 36 41 45 60 48 47 55 34 64 24 34 48 59 46 18 23 30 41 28 30 36 16 45 9 19 30 40 36 42 10 38 33 50 48 37 50 24 17 20 41 2 15 44 38 55 54 41 56 27 21 25 47 5 30 18 23 28 8 35 9 13 21 30 32 43 52 56 36 62 18 24 37 55 28 46 48 31 53 14 14 25 45 17 62 49 63 33 29 33 55 12 47 67 30 29 37 58 19 48 25 16 18 40 2 30 33 44 64 29 13 48 21 21 10 26 22 37 27 26 
53 23 26 46 50 38 30 39 22 50 25 35 44 48 53 10 9 40 34 23 10 20 10 32 27 30 34 30 49 25 11 17 12 32 28 24 28 24 14 1 20 22 6 22 17 36 33 25 34 22 11 4 25 17 25 18 2 10 13 22 31 31 31 21 49 25 30 35 15 43 4 14 26 37 31 25 26 11 32 12 8 15 25 27 41 31 42 23 13 11 33 9 27 45 13 7 17 37 13 26 26 16 3 18 24 8 14 27 44 23 31 21 75 42 22 10 42 24 41 27 
61 54 59 51 73 62 66 72 52 80 36 44 57 74 48 37 43 32 54 43 50 55 35 62 18 25 38 55 30 62 31 59 53 70 69 56 71 40 36 41 62 20 36 65 59 75 75 61 76 44 41 46 68 25 44 34 44 47 29 53 11 15 28 46 21 62 73 76 57 81 39 43 53 74 37 67 69 52 73 34 35 44 65 25 83 69 84 52 49 54 76 33 68 87 50 50 57 79 37 69 39 35 39 61 18 51 53 63 84 44 19 21 42 54 24 45 10 55 24 37 
43 29 35 34 50 38 42 48 27 56 13 24 37 50 36 14 19 20 31 19 27 31 12 37 6 9 19 31 28 47 13 37 35 54 50 43 49 34 24 20 41 8 17 42 39 58 55 46 55 35 27 25 46 8 21 10 24 24 13 29 16 9 11 21 27 38 50 52 35 57 18 18 29 49 17 47 47 34 49 20 14 19 41 6 63 53 63 40 33 33 54 14 49 64 34 30 34 56 13 48 34 25 20 40 10 30 30 38 59 20 24 10 22 24 27 21 21 31 19 15 
43 13 16 37 39 27 21 30 11 40 18 25 34 37 44 8 2 34 23 14 6 11 10 21 27 27 27 19 45 34 17 16 19 39 32 34 29 35 24 11 20 26 13 21 22 42 36 35 34 33 22 10 25 20 16 13 11 2 19 11 35 31 27 11 47 17 29 31 15 36 9 4 15 29 24 28 26 20 27 21 12 5 19 24 44 39 42 33 23 15 33 14 32 42 23 13 12 34 8 27 36 26 12 20 28 13 8 18 38 13 37 26 10 45 21 62 42 13 38 19 
51 49 54 41 65 54 62 67 47 73 29 36 48 66 37 35 40 22 47 37 48 51 33 56 15 18 29 49 19 65 31 58 54 73 70 60 70 46 40 41 62 20 36 63 60 77 76 64 76 49 44 46 67 25 38 30 44 45 30 48 16 11 20 40 11 58 71 73 56 77 38 39 48 69 29 68 68 53 70 37 34 40 61 19 84 72 84 56 52 54 75 33 69 85 52 50 55 77 34 69 45 39 39 60 20 51 51 58 80 38 27 22 42 10 21 42 38 50 13 31 
34 1 4 31 26 15 11 17 3 27 21 22 25 24 41 20 16 36 13 13 14 4 22 8 37 32 27 9 47 43 30 20 29 47 38 45 30 48 37 24 24 37 26 22 29 48 40 44 34 46 35 22 27 32 13 21 24 13 32 2 46 40 31 9 52 9 28 25 20 26 22 13 4 18 24 33 26 30 22 34 25 12 14 30 46 47 41 45 34 23 33 27 38 38 34 23 13 30 18 30 50 39 26 25 39 23 12 8 30 12 50 37 24 55 31 13 50 43 42 21 
38 41 46 28 53 44 54 57 39 63 21 24 36 55 24 32 37 9 36 29 44 44 31 47 18 11 18 39 9 66 32 54 54 73 69 62 67 51 43 40 59 24 36 59 58 77 74 66 72 54 46 44 64 27 29 25 43 41 32 41 24 14 11 32 9 51 67 67 53 69 36 33 39 61 18 66 64 53 64 39 33 34 55 14 82 73 80 59 53 52 72 33 68 80 53 48 50 71 30 66 52 43 39 57 25 49 46 51 73 30 36 27 41 24 19 38 13 42 42 21 
28 19 24 20 35 24 32 36 17 42 2 8 21 36 25 17 19 15 16 7 25 23 17 25 21 13 7 18 27 52 24 35 38 58 52 51 47 46 35 26 40 24 24 39 41 61 56 53 52 46 36 28 44 22 7 9 28 22 25 19 31 22 11 11 31 30 47 46 34 47 22 14 17 39 4 48 44 38 42 31 21 14 34 12 63 58 60 49 40 34 52 23 51 58 40 32 30 50 13 46 47 36 26 39 26 32 26 29 51 8 39 26 27 37 15 19 31 21 21 85 
