21 7
30 17 8 16 4 18 18 16 7 11 8 4 5 20 17 12 19 4 3 11 9 
17 32 0 0 8 7 14 17 20 7 3 9 9 20 15 11 3 4 8 8 0 
8 0 16 8 14 2 17 11 3 10 11 9 3 3 9 1 4 1 11 16 19 
16 0 8 15 15 6 4 20 11 12 17 11 5 18 16 6 5 13 11 1 7 
4 8 14 15 18 10 0 4 15 11 12 4 19 13 13 16 7 0 13 4 11 
18 7 2 6 10 65 4 20 19 2 7 2 9 12 4 5 7 11 20 8 16 
18 14 17 4 0 4 77 19 9 14 5 8 8 15 13 7 0 10 19 7 12 
16 17 11 20 4 20 19 22 10 19 12 17 1 8 11 8 0 0 12 11 9 
7 20 3 11 15 19 9 10 18 20 6 19 18 1 8 5 11 13 14 3 20 
11 7 10 12 11 2 14 19 20 1 13 17 4 11 15 18 2 12 20 10 14 
8 3 11 17 12 7 5 12 6 13 13 10 0 8 7 14 20 1 14 20 15 
4 9 9 11 4 2 8 17 19 17 10 97 2 4 14 4 14 0 10 13 19 
5 9 3 5 19 9 8 1 18 4 0 2 76 20 6 7 6 12 20 3 11 
20 20 3 18 13 12 15 8 1 11 8 4 20 8 16 2 17 2 4 14 2 
17 15 9 16 13 4 13 11 8 15 7 14 6 16 92 20 11 1 4 5 13 
12 11 1 6 16 5 7 8 5 18 14 4 7 2 20 5 17 5 19 13 14 
19 3 4 5 7 7 0 0 11 2 20 14 6 17 11 17 59 7 15 5 4 
4 4 1 13 0 11 10 0 13 12 1 0 12 2 1 5 7 13 1 20 10 
3 8 11 11 13 20 19 12 14 20 14 10 20 4 4 19 15 1 100 17 16 
11 8 16 1 4 8 7 11 3 10 20 13 3 14 5 13 5 20 17 70 16 
9 0 19 7 11 16 12 9 20 14 15 19 11 2 13 14 4 10 16 16 32 
