28 8
51 13 15 26 25 20 34 14 15 21 0 6 23 2 25 13 7 31 12 14 12 20 26 21 46 20 35 29 
13 29 13 15 14 11 22 25 28 25 12 19 22 15 21 0 6 23 10 12 16 10 16 12 38 10 23 17 
15 13 30 28 15 9 34 29 25 34 15 19 34 14 34 13 12 36 21 0 6 23 28 25 51 9 34 30 
26 15 28 43 21 22 9 34 40 25 25 31 17 28 14 14 20 10 15 27 31 6 0 6 23 21 9 3 
25 14 15 21 1 6 23 39 39 39 25 31 34 26 32 14 19 31 24 15 21 20 21 21 43 6 23 21 
20 11 9 22 6 12 26 34 33 36 20 25 32 20 32 11 14 32 21 8 15 19 23 21 46 0 27 23 
34 22 34 9 23 26 47 43 49 33 34 40 25 37 21 22 28 14 24 33 38 15 8 15 21 25 0 6 
14 25 29 34 39 34 43 26 13 15 14 11 22 15 26 25 20 34 19 29 25 28 34 28 49 34 43 37 
15 28 25 40 39 33 49 13 30 28 15 9 34 13 36 28 22 44 26 25 20 34 41 35 59 33 50 43 
21 25 34 25 39 36 33 15 28 52 21 22 9 23 13 24 22 22 15 34 34 21 25 20 34 35 34 28 
0 12 15 25 25 20 34 14 15 21 51 6 23 3 24 13 6 30 12 15 13 19 26 20 46 20 34 28 
6 19 19 31 31 25 40 11 9 22 6 40 26 4 29 19 13 35 17 19 15 25 32 26 51 25 41 34 
23 22 34 17 34 32 25 22 34 9 23 26 69 26 4 21 21 13 12 33 34 15 17 13 26 32 25 20 
2 15 14 28 26 20 37 15 13 23 3 4 26 26 28 15 9 34 15 14 11 22 29 23 49 21 37 31 
25 21 34 14 32 32 21 26 36 13 24 29 4 28 31 21 22 9 13 33 35 12 14 11 22 31 21 16 
13 0 13 14 14 11 22 25 28 24 13 19 21 15 21 29 6 23 9 13 16 9 15 11 38 11 22 17 
7 6 12 20 19 14 28 20 22 22 6 13 21 9 22 6 22 26 9 12 13 14 20 15 42 14 28 22 
31 23 36 10 31 32 14 34 44 22 30 35 13 34 9 23 26 45 18 36 39 13 10 11 15 31 14 11 
12 10 21 15 24 21 24 19 26 15 12 17 12 15 13 9 9 18 56 21 22 9 15 9 34 20 24 18 
14 12 0 27 15 8 33 29 25 34 15 19 33 14 33 13 12 36 21 31 6 23 28 24 51 9 34 29 
12 16 6 31 21 15 38 25 20 34 13 15 34 11 35 16 13 39 22 6 18 26 32 28 54 15 39 34 
20 10 23 6 20 19 15 28 34 21 19 25 15 22 12 9 14 13 9 23 26 68 6 2 28 19 15 9 
26 16 28 0 21 23 8 34 41 25 26 32 17 29 14 15 20 10 15 28 32 6 42 6 23 22 9 2 
21 12 25 6 21 21 15 28 35 20 20 26 13 23 11 11 15 11 9 24 28 2 6 44 26 21 15 9 
46 38 51 23 43 46 21 49 59 34 46 51 26 49 22 38 42 15 34 51 54 28 23 26 18 45 21 22 
20 10 9 21 6 0 25 34 33 35 20 25 32 21 31 11 14 31 20 9 15 19 22 21 45 13 26 23 
35 23 34 9 23 27 0 43 50 34 34 41 25 37 21 22 28 14 24 34 39 15 9 15 21 26 46 6 
29 17 30 3 21 23 6 37 43 28 28 34 20 31 16 17 22 11 18 29 34 9 2 9 22 23 6 53 
