15 6
41 8 13 19 17 16 12 0 19 20 14 5 13 6 7 
8 87 13 14 18 18 9 9 17 6 19 13 12 5 20 
13 13 99 8 12 8 9 0 4 5 7 4 3 17 18 
19 14 8 12 9 12 2 0 4 8 1 11 8 7 18 
17 18 12 9 39 7 8 18 19 1 10 11 14 15 15 
16 18 8 12 7 8 10 17 7 10 20 12 14 9 10 
12 9 9 2 8 10 99 12 0 12 20 15 2 18 4 
0 9 0 0 18 17 12 71 17 10 5 8 16 18 15 
19 17 4 4 19 7 0 17 83 4 14 13 11 3 18 
20 6 5 8 1 10 12 10 4 78 3 14 19 6 3 
14 19 7 1 10 20 20 5 14 3 32 12 17 5 0 
5 13 4 11 11 12 15 8 13 14 12 72 17 2 4 
13 12 3 8 14 14 2 16 11 19 17 17 8 12 2 
6 5 17 7 15 9 18 18 3 6 5 2 12 19 15 
7 20 18 18 15 10 4 15 18 3 0 4 2 15 49 
