153 18
15 16 16 2 8 4 35 15 37 22 30 19 10 16 26 21 11 21 20 9 13 11 29 16 30 20 29 20 10 10 24 14 14 23 24 20 25 14 17 27 11 20 36 15 20 37 9 20 20 28 20 37 32 24 36 45 13 27 7 8 20 30 14 13 27 16 28 19 28 22 10 10 25 12 15 14 33 25 26 29 38 14 19 4 15 16 23 25 15 28 17 27 24 10 11 27 11 15 40 61 50 55 24 37 39 36 49 35 30 35 44 7 25 10 10 24 27 40 41 39 31 46 52 50 26 50 2 30 21 14 33 31 10 39 25 11 39 40 10 28 43 20 12 9 16 21 21 37 29 5 33 13 18 
16 43 28 14 22 12 51 29 47 38 45 12 25 25 25 35 24 7 27 10 20 9 44 27 39 35 42 7 22 18 19 29 23 20 9 13 11 29 16 30 20 29 20 10 10 24 14 14 26 36 25 53 42 39 48 57 8 37 23 9 36 38 19 8 42 26 37 33 41 8 21 15 18 26 22 18 49 35 39 42 50 1 30 19 12 32 31 40 24 36 31 39 9 19 14 18 25 20 56 74 66 71 35 53 53 46 64 51 44 49 57 9 37 26 15 40 38 55 56 42 44 54 55 61 39 65 18 45 36 25 49 44 24 52 41 27 55 53 6 23 34 24 4 24 17 37 32 35 39 21 37 12 34 
16 28 40 16 7 18 37 6 48 16 18 35 10 30 43 29 5 30 7 17 8 19 29 1 42 9 14 34 6 26 41 23 6 21 32 24 34 22 17 43 7 6 48 20 35 52 25 22 9 13 11 29 16 30 20 29 20 10 10 24 14 14 10 20 27 3 41 6 13 36 7 26 41 22 8 12 28 8 35 14 22 26 3 18 32 17 8 26 5 41 5 11 37 9 28 43 22 10 34 66 44 47 34 34 44 47 51 29 36 21 29 19 9 16 26 20 11 44 41 55 39 58 66 59 34 37 16 18 22 27 30 16 6 24 20 19 31 25 25 44 59 36 24 20 32 22 5 53 39 16 47 29 17 
2 14 16 19 9 2 38 16 39 24 31 18 11 17 26 24 12 19 19 7 12 8 31 16 31 21 30 18 11 11 24 16 14 21 21 18 23 16 15 28 11 20 34 13 19 35 9 18 20 28 19 39 33 26 37 46 11 27 9 7 22 30 13 11 29 16 30 20 29 20 10 10 24 14 14 13 35 25 28 30 39 12 19 6 15 18 23 27 15 29 18 28 22 9 11 26 13 14 42 63 52 57 26 39 41 38 52 37 32 37 45 5 25 12 10 26 28 42 43 40 33 48 53 52 28 52 4 32 23 16 36 32 11 40 27 14 41 41 8 27 42 21 10 12 16 23 22 37 30 7 34 12 20 
8 22 7 9 26 11 35 7 42 17 23 27 5 23 35 24 2 26 12 12 7 14 27 7 35 12 21 28 2 19 33 17 7 21 28 21 30 16 15 35 5 12 42 16 28 45 18 20 13 20 14 31 24 26 27 36 16 18 4 17 15 22 9 16 25 8 34 11 20 29 4 19 34 15 9 11 29 16 30 20 29 20 10 10 24 14 14 24 8 34 9 18 31 5 20 35 15 10 36 63 46 50 28 34 41 41 49 30 32 27 36 13 16 10 19 20 18 41 40 47 34 52 59 54 29 43 8 22 19 20 30 23 2 31 20 13 33 32 18 36 52 29 18 14 24 19 13 46 33 9 40 22 15 
4 12 18 2 11 22 39 18 40 26 33 16 13 18 26 25 13 17 20 6 13 7 33 18 32 23 32 17 12 11 22 18 15 21 19 17 21 18 14 28 12 21 32 12 17 34 9 17 20 29 20 41 34 28 38 47 9 28 11 6 24 31 13 9 31 17 30 22 31 18 11 10 23 16 15 13 37 26 29 31 40 10 21 8 14 20 24 29 16 30 20 29 20 10 10 24 14 14 44 64 54 59 27 41 43 39 53 39 34 38 47 3 27 14 10 28 29 44 45 40 35 48 53 53 30 54 6 33 25 17 38 34 13 42 29 15 43 43 6 26 41 21 8 13 15 25 23 36 31 9 34 11 22 
35 51 37 38 35 39 58 30 25 22 28 47 29 30 45 16 34 57 44 44 42 46 7 38 25 29 35 53 37 34 49 21 42 56 59 56 61 21 50 39 40 43 69 50 50 65 37 55 46 47 47 20 45 12 39 47 49 42 31 41 23 48 44 48 9 40 26 31 36 55 39 37 51 24 44 46 13 41 17 34 41 49 38 31 44 20 44 11 41 28 32 37 57 40 39 53 26 45 16 30 20 29 20 10 10 24 14 14 10 34 42 43 36 25 37 16 41 8 6 44 15 35 50 28 15 40 33 29 15 27 10 35 33 37 18 23 19 42 44 50 66 36 48 26 40 15 39 50 21 30 38 42 20 
15 29 6 16 7 18 30 32 42 10 15 34 5 26 40 23 5 33 14 19 13 21 23 7 36 5 14 35 8 24 39 17 11 27 35 28 37 16 21 39 11 12 50 24 35 52 24 27 16 18 17 24 20 23 21 30 23 15 7 24 8 20 15 23 21 9 35 4 13 37 10 24 40 16 14 17 22 13 29 13 23 28 8 15 31 11 14 19 11 36 3 12 38 12 26 42 17 15 29 59 39 42 29 28 38 41 44 23 30 20 29 20 10 10 24 14 14 37 35 50 33 53 62 53 28 35 13 15 16 22 24 16 5 24 14 13 26 25 25 42 58 33 25 16 30 15 10 50 34 12 43 28 10 
37 47 48 39 42 40 25 42 60 39 48 38 38 21 29 19 43 54 54 46 49 47 27 48 7 44 53 45 45 29 36 25 50 61 56 57 58 26 54 21 47 54 59 52 41 51 32 57 56 61 56 44 62 20 59 68 49 57 38 37 38 62 50 49 27 50 9 45 53 47 46 31 38 26 51 51 36 55 13 52 61 46 51 33 35 32 56 27 50 11 45 53 49 46 32 40 27 52 41 29 45 54 13 35 17 1 29 38 16 55 64 43 52 32 31 34 57 20 29 20 10 10 24 14 14 64 35 49 28 23 34 54 42 58 37 29 44 63 41 35 47 23 46 28 30 29 52 30 8 33 16 35 33 
22 38 16 24 17 26 22 10 39 41 9 40 13 28 44 20 15 43 23 29 23 31 14 17 34 7 14 43 18 28 45 17 22 37 45 38 47 16 32 42 21 21 58 34 43 59 30 37 25 25 27 14 23 19 20 29 33 20 15 31 2 26 25 33 13 19 34 9 15 45 20 30 46 18 24 27 12 19 26 13 21 37 17 20 37 8 22 13 21 35 11 15 47 22 31 48 19 26 18 52 29 33 27 17 31 38 35 13 24 16 26 29 14 13 30 5 19 30 25 51 29 50 61 48 24 29 20 10 10 24 14 14 14 20 3 15 16 24 33 47 64 36 35 19 35 10 17 53 31 18 44 35 6 
30 45 18 31 23 33 28 15 48 9 59 49 20 38 54 30 20 48 24 34 27 36 22 19 44 10 7 50 23 37 54 27 25 40 50 43 52 26 35 51 26 21 65 39 51 67 38 41 26 22 28 12 18 28 11 20 38 17 22 39 10 22 29 38 21 21 44 12 9 52 25 38 55 27 27 31 15 16 35 6 13 43 18 29 45 18 21 21 23 45 14 11 54 27 40 57 29 29 18 58 28 29 36 20 38 47 40 15 32 6 16 36 11 22 38 14 15 36 30 61 37 59 71 56 33 20 28 1 20 34 18 6 20 10 10 24 14 14 40 56 73 45 41 28 44 19 16 63 40 26 54 43 16 
19 12 35 18 27 16 47 34 38 40 49 41 28 18 12 31 30 19 36 20 29 19 43 34 30 39 48 7 28 13 6 26 31 32 20 25 21 27 27 18 28 38 21 22 3 18 10 27 36 45 35 54 51 35 55 64 20 45 26 10 39 48 28 19 41 34 28 38 47 9 28 11 6 24 31 27 49 43 32 48 57 13 37 19 3 33 40 39 32 27 36 46 11 27 9 8 22 30 56 66 65 72 29 52 47 37 60 51 39 54 63 16 43 27 11 40 45 49 53 30 37 43 42 52 34 69 20 49 35 20 49 50 29 58 42 26 56 59 10 10 24 14 14 22 8 36 40 23 32 22 25 5 35 
10 25 10 11 5 13 29 5 38 13 20 28 21 21 35 19 5 30 16 16 12 18 22 10 32 10 20 30 7 18 34 13 12 26 32 26 34 12 20 34 10 16 46 21 30 47 18 25 18 23 19 27 25 21 26 36 20 20 2 19 11 24 14 20 20 11 31 9 19 32 9 19 35 12 14 16 24 18 25 19 29 24 13 9 25 9 18 18 12 31 8 18 34 11 20 36 12 15 31 57 41 46 24 29 36 37 44 25 27 25 35 16 16 6 19 15 20 36 34 45 30 48 56 50 24 40 8 20 14 17 25 21 3 29 16 9 29 31 20 37 53 27 22 10 24 14 14 45 29 7 38 23 10 
16 25 30 17 23 18 30 26 21 28 38 18 21 21 16 13 25 32 36 24 29 25 26 31 14 30 40 24 26 7 19 11 31 39 35 35 36 12 33 13 28 36 40 30 21 35 11 35 37 43 37 40 46 17 47 57 27 41 20 16 27 45 30 27 24 31 12 30 40 27 27 9 21 10 32 30 33 39 14 39 49 24 34 13 15 20 38 22 31 11 30 39 28 27 11 23 9 32 41 48 49 56 10 36 29 21 41 36 21 45 54 21 37 16 9 26 41 31 36 24 19 30 35 36 15 58 15 39 20 4 33 42 24 49 29 13 41 51 19 20 37 7 24 10 10 21 36 24 14 14 16 14 22 
26 25 43 26 35 26 45 40 29 44 54 12 35 16 49 29 38 31 46 31 39 30 42 43 23 45 55 19 37 16 7 27 41 44 33 38 34 28 39 7 38 47 30 34 15 21 17 39 46 55 46 56 59 33 62 71 32 54 33 20 43 57 39 31 41 43 21 45 54 21 37 16 9 26 41 38 50 52 28 54 64 25 46 25 13 36 49 39 42 19 43 53 22 36 15 11 25 40 57 58 65 73 25 52 42 29 56 52 36 60 70 27 51 31 16 43 54 45 51 17 32 32 30 43 30 74 27 54 37 20 49 56 37 64 45 29 58 66 22 5 20 9 27 25 10 37 48 10 26 28 14 14 38 
21 35 29 24 24 25 16 23 19 20 30 31 19 13 29 29 25 42 36 31 31 32 13 30 14 25 34 37 27 18 33 7 32 45 44 42 46 8 38 24 30 35 52 37 34 49 21 42 38 42 38 28 43 4 40 50 35 38 20 26 20 43 33 35 11 31 14 26 35 39 28 20 35 9 34 34 21 36 6 33 42 34 32 17 27 13 37 10 32 15 26 34 41 29 22 37 11 35 28 39 35 43 6 23 17 18 29 24 9 36 46 29 33 13 20 16 38 19 22 31 10 29 40 30 4 48 19 31 10 10 20 35 23 40 19 11 29 44 29 34 50 20 33 12 23 10 33 36 10 17 24 26 14 
11 24 5 12 2 13 34 5 43 15 20 30 5 25 38 25 29 28 11 14 7 16 27 5 37 10 18 30 2 21 36 18 7 22 30 23 32 17 16 37 6 11 45 18 31 47 20 21 12 18 13 29 21 26 25 34 18 16 5 19 13 20 10 18 25 6 36 8 17 32 4 21 36 17 9 11 27 14 31 18 27 22 8 12 27 14 13 23 7 36 6 15 33 6 22 38 17 11 34 63 44 48 29 33 41 42 49 29 32 25 33 15 13 11 21 19 16 41 39 49 35 53 61 55 30 40 10 20 19 22 29 20 1 28 19 14 32 29 20 39 54 31 20 15 27 19 10 48 34 10 42 24 14 
21 7 30 19 26 17 57 33 54 43 48 19 30 32 31 42 28 32 28 14 22 12 51 29 47 38 45 12 25 25 25 35 24 16 2 8 4 35 15 37 22 30 19 10 16 26 21 11 26 36 25 57 43 45 50 58 10 38 27 16 41 38 20 10 48 28 45 36 43 11 23 23 24 33 22 18 54 37 46 45 52 8 32 25 19 38 32 46 26 43 34 41 12 21 22 24 31 21 61 81 71 76 43 59 60 53 71 56 51 52 59 14 39 32 23 45 39 61 63 49 51 61 62 69 46 68 24 48 42 33 55 47 28 55 46 33 59 54 13 29 38 32 8 31 24 43 34 41 47 27 44 19 39 
20 27 7 19 12 20 44 14 54 23 24 36 16 36 46 36 11 28 33 16 7 18 37 6 48 16 18 35 10 30 43 29 5 16 29 20 31 28 13 47 8 2 47 18 36 52 29 18 2 8 4 35 15 37 22 30 19 10 16 26 21 11 8 19 35 4 47 13 16 35 9 30 43 28 5 9 35 9 42 18 24 26 6 23 34 24 4 33 4 47 12 14 37 9 31 44 28 7 41 73 51 53 41 41 52 53 58 36 43 26 32 20 13 22 30 28 11 51 48 59 46 64 71 66 41 41 20 23 30 33 37 20 12 28 27 25 38 26 26 47 61 41 23 26 35 29 7 57 46 21 52 32 24 
9 10 17 7 12 6 44 19 46 29 34 20 16 24 31 31 14 14 16 4 9 2 38 16 39 24 31 18 11 17 26 24 12 14 16 11 18 23 8 34 9 18 31 6 20 35 15 11 16 25 15 43 31 34 37 46 4 26 14 11 27 28 8 4 35 15 37 22 30 19 10 16 26 21 11 7 40 24 36 31 39 9 19 14 18 24 20 34 13 36 20 28 20 8 16 27 20 10 47 70 57 62 33 45 49 45 59 42 40 39 47 4 26 19 16 31 27 50 50 46 41 55 59 60 36 54 12 34 29 23 41 34 14 42 32 21 45 42 9 30 44 27 6 19 21 29 21 41 38 14 40 16 26 
13 20 8 12 7 13 42 13 49 23 27 29 12 29 39 31 7 22 7 9 17 11 35 7 42 17 23 27 5 23 35 24 2 14 23 16 25 23 8 40 1 9 40 12 29 45 21 14 7 16 7 37 22 33 28 36 12 16 11 19 21 18 2 12 32 5 41 15 21 28 3 23 35 22 2 4 35 15 37 22 30 19 10 16 26 21 11 31 4 40 13 19 30 2 23 37 22 3 42 70 52 55 35 40 48 48 56 36 40 30 37 12 17 18 23 27 17 48 47 52 42 59 65 62 36 45 14 26 27 26 37 25 9 33 27 20 39 32 18 39 53 33 16 20 28 27 12 49 40 15 46 24 22 
11 9 19 8 14 7 46 21 47 31 36 19 18 25 30 32 16 12 18 2 11 8 39 18 40 26 33 16 13 18 26 25 13 14 14 9 16 25 8 34 11 20 29 4 18 33 15 10 17 27 16 45 33 35 39 48 2 28 16 11 29 29 10 2 37 17 38 24 32 17 12 16 25 23 12 8 42 26 37 33 41 7 21 15 17 26 22 35 15 37 22 30 19 10 16 26 21 11 49 72 59 64 34 47 50 46 60 44 41 41 48 4 28 21 16 33 28 51 52 46 42 55 59 61 37 56 13 36 31 24 43 35 16 43 34 22 47 44 8 30 43 27 5 20 21 31 23 41 39 16 40 16 28 
29 44 29 31 27 33 7 23 27 14 22 43 22 26 42 13 27 51 37 38 35 39 71 30 25 22 28 47 29 30 45 16 34 49 53 49 55 16 43 37 33 35 63 43 46 61 32 48 39 40 40 16 38 9 33 41 42 35 24 36 15 40 37 42 2 32 26 23 29 49 31 32 47 18 36 38 8 33 16 27 35 43 31 25 39 13 36 4 33 27 24 30 51 33 34 49 20 38 15 37 22 30 19 10 16 26 21 11 11 28 37 36 29 18 32 9 34 15 12 44 17 38 51 34 14 36 26 23 8 22 7 28 25 31 11 17 16 36 38 46 63 33 42 20 35 8 31 49 21 23 37 37 12 
16 27 1 16 7 18 38 7 48 17 19 34 10 31 43 30 5 29 6 16 7 18 30 30 42 10 15 34 5 26 40 23 5 20 31 23 33 22 16 43 6 5 47 19 35 51 25 21 8 12 9 30 16 31 21 30 19 10 11 24 15 14 9 19 28 2 41 8 13 35 6 26 41 22 7 11 29 8 36 15 23 25 3 18 31 18 7 27 4 41 6 12 37 8 27 42 22 9 35 67 46 48 35 35 45 47 52 30 37 22 30 19 10 16 26 21 11 45 42 55 40 59 66 60 35 38 16 19 23 27 31 17 7 25 21 19 32 25 24 44 59 36 23 21 32 23 5 53 40 16 48 29 18 
30 39 42 31 35 32 25 36 7 34 44 30 32 14 23 14 37 47 48 39 42 40 25 42 74 39 48 38 38 21 29 19 43 53 49 49 50 20 47 16 40 48 52 44 34 45 25 50 49 55 49 41 56 16 54 64 42 51 31 30 34 56 43 41 24 43 2 39 48 40 39 23 31 20 44 44 34 49 8 47 56 39 45 25 28 26 50 23 43 4 39 48 41 40 25 33 20 45 40 35 45 54 7 34 19 6 33 36 15 51 60 35 46 26 23 30 51 22 30 19 10 16 26 21 11 62 28 45 24 15 32 49 35 55 33 23 42 58 33 28 43 16 39 21 23 24 46 26 3 26 12 27 28 
20 35 9 21 12 23 29 5 44 7 10 39 10 30 45 25 10 38 16 24 17 26 22 10 39 45 9 40 13 28 44 20 15 31 40 33 42 19 26 44 16 14 55 29 41 57 29 31 18 18 19 20 17 25 16 26 28 13 13 29 6 18 19 28 20 12 38 2 9 42 15 29 45 20 17 21 19 11 31 8 18 33 9 20 36 12 14 19 14 39 4 9 44 17 31 47 21 19 25 59 35 38 31 25 38 43 43 20 30 15 24 25 7 14 29 12 12 37 33 54 35 55 65 54 30 30 19 10 16 26 21 11 10 18 11 17 22 21 30 47 63 37 31 20 35 16 9 55 36 17 47 33 11 
29 42 14 30 21 32 35 14 53 14 7 48 20 40 55 34 18 45 18 31 23 33 28 15 48 9 60 49 20 38 54 30 20 34 46 38 48 29 31 53 22 16 63 35 49 66 38 36 20 15 22 19 10 33 6 16 35 10 22 38 14 14 24 35 27 17 48 10 2 50 21 39 55 30 22 26 23 9 40 1 8 41 13 29 45 21 15 27 19 48 11 4 52 23 40 56 31 24 26 65 35 35 40 27 44 52 47 22 38 7 15 33 5 24 39 19 8 43 37 64 43 64 74 62 38 22 28 6 24 36 25 2 19 10 16 26 21 11 39 57 73 47 38 29 44 24 11 65 45 27 57 43 19 
20 7 34 18 28 17 53 35 45 43 50 7 30 24 19 37 30 12 35 18 27 16 47 34 38 40 49 38 28 18 12 31 30 27 13 20 14 31 24 26 27 36 16 18 4 17 15 22 34 43 33 57 50 40 55 64 16 44 28 12 41 46 26 16 45 33 35 39 47 2 27 16 11 29 29 25 53 42 39 48 57 8 37 23 9 36 38 43 31 34 37 46 4 26 14 11 27 27 60 73 70 75 35 57 53 44 66 55 45 55 64 15 44 30 16 44 45 56 59 37 44 51 49 59 40 71 22 50 40 26 53 51 30 59 45 30 59 59 10 16 26 21 11 27 15 40 39 29 39 25 33 10 38 
10 22 6 11 2 12 37 8 45 18 23 28 7 26 37 27 2 25 10 11 5 13 29 5 38 13 20 28 20 21 35 19 5 19 27 20 29 19 13 38 3 10 43 16 29 46 20 19 11 17 11 32 22 28 26 35 15 16 6 18 16 19 7 15 27 5 37 11 19 30 2 21 35 18 7 9 30 14 32 19 28 20 8 13 26 16 12 26 5 37 9 17 31 4 22 37 18 8 37 65 47 51 31 35 43 44 51 31 34 27 35 13 15 13 21 21 17 43 42 50 37 54 62 57 32 42 10 22 21 23 32 22 3 30 22 15 34 31 19 38 53 31 18 16 26 21 11 48 36 11 43 23 17 
10 18 26 11 19 11 34 24 29 28 37 13 18 7 16 18 21 25 30 17 23 18 30 26 21 28 38 18 21 33 16 13 25 32 27 27 29 14 26 16 22 31 34 23 16 31 3 28 31 39 31 41 43 22 45 54 20 37 16 8 27 41 24 20 28 27 19 28 38 20 21 2 18 11 26 24 36 35 21 37 47 17 29 8 9 20 33 26 26 19 27 36 22 21 4 19 9 26 43 56 52 59 17 39 35 28 47 38 27 43 53 14 34 15 2 27 37 37 40 29 26 37 41 43 22 58 10 38 22 8 36 40 20 47 30 13 43 49 12 19 35 10 17 10 6 23 32 26 21 11 22 7 23 
24 19 41 24 33 22 49 39 36 45 54 6 34 19 7 33 36 25 43 26 35 26 45 40 29 44 54 12 35 16 53 29 38 39 26 32 26 30 34 14 34 44 23 29 8 16 15 33 43 52 42 58 57 37 60 70 26 51 31 16 43 54 35 26 43 40 27 43 53 14 34 15 2 27 37 34 52 49 33 53 62 19 44 24 8 37 46 41 39 25 42 51 14 33 13 4 26 36 60 65 68 75 29 55 47 35 61 54 40 60 69 23 49 31 15 44 52 50 55 25 37 40 37 50 35 74 25 54 39 22 52 56 35 63 47 30 59 65 17 4 19 13 21 26 10 39 46 16 31 27 21 11 39 
14 29 23 16 17 18 21 17 25 17 27 26 13 11 27 7 18 35 29 24 24 25 16 23 19 20 30 31 19 13 29 43 25 37 38 35 39 1 31 24 22 29 47 30 29 44 16 35 31 36 31 29 37 10 36 46 28 32 13 19 16 37 26 27 14 24 18 21 30 33 21 15 31 2 26 27 22 30 12 29 38 27 26 10 23 8 31 12 25 18 20 29 35 22 17 33 4 27 30 46 39 45 11 26 25 24 35 25 16 34 43 21 27 7 15 15 32 26 27 34 17 35 44 37 12 47 12 28 9 7 22 31 16 38 18 4 30 41 22 31 47 19 26 4 19 10 27 36 16 9 26 21 11 
14 23 6 14 7 15 42 11 50 22 25 31 12 31 41 32 7 24 5 12 2 13 34 5 43 15 20 30 5 25 38 25 22 15 26 18 28 24 10 42 3 6 42 14 31 47 23 16 6 14 6 35 19 33 26 34 14 14 12 21 20 16 4 14 32 3 42 13 19 31 4 25 38 23 2 6 34 12 38 20 28 21 7 18 29 21 8 31 1 42 11 17 32 4 25 39 23 4 40 70 51 53 36 39 48 49 56 35 40 28 35 15 15 18 25 26 15 48 46 54 42 60 66 62 37 43 15 24 27 28 36 22 9 30 25 21 37 30 20 41 56 35 19 21 30 26 10 51 41 16 47 26 21 
23 20 21 21 21 21 56 27 61 37 40 32 26 39 44 45 22 16 16 14 14 14 49 20 53 31 34 27 19 32 39 37 15 56 16 7 18 37 6 48 16 18 35 10 30 43 29 5 14 22 12 51 29 47 38 45 12 25 25 25 35 24 12 13 47 18 52 28 32 27 17 31 38 35 13 10 50 25 50 34 40 19 21 28 31 36 19 45 16 51 26 30 28 15 30 38 34 11 56 84 66 69 47 55 62 60 71 51 53 42 47 18 29 31 31 41 27 62 61 60 55 69 73 74 49 57 25 39 41 38 51 36 23 44 41 34 53 42 22 43 54 42 17 33 35 41 23 55 52 28 54 30 36 
24 9 32 21 28 19 59 35 56 45 50 20 32 35 33 44 30 2 29 16 23 14 53 31 49 40 46 13 27 27 26 38 26 16 28 9 2 38 16 39 24 31 18 11 17 26 24 12 28 37 26 59 44 48 52 60 12 39 30 19 43 40 22 12 51 29 47 38 45 12 25 25 25 35 24 20 56 38 48 46 54 10 33 28 21 40 33 49 27 45 36 43 12 23 24 25 34 22 63 83 73 78 45 61 62 55 73 58 53 54 61 16 41 34 25 47 40 64 65 50 53 63 63 71 49 69 26 50 45 35 57 49 30 57 48 35 61 56 15 30 38 34 11 33 26 45 36 43 49 29 46 21 42 
20 13 24 18 21 17 56 28 57 38 43 25 26 35 38 42 23 8 20 11 16 9 49 23 49 33 38 20 20 27 32 35 18 7 9 44 11 35 7 42 17 23 27 5 23 35 24 2 18 28 17 53 35 45 43 50 7 30 24 19 37 30 14 7 46 21 47 31 36 19 18 26 31 33 16 12 51 29 47 38 45 12 25 25 25 35 24 45 19 46 29 34 20 16 25 31 31 14 57 82 68 71 44 56 60 56 70 52 51 46 52 14 33 30 26 42 32 61 61 54 52 65 67 71 47 61 23 42 40 34 52 40 24 48 42 32 55 47 16 36 46 36 11 30 29 40 27 48 49 25 49 24 36 
25 11 34 23 30 21 61 37 58 47 52 21 34 36 34 46 32 4 31 18 25 16 55 33 50 42 48 14 29 29 26 39 28 18 2 11 24 39 18 40 26 33 16 13 18 26 25 13 30 39 28 61 46 49 54 61 14 41 31 20 45 41 24 14 52 31 48 40 47 12 27 26 25 37 26 22 58 40 50 48 55 11 35 30 22 42 35 51 29 47 38 45 12 25 25 25 35 24 65 85 75 80 46 63 64 57 75 60 55 56 63 18 43 36 26 49 42 65 67 51 55 64 64 72 50 71 28 52 46 36 59 50 32 58 50 37 63 58 17 30 37 35 13 35 27 47 38 43 50 31 47 22 44 
14 29 22 16 16 18 21 16 26 16 26 27 12 12 28 8 17 35 28 23 23 25 16 22 20 19 29 31 19 14 30 1 24 37 38 35 39 102 30 25 22 28 47 29 30 45 16 34 30 35 30 28 36 10 35 45 27 31 12 20 15 36 25 27 14 24 19 20 29 33 20 16 32 2 26 26 22 29 13 28 37 28 25 9 23 7 30 12 24 19 19 28 35 21 18 33 4 27 29 47 38 45 12 25 25 25 35 24 16 32 42 21 26 6 16 14 31 26 27 35 18 36 45 38 12 46 11 27 8 8 22 30 15 36 17 3 29 40 23 32 48 20 26 4 20 9 26 37 17 9 27 21 10 
17 16 17 15 15 14 50 21 54 32 35 27 20 33 39 38 16 15 13 8 8 8 43 16 47 26 31 24 13 26 34 31 10 6 16 7 18 30 59 42 10 15 34 5 26 40 23 5 11 21 9 46 28 40 35 43 7 23 19 19 30 23 6 8 41 14 45 23 29 24 11 25 34 29 8 4 44 22 43 31 37 15 18 21 26 30 17 39 12 45 21 27 25 9 25 34 28 6 51 77 61 64 41 49 55 53 65 45 47 38 45 12 25 25 25 35 24 56 55 55 48 63 67 68 43 53 19 35 35 31 46 33 17 40 35 27 48 40 17 38 50 36 13 26 29 35 20 50 46 21 48 24 30 
27 30 43 28 35 28 39 39 21 42 51 18 34 13 7 24 37 37 47 34 40 34 37 43 16 44 53 26 38 16 14 24 42 48 39 42 40 25 42 94 39 48 38 38 21 29 19 43 48 55 48 52 59 28 60 70 35 54 32 23 40 58 41 35 36 43 14 43 53 28 38 17 17 23 43 41 45 52 22 52 62 30 46 25 17 33 50 34 43 12 42 52 29 38 17 18 22 42 52 51 59 67 18 47 35 21 49 48 29 58 67 30 50 29 17 39 54 38 45 12 25 25 25 35 24 71 27 52 33 17 44 55 36 62 42 27 53 65 25 13 27 6 31 23 13 33 48 11 19 27 7 18 35 
11 20 7 11 5 12 40 11 47 21 26 28 10 28 38 30 6 22 8 9 1 11 33 6 40 16 22 27 3 22 34 22 3 16 24 17 26 22 10 39 77 9 40 13 28 44 20 15 9 17 9 35 22 31 28 36 12 16 9 18 19 19 3 12 31 5 39 14 20 28 1 21 35 21 4 5 34 15 35 22 30 19 9 15 26 20 11 29 4 39 12 19 30 1 22 36 20 5 40 68 51 54 34 39 46 46 55 35 38 29 37 12 17 16 21 25 17 47 45 51 40 57 63 60 35 45 12 25 25 25 35 24 7 32 25 19 38 32 18 38 53 32 16 19 27 25 12 48 39 13 44 23 20 
20 29 6 20 12 21 43 12 54 21 21 38 16 36 47 35 11 30 2 18 9 20 35 5 48 14 16 36 10 31 44 29 6 18 31 23 33 28 15 48 9 90 49 20 38 54 30 20 4 7 6 33 13 36 20 28 21 7 16 28 20 9 10 21 33 4 47 12 14 37 10 31 45 28 7 11 34 6 41 16 22 28 4 23 35 23 2 32 5 47 10 12 39 11 32 46 28 9 39 72 49 51 40 39 50 53 57 34 42 23 29 21 10 22 31 26 9 50 47 60 46 64 72 66 40 38 21 20 28 33 36 18 12 25 25 25 35 24 27 48 62 41 25 26 36 28 5 58 45 21 53 33 23 
36 20 48 34 42 32 69 50 59 58 65 21 46 40 30 52 45 19 47 31 40 29 63 47 52 55 63 16 43 34 23 47 42 35 18 27 16 47 34 38 40 49 25 28 18 12 31 30 45 55 44 73 62 56 69 77 28 57 43 28 56 57 39 27 61 46 50 53 61 14 41 32 21 45 41 37 69 55 54 62 70 22 50 39 25 52 51 59 44 48 52 59 12 39 30 19 43 39 76 88 86 91 51 73 69 58 82 71 61 70 78 29 57 46 32 60 58 71 75 47 59 63 58 73 55 85 38 65 56 42 69 65 45 73 61 46 75 73 25 25 25 35 24 43 29 56 53 36 53 41 45 26 54 
15 10 20 13 16 12 50 24 52 34 39 22 21 30 34 37 18 10 18 6 12 4 43 19 44 29 35 18 16 23 29 30 14 10 11 5 13 29 5 38 13 20 28 51 21 35 19 5 16 26 15 48 33 40 40 48 2 28 19 15 32 29 10 3 41 17 42 27 33 18 14 21 28 27 12 8 46 26 41 35 42 9 22 20 21 30 22 39 16 42 25 31 19 12 20 29 26 10 53 76 63 67 39 51 55 51 65 47 46 42 49 8 29 25 21 37 29 56 56 50 47 60 63 66 42 58 18 38 35 29 47 37 19 45 37 27 50 44 12 33 45 32 7 25 25 35 24 45 44 20 44 20 31 
20 10 35 19 28 17 50 35 41 43 51 3 30 21 15 34 31 16 36 20 29 18 46 35 34 41 49 4 29 16 8 29 31 30 17 23 18 30 26 21 28 38 18 21 50 16 13 25 36 45 35 56 51 38 56 65 19 45 28 11 41 48 28 18 44 34 32 39 48 6 29 14 7 27 31 27 51 44 36 49 58 11 38 22 6 35 40 42 33 30 38 47 7 27 12 8 25 30 59 70 68 74 32 55 51 41 63 54 43 56 65 16 45 29 14 43 46 53 56 33 41 47 45 56 37 71 22 51 38 23 52 51 30 59 45 29 58 60 10 12 24 18 13 25 11 39 41 25 35 24 29 8 37 
37 24 52 35 45 34 65 52 51 59 67 18 47 35 21 49 47 26 52 35 45 33 61 51 45 57 66 17 46 31 16 44 47 43 26 35 26 45 40 29 44 54 12 35 16 50 29 38 51 61 50 73 67 53 72 81 33 61 44 28 57 63 44 33 59 50 43 56 65 16 45 29 14 43 46 42 67 60 49 65 74 26 54 38 22 51 56 57 49 41 54 63 15 43 27 12 41 45 75 80 84 90 45 71 63 51 77 70 56 72 81 32 61 46 29 59 62 66 71 36 53 53 47 65 51 88 39 67 54 38 67 68 47 76 61 45 74 77 27 16 12 29 28 41 25 54 57 25 47 40 35 24 54 
9 14 25 9 18 9 37 24 32 30 38 10 18 11 17 21 20 21 29 15 21 15 32 25 25 29 38 15 20 3 15 16 23 29 24 24 25 16 23 19 20 30 31 19 13 29 71 25 29 37 29 43 42 25 45 54 17 36 16 5 28 40 22 16 30 25 23 28 37 17 20 1 16 14 24 22 38 34 24 37 47 13 28 9 7 22 32 28 24 22 26 36 19 19 2 18 12 23 45 59 55 61 21 42 39 32 51 40 30 44 53 11 34 16 1 29 37 40 43 31 29 40 44 47 25 59 10 38 25 11 38 40 19 48 31 15 45 49 8 18 34 12 13 12 6 25 31 28 25 11 25 5 24 
20 14 22 18 20 17 55 27 57 37 41 27 25 35 39 42 21 11 18 11 14 10 48 21 50 31 36 22 19 28 33 35 16 5 12 2 13 34 5 43 15 20 30 5 25 38 25 49 16 25 14 51 33 44 41 48 7 28 23 20 35 28 12 8 45 19 48 29 34 21 16 26 33 32 14 10 49 27 47 36 42 14 23 25 26 34 22 44 17 47 27 32 22 15 26 33 31 12 56 81 66 69 44 54 60 56 69 51 51 44 50 14 31 29 26 40 29 60 60 56 52 65 68 71 47 59 23 40 39 34 51 38 22 46 41 31 53 45 17 37 48 37 12 30 30 40 25 50 49 25 50 25 35 
20 26 9 20 13 20 46 16 56 25 26 36 18 37 46 38 12 26 2 16 7 17 39 8 49 18 20 34 11 31 43 31 6 14 28 18 30 30 11 48 9 4 45 16 36 51 29 16 33 9 2 38 16 39 24 31 18 11 17 26 24 12 7 18 37 6 48 16 18 35 10 30 43 29 5 8 38 11 43 20 26 25 8 24 34 26 5 35 5 48 14 16 36 10 31 44 29 6 43 75 53 55 42 43 53 55 60 38 45 28 33 20 15 24 30 30 13 53 50 60 48 66 72 68 43 43 21 25 31 34 40 22 14 30 29 27 40 28 25 46 60 41 23 27 36 31 9 57 47 22 53 32 26 
28 36 13 28 20 29 47 18 61 25 22 45 23 43 55 42 18 36 8 25 16 27 40 12 55 18 15 43 17 39 52 36 14 22 37 28 39 35 21 55 17 7 55 26 45 61 37 25 9 15 11 35 7 42 17 23 27 5 23 35 24 2 16 27 38 12 54 16 13 44 17 39 52 35 14 18 37 6 48 16 18 35 10 30 43 29 5 37 12 54 15 11 46 18 39 53 35 15 41 77 51 51 47 42 56 60 61 37 48 22 26 29 11 29 39 31 6 55 51 67 52 71 79 72 47 35 28 21 34 40 39 17 19 23 29 32 37 20 35 55 70 49 32 33 44 34 8 65 52 29 60 40 28 
20 25 11 19 14 20 47 17 56 27 28 35 19 37 46 38 13 25 4 15 7 16 40 9 49 19 22 33 11 31 42 31 6 12 26 17 28 30 9 48 9 6 44 15 35 50 29 14 2 11 36 39 18 40 26 33 16 13 18 26 25 13 6 16 38 7 48 17 20 33 10 30 42 30 5 7 39 13 44 22 28 24 10 24 33 27 7 37 6 48 16 18 35 10 30 43 29 5 45 76 55 57 42 45 54 55 62 40 46 30 35 19 17 24 30 31 15 54 52 60 49 66 72 68 43 45 21 27 33 34 41 24 15 32 31 27 42 30 24 46 59 41 21 28 35 32 11 56 48 22 53 31 27 
37 53 29 39 31 41 20 24 44 14 12 54 27 40 56 28 29 57 35 43 37 45 16 30 41 20 19 57 32 41 58 29 35 51 59 53 61 28 46 52 35 33 73 48 56 73 43 51 38 35 39 74 30 25 22 28 47 29 30 45 16 34 39 47 16 32 42 22 21 59 34 43 59 30 37 41 7 28 32 19 22 51 29 34 50 21 33 18 34 43 24 23 61 36 45 61 32 39 6 48 16 18 35 10 30 43 29 5 27 15 22 44 23 27 43 13 28 28 20 60 33 54 68 48 30 20 34 13 19 36 9 18 29 18 11 27 2 23 47 60 76 47 49 31 48 19 28 64 38 32 53 48 19 
32 42 16 33 24 34 45 20 62 23 18 51 25 46 59 43 21 43 15 31 22 33 38 16 56 17 10 50 22 43 57 37 19 29 44 35 46 36 28 59 22 13 62 33 51 67 42 33 16 7 18 30 13 42 10 15 34 5 26 40 23 5 23 34 37 16 55 16 9 50 22 43 57 37 20 24 33 7 49 11 11 41 13 34 48 30 11 36 18 56 16 8 52 24 44 59 37 22 37 75 46 45 48 38 55 61 58 33 48 16 18 35 10 30 43 29 5 53 48 71 52 72 82 71 47 28 32 16 34 43 36 11 22 16 27 33 32 13 40 60 75 53 38 36 48 33 10 70 53 32 63 46 28 
24 39 30 26 26 28 12 23 20 19 28 35 21 17 33 4 26 45 37 34 33 35 9 31 16 25 33 40 28 22 37 10 33 47 48 45 49 10 40 28 31 36 56 40 38 53 25 44 39 42 40 25 42 96 39 48 38 38 21 29 19 43 35 37 8 32 16 26 34 42 30 24 39 12 35 36 18 36 7 32 41 38 32 20 31 12 38 7 33 18 26 34 44 31 26 41 14 36 24 37 31 39 9 19 15 19 25 20 6 34 44 32 32 15 24 14 37 16 18 35 10 30 43 29 5 45 22 29 8 14 16 34 24 38 17 13 26 43 32 38 54 24 36 14 27 9 33 39 12 19 28 30 14 
36 48 20 37 27 38 39 21 59 20 11 55 26 47 62 40 25 50 22 37 28 39 33 21 54 16 6 55 26 45 60 36 26 38 52 43 54 35 35 60 28 20 69 40 56 72 45 41 24 17 26 22 10 39 32 9 40 13 28 44 20 15 30 41 32 22 54 16 7 56 27 45 61 36 27 31 27 13 46 7 2 47 18 36 52 28 19 32 24 55 18 9 58 29 47 63 38 29 28 69 37 35 47 31 50 58 51 26 44 6 9 40 11 31 45 25 11 48 41 71 49 70 81 67 44 18 35 10 30 43 29 5 25 5 22 33 23 4 45 63 79 54 44 36 51 30 15 71 51 34 63 49 26 
45 57 29 46 36 47 47 30 68 29 20 64 36 57 71 50 34 58 30 46 36 48 41 30 64 26 16 64 35 54 70 46 34 45 60 50 61 45 43 70 36 28 77 48 65 81 54 48 31 23 33 28 15 48 9 37 49 20 38 54 30 20 38 49 41 31 64 26 16 65 36 55 71 46 35 40 34 21 55 17 7 55 27 46 61 37 26 41 32 64 27 18 67 38 56 72 47 37 34 76 41 37 56 38 58 67 57 33 52 13 6 49 20 40 55 34 19 56 48 80 58 79 90 75 53 16 44 18 40 53 37 15 35 10 30 43 29 5 54 73 89 64 53 46 61 39 24 81 60 43 73 59 35 
13 8 20 11 16 9 49 23 49 33 38 20 20 27 32 35 18 10 19 4 12 2 42 19 42 28 35 16 15 20 26 28 14 12 12 7 14 27 7 35 12 21 28 2 19 33 17 7 18 27 16 47 34 38 40 49 70 28 18 12 31 30 10 0 40 18 40 26 33 16 13 18 26 25 13 9 44 27 39 35 42 7 22 18 19 29 23 38 16 39 24 31 18 11 18 27 24 11 52 74 62 66 37 49 53 48 63 46 44 42 50 6 29 23 18 35 29 54 54 48 44 58 60 63 39 58 16 38 33 26 46 37 18 45 36 25 49 45 10 30 43 29 5 23 22 34 24 42 41 18 42 17 30 
27 37 10 27 18 28 42 15 57 20 17 45 20 41 54 38 16 38 10 26 16 28 35 10 51 13 10 44 16 37 51 32 14 25 39 30 41 31 23 54 16 7 57 28 45 61 36 28 11 5 13 29 5 38 13 20 28 20 21 35 19 5 17 29 33 11 50 12 8 45 16 37 52 31 15 19 31 2 44 10 14 35 7 28 42 25 6 33 12 51 12 6 47 18 38 53 32 17 36 72 45 46 44 37 51 56 56 31 44 17 22 29 6 25 37 26 1 50 45 65 48 68 77 67 43 31 26 16 30 37 34 11 17 18 24 28 31 16 35 55 70 47 33 30 43 29 5 64 49 26 58 40 24 
7 23 10 9 4 11 31 7 38 15 22 26 2 20 33 20 5 27 16 14 11 16 24 11 31 13 22 28 6 16 31 13 12 25 30 24 31 12 19 32 9 16 43 19 28 44 16 23 17 23 18 30 26 21 28 38 18 21 61 16 13 25 13 18 22 12 30 12 21 29 8 16 32 11 13 14 26 19 25 21 31 21 13 7 23 10 18 20 12 30 10 20 31 9 18 34 11 14 33 59 43 48 24 31 37 37 45 28 28 28 37 14 18 6 16 17 21 37 36 44 30 48 55 50 25 43 6 23 16 16 27 24 4 31 18 9 32 33 18 35 50 26 19 10 22 16 15 43 29 5 37 20 12 
8 9 24 7 17 6 41 24 37 31 39 10 19 16 20 26 19 16 26 11 19 11 36 24 30 29 38 12 18 8 16 19 21 25 19 19 20 20 19 23 18 28 28 15 11 28 5 20 26 35 26 45 40 29 44 54 12 35 16 86 29 38 19 12 33 23 28 28 37 14 18 6 16 17 21 18 41 33 29 37 47 8 27 11 7 24 30 31 22 27 26 35 16 17 5 18 15 20 48 64 58 63 26 45 43 37 55 43 35 44 53 7 33 18 6 32 35 45 47 35 34 45 48 52 30 59 10 39 28 16 41 40 19 48 33 18 47 49 3 20 35 16 8 15 10 28 30 30 30 13 29 5 26 
20 36 14 22 15 24 23 8 38 2 10 39 11 27 43 20 13 41 21 27 21 29 15 15 34 6 14 41 16 27 43 16 20 35 43 37 45 15 30 40 19 20 56 32 41 57 28 35 24 24 25 16 23 19 20 30 31 19 13 29 59 25 23 31 13 17 33 8 15 43 18 28 44 16 22 25 14 18 25 13 22 35 16 19 35 7 21 13 19 34 9 15 45 20 30 46 18 24 20 53 31 35 26 19 31 37 37 15 24 17 27 27 13 11 28 6 19 30 26 50 29 49 60 48 24 31 18 11 10 23 16 15 12 21 5 13 18 24 31 46 62 35 33 17 33 10 16 52 30 16 43 33 5 
30 38 14 30 22 31 48 20 62 26 22 48 24 45 57 43 20 38 11 28 18 29 40 14 56 18 14 46 19 41 54 37 16 24 40 30 41 36 23 58 19 9 57 29 48 63 40 28 12 2 13 34 5 43 15 20 30 5 25 38 25 10 19 30 39 14 55 17 12 47 19 41 54 36 16 20 37 7 49 15 16 37 11 32 45 30 7 38 15 55 17 11 48 20 42 56 36 18 41 78 50 50 49 42 57 61 61 37 49 21 24 31 11 30 41 31 6 56 51 69 53 73 81 73 48 34 30 20 35 42 39 16 21 21 29 33 36 18 37 58 72 51 35 35 46 34 10 68 54 30 62 43 29 
14 19 10 13 9 13 44 15 50 25 29 28 14 30 39 33 10 20 8 8 2 10 37 9 43 19 24 26 7 24 35 26 4 12 22 14 24 25 6 41 3 10 39 10 28 44 22 12 7 16 6 39 23 35 30 38 10 17 13 19 23 19 19 11 35 7 42 17 23 27 5 23 35 24 2 2 38 16 39 24 31 18 11 17 26 24 12 33 5 42 15 21 29 4 24 36 23 1 44 72 54 57 37 43 50 49 59 39 42 32 39 12 19 20 23 29 19 51 49 53 44 60 66 63 38 47 15 28 29 28 39 26 11 34 29 22 41 34 18 39 53 34 15 22 28 29 14 50 42 17 47 24 24 
13 8 20 11 16 9 48 23 49 33 38 19 20 27 31 35 18 10 19 4 12 2 42 19 41 28 35 16 15 20 26 27 14 13 12 7 14 27 8 35 12 21 27 3 18 33 16 8 18 27 16 47 34 37 41 49 0 29 18 12 31 30 11 4 39 18 40 26 33 16 13 18 26 25 13 9 44 27 39 35 43 7 22 17 18 28 23 38 16 39 24 31 18 11 17 26 24 12 51 74 62 66 36 49 52 48 63 46 43 42 50 6 30 23 18 35 30 53 54 47 44 57 60 63 39 58 15 38 33 26 46 37 18 45 36 24 49 45 9 30 42 29 4 23 22 34 25 42 41 18 41 17 30 
27 42 27 29 25 31 9 21 27 13 21 41 20 24 41 11 25 48 35 35 32 37 2 28 24 20 27 45 27 28 43 14 32 47 51 46 52 14 41 36 31 33 61 41 44 59 30 45 37 38 38 16 37 8 32 41 40 33 22 33 13 39 35 39 76 30 25 22 28 47 29 30 45 16 34 36 9 32 16 26 34 41 29 23 37 11 34 2 31 26 23 28 49 31 32 47 18 36 16 39 24 31 18 11 17 26 24 12 11 27 36 34 27 16 30 7 32 17 14 43 17 38 51 35 13 37 24 22 6 20 8 27 23 31 10 15 17 35 36 45 61 32 40 18 33 5 29 48 21 21 36 35 10 
16 26 3 16 8 17 40 9 50 19 21 34 11 31 43 31 6 28 4 15 5 17 32 2 43 12 17 33 5 27 40 24 3 18 29 21 31 24 14 43 5 4 46 17 34 50 25 19 6 12 7 32 16 32 22 31 18 11 12 23 17 14 7 18 30 33 42 10 15 34 5 26 40 23 5 9 32 9 37 17 24 24 4 18 31 20 6 29 2 42 8 13 35 7 27 42 23 7 38 69 48 50 36 37 47 49 54 32 39 24 31 18 11 17 26 24 12 47 44 55 42 60 67 61 36 40 16 21 25 28 33 19 8 27 23 20 34 27 23 43 58 37 22 22 32 25 6 53 41 17 48 29 20 
28 37 41 30 34 30 26 35 9 34 44 28 31 12 21 14 36 45 47 37 41 38 26 41 2 38 48 35 37 19 27 18 42 52 47 47 48 19 45 14 39 47 50 42 32 43 23 48 48 54 48 42 55 16 54 64 40 50 30 28 33 55 42 40 25 42 78 39 48 38 38 21 29 19 43 42 35 48 9 47 56 37 44 24 26 26 49 24 42 2 38 47 39 38 23 31 19 43 41 38 47 55 7 35 21 8 35 37 16 50 60 33 46 25 21 30 50 24 31 18 11 17 26 24 12 62 27 45 24 14 33 49 34 55 33 22 43 58 31 26 41 14 37 20 20 24 45 24 5 25 11 25 28 
19 33 6 20 11 22 31 4 45 9 12 38 9 30 45 26 8 36 13 22 15 24 23 8 39 2 10 39 11 28 43 21 13 28 38 31 40 20 23 43 14 12 53 27 39 56 28 29 16 16 17 22 16 26 16 26 26 12 12 28 8 17 17 26 22 10 39 49 9 40 13 28 44 20 15 19 22 10 32 9 19 31 7 19 35 13 12 21 12 39 2 8 42 15 30 46 21 17 27 61 38 40 32 27 39 44 45 22 32 16 25 24 6 14 28 14 11 39 35 54 36 56 65 55 31 31 18 11 17 26 24 12 8 19 13 17 24 21 29 47 62 37 29 20 34 17 7 54 37 17 47 32 12 
28 41 13 29 20 31 36 13 53 15 9 47 19 40 54 35 17 43 16 30 21 32 29 13 48 9 2 47 19 38 53 30 19 32 45 36 47 29 29 53 20 14 61 33 48 65 37 34 18 13 20 21 9 34 7 16 33 8 21 37 15 12 23 33 28 15 48 9 63 49 20 38 54 30 20 25 24 7 40 2 9 39 11 29 44 22 13 28 17 49 10 2 50 22 39 55 31 22 28 66 37 38 41 29 46 52 49 24 39 9 16 32 3 24 38 20 6 44 39 64 44 64 75 63 39 24 27 8 25 36 27 4 18 11 17 26 24 12 38 56 72 47 37 29 44 25 9 64 45 26 57 42 20 
22 8 36 20 29 18 55 37 47 45 52 9 32 27 21 39 32 11 35 19 28 17 49 35 40 42 50 2 30 20 14 33 31 27 12 19 12 33 24 28 28 37 14 18 6 16 17 21 35 44 33 59 50 42 56 65 16 45 29 14 43 47 27 16 47 34 38 40 49 36 28 18 12 31 30 26 55 43 41 50 58 9 38 25 11 38 39 45 32 36 39 47 2 27 16 12 29 28 62 75 72 77 38 59 56 46 68 57 47 57 65 16 45 32 18 46 46 58 61 39 46 53 51 62 42 72 24 52 42 28 55 52 31 60 47 32 61 61 11 17 26 24 12 29 17 42 40 30 41 27 35 13 40 
10 21 7 10 4 11 39 10 46 20 25 28 9 27 37 28 4 23 9 10 3 12 31 6 39 15 21 27 2 21 34 21 4 17 25 18 27 20 11 38 1 10 41 14 29 45 20 16 10 17 10 34 22 30 27 36 13 16 8 18 18 19 5 13 29 5 38 13 20 28 23 21 35 19 5 6 32 15 34 21 29 19 9 14 25 18 12 28 4 38 11 18 30 2 22 36 19 6 39 67 49 53 32 38 45 45 53 34 36 28 36 12 16 15 21 24 17 45 44 50 39 56 62 58 33 44 11 24 24 24 34 23 6 31 24 17 36 32 18 38 53 31 17 17 26 24 12 48 37 12 43 23 19 
10 15 26 10 19 10 37 24 31 30 38 11 19 9 16 20 21 23 30 16 23 16 32 26 23 29 39 16 21 2 15 15 25 31 25 26 26 16 25 17 21 31 32 21 14 29 1 26 30 39 30 43 43 24 45 55 18 37 16 6 28 41 23 18 30 26 21 28 38 18 21 35 16 13 25 23 38 35 23 38 48 15 30 9 7 22 33 28 26 20 27 37 20 20 2 18 11 25 45 58 54 61 20 41 38 30 50 40 29 44 54 12 35 16 0 29 38 39 43 30 28 39 42 45 24 59 11 39 24 10 38 41 20 48 31 15 45 50 10 18 34 11 15 11 5 25 32 26 24 12 23 5 24 
25 18 41 24 34 23 51 40 38 46 55 6 35 21 9 35 36 24 43 26 35 25 47 41 31 45 55 11 35 18 2 31 38 38 25 31 25 32 34 17 35 45 21 28 7 14 16 33 43 52 42 59 57 39 61 71 26 52 32 16 44 54 35 26 45 40 29 44 54 12 35 16 53 29 38 34 54 50 35 54 63 19 44 25 9 38 47 43 39 27 43 52 13 33 14 2 27 36 61 67 70 77 31 57 50 38 63 56 42 61 70 23 50 33 16 46 52 52 57 26 39 42 39 52 37 75 26 55 40 24 54 57 36 64 48 31 61 66 17 5 18 15 21 28 11 41 47 17 33 28 24 12 41 
12 26 22 14 15 16 24 16 26 18 27 24 12 10 26 9 17 33 28 21 22 23 18 22 20 20 30 29 18 11 27 2 23 35 35 33 37 2 29 23 21 28 45 27 27 43 14 32 29 35 30 30 37 12 36 46 25 31 11 17 16 36 24 25 16 23 19 20 30 31 19 13 29 48 25 25 24 29 14 29 39 25 25 7 21 9 30 14 23 19 20 29 33 20 15 31 2 26 32 48 41 47 12 28 27 25 38 26 18 34 44 19 27 6 13 16 31 28 30 34 19 36 45 39 14 47 9 28 11 6 24 31 15 38 19 3 31 41 20 29 46 18 24 2 17 11 26 35 17 7 26 19 12 
15 22 8 14 9 15 44 14 51 24 27 31 14 32 41 34 9 22 5 11 2 12 36 7 44 17 22 29 7 26 37 26 2 13 24 16 26 26 8 43 4 7 41 12 31 46 24 14 5 14 5 37 20 35 27 35 13 15 13 21 22 16 2 13 34 5 43 15 20 30 5 25 38 25 24 4 36 14 39 22 29 20 9 19 29 23 9 33 3 43 13 18 31 5 26 39 24 2 43 72 53 56 38 42 50 50 58 38 42 30 37 14 17 20 25 28 16 50 48 55 44 61 67 64 39 45 16 26 29 29 38 24 11 32 28 23 40 31 20 41 55 36 18 23 30 29 11 52 43 17 48 26 24 
14 18 12 13 11 13 46 17 51 27 31 27 16 30 38 34 11 18 9 7 4 8 38 11 44 21 26 25 9 24 34 27 6 10 20 12 22 26 4 41 5 11 37 8 27 42 22 10 8 18 7 41 24 36 31 40 9 19 14 18 25 20 2 9 36 9 42 19 25 26 6 23 34 25 4 22 39 18 40 26 33 16 13 18 26 25 13 35 7 42 17 23 27 5 23 35 24 2 46 73 56 59 38 44 51 50 60 41 43 34 41 11 21 21 23 31 20 52 51 53 45 60 66 64 39 49 15 30 30 28 41 28 13 36 31 23 43 36 17 38 52 34 14 23 28 30 16 49 43 17 47 24 26 
33 49 28 35 29 37 13 22 36 12 15 49 24 33 50 21 27 54 35 40 35 42 8 29 34 19 23 53 30 36 52 22 34 50 56 51 58 22 44 45 34 34 69 46 51 67 38 49 38 37 39 7 33 18 27 34 44 31 26 41 14 37 38 44 9 32 35 22 24 55 32 38 54 24 36 39 70 30 25 22 28 47 29 30 45 16 34 11 33 36 23 25 57 34 40 56 26 38 7 42 17 23 27 5 23 35 24 2 20 21 29 40 25 22 38 9 30 21 14 53 25 46 60 41 23 28 30 17 13 29 2 22 26 24 8 22 8 29 43 54 70 41 45 26 42 12 29 57 30 28 46 43 14 
25 35 8 25 16 26 41 13 55 19 16 43 18 39 52 36 14 37 9 24 15 26 33 8 49 11 9 42 14 35 49 30 12 25 38 29 40 29 22 52 15 6 55 26 44 60 34 27 11 6 13 28 7 36 13 21 27 2 19 33 18 7 16 27 32 9 48 10 7 43 15 35 50 29 14 18 30 15 42 10 15 34 5 26 40 23 5 31 11 49 10 5 45 16 36 51 30 15 35 71 45 45 42 35 49 54 54 30 42 17 23 27 5 23 35 24 2 49 44 63 46 66 74 66 41 32 24 15 28 35 32 11 15 19 22 26 31 17 33 53 68 45 31 28 41 27 3 62 47 24 56 38 22 
26 39 35 28 30 29 17 29 13 26 35 32 25 14 28 6 31 46 42 36 37 37 16 36 8 31 40 39 32 21 33 12 38 50 48 47 50 13 43 22 35 41 54 41 36 49 24 47 43 48 44 32 49 7 46 55 39 44 25 29 25 49 39 39 16 37 9 32 40 41 34 23 35 14 39 40 25 42 84 39 48 38 38 21 29 19 43 14 38 11 32 40 43 35 25 37 15 40 31 35 37 46 3 26 14 12 27 27 7 42 51 33 39 19 23 21 44 17 23 27 5 23 35 24 2 53 24 37 15 13 24 41 29 46 25 16 33 50 32 33 49 20 37 16 24 16 39 33 5 22 20 28 20 
29 42 14 30 20 31 34 13 52 13 6 48 19 39 54 33 18 45 18 31 22 33 27 15 47 8 1 48 19 37 53 29 20 34 46 38 48 28 31 52 22 16 62 35 49 65 37 36 20 16 22 19 11 32 7 17 35 10 21 37 13 15 24 35 26 17 47 9 2 50 21 38 54 29 22 26 22 10 39 34 9 40 13 28 44 20 15 26 19 47 11 4 51 23 40 56 30 24 25 64 35 35 39 27 43 51 46 21 37 7 15 33 5 23 38 18 9 42 36 63 42 63 73 61 37 23 27 5 23 35 24 2 18 10 15 25 21 12 38 56 72 46 38 29 44 23 11 64 44 26 56 42 18 
38 50 22 39 29 40 41 23 61 21 13 57 29 49 64 42 27 52 24 39 30 41 35 23 56 18 8 57 28 47 62 38 28 40 54 45 55 37 37 62 30 22 70 42 58 74 47 42 26 18 28 22 11 41 2 7 42 14 31 47 22 16 31 43 34 24 56 19 9 58 29 48 63 39 29 33 28 15 48 9 46 49 20 38 54 30 20 34 26 57 20 11 60 31 49 65 40 31 29 70 37 35 49 32 51 60 52 27 45 7 7 42 13 33 48 26 13 49 42 73 50 72 83 69 46 17 37 11 32 45 30 7 27 5 23 35 24 2 47 66 81 56 46 38 53 32 17 73 53 36 65 51 28 
14 1 26 12 20 10 49 28 46 37 43 13 24 24 25 34 22 8 26 9 19 7 43 25 39 33 41 8 20 17 19 27 21 19 10 12 11 28 15 30 19 28 22 9 11 26 13 14 25 35 24 51 41 38 47 55 7 35 21 8 35 37 18 7 41 24 37 31 39 9 19 15 19 25 20 16 47 34 38 40 49 55 28 18 12 31 30 39 23 35 29 38 11 17 14 19 23 19 55 73 64 70 35 52 52 45 63 49 43 48 56 7 36 25 15 38 36 53 55 42 43 53 55 60 38 63 17 43 35 24 48 43 23 51 40 26 53 51 5 23 35 24 2 23 17 35 31 36 39 19 37 11 33 
19 30 3 19 10 21 38 8 51 17 18 37 13 34 46 32 8 32 6 19 10 21 31 3 45 9 13 37 8 29 44 26 7 21 33 25 35 25 18 46 9 4 50 22 38 54 28 23 8 10 10 29 13 32 18 27 22 7 13 27 16 11 11 22 29 4 44 7 11 38 9 30 44 25 9 13 29 5 38 13 20 28 10 21 35 19 5 28 6 44 6 9 40 11 31 45 25 11 35 68 45 47 37 35 47 50 53 30 39 20 27 22 7 19 30 22 8 46 42 58 42 61 69 62 37 35 19 17 24 30 31 15 9 23 21 22 31 22 27 47 62 39 26 23 35 24 2 56 42 19 51 32 19 
4 19 18 6 10 8 31 15 33 20 29 19 9 13 25 17 12 25 23 14 16 15 25 18 25 20 29 23 13 8 24 10 18 28 28 25 30 9 21 25 15 23 39 20 22 38 9 25 24 30 24 34 34 20 36 46 18 28 7 11 19 32 17 17 23 18 24 19 29 25 14 9 25 7 19 18 30 26 21 28 38 18 21 47 16 13 25 21 18 24 18 27 27 14 11 27 6 19 37 56 47 52 19 34 35 32 45 32 26 35 44 11 25 7 9 21 29 36 37 36 27 42 48 46 21 49 2 29 17 10 30 31 11 39 23 7 36 41 13 27 43 18 17 5 15 17 23 35 24 2 29 14 15 
15 12 32 15 24 14 44 31 35 37 45 3 25 15 13 27 27 19 34 18 26 17 39 31 28 36 45 9 26 9 8 23 29 31 21 25 22 23 26 17 26 35 25 21 6 22 7 26 34 43 33 50 48 31 52 61 19 42 23 7 35 45 26 18 37 31 26 35 44 11 25 7 9 21 29 26 45 40 29 44 54 12 35 16 71 29 38 35 30 24 33 43 13 24 5 11 19 28 53 63 62 68 26 49 44 35 57 47 36 51 60 14 41 23 7 37 43 46 50 29 34 42 42 50 30 66 17 46 32 17 45 47 26 55 39 23 52 56 9 12 27 12 14 19 5 32 37 23 29 19 24 2 31 
16 32 17 18 14 20 20 11 32 8 18 33 9 20 36 13 14 38 24 24 21 26 13 18 26 12 21 36 16 20 37 8 21 36 40 35 42 7 30 33 20 23 52 30 35 51 22 34 26 29 27 21 30 12 28 37 29 25 10 24 7 30 24 28 11 20 26 13 22 38 18 22 38 9 23 25 16 23 19 20 30 31 19 13 29 49 25 9 21 27 13 21 40 20 24 40 11 25 24 49 33 39 19 20 27 31 35 18 19 25 34 24 20 6 22 7 25 27 25 43 22 42 53 42 17 38 14 19 5 15 17 22 12 29 9 6 23 32 27 39 55 27 29 10 27 5 20 44 23 11 35 27 2 
23 31 8 23 14 24 44 14 56 22 21 40 18 38 49 37 13 32 4 20 11 22 36 7 50 14 15 38 12 33 46 31 8 19 33 24 35 30 17 50 11 2 51 22 40 56 32 22 5 5 7 33 11 38 19 26 23 6 18 30 21 7 12 23 34 6 49 12 13 39 12 33 47 30 9 13 34 5 43 15 20 30 5 25 38 25 5 33 7 49 11 11 41 13 34 48 30 11 39 74 49 50 42 39 52 55 58 35 44 22 28 24 10 24 33 27 7 51 48 62 47 66 74 67 42 37 23 20 30 35 36 17 14 24 26 27 35 23 29 50 64 43 27 28 39 30 5 60 47 23 55 35 24 
25 40 26 27 24 29 11 19 27 13 21 39 18 22 39 10 23 46 33 34 31 35 4 27 23 19 27 43 26 26 41 12 31 45 49 45 51 12 39 34 29 32 59 39 42 57 28 44 35 37 37 18 36 7 32 41 38 33 20 31 13 38 33 38 2 29 24 21 28 45 28 28 43 14 33 35 11 31 14 26 34 39 28 21 35 9 33 79 30 25 22 28 47 29 30 45 16 34 18 40 26 33 16 13 18 26 25 13 11 28 37 32 27 14 28 7 32 17 16 42 16 37 50 35 12 38 22 22 4 19 10 27 22 31 10 13 19 36 34 43 59 30 38 16 31 4 29 46 19 19 35 33 9 
15 24 5 15 8 16 41 11 50 21 23 32 12 31 42 32 7 26 4 13 4 15 33 4 43 14 19 31 5 26 39 25 1 16 27 19 29 24 12 43 4 5 44 16 33 49 24 17 5 12 6 34 18 33 24 32 16 12 12 22 19 15 5 16 31 2 42 12 17 32 4 26 39 23 3 7 33 11 38 19 26 23 6 18 30 21 7 30 36 42 10 15 34 5 26 40 23 5 39 70 50 52 36 38 48 49 55 34 40 26 33 16 13 18 26 25 13 48 45 55 42 60 67 62 37 42 16 23 26 28 35 21 8 29 24 21 36 28 22 42 57 36 20 22 31 26 8 52 41 17 48 28 21 
28 36 41 29 34 30 28 36 11 35 45 27 31 11 19 15 36 43 47 36 40 37 27 41 4 39 48 34 37 19 25 18 42 51 45 46 47 19 45 12 39 47 48 42 30 41 22 47 48 54 48 43 56 18 55 64 39 51 30 27 34 55 42 39 26 42 2 39 49 36 38 20 27 19 43 42 36 49 11 47 57 35 44 24 24 27 49 25 42 80 39 48 38 38 21 29 19 43 42 39 48 57 8 37 23 10 37 38 18 51 61 33 46 25 20 31 50 26 33 16 13 18 26 25 13 63 26 46 25 14 35 49 34 55 34 22 44 59 30 24 39 12 36 20 19 25 45 22 7 25 9 24 29 
17 31 5 18 9 20 32 3 45 11 14 36 8 30 43 26 6 34 12 20 13 22 24 6 39 4 11 37 9 27 42 20 11 26 36 29 38 19 21 42 12 10 52 25 38 54 26 27 14 15 16 24 16 26 18 27 24 12 10 26 9 17 15 24 23 8 38 2 10 39 11 27 43 20 13 17 23 10 32 11 20 29 6 18 33 13 11 22 10 39 53 9 40 13 28 44 20 15 29 62 39 42 32 28 40 44 46 24 32 18 27 22 7 13 27 16 11 40 36 54 36 56 65 56 31 33 16 13 18 26 25 13 7 21 14 16 26 23 27 45 61 36 27 19 33 18 7 53 37 15 46 31 12 
27 39 11 28 18 29 37 12 53 15 11 46 18 39 53 34 15 41 14 28 19 30 30 12 48 9 4 46 17 36 51 29 17 30 43 34 45 28 27 52 19 12 59 31 47 63 36 32 16 11 18 23 8 34 9 18 31 6 20 35 15 11 21 31 28 13 47 8 2 47 18 37 52 29 18 23 25 5 40 4 11 38 9 27 43 21 11 28 15 48 9 67 49 20 38 54 30 20 29 67 39 39 40 30 46 52 50 25 39 11 18 30 2 23 37 20 4 45 40 63 44 64 74 63 39 26 26 9 25 35 28 6 16 13 18 26 25 13 36 55 70 46 35 28 42 25 7 63 45 25 56 40 20 
24 9 37 22 31 20 57 38 49 47 54 11 34 28 22 41 33 12 37 20 30 19 51 37 41 44 52 4 31 22 14 35 32 28 12 20 12 35 25 29 30 39 12 19 7 15 19 22 36 46 35 61 52 44 58 67 18 47 31 16 45 48 29 18 49 35 39 42 50 2 30 20 13 33 31 27 57 45 43 51 60 11 40 27 13 40 41 47 34 38 40 49 33 28 18 12 31 30 64 77 74 79 39 61 58 48 70 59 49 59 67 18 47 34 20 48 47 60 63 40 48 54 52 63 44 74 26 54 44 30 57 54 33 62 49 34 63 62 13 18 26 25 13 31 18 44 42 31 43 29 36 14 42 
10 19 9 9 5 10 40 12 46 22 27 27 11 27 36 29 6 21 9 8 2 10 33 8 40 17 23 26 4 21 33 22 4 15 23 16 25 21 9 38 1 11 39 12 27 43 19 15 10 18 10 36 24 31 29 38 11 18 9 17 20 20 4 11 31 7 38 15 22 27 2 20 33 20 5 5 34 16 35 23 31 17 11 14 24 20 13 29 5 38 13 20 28 27 21 35 19 5 41 68 51 55 33 39 46 46 55 36 38 30 38 10 18 16 20 25 19 47 45 50 40 56 62 59 34 46 11 26 25 24 36 25 7 33 26 18 38 34 16 37 51 31 15 18 26 25 13 47 38 13 43 22 20 
11 14 28 11 20 10 39 26 32 31 40 9 20 11 15 22 22 22 31 16 23 16 34 27 25 31 40 14 22 4 13 17 25 30 24 25 25 18 25 17 22 32 30 20 12 27 2 26 31 39 30 45 44 26 47 56 18 38 18 5 30 42 24 17 32 27 23 30 39 16 22 2 14 15 26 23 40 36 25 40 49 14 31 11 5 24 34 30 26 21 28 38 18 21 37 16 13 25 47 59 56 63 21 43 39 31 52 42 31 46 55 12 36 18 2 31 39 41 45 30 30 40 42 47 26 61 12 41 26 12 40 42 21 50 33 17 47 51 8 16 32 11 14 13 4 27 33 26 25 13 23 3 26 
27 18 43 26 35 24 53 42 40 48 57 8 36 23 11 37 38 24 44 27 37 26 49 42 33 47 56 11 37 19 4 33 39 38 25 31 25 33 34 18 36 46 19 29 8 12 18 33 44 53 43 61 59 41 63 72 27 53 34 18 46 56 36 26 47 42 31 46 55 12 36 18 2 31 39 35 56 51 37 56 65 19 45 27 11 40 48 45 40 29 44 54 12 35 16 52 29 38 63 69 72 79 33 59 51 39 65 58 44 62 71 24 52 34 18 47 54 54 59 28 41 43 40 54 39 77 28 57 42 26 56 58 37 66 50 33 63 67 18 6 16 17 21 30 13 43 48 18 35 30 25 13 42 
11 25 22 13 15 14 26 17 27 19 29 22 12 9 25 11 17 31 28 20 22 21 20 22 20 21 31 27 18 9 26 4 23 34 34 31 35 4 28 22 20 28 43 26 25 41 12 31 29 35 29 32 37 14 38 47 24 32 11 15 18 36 23 24 18 23 19 21 31 29 19 11 27 2 24 24 26 30 15 30 40 23 25 6 19 11 30 16 23 19 20 30 31 19 13 29 51 25 34 50 43 49 13 30 28 26 39 28 20 35 45 18 28 6 11 18 32 30 32 33 20 36 44 40 15 49 8 30 13 5 26 32 15 39 21 4 33 42 18 28 44 16 22 1 15 13 27 34 18 6 26 17 13 
15 20 10 14 10 14 45 15 52 26 29 30 15 32 40 35 11 21 7 10 3 11 38 9 45 19 24 27 8 26 36 27 4 11 22 14 24 27 6 42 5 9 39 10 30 45 23 12 6 15 5 39 22 36 29 37 11 17 14 20 24 18 1 12 36 7 43 17 22 28 6 25 36 26 2 2 38 15 40 24 31 19 11 19 28 25 11 34 5 43 15 20 30 5 25 38 25 27 45 73 55 58 38 43 51 51 60 39 43 32 38 13 19 21 25 30 18 52 50 55 45 61 67 65 40 47 16 28 30 29 40 26 12 34 29 23 42 33 19 40 54 36 16 23 30 30 13 51 43 18 48 26 25 
40 56 34 42 36 44 16 29 41 18 18 56 31 41 57 28 34 61 41 47 42 49 15 35 40 25 26 60 37 43 60 30 40 56 63 57 65 29 51 52 40 39 76 53 59 75 45 56 43 41 45 6 37 24 28 34 52 36 33 48 20 41 44 51 16 38 41 27 28 62 39 45 61 32 43 46 7 35 31 25 29 55 35 37 53 24 39 18 39 42 29 29 64 41 47 63 34 45 61 42 10 15 34 5 26 40 23 5 25 22 28 47 29 30 45 16 34 23 14 59 31 51 66 44 29 24 38 20 20 37 7 25 33 24 15 30 4 30 51 61 78 48 53 33 49 20 34 64 36 35 52 50 22 
61 74 66 63 63 64 30 59 29 52 58 66 57 48 58 39 63 81 73 70 70 72 37 67 35 59 65 73 65 56 65 46 70 84 83 82 85 47 77 51 68 72 88 76 70 80 59 81 75 77 76 48 75 37 69 76 74 72 59 64 53 78 72 74 39 69 38 61 66 75 67 58 67 48 72 73 42 71 35 64 70 73 68 56 63 49 74 40 70 39 62 67 77 68 59 69 50 73 42 50 39 48 38 38 21 29 19 43 30 63 70 68 66 52 58 46 71 22 28 47 29 30 45 16 34 66 58 59 43 48 39 65 61 66 48 50 47 71 67 64 76 52 72 51 58 44 69 58 34 56 45 62 49 
50 66 44 52 46 54 20 39 45 29 28 65 41 49 65 35 44 71 51 57 52 59 22 46 45 35 35 70 47 52 68 39 51 66 73 68 75 38 61 59 51 49 86 63 68 84 55 66 53 51 55 16 46 31 37 41 62 45 43 58 31 50 54 62 24 48 47 38 37 72 49 54 70 41 53 56 17 45 37 35 37 64 45 47 62 33 49 26 50 48 39 39 74 51 56 72 43 55 10 39 44 9 40 13 28 44 20 15 30 30 34 57 39 39 54 26 44 25 15 64 35 54 70 45 35 28 47 29 30 45 16 34 43 32 25 39 13 37 60 69 85 56 63 43 58 29 44 71 42 45 58 60 31 
55 71 47 57 50 59 29 42 54 33 29 72 46 56 73 43 48 76 53 62 55 64 30 48 54 38 35 75 51 59 75 45 53 69 78 71 80 45 64 67 54 51 91 67 74 90 61 69 55 51 57 18 45 39 35 37 66 46 48 63 35 50 57 66 31 50 55 40 38 77 53 61 77 47 56 59 23 45 46 35 35 70 47 52 68 39 50 33 52 57 42 39 79 55 63 79 49 58 15 48 9 56 49 20 38 54 30 20 39 29 30 62 40 45 61 31 44 35 25 73 45 64 79 54 43 22 53 30 36 52 23 34 47 29 30 45 16 34 66 77 93 64 68 49 65 35 45 79 50 50 67 66 37 
24 35 34 26 28 27 20 29 13 27 36 29 24 10 25 6 29 43 41 33 35 34 19 35 7 31 40 35 31 17 29 11 36 47 45 44 46 12 41 18 34 40 51 39 32 45 21 44 42 47 42 35 48 9 47 56 37 44 24 26 26 49 37 36 18 36 7 32 41 38 32 20 31 12 38 38 27 42 3 39 49 35 37 19 26 19 42 16 36 8 32 40 39 33 21 33 13 38 34 38 40 49 95 28 18 12 31 30 11 43 53 30 38 18 20 22 43 20 26 25 8 24 34 26 5 54 22 37 16 10 26 41 28 47 26 15 35 51 29 30 45 16 34 14 21 17 39 30 5 20 18 25 21 
37 53 34 39 34 41 10 28 35 17 20 52 29 36 52 23 33 59 41 45 40 47 10 35 34 25 27 57 35 39 55 26 39 55 61 56 63 25 49 47 39 39 73 51 55 71 42 54 43 42 45 10 38 19 31 38 49 37 31 45 19 42 43 49 11 37 35 27 29 59 38 41 57 28 42 44 5 35 26 27 32 52 35 34 49 20 39 13 38 37 28 30 61 39 43 59 30 43 5 38 13 20 28 59 21 35 19 5 19 25 32 45 30 26 41 13 35 18 10 53 25 45 60 39 23 29 34 22 17 32 3 27 31 28 14 26 9 33 47 57 73 43 50 30 45 16 34 59 30 32 47 47 19 
39 53 44 41 41 43 10 38 17 31 38 47 36 29 42 17 41 60 52 49 48 50 16 45 19 38 44 53 43 35 47 25 48 62 62 60 64 25 55 35 46 50 69 55 51 63 39 60 53 56 54 30 55 15 50 58 53 51 37 43 31 57 50 52 17 47 21 39 46 56 45 38 50 27 50 51 23 49 14 43 51 52 47 35 44 27 52 18 48 23 40 46 58 46 39 51 28 51 26 21 28 38 18 21 60 16 13 25 8 44 52 46 45 30 38 25 50 3 13 37 10 25 41 17 13 51 37 40 22 27 21 45 39 48 28 28 30 53 47 47 62 34 51 29 39 22 47 45 16 34 32 43 27 
36 46 47 38 41 39 24 41 1 38 47 37 37 21 29 18 42 53 53 45 48 46 26 47 6 43 52 44 44 28 35 24 49 60 55 56 57 25 53 21 46 53 58 51 41 51 32 56 55 60 55 43 61 19 58 67 48 56 37 37 37 61 49 48 26 49 8 44 52 46 45 30 38 25 50 50 35 54 12 51 60 45 50 32 35 31 55 26 49 10 44 52 48 46 31 39 26 51 40 29 44 54 12 35 16 91 29 38 15 54 63 42 51 31 30 33 56 20 29 20 9 11 25 15 13 63 34 48 27 22 33 53 41 58 36 28 43 62 40 34 47 23 45 27 29 28 51 30 7 32 16 34 32 
49 64 51 52 49 53 14 44 29 35 40 60 44 41 56 29 49 71 58 59 56 60 21 52 33 43 47 66 51 47 61 35 56 71 73 70 75 35 65 49 55 57 82 65 63 77 51 69 60 61 62 29 58 25 51 57 63 56 45 55 37 61 59 63 24 54 35 45 49 68 53 50 63 38 58 60 24 54 27 46 52 63 53 45 57 35 58 25 55 37 46 50 70 55 52 65 39 60 23 19 20 30 31 19 13 29 33 25 20 45 51 57 49 39 50 30 55 10 10 50 23 36 53 25 26 47 47 41 29 39 22 47 47 48 32 38 28 53 58 61 76 47 62 40 52 29 53 59 30 44 45 55 34 
35 51 29 37 30 39 14 23 38 13 15 51 25 36 52 24 29 56 36 42 36 44 11 30 36 20 22 55 31 38 54 25 35 51 58 52 60 24 45 48 35 34 71 47 54 70 40 51 38 37 40 5 33 20 26 33 46 31 28 43 15 37 39 46 12 32 37 22 24 57 34 40 56 26 38 41 2 30 27 21 27 49 30 32 47 18 35 13 34 38 24 25 59 36 42 58 28 39 5 43 15 20 30 5 25 38 25 69 22 19 27 42 25 24 40 11 30 23 15 55 28 49 63 43 25 25 32 16 15 32 4 22 28 23 9 24 5 28 45 56 73 43 47 28 44 15 29 60 32 30 48 45 16 
30 44 36 32 32 34 10 30 16 24 32 39 27 21 36 9 32 51 43 40 40 41 11 37 15 30 38 45 34 27 40 16 40 53 53 51 55 16 47 29 38 42 61 46 43 56 30 51 45 48 46 27 48 6 44 52 44 44 28 35 24 49 42 43 11 39 16 32 39 47 36 29 42 18 42 43 20 42 7 37 45 43 39 26 36 19 44 11 40 18 32 39 49 38 31 44 20 43 25 30 30 39 11 19 8 15 20 22 85 39 48 38 38 21 29 19 43 10 15 34 5 26 40 23 5 48 28 34 14 19 18 39 31 43 22 19 28 47 38 41 56 27 42 20 31 14 39 40 11 25 27 34 20 
35 49 21 37 27 38 34 20 55 16 6 54 25 45 60 36 25 52 26 39 30 41 28 22 51 15 7 55 27 43 60 34 28 42 54 46 56 32 38 58 29 23 70 42 56 72 44 44 28 22 30 15 16 34 6 13 42 17 28 44 17 21 32 42 27 24 50 16 9 57 28 44 61 34 30 34 21 17 42 7 7 48 20 35 51 25 22 28 26 51 18 11 59 30 46 62 35 32 22 63 30 29 43 25 44 54 45 19 39 20 9 40 13 28 44 20 15 42 35 68 44 65 77 62 40 15 34 5 26 40 23 5 25 4 17 31 17 8 45 62 79 52 45 34 50 26 18 69 47 32 60 49 22 
44 57 29 45 36 47 42 29 64 26 16 63 35 54 70 46 33 59 32 47 37 48 37 30 60 24 15 64 35 53 69 43 35 47 61 52 63 42 45 67 37 29 78 49 65 81 53 50 33 26 35 22 18 44 9 6 50 22 37 53 27 24 39 50 36 31 60 25 16 65 36 54 70 44 37 41 29 23 51 15 7 56 27 44 60 34 28 37 33 61 27 18 67 38 55 71 45 38 28 70 34 30 53 32 52 63 51 27 48 9 31 49 20 38 54 30 20 50 42 77 53 75 87 70 49 10 43 15 36 50 31 13 34 5 26 40 23 5 54 72 88 61 53 44 59 35 25 79 57 42 70 58 32 
7 9 19 5 13 3 43 20 43 29 36 16 16 21 27 29 15 14 20 4 12 4 36 19 35 25 33 15 13 14 23 21 15 18 16 14 18 21 12 30 12 21 29 8 16 32 11 14 20 29 19 44 35 32 40 49 6 29 14 7 27 31 12 6 34 18 33 24 32 16 12 12 23 19 14 11 40 27 33 33 42 7 22 11 14 24 24 32 16 33 22 30 18 10 12 24 18 13 47 68 57 62 30 45 46 42 57 42 38 40 49 68 28 18 12 31 30 48 49 42 38 51 55 57 33 56 10 36 28 20 41 36 15 44 32 19 46 44 5 26 40 23 5 17 17 28 24 37 35 13 36 12 25 
25 37 9 25 16 27 36 10 52 14 11 43 16 37 51 33 13 39 13 26 17 28 29 10 46 7 5 44 15 34 49 27 15 29 41 33 43 26 25 50 17 10 57 29 45 61 34 31 15 11 17 23 10 32 11 20 29 6 18 33 13 11 19 30 27 11 46 6 3 45 16 35 50 27 17 21 25 5 39 5 13 36 7 25 41 20 10 27 13 46 7 2 47 18 36 52 28 19 29 66 39 40 38 30 45 51 49 25 38 13 20 28 11 21 35 19 5 44 39 61 42 62 72 61 37 28 24 10 24 33 27 7 14 15 17 24 25 15 34 53 68 44 33 26 40 23 5 61 43 23 54 38 18 
10 26 16 12 10 14 25 10 32 13 22 27 6 16 31 13 11 32 22 19 18 21 18 16 26 14 24 30 13 15 31 7 18 31 34 30 36 6 25 29 16 22 46 25 29 46 16 29 24 29 24 27 30 15 31 40 23 25 6 18 11 30 20 23 16 17 25 14 24 32 15 16 33 6 20 21 22 23 19 23 33 25 19 7 23 6 24 14 18 25 13 23 34 16 18 34 6 21 30 52 39 45 18 26 30 31 39 24 21 28 38 18 21 53 16 13 25 31 30 40 24 42 51 44 18 43 8 23 10 12 23 25 9 32 15 3 28 35 21 34 50 23 23 5 21 10 20 40 23 5 32 21 8 
10 15 26 10 19 10 37 24 31 30 38 11 19 9 16 20 21 23 30 16 23 16 32 26 23 29 39 16 21 2 15 15 25 31 25 26 26 16 25 17 21 31 32 21 14 29 1 26 30 39 30 43 43 24 45 55 18 37 16 6 28 41 23 18 30 26 21 28 38 18 21 0 16 13 25 23 38 35 23 38 48 15 30 9 7 22 33 28 26 20 27 37 20 20 2 18 11 25 45 58 54 61 20 41 38 30 50 40 29 44 54 12 35 16 81 29 38 39 43 30 28 39 42 45 24 59 11 39 24 10 38 41 20 48 31 15 45 50 10 18 34 11 15 11 5 25 32 26 24 12 23 5 24 
24 40 20 26 20 28 16 14 34 5 14 40 15 26 43 16 19 45 28 31 27 33 9 21 30 12 19 44 21 27 44 15 26 41 47 42 49 14 35 39 25 26 60 37 43 59 29 40 30 31 31 13 29 14 25 34 35 26 17 32 6 31 29 35 7 24 30 14 20 46 24 29 46 16 28 31 9 24 21 18 26 38 22 21 37 7 27 7 25 31 16 20 48 25 31 47 18 30 16 46 26 31 22 13 25 33 30 11 19 20 30 31 19 13 29 47 25 24 20 48 23 45 57 42 19 32 21 15 6 22 10 20 18 24 3 14 15 28 34 46 63 34 36 17 34 5 22 51 26 19 40 34 5 
27 38 11 28 18 29 41 14 57 19 15 45 20 41 54 38 16 39 11 27 17 28 34 11 51 12 8 45 17 37 52 32 15 27 40 32 42 31 24 54 17 9 58 29 46 62 37 29 13 6 15 28 5 37 11 19 29 1 21 35 19 6 19 30 32 12 50 11 6 46 17 38 52 31 16 20 30 2 44 9 13 36 8 29 43 25 7 32 13 50 11 4 47 19 39 54 32 18 34 71 44 44 43 35 50 56 55 30 43 15 20 30 5 25 38 25 11 49 44 65 47 67 76 67 42 30 27 14 29 37 33 10 17 17 23 28 30 15 35 55 70 47 34 30 43 28 5 64 48 26 58 40 23 
40 55 44 42 41 44 8 37 20 30 36 49 36 31 45 19 41 61 51 50 48 51 15 45 22 37 43 56 43 37 50 26 48 62 64 61 65 26 56 38 47 50 71 56 53 66 40 60 53 55 54 28 53 16 48 56 54 50 37 45 30 56 51 53 17 47 24 39 44 58 45 39 52 28 50 52 21 49 17 42 49 53 46 36 46 27 51 17 48 26 40 45 60 47 41 54 30 52 23 22 25 35 20 18 3 20 10 23 10 42 50 48 44 31 39 24 49 78 9 40 13 28 44 20 15 48 38 38 21 29 19 43 39 46 26 29 27 51 48 50 65 37 53 30 41 22 46 48 19 35 35 45 27 
41 56 41 43 40 45 6 35 29 25 30 53 34 36 51 22 39 63 48 50 47 52 12 42 30 33 37 59 42 40 55 27 46 61 65 61 67 27 55 45 45 47 75 56 56 71 43 60 50 51 52 20 48 18 41 48 54 45 36 47 26 51 49 54 14 44 31 35 39 61 44 43 57 30 48 51 14 44 23 36 42 55 42 37 50 25 48 16 45 33 36 40 63 45 45 59 32 50 14 28 15 25 26 10 13 29 10 15 15 35 42 49 39 30 43 20 44 9 96 49 20 38 54 30 20 39 38 31 20 33 11 37 38 38 21 29 19 43 50 56 72 42 54 32 46 20 42 56 26 36 43 48 24 
39 42 55 40 47 40 44 50 20 51 61 30 45 24 17 31 49 49 59 46 52 46 44 55 19 54 64 37 50 29 25 34 54 60 50 54 51 35 55 12 51 60 47 50 33 36 31 56 60 67 60 60 71 35 71 80 48 65 44 35 50 69 53 47 43 55 18 54 64 39 50 30 26 34 55 53 53 63 27 63 73 42 58 36 29 43 62 42 55 16 54 63 40 50 30 28 33 55 59 47 64 73 25 53 37 20 50 55 34 68 77 42 61 40 30 48 65 40 49 76 28 18 12 31 30 80 39 62 41 28 51 65 48 72 51 37 61 75 38 21 29 19 43 34 25 42 60 11 22 38 7 30 45 
31 44 39 33 34 35 15 33 10 29 37 37 30 19 32 10 35 51 46 41 42 42 17 40 10 35 43 44 37 26 37 17 42 55 53 52 55 18 48 25 40 46 59 47 41 53 29 52 48 52 49 33 52 10 49 58 44 48 30 34 29 53 44 44 17 42 11 36 44 46 39 28 39 19 44 45 25 46 5 42 50 43 42 27 34 22 47 16 42 13 36 44 48 40 30 41 20 45 31 29 35 45 8 25 10 9 23 28 5 44 53 38 42 24 28 23 47 13 20 28 76 21 35 19 5 53 29 39 18 18 24 43 34 48 27 21 33 52 38 37 52 24 42 21 29 19 43 36 6 27 22 33 24 
46 54 58 48 52 48 35 53 10 50 59 43 48 30 32 29 53 61 64 55 59 55 38 59 16 55 64 51 54 37 40 35 60 69 63 65 64 36 63 25 57 64 63 60 47 53 40 65 66 71 66 54 72 30 70 79 58 68 48 45 49 73 60 57 38 60 17 56 64 53 56 39 42 36 61 60 46 66 23 63 72 53 61 42 42 42 66 37 60 18 56 64 54 56 40 43 36 61 51 30 54 64 24 45 25 11 36 49 26 65 75 51 62 42 39 45 67 28 38 18 21 43 16 13 25 75 45 60 39 32 44 64 52 69 48 39 54 73 48 38 47 29 54 38 36 39 63 29 19 43 18 42 44 
52 55 66 53 59 53 50 62 24 61 71 42 56 35 30 40 61 62 71 59 65 59 51 66 26 65 74 49 62 41 37 44 66 73 63 67 64 45 67 25 63 72 58 63 45 47 44 68 72 79 72 68 82 43 81 90 60 77 55 48 60 81 66 60 51 67 26 65 75 51 62 42 39 45 67 66 60 74 35 73 83 55 69 48 42 53 74 50 67 26 65 74 52 62 42 40 44 67 66 45 70 79 34 60 41 25 53 63 40 77 87 55 72 51 42 57 76 44 54 12 35 16 59 29 38 88 51 72 50 39 59 76 60 81 60 48 68 85 51 33 38 31 56 46 38 51 71 21 30 50 19 43 55 
50 61 59 52 54 53 28 53 14 48 56 52 50 36 43 30 55 69 66 60 62 61 34 60 21 54 62 59 57 43 50 37 62 74 71 71 72 38 68 35 60 66 73 66 56 65 47 71 68 72 68 48 71 29 67 75 63 67 50 52 48 73 63 63 35 61 24 55 63 62 58 45 52 39 64 64 41 66 24 61 69 60 62 46 50 42 67 35 62 25 56 63 63 59 47 54 40 65 44 16 45 54 26 39 17 15 25 43 23 62 70 57 61 44 45 42 67 20 30 31 19 13 29 38 25 69 48 57 37 36 39 62 53 65 45 41 48 70 55 48 60 38 60 41 44 38 63 42 21 46 29 49 43 
26 39 34 28 29 30 15 28 14 24 33 34 24 15 30 4 30 46 41 36 36 37 14 35 11 30 38 40 32 22 35 12 37 49 49 47 50 12 43 24 35 40 55 42 37 51 25 47 43 47 43 30 47 5 44 53 39 43 25 30 24 48 38 39 13 36 12 31 39 42 33 24 37 14 39 39 23 41 2 37 46 38 37 21 30 17 42 12 37 13 31 39 44 34 26 39 15 40 29 34 35 43 5 23 13 13 26 25 5 40 49 33 37 18 24 19 42 15 20 30 5 25 38 25 87 50 24 34 13 14 21 39 28 44 22 16 31 48 33 35 51 22 38 16 26 14 38 35 7 21 23 29 19 
50 65 37 52 43 54 40 35 64 29 20 69 40 58 74 48 40 68 41 54 45 56 36 38 62 30 22 71 42 58 74 47 43 57 69 61 71 46 53 71 45 38 85 58 71 88 59 59 43 35 45 20 28 45 18 16 58 31 43 59 31 34 47 58 37 40 62 31 24 72 44 59 75 47 45 49 28 32 53 23 17 63 35 49 66 38 37 38 42 63 33 26 74 46 61 77 49 47 24 66 28 22 54 29 51 63 47 25 48 15 10 56 28 43 59 32 30 48 39 80 53 75 88 69 50 19 49 20 38 54 30 20 40 13 28 44 20 15 61 77 93 66 61 48 64 37 33 83 58 47 73 64 35 
2 18 16 4 8 6 33 13 35 20 28 20 8 15 27 19 10 24 20 12 14 13 26 16 28 19 28 22 10 10 25 12 15 25 26 23 28 11 19 27 12 21 38 18 22 39 10 23 21 28 21 34 32 22 35 44 16 26 6 10 18 30 15 15 24 16 27 18 27 24 11 11 26 9 16 15 30 24 24 27 37 17 19 2 17 14 23 22 16 26 16 26 26 11 12 28 8 16 38 58 47 53 22 34 37 34 47 32 28 34 43 10 24 8 11 21 27 38 38 39 29 45 51 48 24 49 81 28 18 12 31 30 9 37 23 9 36 39 13 28 44 20 15 7 16 18 21 37 27 2 32 14 16 
30 45 18 32 22 33 29 15 49 10 1 49 20 39 54 31 20 48 23 34 26 36 23 19 45 10 6 50 22 38 54 28 24 39 50 42 52 27 35 52 25 20 65 38 51 67 38 40 25 21 27 13 16 29 10 18 38 16 23 39 11 20 28 38 22 21 45 11 8 52 24 39 55 28 26 30 17 15 37 5 11 43 17 29 46 19 20 22 23 46 13 9 54 26 41 57 30 28 20 59 29 30 37 22 40 48 41 16 34 5 15 36 10 23 39 15 14 38 31 62 39 60 72 57 34 20 28 26 21 35 19 5 20 9 12 25 15 13 40 57 73 46 41 28 44 20 15 64 42 27 55 43 17 
21 36 22 23 19 25 15 16 28 10 20 35 14 20 37 10 19 42 30 29 27 31 8 23 24 16 24 40 21 22 39 9 27 41 45 40 46 8 35 33 25 28 56 35 38 54 25 39 31 34 33 19 34 8 30 40 33 30 16 28 10 35 29 33 6 25 24 17 25 42 24 24 40 11 29 30 13 28 15 23 32 35 24 17 32 5 30 4 26 25 18 25 44 25 26 42 13 30 20 43 30 36 16 17 22 27 29 15 14 26 36 28 24 10 24 6 29 21 20 41 18 39 50 37 13 38 18 21 57 16 13 25 18 30 9 9 21 34 30 40 57 28 34 13 28 0 25 44 20 15 34 30 5 
14 25 27 16 20 17 27 22 23 24 34 20 17 4 20 10 22 33 33 23 26 24 22 27 15 26 36 26 23 8 22 7 28 38 35 34 36 8 31 17 25 33 42 29 23 38 11 34 34 40 34 36 43 14 43 53 26 37 16 16 23 42 28 26 20 28 14 26 36 28 24 10 24 6 29 28 29 35 13 35 45 24 30 10 17 15 35 19 28 14 26 35 30 24 12 26 5 29 37 48 45 52 10 32 27 22 39 32 19 40 50 20 33 12 10 22 37 29 33 28 18 32 39 36 14 54 12 35 16 89 29 38 20 44 25 9 37 47 19 24 40 11 24 6 13 17 32 28 14 11 20 15 18 
33 49 30 36 30 38 10 24 34 14 18 49 25 33 49 20 29 55 37 41 37 43 7 31 32 21 25 53 32 36 52 22 36 51 57 52 59 22 46 44 35 36 69 47 52 67 38 51 40 39 41 9 36 16 29 37 46 34 27 41 16 39 39 46 8 33 33 24 27 55 34 38 54 24 38 41 2 32 24 24 30 48 31 30 45 17 36 10 35 35 25 28 57 36 40 56 26 40 7 39 16 23 26 3 21 33 22 4 18 23 31 41 27 23 38 10 33 19 11 51 24 44 59 39 21 30 31 19 13 29 41 25 28 27 10 23 9 32 44 53 70 40 46 26 42 13 31 56 28 28 44 43 15 
31 44 16 32 23 34 35 16 54 14 6 50 21 42 56 35 20 47 20 34 25 35 28 17 49 11 2 51 22 40 56 31 22 36 49 40 50 30 33 55 24 18 65 37 51 68 40 38 22 17 24 18 11 34 5 15 37 11 24 40 15 16 26 37 27 19 49 12 4 52 23 41 57 31 24 28 22 11 41 2 7 43 15 31 47 22 17 27 21 49 13 6 54 25 42 58 32 26 25 65 34 34 41 27 45 53 47 22 39 5 13 36 7 25 41 20 10 43 37 65 43 64 76 62 39 20 30 5 25 38 25 31 20 8 17 28 20 9 41 59 75 49 40 31 46 25 13 66 46 28 58 44 20 
10 24 6 11 2 13 33 5 42 14 20 29 3 24 37 23 1 28 12 14 9 16 25 7 35 10 19 30 3 20 35 16 9 23 30 24 32 15 17 36 7 12 45 19 30 47 19 22 14 19 15 29 22 24 25 35 18 17 4 19 12 21 11 18 23 8 34 8 18 31 6 20 36 15 11 13 26 15 29 18 27 23 9 11 26 12 14 22 8 34 7 16 33 7 21 37 15 12 33 61 43 47 28 31 39 41 47 28 31 25 34 15 14 9 20 18 17 39 38 48 34 52 60 53 28 40 9 20 18 20 28 20 98 28 18 12 31 30 20 38 54 30 20 14 26 18 11 47 33 9 41 24 13 
39 52 24 40 31 42 37 24 58 20 10 58 29 49 64 40 28 55 28 42 33 43 31 25 55 18 10 59 30 47 63 38 30 44 57 48 58 36 40 62 32 25 73 45 59 76 48 46 30 23 32 18 16 38 5 10 45 18 31 48 21 21 34 45 31 27 55 19 11 60 31 48 64 38 32 36 24 19 46 10 5 51 23 39 55 29 24 31 29 55 21 13 62 33 50 66 39 34 24 66 32 29 47 28 48 58 48 23 43 4 5 44 15 32 48 24 17 46 38 72 48 69 81 65 44 13 37 9 30 44 27 8 28 40 21 35 19 5 49 66 82 56 48 38 54 30 20 73 51 36 64 52 26 
25 41 20 27 20 29 18 14 37 3 10 42 16 29 45 19 19 46 27 32 27 34 11 21 33 11 16 45 22 30 47 18 25 41 48 42 50 17 35 42 25 25 61 37 45 61 31 41 29 29 31 11 27 17 22 30 36 24 18 33 5 29 29 36 10 23 33 13 17 47 24 31 48 19 28 31 8 22 25 15 23 40 21 23 39 9 26 10 24 34 14 18 49 26 33 50 21 29 15 48 25 30 26 14 28 36 32 9 22 17 26 32 17 15 31 3 23 26 21 51 27 48 60 45 22 28 23 12 9 25 10 17 18 21 77 16 13 25 36 49 65 37 38 20 36 9 21 54 30 20 44 37 7 
11 27 19 14 13 15 23 13 29 15 24 26 9 13 29 11 14 33 25 21 20 22 17 19 23 17 26 30 15 13 30 4 21 34 35 32 37 3 27 27 19 25 46 27 29 45 15 31 27 32 27 27 33 13 33 43 25 28 9 18 13 33 22 24 15 20 22 17 26 32 17 15 31 3 23 23 22 26 16 25 35 26 22 7 23 6 27 13 21 22 16 26 34 18 17 33 4 23 30 50 39 45 15 26 28 28 38 24 19 31 40 19 24 3 15 14 28 29 29 37 21 39 48 41 16 44 9 25 9 9 23 28 12 35 16 108 29 38 21 32 49 21 24 3 20 10 23 38 20 6 30 20 9 
39 55 31 41 33 43 19 26 44 16 14 56 29 41 58 29 32 59 38 45 39 47 16 32 42 22 21 59 34 43 59 30 37 53 61 55 63 29 48 53 38 35 75 50 58 74 45 53 40 37 42 2 32 26 23 29 49 31 32 47 18 36 41 49 17 34 43 24 24 61 36 45 61 31 40 43 8 31 33 21 24 53 31 36 52 23 35 19 36 44 26 25 63 38 47 63 33 42 4 47 13 16 35 9 30 43 28 5 28 17 23 46 25 28 45 15 30 27 19 61 33 54 68 48 31 20 36 15 21 37 9 20 31 19 13 29 60 25 49 61 78 49 51 33 49 20 30 65 38 34 54 50 20 
40 53 25 41 32 43 42 25 63 24 14 59 31 51 66 44 29 54 26 42 32 44 36 25 58 21 11 59 31 49 65 41 30 42 56 47 58 40 40 65 32 24 73 44 60 77 49 45 28 20 30 23 13 43 4 5 45 16 33 49 24 18 34 45 35 27 58 21 12 61 32 50 66 41 31 36 29 17 50 12 2 51 22 41 56 32 23 36 28 59 23 13 62 34 51 67 42 33 30 71 37 34 51 33 53 62 53 28 47 8 5 44 15 35 50 28 15 51 43 75 52 73 85 70 48 15 39 13 34 47 32 9 30 5 25 38 25 41 50 68 84 58 49 41 56 34 20 76 55 38 68 54 30 
10 6 25 8 18 6 44 25 41 33 40 10 20 19 22 29 20 13 26 9 18 8 38 24 33 30 39 10 19 12 17 22 20 22 15 16 17 23 17 25 18 27 25 12 10 27 8 17 25 35 24 47 40 32 45 54 10 35 18 3 31 37 18 9 36 23 31 29 38 11 18 10 17 20 20 17 43 33 32 38 47 5 27 13 9 27 29 34 22 30 27 36 13 16 8 18 18 19 51 67 60 66 29 47 47 40 58 45 38 45 54 5 34 21 10 34 35 48 50 38 38 48 51 55 33 61 13 40 30 19 44 41 20 49 36 21 49 50 57 21 35 19 5 18 12 31 30 32 33 15 32 7 29 
28 23 44 27 36 26 50 42 35 47 56 10 37 20 5 34 39 29 47 30 39 30 46 44 28 47 57 16 38 19 4 31 41 43 30 36 30 32 38 13 38 48 25 33 12 16 18 37 46 55 46 60 60 38 63 73 30 55 35 20 46 58 39 30 45 43 26 47 56 17 38 18 5 29 41 38 54 53 33 56 66 23 47 27 12 39 50 43 42 24 45 55 18 37 16 6 28 40 61 64 69 77 30 57 47 34 61 56 41 62 72 26 53 34 18 46 55 50 56 21 37 38 33 48 35 77 28 57 40 24 53 59 38 66 49 32 61 68 21 36 16 13 25 28 12 41 49 12 31 30 19 14 41 
43 34 59 42 52 41 66 58 47 64 73 24 53 37 20 50 54 38 61 44 53 43 63 59 43 63 73 26 53 35 19 47 56 54 38 46 37 48 50 27 53 62 25 45 24 12 34 48 60 70 59 76 75 54 79 89 43 70 50 35 62 72 53 42 61 58 41 62 72 26 53 34 18 46 55 52 70 68 49 72 81 35 62 43 27 55 64 59 57 39 61 70 26 51 32 16 44 54 78 76 85 93 45 73 62 47 76 73 56 79 88 40 68 50 34 63 70 65 72 29 52 47 38 60 51 93 44 73 57 40 70 75 54 82 65 49 78 84 35 16 25 29 38 45 28 58 65 18 46 46 31 30 58 
20 24 36 21 29 21 36 33 23 36 45 14 27 7 9 20 31 32 41 27 33 27 33 36 16 37 47 21 31 10 13 19 35 42 34 36 35 20 36 6 32 41 35 32 18 29 12 37 41 49 41 47 53 24 54 64 29 47 26 16 35 51 34 29 32 37 14 37 47 24 31 11 15 18 36 34 41 45 20 46 56 24 39 18 12 27 43 30 36 12 36 46 25 31 11 17 16 36 48 52 56 64 16 43 34 23 47 43 27 52 61 23 44 23 11 34 47 37 42 19 24 29 31 38 22 66 20 46 28 11 40 49 30 56 37 21 49 58 19 13 29 62 25 17 7 28 42 17 18 20 12 12 30 
12 4 24 10 18 8 48 25 46 35 41 14 22 24 27 33 20 8 23 6 16 5 42 23 39 31 38 11 18 17 21 26 19 17 11 11 13 26 13 31 16 25 24 7 13 28 13 12 23 32 21 49 38 36 44 53 5 33 19 8 33 35 15 4 40 22 37 29 37 12 17 15 21 24 18 14 45 31 37 38 46 2 26 17 14 29 27 38 20 36 27 35 13 15 14 21 22 16 53 72 63 68 34 50 51 45 62 47 42 45 53 5 33 23 15 36 34 53 54 43 42 54 56 60 38 61 15 41 34 24 46 40 20 48 38 24 51 49 5 25 38 25 60 22 18 34 28 37 38 18 37 12 31 
9 24 20 12 14 13 26 16 28 19 28 22 10 10 25 12 15 31 26 19 20 20 20 21 21 20 29 27 16 10 26 4 21 33 33 30 35 4 26 23 19 26 43 25 25 41 12 30 27 33 28 31 36 14 36 46 23 30 10 15 17 35 22 23 18 22 20 20 29 29 17 11 28 2 23 23 26 28 16 29 38 23 23 5 19 10 28 16 22 20 19 28 31 18 13 30 1 23 33 51 43 49 14 30 29 27 40 28 20 34 44 17 26 5 11 17 30 30 32 34 21 38 46 41 16 48 7 28 13 6 26 31 14 38 20 3 33 41 18 28 45 17 22 42 16 13 25 35 19 5 27 17 12 
16 17 32 16 24 15 40 30 30 35 44 8 24 10 10 23 27 24 35 21 28 21 35 32 23 35 44 15 26 6 10 19 30 35 26 29 27 20 29 13 27 36 29 25 11 25 6 30 36 44 35 48 48 27 51 61 22 43 22 10 33 46 28 22 33 32 20 34 44 17 26 5 11 17 30 28 42 41 24 44 53 17 35 15 5 27 39 31 31 19 33 42 18 26 4 13 15 30 49 58 58 65 21 45 39 29 52 44 31 50 59 17 40 21 5 34 43 41 46 25 29 36 38 44 26 64 16 44 28 13 42 46 26 54 36 20 49 56 12 12 28 7 18 16 70 29 38 21 24 17 19 5 29 
21 37 22 23 19 25 15 15 29 10 19 36 14 21 37 10 19 43 29 29 27 31 8 23 24 16 24 40 21 23 39 10 26 41 45 40 47 9 35 33 25 28 56 35 39 54 25 40 31 34 32 19 33 9 30 39 34 29 16 28 10 34 29 34 5 25 24 17 25 42 24 25 41 11 29 30 12 27 16 23 32 35 24 17 32 5 30 4 26 25 18 25 44 25 27 43 13 30 20 44 29 35 17 16 22 28 29 15 14 26 35 28 23 10 25 5 28 22 20 42 19 39 51 38 14 37 18 20 0 17 13 25 18 30 9 10 20 34 31 41 58 28 34 13 29 39 25 45 21 16 35 30 5 
21 32 5 22 13 23 39 10 52 17 16 40 14 36 48 33 10 34 7 21 12 23 31 5 46 9 11 39 11 32 46 27 10 23 36 27 38 26 20 48 12 5 53 24 41 57 31 25 9 8 11 28 10 33 15 24 24 5 15 30 16 10 14 25 29 6 45 7 9 40 12 32 47 26 11 16 29 3 39 11 17 31 2 23 37 20 5 29 8 45 7 7 42 13 33 48 27 13 34 69 44 45 39 34 47 51 53 29 39 18 25 24 5 20 32 22 5 46 42 60 43 63 71 63 38 33 21 15 25 32 31 13 11 20 21 23 30 20 30 49 65 42 28 25 38 25 10 59 44 21 53 35 19 
37 35 53 37 46 36 50 50 30 53 63 23 45 24 10 36 48 41 57 41 49 41 49 53 26 55 65 29 48 26 16 36 51 55 43 48 43 37 50 11 48 58 36 45 25 25 28 50 57 65 56 64 70 39 71 81 42 64 43 30 52 68 50 42 48 53 24 54 64 30 48 26 17 35 52 49 57 62 33 64 73 36 56 35 23 44 60 46 52 22 53 63 31 47 26 18 34 51 64 58 71 79 30 59 45 30 59 60 40 69 79 37 61 40 26 51 64 48 56 11 36 29 21 42 35 83 37 64 44 28 56 66 47 73 54 38 65 76 32 12 18 17 37 35 21 45 59 33 29 38 13 25 47 
29 39 39 30 33 31 21 34 8 31 40 32 29 14 26 10 34 47 46 38 40 39 21 40 3 36 45 39 36 21 31 16 41 52 49 49 50 17 46 19 39 45 53 44 35 47 25 49 47 52 48 38 53 12 51 60 41 49 29 30 30 54 42 41 21 41 5 37 45 41 37 24 33 17 43 43 30 47 5 44 53 39 42 24 29 23 47 19 41 7 37 45 43 38 25 35 18 43 36 34 42 50 5 30 16 7 30 32 11 47 57 35 43 23 24 26 48 19 26 22 6 19 30 21 7 58 27 42 20 14 28 46 33 51 30 20 38 55 33 31 46 18 38 19 24 21 44 29 27 25 16 28 25 
5 21 16 7 9 9 30 12 33 18 26 22 7 14 28 17 10 27 21 14 15 16 23 16 26 17 27 25 11 11 27 9 16 28 29 25 31 9 21 27 13 21 41 20 24 40 11 25 22 29 22 32 32 19 34 43 18 26 5 13 16 30 17 18 21 17 25 17 26 27 12 12 28 7 17 17 28 24 22 26 36 19 19 2 19 11 23 19 17 25 15 25 29 13 13 30 6 18 35 56 45 50 20 32 34 32 44 30 25 32 42 13 23 5 12 19 26 35 36 38 27 43 50 46 21 47 2 27 15 11 28 28 9 36 20 6 34 38 15 30 46 20 18 5 17 16 21 38 25 51 31 16 13 
33 37 47 34 40 34 38 43 16 44 54 25 38 16 14 24 42 44 52 40 46 40 37 48 12 47 57 33 43 22 21 26 47 54 46 49 47 27 48 7 44 53 45 44 29 35 25 50 53 60 53 53 63 28 63 73 42 58 37 29 43 62 47 41 36 48 11 47 57 35 43 23 24 26 48 47 46 56 20 56 65 37 51 29 24 35 55 35 48 9 46 56 36 43 23 25 26 48 52 45 58 67 18 47 32 16 45 48 27 60 70 36 54 32 23 40 58 35 43 7 22 18 19 29 23 73 32 55 34 20 44 58 41 64 44 30 54 68 32 19 31 12 37 27 19 35 53 13 16 31 59 25 38 
13 12 29 12 22 11 42 28 35 35 43 5 23 14 14 26 24 19 32 16 24 16 37 29 27 33 43 10 23 7 11 21 26 30 21 24 22 21 24 18 23 33 26 20 8 24 5 25 32 40 31 48 46 30 49 59 17 40 20 5 33 43 24 17 35 29 25 32 42 13 23 5 12 19 26 24 43 38 28 42 51 11 32 14 2 27 35 33 28 24 31 40 14 22 3 13 17 26 50 62 60 66 25 47 43 34 55 45 34 49 58 12 38 21 5 34 40 45 48 30 33 42 43 49 29 64 14 43 30 15 43 44 24 52 37 20 50 54 7 14 30 12 12 17 5 30 35 25 28 16 25 76 29 
18 34 17 20 15 22 20 10 33 6 16 35 10 22 38 14 14 39 24 26 22 28 12 18 28 11 19 38 17 23 39 11 21 36 42 36 44 10 30 35 20 23 54 31 37 54 24 35 26 28 27 19 28 14 26 35 30 24 12 26 5 29 24 30 10 20 28 12 20 40 19 24 41 12 24 26 14 22 20 18 28 33 19 15 31 2 24 9 21 29 12 20 42 20 26 42 13 25 22 49 31 37 21 19 27 32 34 16 20 22 32 25 18 8 24 5 23 27 24 45 24 44 55 43 19 35 16 17 5 18 15 20 13 26 7 9 20 30 29 41 58 30 31 12 29 5 19 47 25 13 38 29 50 
