66 12
76 28 17 23 40 31 6 12 42 29 36 20 24 37 26 11 31 28 10 18 6 6 10 20 28 16 9 26 30 29 34 34 7 18 19 25 6 13 47 13 32 35 34 9 17 28 25 31 49 22 35 8 3 32 29 31 22 14 14 7 21 7 8 29 39 31 
28 40 24 40 40 8 22 25 29 2 15 38 52 65 50 32 57 56 32 35 27 24 37 26 11 31 28 10 18 6 59 50 21 46 46 33 22 20 66 37 60 61 49 36 36 31 46 50 51 26 34 25 24 18 9 4 49 28 28 21 33 26 21 12 24 4 
17 24 49 15 23 22 11 5 25 24 25 37 38 48 27 28 47 43 12 34 22 20 22 3 31 31 25 17 36 29 37 26 11 31 28 10 18 6 41 16 41 41 24 19 12 11 22 26 33 5 18 23 16 19 31 26 36 6 29 17 8 23 10 18 23 29 
23 40 15 75 24 38 22 16 35 40 40 42 33 38 14 34 44 38 13 40 29 29 20 15 46 39 32 32 50 44 24 11 22 27 21 11 28 20 26 11 31 28 10 18 6 17 8 10 29 16 22 32 25 32 46 42 32 12 38 27 7 31 21 33 36 44 
40 40 23 24 52 34 35 28 17 39 31 60 57 62 38 52 67 62 32 58 45 43 42 20 51 55 48 30 57 46 47 24 35 50 45 15 41 29 37 34 55 52 22 39 27 11 31 28 10 18 6 47 40 23 49 39 55 26 53 40 20 46 33 28 22 45 
31 8 22 38 34 23 25 25 21 6 6 44 56 68 50 38 62 60 33 42 32 29 40 23 20 38 34 5 26 14 60 47 24 49 49 30 27 20 63 37 62 63 45 38 35 26 45 48 44 23 28 31 28 10 18 6 53 28 35 25 30 31 24 5 15 12 
6 22 11 22 35 25 62 7 35 23 29 25 31 43 28 17 38 35 10 23 10 8 15 14 25 20 13 20 28 25 37 33 0 24 24 21 6 6 47 15 37 39 32 14 16 23 26 31 44 17 29 11 5 26 25 25 28 10 18 6 17 11 1 22 32 26 
12 25 5 16 28 25 7 57 30 25 28 32 33 44 25 23 42 38 8 29 17 15 17 8 30 27 20 19 34 29 35 27 7 26 24 14 13 4 42 12 37 37 26 14 11 16 21 26 37 10 23 18 11 23 30 27 31 4 25 13 10 18 6 21 28 29 
42 29 25 35 17 21 35 30 21 28 16 60 63 72 50 52 72 69 38 57 45 43 47 23 41 54 48 20 48 35 60 40 35 57 53 24 40 28 54 41 65 64 37 45 36 18 43 43 26 21 14 45 40 11 39 27 62 31 51 39 28 46 34 18 6 33 
29 2 24 40 39 6 23 25 28 36 12 40 54 67 51 34 59 58 33 38 29 26 39 26 14 33 30 9 20 7 61 50 23 47 48 33 24 21 66 38 61 63 49 37 36 30 47 50 49 26 33 27 26 16 11 2 51 29 31 23 33 28 23 10 22 6 
36 15 25 40 31 6 29 28 16 12 12 51 60 72 53 44 67 65 37 48 38 35 45 25 26 44 40 9 33 20 63 48 29 54 53 30 32 24 64 41 66 66 46 43 37 25 47 49 41 23 26 37 34 7 24 11 58 31 41 31 32 37 28 7 10 18 
20 38 37 42 60 44 25 32 60 40 51 56 24 40 40 8 22 25 29 2 15 17 23 40 31 6 12 42 29 36 45 53 25 23 29 46 19 32 63 31 38 43 52 25 36 48 42 49 69 42 55 14 20 49 33 42 22 34 9 21 41 14 27 44 56 38 
24 52 38 33 57 56 31 33 63 54 60 24 34 15 23 22 11 5 25 24 25 28 16 40 50 27 25 51 50 53 23 40 31 6 12 42 29 36 45 23 14 20 41 18 29 47 28 35 63 42 53 27 27 56 51 56 2 32 28 31 36 26 32 53 62 54 
37 65 48 38 62 68 43 44 72 67 72 40 15 47 24 38 22 16 35 40 40 42 28 49 65 43 40 63 66 67 17 40 44 20 19 48 43 48 40 31 6 12 42 29 36 54 31 35 66 51 60 42 41 67 66 69 18 42 44 45 44 41 44 65 71 69 
26 50 27 14 38 50 28 25 50 51 53 40 23 24 80 34 35 28 17 39 31 32 17 28 53 39 33 44 56 53 10 17 29 19 12 25 32 30 23 13 17 14 18 17 15 31 6 12 42 29 36 34 29 46 54 53 23 22 39 32 21 33 28 46 50 54 
11 32 28 34 52 38 17 23 52 34 44 8 22 38 34 63 25 25 21 6 6 9 16 31 28 5 4 34 27 32 40 45 17 19 24 37 11 24 57 23 35 39 45 17 28 40 35 42 61 34 47 6 12 42 29 36 20 26 5 13 32 6 18 37 48 34 
31 57 47 44 67 62 38 42 72 59 67 22 11 22 35 25 13 7 35 23 29 32 25 49 52 28 28 58 51 57 34 51 38 17 23 52 35 44 57 33 23 30 52 28 40 57 40 46 74 52 63 31 33 64 54 61 12 42 29 36 47 30 39 60 70 59 
28 56 43 38 62 60 35 38 69 58 65 25 5 16 28 25 7 24 30 25 28 31 21 45 53 29 28 55 53 56 27 45 35 12 17 47 33 41 50 28 16 23 46 23 35 52 34 40 68 47 58 30 31 61 54 60 6 37 30 35 42 29 36 57 66 58 
10 32 12 13 32 33 10 8 38 33 37 29 25 35 17 21 35 30 84 28 16 16 9 14 36 26 19 28 39 36 27 24 11 18 16 17 15 12 37 4 29 29 23 7 7 21 15 21 40 17 28 19 12 31 36 35 23 6 25 15 12 18 11 29 36 36 
18 35 34 40 58 42 23 29 57 38 48 2 24 40 39 6 23 25 28 59 12 14 22 38 29 4 9 39 28 34 44 51 23 22 28 43 17 30 62 29 38 43 51 23 35 46 41 48 67 40 53 12 18 47 31 40 22 32 6 18 39 12 24 42 53 36 
6 27 22 29 45 32 10 17 45 29 38 15 25 40 31 6 29 28 16 12 73 3 14 25 25 10 3 28 26 28 38 40 10 19 23 31 5 17 53 19 35 38 40 14 23 33 31 37 54 27 40 3 5 35 26 31 22 19 8 6 26 1 12 31 42 29 
6 24 20 29 43 29 8 15 43 26 35 17 28 42 32 9 32 31 16 14 3 48 15 23 22 11 5 25 24 25 40 40 8 22 25 29 2 15 53 19 37 40 39 15 23 31 31 37 53 25 38 3 4 32 23 28 25 18 9 4 25 2 10 28 39 26 
10 37 22 20 42 40 15 17 47 39 45 23 16 28 17 16 25 21 9 22 14 15 80 24 38 22 16 35 40 40 24 30 16 9 9 26 16 20 40 8 22 25 29 2 15 31 19 26 49 26 38 17 13 40 39 41 14 16 21 17 21 16 16 37 45 41 
20 26 3 15 20 23 14 8 23 26 25 40 40 49 28 31 49 45 14 38 25 23 24 81 34 35 28 17 39 31 38 24 15 33 30 7 21 9 40 17 42 41 22 21 13 8 22 25 29 2 15 26 19 18 33 27 38 7 32 20 7 26 13 18 22 31 
28 11 31 46 51 20 25 30 41 14 26 31 50 65 53 28 52 53 36 29 25 22 38 34 17 25 25 21 6 6 62 57 24 45 47 41 21 26 72 40 60 63 56 37 41 40 51 56 61 35 45 22 25 29 2 15 47 34 23 21 40 23 25 23 36 9 
16 31 31 39 55 38 20 27 54 33 44 6 27 43 39 5 28 29 26 4 10 11 22 35 25 44 7 35 23 29 45 50 20 24 29 41 13 26 62 28 40 45 50 23 33 43 40 47 64 37 50 8 15 43 27 35 25 29 2 15 36 9 21 37 49 32 
9 28 25 32 48 34 13 20 48 30 40 12 25 40 33 4 28 28 19 9 3 5 16 28 25 7 50 30 25 28 40 43 13 20 24 34 7 20 55 21 36 40 43 16 26 36 33 40 57 30 43 3 8 38 26 32 22 22 5 9 29 2 15 33 44 30 
26 10 17 32 30 5 20 19 20 9 9 42 51 63 44 34 58 55 28 39 28 25 35 17 21 35 30 59 28 16 54 42 19 44 43 24 23 15 58 32 57 57 40 33 29 21 39 42 40 17 24 27 24 8 20 10 48 22 32 21 25 28 19 2 15 15 
30 18 36 50 57 26 28 34 48 20 33 29 50 66 56 27 51 53 39 28 26 24 40 39 6 23 25 28 5 12 65 62 28 46 49 47 24 30 76 43 62 65 60 40 45 46 55 60 67 40 51 23 27 36 8 21 48 38 22 23 44 25 29 29 42 15 
29 6 29 44 46 14 25 29 35 7 20 36 53 67 53 32 57 56 36 34 28 25 40 31 6 29 28 16 12 30 63 55 24 47 49 38 23 24 71 40 62 64 53 38 40 36 50 55 56 31 40 25 26 24 4 8 50 32 27 22 37 26 25 18 29 2 
34 59 37 24 47 60 37 35 60 61 63 45 23 17 10 40 34 27 27 44 38 40 24 38 62 45 40 54 65 63 31 24 38 22 16 35 40 40 23 22 11 5 25 24 25 41 16 19 49 39 46 41 37 56 63 62 24 32 45 41 31 40 38 56 60 63 
34 50 26 11 24 47 33 27 40 50 48 53 40 40 17 45 51 45 24 51 40 40 30 24 57 50 43 42 62 55 24 47 34 35 28 17 39 31 15 22 34 29 2 28 17 22 11 5 25 24 25 43 36 40 57 52 40 23 49 39 17 42 32 42 42 55 
7 21 11 22 35 24 0 7 35 23 29 25 31 44 29 17 38 35 11 23 10 8 16 15 24 20 13 19 28 24 38 34 45 25 25 21 6 6 48 15 38 40 33 14 17 23 26 32 44 17 29 11 5 25 24 25 29 11 17 5 18 11 1 21 32 25 
18 46 31 27 50 49 24 26 57 47 54 23 6 20 19 19 17 12 18 22 19 22 9 33 45 24 20 44 46 47 22 35 25 23 7 35 23 29 42 16 15 20 35 11 23 40 23 30 57 35 46 22 21 49 46 49 5 25 24 25 30 21 25 46 55 49 
19 46 28 21 45 49 24 24 53 48 53 29 12 19 12 24 23 17 16 28 23 25 9 30 47 29 24 43 49 49 16 28 25 7 10 30 25 28 35 12 13 15 28 10 18 36 16 23 51 32 42 26 22 47 48 50 11 22 29 26 25 24 25 45 52 50 
25 33 10 11 15 30 21 14 24 33 30 46 42 48 25 37 52 47 17 43 31 29 26 7 41 41 34 24 47 38 35 17 21 35 30 51 28 16 33 19 41 39 15 24 12 6 19 19 23 7 11 33 26 22 41 34 40 11 39 27 5 32 20 24 25 38 
6 22 18 28 41 27 6 13 40 24 32 19 29 43 32 11 35 33 15 17 5 2 16 21 21 13 7 23 24 23 40 39 6 23 25 28 49 12 53 19 38 41 38 15 22 29 31 37 51 23 36 5 3 30 22 26 27 17 11 1 24 5 7 25 36 25 
13 20 6 20 29 20 6 4 28 21 24 32 36 48 30 24 44 41 12 30 17 15 20 9 26 26 20 15 30 24 40 31 6 29 28 16 12 50 46 17 41 42 29 18 15 17 26 30 38 10 23 18 12 19 25 22 34 8 24 11 13 17 5 17 25 24 
47 66 41 26 37 63 47 42 54 66 64 63 45 40 23 57 57 50 37 62 53 53 40 40 72 62 55 58 76 71 23 15 48 42 35 33 53 46 48 34 35 28 17 39 31 38 22 16 35 40 40 56 50 56 72 67 46 38 61 53 33 55 47 58 57 71 
13 37 16 11 34 37 15 12 41 38 41 31 23 31 13 23 33 28 4 29 19 19 8 17 40 28 21 32 43 40 22 22 15 16 12 19 19 17 34 77 25 25 21 6 6 24 12 18 41 20 30 22 16 35 40 40 21 10 27 19 13 20 15 34 40 41 
32 60 41 31 55 62 37 37 65 61 66 38 14 6 17 35 23 16 29 38 35 37 22 42 60 40 36 57 62 62 11 34 38 15 13 41 38 41 35 25 44 7 35 23 29 47 24 28 59 44 53 38 36 60 61 63 16 35 40 40 37 37 38 58 65 63 
35 61 41 28 52 63 39 37 64 63 66 43 20 12 14 39 30 23 29 43 38 40 25 41 63 45 40 57 65 64 5 29 40 20 15 39 41 42 28 25 7 32 30 25 28 45 20 24 55 43 50 42 38 59 64 65 22 35 45 42 35 40 40 59 64 65 
34 49 24 10 22 45 32 26 37 49 46 52 41 42 18 45 52 46 23 51 40 39 29 22 56 50 43 40 60 53 25 2 33 35 28 15 38 29 17 21 35 30 71 28 16 20 12 6 24 22 23 42 35 38 55 50 40 22 48 38 16 41 31 40 40 53 
9 36 19 18 39 38 14 14 45 37 43 25 18 29 17 17 28 23 7 23 14 15 2 21 37 23 16 33 40 38 24 28 14 11 10 24 15 18 39 6 23 25 28 81 12 29 17 24 47 24 35 17 12 37 38 39 16 14 22 16 19 16 14 35 43 40 
17 36 12 6 27 35 16 11 36 36 37 36 29 36 15 28 40 35 7 35 23 23 15 13 41 33 26 29 45 40 25 17 17 23 18 12 22 15 31 6 29 28 16 12 80 18 10 15 34 15 24 26 19 31 41 38 28 7 32 22 7 25 16 31 35 40 
28 31 11 17 11 26 23 16 18 30 25 48 47 54 31 40 57 52 21 46 33 31 31 8 40 43 36 21 46 36 41 22 23 40 36 6 29 17 38 24 47 45 20 29 18 68 25 25 21 6 6 35 28 17 39 31 45 15 41 28 10 34 21 20 19 35 
25 46 22 8 31 45 26 21 43 47 47 42 28 31 6 35 40 34 15 41 31 31 19 22 51 40 33 39 55 50 16 11 26 23 16 19 31 26 22 12 24 20 12 17 10 25 70 7 35 23 29 34 27 40 51 48 28 17 39 31 15 32 26 40 43 50 
31 50 26 10 28 48 31 26 43 50 49 49 35 35 12 42 46 40 21 48 37 37 26 25 56 47 40 42 60 55 19 5 32 30 23 19 37 30 16 18 28 24 6 24 15 25 7 56 30 25 28 40 34 42 56 52 35 22 46 37 17 39 31 43 44 55 
49 51 33 29 10 44 44 37 26 49 41 69 63 66 42 61 74 68 40 67 54 53 49 29 61 64 57 40 67 56 49 25 44 57 51 23 51 38 35 41 59 55 24 47 34 21 35 30 35 28 16 56 49 34 60 50 62 35 62 50 28 55 43 39 31 55 
22 26 5 16 18 23 17 10 21 26 23 42 42 51 29 34 52 47 17 40 27 25 26 2 35 37 30 17 40 31 39 24 17 35 32 7 23 10 40 20 44 43 22 24 15 6 23 25 28 78 12 28 22 16 34 27 40 10 35 22 8 28 15 17 20 31 
35 34 18 22 6 28 29 23 14 33 26 55 53 60 36 47 63 58 28 53 40 38 38 15 45 50 43 24 51 40 46 25 29 46 42 11 36 23 40 30 53 50 23 35 24 6 29 28 16 12 62 41 34 18 43 34 52 21 47 35 16 41 28 23 17 39 
8 25 23 32 47 31 11 18 45 27 37 14 27 42 34 6 31 30 19 12 3 3 17 26 22 8 3 27 23 25 41 43 11 22 26 33 5 18 56 22 38 42 42 17 26 35 34 40 56 28 41 50 7 35 23 29 25 21 6 6 28 1 13 30 42 27 
3 24 16 25 40 28 5 11 40 26 34 20 27 41 29 12 33 31 12 18 5 4 13 19 25 15 8 24 27 26 37 36 5 21 22 26 3 12 50 16 36 38 35 12 19 28 27 34 49 22 34 7 50 30 25 28 25 14 13 4 21 6 6 26 37 27 
32 18 19 32 23 10 26 23 11 16 7 49 56 67 46 42 64 61 31 47 35 32 40 18 29 43 38 8 36 24 56 40 25 49 47 22 30 19 56 35 60 59 38 37 31 17 40 42 34 16 18 35 30 43 28 16 54 25 40 28 25 35 24 6 6 22 
29 9 31 46 49 18 25 30 39 11 24 33 51 66 54 29 54 54 36 31 26 23 39 33 2 27 26 20 8 4 63 57 24 46 48 41 22 25 72 40 61 64 55 38 41 39 51 56 60 34 43 23 25 28 12 12 49 34 25 21 39 25 25 21 34 6 
31 4 26 42 39 6 25 27 27 2 11 42 56 69 53 36 61 60 35 40 31 28 41 27 15 35 32 10 21 8 62 52 25 49 50 34 26 22 67 40 63 65 50 39 38 31 48 52 50 27 34 29 28 16 12 13 53 31 33 25 34 30 25 10 21 6 
22 49 36 32 55 53 28 31 62 51 58 22 2 18 23 20 12 6 23 22 22 25 14 38 47 25 22 48 48 50 24 40 29 5 11 40 27 34 46 21 16 22 40 16 28 45 28 35 62 40 52 25 25 54 49 53 14 30 25 28 35 23 29 51 59 52 
14 28 6 12 26 28 10 4 31 29 31 34 32 42 22 26 42 37 6 32 19 18 16 7 34 29 22 22 38 32 32 23 11 25 22 11 17 8 38 10 35 35 22 14 7 15 17 22 35 10 21 21 14 25 34 31 30 70 28 16 7 20 9 23 29 33 
14 28 29 38 53 35 18 25 51 31 41 9 28 44 39 5 29 30 25 6 8 9 21 32 23 2 5 32 22 27 45 49 17 24 29 39 11 24 61 27 40 45 48 22 32 41 39 46 62 35 47 6 13 40 25 33 25 28 47 12 35 7 19 35 47 29 
7 21 17 27 40 25 6 13 39 23 31 21 31 45 32 13 36 35 15 18 6 4 17 20 21 15 9 21 23 22 41 39 5 25 26 27 1 11 53 19 40 42 38 16 22 28 31 37 50 22 35 6 4 28 21 25 28 16 12 59 23 6 7 24 35 23 
21 33 8 7 20 30 17 10 28 33 32 41 36 44 21 32 47 42 12 39 26 25 21 7 40 36 29 25 44 37 31 17 18 30 25 5 24 13 33 13 37 35 16 19 7 10 15 17 28 8 16 28 21 25 39 34 35 7 35 23 61 28 16 25 28 37 
7 26 23 31 46 31 11 18 46 28 37 14 26 41 33 6 30 29 18 12 1 2 16 26 23 9 2 28 25 26 40 42 11 21 24 32 5 17 55 20 37 40 41 16 25 34 32 39 55 28 41 1 6 35 25 30 23 20 7 6 28 51 12 30 42 28 
8 21 10 21 33 24 1 6 34 23 28 27 32 44 28 18 39 36 11 24 12 10 16 13 25 21 15 19 29 25 38 32 1 25 25 20 7 5 47 15 38 40 31 14 16 21 26 31 43 15 28 13 6 24 25 25 29 9 19 7 16 12 57 21 30 25 
29 12 18 33 28 5 22 21 18 10 7 44 53 65 46 37 60 57 29 42 31 28 37 18 23 37 33 2 29 18 56 42 21 46 45 24 25 17 58 34 58 59 40 35 31 20 40 43 39 17 23 30 26 6 21 10 51 23 35 24 25 30 21 56 12 16 
39 24 23 36 22 15 32 28 6 22 10 56 62 71 50 48 70 66 36 53 42 39 45 22 36 49 44 15 42 29 60 42 32 55 52 25 36 25 57 40 65 64 40 43 35 19 43 44 31 20 17 42 37 6 34 21 59 29 47 35 28 42 30 12 33 28 
31 4 29 44 45 12 26 29 33 6 18 38 54 69 54 34 59 58 36 36 29 26 41 31 9 32 30 15 15 2 63 55 25 49 50 38 25 24 71 41 63 65 53 40 40 35 50 55 55 31 39 27 27 22 6 6 52 33 29 23 37 28 25 16 28 25 
