28 8
72 50 28 40 31 39 49 33 40 36 38 8 34 61 70 64 57 77 61 60 37 62 63 48 70 40 64 56 
50 67 31 15 26 25 2 36 67 51 62 43 38 40 36 38 8 34 52 60 28 42 49 15 37 24 40 9 
28 31 80 16 5 37 29 8 36 21 31 19 10 33 42 36 36 50 36 38 8 34 36 22 42 12 36 34 
40 15 16 72 11 29 12 20 52 36 47 32 23 31 33 31 19 37 40 46 13 32 38 8 34 9 33 17 
31 26 5 11 77 34 24 10 40 25 36 23 13 31 39 33 31 45 36 40 6 32 36 17 39 8 34 29 
39 25 37 29 34 17 26 44 70 57 66 36 47 60 60 60 33 59 69 74 40 62 68 36 61 38 62 34 
49 2 29 12 24 26 68 33 65 49 60 42 36 38 34 36 8 33 49 58 26 40 47 12 36 21 38 8 
33 36 8 20 10 44 33 101 31 15 26 25 2 28 40 31 39 49 28 30 8 28 29 24 39 13 31 37 
40 67 36 52 40 70 65 31 56 16 5 37 29 50 66 55 70 77 40 31 39 49 44 55 64 44 54 68 
36 51 21 36 25 57 49 15 16 80 11 29 12 35 50 40 54 61 28 24 23 34 31 39 49 27 39 52 
38 62 31 47 36 66 60 26 5 11 63 34 24 45 61 50 65 72 35 28 34 44 40 50 59 39 49 63 
8 43 19 32 23 36 42 25 37 29 34 78 26 53 62 56 50 68 53 53 28 53 54 40 62 31 56 49 
34 38 10 23 13 47 36 2 29 12 24 26 98 28 40 32 41 50 27 28 10 28 28 26 40 15 31 39 
61 40 33 31 31 60 38 28 50 35 45 53 28 62 16 5 37 29 15 26 25 2 10 25 14 23 3 34 
70 36 42 33 39 60 34 40 66 50 61 62 40 16 30 11 29 12 31 42 34 18 26 25 2 30 13 27 
64 38 36 31 33 60 36 31 55 40 50 56 32 5 11 53 34 24 20 31 27 7 15 24 9 25 2 32 
57 8 36 19 31 33 8 39 70 54 65 50 41 37 29 34 50 26 50 59 31 39 47 15 31 26 36 2 
77 34 50 37 45 59 33 49 77 61 72 68 50 29 12 24 26 5 44 55 42 31 39 28 15 37 26 25 
61 52 36 40 36 69 49 28 40 28 35 53 27 15 31 20 50 44 33 11 29 12 5 37 29 30 17 48 
60 60 38 46 40 74 58 30 31 24 28 53 28 26 42 31 59 55 11 10 34 24 16 45 40 37 29 57 
37 28 8 13 6 40 26 8 39 23 34 28 10 25 34 27 31 42 29 34 74 26 29 16 34 5 28 29 
62 42 34 32 32 62 40 28 49 34 44 53 28 2 18 7 39 31 12 24 26 58 8 27 16 25 5 37 
63 49 36 38 36 68 47 29 44 31 40 54 28 10 26 15 47 39 5 16 29 8 23 34 24 29 12 44 
48 15 22 8 17 36 12 24 55 39 50 40 26 25 25 24 15 28 37 45 16 27 34 59 26 11 26 12 
70 37 42 34 39 61 36 39 64 49 59 62 40 14 2 9 31 15 29 40 34 16 24 26 25 30 11 29 
40 24 12 9 8 38 21 13 44 27 39 31 15 23 30 25 26 37 30 37 5 25 29 11 30 69 26 24 
64 40 36 33 34 62 38 31 54 39 49 56 31 3 13 2 36 26 17 29 28 5 12 26 11 26 48 34 
56 9 34 17 29 34 8 37 68 52 63 49 39 34 27 32 2 25 48 57 29 37 44 12 29 24 34 52 
