28 8
73 4 6 15 17 12 5 17 18 16 10 20 2 9 2 6 2 18 1 9 7 0 19 17 17 7 16 8 
4 19 6 18 15 11 5 2 5 9 10 6 19 0 2 2 6 13 16 1 17 5 19 3 9 16 3 9 
6 6 85 11 10 18 19 6 0 0 18 5 10 3 16 1 14 15 13 6 11 20 5 3 2 18 9 5 
15 18 11 59 8 14 9 14 10 12 16 1 13 10 3 4 7 17 15 2 5 7 19 14 3 5 10 7 
17 15 10 8 2 19 11 15 6 4 7 6 10 7 13 3 20 1 5 16 20 16 14 1 0 12 20 14 
12 11 18 14 19 90 10 15 6 4 11 13 0 6 10 13 9 7 9 7 9 1 1 3 4 4 8 13 
5 5 19 9 11 10 14 4 18 5 10 1 14 3 11 19 19 15 16 0 19 20 3 4 5 14 8 10 
17 2 6 14 15 15 4 80 18 12 11 3 6 15 1 3 8 15 12 17 15 16 1 1 9 10 16 19 
18 5 0 10 6 6 18 18 22 13 3 7 6 12 13 3 1 16 19 12 9 2 15 0 5 14 20 16 
16 9 0 12 4 4 5 12 13 7 20 8 5 10 14 20 3 16 4 5 0 3 14 20 8 18 13 7 
10 10 18 16 7 11 10 11 3 20 74 16 4 14 8 19 5 13 10 4 14 12 7 3 8 14 5 6 
20 6 5 1 6 13 1 3 7 8 16 81 11 9 1 6 1 1 12 12 15 6 8 10 18 17 20 17 
2 19 10 13 10 0 14 6 6 5 4 11 32 12 4 13 7 6 7 9 11 2 13 18 8 10 11 0 
9 0 3 10 7 6 3 15 12 10 14 9 12 31 19 15 3 17 2 20 16 15 17 18 15 6 16 8 
2 2 16 3 13 10 11 1 13 14 8 1 4 19 94 18 9 11 17 20 7 13 4 12 20 15 12 13 
6 2 1 4 3 13 19 3 3 20 19 6 13 15 18 23 15 9 6 15 9 5 14 11 9 11 9 5 
2 6 14 7 20 9 19 8 1 3 5 1 7 3 9 15 100 6 4 14 20 12 2 3 7 14 5 11 
18 13 15 17 1 7 15 15 16 16 13 1 6 17 11 9 6 57 6 18 10 8 11 11 12 11 6 13 
1 16 13 15 5 9 16 12 19 4 10 12 7 2 17 6 4 6 87 1 15 17 20 16 16 15 5 12 
9 1 6 2 16 7 0 17 12 5 4 12 9 20 20 15 14 18 1 1 5 6 4 6 3 20 13 5 
7 17 11 5 20 9 19 15 9 0 14 15 11 16 7 9 20 10 15 5 100 1 1 14 10 7 16 13 
0 5 20 7 16 1 20 16 2 3 12 6 2 15 13 5 12 8 17 6 1 80 9 2 19 16 12 5 
19 19 5 19 14 1 3 1 15 14 7 8 13 17 4 14 2 11 20 4 1 9 69 12 4 7 2 3 
17 3 3 14 1 3 4 1 0 20 3 10 18 18 12 11 3 11 16 6 14 2 12 98 17 12 18 13 
17 9 2 3 0 4 5 9 5 8 8 18 8 15 20 9 7 12 16 3 10 19 4 17 63 9 4 10 
7 16 18 5 12 4 14 10 14 18 14 17 10 6 15 11 14 11 15 20 7 16 7 12 9 41 8 2 
16 3 9 10 20 8 8 16 20 13 5 20 11 16 12 9 5 6 5 13 16 12 2 18 4 8 34 1 
8 9 5 7 14 13 10 19 16 7 6 17 0 8 13 5 11 13 12 5 13 5 3 13 10 2 1 40 
