66 12
66 18 14 14 16 6 30 17 17 12 10 24 25 31 25 29 16 19 29 22 43 10 15 9 18 6 7 12 12 34 29 25 23 25 19 29 19 33 31 30 28 25 35 25 39 24 27 21 31 21 33 19 18 28 20 38 24 30 20 20 25 15 27 25 37 31 
18 49 23 28 25 19 31 21 29 18 24 33 42 49 43 45 34 37 47 39 56 25 31 25 29 16 19 29 22 43 48 43 41 39 37 47 37 49 49 48 44 43 53 43 55 42 41 39 49 39 50 35 36 47 38 53 36 45 34 38 43 32 43 43 53 46 
14 23 50 6 2 8 16 5 5 4 24 39 33 39 33 39 17 28 36 32 55 24 28 23 33 10 21 24 27 49 31 25 29 16 19 29 22 43 32 35 21 25 36 28 48 29 18 20 30 22 42 15 23 32 28 50 12 21 11 27 24 17 38 26 45 43 
14 28 6 62 6 9 21 12 3 10 22 37 27 33 27 35 11 23 30 28 51 22 24 20 31 12 21 20 26 46 25 19 23 11 12 23 16 38 25 29 16 19 29 22 43 23 13 13 24 16 37 9 18 26 22 45 10 16 6 21 17 11 33 20 39 38 
16 25 2 6 51 10 15 6 4 7 26 40 33 39 33 40 17 28 36 33 56 26 29 24 34 12 23 25 28 50 30 25 29 14 18 28 22 43 31 35 20 25 35 28 49 29 16 19 29 22 43 14 24 32 28 51 10 20 9 27 23 17 38 26 45 43 
6 19 8 9 10 58 24 12 12 7 16 30 27 34 27 33 15 22 31 26 48 16 20 15 24 3 13 16 18 40 29 24 25 20 18 28 19 37 30 31 24 24 35 26 42 25 22 19 30 20 36 16 19 29 22 43 19 26 15 21 23 14 31 24 40 36 
30 31 16 21 15 24 32 12 18 17 40 55 49 55 49 56 33 44 51 49 72 40 44 39 49 24 37 41 42 65 45 39 45 25 33 42 38 59 45 50 31 39 49 43 64 44 25 33 43 37 59 29 39 47 44 66 19 29 22 43 37 32 54 40 61 59 
17 21 5 12 6 12 12 38 10 5 28 42 38 44 38 45 23 33 41 37 60 28 32 27 36 12 24 29 30 52 37 31 34 20 25 35 28 48 37 41 26 31 41 34 54 35 22 25 36 28 48 21 29 38 33 55 16 26 16 32 29 22 43 32 50 48 
17 29 5 3 4 12 18 10 59 10 26 41 31 36 30 38 14 26 33 31 54 26 28 24 34 14 24 24 29 50 27 21 26 10 15 25 19 41 27 32 16 21 31 25 46 26 12 15 25 19 41 11 21 29 26 49 7 16 5 25 19 14 37 22 43 42 
12 18 4 10 7 7 17 5 10 45 22 37 34 40 34 40 20 28 37 33 55 23 27 22 31 6 19 24 24 47 34 29 31 20 22 33 25 43 35 37 26 29 39 31 49 31 22 23 34 25 43 19 25 35 29 50 17 26 16 28 27 19 38 29 46 43 
10 24 24 22 26 16 40 28 26 22 86 14 18 25 20 20 18 13 24 15 33 0 7 2 8 16 5 6 4 24 28 26 19 31 22 29 19 25 30 25 32 25 34 23 31 21 33 24 31 21 25 23 16 25 15 29 32 35 27 16 27 17 19 24 29 22 
24 33 39 37 40 30 55 42 41 37 14 36 23 28 25 19 31 21 29 18 24 14 14 16 6 30 17 17 12 10 37 37 28 45 34 39 30 23 39 31 45 36 42 32 29 30 47 36 42 32 25 37 27 33 23 23 47 49 42 25 39 30 19 35 29 18 
25 42 33 27 33 27 49 38 31 34 18 23 29 6 2 8 16 5 5 4 24 18 12 17 20 30 23 13 22 28 14 16 6 30 17 17 12 10 16 7 27 15 19 10 15 8 31 19 19 13 9 22 9 9 5 18 34 31 29 6 19 16 7 14 12 12 
31 49 39 33 39 34 55 44 36 40 25 28 6 29 6 9 21 12 3 10 22 24 18 23 25 36 30 19 28 30 14 18 9 34 21 18 16 8 16 6 30 17 17 12 10 10 35 22 20 17 6 26 15 9 11 16 38 34 33 12 21 22 8 16 6 12 
25 43 33 27 33 27 49 38 30 34 20 25 2 6 33 10 15 6 4 7 26 19 13 18 22 30 24 14 24 30 12 14 4 29 16 15 11 11 14 5 26 13 17 8 15 6 30 17 17 12 10 21 9 7 5 20 33 29 28 6 17 16 9 12 12 14 
29 45 39 35 40 33 56 45 38 40 20 19 8 9 10 12 24 12 12 7 16 20 13 19 18 34 25 16 23 21 22 25 14 38 26 26 20 4 24 14 36 24 26 19 11 16 40 27 28 22 5 30 17 17 12 10 42 40 37 14 27 24 1 22 9 3 
16 34 17 11 17 15 33 23 14 20 18 31 16 21 15 24 60 12 18 17 40 18 17 15 25 18 19 13 22 39 14 9 11 14 3 13 4 27 15 17 14 9 19 11 31 11 16 6 15 5 26 6 6 15 12 34 17 17 12 10 9 1 22 9 28 28 
19 37 28 23 28 22 44 33 26 28 13 21 5 12 6 12 12 35 10 5 28 13 8 11 17 24 18 7 18 28 15 15 6 27 14 17 9 15 17 11 25 14 21 10 20 8 28 16 20 11 14 18 6 12 1 22 30 29 25 3 17 12 10 13 17 15 
29 47 36 30 36 31 51 41 33 37 24 29 5 3 4 12 18 10 35 10 26 23 17 22 26 34 28 18 28 32 11 14 6 30 18 14 13 11 13 2 26 14 14 8 14 7 31 19 16 14 9 22 12 6 9 20 35 30 30 9 17 19 10 12 10 15 
22 39 32 28 33 26 49 37 31 33 15 18 4 10 7 7 17 5 10 25 22 14 8 13 15 28 20 9 18 23 19 20 9 32 20 21 14 10 21 12 30 19 24 14 16 12 34 21 24 16 10 23 11 14 6 17 35 34 30 8 22 17 5 17 14 10 
43 56 55 51 56 48 72 60 54 55 33 24 24 22 26 16 40 28 26 22 20 32 27 33 27 49 38 31 34 18 37 40 30 54 42 40 36 14 39 28 52 39 40 34 14 32 56 43 42 38 16 46 33 32 28 6 58 55 53 30 43 40 17 38 17 12 
10 25 24 22 26 16 40 28 26 23 0 14 18 24 19 20 18 13 23 14 32 47 6 2 8 16 5 5 4 24 28 25 19 31 21 29 18 24 30 25 32 25 33 23 30 21 33 24 31 21 25 23 15 25 14 28 32 35 27 15 27 17 18 24 29 22 
15 31 28 24 29 20 44 32 28 27 7 14 12 18 13 13 17 8 17 8 27 6 56 6 9 21 12 3 10 22 23 22 14 31 20 25 15 18 25 19 31 21 29 18 24 16 33 22 27 18 18 23 12 20 9 23 33 34 28 11 24 16 12 20 22 16 
9 25 23 20 24 15 39 27 24 22 2 16 17 23 18 19 15 11 22 13 33 2 6 51 10 15 6 4 7 26 26 23 17 29 19 27 16 24 28 23 30 23 31 21 30 19 31 21 29 18 24 21 13 23 13 28 30 33 25 13 24 15 18 22 28 22 
18 29 33 31 34 24 49 36 34 31 8 6 20 25 22 18 25 17 26 15 27 8 9 10 38 24 12 12 7 16 33 32 23 39 29 35 25 22 35 28 40 31 38 28 29 25 41 31 37 27 24 31 21 29 18 24 41 43 36 20 33 25 17 30 28 19 
6 16 10 12 12 3 24 12 14 6 16 30 30 36 30 34 18 24 34 28 49 16 21 15 24 62 12 18 17 40 32 27 27 23 21 32 22 38 34 34 28 27 38 29 44 28 25 23 33 23 38 19 22 32 25 44 21 29 18 24 27 17 33 27 42 37 
7 19 21 21 23 13 37 24 24 19 5 17 23 30 24 25 19 18 28 20 38 5 12 6 12 12 43 10 5 28 31 28 23 31 23 32 21 30 33 29 33 28 37 27 36 25 33 25 34 23 30 24 19 29 19 34 31 36 26 20 29 18 24 27 34 27 
12 29 24 20 25 16 41 29 24 24 6 17 13 19 14 16 13 7 18 9 31 5 3 4 12 18 10 58 10 26 22 20 13 28 17 23 13 20 24 19 28 19 28 17 26 15 30 19 25 15 20 19 10 19 9 26 30 31 24 9 21 13 14 18 24 19 
12 22 27 26 28 18 42 30 29 24 4 12 22 28 24 23 22 18 28 18 34 4 10 7 7 17 5 10 37 22 33 30 24 35 26 34 23 27 35 29 37 30 38 28 34 26 37 28 36 25 28 27 20 30 19 30 36 39 31 20 31 21 22 29 32 24 
34 43 49 46 50 40 65 52 50 47 24 10 28 30 30 21 39 28 32 23 18 24 22 26 16 40 28 26 22 49 42 43 33 54 42 45 37 23 44 35 53 42 47 38 28 35 56 44 47 39 25 45 34 37 29 19 56 57 50 31 45 39 21 41 29 18 
29 48 31 25 30 29 45 37 27 34 28 37 14 14 12 22 14 15 11 19 37 28 23 26 33 32 31 22 33 42 13 6 9 21 12 3 10 22 2 8 16 5 5 4 24 7 22 11 5 9 20 16 12 5 14 31 27 20 22 12 8 15 21 5 20 26 
25 43 25 19 25 24 39 31 21 29 26 37 16 18 14 25 9 15 14 20 40 25 22 23 32 27 28 20 30 43 6 4 10 15 6 4 7 26 6 13 11 1 10 6 29 8 16 5 5 4 24 10 10 9 14 34 21 15 16 12 2 10 23 2 25 28 
23 41 29 23 29 25 45 34 26 31 19 28 6 9 4 14 11 6 6 9 30 19 14 17 23 27 23 13 24 33 9 10 17 24 12 12 7 16 11 6 21 9 14 4 20 2 25 13 14 8 14 16 5 5 4 24 28 25 23 3 13 12 13 8 16 18 
25 39 16 11 14 20 25 20 10 20 31 45 30 34 29 38 14 27 30 32 54 31 31 29 39 23 31 28 35 54 21 15 24 33 12 18 17 40 21 28 6 16 24 21 44 23 2 11 18 16 39 8 21 25 26 48 5 5 4 24 13 15 37 18 40 42 
19 37 19 12 18 18 33 25 15 22 22 34 17 21 16 26 3 14 18 20 42 21 20 19 29 21 23 17 26 42 12 6 12 12 11 10 5 28 13 17 11 6 17 10 32 11 14 2 12 4 27 4 8 13 13 36 16 14 11 12 5 4 24 7 28 29 
29 47 29 23 28 28 42 35 25 33 29 39 17 18 15 26 13 17 14 21 40 29 25 27 35 32 32 23 34 45 3 4 12 18 10 11 10 26 2 12 13 4 6 7 28 9 18 9 2 8 24 14 13 8 16 34 23 16 20 14 5 14 24 4 24 29 
19 37 22 16 22 19 38 28 19 25 19 30 12 16 11 20 4 9 13 14 36 18 15 16 25 22 21 13 23 37 10 7 7 17 5 10 9 22 12 12 16 6 16 6 27 6 19 7 12 2 21 9 3 10 8 31 21 19 16 6 8 5 19 5 23 24 
33 49 43 38 43 37 59 48 41 43 25 23 10 8 11 4 27 15 11 10 14 24 18 24 22 38 30 20 27 23 22 26 16 40 28 26 22 49 24 14 37 25 25 19 6 17 42 29 28 24 2 32 20 17 15 8 44 41 39 16 28 27 5 23 5 4 
31 49 32 25 31 30 45 37 27 35 30 39 16 16 14 24 15 17 13 21 39 30 25 28 35 34 33 24 35 44 2 6 11 21 13 2 12 24 12 10 15 6 4 7 26 9 21 12 3 10 22 16 14 7 16 33 26 19 22 14 8 16 23 6 22 28 
30 48 35 29 35 31 50 41 32 37 25 31 7 6 5 14 17 11 2 12 28 25 19 23 28 34 29 19 29 35 8 13 6 28 17 12 12 14 10 18 24 12 12 7 16 6 29 17 14 12 12 21 12 3 10 22 33 28 28 10 15 18 13 10 12 17 
28 44 21 16 20 24 31 26 16 26 32 45 27 30 26 36 14 25 26 30 52 32 31 30 40 28 33 28 37 53 16 11 21 6 11 13 16 37 15 24 43 12 18 17 40 20 6 9 12 14 36 9 19 20 24 46 12 3 10 22 8 15 34 14 36 40 
25 43 25 19 25 24 39 31 21 29 25 36 15 17 13 24 9 14 14 19 39 25 21 23 31 27 28 19 30 42 5 1 9 16 6 4 6 25 6 12 12 24 10 5 28 7 17 6 6 4 23 10 9 8 13 33 21 16 17 11 3 10 22 1 24 27 
35 53 36 29 35 35 49 41 31 39 34 42 19 17 17 26 19 21 14 24 40 33 29 31 38 38 37 28 38 47 5 10 14 24 17 6 16 25 4 12 18 10 7 10 26 12 24 16 6 14 23 20 18 9 19 34 30 21 26 18 12 20 25 10 22 29 
25 43 28 22 28 26 43 34 25 31 23 32 10 12 8 19 11 10 8 14 34 23 18 21 28 29 27 17 28 38 4 6 4 21 10 7 6 19 7 7 17 5 10 20 22 2 22 10 9 6 18 14 7 3 9 28 26 21 21 7 9 12 17 3 19 22 
39 55 48 43 49 42 64 54 46 49 31 29 15 10 15 11 31 20 14 16 14 30 24 30 29 44 36 26 34 28 24 29 20 44 32 28 27 6 26 16 40 28 26 22 45 21 45 33 29 28 6 36 25 19 20 9 49 44 43 21 32 32 12 26 3 10 
24 42 29 23 29 25 44 35 26 31 21 30 8 10 6 16 11 8 7 12 32 21 16 19 25 28 25 15 26 35 7 8 2 23 11 9 6 17 9 6 20 7 12 2 21 21 24 12 12 7 16 15 6 4 7 26 27 23 22 5 11 12 15 6 17 20 
27 41 18 13 16 22 25 22 12 22 33 47 31 35 30 40 16 28 31 34 56 33 33 31 41 25 33 30 37 56 22 16 25 2 14 18 19 42 21 29 6 17 24 22 45 24 31 12 18 17 40 10 22 26 28 50 6 4 7 26 13 17 38 19 41 43 
21 39 20 13 19 19 33 25 15 23 24 36 19 22 17 27 6 16 19 21 43 24 22 21 31 23 25 19 28 44 11 5 13 11 2 9 7 29 12 17 9 6 16 10 33 12 12 13 10 5 28 4 10 14 15 37 15 12 11 13 4 7 26 7 29 31 
31 49 30 24 29 30 43 36 25 34 31 42 19 20 17 28 15 20 16 24 42 31 27 29 37 33 34 25 36 47 5 5 14 18 12 2 12 28 3 14 12 6 6 9 29 12 18 10 8 10 26 15 15 10 18 36 23 15 20 17 6 16 26 7 26 31 
21 39 22 16 22 20 37 28 19 25 21 32 13 17 12 22 5 11 14 16 38 21 18 18 27 23 23 15 25 39 9 4 8 16 4 8 2 24 10 12 14 4 14 6 28 7 17 5 10 14 22 8 5 9 10 32 20 17 15 8 6 6 20 4 24 26 
33 50 42 37 43 36 59 48 41 43 25 25 9 6 10 5 26 14 9 10 16 25 18 24 24 38 30 20 28 25 20 24 14 39 27 24 21 2 22 12 36 23 23 18 6 16 40 28 26 22 52 31 19 15 14 10 43 39 38 15 27 26 6 22 4 7 
19 35 15 9 14 16 29 21 11 19 23 37 22 26 21 30 6 18 22 23 46 23 23 21 31 19 24 19 27 45 16 10 16 8 4 14 9 32 16 21 9 10 20 14 36 15 10 4 15 8 31 49 12 18 17 40 12 12 7 16 8 6 28 11 33 34 
18 36 23 18 24 19 39 29 21 25 16 27 9 15 9 17 6 6 12 11 33 15 12 13 21 22 19 10 20 34 12 10 5 21 8 13 3 20 14 12 19 9 18 7 25 6 22 10 15 5 19 12 24 10 5 28 24 23 19 3 12 7 16 8 21 21 
28 47 32 26 32 29 47 38 29 35 25 33 9 9 7 17 15 12 6 14 32 25 20 23 29 32 29 19 30 37 5 9 5 25 13 8 10 17 7 3 20 8 9 3 19 4 26 14 10 9 15 18 10 24 10 26 30 24 25 9 12 15 16 7 16 21 
20 38 28 22 28 22 44 33 26 29 15 23 5 11 5 12 12 1 9 6 28 14 9 13 18 25 19 9 19 29 14 14 4 26 13 16 8 15 16 10 24 13 19 9 20 7 28 15 18 10 14 17 5 10 14 22 29 28 24 2 16 12 10 12 17 16 
38 53 50 45 51 43 66 55 49 50 29 23 18 16 20 10 34 22 20 17 6 28 23 28 24 44 34 26 30 19 31 34 24 48 36 34 31 8 33 22 46 33 34 28 9 26 50 37 36 32 10 40 28 26 22 32 52 49 47 24 37 35 12 32 12 7 
24 36 12 10 10 19 19 16 7 17 32 47 34 38 33 42 17 30 35 35 58 32 33 30 41 21 31 30 36 56 27 21 28 5 16 23 21 44 26 33 12 21 30 26 49 27 6 15 23 20 43 12 24 30 29 52 25 10 5 28 18 17 40 23 45 46 
30 45 21 16 20 26 29 26 16 26 35 49 31 34 29 40 17 29 30 34 55 35 34 33 43 29 36 31 39 57 20 15 25 5 14 16 19 41 19 28 3 16 21 21 44 23 4 12 15 17 39 12 23 24 28 49 10 36 10 26 12 18 38 17 40 43 
20 34 11 6 9 15 22 16 5 16 27 42 29 33 28 37 12 25 30 30 53 27 28 25 36 18 26 24 31 50 22 16 23 4 11 20 16 39 22 28 10 17 26 21 43 22 7 11 20 15 38 7 19 25 24 47 5 10 35 22 14 12 35 18 40 40 
20 38 27 21 27 21 43 32 25 28 16 25 6 12 6 14 10 3 9 8 30 15 11 13 20 24 20 9 20 31 12 12 3 24 12 14 6 16 14 10 22 11 18 7 21 5 26 13 17 8 15 16 3 9 2 24 28 26 22 81 14 10 12 10 18 17 
25 43 24 17 23 23 37 29 19 27 27 39 19 21 17 27 9 17 17 22 43 27 24 24 33 27 29 21 31 45 8 2 13 13 5 5 8 28 8 15 8 3 12 9 32 11 13 4 6 6 27 8 12 12 16 37 18 12 14 14 21 10 26 5 28 31 
15 32 17 11 17 14 32 22 14 19 17 30 16 22 16 24 1 12 19 17 40 17 16 15 25 17 18 13 21 39 15 10 12 15 4 14 5 27 16 18 15 10 20 12 32 12 17 7 16 6 26 6 7 15 12 35 17 18 12 10 10 10 22 10 28 28 
27 43 38 33 38 31 54 43 37 38 19 19 7 8 9 1 22 10 10 5 17 18 12 18 17 33 24 14 22 21 21 23 13 37 24 24 19 5 23 13 34 22 25 17 12 15 38 26 26 20 6 28 16 16 10 12 40 38 35 12 26 22 56 21 10 5 
25 43 26 20 26 24 40 32 22 29 24 35 14 16 12 22 9 13 12 17 38 24 20 22 30 27 27 18 29 41 5 2 8 18 7 4 5 23 6 10 14 1 10 3 26 6 19 7 7 4 22 11 8 7 12 32 23 17 18 10 5 10 21 21 22 26 
37 53 45 39 45 40 61 50 43 46 29 29 12 6 12 9 28 17 10 14 17 29 22 28 28 42 34 24 32 29 20 25 16 40 28 24 23 5 22 12 36 24 22 19 3 17 41 29 26 24 4 33 21 16 17 12 45 40 40 18 28 28 10 22 52 10 
31 46 43 38 43 36 59 48 42 43 22 18 12 12 14 3 28 15 15 10 12 22 16 22 19 37 27 19 24 18 26 28 18 42 29 29 24 4 28 17 40 27 29 22 10 20 43 31 31 26 7 34 21 21 16 7 46 43 40 17 31 28 5 26 10 45 
