36 9
0 15 19 9 10 11 18 3 0 11 10 12 10 2 19 20 4 3 11 2 1 19 19 4 7 16 1 11 20 12 8 9 13 8 7 5 
15 91 19 5 16 1 19 19 2 4 0 2 3 4 2 15 5 5 1 13 17 9 6 17 3 3 20 20 0 10 4 19 11 17 3 20 
19 19 28 8 17 8 1 19 2 13 13 15 5 18 7 5 1 14 18 14 2 7 18 7 15 17 16 14 16 14 9 11 0 16 2 14 
9 5 8 82 17 14 9 14 1 14 7 20 13 15 15 19 17 0 13 6 19 9 20 10 3 16 3 16 13 3 4 13 10 8 12 15 
10 16 17 17 90 16 3 15 20 9 9 14 7 17 5 4 0 0 13 16 16 4 10 20 10 20 13 20 11 3 15 16 0 3 2 10 
11 1 8 14 16 44 4 1 6 4 19 1 6 16 17 9 4 1 6 9 1 12 0 12 15 20 13 7 19 0 0 4 0 0 18 5 
18 19 1 9 3 4 72 12 13 7 16 2 12 3 19 5 11 1 5 1 18 7 10 0 8 1 6 0 10 6 3 17 4 0 18 16 
3 19 19 14 15 1 12 28 4 20 13 18 2 15 16 8 12 9 14 18 5 4 19 2 16 19 18 20 10 16 3 11 14 3 5 13 
0 2 2 1 20 6 13 4 24 20 15 4 19 14 17 19 8 4 9 20 10 19 19 15 4 4 17 12 12 9 11 0 7 11 17 1 
11 4 13 14 9 4 7 20 20 27 16 20 11 6 10 20 3 11 15 14 19 9 2 15 5 11 17 4 0 0 5 4 13 3 8 19 
10 0 13 7 9 19 16 13 15 16 48 3 12 17 4 12 8 8 14 6 20 19 10 12 4 3 13 17 6 18 1 12 4 19 10 19 
12 2 15 20 14 1 2 18 4 20 3 38 18 9 19 19 6 15 4 2 12 17 8 4 4 16 19 13 3 0 3 11 14 4 5 18 
10 3 5 13 7 6 12 2 19 11 12 18 85 4 5 12 14 3 18 14 3 2 4 16 13 14 7 19 14 3 12 10 4 13 1 12 
2 4 18 15 17 16 3 15 14 6 17 9 4 51 14 15 2 12 20 18 17 18 4 20 15 5 12 19 17 18 8 16 16 17 17 17 
19 2 7 15 5 17 19 16 17 10 4 19 5 14 33 0 3 5 12 20 6 16 20 1 13 6 13 6 19 9 10 18 2 6 10 3 
20 15 5 19 4 9 5 8 19 20 12 19 12 15 0 71 13 19 2 10 8 2 14 4 9 8 5 19 9 19 13 12 14 20 0 19 
4 5 1 17 0 4 11 12 8 3 8 6 14 2 3 13 52 10 17 7 12 3 2 17 4 1 11 19 0 7 20 19 5 15 7 8 
3 5 14 0 0 1 1 9 4 11 8 15 3 12 5 19 10 36 13 1 3 18 15 14 3 0 14 6 6 17 7 17 5 0 17 4 
11 1 18 13 13 6 5 14 9 15 14 4 18 20 12 2 17 13 89 20 9 20 7 3 2 3 10 8 13 13 16 6 1 6 14 8 
2 13 14 6 16 9 1 18 20 14 6 2 14 18 20 10 7 1 20 26 13 7 5 2 8 9 15 3 1 6 4 7 0 4 2 10 
1 17 2 19 16 1 18 5 10 19 20 12 3 17 6 8 12 3 9 13 50 20 2 15 3 6 17 19 15 0 1 18 19 11 16 14 
19 9 7 9 4 12 7 4 19 9 19 17 2 18 16 2 3 18 20 7 20 49 0 7 10 16 17 6 12 10 1 1 0 4 12 10 
19 6 18 20 10 0 10 19 19 2 10 8 4 4 20 14 2 15 7 5 2 0 12 10 10 19 15 11 7 20 10 0 2 13 20 19 
4 17 7 10 20 12 0 2 15 15 12 4 16 20 1 4 17 14 3 2 15 7 10 13 3 8 9 4 2 2 1 6 9 5 18 1 
7 3 15 3 10 15 8 16 4 5 4 4 13 15 13 9 4 3 2 8 3 10 10 3 50 9 4 17 20 17 0 1 18 4 5 9 
16 3 17 16 20 20 1 19 4 11 3 16 14 5 6 8 1 0 3 9 6 16 19 8 9 88 7 6 15 6 2 2 10 18 6 5 
1 20 16 3 13 13 6 18 17 17 13 19 7 12 13 5 11 14 10 15 17 17 15 9 4 7 95 19 0 5 6 8 15 11 12 19 
11 20 14 16 20 7 0 20 12 4 17 13 19 19 6 19 19 6 8 3 19 6 11 4 17 6 19 5 14 15 11 8 15 12 17 15 
20 0 16 13 11 19 10 10 12 0 6 3 14 17 19 9 0 6 13 1 15 12 7 2 20 15 0 14 43 1 15 4 9 20 18 2 
12 10 14 3 3 0 6 16 9 0 18 0 3 18 9 19 7 17 13 6 0 10 20 2 17 6 5 15 1 66 16 0 17 20 9 5 
8 4 9 4 15 0 3 3 11 5 1 3 12 8 10 13 20 7 16 4 1 1 10 1 0 2 6 11 15 16 42 11 11 8 1 16 
9 19 11 13 16 4 17 11 0 4 12 11 10 16 18 12 19 17 6 7 18 1 0 6 1 2 8 8 4 0 11 85 17 20 11 0 
13 11 0 10 0 0 4 14 7 13 4 14 4 16 2 14 5 5 1 0 19 0 2 9 18 10 15 15 9 17 11 17 73 6 16 11 
8 17 16 8 3 0 0 3 11 3 19 4 13 17 6 20 15 0 6 4 11 4 13 5 4 18 11 12 20 20 8 20 6 84 7 14 
7 3 2 12 2 18 18 5 17 8 10 5 1 17 10 0 7 17 14 2 16 12 20 18 5 6 12 17 18 9 1 11 16 7 95 5 
5 20 14 15 10 5 16 13 1 19 19 18 12 17 3 19 8 4 8 10 14 10 19 1 9 5 19 15 2 5 16 0 11 14 5 100 
