66 12
2 14 42 33 36 2 33 20 23 24 24 13 41 32 35 3 32 20 22 24 23 50 43 42 13 42 12 35 12 35 74 76 38 75 47 64 43 64 67 30 66 37 56 33 56 33 68 48 57 46 57 30 20 20 24 20 40 56 37 56 28 44 29 26 46 26 
14 27 35 25 35 15 28 33 16 37 16 1 34 24 34 16 27 33 15 38 16 41 32 35 3 32 20 22 24 23 66 71 32 67 47 56 45 56 61 22 57 37 46 36 47 32 63 51 51 52 52 24 33 12 38 13 41 48 41 48 31 57 32 32 37 32 
42 35 82 10 14 44 8 45 19 52 19 36 1 11 15 45 9 46 20 53 20 13 16 0 39 11 34 20 40 19 32 35 3 32 20 22 24 23 25 13 24 18 16 23 16 16 28 33 16 38 16 11 48 23 55 22 22 14 27 15 24 63 24 30 10 30 
33 25 10 64 16 35 4 40 9 46 9 26 9 1 17 36 5 41 10 47 10 17 13 10 29 10 27 12 34 11 41 45 7 42 27 31 28 31 35 3 32 20 22 24 23 16 38 37 26 40 27 5 42 13 49 12 25 23 29 23 22 61 22 27 13 28 
36 35 14 16 71 39 12 34 20 40 19 36 13 16 1 40 11 35 20 41 20 27 29 13 38 24 25 28 31 28 42 41 13 42 11 34 12 34 32 17 35 4 30 9 29 3 32 20 22 24 23 13 37 22 43 22 8 27 13 27 11 50 11 17 24 17 
2 15 44 35 39 7 36 21 26 24 26 14 43 34 38 1 35 21 25 24 25 53 45 44 13 45 14 36 13 37 76 79 41 77 50 67 46 67 69 32 68 39 58 36 58 35 71 50 59 48 60 32 20 22 24 23 42 58 39 59 30 45 31 28 49 28 
33 28 8 4 12 36 65 38 11 44 11 28 7 5 12 37 1 39 12 45 12 19 17 8 31 13 26 17 33 16 40 43 4 41 22 30 24 31 33 6 32 15 23 20 23 12 35 32 24 36 24 3 41 15 47 14 20 22 24 23 18 58 18 24 15 24 
20 33 45 40 34 21 38 41 33 6 33 32 44 39 32 21 37 1 32 7 32 57 53 45 32 51 13 47 8 46 76 74 42 76 41 67 35 67 66 37 68 32 61 26 61 30 66 35 56 31 57 35 3 31 9 31 32 60 27 60 22 24 23 16 53 16 
23 16 19 9 20 26 11 33 45 39 0 17 18 8 20 27 10 34 1 40 1 27 20 19 19 19 19 13 26 13 50 55 16 51 32 41 32 41 45 6 42 23 32 24 32 18 47 39 35 41 36 8 35 3 42 3 28 32 29 33 20 56 21 24 23 25 
24 37 52 46 40 24 44 6 39 49 39 37 51 45 39 24 43 5 38 1 38 64 60 51 37 57 19 53 13 53 83 80 49 82 47 74 41 74 72 44 75 38 68 32 68 37 72 40 63 35 63 42 4 37 3 37 38 66 32 66 29 20 29 22 60 23 
24 16 19 9 19 26 11 33 0 39 46 17 18 8 19 27 10 34 1 40 1 26 20 19 20 19 19 14 26 13 50 54 15 51 31 40 31 41 44 5 42 22 32 23 32 17 46 39 35 40 35 7 35 4 42 3 27 32 28 32 20 56 20 24 22 24 
13 1 36 26 36 14 28 32 17 37 17 29 35 25 35 15 28 33 16 37 16 42 33 36 2 33 20 23 24 24 67 72 33 68 47 57 46 57 62 23 58 38 47 36 48 33 64 52 52 52 53 25 33 13 38 14 42 49 41 49 31 57 32 32 38 32 
41 34 1 9 13 43 7 44 18 51 18 35 84 10 14 44 8 45 19 52 19 14 16 1 38 11 33 19 39 19 33 36 2 33 20 23 24 24 26 12 25 17 17 23 17 15 29 33 17 37 17 10 47 22 54 21 21 15 26 16 23 62 23 29 10 29 
32 24 11 1 16 34 5 39 8 45 8 25 10 66 16 35 4 40 9 46 9 19 14 11 28 11 26 12 33 11 42 46 7 43 27 32 28 32 36 2 33 20 23 24 24 16 39 37 27 40 28 4 41 12 48 11 25 24 28 24 21 60 22 27 14 27 
35 34 15 17 1 38 12 32 20 39 19 35 14 16 73 39 12 34 20 40 19 28 29 14 37 25 24 29 30 28 44 42 13 43 12 35 12 35 33 17 36 3 30 8 30 2 33 20 23 24 24 12 36 22 42 21 8 28 12 28 10 49 10 16 25 16 
3 16 45 36 40 1 37 21 27 24 27 15 44 35 39 5 36 21 26 24 26 54 46 45 14 46 15 38 14 38 77 80 42 78 50 68 47 68 70 33 69 40 59 36 59 36 72 50 60 48 61 33 20 23 24 24 43 59 40 60 31 44 32 28 50 29 
32 27 9 5 11 35 1 37 10 43 10 28 8 4 12 36 67 38 11 44 11 20 18 9 30 14 25 17 31 16 41 44 5 42 22 32 23 32 34 6 33 15 24 19 24 11 36 32 25 35 25 2 39 14 46 13 20 23 24 24 17 57 18 23 16 23 
20 33 46 41 35 21 39 1 34 5 34 33 45 40 34 21 38 41 33 6 33 58 54 46 33 52 14 48 9 47 77 75 43 77 42 68 36 68 67 38 70 33 62 27 62 31 67 36 57 32 58 36 2 32 8 32 33 61 28 61 23 24 24 17 54 17 
22 15 20 10 20 25 12 32 1 38 1 16 19 9 20 26 11 33 47 39 0 28 21 20 18 20 19 14 25 14 51 56 17 53 32 42 32 42 46 7 43 23 33 24 33 18 48 39 36 41 37 9 34 2 41 2 28 33 29 34 20 55 21 24 24 24 
24 38 53 47 41 24 45 7 40 1 40 37 52 46 40 24 44 6 39 48 39 65 61 52 37 58 20 54 14 54 84 81 50 83 48 75 42 75 73 45 76 39 69 33 69 38 73 41 64 36 64 43 5 38 2 38 40 67 33 68 30 20 30 23 61 24 
23 16 20 10 20 25 12 32 1 38 1 16 19 9 19 26 11 33 0 39 48 27 21 20 19 20 18 14 25 14 51 55 16 52 32 41 31 42 45 6 43 23 33 23 33 18 47 39 36 40 36 8 34 3 41 2 27 33 28 33 19 55 20 23 23 24 
50 41 13 17 27 53 19 57 27 64 26 42 14 19 28 54 20 58 28 65 27 71 10 14 44 8 45 19 52 19 25 35 15 28 33 16 37 16 25 21 17 31 6 37 6 29 29 46 20 51 20 22 60 30 67 30 35 9 41 10 37 77 37 43 4 43 
43 32 16 13 29 45 17 53 20 60 20 33 16 14 29 46 18 54 21 61 21 10 51 16 35 4 40 9 46 9 35 45 16 38 37 26 40 27 35 15 28 33 16 37 16 29 39 49 28 53 29 18 55 23 62 23 37 19 42 20 36 75 36 41 8 42 
42 35 0 10 13 44 8 45 19 51 19 36 1 11 14 45 9 46 20 52 20 14 16 70 39 12 34 20 40 19 32 35 3 32 20 23 24 23 25 13 24 17 16 23 16 15 28 33 16 37 16 11 48 23 54 22 21 15 27 15 23 63 23 30 10 30 
13 3 39 29 38 13 31 32 19 37 20 2 38 28 37 14 30 33 18 37 19 44 35 39 31 36 21 26 24 26 69 74 35 71 50 59 48 60 64 25 61 40 50 38 50 35 67 54 55 53 55 28 33 16 37 16 44 51 43 52 33 57 34 33 41 34 
42 32 11 10 24 45 13 51 19 57 19 33 11 11 25 46 14 52 20 58 20 8 4 12 36 56 38 11 44 11 33 41 11 35 32 24 35 24 31 13 25 28 14 33 14 25 35 44 24 49 25 15 53 22 60 22 33 16 37 16 32 71 32 38 5 38 
12 20 34 27 25 14 26 13 19 19 19 20 33 26 24 15 25 14 19 20 18 45 40 34 21 38 66 33 6 33 66 66 30 66 35 57 31 57 57 24 58 25 49 21 49 22 58 35 47 33 48 23 15 17 22 17 28 49 24 49 16 37 16 13 41 14 
35 22 20 12 28 36 17 47 13 53 14 23 19 12 29 38 17 48 14 54 14 19 9 20 26 11 33 32 39 0 45 53 18 47 39 35 41 36 43 11 37 32 25 35 26 28 46 49 35 52 36 16 49 15 55 15 37 28 40 28 33 70 33 37 16 38 
12 24 40 34 31 13 33 8 26 13 26 24 39 33 30 14 31 9 25 14 25 52 46 40 24 44 6 39 75 39 72 72 37 72 40 63 35 63 63 31 64 30 56 25 56 27 64 38 53 35 54 29 9 24 15 24 32 55 28 55 21 33 21 16 47 16 
35 23 19 11 28 37 16 46 13 53 13 24 19 11 28 38 16 47 14 54 14 19 9 19 26 11 33 0 39 33 44 52 17 46 38 35 40 35 42 11 36 32 25 35 25 27 46 49 34 52 35 15 49 15 55 15 37 27 40 28 32 69 33 37 16 37 
74 66 32 41 42 76 40 76 50 83 50 67 33 42 44 77 41 77 51 84 51 25 35 32 69 33 66 45 72 44 20 16 35 4 40 9 46 9 14 44 8 45 19 52 19 46 18 53 20 60 20 43 79 54 86 53 47 17 53 17 54 91 54 60 28 60 
76 71 35 45 41 79 43 74 55 80 54 72 36 46 42 80 44 75 56 81 55 35 45 35 74 41 66 53 72 52 16 28 39 12 34 20 40 19 10 49 19 42 29 48 29 44 8 45 19 52 19 47 77 58 84 58 42 25 48 25 51 85 51 58 36 57 
38 32 3 7 13 41 4 42 16 49 15 33 2 7 13 42 5 43 17 50 16 15 16 3 35 11 30 18 37 17 35 39 89 36 21 26 24 26 29 10 27 17 19 22 19 14 31 33 19 37 20 8 45 19 52 19 21 18 26 18 21 61 21 28 11 28 
75 67 32 42 42 77 41 76 51 82 51 68 33 43 43 78 42 77 53 83 52 28 38 32 71 35 66 47 72 46 4 12 36 16 38 11 44 11 11 45 10 44 22 50 21 45 14 51 19 58 19 44 79 55 85 55 45 19 52 19 53 90 53 59 30 59 
47 47 20 27 11 50 22 41 32 47 31 47 20 27 12 50 22 42 32 48 32 33 37 20 50 32 35 39 40 38 40 34 21 38 90 33 6 33 27 29 34 10 32 15 32 14 26 14 19 20 19 24 44 34 50 34 8 28 14 28 19 52 19 24 30 24 
64 56 22 31 34 67 30 67 41 74 40 57 23 32 35 68 32 68 42 75 41 16 26 23 59 24 57 35 63 35 9 20 26 11 33 39 39 0 12 34 1 37 10 43 9 37 17 47 14 53 14 34 70 44 77 44 39 8 46 7 45 84 45 52 19 52 
43 45 24 28 12 46 24 35 32 41 31 46 24 28 12 47 23 36 32 42 31 37 40 24 48 35 31 41 35 40 46 40 24 44 6 39 104 39 33 29 40 8 38 10 37 13 32 9 26 14 26 25 38 33 44 33 3 34 8 34 15 45 14 19 34 19 
64 56 23 31 34 67 31 67 41 74 41 57 24 32 35 68 32 68 42 75 42 16 27 23 60 24 57 36 63 35 9 19 26 11 33 0 39 38 11 35 1 37 10 43 10 37 16 47 13 53 14 34 71 45 77 44 39 8 45 8 45 84 45 52 19 52 
67 61 25 35 32 69 33 66 45 72 44 62 26 36 33 70 34 67 46 73 45 25 35 25 64 31 57 43 63 42 14 10 29 11 27 12 33 11 33 39 12 34 20 40 19 35 4 40 9 46 9 37 69 48 76 48 34 16 41 15 43 79 43 49 26 49 
30 22 13 3 17 32 6 37 6 44 5 23 12 2 17 33 6 38 7 45 6 21 15 13 25 13 24 11 31 11 44 49 10 45 29 34 29 35 39 71 36 21 26 24 26 16 41 38 30 41 30 4 40 9 46 9 26 26 29 27 21 59 22 26 17 26 
66 57 24 32 35 68 32 68 42 75 42 58 25 33 36 69 33 70 43 76 43 17 28 24 61 25 58 37 64 36 8 19 27 10 34 1 40 1 12 36 9 38 11 44 11 38 16 48 14 54 15 35 72 46 78 45 40 9 46 9 46 85 46 53 20 53 
37 37 18 20 4 39 15 32 23 38 22 38 17 20 3 40 15 33 23 39 23 31 33 17 40 28 25 32 30 32 45 42 17 44 10 37 8 37 34 21 38 80 33 6 33 4 34 16 24 20 24 16 35 25 42 24 4 30 9 30 9 46 9 15 28 15 
56 46 16 22 30 58 23 61 32 68 32 47 17 23 30 59 24 62 33 69 33 6 16 16 50 14 49 25 56 25 19 29 19 22 32 10 38 10 20 26 11 33 19 39 0 32 25 46 16 52 17 26 64 35 71 35 36 4 42 5 40 80 40 46 9 47 
33 36 23 24 9 36 20 26 24 32 23 36 23 24 8 36 19 27 24 33 23 37 37 23 38 33 21 35 25 35 52 48 22 50 15 43 10 43 40 24 44 6 39 93 39 8 40 15 31 16 31 19 29 25 35 25 7 37 4 37 5 40 4 9 33 9 
56 47 16 23 29 58 23 61 32 68 32 48 17 24 30 59 24 62 33 69 33 6 16 16 50 14 49 26 56 25 19 29 19 21 32 9 37 10 19 26 11 33 0 39 18 32 24 46 16 52 16 26 64 36 71 35 36 4 42 4 40 79 40 46 9 46 
33 32 16 16 3 35 12 30 18 37 17 33 15 16 2 36 11 31 18 38 18 29 29 15 35 25 22 28 27 27 46 44 14 45 14 37 13 37 35 16 38 4 32 8 32 78 36 21 26 24 26 12 34 20 40 19 9 30 12 30 8 47 8 14 25 14 
68 63 28 38 32 71 35 66 47 72 46 64 29 39 33 72 36 67 48 73 47 29 39 28 67 35 58 46 64 46 18 8 31 14 26 17 32 16 4 41 16 34 25 40 24 36 24 38 11 44 11 39 69 50 76 50 34 20 40 19 43 78 43 49 30 49 
48 51 33 37 20 50 32 35 39 40 39 52 33 37 20 50 32 36 39 41 39 46 49 33 54 44 35 49 38 49 53 45 33 51 14 47 9 47 40 38 48 16 46 15 46 21 38 68 33 6 33 33 39 41 44 40 12 43 11 42 20 40 19 22 43 21 
57 51 16 26 22 59 24 56 35 63 35 52 17 27 23 60 25 57 36 64 36 20 28 16 55 24 47 35 53 34 20 19 19 19 19 14 26 13 9 30 14 24 16 31 16 26 11 33 41 39 0 27 60 39 66 38 26 12 32 11 34 71 33 40 19 40 
46 52 38 40 24 48 36 31 41 35 40 52 37 40 24 48 35 32 41 36 40 51 53 37 53 49 33 52 35 52 60 52 37 58 20 53 14 53 46 41 54 20 52 16 52 24 44 6 39 81 39 36 34 42 39 41 16 48 12 48 21 34 20 20 48 19 
57 52 16 27 23 60 24 57 36 63 35 53 17 28 24 61 25 58 37 64 36 20 29 16 55 25 48 36 54 35 20 19 20 19 19 14 26 14 9 30 15 24 17 31 16 26 11 33 0 39 39 28 60 39 66 39 26 12 32 12 34 71 34 40 20 40 
30 24 11 5 13 32 3 35 8 42 7 25 10 4 12 33 2 36 9 43 8 22 18 11 28 15 23 16 29 15 43 47 8 44 24 34 25 34 37 4 35 16 26 19 26 12 39 33 27 36 28 72 38 11 44 11 21 26 24 26 17 56 17 22 18 23 
20 33 48 42 37 20 41 3 35 4 35 33 47 41 36 20 39 2 34 5 34 60 55 48 33 53 15 49 9 49 79 77 45 79 44 70 38 71 69 40 72 35 64 29 64 34 69 39 60 34 60 38 42 33 6 33 36 63 30 63 26 24 26 19 56 20 
20 12 23 13 22 22 15 31 3 37 4 13 22 12 22 23 14 32 2 38 3 30 23 23 16 22 17 15 24 15 54 58 19 55 34 44 33 45 48 9 46 25 35 25 36 20 50 41 39 42 39 11 33 52 39 0 30 36 30 36 21 55 22 24 26 24 
24 38 55 49 43 24 47 9 42 3 42 38 54 48 42 24 46 8 41 2 41 67 62 54 37 60 22 55 15 55 86 84 52 85 50 77 44 77 76 46 78 42 71 35 71 40 76 44 66 39 66 44 6 39 48 39 42 69 36 70 32 21 32 26 62 26 
20 13 22 12 22 23 14 31 3 37 3 14 21 11 21 24 13 32 2 38 2 30 23 22 16 22 17 15 24 15 53 58 19 55 34 44 33 44 48 9 45 24 35 25 35 19 50 40 38 41 39 11 33 0 39 52 29 36 30 36 20 54 21 23 26 24 
40 41 22 25 8 42 20 32 28 38 27 42 21 25 8 43 20 33 28 40 27 35 37 21 44 33 28 37 32 37 47 42 21 45 8 39 3 39 34 26 40 4 36 7 36 9 34 12 26 16 26 21 36 30 42 29 76 33 6 33 11 44 11 16 32 16 
56 48 14 23 27 58 22 60 32 66 32 49 15 24 28 59 23 61 33 67 33 9 19 15 51 16 49 28 55 27 17 25 18 19 28 8 34 8 16 26 9 30 4 37 4 30 20 43 12 48 12 26 63 36 69 36 33 23 39 0 38 77 38 44 11 44 
37 41 27 29 13 39 24 27 29 32 28 41 26 28 12 40 24 28 29 33 28 41 42 27 43 37 24 40 28 40 53 48 26 52 14 46 8 45 41 29 46 9 42 4 42 12 40 11 32 12 32 24 30 30 36 30 6 39 89 39 9 38 8 11 37 11 
56 48 15 23 27 59 23 60 33 66 32 49 16 24 28 60 24 61 34 68 33 10 20 15 52 16 49 28 55 28 17 25 18 19 28 7 34 8 15 27 9 30 5 37 4 30 19 42 11 48 12 26 63 36 70 36 33 0 39 22 38 77 38 44 11 44 
28 31 24 22 11 30 18 22 20 29 20 31 23 21 10 31 17 23 20 30 19 37 36 23 33 32 16 33 21 32 54 51 21 53 19 45 15 45 43 21 46 9 40 5 40 8 43 20 34 21 34 17 26 21 32 20 11 38 9 38 67 39 0 6 33 6 
44 57 63 61 50 45 58 24 56 20 56 57 62 60 49 44 57 24 55 20 55 77 75 63 57 71 37 70 33 69 91 85 61 90 52 84 45 84 79 59 85 46 80 40 79 47 78 40 71 34 71 56 24 55 21 54 44 77 38 77 39 13 39 33 73 33 
29 32 24 22 11 31 18 23 21 29 20 32 23 22 10 32 18 24 21 30 20 37 36 23 34 32 16 33 21 33 54 51 21 53 19 45 14 45 43 22 46 9 40 4 40 8 43 19 33 20 34 17 26 22 32 21 11 38 8 38 0 39 66 6 33 6 
26 32 30 27 17 28 24 16 24 22 24 32 29 27 16 28 23 17 24 23 23 43 41 30 33 38 13 37 16 37 60 58 28 59 24 52 19 52 49 26 53 15 46 9 46 14 49 22 40 20 40 22 19 24 26 23 16 44 11 44 6 33 6 79 39 0 
46 37 10 13 24 49 15 53 23 60 22 38 10 14 25 50 16 54 24 61 23 4 8 10 41 5 41 16 47 16 28 36 11 30 30 19 34 19 26 17 20 28 9 33 9 25 30 43 19 48 20 18 56 26 62 26 32 11 37 11 33 73 33 39 1 39 
26 32 30 28 17 28 24 16 25 23 24 32 29 27 16 29 23 17 24 24 24 43 42 30 34 38 14 38 16 37 60 57 28 59 24 52 19 52 49 26 53 15 47 9 46 14 49 21 40 19 40 23 20 24 26 24 16 44 11 44 6 33 6 0 39 79 
