105 15
81 28 28 14 32 3 27 42 37 10 29 32 16 27 25 12 27 18 37 36 20 28 41 40 9 52 18 23 14 10 24 42 19 11 33 45 19 29 29 1 19 10 27 30 26 18 30 20 24 19 18 24 24 26 29 27 27 10 40 6 16 9 42 42 12 12 27 35 13 35 18 25 38 38 6 49 17 10 0 43 53 20 39 35 51 10 10 38 35 24 19 2 35 44 18 47 9 50 25 22 42 38 25 18 25 
28 51 15 23 32 25 11 40 43 23 14 24 44 7 40 37 54 47 62 50 45 55 62 52 37 79 37 12 27 18 37 36 20 28 41 40 9 52 18 27 29 34 23 34 39 34 26 19 52 9 42 50 36 43 51 50 38 31 68 26 44 22 52 57 40 23 36 63 23 47 43 52 59 49 34 75 34 18 28 51 50 17 60 29 62 37 17 43 61 27 47 28 47 71 33 54 32 75 36 19 61 32 53 12 51 
28 15 25 16 17 25 25 25 28 28 29 9 41 7 49 40 56 44 66 59 39 50 68 62 37 80 44 25 34 18 46 51 10 21 52 54 17 57 33 27 18 37 36 20 28 41 40 9 52 18 34 52 45 33 42 55 48 26 68 30 41 28 38 44 40 30 23 59 16 57 36 46 66 60 34 77 41 18 28 63 65 28 66 43 48 33 20 28 55 14 44 30 34 65 23 66 36 78 46 31 68 47 51 11 53 
14 23 16 54 18 12 28 28 25 19 31 18 25 19 39 27 40 27 51 50 23 33 55 53 21 65 32 26 25 8 37 50 5 5 45 53 17 43 33 12 7 24 34 16 17 31 37 7 36 18 18 37 36 20 28 41 40 9 52 18 24 18 32 35 25 22 16 42 0 48 20 30 53 51 19 61 30 9 13 56 63 25 53 42 42 17 12 25 39 10 28 16 25 49 9 59 23 63 37 28 56 45 34 11 38 
32 32 17 18 37 30 41 10 10 37 44 10 38 25 57 44 56 40 68 68 32 42 73 71 38 79 50 40 43 25 55 66 15 20 63 69 31 60 48 30 12 42 50 4 14 49 53 15 51 32 27 53 54 20 31 58 57 23 65 36 37 36 20 28 41 40 9 52 18 66 29 39 70 69 35 76 48 26 31 74 79 41 71 58 30 31 29 10 45 8 40 34 17 56 15 77 41 79 55 44 73 61 47 23 55 
3 25 25 12 30 75 25 40 36 9 27 30 19 24 27 15 30 21 40 38 22 30 44 41 12 55 20 21 14 7 25 41 16 10 34 44 16 31 27 2 17 12 26 28 25 19 29 17 27 16 19 27 25 26 30 29 28 10 44 6 18 8 42 42 15 12 26 37 11 36 20 28 41 40 9 52 18 7 3 44 53 18 41 34 50 12 7 36 37 22 22 4 34 46 18 48 11 53 26 21 44 37 28 15 28 
27 11 25 28 41 25 73 50 51 18 3 34 43 18 32 32 49 46 55 40 47 55 55 42 35 73 31 4 20 20 29 25 26 31 31 29 10 45 7 27 35 29 12 42 45 27 15 26 48 9 44 46 27 48 54 43 28 33 64 22 43 18 59 63 37 18 43 62 27 37 45 53 51 39 33 70 28 20 28 41 40 9 52 18 70 37 17 51 62 34 46 26 54 71 38 44 27 68 27 10 53 21 51 18 46 
42 40 25 28 10 40 50 40 10 47 53 16 48 33 67 55 66 49 78 78 40 50 83 81 48 88 61 49 54 36 65 75 25 31 73 78 40 70 57 41 23 53 60 12 22 59 63 25 60 42 36 63 65 27 37 69 68 34 74 47 47 47 18 29 51 50 17 60 29 77 37 47 81 80 45 85 59 36 42 84 89 51 81 67 28 41 40 9 52 18 50 45 20 62 25 87 52 89 66 54 84 71 55 33 65 
37 43 28 25 10 36 51 10 56 44 54 20 39 35 63 49 58 41 70 74 31 40 76 77 41 79 55 49 50 33 61 74 24 25 70 78 40 64 57 35 18 47 59 8 12 55 62 25 52 41 27 56 61 17 27 62 64 27 65 43 38 43 9 18 44 47 9 50 25 72 28 37 74 76 39 76 54 34 36 80 88 50 75 66 20 34 37 1 41 16 41 40 9 52 18 84 46 81 62 53 78 70 46 32 57 
10 23 28 19 37 9 18 47 44 82 20 35 25 25 20 14 31 27 39 31 30 37 40 34 17 56 15 14 6 11 18 32 22 19 25 35 13 29 19 10 26 11 17 36 34 12 20 22 29 13 28 27 17 35 39 27 20 19 46 4 25 0 50 51 18 2 35 43 18 29 28 35 37 32 14 52 12 11 10 36 44 10 38 25 60 20 8 44 44 29 28 8 43 53 27 40 9 52 18 12 40 28 33 17 28 
29 14 29 31 44 27 3 53 54 20 80 38 45 21 31 33 49 47 55 38 49 57 54 40 37 73 30 5 20 23 27 22 30 33 29 25 13 45 4 29 38 30 10 45 48 26 12 29 49 12 46 46 26 51 57 43 27 36 65 24 45 20 62 66 38 18 46 63 30 35 47 54 50 37 34 70 27 22 29 39 36 9 51 15 73 39 20 54 64 37 48 28 57 73 41 41 28 68 26 9 52 18 53 21 46 
32 24 9 18 10 30 34 16 20 35 38 18 43 16 55 45 59 45 70 66 38 49 74 69 40 83 50 34 41 23 53 60 13 23 60 63 25 61 41 31 17 42 45 14 23 47 48 12 55 26 34 56 52 29 40 59 55 27 70 35 42 34 30 38 44 37 18 59 19 64 35 46 71 67 37 80 47 24 32 71 74 36 71 52 41 35 27 20 53 11 46 34 28 64 21 74 41 82 53 40 74 55 52 18 57 
16 44 41 25 38 19 43 48 39 25 45 43 104 42 31 16 19 2 31 40 9 12 37 44 8 40 24 39 26 25 32 55 30 20 41 57 35 25 44 16 26 17 41 35 26 26 44 32 12 35 13 17 32 23 19 24 35 15 27 21 1 25 41 37 8 26 30 18 25 40 11 10 36 44 10 37 24 26 15 50 64 35 36 48 47 7 26 41 20 32 3 17 34 28 22 53 18 41 33 37 40 50 9 33 18 
27 7 7 19 25 24 18 33 35 25 21 16 42 37 44 38 54 45 64 54 42 52 65 57 37 79 40 19 30 17 42 44 14 24 46 47 12 54 25 26 23 35 30 27 33 37 33 13 52 12 38 51 40 38 47 52 43 28 68 27 42 24 45 51 40 26 30 61 18 52 39 49 62 55 34 76 37 17 27 57 58 22 63 36 55 35 18 35 58 20 45 28 40 68 28 60 33 77 41 25 65 40 52 9 52 
25 40 49 39 57 27 32 67 63 20 31 55 31 44 57 15 23 32 25 11 40 43 23 14 24 44 7 28 14 32 3 27 42 37 10 29 32 16 27 27 45 16 21 55 52 8 21 43 27 32 41 21 5 51 50 14 5 35 39 20 32 21 68 66 23 18 53 45 38 9 41 42 19 13 25 41 8 31 26 18 33 23 20 23 76 32 28 63 50 49 33 23 60 55 44 21 16 37 4 21 21 24 35 37 20 
12 37 40 27 44 15 32 55 49 14 33 45 16 38 15 57 16 17 25 25 25 28 28 29 9 41 7 28 12 22 15 39 31 24 25 41 28 16 31 14 32 3 27 42 37 10 29 32 16 27 26 13 16 35 35 14 19 21 32 11 17 14 53 51 7 14 39 32 26 25 25 27 26 28 9 38 8 22 13 34 47 23 26 33 60 16 20 50 36 36 18 10 45 42 30 37 5 38 17 24 29 35 21 29 13 
27 54 56 40 56 30 49 66 58 31 49 59 19 54 23 16 28 18 12 28 28 25 19 31 18 25 19 44 28 37 26 51 46 36 33 52 44 9 47 28 43 19 42 53 45 23 43 47 6 44 32 3 27 42 37 10 29 32 16 27 20 31 60 55 15 31 49 23 40 29 30 25 18 32 21 21 22 37 27 38 56 39 19 46 65 25 36 59 31 49 18 26 53 33 41 41 21 23 28 40 22 48 15 45 3 
18 47 44 27 40 21 46 49 41 27 47 45 2 45 32 17 18 64 30 41 10 10 37 44 10 38 25 42 28 28 33 56 33 22 42 59 38 25 47 19 28 19 44 37 28 27 46 34 11 38 14 16 34 24 19 24 37 18 25 23 3 27 42 37 10 29 32 16 27 41 12 9 35 44 13 35 26 28 18 50 65 38 36 50 47 10 29 42 18 34 0 19 35 25 24 54 20 39 35 39 39 52 6 36 18 
37 62 66 51 68 40 55 78 70 39 55 70 31 64 25 25 12 30 6 25 40 36 9 27 30 19 24 51 35 47 28 52 56 47 33 53 53 10 52 39 55 28 46 65 57 28 46 57 18 52 44 14 30 54 49 12 30 44 18 36 32 39 72 67 26 38 61 32 51 27 42 37 10 29 32 16 27 47 38 34 54 46 10 49 77 36 46 71 41 61 30 36 65 41 52 36 30 13 30 45 13 49 26 55 12 
36 50 59 50 68 38 40 78 74 31 38 66 40 54 11 25 28 41 25 55 50 51 18 3 34 43 18 37 25 43 13 28 53 48 10 28 42 19 35 38 56 26 28 66 62 19 27 54 33 42 51 27 14 61 60 18 11 46 42 31 41 32 79 76 32 29 64 51 49 3 51 51 16 4 35 41 19 42 37 10 29 32 16 27 86 42 39 74 58 60 41 34 71 61 55 12 27 35 13 30 15 27 42 48 26 
20 45 39 23 32 22 47 40 31 30 49 38 9 42 40 25 28 10 40 50 85 10 47 53 16 48 33 43 33 27 41 62 28 18 50 65 37 35 49 19 21 25 47 28 18 34 50 30 22 38 4 26 41 14 10 34 44 14 34 26 9 30 32 27 17 32 23 20 23 50 3 7 46 53 16 45 33 27 19 59 72 40 46 55 37 10 29 32 16 27 10 22 24 26 17 62 25 50 42 42 49 57 15 33 28 
28 55 50 33 42 30 55 50 40 37 57 49 12 52 43 28 25 10 36 51 10 74 44 54 20 39 35 51 39 36 44 67 39 28 53 70 46 33 57 28 32 29 54 38 28 38 56 40 18 47 15 24 44 23 14 33 47 24 25 33 12 37 39 32 20 39 33 9 33 51 14 3 43 54 22 37 36 36 27 60 76 47 44 60 42 18 38 42 7 38 10 29 32 16 27 64 30 43 45 49 47 63 9 43 26 
41 62 68 55 73 44 55 83 76 40 54 74 37 65 23 28 19 37 9 18 47 44 20 20 35 25 25 51 35 50 26 47 60 52 28 47 54 12 50 42 60 31 44 70 64 28 44 61 26 53 50 20 28 61 56 14 27 49 27 38 38 41 79 74 32 39 67 41 55 21 49 45 3 22 37 22 28 50 41 27 47 46 2 45 85 42 48 77 50 65 37 39 71 50 58 29 32 16 27 44 4 45 35 57 19 
40 52 62 53 71 41 42 81 77 34 40 69 44 57 14 29 31 44 27 3 53 54 20 58 38 45 21 39 28 46 16 28 56 51 11 28 45 21 36 41 59 30 30 69 66 22 28 57 36 44 55 30 17 65 63 21 14 50 44 34 45 35 82 80 36 32 67 54 52 5 54 54 17 3 38 42 22 45 40 7 27 35 17 28 90 45 42 78 61 63 45 37 74 64 58 10 30 36 16 32 16 27 45 51 29 
9 37 37 21 38 12 35 48 41 17 37 40 8 37 24 9 18 10 30 34 16 20 35 38 65 43 16 31 18 20 24 46 27 17 33 49 28 22 36 10 25 9 33 35 29 18 35 28 14 28 17 15 25 27 26 21 28 14 31 13 8 17 45 42 3 18 32 26 21 34 16 19 33 37 3 40 16 20 9 43 56 27 33 40 52 7 19 42 28 31 11 9 37 36 23 46 10 42 26 29 36 42 16 27 17 
52 79 80 65 79 55 73 88 79 56 73 83 40 79 44 41 25 38 19 43 48 39 25 45 43 32 42 69 52 62 47 71 70 60 52 72 69 28 71 53 67 44 65 76 66 46 65 71 28 69 52 28 49 62 54 30 49 56 14 52 41 56 79 71 40 55 71 32 64 46 50 42 27 47 46 3 45 62 52 52 72 64 27 68 81 48 61 80 42 73 38 51 72 37 63 54 46 10 49 64 29 68 32 70 27 
18 37 44 32 50 20 31 61 55 15 30 50 24 40 7 7 19 25 24 18 33 35 25 21 16 42 55 27 10 26 8 32 36 30 17 34 29 14 28 20 38 8 23 48 44 4 24 37 21 28 33 16 9 43 43 12 11 28 35 14 24 16 60 58 15 14 46 38 32 17 33 34 22 20 17 39 3 25 19 26 40 21 22 27 68 24 23 56 43 42 25 16 53 49 37 29 9 37 10 21 24 29 28 32 16 
23 12 25 26 40 21 4 49 49 14 5 34 39 19 28 28 44 42 51 37 43 51 51 39 31 69 27 31 16 17 25 25 25 28 28 29 9 41 7 23 32 25 11 40 43 23 14 24 44 7 40 41 23 45 51 39 25 30 60 18 39 14 57 61 33 13 41 58 25 34 41 49 48 37 29 66 23 17 24 39 39 5 48 18 67 33 14 49 58 33 42 22 51 67 35 41 23 64 24 6 49 21 47 16 42 
14 27 34 25 43 14 20 54 50 6 20 41 26 30 14 12 28 28 35 25 33 39 35 28 18 52 10 16 47 18 12 28 28 25 19 31 18 25 19 15 32 10 15 42 40 6 17 29 28 18 32 25 11 40 43 23 14 24 44 7 27 7 56 56 19 4 41 44 25 23 32 37 32 26 17 49 7 17 15 30 39 11 32 21 65 23 14 51 47 35 29 12 49 54 32 33 8 48 12 11 34 24 33 23 25 
10 18 18 8 25 7 20 36 33 11 23 23 25 17 32 22 37 28 47 43 27 36 50 46 20 62 26 17 18 65 30 41 10 10 37 44 10 38 25 9 15 19 25 25 25 24 29 11 34 11 23 34 29 27 33 36 32 13 51 11 25 11 40 43 23 14 24 44 7 41 24 33 47 44 16 59 23 0 10 48 54 16 48 33 50 18 4 33 43 17 28 11 34 52 17 51 17 60 30 20 50 37 35 7 35 
24 37 46 37 55 25 29 65 61 18 27 53 32 42 3 15 26 33 28 13 41 44 26 16 24 47 8 25 12 30 50 25 40 36 9 27 30 19 24 26 43 15 18 54 51 6 18 41 29 29 41 23 1 50 50 17 3 34 42 18 32 19 67 66 23 16 52 46 36 11 40 43 23 14 24 44 7 29 25 19 32 20 23 20 75 31 26 62 51 47 34 22 59 57 43 22 15 40 2 18 24 22 36 35 23 
42 36 51 50 66 41 25 75 74 32 22 60 55 44 27 39 51 56 52 28 62 67 47 28 46 71 32 25 28 41 25 22 50 51 18 3 34 43 18 43 57 37 15 66 66 29 12 50 54 33 61 48 23 68 71 42 22 52 67 35 55 32 82 84 46 29 66 71 49 25 61 65 44 25 45 68 30 40 43 23 14 24 44 7 92 52 37 75 75 58 57 40 75 81 59 24 36 63 23 21 44 4 60 42 48 
19 20 10 5 15 16 26 25 24 22 30 13 30 14 42 31 46 33 56 53 28 39 60 56 27 70 36 25 28 10 40 50 81 10 47 53 16 48 33 17 9 29 34 15 19 34 38 1 41 17 24 43 39 23 32 46 42 15 57 22 30 21 32 37 30 24 16 48 5 51 25 36 57 54 24 67 34 11 18 58 63 25 58 42 43 23 14 24 44 7 33 21 27 54 13 61 27 69 40 29 60 45 40 8 44 
11 28 21 5 20 10 31 31 25 19 33 23 20 24 37 24 36 22 47 48 18 28 52 51 17 60 30 28 25 10 36 51 10 86 44 54 20 39 35 10 8 22 35 18 15 29 38 12 31 21 14 33 35 17 23 38 38 4 47 17 19 18 31 32 21 22 16 37 5 46 15 25 49 50 15 57 28 11 11 55 63 27 50 43 40 12 14 26 34 13 23 14 24 44 7 58 21 59 36 30 53 46 29 15 34 
33 41 52 45 63 34 31 73 70 25 29 60 41 46 10 25 33 42 33 10 50 53 28 11 33 52 17 28 19 37 9 18 47 44 46 20 35 25 25 34 51 24 18 62 59 15 17 47 37 34 50 31 9 59 60 23 5 43 48 27 42 26 76 75 32 23 60 55 44 7 50 52 25 8 33 49 17 36 34 11 23 24 25 17 84 40 33 70 60 54 43 30 68 65 52 14 24 44 7 21 25 17 45 41 30 
45 40 54 53 69 44 29 78 78 35 25 63 57 47 29 41 52 59 53 28 65 70 47 28 49 72 34 29 31 44 27 3 53 54 20 28 38 45 21 46 60 40 19 69 70 31 15 53 56 36 64 50 25 71 74 43 23 55 68 38 58 36 85 87 49 32 69 73 52 26 64 68 45 25 48 69 33 44 46 22 11 28 45 11 95 55 40 78 77 61 59 43 79 83 62 23 39 64 25 24 44 7 63 45 50 
19 9 17 17 31 16 10 40 40 13 13 25 35 12 32 28 44 38 53 42 37 46 54 45 28 69 29 9 18 10 30 34 16 20 35 38 49 43 16 18 24 24 19 31 34 25 22 15 42 1 34 41 28 37 44 41 31 23 59 16 35 13 49 52 31 14 32 54 17 40 35 44 51 43 25 66 26 10 19 46 48 11 51 26 59 28 8 40 53 24 38 19 43 62 27 49 23 66 29 14 53 30 44 7 41 
29 52 57 43 60 31 45 70 64 29 45 61 25 54 16 16 9 25 10 19 35 33 12 21 22 28 14 41 25 38 19 43 48 39 25 45 43 88 42 30 47 19 36 57 51 18 37 49 15 42 38 9 20 48 45 2 21 36 23 27 26 29 66 62 19 28 54 32 43 20 37 34 10 23 24 25 17 38 29 29 47 36 11 39 73 30 36 65 40 52 25 27 59 43 45 31 20 23 20 35 14 40 24 45 7 
29 18 33 33 48 27 7 57 57 19 4 41 44 25 27 31 47 47 52 35 49 57 50 36 36 71 28 7 19 25 24 18 33 35 25 21 16 42 15 30 40 29 6 48 50 24 8 32 48 15 47 44 22 53 58 40 23 37 63 23 44 19 65 68 38 18 49 63 32 31 48 55 47 33 34 68 25 24 30 34 32 9 47 11 75 39 21 57 64 40 47 28 59 72 43 37 27 65 23 7 48 14 52 24 44 
1 27 27 12 30 2 27 41 35 10 29 31 16 26 27 14 28 19 39 38 19 28 42 41 10 53 20 23 15 9 26 43 17 10 34 46 18 30 30 33 18 12 28 28 25 19 31 18 25 19 17 25 25 25 28 28 29 9 41 7 16 10 41 41 13 13 26 35 12 36 18 25 40 40 7 50 18 9 1 45 54 20 40 35 49 10 10 36 35 22 19 4 34 44 17 48 11 51 26 23 43 38 25 17 26 
19 29 18 7 12 17 35 23 18 26 38 17 26 23 45 32 43 28 55 56 21 32 60 59 25 67 38 32 32 15 43 57 9 8 51 60 24 47 40 18 35 30 41 10 10 37 44 10 38 25 16 41 43 14 23 45 46 11 53 24 25 25 25 28 28 29 9 41 7 54 18 29 57 57 22 64 36 16 19 62 70 32 58 49 35 19 19 18 36 6 28 22 18 47 4 65 29 67 44 35 61 52 35 17 42 
10 34 37 24 42 12 29 53 47 11 30 42 17 35 16 3 19 19 28 26 25 29 31 30 9 44 8 25 10 19 15 37 29 22 24 40 24 19 29 12 30 51 25 40 36 9 27 30 19 24 25 16 15 35 35 17 19 20 35 8 17 11 52 50 9 11 37 34 24 25 25 28 28 29 9 41 7 19 11 34 47 20 29 31 60 16 17 48 37 34 19 8 44 44 29 37 1 41 16 21 31 33 23 26 17 
27 23 36 34 50 26 12 60 59 17 10 45 41 30 21 27 42 44 46 28 47 54 44 30 33 65 23 11 15 25 18 15 34 35 18 19 19 36 6 28 41 25 51 50 51 18 3 34 43 18 46 39 16 52 56 35 17 36 58 21 42 17 66 68 34 15 50 59 33 25 46 52 41 27 31 62 20 25 28 28 29 9 41 7 76 37 21 59 62 42 44 25 60 69 43 31 23 59 16 5 42 11 48 27 39 
30 34 20 16 4 28 42 12 8 36 45 14 35 27 55 42 53 37 65 66 28 38 70 69 35 76 48 40 42 25 54 66 15 18 62 69 31 57 48 28 10 40 50 50 10 47 53 16 48 33 23 51 53 16 27 56 56 21 62 35 34 35 17 24 38 39 5 48 17 65 25 35 68 68 33 73 46 25 29 72 79 41 68 58 28 28 29 9 41 7 37 32 14 52 12 76 39 76 54 44 71 61 43 24 52 
26 39 28 17 14 25 45 22 12 34 48 23 26 33 52 37 45 28 57 62 18 28 64 66 29 66 44 43 40 25 51 66 19 15 59 70 34 51 50 25 10 36 51 10 56 44 54 20 39 35 14 43 50 5 16 50 54 16 52 32 25 34 16 17 32 37 5 38 17 61 15 25 62 65 27 64 43 26 25 70 79 42 62 59 25 21 29 14 30 14 28 29 9 41 7 73 35 68 51 45 65 62 34 27 45 
18 34 41 31 49 19 27 59 55 12 26 47 26 37 8 10 23 27 28 19 34 38 28 22 18 46 4 23 6 24 6 29 34 29 15 31 25 18 24 19 37 9 18 47 44 57 20 35 25 25 34 20 6 43 44 16 10 28 39 12 26 13 60 59 17 10 45 41 30 17 34 37 25 20 18 43 1 23 18 25 37 17 25 23 68 25 20 56 46 41 28 15 53 52 37 29 9 41 7 17 27 25 31 30 20 
30 26 40 37 53 29 15 63 62 20 12 48 44 33 21 29 43 46 46 27 50 56 44 28 35 65 24 14 17 29 18 12 38 38 17 15 22 37 8 31 44 27 3 53 54 20 58 38 45 21 49 40 16 55 59 35 16 39 59 23 44 20 70 71 36 17 53 61 37 24 49 54 40 25 34 62 21 28 31 26 25 12 41 4 79 40 25 62 64 46 46 28 63 71 46 28 25 59 16 9 41 7 50 30 40 
20 19 9 7 15 17 26 25 25 22 29 12 32 13 43 32 47 34 57 54 30 40 61 57 28 71 37 24 29 11 41 50 1 12 47 53 15 49 32 18 10 30 34 16 20 35 38 18 43 16 25 44 40 25 34 47 43 16 59 22 31 22 33 38 31 25 17 49 7 52 27 37 58 55 25 68 34 11 19 58 63 25 59 42 44 24 14 25 46 8 35 22 28 56 15 62 28 70 41 29 61 45 41 7 45 
24 52 52 36 51 27 48 60 52 29 49 55 12 52 27 16 6 11 18 33 22 18 26 36 14 28 21 44 28 34 29 54 41 31 37 56 42 15 48 25 38 19 43 48 39 25 45 43 83 42 25 6 30 36 30 15 32 27 16 26 13 30 54 48 11 30 43 17 36 34 24 19 25 37 18 25 23 34 24 43 60 39 25 48 59 19 34 53 25 44 11 23 46 28 35 46 20 28 31 40 29 50 9 42 7 
19 9 18 18 32 16 9 42 41 13 12 26 35 12 32 27 44 38 52 42 38 47 53 44 28 69 28 7 18 11 29 33 17 21 34 36 1 42 15 19 25 24 18 33 35 25 21 16 42 15 35 41 27 38 45 40 30 24 59 16 35 13 50 53 31 14 34 54 17 39 35 44 50 42 25 66 25 10 19 45 47 10 51 25 60 29 9 42 54 25 38 19 44 63 28 48 22 65 28 13 52 29 44 9 41 
18 42 34 18 27 19 44 36 27 28 46 34 13 38 41 26 32 14 44 51 4 15 50 55 17 52 33 40 32 23 41 61 24 14 50 64 34 38 47 17 16 25 46 23 14 34 49 25 25 35 36 30 41 10 10 37 44 10 38 25 12 28 28 25 19 31 18 25 19 51 1 12 49 54 16 49 33 24 18 60 72 38 49 53 34 9 26 28 20 22 14 21 21 30 12 63 25 54 42 41 52 56 19 29 31 
24 50 52 37 53 27 46 63 56 27 46 56 17 51 21 13 3 16 14 27 26 24 20 30 15 28 16 41 25 34 23 48 43 33 31 50 41 9 44 25 41 16 39 51 43 20 40 44 6 41 30 24 25 40 36 9 27 30 19 24 18 28 58 53 12 27 47 24 37 28 28 25 19 31 18 25 19 34 24 37 54 36 19 44 64 22 33 57 31 46 16 23 51 34 38 40 18 26 25 37 23 45 15 42 1 
24 36 45 36 54 25 27 65 61 17 26 52 32 40 5 16 27 34 30 14 41 44 28 17 25 49 9 23 11 29 1 23 39 35 9 25 28 20 22 25 43 15 16 53 50 6 16 40 30 27 41 25 56 50 51 18 3 34 43 18 33 18 67 66 24 15 51 47 36 12 41 43 24 15 24 46 8 28 25 19 31 18 25 19 75 31 25 62 52 46 34 21 59 58 43 22 15 42 1 17 26 20 37 34 24 
26 43 33 20 20 26 48 27 17 35 51 29 23 38 51 35 42 24 54 61 14 23 61 65 27 62 43 45 40 27 50 68 23 17 59 71 37 48 53 25 14 35 52 16 5 43 55 25 36 38 10 40 50 57 10 47 53 16 48 33 22 35 18 15 29 38 11 32 20 60 12 20 59 64 26 59 42 28 25 69 80 44 59 60 25 19 31 18 25 19 24 29 10 35 10 72 34 64 51 47 63 63 29 31 42 
29 51 42 28 31 30 54 37 27 39 57 40 19 47 50 35 37 19 49 60 10 14 56 63 26 54 43 51 43 33 50 71 32 23 60 74 44 45 58 28 23 35 56 27 16 44 59 34 30 45 10 36 51 10 50 44 54 20 39 35 18 38 25 18 27 41 22 23 28 60 10 12 55 63 26 51 43 34 28 69 82 48 55 64 28 19 36 28 14 29 19 31 18 25 19 72 35 57 52 51 59 67 22 39 37 
27 50 55 41 58 29 43 69 62 27 43 59 24 52 14 14 10 24 12 18 34 33 14 21 21 30 12 39 23 36 17 42 46 38 23 43 41 2 40 28 45 17 35 56 50 16 35 47 15 40 37 9 18 47 44 38 20 35 25 25 25 27 65 61 18 26 53 33 41 19 36 33 12 22 23 27 15 36 27 28 46 34 12 38 72 28 34 63 40 51 25 25 58 43 44 31 18 25 19 33 15 39 24 43 7 
27 38 48 40 57 28 28 68 64 20 27 55 35 43 5 19 29 37 30 11 44 47 27 14 28 49 11 25 14 32 3 22 42 38 5 23 31 21 23 29 46 19 17 56 54 10 16 43 32 30 44 27 3 53 54 20 62 38 45 21 36 21 70 69 27 18 55 50 39 9 44 46 24 12 28 46 11 31 28 16 28 20 24 18 78 35 28 65 55 49 37 25 63 60 46 19 19 42 2 18 25 19 40 37 26 
10 31 26 9 23 10 33 34 27 19 36 27 15 28 35 21 32 18 44 46 14 24 49 50 14 56 28 30 24 13 34 52 15 4 43 55 23 36 37 9 11 20 36 21 16 28 39 16 27 24 10 30 34 16 20 35 38 37 43 16 15 19 32 32 17 22 18 33 9 45 11 21 47 48 12 53 27 13 9 53 63 28 47 44 40 8 15 28 30 17 18 12 25 40 9 57 19 56 35 31 50 47 25 19 31 
40 68 68 52 65 44 64 74 65 46 65 70 27 68 39 32 16 25 18 42 34 25 27 44 31 14 35 60 44 51 42 67 57 47 48 68 59 23 63 41 53 35 58 62 52 39 59 59 16 59 38 19 43 48 39 25 45 43 50 42 28 46 64 57 28 46 57 18 52 44 36 28 28 46 34 12 38 51 40 52 71 55 28 62 67 35 51 66 28 60 24 40 58 25 49 54 36 19 44 56 31 64 18 59 19 
6 26 30 18 36 6 22 47 43 4 24 35 21 27 20 11 27 23 36 31 26 33 38 34 13 52 14 18 7 11 18 35 22 17 27 38 16 27 23 7 24 8 21 35 32 12 23 22 26 16 25 24 18 33 35 25 21 16 42 38 21 4 48 48 14 6 33 39 18 29 25 31 36 33 10 49 12 11 7 37 47 14 36 28 57 16 9 43 41 28 24 4 41 49 25 41 6 49 19 16 38 31 29 18 25 
16 44 41 24 37 18 43 47 38 25 45 42 1 42 32 17 20 3 32 41 9 12 38 45 8 41 24 39 27 25 32 55 30 19 42 58 35 26 44 16 25 17 42 34 25 26 44 31 13 35 12 18 33 22 18 25 36 15 28 21 60 25 40 36 9 27 30 19 24 41 10 10 37 44 10 38 25 25 15 50 64 35 37 48 46 7 26 40 19 31 3 17 33 28 21 54 18 42 34 37 41 51 10 32 19 
9 22 28 18 36 8 18 47 43 0 20 34 25 24 21 14 31 27 39 32 30 37 41 35 17 56 16 14 7 11 19 32 21 18 26 36 13 29 19 10 25 11 17 35 34 13 20 22 30 13 28 28 18 35 38 27 21 19 46 4 25 83 50 51 18 3 34 43 18 30 28 35 38 33 14 53 13 10 10 37 44 10 38 25 59 20 7 44 44 28 28 8 43 53 26 40 9 52 19 12 40 28 33 16 28 
42 52 38 32 20 42 59 18 9 50 62 30 41 45 68 53 60 42 72 79 32 39 79 82 45 79 60 57 56 40 67 82 32 31 76 85 49 66 65 41 25 52 66 17 16 60 70 33 54 50 28 58 67 18 25 65 70 32 64 48 40 50 21 10 47 53 16 48 33 78 30 36 77 81 43 76 59 41 42 86 95 57 78 74 10 37 44 10 38 25 42 45 7 48 23 89 51 82 68 61 81 77 46 41 60 
42 57 44 35 28 42 63 29 18 51 66 38 37 51 66 51 55 37 67 76 27 32 74 80 42 71 58 61 56 43 66 84 37 32 75 87 52 62 68 41 28 50 68 24 17 59 71 38 48 53 25 53 66 15 18 61 69 32 57 48 36 51 10 21 44 54 20 39 35 76 26 30 73 79 41 69 58 43 41 85 96 59 73 76 10 34 46 20 29 30 37 44 10 38 25 88 50 75 67 63 77 79 40 45 55 
12 40 40 25 41 15 37 51 44 18 38 44 8 40 23 7 15 10 26 32 17 20 32 36 3 40 15 33 19 23 23 46 30 21 32 49 31 19 38 13 28 9 34 38 32 17 36 31 11 31 19 12 24 29 27 18 27 17 28 14 9 18 47 44 74 20 35 25 25 32 18 19 30 35 6 36 16 23 12 41 55 29 30 40 54 10 22 45 28 34 10 11 40 35 26 44 10 38 25 30 33 42 14 30 13 
12 23 30 22 40 12 18 50 47 2 18 37 26 26 18 14 31 29 38 29 32 39 39 32 18 55 14 13 4 14 16 29 24 22 23 32 14 28 18 13 29 11 15 39 37 10 17 25 30 14 31 27 15 38 41 26 18 22 46 6 27 3 53 54 20 89 38 45 21 27 31 37 36 30 16 52 11 13 13 34 41 9 36 22 62 22 10 47 46 31 29 10 46 54 29 37 9 51 16 10 38 25 34 19 28 
27 36 23 16 9 26 43 17 9 35 46 18 30 30 53 39 49 32 61 64 23 33 67 67 32 71 46 41 41 24 52 66 16 16 60 69 32 54 49 26 9 37 50 5 5 45 53 17 43 34 18 47 51 11 22 53 55 18 57 33 30 34 16 20 35 38 21 43 16 63 20 30 65 66 30 68 44 25 27 71 79 41 65 58 26 24 28 10 36 9 32 30 10 47 9 74 37 72 52 44 68 61 38 25 48 
35 63 59 42 52 37 62 60 50 43 63 59 18 61 45 32 23 16 32 51 20 9 41 54 26 32 38 58 44 44 46 71 48 37 55 73 54 32 63 35 41 34 59 48 38 41 61 49 17 54 25 24 47 32 23 33 50 33 18 39 19 43 48 39 25 45 43 77 42 52 23 12 41 55 29 30 40 44 34 61 78 54 41 65 50 25 45 51 10 48 15 35 41 10 37 64 35 37 48 55 44 67 10 51 25 
13 23 16 0 18 11 27 29 25 18 30 19 25 18 38 26 40 27 51 49 23 33 55 52 21 64 32 25 25 7 36 49 5 5 44 52 17 43 32 12 7 24 33 17 17 30 37 7 36 17 19 37 36 20 28 41 39 9 52 18 24 18 33 35 25 21 16 42 50 47 20 30 52 51 18 61 30 8 13 55 62 24 53 41 42 17 11 26 39 10 28 16 26 49 10 58 23 63 37 28 55 44 34 10 38 
35 47 57 48 66 36 37 77 72 29 35 64 40 52 9 25 29 41 27 3 50 51 21 5 34 46 17 34 23 41 11 25 51 46 7 26 40 20 31 36 54 25 25 65 61 17 24 52 34 39 51 28 12 60 60 19 9 45 44 29 41 30 78 76 32 27 63 52 47 50 50 51 18 3 34 43 18 40 36 9 27 30 19 24 85 41 37 73 59 58 42 32 70 63 54 12 26 37 11 27 18 24 43 46 27 
18 43 36 20 29 20 45 37 28 28 47 35 11 39 41 25 30 12 42 51 3 14 49 54 16 50 33 41 32 24 40 61 25 15 50 64 35 37 48 18 18 25 46 25 15 34 49 27 24 35 1 28 41 12 10 36 44 11 36 25 10 28 30 26 18 31 20 23 20 50 81 10 47 53 16 48 33 25 18 59 71 38 48 53 36 9 27 30 19 24 12 20 22 29 13 62 25 52 42 41 51 56 18 30 30 
25 52 46 30 39 28 53 47 37 35 54 46 10 49 42 27 25 9 37 51 7 3 45 54 19 42 34 49 37 33 43 65 36 25 52 68 44 34 55 25 29 28 52 35 25 37 54 37 19 44 12 25 43 20 12 33 46 21 28 31 10 35 36 30 19 37 30 12 30 51 10 72 44 54 20 39 35 34 25 60 75 45 44 59 40 15 35 39 9 35 9 27 30 19 24 63 29 45 44 47 48 61 10 40 26 
38 59 66 53 70 41 51 81 74 37 50 71 36 62 19 26 18 35 10 16 46 43 3 17 33 27 22 48 32 47 23 44 57 49 25 45 51 10 47 40 57 28 41 68 62 25 40 58 25 50 49 19 24 59 55 12 24 47 28 36 37 38 77 73 30 36 65 41 52 18 47 44 18 20 35 25 25 47 39 25 45 42 0 42 83 40 45 75 50 63 36 36 69 50 56 27 30 19 24 41 3 42 34 54 17 
38 49 60 51 69 40 39 80 76 32 37 67 44 55 13 28 32 44 29 4 53 54 22 3 37 47 20 37 26 44 14 25 54 50 8 25 43 23 33 40 57 29 27 68 65 20 25 55 37 42 54 31 15 64 63 22 12 48 46 33 44 33 81 79 35 30 66 55 51 3 53 54 20 54 38 45 21 43 39 6 25 32 20 25 89 44 40 76 62 61 45 36 73 65 57 9 29 38 14 30 19 24 46 49 30 
6 34 34 19 35 9 33 45 39 14 34 37 10 34 25 9 21 13 32 35 16 22 37 38 3 46 17 29 17 16 24 45 24 15 33 48 25 24 34 7 22 9 31 33 27 18 34 25 18 25 16 18 24 26 26 23 28 12 34 10 10 14 43 41 6 16 30 29 18 34 16 20 35 38 60 43 16 16 6 43 55 25 35 38 51 7 16 40 30 28 13 6 36 38 21 46 9 44 25 27 38 41 19 24 19 
49 75 77 61 76 52 70 85 76 52 70 80 37 76 41 38 21 35 16 41 45 37 22 42 40 3 39 66 49 59 44 68 67 57 49 69 66 25 68 50 64 41 62 73 64 43 62 68 25 66 49 25 46 59 51 27 46 53 12 49 38 53 76 69 36 52 68 30 61 43 48 39 25 45 43 38 42 59 49 50 70 61 25 65 79 45 58 78 40 70 35 48 69 36 60 52 43 9 46 61 27 66 30 67 24 
17 34 41 30 48 18 28 59 54 12 27 47 24 37 8 8 22 26 27 19 33 36 28 22 16 45 3 23 7 23 7 30 34 28 17 33 26 17 25 18 36 7 20 46 43 1 21 34 23 25 33 19 8 42 43 15 11 27 38 12 25 13 59 58 16 11 44 40 30 18 33 35 25 21 16 42 49 23 17 26 39 18 25 25 67 23 20 55 44 40 26 14 52 50 36 30 7 40 9 18 27 27 29 30 19 
10 18 18 9 26 7 20 36 34 11 22 24 26 17 31 22 37 28 47 42 27 36 50 45 20 62 25 17 17 0 29 40 11 11 36 44 10 38 24 9 16 19 25 25 26 23 28 11 34 10 24 34 28 28 34 36 31 13 51 11 25 10 41 43 23 13 25 44 8 40 25 34 47 43 16 59 23 101 10 47 53 16 48 33 51 18 3 34 43 18 29 11 35 53 18 50 17 60 29 19 50 36 35 7 35 
0 28 28 13 31 3 28 42 36 10 29 32 15 27 26 13 27 18 38 37 19 27 41 40 9 52 19 24 15 10 25 43 18 11 34 46 19 29 30 1 19 11 28 29 25 18 31 19 24 19 18 24 25 25 28 27 28 9 40 7 15 10 42 41 12 13 27 34 13 36 18 25 39 39 6 49 17 10 102 44 54 20 39 35 50 9 10 37 34 23 18 3 34 43 18 47 10 50 26 23 42 38 24 18 25 
43 51 63 56 74 44 41 84 80 36 39 71 50 57 18 34 38 50 34 10 59 60 27 7 43 52 26 39 30 48 19 23 58 55 11 22 46 29 34 45 62 34 28 72 70 25 26 58 43 45 60 37 19 69 69 28 16 53 52 37 50 37 86 85 41 34 71 61 55 9 59 60 25 6 43 50 26 47 44 37 20 35 25 25 94 50 44 81 68 65 51 41 78 71 62 3 34 43 18 32 23 23 52 52 36 
53 50 65 63 79 53 40 89 88 44 36 74 64 58 33 47 56 65 54 29 72 76 47 27 56 72 40 39 39 54 32 14 63 63 23 11 48 47 32 54 70 47 29 79 79 37 25 63 60 47 72 54 31 80 82 46 28 63 71 47 64 44 95 96 55 41 79 78 62 27 71 75 45 25 55 70 39 53 54 20 6 38 45 21 104 62 50 88 83 71 66 51 88 89 71 18 46 63 30 34 43 18 68 56 53 
20 17 28 25 41 18 9 51 50 10 9 36 35 22 23 23 39 38 46 32 40 47 46 35 27 64 21 5 11 16 20 24 25 27 24 28 11 36 9 20 32 20 9 41 42 17 12 25 39 10 38 36 18 44 48 34 20 28 55 14 35 10 57 59 29 9 41 54 24 30 38 45 42 32 25 61 18 16 20 35 38 69 43 16 67 30 13 50 55 33 38 18 51 63 34 38 18 59 19 3 44 20 43 18 36 
39 60 66 53 71 41 52 81 75 38 51 71 36 63 20 26 19 36 10 16 46 44 2 17 33 27 22 48 32 48 23 44 58 50 25 45 51 11 47 40 58 29 41 68 62 25 41 59 25 51 49 19 25 59 55 12 24 47 28 36 37 38 78 73 30 36 65 41 53 19 48 44 0 20 35 25 25 48 39 25 45 43 87 42 84 41 45 76 50 63 36 37 70 51 56 26 30 18 24 42 3 42 34 55 18 
35 29 43 42 58 34 18 67 66 25 15 52 48 36 23 33 46 50 49 27 55 60 45 28 40 68 27 18 21 33 20 7 42 43 17 11 26 39 11 35 49 31 7 58 59 23 4 42 48 25 53 44 19 60 64 38 18 44 62 28 48 25 74 76 40 22 58 65 41 24 53 59 42 25 38 65 25 33 35 25 21 16 42 36 84 44 29 67 68 50 50 32 67 75 51 27 30 61 18 13 42 3 54 34 43 
51 62 48 42 30 50 70 28 20 60 73 41 47 55 76 60 65 47 77 86 37 42 85 90 52 81 68 67 65 50 75 92 43 40 84 95 59 73 75 49 35 60 76 28 25 68 79 44 59 60 34 64 75 25 28 72 78 40 67 57 46 59 10 10 54 62 26 50 42 85 36 40 83 89 51 79 67 51 50 94 104 67 84 84 21 44 54 20 39 35 47 53 16 48 33 97 59 86 76 70 87 87 51 51 65 
10 37 33 17 31 12 37 41 34 20 39 35 7 35 32 16 25 10 36 42 10 18 42 45 7 48 24 33 23 18 31 52 23 12 40 55 28 30 39 10 19 16 37 28 21 25 40 24 19 29 9 22 31 19 19 28 35 8 35 16 7 20 37 34 10 22 24 25 17 41 9 15 40 44 7 45 23 18 9 50 62 30 41 44 44 95 20 35 25 25 10 12 29 34 16 53 16 48 33 32 44 47 17 25 23 
10 17 20 12 29 7 17 40 37 8 20 27 26 18 28 20 36 29 46 39 29 38 48 42 19 61 23 14 14 4 26 37 14 14 33 40 8 36 21 10 19 17 21 29 29 20 25 14 34 9 26 33 25 31 36 34 28 15 51 9 26 7 44 46 22 10 28 45 11 37 27 35 45 40 16 58 20 3 10 44 50 13 45 29 54 20 107 38 45 21 29 10 38 54 21 47 15 59 26 16 48 33 35 9 34 
38 43 28 25 10 36 51 9 1 44 54 20 41 35 63 50 59 42 71 74 32 42 77 78 42 80 56 49 51 33 62 75 24 26 70 78 40 65 57 36 18 48 59 9 14 56 62 25 53 42 28 57 62 18 28 63 65 28 66 43 40 44 10 20 45 47 10 51 26 73 30 39 75 76 40 78 55 34 37 81 88 50 76 67 20 35 38 32 43 16 42 40 10 53 19 84 47 82 63 53 79 70 48 33 58 
35 61 55 39 45 37 62 52 41 44 64 53 20 58 50 36 31 18 41 58 16 7 50 61 28 42 43 58 47 43 51 75 44 34 60 77 53 40 64 35 36 37 62 41 30 46 64 46 25 54 20 31 52 25 14 40 55 30 28 41 19 44 38 29 28 46 36 10 39 59 19 9 50 62 30 40 44 43 34 68 83 55 50 68 39 25 45 43 96 42 17 36 33 10 31 71 38 47 53 57 53 71 16 49 33 
24 27 14 10 8 22 34 18 16 29 37 11 32 20 49 36 49 34 61 60 27 38 65 63 31 73 42 33 35 17 47 58 7 13 54 61 24 52 40 22 6 34 42 7 14 41 46 8 44 25 22 46 46 19 29 51 49 17 60 28 31 28 25 30 34 31 9 48 10 58 24 35 63 61 28 70 40 18 23 65 71 33 63 50 35 25 21 16 42 66 35 26 20 53 10 69 33 72 47 37 66 53 41 16 48 
19 47 44 28 40 22 46 50 41 28 48 46 3 45 33 18 18 0 30 41 10 10 37 45 11 38 25 42 29 28 34 57 33 23 43 59 38 25 47 19 28 19 44 37 28 28 46 35 11 38 14 16 34 24 19 25 37 18 24 24 3 28 42 37 10 29 32 15 28 42 12 9 36 45 13 35 26 29 18 51 66 38 36 50 47 10 29 42 17 35 88 20 35 25 25 54 20 39 35 40 39 53 6 36 18 
2 28 30 16 34 4 26 45 40 8 28 34 17 28 23 10 26 19 36 34 22 29 39 37 9 51 16 22 12 11 22 40 21 14 30 43 19 27 28 4 22 8 25 32 29 15 28 22 23 19 21 23 21 29 31 25 25 12 40 4 17 8 45 44 11 10 30 35 16 32 20 27 36 36 6 48 14 11 3 41 51 18 37 32 53 12 10 40 36 26 20 108 38 45 21 44 7 48 22 20 39 35 25 19 23 
35 47 34 25 17 34 54 20 9 43 57 28 34 40 60 45 53 35 65 71 24 32 71 74 37 72 53 51 49 34 59 75 27 24 68 79 43 59 59 34 18 44 60 14 9 53 63 28 46 44 21 51 59 10 18 58 63 25 58 41 33 43 7 10 40 46 10 41 26 70 22 30 69 73 36 69 52 35 34 78 88 51 70 67 16 29 38 10 33 20 35 38 41 43 16 82 44 74 60 54 73 71 39 35 52 
44 71 65 49 56 46 71 62 52 53 73 64 28 68 55 42 33 25 41 61 26 16 50 64 36 37 49 67 54 52 57 81 54 44 65 83 62 43 72 44 47 44 69 52 41 52 71 56 28 63 30 34 58 35 25 43 60 40 25 49 28 53 48 38 35 54 47 10 49 63 29 19 50 65 38 36 50 53 43 71 89 63 51 75 48 34 54 53 10 53 25 45 43 79 42 74 45 44 59 65 54 77 20 59 35 
18 33 23 9 15 18 38 25 18 27 41 21 22 28 44 30 41 24 52 55 17 27 58 58 23 63 37 35 32 17 43 59 13 7 52 62 27 45 43 17 4 29 43 12 7 37 46 15 35 28 12 38 43 10 19 44 46 9 49 25 21 26 23 25 26 29 9 37 10 54 13 24 56 57 21 60 36 18 18 62 71 34 56 51 33 16 21 19 31 10 25 21 16 42 71 66 28 64 44 37 59 54 31 20 39 
47 54 66 59 77 48 44 87 84 40 41 74 53 60 21 37 41 54 36 12 62 64 29 10 46 54 29 41 33 51 22 24 61 58 14 23 49 31 37 48 65 37 31 76 73 29 28 62 46 48 63 40 22 72 72 31 19 57 54 41 54 40 89 88 44 37 74 64 58 12 62 63 27 9 46 52 30 50 47 3 18 38 26 27 97 53 47 84 71 69 54 44 82 74 66 40 38 45 21 35 25 25 55 55 39 
9 32 36 23 41 11 27 52 46 9 28 41 18 33 16 5 21 20 30 27 25 30 32 30 10 46 9 23 8 17 15 36 27 21 24 39 23 20 27 11 29 1 23 39 35 9 25 28 20 22 25 18 15 34 35 18 19 19 36 6 18 9 51 50 10 9 37 35 23 26 25 29 30 29 9 43 7 17 10 34 46 18 30 30 59 16 15 47 38 33 20 7 44 45 28 38 70 43 16 20 32 32 25 25 18 
50 75 78 63 79 53 68 89 81 52 68 82 41 77 37 38 23 39 13 35 50 43 16 36 42 10 37 64 48 60 40 63 69 59 44 64 66 23 65 51 67 41 59 76 68 41 59 70 28 65 54 26 42 64 57 25 42 56 19 49 42 52 82 75 38 51 72 37 63 37 52 45 19 38 44 9 40 60 50 43 63 59 18 61 86 48 59 82 47 72 39 48 74 44 64 45 43 50 42 58 20 61 35 68 25 
25 36 46 37 55 26 27 66 62 18 26 53 33 41 4 17 28 35 30 13 42 45 27 16 26 49 10 24 12 30 2 23 40 36 7 25 29 20 23 26 44 16 16 54 51 7 16 41 31 28 42 25 1 51 52 19 2 35 44 19 34 19 68 67 25 16 52 48 37 11 42 44 24 14 25 46 9 29 26 18 30 19 24 18 76 33 26 63 53 47 35 22 60 59 44 21 16 42 50 17 25 20 38 35 25 
22 19 31 28 44 21 10 54 53 12 9 40 37 25 21 24 40 39 45 30 42 49 44 32 29 64 21 6 11 20 18 21 29 30 21 24 14 35 7 23 35 21 5 44 45 17 9 29 40 13 41 37 17 47 51 33 18 31 56 16 37 12 61 63 30 10 44 55 28 27 41 47 41 30 27 61 18 19 23 32 34 3 42 13 70 32 16 53 57 37 40 20 54 65 37 35 20 58 17 76 43 16 45 21 37 
42 61 68 56 73 44 53 84 78 40 52 74 40 65 21 29 22 39 13 15 49 47 4 16 36 29 24 49 34 50 24 44 60 53 25 44 53 14 48 43 61 31 42 71 65 27 41 61 29 52 52 23 26 63 59 15 25 50 31 38 41 40 81 77 33 38 68 44 55 18 51 48 3 19 38 27 27 50 42 23 43 44 3 42 87 44 48 79 53 66 39 39 73 54 59 25 32 20 25 43 90 42 38 57 21 
38 32 47 45 61 37 21 71 70 28 18 55 50 40 24 35 48 52 49 27 57 63 45 27 42 68 29 21 24 37 22 4 45 46 17 7 30 40 14 38 52 33 11 61 62 25 7 45 50 29 56 45 20 63 67 39 19 47 64 31 51 28 77 79 42 25 61 67 44 24 56 61 42 24 41 66 27 36 38 23 18 20 42 3 87 47 33 70 71 53 53 35 71 77 54 25 32 61 20 16 42 43 56 38 45 
25 53 51 34 47 28 51 55 46 33 53 52 9 52 35 21 15 6 26 42 15 9 35 45 16 32 28 47 33 35 36 60 40 29 45 63 44 24 52 25 35 23 48 43 34 31 50 41 9 44 19 15 37 29 22 24 40 25 18 29 10 33 46 40 14 34 38 10 34 43 18 10 34 46 19 30 29 35 24 52 68 43 34 54 51 17 35 48 16 41 6 25 39 20 31 55 25 35 38 45 38 56 86 42 16 
18 12 11 11 23 15 18 33 32 17 21 18 33 9 37 29 45 36 55 48 33 43 57 51 27 70 32 16 23 7 35 42 8 15 41 45 7 45 24 17 17 26 27 24 27 30 30 7 42 9 29 42 34 31 39 43 37 19 59 18 32 16 41 45 30 19 25 51 10 46 30 40 54 49 24 67 30 7 18 52 56 18 55 34 51 25 9 33 49 16 36 19 35 59 20 55 25 68 35 21 57 38 42 33 43 
25 51 53 38 55 28 46 65 57 28 46 57 18 52 20 13 3 18 12 26 28 26 19 29 17 27 16 42 25 35 23 48 44 34 30 50 41 7 44 26 42 17 39 52 45 20 40 45 7 41 31 1 24 42 37 7 26 31 19 25 19 28 60 55 13 28 48 25 38 27 30 26 17 30 19 24 19 35 25 36 53 36 18 43 65 23 34 58 33 48 18 23 52 35 39 39 18 25 25 37 21 45 16 43 85 
