15 6
42 16 8 0 3 5 18 5 12 9 19 15 1 15 7 
16 30 5 12 13 1 2 10 19 12 20 17 18 20 7 
8 5 27 13 20 13 6 4 17 11 15 17 2 18 4 
0 12 13 28 3 20 18 7 6 18 8 13 13 12 11 
3 13 20 3 3 12 2 14 6 3 7 11 12 18 15 
5 1 13 20 12 7 0 11 14 11 18 19 4 18 3 
18 2 6 18 2 0 61 12 3 7 20 4 6 2 8 
5 10 4 7 14 11 12 76 19 20 16 9 13 3 8 
12 19 17 6 6 14 3 19 62 19 8 4 6 12 4 
9 12 11 18 3 11 7 20 19 98 12 3 5 3 19 
19 20 15 8 7 18 20 16 8 12 89 9 3 19 0 
15 17 17 13 11 19 4 9 4 3 9 68 4 4 13 
1 18 2 13 12 4 6 13 6 5 3 4 100 5 18 
15 20 18 12 18 18 2 3 12 3 19 4 5 76 9 
7 7 4 11 15 3 8 8 4 19 0 13 18 9 15 
