91 14
56 12 44 24 11 17 7 23 27 12 11 10 35 16 27 27 31 10 20 22 1 29 31 37 43 29 18 18 5 10 13 13 16 23 25 34 51 38 35 29 49 42 39 16 31 63 37 20 22 39 22 37 21 37 59 15 24 32 9 36 31 41 53 3 17 17 14 17 19 35 17 7 22 25 30 39 21 32 16 31 54 10 12 9 34 28 39 53 39 36 53 
12 33 38 25 20 6 5 22 16 19 15 23 41 28 31 38 44 22 32 33 12 42 42 50 54 27 27 31 10 20 22 1 29 31 37 43 52 42 32 30 49 37 43 21 38 66 47 27 32 45 24 46 34 48 66 27 37 42 19 48 43 54 64 15 22 5 26 25 32 43 27 5 35 35 42 49 20 41 29 43 61 18 16 22 39 41 52 63 51 48 64 
44 38 55 24 39 32 39 22 29 36 52 49 33 59 28 52 66 53 62 49 45 63 75 75 61 16 41 56 46 54 38 39 53 67 65 48 27 31 10 20 22 1 29 31 37 43 53 35 45 39 25 51 56 61 58 50 59 49 40 63 71 74 65 47 32 34 47 61 59 43 42 40 56 69 68 53 22 47 53 57 52 37 54 50 33 68 71 62 81 62 70 
24 25 24 55 16 23 22 5 28 13 35 26 16 37 6 28 42 31 38 24 25 39 52 50 39 8 16 32 28 33 14 27 29 46 41 26 27 17 14 5 25 24 17 8 16 41 31 10 20 22 1 29 31 37 43 25 35 26 17 39 47 50 45 27 8 25 22 41 35 22 17 24 32 47 44 31 6 24 30 33 38 15 36 27 15 44 47 43 57 38 49 
11 20 39 16 63 22 14 17 32 3 21 9 25 20 18 18 28 14 22 13 12 25 35 36 34 23 7 16 16 17 2 21 13 30 25 23 42 27 30 21 41 39 29 8 20 52 27 9 12 28 15 26 17 29 48 10 20 22 1 29 31 37 43 13 8 23 7 25 19 24 7 16 17 31 29 28 17 21 14 23 43 2 23 10 23 28 34 43 41 29 44 
17 6 32 23 22 21 10 19 10 20 21 27 39 33 29 41 48 28 38 36 17 46 48 55 56 23 29 36 16 26 23 7 33 38 42 44 49 40 27 27 45 31 41 21 38 64 49 27 34 44 22 48 38 51 66 31 41 44 22 51 49 58 65 20 22 1 29 31 37 43 29 10 38 41 47 50 17 42 33 46 61 20 22 27 38 46 56 64 56 51 66 
7 5 39 22 14 10 41 20 20 14 13 17 37 23 27 33 38 17 28 27 7 36 38 44 49 26 22 26 7 16 16 6 23 28 32 38 50 38 31 27 47 38 39 17 34 63 42 22 27 41 21 41 28 43 62 22 31 37 13 43 38 49 58 10 18 10 20 22 27 38 22 1 29 31 37 43 18 36 23 37 57 13 14 17 35 36 46 58 46 43 59 
23 22 22 5 17 19 20 44 23 14 33 27 21 37 12 32 45 31 40 28 24 42 53 53 44 6 19 34 26 32 16 23 31 46 43 31 30 22 12 8 27 21 22 10 22 45 36 14 24 27 4 34 34 41 49 28 38 31 18 43 49 53 50 26 10 20 25 40 37 28 20 21 35 47 46 37 1 29 31 37 43 15 34 28 20 46 50 49 58 42 54 
27 16 29 28 32 10 20 23 3 29 31 37 45 43 35 50 58 38 48 45 28 56 58 65 65 25 37 46 26 36 32 16 43 47 52 52 51 45 27 30 46 27 44 28 44 66 57 35 43 50 27 56 48 60 72 41 51 52 31 61 59 68 73 30 29 10 39 41 47 50 38 20 48 51 57 58 22 50 43 55 67 29 31 37 43 56 66 71 67 61 75 
12 19 36 13 3 20 14 14 29 58 23 12 23 23 15 20 30 17 25 15 13 28 38 39 35 20 8 19 17 19 2 20 16 33 28 24 40 26 27 19 38 36 27 5 20 51 28 8 13 27 12 27 20 30 47 13 23 23 4 31 34 40 44 14 5 21 10 27 22 24 8 15 20 33 32 29 14 22 17 25 43 1 24 13 22 31 37 43 44 31 45 
11 15 52 35 21 21 13 33 31 23 63 17 46 15 38 36 35 13 21 30 9 34 28 38 52 39 28 23 6 8 24 14 22 16 26 44 62 49 45 40 60 51 50 27 42 74 46 31 32 50 33 46 27 44 69 23 29 41 20 43 31 45 62 9 28 20 23 10 23 46 28 12 28 20 31 48 31 42 22 39 65 21 1 16 45 29 44 62 37 43 61 
10 23 49 26 9 27 17 27 37 12 17 74 33 11 27 18 21 6 12 13 10 19 26 28 34 33 13 8 14 10 11 23 6 21 16 27 51 35 39 31 50 48 38 17 27 60 29 18 15 35 25 29 11 27 52 5 14 24 8 26 23 31 45 9 17 27 6 17 10 29 12 17 12 21 20 31 26 25 6 22 48 11 18 1 31 20 29 45 31 26 43 
35 41 33 16 25 39 37 21 45 23 46 33 87 44 9 24 40 39 43 23 37 37 56 50 28 20 19 35 41 42 22 42 32 54 44 16 19 3 24 15 21 33 6 20 6 27 21 15 19 6 17 18 33 30 27 29 35 18 26 33 49 45 31 38 19 41 27 50 38 10 20 38 33 54 45 20 22 15 33 28 22 25 48 34 1 46 42 29 59 31 37 
16 28 59 37 20 33 23 37 43 23 15 11 44 25 38 25 20 6 5 22 16 19 15 23 41 44 24 11 17 7 23 27 12 11 10 35 62 47 50 42 61 58 49 28 38 71 36 29 25 45 36 37 15 32 61 14 15 32 19 29 16 30 52 13 29 33 16 8 8 39 23 23 15 10 15 38 36 34 10 27 57 22 16 10 42 13 28 52 23 30 48 
27 31 28 6 18 29 27 12 35 15 38 27 9 38 88 24 39 32 39 22 29 36 52 49 33 12 15 31 32 35 15 33 28 48 41 20 24 11 17 7 23 27 12 11 10 35 26 9 17 15 7 23 30 33 37 25 33 21 19 35 47 47 39 30 10 31 22 43 35 16 16 29 30 48 43 26 13 19 29 29 31 17 40 28 8 44 44 37 56 34 43 
27 38 52 28 18 41 33 32 50 20 36 18 24 25 24 48 16 23 22 5 28 13 35 26 16 36 12 14 32 28 17 39 14 36 22 10 44 27 41 31 45 51 30 22 17 48 11 17 7 23 27 12 11 10 35 12 12 7 19 11 26 22 26 27 21 42 13 34 18 15 12 34 10 34 21 13 32 9 15 5 32 21 37 19 23 23 19 27 35 10 25 
31 44 66 42 28 48 38 45 58 30 35 21 40 20 39 16 22 22 14 17 32 3 21 9 25 50 25 12 35 26 28 44 15 28 11 26 60 44 56 46 61 66 46 35 34 64 24 31 22 39 41 26 10 15 48 17 7 23 27 12 11 10 35 29 34 48 20 28 12 32 24 39 10 24 7 26 44 25 15 13 46 30 36 21 39 10 8 37 19 13 30 
10 22 53 31 14 28 17 31 38 17 13 6 39 6 32 23 22 35 10 19 10 20 21 27 39 37 19 10 12 4 17 22 9 16 14 32 57 41 44 36 55 52 44 22 33 66 34 24 21 41 29 35 14 31 58 11 16 30 13 29 21 32 50 7 23 27 12 11 10 35 18 17 14 16 19 36 30 30 9 26 54 16 14 4 37 18 31 50 29 30 48 
20 32 62 38 22 38 28 40 48 25 21 12 43 5 39 22 14 10 14 20 20 14 13 17 37 46 24 8 22 12 24 32 10 14 4 33 62 46 52 44 62 61 49 30 37 70 33 30 24 44 37 34 11 28 58 13 11 30 21 25 10 24 48 17 30 38 16 13 4 37 23 27 12 11 10 35 39 31 9 23 55 24 21 12 42 8 23 48 19 26 43 
22 33 49 24 13 36 27 28 45 15 30 13 23 22 22 5 17 19 20 46 23 14 33 27 21 32 8 11 27 23 12 34 10 33 20 13 43 27 38 28 44 48 29 18 17 50 15 14 4 24 24 16 9 15 39 8 12 11 14 16 25 25 32 22 17 36 7 29 15 17 7 28 9 31 21 17 27 12 11 10 35 16 32 15 22 22 22 31 35 15 31 
1 12 45 25 12 17 7 24 28 13 9 10 37 16 29 28 32 10 20 23 55 29 31 37 45 30 19 19 4 9 15 12 17 22 25 35 53 39 36 30 51 44 41 18 33 64 38 22 24 40 24 38 22 38 60 16 24 33 11 37 31 42 55 3 18 17 15 16 20 37 19 7 22 24 30 40 23 33 17 32 56 12 11 10 35 28 40 54 39 37 54 
29 42 63 39 25 46 36 42 56 28 34 19 37 19 36 13 3 20 14 14 29 24 23 12 23 47 22 10 33 25 25 42 12 28 11 23 57 41 53 43 58 63 44 32 31 62 22 28 19 36 38 24 8 14 46 14 5 20 25 11 13 12 34 27 31 46 17 28 10 29 21 37 7 24 8 24 41 23 12 11 44 27 34 19 36 11 10 35 21 12 29 
31 42 75 52 35 48 38 53 58 38 28 26 56 15 52 35 21 21 13 33 31 23 22 17 46 59 37 21 32 22 37 42 24 12 12 45 76 60 65 57 75 74 62 44 50 83 44 43 37 57 51 46 24 37 70 27 22 42 34 33 11 28 57 28 44 48 30 17 18 50 36 38 24 7 14 47 52 44 23 34 67 37 27 25 55 12 28 59 10 35 51 
37 50 75 50 36 55 44 53 65 39 38 28 50 23 49 26 9 27 17 27 37 12 17 20 33 58 34 19 40 30 37 50 22 27 12 35 70 53 65 55 71 74 56 43 44 74 33 40 31 49 50 35 19 24 57 25 15 32 35 20 7 11 42 34 43 55 28 30 17 41 33 44 18 22 7 35 53 35 22 23 55 38 39 27 49 9 12 44 11 22 35 
43 54 61 39 34 56 49 44 65 35 52 34 28 41 33 16 25 39 37 21 45 23 46 33 71 46 27 30 49 44 32 55 29 51 35 12 45 30 50 40 48 61 33 36 23 44 7 30 21 23 39 9 26 9 24 29 26 12 35 13 36 24 11 43 35 57 29 49 32 17 27 50 25 47 32 7 44 14 30 13 23 36 53 36 27 34 21 12 44 11 10 
29 27 16 8 23 23 26 6 25 20 39 33 20 44 12 36 50 37 46 32 30 47 59 58 46 77 24 39 32 39 22 29 36 52 49 33 25 20 6 5 22 16 19 15 23 41 38 18 28 26 8 36 39 45 48 33 43 34 24 47 55 58 51 33 15 25 30 46 42 29 25 27 40 54 52 38 7 31 37 41 42 21 41 34 20 52 55 49 64 46 56 
18 27 41 16 7 29 22 19 37 8 28 13 19 24 15 12 25 19 24 8 19 22 37 34 27 24 51 16 23 22 5 28 13 35 26 16 38 22 30 20 38 40 25 10 14 47 20 6 5 22 16 19 15 23 41 10 18 15 8 24 31 33 36 19 9 30 7 30 19 17 1 23 15 34 28 21 19 14 14 18 36 9 30 14 18 28 30 35 41 23 37 
18 31 56 32 16 36 26 34 46 19 23 8 35 11 31 14 12 10 8 11 19 10 21 19 30 39 16 40 22 14 17 32 3 21 9 25 54 38 46 37 54 55 41 24 29 62 25 22 15 36 31 26 4 21 50 6 5 22 16 19 15 23 41 16 24 36 9 19 3 29 15 26 4 19 12 27 33 23 2 16 47 19 24 9 33 12 20 41 24 20 37 
5 10 46 28 16 16 7 26 26 17 6 14 41 17 32 32 35 12 22 27 4 33 32 40 49 32 23 22 12 10 19 10 20 21 27 39 56 43 38 33 53 45 44 21 37 68 42 25 28 44 26 42 25 42 64 20 28 37 15 41 33 45 59 5 22 16 19 15 23 41 23 6 26 25 32 44 25 37 20 36 60 15 8 13 39 30 43 58 40 41 58 
10 20 54 33 17 26 16 32 36 19 8 10 42 7 35 28 26 4 12 23 9 25 22 30 44 39 22 14 10 11 20 20 14 13 17 37 59 45 45 38 58 53 47 25 37 70 39 27 25 45 31 39 18 36 62 15 20 34 16 34 23 36 55 6 25 26 16 7 14 39 22 16 19 15 23 41 31 35 13 31 58 18 9 8 40 21 35 55 30 35 52 
13 22 38 14 2 23 16 16 32 2 24 11 22 23 15 17 28 17 24 12 15 25 37 37 32 22 5 17 19 20 44 23 14 33 27 21 39 25 28 19 38 37 26 6 18 50 25 7 11 25 13 24 18 28 45 11 21 20 4 28 33 37 42 15 6 24 8 28 20 22 5 18 18 33 30 27 16 19 15 23 41 3 26 13 20 30 34 41 42 28 42 
13 1 39 27 21 7 6 23 16 20 14 23 42 27 33 39 44 22 32 34 12 42 42 50 55 29 28 32 10 20 23 32 29 31 37 45 54 44 33 31 51 38 44 22 40 68 48 28 34 47 25 48 34 49 68 28 37 43 20 49 43 55 65 15 23 6 26 25 32 44 28 5 35 35 42 50 22 42 29 44 63 19 15 23 41 41 52 64 50 49 65 
16 29 53 29 13 33 23 31 43 16 22 6 32 12 28 14 15 9 10 10 17 12 24 22 29 36 13 3 20 14 14 29 39 23 12 23 52 36 43 34 51 52 38 21 27 59 25 19 13 33 28 25 4 21 49 3 7 20 13 20 18 25 40 15 21 33 6 20 6 27 12 24 5 21 15 27 30 22 1 16 45 16 24 7 31 15 23 41 27 21 38 
23 31 67 46 30 38 28 46 47 33 16 21 54 11 48 36 28 16 14 33 22 28 12 27 51 52 35 21 21 13 33 31 23 31 17 46 73 57 58 52 71 66 60 38 49 82 47 40 36 56 45 48 25 42 72 25 25 44 29 39 20 37 62 19 38 37 27 6 19 50 34 28 26 5 22 49 45 45 22 38 69 31 16 20 53 19 36 63 23 41 58 
25 37 65 41 25 42 32 43 52 28 26 16 44 10 41 22 11 14 4 20 25 11 12 12 35 49 26 9 27 17 27 37 12 17 46 33 64 47 55 46 64 64 50 33 38 70 32 32 25 44 40 34 11 25 57 15 9 29 24 22 6 20 46 22 33 42 18 18 6 38 25 32 11 13 5 34 42 31 11 22 54 27 26 16 43 3 19 47 15 24 41 
34 43 48 26 23 44 38 31 52 24 44 27 16 35 20 10 26 32 33 13 35 23 45 35 12 33 16 25 39 37 21 45 23 46 33 82 35 19 38 28 37 48 22 24 11 38 5 17 11 13 26 3 21 13 25 21 23 3 25 17 36 29 20 35 23 45 21 43 28 6 16 39 21 44 32 5 31 2 24 12 22 25 45 28 16 34 26 19 45 15 23 
51 52 27 27 42 49 50 30 51 40 62 51 19 62 24 44 60 57 62 43 53 57 76 70 45 25 38 54 56 59 39 54 52 73 64 35 49 16 23 22 5 28 13 35 26 16 39 32 39 22 29 36 52 49 33 48 55 38 43 52 69 65 45 54 34 51 46 67 58 29 39 52 52 72 65 38 32 35 53 47 28 41 64 52 21 66 62 42 78 51 53 
38 42 31 17 27 40 38 22 45 26 49 35 3 47 11 27 44 41 46 27 39 41 60 53 30 20 22 38 43 45 25 44 36 57 47 19 16 79 22 14 17 32 3 21 9 25 24 17 22 7 18 21 36 33 27 32 39 22 29 36 52 49 33 40 21 42 30 52 42 13 23 40 36 57 48 23 23 19 37 31 22 27 50 37 4 50 46 31 62 35 39 
35 32 10 14 30 27 31 12 27 27 45 39 24 50 17 41 56 44 52 38 36 53 65 65 50 6 30 46 38 45 28 33 43 58 55 38 23 22 65 10 19 10 20 21 27 39 43 24 34 29 14 41 45 50 50 39 49 39 31 53 61 64 55 39 22 29 36 52 49 33 31 33 46 60 58 43 13 36 43 46 44 28 46 40 23 58 61 53 71 51 60 
29 30 20 5 21 27 27 8 30 19 40 31 15 42 7 31 46 36 44 28 30 43 57 55 40 5 20 37 33 38 19 31 34 52 46 28 22 14 10 78 20 20 14 13 17 37 33 14 24 21 6 31 36 40 42 30 39 29 23 42 52 54 46 32 13 28 27 46 40 23 22 29 36 52 49 33 9 26 35 36 37 20 41 32 14 49 51 44 62 41 51 
49 49 22 25 41 45 47 27 46 38 60 50 21 61 23 45 61 55 62 44 51 58 75 71 48 22 38 54 53 58 38 51 51 71 64 37 5 17 19 20 44 23 14 33 27 21 42 32 39 24 26 39 53 51 38 48 56 39 42 54 69 67 48 52 32 47 45 66 58 31 39 49 53 71 65 41 29 36 52 49 33 39 61 51 21 66 64 46 79 52 56 
42 37 1 24 39 31 38 21 27 36 51 48 33 58 27 51 66 52 61 48 44 63 74 74 61 16 40 55 45 53 37 38 52 66 64 48 28 32 10 20 23 58 29 31 37 45 53 34 44 39 24 51 55 60 58 49 59 49 39 63 71 74 65 46 31 32 46 60 58 43 41 39 56 68 68 53 22 46 53 57 53 36 52 49 33 67 71 63 80 62 70 
39 43 29 17 29 41 39 22 44 27 50 38 6 49 12 30 46 44 49 29 41 44 62 56 33 19 25 41 44 47 26 44 38 60 50 22 13 3 20 14 14 29 73 23 12 23 27 19 25 10 19 24 39 36 29 35 42 25 31 39 55 52 36 42 22 42 32 54 44 16 26 41 39 59 51 26 23 22 39 34 23 29 52 39 7 52 49 33 65 38 42 
16 21 31 8 8 21 17 10 28 5 27 17 20 28 11 22 35 22 30 18 18 32 44 43 36 15 10 24 21 25 6 22 21 38 33 24 35 21 21 13 33 31 23 105 17 46 29 6 15 24 7 27 24 32 45 18 28 23 9 34 39 43 44 19 1 22 15 32 27 22 10 18 25 39 36 29 9 22 22 28 40 6 29 19 18 36 41 43 49 33 46 
31 38 37 16 20 38 34 22 44 20 42 27 6 38 10 17 34 33 37 17 33 31 50 44 23 23 14 29 37 37 18 40 27 49 38 11 26 9 27 17 27 37 12 17 98 33 16 11 13 7 17 13 26 24 28 24 29 13 22 27 43 39 29 33 16 39 21 44 32 6 15 35 27 48 39 16 22 10 28 22 23 21 44 29 5 40 36 27 52 26 33 
63 66 43 41 52 64 63 45 66 51 74 60 27 71 35 48 64 66 70 50 64 62 83 74 44 41 47 62 68 70 50 68 59 82 70 38 16 25 39 37 21 45 23 46 33 67 41 43 46 26 42 38 59 50 24 56 61 41 54 54 74 67 39 65 46 65 54 77 65 32 48 65 59 81 70 39 46 39 61 51 22 52 76 62 29 72 64 36 84 52 49 
37 47 53 31 27 49 42 36 57 28 46 29 21 36 26 11 24 34 33 15 38 22 44 33 7 38 20 25 42 39 25 48 25 47 32 5 39 24 43 33 42 53 27 29 16 41 33 22 14 17 32 3 21 9 25 23 22 5 28 13 35 26 16 37 27 50 23 45 28 11 20 43 21 44 30 2 37 7 26 10 22 29 48 30 21 33 23 16 43 11 17 
20 27 35 10 9 27 22 14 35 8 31 18 15 29 9 17 31 24 30 14 22 28 43 40 30 18 6 22 25 27 7 28 19 40 32 17 32 17 24 14 32 34 19 6 11 43 22 47 10 19 10 20 21 27 39 16 25 17 11 29 38 39 38 22 5 28 13 35 26 16 7 24 22 39 34 23 14 15 20 22 34 10 33 19 13 35 36 36 47 28 40 
22 32 45 20 12 34 27 24 43 13 32 15 19 25 17 7 22 21 24 4 24 19 37 31 21 28 5 15 28 25 11 34 13 36 25 11 39 22 34 24 39 44 25 15 13 46 14 10 45 20 20 14 13 17 37 10 16 9 13 18 30 29 31 23 14 35 9 32 19 14 5 28 13 35 26 16 24 9 14 12 32 14 34 17 18 27 26 30 39 18 31 
39 45 39 22 28 44 41 27 50 27 50 35 6 45 15 23 39 41 44 24 40 36 57 49 23 26 22 36 44 45 25 47 33 56 44 13 22 7 29 21 24 39 10 24 7 26 17 19 20 10 23 14 33 27 21 31 35 16 30 31 49 43 25 41 23 46 29 52 39 7 22 43 33 55 45 16 28 13 35 26 16 29 51 36 6 46 40 23 58 29 32 
22 24 25 1 15 22 21 4 27 12 33 25 17 36 7 27 41 29 37 24 24 38 51 50 39 8 16 31 26 31 13 25 28 45 40 26 29 18 14 6 26 24 19 7 17 42 32 10 20 23 57 29 31 37 45 25 34 27 16 39 46 49 46 26 7 23 22 39 34 23 17 22 31 46 43 32 5 24 29 33 39 13 35 26 16 43 46 44 56 38 49 
37 46 51 29 26 48 41 34 56 27 46 29 18 37 23 12 26 35 34 16 38 24 46 35 9 36 19 26 42 39 24 48 25 48 34 3 36 21 41 31 39 51 24 27 13 38 3 20 14 14 29 27 23 12 23 24 24 5 27 16 37 29 17 37 26 49 23 45 30 8 19 42 22 46 32 2 35 5 26 12 20 28 48 31 18 35 26 16 46 14 19 
21 34 56 31 17 38 28 34 48 20 27 11 33 15 30 11 10 14 11 9 22 8 24 19 26 39 15 4 25 18 18 34 4 25 11 21 52 36 45 36 53 55 39 24 26 59 21 21 13 33 31 23 70 17 46 6 3 18 17 15 16 20 37 20 24 38 9 23 6 26 14 29 0 22 12 24 34 20 5 12 43 19 28 12 31 13 18 37 26 16 33 
37 48 61 37 29 51 43 41 60 30 44 27 30 32 33 10 15 31 28 15 38 14 37 24 9 45 23 21 42 36 28 49 21 42 25 13 49 33 50 40 51 60 36 32 24 50 9 27 17 27 37 12 17 52 33 21 17 11 29 4 27 16 20 36 32 52 22 40 23 20 22 44 16 38 22 11 42 14 22 5 31 31 45 28 29 25 13 21 35 2 16 
59 66 58 43 48 66 62 49 72 47 69 52 27 61 37 35 48 58 58 39 60 46 70 57 24 48 41 50 64 62 45 68 49 72 57 25 33 27 50 42 38 58 29 45 28 24 25 39 37 21 45 23 46 33 32 47 48 28 49 37 59 48 16 60 44 67 46 69 53 23 41 63 46 69 55 22 50 27 50 35 5 49 71 54 28 58 45 13 68 35 26 
15 27 50 25 10 31 22 28 41 13 23 5 29 14 25 12 17 11 13 8 16 14 27 25 29 33 10 6 20 15 11 28 3 25 15 21 48 32 39 30 48 49 35 18 24 56 23 16 10 31 25 24 6 21 47 45 10 19 10 20 21 27 39 14 17 32 3 21 9 25 9 22 7 24 18 25 27 19 4 16 43 13 24 7 28 18 24 39 31 21 38 
24 37 59 35 20 41 31 38 51 23 29 14 35 15 33 12 7 16 11 12 24 5 22 15 26 43 18 5 28 20 21 37 7 25 9 23 55 39 49 39 56 59 42 28 29 61 22 25 16 35 34 24 3 17 48 10 29 20 20 14 13 17 37 22 27 41 13 24 6 28 17 32 3 21 9 25 37 22 7 12 45 23 30 14 34 10 15 37 23 15 33 
32 42 49 26 22 44 37 31 52 23 41 24 18 32 21 7 23 30 30 11 33 20 42 32 12 34 15 22 37 34 20 43 20 44 29 3 38 22 39 29 39 49 25 23 13 41 5 17 9 16 27 5 18 11 28 19 20 35 23 14 33 27 21 32 22 44 18 40 25 9 14 38 18 41 29 6 32 3 21 9 25 24 43 26 18 31 24 21 42 13 23 
9 19 40 17 1 22 13 18 31 4 20 8 26 19 19 19 27 13 21 14 11 25 34 35 35 24 8 16 15 16 4 20 13 29 24 25 43 29 31 23 42 39 31 9 22 54 28 11 13 30 16 27 17 29 49 10 20 23 64 29 31 37 45 11 9 22 7 23 18 26 8 14 17 29 28 30 17 22 13 24 45 3 21 9 25 28 34 44 40 29 45 
36 48 63 39 29 51 43 43 61 31 43 26 33 29 35 11 12 29 25 16 37 11 33 20 13 47 24 19 41 34 28 49 20 39 22 17 52 36 53 42 54 63 39 34 27 54 13 29 18 31 39 16 15 4 37 20 14 14 29 6 23 12 23 35 33 52 22 38 21 23 23 43 14 35 19 15 43 17 21 6 35 32 44 27 32 21 9 25 30 2 18 
31 43 71 47 31 49 38 49 59 34 31 23 49 16 47 26 11 21 10 25 31 13 11 7 36 55 31 15 33 23 33 43 18 20 6 36 69 52 61 52 69 71 55 39 43 74 35 38 30 49 46 37 16 27 59 21 13 33 31 23 43 17 46 28 39 48 24 22 12 42 30 38 16 14 4 37 49 35 17 24 57 34 32 22 48 3 17 48 9 25 40 
41 54 74 50 37 58 49 53 68 40 45 31 45 30 47 22 10 32 24 25 42 12 28 11 24 58 33 23 45 36 37 55 25 37 20 29 65 49 64 54 67 74 52 43 39 67 26 39 29 43 49 29 20 16 48 27 17 27 37 12 17 19 33 39 43 59 29 38 22 36 32 49 19 32 14 28 53 30 25 17 47 40 46 32 45 17 3 35 21 14 25 
53 64 65 45 43 65 58 50 73 44 62 45 31 52 39 26 35 50 48 32 55 34 57 42 11 51 36 41 59 55 42 65 40 62 46 20 45 33 55 46 48 65 36 44 29 39 16 38 31 25 46 17 37 20 16 39 37 21 45 23 46 33 50 54 43 66 39 60 43 22 36 60 36 58 42 14 51 22 41 24 17 45 64 46 32 45 31 3 54 21 9 
3 15 47 27 13 20 10 26 30 14 9 9 38 13 30 27 29 7 17 22 3 27 28 34 43 33 19 16 5 6 15 15 15 19 22 35 54 40 39 32 52 46 42 19 33 65 37 22 23 41 26 37 20 36 60 14 22 32 11 35 28 39 54 20 20 20 14 13 17 37 19 10 20 21 27 39 25 33 14 31 56 13 10 8 36 25 37 54 36 36 53 
17 22 32 8 8 22 18 10 29 5 28 17 19 29 10 21 34 23 30 17 18 31 44 43 35 15 9 24 22 25 6 23 21 38 33 23 34 21 22 13 32 31 22 1 16 46 27 5 14 23 7 26 24 32 44 17 27 22 9 33 39 43 43 20 38 23 14 33 27 21 10 19 24 39 36 28 10 20 21 27 39 7 30 19 17 36 40 42 49 32 45 
17 5 34 25 23 1 10 20 10 21 20 27 41 33 31 42 48 27 38 36 17 46 48 55 57 25 30 36 16 26 24 6 33 37 42 45 51 42 29 28 47 32 42 22 39 65 50 28 35 46 23 49 38 52 67 32 41 44 22 52 48 59 66 20 23 20 29 31 37 45 30 10 39 41 47 51 19 43 33 47 62 20 21 27 39 46 56 65 56 52 67 
14 26 47 22 7 29 20 25 39 10 23 6 27 16 22 13 20 12 16 7 15 17 30 28 29 30 7 9 19 16 8 26 6 27 18 21 46 30 36 27 45 46 32 15 21 54 23 13 9 29 22 23 9 22 46 3 13 18 7 22 24 29 39 14 14 29 41 23 12 23 6 21 10 26 21 25 24 19 7 17 42 10 24 7 26 21 27 39 34 22 38 
17 25 61 41 25 31 22 40 41 27 10 17 50 8 43 34 28 11 13 29 16 28 17 30 49 46 30 19 15 7 28 25 20 6 18 43 67 52 52 46 66 60 54 32 44 77 45 35 32 52 39 45 23 40 69 21 24 40 23 38 22 38 60 13 33 31 23 43 17 46 29 21 24 10 23 47 39 41 19 36 65 26 10 15 48 20 37 61 27 39 57 
19 32 59 35 19 37 27 37 47 22 23 10 38 8 35 18 12 10 4 15 20 10 18 17 32 42 19 3 23 14 20 32 6 19 6 28 58 42 49 40 58 58 44 27 32 65 28 26 19 39 34 30 6 23 53 9 6 25 18 21 12 22 43 17 27 37 12 17 54 33 18 27 7 16 10 30 36 27 5 19 50 21 24 10 37 9 20 44 21 22 39 
35 43 43 22 24 43 38 28 50 24 46 29 10 39 16 15 32 35 37 17 37 29 50 41 17 29 17 29 41 39 22 44 27 50 38 6 29 13 33 23 31 43 16 22 6 32 11 16 14 7 23 8 26 20 23 25 28 9 26 23 42 36 22 37 21 45 23 46 33 79 18 40 26 49 37 10 29 6 28 18 19 25 47 31 10 39 33 20 51 21 27 
17 27 42 17 7 29 22 20 38 8 28 12 20 23 16 12 24 18 23 7 19 21 36 33 27 25 1 15 23 22 5 28 12 34 25 16 39 23 31 22 39 41 26 10 15 48 20 7 5 22 17 19 14 22 41 9 17 14 8 23 30 32 36 19 10 30 6 29 18 18 40 23 14 33 27 21 20 14 13 17 37 9 29 13 19 27 30 36 40 22 37 
7 5 40 24 16 10 1 21 20 15 12 17 38 23 29 34 39 17 27 28 7 37 38 44 50 27 23 26 6 16 18 5 24 28 32 39 52 40 33 29 49 39 41 18 35 65 43 24 28 43 22 42 29 44 63 22 32 38 14 43 38 49 60 10 19 10 21 21 27 40 23 41 29 31 37 45 20 37 24 38 58 14 13 17 37 36 47 59 46 43 60 
22 35 56 32 17 38 29 35 48 20 28 12 33 15 30 10 10 14 12 9 22 7 24 18 25 40 15 4 26 19 18 35 5 26 11 21 52 36 46 36 53 56 39 25 27 59 21 22 13 33 31 22 0 16 46 7 3 18 17 14 16 19 36 20 24 39 10 24 7 26 14 29 28 23 12 23 34 20 6 12 43 20 29 12 31 13 17 37 25 15 33 
25 35 69 47 31 41 31 47 51 33 20 21 54 10 48 34 24 16 11 31 24 24 7 22 47 54 34 19 25 15 33 35 21 5 13 44 72 57 60 52 71 68 59 39 48 81 44 39 35 55 46 46 22 38 69 24 21 41 29 35 14 32 58 21 39 41 26 10 16 49 33 31 23 27 17 46 46 43 20 34 66 32 20 20 52 14 31 59 17 37 54 
30 42 68 44 29 47 37 46 57 32 31 20 45 15 43 21 7 19 10 21 30 8 14 7 32 52 28 12 32 23 30 42 15 22 5 32 65 48 58 49 65 68 51 36 39 70 30 34 26 45 43 32 12 22 55 18 9 29 28 19 4 14 42 27 36 47 21 23 10 37 27 37 12 17 34 33 46 31 15 20 53 31 32 20 44 3 14 44 13 21 37 
39 49 53 31 28 50 43 37 58 29 48 31 20 38 26 13 26 36 35 17 40 24 47 35 7 38 21 27 44 41 27 50 27 49 34 5 38 23 43 33 41 53 26 29 16 39 2 23 16 16 32 2 24 11 22 25 25 6 30 15 37 28 14 39 28 51 25 47 30 10 21 45 23 46 33 74 37 7 28 12 20 30 49 32 20 35 25 14 45 13 17 
21 20 22 6 17 17 18 1 22 14 31 26 22 36 13 32 44 30 39 27 23 41 52 53 44 7 19 33 25 31 16 22 30 45 42 31 32 23 13 9 29 22 23 9 22 46 37 14 24 28 5 35 34 42 50 27 37 32 17 43 49 53 51 25 10 19 24 39 36 29 20 20 34 46 46 37 46 29 31 37 45 14 33 27 21 45 50 50 58 42 54 
32 41 47 24 21 42 36 29 50 22 42 25 15 34 19 9 25 30 31 12 33 23 44 35 14 31 14 23 37 35 19 42 22 45 31 2 35 19 36 26 36 46 22 22 10 39 7 15 9 13 24 5 20 14 27 19 22 3 22 17 35 30 22 33 20 43 19 41 27 6 14 37 20 43 31 7 29 29 23 12 23 23 43 26 15 33 27 21 44 16 25 
16 29 53 30 14 33 23 31 43 17 22 6 33 10 29 15 15 9 9 11 17 12 23 22 30 37 14 2 20 13 15 29 1 22 11 24 53 37 43 35 52 53 39 22 28 61 26 20 14 35 29 26 5 22 50 4 7 21 13 21 17 25 41 14 21 33 7 19 5 28 13 24 6 20 15 28 31 23 66 17 46 16 23 6 32 14 23 42 27 21 39 
31 43 57 33 23 46 37 37 55 25 39 22 28 27 29 5 13 26 23 10 32 11 34 23 13 41 18 16 36 31 23 44 16 38 22 12 47 31 46 36 49 57 34 28 22 51 10 22 12 26 33 12 12 5 35 16 12 9 24 6 24 17 24 31 27 47 17 36 19 18 17 38 12 34 20 12 37 12 17 54 33 26 40 23 27 22 14 25 33 5 21 
54 61 52 38 43 61 57 43 67 43 65 48 22 57 31 32 46 54 55 35 56 44 67 55 23 42 36 47 60 58 41 63 45 69 54 22 28 22 44 37 33 53 23 40 23 22 22 34 32 16 39 20 43 31 5 43 45 25 45 35 57 47 17 56 39 62 42 65 50 19 37 58 43 66 53 20 45 23 46 33 43 44 66 50 23 55 44 14 66 33 27 
10 18 37 15 2 20 13 15 29 1 21 11 25 22 17 21 30 16 24 16 12 27 37 38 36 21 9 19 15 18 3 19 16 31 27 25 41 27 28 20 39 36 29 6 21 52 29 10 14 29 13 28 19 31 49 13 23 24 3 32 34 40 45 13 7 20 10 26 21 25 9 14 20 32 31 30 14 23 16 26 44 59 23 12 23 31 37 45 43 31 46 
12 16 54 36 23 22 14 34 31 24 1 18 48 16 40 37 36 14 21 32 11 34 27 39 53 41 30 24 8 9 26 15 24 16 26 45 64 50 46 41 61 52 52 29 44 76 48 33 34 51 35 48 28 45 71 24 30 43 21 44 32 46 64 10 30 21 24 10 24 47 29 13 29 20 32 49 33 43 23 40 66 23 62 17 46 29 44 64 37 45 62 
9 22 50 27 10 27 17 28 37 13 16 1 34 10 28 19 21 4 12 15 10 19 25 27 36 34 14 9 13 8 13 23 7 20 16 28 52 37 40 32 51 49 39 19 29 62 30 19 17 36 26 31 12 28 54 7 14 26 9 27 22 32 46 8 19 27 7 15 10 31 13 17 12 20 20 32 27 26 6 23 50 12 17 75 33 19 29 46 31 27 45 
34 39 33 15 23 38 35 20 43 22 45 31 1 42 8 23 39 37 42 22 35 36 55 49 27 20 18 33 39 40 20 41 31 53 43 16 21 4 23 14 21 33 7 18 5 29 21 13 18 6 16 18 31 29 28 28 34 18 25 32 48 45 32 36 17 39 26 48 37 10 19 37 31 52 44 20 21 15 32 27 23 23 46 33 90 45 42 29 57 31 37 
28 41 68 44 28 46 36 46 56 31 29 20 46 13 44 23 10 18 8 22 28 11 12 9 34 52 28 12 30 21 30 41 15 19 3 34 66 50 58 49 66 67 52 36 40 72 33 35 27 46 43 35 13 25 58 18 10 31 28 21 3 17 45 25 36 46 21 20 9 39 27 36 13 14 3 35 45 33 14 22 55 31 29 19 45 46 17 46 12 23 40 
39 52 71 47 34 56 46 50 66 37 44 29 42 28 44 19 8 31 23 22 40 10 28 12 21 55 30 20 43 35 34 52 23 36 19 26 62 46 61 51 64 71 49 41 36 64 23 36 26 40 46 26 18 13 45 24 15 24 34 9 17 3 31 37 40 56 27 37 20 33 30 47 17 31 14 25 50 27 23 14 44 37 44 29 42 17 25 33 23 11 23 
53 63 62 43 43 64 58 49 71 43 62 45 29 52 37 27 37 50 48 31 54 35 59 44 12 49 35 41 58 55 41 64 41 63 47 19 42 31 53 44 46 63 33 43 27 36 16 36 30 23 44 16 37 21 13 39 37 21 44 25 48 35 3 54 42 65 39 61 44 20 36 59 37 59 44 14 50 21 42 25 14 45 64 46 29 46 33 47 55 23 12 
39 51 81 57 41 56 46 58 67 44 37 31 59 23 56 35 19 29 19 35 39 21 10 11 44 64 41 24 40 30 42 50 27 23 15 45 78 62 71 62 79 80 65 49 52 84 43 47 39 58 56 46 26 35 68 31 23 42 40 30 9 21 54 36 49 56 34 27 21 51 40 46 25 17 13 45 58 44 27 33 66 43 37 31 57 12 23 55 34 33 46 
36 48 62 38 29 51 43 42 61 31 43 26 31 30 34 10 13 30 26 15 37 12 35 22 11 46 23 20 41 35 28 49 21 41 24 15 51 35 51 41 52 62 38 33 26 52 11 28 18 29 38 14 16 2 35 21 15 13 29 2 25 14 21 36 32 52 22 39 22 21 22 43 15 37 21 13 42 16 21 5 33 31 45 27 31 23 11 23 33 93 17 
53 64 70 49 44 66 59 54 75 45 61 43 37 48 43 25 30 48 43 31 54 29 51 35 10 56 37 37 58 52 42 65 38 58 41 23 53 39 60 51 56 70 42 46 33 49 17 40 31 32 49 19 33 16 26 38 33 23 45 18 40 25 9 53 45 67 38 57 39 27 37 60 33 54 37 17 54 25 39 21 27 46 62 45 37 40 23 12 46 17 66 
