66 12
37 15 33 9 26 33 10 26 23 16 15 26 22 28 12 15 28 26 31 25 6 7 36 26 12 31 15 26 23 21 17 32 49 28 48 44 37 27 16 6 36 27 36 31 15 37 5 19 11 5 25 16 40 33 27 28 36 42 36 12 48 41 20 45 19 12 
15 53 46 12 26 42 22 41 37 30 20 18 37 27 8 28 32 39 42 35 9 22 28 12 15 28 26 31 25 6 31 41 61 42 63 59 52 39 1 20 37 38 43 37 11 41 10 32 26 20 22 31 54 48 42 36 48 52 45 19 62 55 35 57 32 25 
33 46 44 43 32 13 37 17 29 28 28 60 18 59 39 18 55 35 48 46 40 26 69 53 31 63 40 52 53 53 28 12 15 28 26 31 25 6 47 27 64 44 57 56 49 26 39 14 26 28 38 21 12 18 14 17 45 57 54 43 46 41 20 52 33 33 
9 12 43 56 33 43 11 33 27 21 23 17 29 18 15 25 21 28 29 22 5 16 26 25 19 21 13 19 15 16 22 42 59 33 55 49 43 36 12 15 28 26 31 25 6 46 5 28 18 14 31 24 48 40 35 37 36 39 33 6 51 44 27 45 21 15 
26 26 32 33 25 21 37 38 43 37 10 45 36 52 18 22 54 48 57 51 28 26 55 26 14 53 41 52 48 31 38 22 44 46 57 58 51 27 28 25 61 52 62 57 36 15 28 26 31 25 6 32 44 44 37 15 59 67 62 38 68 62 35 68 42 36 
33 42 13 43 21 31 40 27 38 34 22 59 27 61 34 18 59 44 56 53 39 28 68 46 26 64 44 57 56 48 35 1 22 38 39 45 38 12 43 28 68 52 64 61 48 12 38 18 30 29 28 28 26 31 25 6 54 66 62 45 59 53 28 63 40 37 
10 22 37 11 37 40 56 24 16 11 26 26 20 22 22 21 18 17 20 14 13 12 34 35 23 26 4 16 16 27 11 39 52 22 45 38 32 31 23 13 28 16 25 21 17 46 12 23 10 12 36 15 40 30 26 36 26 31 25 6 40 33 18 35 10 4 
26 41 17 33 38 27 24 52 12 13 30 50 4 47 36 16 40 18 31 31 32 19 59 51 30 51 26 38 40 47 13 26 30 11 22 20 12 15 42 20 50 28 40 40 40 38 31 12 15 21 42 9 15 7 2 28 28 40 38 31 31 25 6 35 18 20 
23 37 29 27 43 38 16 12 63 7 33 42 10 36 35 21 28 6 18 18 28 18 50 49 32 40 16 26 29 43 6 36 43 5 30 22 16 26 38 19 38 15 28 28 33 47 27 20 12 19 45 10 27 15 15 36 16 28 25 23 26 19 9 25 6 12 
16 30 28 21 37 34 11 13 7 51 26 37 9 33 28 16 27 11 21 18 21 11 45 42 25 37 12 24 26 36 1 33 43 12 34 28 22 23 31 12 37 17 29 28 27 42 20 16 5 12 38 6 29 19 15 32 22 32 28 17 33 26 7 31 6 6 
15 20 28 23 10 22 26 30 33 26 13 38 27 42 12 13 43 38 46 40 18 15 47 24 4 44 30 41 38 26 27 21 42 36 50 50 43 22 21 14 51 41 51 47 28 22 18 17 20 14 12 22 39 36 29 15 48 57 51 28 59 52 26 58 31 25 
26 18 60 17 45 59 26 50 42 37 38 30 46 12 26 42 22 41 37 30 20 33 9 26 33 10 26 23 16 15 37 58 76 48 71 64 59 53 17 32 23 35 35 27 10 60 21 45 35 31 41 40 65 56 52 53 46 45 38 19 63 56 43 53 35 30 
22 37 18 29 36 27 20 4 10 9 27 46 67 43 32 13 37 17 29 28 28 15 55 47 27 47 22 34 36 43 9 26 33 10 26 23 16 15 38 16 46 25 38 37 36 38 27 10 11 17 39 5 19 11 6 27 27 38 35 27 32 26 2 35 14 16 
28 27 59 18 52 61 22 47 36 33 42 12 43 19 33 43 11 33 27 21 23 33 15 37 38 4 20 12 6 26 33 60 75 42 66 57 53 53 26 33 10 26 23 16 15 65 24 45 33 32 49 38 62 52 49 56 37 34 27 16 53 47 40 43 30 26 
12 8 39 15 18 34 22 36 35 28 12 26 32 33 52 21 37 38 43 37 10 17 36 15 7 35 27 35 30 14 29 33 54 40 58 55 48 32 9 16 43 39 47 41 18 33 10 26 23 16 15 27 48 43 37 27 48 54 48 21 61 54 30 57 31 24 
15 28 18 25 22 18 21 16 21 16 13 42 13 43 21 67 40 27 38 34 22 9 52 36 15 46 25 38 37 35 17 17 33 24 37 36 29 11 29 9 49 33 45 42 31 26 21 4 12 10 25 10 26 23 16 15 38 48 44 26 46 40 13 47 22 19 
28 32 55 21 54 59 18 40 28 27 43 22 37 11 37 40 21 24 16 11 26 31 26 44 39 15 15 2 7 33 27 58 70 33 58 48 44 50 32 31 9 16 12 5 21 65 26 41 29 30 52 33 56 44 43 55 26 23 16 15 42 37 34 32 22 22 
26 39 35 28 48 44 17 18 6 11 38 41 17 33 38 27 24 52 12 13 30 22 48 51 36 38 15 22 27 44 10 42 49 9 33 23 19 32 40 24 34 9 22 23 33 53 29 26 17 23 50 16 33 21 21 43 10 21 19 22 23 16 15 20 6 14 
31 42 48 29 57 56 20 31 18 21 46 37 29 27 43 38 16 12 46 7 33 31 42 54 43 31 16 15 21 45 21 54 61 21 44 33 31 44 42 32 24 4 9 13 33 64 32 37 26 31 57 28 46 33 34 53 9 10 6 22 26 20 27 16 15 20 
25 35 46 22 51 53 14 31 18 18 40 30 28 21 37 34 11 13 7 32 26 26 36 47 37 25 10 9 15 38 18 51 61 22 47 37 33 42 35 27 20 5 11 9 25 60 26 34 22 26 51 25 46 34 33 50 16 17 10 15 32 26 25 23 13 15 
6 9 40 5 28 39 13 32 28 21 18 20 28 23 10 22 26 30 33 26 31 14 29 21 14 26 17 24 20 15 22 38 56 33 55 50 43 33 10 13 33 29 36 30 9 41 1 25 17 12 26 23 47 39 34 33 39 43 37 10 53 46 26 48 23 16 
7 22 26 16 26 28 12 19 18 11 15 33 15 33 17 9 31 22 31 26 14 92 43 32 13 37 17 29 28 28 12 26 42 22 41 37 30 20 23 1 40 26 37 34 23 34 13 12 5 2 27 9 32 26 19 24 33 41 36 17 44 37 13 42 16 10 
36 28 69 26 55 68 34 59 50 45 47 9 55 15 36 52 26 48 42 36 29 43 24 33 43 11 33 27 21 23 46 68 85 55 80 71 66 63 26 42 22 41 37 30 20 69 30 55 44 41 50 49 74 65 61 63 52 48 41 27 68 62 52 58 43 38 
26 12 53 25 26 46 35 51 49 42 24 26 47 37 15 36 44 51 54 47 21 32 33 53 21 37 38 43 37 10 43 46 67 54 73 70 63 46 12 31 48 51 55 49 22 42 22 41 37 30 20 42 63 58 52 39 61 64 58 31 75 67 45 69 45 37 
12 15 31 19 14 26 23 30 32 25 4 33 27 38 7 15 39 36 43 37 14 13 43 21 84 40 27 38 34 22 26 25 46 36 52 50 43 25 17 12 47 39 48 43 23 26 14 19 19 12 13 22 41 37 30 20 47 54 48 24 58 51 26 56 29 23 
31 28 63 21 53 64 26 51 40 37 44 10 47 4 35 46 15 38 31 25 26 37 11 37 40 45 24 16 11 26 37 63 79 46 71 62 57 57 27 36 12 30 26 19 17 67 26 49 37 35 50 42 66 56 53 59 41 37 30 20 57 51 44 47 34 30 
15 26 40 13 41 44 4 26 16 12 30 26 22 20 27 25 15 15 16 10 17 17 33 38 27 24 82 12 13 30 13 43 55 21 46 38 32 35 26 17 24 12 20 17 18 51 16 26 14 16 41 18 42 31 28 41 22 27 21 7 37 30 20 31 9 6 
26 31 52 19 52 57 16 38 26 24 41 23 34 12 35 38 2 22 15 9 24 29 27 43 38 16 12 75 7 33 24 55 68 31 56 46 42 47 31 29 12 14 12 5 20 63 24 39 26 28 50 31 54 42 40 53 24 22 15 13 41 35 32 30 20 19 
23 25 53 15 48 56 16 40 29 26 38 16 36 6 30 37 7 27 21 15 20 28 21 37 34 11 13 7 61 26 26 54 69 35 59 50 46 47 25 27 13 20 19 12 14 60 20 39 27 26 46 32 56 45 42 51 31 29 22 10 47 41 33 37 23 20 
21 6 53 16 31 48 27 47 43 36 26 15 43 26 14 35 33 44 45 38 15 28 23 10 22 26 30 33 26 40 37 48 68 48 69 65 58 46 5 27 37 42 45 38 12 47 16 39 32 26 26 37 61 54 48 42 52 55 48 22 67 60 41 61 37 30 
17 31 28 22 38 35 11 13 6 1 27 37 9 33 29 17 27 10 21 18 22 12 46 43 26 37 13 24 26 37 86 33 43 11 33 27 21 23 32 13 37 17 29 28 28 43 21 16 6 13 39 7 29 18 15 32 21 31 27 18 32 24 7 30 5 7 
32 41 12 42 22 1 39 26 36 33 21 58 26 60 33 17 58 42 54 51 38 26 68 46 25 63 43 55 54 48 33 65 21 37 38 43 37 10 43 26 67 50 62 60 47 13 37 17 29 28 28 26 24 30 24 6 53 64 61 44 57 51 27 61 39 36 
49 61 15 59 44 22 52 30 43 43 42 76 33 75 54 33 70 49 61 61 56 42 85 67 46 79 55 68 69 68 43 21 27 40 27 38 34 22 62 43 80 58 71 71 65 32 54 30 42 44 50 37 17 29 28 28 57 69 68 58 54 51 35 63 48 48 
28 42 28 33 46 38 22 11 5 12 36 48 10 42 40 24 33 9 21 22 33 22 55 54 36 46 21 31 35 48 11 37 40 74 24 16 11 26 43 24 43 19 31 32 39 49 32 21 17 24 49 13 24 11 13 38 17 29 28 28 22 15 10 24 12 18 
48 63 26 55 57 39 45 22 30 34 50 71 26 66 58 37 58 33 44 47 55 41 80 73 52 71 46 56 59 69 33 38 27 24 34 12 13 30 64 42 67 43 54 56 62 52 53 32 37 43 62 31 13 15 21 43 37 49 50 52 29 28 28 40 36 41 
44 59 31 49 58 45 38 20 22 28 50 64 23 57 55 36 48 23 33 37 50 37 71 70 50 62 38 46 50 65 27 43 38 16 12 58 7 33 60 39 57 32 43 46 55 57 49 32 32 39 62 28 21 13 20 47 25 37 38 45 17 15 24 28 28 34 
37 52 25 43 51 38 32 12 16 22 43 59 16 53 48 29 44 19 31 33 43 30 66 63 43 57 32 42 46 58 21 37 34 11 13 7 56 26 53 32 53 29 41 43 49 50 42 25 26 32 55 21 17 7 13 40 24 36 37 39 21 17 17 29 23 28 
27 39 6 36 27 12 31 15 26 23 22 53 15 53 32 11 50 32 44 42 33 20 63 46 25 57 35 47 47 46 23 10 22 26 30 33 26 57 40 20 59 40 53 51 43 24 32 8 20 21 32 16 17 19 13 13 42 54 51 37 46 40 17 50 29 28 
16 1 47 12 28 43 23 42 38 31 21 17 38 26 9 29 32 40 42 35 10 23 26 12 17 27 26 31 25 5 32 43 62 43 64 60 53 40 67 21 37 38 43 37 10 43 11 33 27 21 23 32 55 49 43 37 48 52 45 19 63 56 36 57 33 26 
6 20 27 15 25 28 13 20 19 12 14 32 16 33 16 9 31 24 32 27 13 1 42 31 12 36 17 29 27 27 13 26 43 24 42 39 32 20 21 86 40 27 38 34 22 33 12 12 7 1 26 11 33 27 21 23 34 42 37 17 45 38 14 44 17 11 
36 37 64 28 61 68 28 50 38 37 51 23 46 10 43 49 9 34 24 20 33 40 22 48 47 12 24 12 13 37 37 67 80 43 67 57 53 59 37 40 22 24 16 11 26 73 33 51 38 39 59 43 66 54 52 64 33 27 21 23 50 45 44 37 32 31 
27 38 44 26 52 52 16 28 15 17 41 35 25 26 39 33 16 9 4 5 29 26 41 51 39 30 12 14 20 42 17 50 58 19 43 32 29 40 38 27 24 67 12 13 30 60 29 33 22 27 53 24 43 30 30 49 11 15 10 19 27 21 23 19 11 16 
36 43 57 31 62 64 25 40 28 29 51 35 38 23 47 45 12 22 9 11 36 37 37 55 48 26 20 12 19 45 29 62 71 31 54 43 41 53 43 38 16 12 55 7 33 71 36 45 33 37 61 36 55 43 43 61 18 11 4 25 33 29 36 21 23 26 
31 37 56 25 57 61 21 40 28 28 47 27 37 16 41 42 5 23 13 9 30 34 30 49 43 19 17 5 12 38 28 60 71 32 56 46 43 51 37 34 11 13 7 42 26 68 30 43 30 33 56 34 56 44 43 58 22 18 11 19 39 33 35 27 22 23 
15 11 49 6 36 48 17 40 33 27 28 10 36 15 18 31 21 33 33 25 9 23 20 22 23 17 18 20 14 12 28 47 65 39 62 55 49 43 10 22 26 30 33 26 47 50 10 35 25 21 33 30 55 46 42 43 40 42 35 11 56 49 33 49 27 21 
37 41 26 46 15 12 46 38 47 42 22 60 38 65 33 26 65 53 64 60 41 34 69 42 26 67 51 63 60 47 43 13 32 49 52 57 50 24 43 33 73 60 71 68 50 43 40 27 38 34 22 37 38 43 37 10 64 74 70 49 70 64 38 73 48 44 
5 10 39 5 28 38 12 31 27 20 18 21 27 24 10 21 26 29 32 26 1 13 30 22 14 26 16 24 20 16 21 37 54 32 53 49 42 32 11 12 33 29 36 30 10 40 74 24 16 11 26 21 45 38 32 32 38 43 37 10 52 45 25 47 22 15 
19 32 14 28 26 18 23 12 20 16 17 45 10 45 26 4 41 26 37 34 25 12 55 41 19 49 26 39 39 39 16 17 30 21 32 32 25 8 33 12 51 33 45 43 35 27 24 77 12 13 30 9 21 19 11 16 37 47 44 28 43 37 10 45 22 19 
11 26 26 18 31 30 10 15 12 5 20 35 11 33 23 12 29 17 26 22 17 5 44 37 19 37 14 26 27 32 6 29 42 17 37 32 26 20 27 7 38 22 33 30 25 38 16 12 87 7 33 5 30 21 16 27 28 37 32 16 38 31 8 37 10 7 
5 20 28 14 25 29 12 21 19 12 14 31 17 32 16 10 30 23 31 26 12 2 41 30 12 35 16 28 26 26 13 28 44 24 43 39 32 21 21 1 39 27 37 33 21 34 11 13 7 74 26 11 34 28 21 24 34 42 37 15 45 38 15 43 17 10 
25 22 38 31 6 28 36 42 45 38 12 41 39 49 15 25 52 50 57 51 26 27 50 20 13 50 41 50 46 26 39 28 50 49 62 62 55 32 23 26 59 53 61 56 33 22 26 30 33 26 21 35 49 49 41 21 60 68 62 37 71 64 38 70 43 37 
16 31 21 24 32 28 15 9 10 6 22 40 5 38 27 10 33 16 28 25 23 9 49 42 22 42 18 31 32 37 7 26 37 13 31 28 21 16 32 11 43 24 36 34 30 37 21 9 5 11 35 81 24 16 11 26 27 38 34 22 36 29 3 36 12 11 
40 54 12 48 44 26 40 15 27 29 39 65 19 62 48 26 56 33 46 46 47 32 74 63 41 66 42 54 56 61 29 24 17 24 13 21 17 17 55 33 66 43 55 56 55 38 45 21 30 34 49 24 55 12 13 30 40 53 52 47 38 34 22 46 33 36 
33 48 18 40 44 31 30 7 15 19 36 56 11 52 43 23 44 21 33 34 39 26 65 58 37 56 31 42 45 54 18 30 29 11 15 13 7 19 49 27 54 30 43 44 46 43 38 19 21 28 49 16 12 76 7 33 28 40 39 37 27 22 13 34 22 26 
27 42 14 35 37 25 26 2 15 15 29 52 6 49 37 16 43 21 34 33 34 19 61 52 30 53 28 40 42 48 15 24 28 13 21 20 13 13 43 21 52 30 43 43 42 37 32 11 16 21 41 11 13 7 69 26 30 42 40 33 33 27 8 38 20 22 
28 36 17 37 15 6 36 28 36 32 15 53 27 56 27 15 55 43 53 50 33 24 63 39 20 59 41 53 51 42 32 6 28 38 43 47 40 13 37 23 64 49 61 58 43 10 32 16 27 24 21 26 30 33 26 44 53 64 60 40 59 53 27 62 38 34 
36 48 45 36 59 54 26 28 16 22 48 46 27 37 48 38 26 10 9 16 39 33 52 61 47 41 22 24 31 52 21 53 57 17 37 25 24 42 48 34 33 11 18 22 40 64 38 37 28 34 60 27 40 28 30 53 49 12 13 30 16 11 26 9 17 24 
42 52 57 39 67 66 31 40 28 32 57 45 38 34 54 48 23 21 10 17 43 41 48 64 54 37 27 22 29 55 31 64 69 29 49 37 36 54 52 42 27 15 11 18 42 74 43 47 37 42 68 38 53 40 42 64 12 33 7 33 24 22 37 11 26 31 
36 45 54 33 62 62 25 38 25 28 51 38 35 27 48 44 16 19 6 10 37 36 41 58 48 30 21 15 22 48 27 61 68 28 50 38 37 51 45 37 21 10 4 11 35 70 37 44 32 37 62 34 52 39 40 60 13 7 22 26 29 24 34 16 22 26 
12 19 43 6 38 45 6 31 23 17 28 19 27 16 21 26 15 22 22 15 10 17 27 31 24 20 7 13 10 22 18 44 58 28 52 45 39 37 19 17 23 19 25 19 11 49 10 28 16 15 37 22 47 37 33 40 30 33 26 52 45 38 24 38 16 11 
48 62 46 51 68 59 40 31 26 33 59 63 32 53 61 46 42 23 26 32 53 44 68 75 58 57 37 41 47 67 32 57 54 22 29 17 21 46 63 45 50 27 33 39 56 70 52 43 38 45 71 36 38 27 33 59 16 24 29 45 25 7 33 13 30 37 
41 55 41 44 62 53 33 25 19 26 52 56 26 47 54 40 37 16 20 26 46 37 62 67 51 51 30 35 41 60 24 51 51 15 28 15 17 40 56 38 45 21 29 33 49 64 45 37 31 38 64 29 34 22 27 53 11 22 24 38 7 27 26 12 22 30 
20 35 20 27 35 28 18 6 9 7 26 43 2 40 30 13 34 15 27 25 26 13 52 45 26 44 20 32 33 41 7 27 35 10 28 24 17 17 36 14 44 23 36 35 33 38 25 10 8 15 38 3 22 13 8 27 26 37 34 24 33 26 60 34 12 13 
45 57 52 45 68 63 35 35 25 31 58 53 35 43 57 47 32 20 16 23 48 42 58 69 56 47 31 30 37 61 30 61 63 24 40 28 29 50 57 44 37 19 21 27 49 73 47 45 37 43 70 36 46 34 38 62 9 11 16 38 13 12 34 14 26 33 
19 32 33 21 42 40 10 18 6 6 31 35 14 30 31 22 22 6 15 13 23 16 43 45 29 34 9 20 23 37 5 39 48 12 36 28 23 29 33 17 32 11 23 22 27 48 22 22 10 17 43 12 33 22 20 38 17 26 22 16 30 22 12 26 66 7 
12 25 33 15 36 37 4 20 12 6 25 30 16 26 24 19 22 14 20 15 16 10 38 37 23 30 6 19 20 30 7 36 48 18 41 34 28 28 26 11 31 16 26 23 21 44 15 19 7 10 37 11 36 26 22 34 24 31 26 11 37 30 13 33 7 53 
