36 9
67 36 36 14 44 47 14 28 7 38 19 11 27 25 7 30 17 47 44 12 29 34 40 63 43 38 25 34 14 10 55 22 38 39 45 15 
36 15 45 22 10 34 30 14 33 67 55 25 45 61 43 38 19 11 27 25 7 57 39 69 67 52 11 38 48 29 35 21 10 48 39 38 
36 45 76 32 45 24 23 31 42 33 46 35 11 45 35 7 39 53 29 31 38 19 11 27 25 7 35 7 32 28 35 25 38 3 18 21 
14 22 32 38 30 35 10 13 15 46 33 4 27 39 21 24 7 33 31 3 15 38 32 59 48 37 11 27 25 7 42 9 23 35 35 17 
44 10 45 30 22 29 36 18 43 72 63 33 48 69 51 39 28 7 21 33 15 60 38 66 69 53 19 38 55 36 27 25 7 48 35 43 
47 34 24 35 29 54 33 24 50 58 63 40 33 64 50 22 40 37 7 36 31 43 13 38 50 32 30 19 50 36 11 26 24 25 7 36 
14 30 23 10 36 33 51 18 19 36 30 12 17 33 17 16 17 41 31 7 23 27 26 50 38 27 19 20 19 4 42 11 29 27 31 7 
28 14 31 13 18 24 18 15 28 54 46 18 31 51 33 23 16 23 19 16 7 43 26 55 52 38 6 24 37 19 29 7 11 34 27 25 
7 33 42 15 43 50 19 28 72 45 22 10 34 30 14 36 14 44 47 14 28 42 45 69 51 46 24 39 21 15 57 24 38 46 49 22 
38 67 33 46 72 58 36 54 45 72 32 45 24 23 31 36 53 77 61 43 60 14 44 47 14 28 55 39 24 38 69 46 64 34 51 29 
19 55 46 33 63 63 30 46 22 32 29 30 35 10 13 43 36 66 62 30 48 36 53 70 43 46 44 47 14 28 72 40 57 49 60 26 
11 25 35 4 33 40 12 18 10 45 30 89 29 36 18 28 7 36 36 4 18 39 36 62 49 39 14 31 23 8 47 14 28 39 40 18 
27 45 11 27 48 33 17 31 34 24 35 29 94 33 24 11 35 54 36 25 38 11 21 36 21 11 34 14 21 21 44 24 40 14 28 12 
25 61 45 39 69 64 33 51 30 23 10 36 33 28 18 43 43 72 64 36 54 31 53 66 36 42 50 46 14 32 74 44 62 47 60 28 
7 43 35 21 51 50 17 33 14 31 13 18 24 18 56 30 25 54 48 18 36 29 41 61 38 36 32 34 6 14 59 27 44 38 47 14 
30 38 7 24 39 22 16 23 36 36 43 28 11 43 30 91 32 45 24 23 31 22 10 34 30 14 27 3 29 21 33 18 31 11 17 16 
17 19 39 7 28 40 17 16 14 53 36 7 35 43 25 32 44 30 35 10 13 45 38 66 55 45 10 34 30 14 45 15 23 43 41 24 
47 11 53 33 7 37 41 23 44 77 66 36 54 72 54 45 30 21 29 36 18 66 45 74 76 60 22 45 58 40 34 30 14 55 43 48 
44 27 29 31 21 7 31 19 47 61 62 36 36 64 48 24 35 29 69 33 24 47 19 45 54 36 25 22 50 34 10 22 16 30 14 36 
12 25 31 3 33 36 7 16 14 43 30 4 25 36 18 23 10 36 33 61 18 35 31 58 45 35 14 26 22 4 44 10 26 34 35 14 
29 7 38 15 15 31 23 7 28 60 48 18 38 54 36 31 13 18 24 18 29 49 34 63 59 45 4 32 40 22 34 13 10 42 34 30 
34 57 19 38 60 43 27 43 42 14 36 39 11 31 29 22 45 66 47 35 49 64 30 35 10 13 45 24 23 31 54 36 52 19 37 21 
40 39 11 32 38 13 26 26 45 44 53 36 21 53 41 10 38 45 19 31 34 30 91 29 36 18 32 6 40 30 24 23 31 11 7 27 
63 69 27 59 66 38 50 55 69 47 70 62 36 66 61 34 66 74 45 58 63 35 29 49 33 24 61 32 56 55 45 51 60 23 31 47 
43 67 25 48 69 50 38 52 51 14 43 49 21 36 38 30 55 76 54 45 59 10 36 33 47 18 55 32 32 41 61 45 62 24 43 31 
38 52 7 37 53 32 27 38 46 28 46 39 11 42 36 14 45 60 36 35 45 13 18 24 18 62 42 15 32 32 42 32 45 6 24 23 
25 11 35 11 19 30 19 6 24 55 44 14 34 50 32 27 10 22 25 14 4 45 32 61 55 42 60 29 36 18 35 10 13 39 33 26 
34 38 7 27 38 19 20 24 39 39 47 31 14 46 34 3 34 45 22 26 32 24 6 32 32 15 29 70 33 24 30 19 31 10 13 20 
14 48 32 25 55 50 19 37 21 24 14 23 21 14 6 29 30 58 50 22 40 23 40 56 32 32 36 33 20 18 60 30 48 35 46 13 
10 29 28 7 36 36 4 19 15 38 28 8 21 32 14 21 14 40 34 4 22 31 30 55 41 32 18 24 18 26 45 12 30 31 35 10 
55 35 35 42 27 11 42 29 57 69 72 47 44 74 59 33 45 34 10 44 34 54 24 45 61 42 35 30 60 45 58 33 24 36 18 46 
22 21 25 9 25 26 11 7 24 46 40 14 24 44 27 18 15 30 22 10 13 36 23 51 45 32 10 19 30 12 33 73 18 29 26 18 
38 10 38 23 7 24 29 11 38 64 57 28 40 62 44 31 23 14 16 26 10 52 31 60 62 45 13 31 48 30 24 18 36 41 29 36 
39 48 3 35 48 25 27 34 46 34 49 39 14 47 38 11 43 55 30 34 42 19 11 23 24 6 39 10 35 31 36 29 41 66 18 24 
45 39 18 35 35 7 31 27 49 51 60 40 28 60 47 17 41 43 14 35 34 37 7 31 43 24 33 13 46 35 18 26 29 18 49 33 
15 38 21 17 43 36 7 25 22 29 26 18 12 28 14 16 24 48 36 14 30 21 27 47 31 23 26 20 13 10 46 18 36 24 33 36 
