28 8
110 54 46 51 49 31 31 1 9 6 17 24 28 45 51 49 31 31 43 42 23 24 48 29 30 30 34 16 
54 3 8 4 15 23 27 55 63 58 64 78 81 9 6 17 24 28 13 22 32 36 22 28 32 36 42 51 
46 8 18 6 13 15 19 47 55 50 56 70 73 1 6 15 16 21 6 17 24 28 19 20 25 29 35 43 
51 4 6 13 11 20 23 52 60 55 60 75 77 6 1 13 21 24 9 18 29 32 17 24 28 32 37 47 
49 15 13 11 35 19 18 49 57 51 55 71 73 11 9 1 19 18 9 9 26 26 6 20 21 24 28 41 
31 23 15 20 19 48 7 32 40 34 40 55 57 14 19 19 1 8 12 15 9 14 20 6 13 17 24 28 
31 27 19 23 18 7 56 31 38 33 37 53 55 18 22 18 5 1 14 11 8 9 17 2 6 10 17 24 
1 55 47 52 49 32 31 109 8 4 15 23 27 46 51 49 31 31 43 42 23 24 48 29 30 30 33 15 
9 63 55 60 57 40 38 8 93 6 13 15 19 54 59 57 39 38 51 49 31 31 55 37 37 36 38 19 
6 58 50 55 51 34 33 4 6 103 11 20 23 49 54 51 34 32 46 43 26 25 49 31 31 30 32 13 
17 64 56 60 55 40 37 15 13 11 99 19 18 55 59 54 39 36 51 46 31 28 51 36 33 31 31 13 
24 78 70 75 71 55 53 23 15 20 19 63 7 69 74 71 54 53 66 63 46 45 69 51 50 49 50 31 
28 81 73 77 73 57 55 27 19 23 18 7 62 72 77 72 56 54 69 64 48 46 70 53 51 49 49 31 
45 9 1 6 11 14 18 46 54 49 55 69 72 16 6 13 15 19 4 15 23 27 17 19 24 28 33 42 
51 6 6 1 9 19 22 51 59 54 59 74 77 6 9 11 20 23 8 16 28 31 15 23 27 30 36 46 
49 17 15 13 1 19 18 49 57 51 54 71 72 13 11 31 19 18 10 8 26 26 4 20 20 23 27 41 
31 24 16 21 19 1 5 31 39 34 39 54 56 15 20 19 46 7 12 14 8 12 19 4 11 15 22 27 
31 28 21 24 18 8 1 31 38 32 36 53 54 19 23 18 7 54 15 10 8 8 17 3 4 9 15 23 
43 13 6 9 9 12 14 43 51 46 51 66 69 4 8 10 12 15 12 11 20 23 13 15 19 23 29 38 
42 22 17 18 9 15 11 42 49 43 46 63 64 15 16 8 14 10 11 26 19 18 6 13 12 15 19 33 
23 32 24 29 26 9 8 23 31 26 31 46 48 23 28 26 8 8 20 19 30 7 25 6 10 13 20 19 
24 36 28 32 26 14 9 24 31 25 28 45 46 27 31 26 12 8 23 18 7 39 24 8 6 7 13 15 
48 22 19 17 6 20 17 48 55 49 51 69 70 17 15 4 19 17 13 6 25 24 22 19 18 20 23 38 
29 28 20 24 20 6 2 29 37 31 36 51 53 19 23 20 4 3 15 13 6 8 19 40 7 11 18 23 
30 32 25 28 21 13 6 30 37 31 33 50 51 24 27 20 11 4 19 12 10 6 18 7 46 4 11 20 
30 36 29 32 24 17 10 30 36 30 31 49 49 28 30 23 15 9 23 15 13 7 20 11 4 38 7 18 
34 42 35 37 28 24 17 33 38 32 31 50 49 33 36 27 22 15 29 19 20 13 23 18 11 7 36 19 
16 51 43 47 41 28 24 15 19 13 13 31 31 42 46 41 27 23 38 33 19 15 38 23 20 18 19 14 
