45 10
42 9 25 16 11 8 30 27 11 16 46 36 16 14 47 44 25 41 32 18 8 38 36 24 62 41 40 71 68 49 32 29 60 57 41 8 37 34 25 44 41 17 74 45 42 
9 32 32 22 2 11 39 36 9 21 53 43 20 23 56 54 29 46 36 16 14 47 44 25 68 46 47 79 76 55 36 36 69 66 45 13 46 43 25 53 50 22 83 53 50 
25 32 93 10 33 33 22 21 26 12 21 11 14 13 28 25 10 16 10 23 18 18 16 19 36 16 14 47 44 25 12 4 37 34 18 18 16 13 21 29 26 11 55 21 18 
16 22 10 73 23 24 26 24 15 2 31 21 5 9 37 34 9 25 16 14 8 27 25 13 46 25 25 58 55 33 16 14 47 44 25 8 25 23 16 36 33 2 64 32 29 
11 2 33 23 33 13 41 39 8 21 54 43 21 25 58 55 29 47 37 16 16 49 46 24 69 46 48 81 78 55 36 37 70 67 45 14 47 44 25 55 52 22 85 54 52 
8 11 33 24 13 29 33 30 17 24 53 44 25 21 52 49 33 48 40 25 16 44 41 32 69 49 46 76 74 57 40 36 66 63 49 16 43 40 33 47 44 25 77 51 48 
30 39 22 26 41 33 95 2 38 28 33 29 31 18 21 18 32 34 33 40 27 16 14 39 48 36 25 46 44 42 35 22 36 34 39 29 16 16 42 14 12 28 44 25 23 
27 36 21 24 39 30 2 89 35 26 34 28 29 15 23 21 30 34 32 37 24 17 16 37 49 36 26 49 46 42 34 21 38 36 39 27 18 16 40 17 14 26 47 26 25 
11 9 26 15 8 17 38 35 50 13 46 35 12 20 52 49 21 38 28 7 10 43 40 16 61 38 41 73 71 46 28 30 63 60 36 8 41 38 16 50 47 14 79 47 44 
16 21 12 2 21 24 28 26 13 19 32 22 2 11 39 36 9 25 16 11 8 30 27 11 47 25 27 60 57 34 16 16 49 46 25 7 28 25 13 38 36 1 67 34 31 
46 53 21 31 54 53 33 34 46 32 51 10 33 33 22 21 26 9 19 42 39 18 18 35 16 11 8 30 27 11 21 17 21 18 16 39 17 17 36 29 28 31 44 11 10 
36 43 11 21 43 44 29 28 35 22 10 32 23 24 26 24 15 5 9 31 28 18 16 24 25 7 8 39 37 14 11 8 30 27 11 29 15 14 26 29 28 21 51 16 13 
16 20 14 5 21 25 31 29 12 2 33 23 23 13 41 39 8 26 16 9 9 32 29 9 48 25 28 61 58 34 16 18 51 48 24 8 30 27 11 41 38 3 69 35 32 
14 23 13 9 25 21 18 15 20 11 33 24 13 16 33 30 17 29 22 22 9 24 21 22 49 29 25 56 53 38 23 16 45 43 31 11 22 20 25 30 27 11 59 30 27 
47 56 28 37 58 52 21 23 52 39 22 26 41 33 60 2 38 29 35 51 42 9 12 47 33 32 18 25 23 34 37 24 16 14 37 44 11 14 50 8 9 39 27 11 13 
44 54 25 34 55 49 18 21 49 36 21 24 39 30 2 54 35 27 32 48 39 6 9 44 33 30 16 28 25 33 35 22 17 16 35 41 9 11 47 7 8 36 30 10 11 
25 29 10 9 29 33 32 30 21 9 26 15 8 17 38 35 22 17 7 15 17 28 26 9 40 17 22 55 52 25 7 13 45 42 16 16 26 23 11 39 36 8 65 30 27 
41 46 16 25 47 48 34 34 38 25 9 5 26 29 29 27 17 65 10 33 33 22 21 26 22 2 11 39 36 9 12 13 30 28 7 33 20 19 27 34 32 24 53 18 16 
32 36 10 16 37 40 33 32 28 16 19 9 16 22 35 32 7 10 44 23 24 26 24 15 32 9 17 49 46 18 2 11 39 36 9 23 23 21 17 37 35 15 61 25 22 
18 16 23 14 16 25 40 37 7 11 42 31 9 22 51 48 15 33 23 5 13 41 39 8 55 32 37 70 68 40 22 27 60 57 30 11 39 36 9 50 47 12 78 45 42 
8 14 18 8 16 16 27 24 10 8 39 28 9 9 42 39 17 33 24 13 22 33 30 17 54 33 32 64 62 41 24 22 54 51 33 2 31 28 19 39 36 9 69 38 35 
38 47 18 27 49 44 16 17 43 30 18 18 32 24 9 6 28 22 26 41 33 79 2 38 32 25 11 32 30 29 28 15 22 19 29 34 2 5 40 11 10 29 36 9 8 
36 44 16 25 46 41 14 16 40 27 18 16 29 21 12 9 26 21 24 39 30 2 73 35 33 24 11 35 32 28 26 13 24 22 28 31 2 2 37 13 11 26 39 10 9 
24 25 19 13 24 32 39 37 16 11 35 24 9 22 47 44 9 26 15 8 17 38 35 18 47 24 31 64 61 32 14 22 54 51 22 15 35 33 2 48 45 11 74 39 36 
62 68 36 46 69 69 48 49 61 47 16 25 48 49 33 33 40 22 32 55 54 32 33 47 21 23 24 26 24 15 33 33 22 21 26 55 31 32 49 40 41 46 46 23 24 
41 46 16 25 46 49 36 36 38 25 11 7 25 29 32 30 17 2 9 32 33 25 24 24 23 67 13 41 39 8 10 14 33 30 5 33 22 21 26 36 35 24 56 21 19 
40 47 14 25 48 46 25 26 41 27 8 8 28 25 18 16 22 11 17 37 32 11 11 31 24 13 66 33 30 17 19 10 22 19 18 33 9 9 34 22 21 26 43 8 5 
71 79 47 58 81 76 46 49 73 60 30 39 61 56 25 28 55 39 49 70 64 32 35 64 26 41 33 45 2 38 51 43 10 13 46 66 33 36 66 33 35 59 21 26 28 
68 76 44 55 78 74 44 46 71 57 27 37 58 53 23 25 52 36 46 68 62 30 32 61 24 39 30 2 43 35 48 40 8 10 43 63 31 33 63 31 33 56 22 23 26 
49 55 25 33 55 57 42 42 46 34 11 14 34 38 34 33 25 9 18 40 41 29 28 32 15 8 17 38 35 52 18 22 31 28 10 41 27 26 33 40 39 33 54 22 21 
32 36 12 16 36 40 35 34 28 16 21 11 16 23 37 35 7 12 2 22 24 28 26 14 33 10 19 51 48 18 46 13 41 39 8 24 26 24 15 39 37 15 63 27 25 
29 36 4 14 37 36 22 21 30 16 17 8 18 16 24 22 13 13 11 27 22 15 13 22 33 14 10 43 40 22 13 48 33 30 17 23 13 10 25 26 24 15 51 17 14 
60 69 37 47 70 66 36 38 63 49 21 30 51 45 16 17 45 30 39 60 54 22 24 54 22 33 22 10 8 31 41 33 52 2 38 55 23 25 56 24 25 48 24 15 18 
57 66 34 44 67 63 34 36 60 46 18 27 48 43 14 16 42 28 36 57 51 19 22 51 21 30 19 13 10 28 39 30 2 48 35 52 20 23 53 22 24 45 26 12 15 
41 45 18 25 45 49 39 39 36 25 16 11 24 31 37 35 16 7 9 30 33 29 28 22 26 5 18 46 43 10 8 17 38 35 31 32 27 25 23 41 39 24 61 26 24 
8 13 18 8 14 16 29 27 8 7 39 29 8 11 44 41 16 33 23 11 2 34 31 15 55 33 33 66 63 41 24 23 55 52 32 27 33 30 17 41 39 8 71 39 37 
37 46 16 25 47 43 16 18 41 28 17 15 30 22 11 9 26 20 23 39 31 2 2 35 31 22 9 33 31 27 26 13 23 20 27 33 83 2 38 13 12 27 39 8 7 
34 43 13 23 44 40 16 16 38 25 17 14 27 20 14 11 23 19 21 36 28 5 2 33 32 21 9 36 33 26 24 10 25 23 25 30 2 78 35 15 13 24 41 10 8 
25 25 21 16 25 33 42 40 16 13 36 26 11 25 50 47 11 27 17 9 19 40 37 2 49 26 34 66 63 33 15 25 56 53 23 17 38 35 17 50 48 13 76 41 39 
44 53 29 36 55 47 14 17 50 38 29 29 41 30 8 7 39 34 37 50 39 11 13 48 40 36 22 33 31 40 39 26 24 22 41 41 13 15 50 66 2 38 30 17 18 
41 50 26 33 52 44 12 14 47 36 28 28 38 27 9 8 36 32 35 47 36 10 11 45 41 35 21 35 33 39 37 24 25 24 39 39 12 13 48 2 60 35 33 17 17 
17 22 11 2 22 25 28 26 14 1 31 21 3 11 39 36 8 24 15 12 9 29 26 11 46 24 26 59 56 33 15 15 48 45 24 8 27 24 13 38 35 35 66 33 30 
74 83 55 64 85 77 44 47 79 67 44 51 69 59 27 30 65 53 61 78 69 36 39 74 46 56 43 21 22 54 63 51 24 26 61 71 39 41 76 30 33 66 5 35 38 
45 53 21 32 54 51 25 26 47 34 11 16 35 30 11 10 30 18 25 45 38 9 10 39 23 21 8 26 23 22 27 17 15 12 26 39 8 10 41 17 17 33 35 76 2 
42 50 18 29 52 48 23 25 44 31 10 13 32 27 13 11 27 16 22 42 35 8 9 36 24 19 5 28 26 21 25 14 18 15 24 37 7 8 39 18 17 30 38 2 70 
