21 7
97 16 11 5 3 18 13 7 11 4 3 6 10 15 16 0 6 14 18 3 6 
16 38 18 15 14 14 5 1 20 4 19 15 1 16 16 10 13 20 16 5 15 
11 18 81 16 9 10 3 10 12 5 19 1 6 7 5 19 18 10 16 8 0 
5 15 16 21 19 8 15 17 14 16 5 6 15 12 10 3 8 15 6 18 16 
3 14 9 19 15 10 0 5 6 12 19 6 1 2 3 14 17 16 15 7 0 
18 14 10 8 10 4 14 3 10 11 9 1 6 10 10 0 18 4 15 16 8 
13 5 3 15 0 14 67 3 4 10 2 6 13 10 15 5 20 8 4 4 19 
7 1 10 17 5 3 3 63 17 15 20 7 0 17 20 5 10 2 2 6 3 
11 20 12 14 6 10 4 17 58 5 9 9 19 11 10 7 7 5 20 10 12 
4 4 5 16 12 11 10 15 5 10 17 19 0 16 8 0 3 5 18 5 12 
3 19 19 5 19 9 2 20 9 17 94 19 15 1 15 7 18 5 12 13 1 
6 15 1 6 6 1 6 7 9 19 19 7 10 19 12 20 17 18 20 7 19 
10 1 6 15 1 6 13 0 19 0 15 10 78 20 13 6 4 17 11 15 17 
15 16 7 12 2 10 10 17 11 16 1 19 20 40 18 4 20 3 20 18 7 
16 16 5 10 3 10 15 20 10 8 15 12 13 18 90 18 8 13 13 12 11 
0 10 19 3 14 0 5 5 7 0 7 20 6 4 18 3 12 2 14 6 3 
6 13 18 8 17 18 20 10 7 3 18 17 4 20 8 12 21 11 12 18 15 
14 20 10 15 16 4 8 2 5 5 5 18 17 3 13 2 11 7 0 11 14 
18 16 16 6 15 15 4 2 20 18 12 20 11 20 13 14 12 0 2 18 19 
3 5 8 18 7 16 4 6 10 5 13 7 15 18 12 6 18 11 18 56 18 
6 15 0 16 0 8 19 3 12 12 1 19 17 7 11 3 15 14 19 18 71 
