28 8
26 18 6 7 10 14 17 7 6 6 2 9 15 2 11 19 17 17 18 2 8 14 4 3 1 11 16 12 
18 24 16 2 6 9 4 3 19 10 3 14 6 14 10 11 1 19 2 20 17 0 20 19 7 13 4 17 
6 16 17 10 12 14 2 3 9 1 2 8 0 4 9 7 6 20 13 14 6 14 16 0 8 5 16 4 
7 2 10 49 14 20 9 10 1 0 16 6 15 18 12 4 12 18 4 1 14 10 12 14 11 2 19 11 
10 6 12 14 0 0 18 18 4 2 2 0 15 17 16 16 17 8 9 3 7 18 10 5 14 0 17 15 
14 9 14 20 0 38 18 11 13 19 2 20 8 7 17 15 9 0 20 20 8 13 12 17 2 0 8 7 
17 4 2 9 18 18 14 15 2 3 5 12 3 15 7 19 11 9 7 12 7 0 18 5 10 0 6 6 
7 3 3 10 18 11 15 14 7 10 7 12 15 10 14 0 2 19 17 6 1 8 13 7 17 7 19 14 
6 19 9 1 4 13 2 7 82 14 20 4 12 17 7 0 13 16 13 3 13 9 9 9 13 10 18 11 
6 10 1 0 2 19 3 10 14 42 6 11 13 18 13 15 8 16 15 17 17 3 5 19 12 17 20 16 
2 3 2 16 2 2 5 7 20 6 94 14 17 16 14 7 4 3 9 20 1 8 6 14 4 15 8 14 
9 14 8 6 0 20 12 12 4 11 14 85 9 20 9 8 15 13 20 15 0 10 17 6 16 5 6 4 
15 6 0 15 15 8 3 15 12 13 17 9 51 17 9 18 9 15 11 9 1 6 1 10 6 16 7 1 
2 14 4 18 17 7 15 10 17 18 16 20 17 91 20 8 5 20 7 10 9 10 11 8 14 0 12 1 
11 10 9 12 16 17 7 14 7 13 14 9 9 20 56 12 12 8 3 11 17 20 19 9 4 0 20 18 
19 11 7 4 16 15 19 0 0 15 7 8 18 8 12 40 5 19 7 8 17 0 3 10 5 15 14 4 
17 1 6 12 17 9 11 2 13 8 4 15 9 5 12 5 62 0 15 3 1 16 6 20 2 9 14 18 
17 19 20 18 8 0 9 19 16 16 3 13 15 20 8 19 0 64 18 2 7 0 6 10 12 6 19 6 
18 2 13 4 9 20 7 17 13 15 9 20 11 7 3 7 15 18 77 5 0 18 9 11 17 15 15 0 
2 20 14 1 3 20 12 6 3 17 20 15 9 10 11 8 3 2 5 25 7 20 6 12 1 4 12 11 
8 17 6 14 7 8 7 1 13 17 1 0 1 9 17 17 1 7 0 7 54 2 6 15 15 3 0 9 
14 0 14 10 18 13 0 8 9 3 8 10 6 10 20 0 16 0 18 20 2 84 5 1 18 6 3 9 
4 20 16 12 10 12 18 13 9 5 6 17 1 11 19 3 6 6 9 6 6 5 56 2 1 4 14 4 
3 19 0 14 5 17 5 7 9 19 14 6 10 8 9 10 20 10 11 12 15 1 2 27 1 2 5 7 
1 7 8 11 14 2 10 17 13 12 4 16 6 14 4 5 2 12 17 1 15 18 1 1 4 10 2 5 
11 13 5 2 0 0 0 7 10 17 15 5 16 0 0 15 9 6 15 4 3 6 4 2 10 40 16 14 
16 4 16 19 17 8 6 19 18 20 8 6 7 12 20 14 14 19 15 12 0 3 14 5 2 16 28 1 
12 17 4 11 15 7 6 14 11 16 14 4 1 1 18 4 18 6 0 11 9 9 4 7 5 14 1 22 
