120 16
23 28 18 19 18 32 22 22 25 16 24 8 25 40 15 19 24 18 8 30 26 28 24 22 17 17 36 36 6 8 20 36 27 39 8 22 8 44 24 9 39 34 36 11 48 19 45 42 39 2 22 49 52 12 17 48 7 40 41 35 14 12 40 55 16 29 28 15 22 10 32 14 17 39 23 8 52 54 47 22 23 49 68 28 20 5 18 38 34 36 14 28 46 43 5 25 53 56 15 40 17 17 45 61 21 3 20 47 51 10 24 15 33 30 37 27 13 49 20 38 
28 39 43 37 11 47 27 47 42 42 5 28 54 50 13 11 52 43 20 52 38 55 47 50 17 40 64 52 23 24 18 8 30 26 28 24 22 17 17 36 36 6 60 35 70 44 71 65 66 27 50 77 70 37 29 65 32 64 60 59 19 40 68 68 30 40 24 39 34 33 7 22 46 43 4 35 74 71 68 30 47 75 80 41 46 34 42 30 44 60 32 26 69 70 31 54 81 74 41 63 24 44 72 74 35 26 49 76 68 35 22 41 34 7 64 46 24 73 48 44 
18 43 48 12 32 20 40 4 14 1 41 25 17 31 30 37 11 1 26 13 41 13 6 10 35 27 28 22 24 19 29 52 28 57 15 27 21 60 42 19 38 50 18 8 30 26 28 24 22 17 17 36 36 6 19 32 22 22 25 17 25 7 25 41 16 22 47 4 18 9 49 32 15 33 38 9 34 38 29 22 5 31 53 20 24 16 26 57 49 40 13 46 27 26 13 17 39 39 2 22 22 2 28 46 16 19 16 34 35 8 42 22 33 47 34 14 31 31 16 31 
19 37 12 36 26 12 41 14 5 11 35 27 29 21 24 33 24 11 24 15 45 26 12 23 33 34 41 17 24 15 19 45 15 55 11 16 16 54 40 25 26 43 24 9 33 34 37 28 32 17 28 47 34 11 8 30 26 28 24 22 17 17 36 36 6 10 46 9 6 9 43 32 26 22 32 14 37 36 31 10 13 40 48 9 33 21 34 56 54 50 5 46 32 35 14 29 50 38 11 26 12 14 38 41 3 18 28 46 33 10 41 30 20 42 46 9 32 36 28 20 
18 11 32 26 16 37 25 36 31 30 9 20 43 41 2 10 41 32 11 41 35 44 36 39 14 32 54 41 14 13 9 19 22 32 16 15 11 28 18 26 30 17 49 24 59 36 60 54 55 17 40 67 60 26 18 55 23 53 49 47 8 29 57 59 19 30 26 28 24 22 17 17 36 36 6 24 63 61 57 20 36 64 71 31 38 24 34 34 42 52 21 27 58 59 20 43 70 63 30 52 14 32 60 64 25 15 39 65 58 24 22 32 27 16 55 35 19 62 38 36 
32 47 20 12 37 60 54 19 7 20 47 40 36 11 36 45 30 19 36 11 58 30 15 29 46 45 47 4 36 28 29 55 19 67 24 24 29 64 53 37 25 53 20 21 24 45 34 21 31 30 36 48 22 22 18 18 38 23 13 18 28 27 36 23 18 8 59 19 13 21 54 45 35 16 43 26 28 24 22 17 17 36 36 6 44 33 46 69 66 60 18 59 25 33 27 36 50 26 20 20 23 22 36 29 12 30 36 47 21 22 54 41 21 53 53 5 45 29 36 13 
22 27 40 41 25 54 52 43 47 39 21 14 41 61 23 16 42 40 18 52 11 46 46 41 11 19 47 58 17 26 33 32 45 19 29 38 26 34 11 22 55 29 58 34 70 24 64 64 59 24 37 64 75 34 37 71 18 62 64 57 29 33 59 77 37 50 8 37 43 33 26 9 33 58 25 30 74 77 69 41 45 69 90 49 28 24 22 17 17 36 36 6 67 63 27 41 68 78 38 62 34 38 64 83 42 23 35 63 74 33 5 23 51 23 44 50 9 71 34 58 
22 47 4 14 36 19 43 56 15 5 45 29 17 31 34 41 10 4 30 10 44 11 4 10 39 30 27 21 28 23 32 56 30 61 19 30 25 64 46 22 40 54 14 12 26 28 24 20 18 21 17 33 33 10 22 30 25 18 23 13 28 10 21 39 19 23 50 8 20 13 53 36 16 34 42 13 30 35 25 25 2 27 51 20 26 19 29 60 52 41 16 50 24 22 17 17 36 36 6 19 25 5 24 44 18 23 17 31 32 12 46 25 34 51 34 14 35 27 17 32 
25 42 14 5 31 7 47 15 48 14 41 33 31 17 30 39 25 13 30 11 51 26 11 24 39 39 42 11 29 21 24 50 17 61 17 19 22 59 46 30 25 48 20 14 28 39 34 24 30 23 31 47 28 15 13 24 31 24 18 19 22 20 34 30 11 8 52 12 8 14 48 38 29 19 37 19 32 30 26 13 12 37 43 5 37 26 39 62 59 54 11 52 28 33 20 31 49 32 14 22 17 17 36 36 6 23 31 45 27 15 47 34 20 47 48 4 38 32 31 17 
16 42 1 11 30 20 39 5 14 45 39 24 18 31 28 35 12 1 24 14 40 15 7 11 34 26 29 22 23 18 27 50 27 55 14 25 19 59 41 18 37 48 19 6 31 25 29 25 24 16 17 37 37 5 17 33 21 23 26 18 23 7 26 42 15 21 45 3 17 8 47 30 15 33 37 8 35 39 30 21 6 33 54 19 24 15 26 55 48 40 12 44 29 28 12 18 40 40 1 24 20 3 29 47 15 17 17 36 36 6 40 21 32 46 34 14 30 33 17 31 
24 5 41 35 9 47 21 45 41 39 35 23 50 51 11 6 48 40 16 50 32 52 45 47 11 34 59 51 18 21 19 12 31 22 25 24 20 19 11 31 38 10 58 32 68 38 69 63 63 24 46 74 69 34 28 65 27 62 59 57 18 37 65 68 29 40 19 36 34 31 8 16 41 45 4 32 72 71 67 30 45 72 81 41 41 29 37 26 38 54 30 21 67 67 28 50 77 73 38 62 24 41 69 74 34 22 45 72 68 33 17 36 36 6 59 45 19 71 44 45 
8 28 25 27 20 40 14 29 33 24 23 34 28 49 18 17 28 25 9 38 17 32 31 27 13 11 36 44 7 15 26 36 35 33 16 29 15 41 19 8 46 33 43 19 55 15 50 49 45 10 24 52 60 19 25 57 4 47 50 42 20 18 45 64 24 37 22 22 30 18 31 8 19 47 24 15 59 62 54 30 30 55 76 36 18 9 14 31 26 32 22 20 53 49 13 28 56 64 23 48 24 24 50 69 29 10 22 50 59 18 17 12 41 29 36 36 6 56 21 46 
25 54 17 29 43 36 41 17 31 18 50 28 72 48 41 44 6 18 33 26 36 8 21 7 41 22 11 37 31 31 43 62 45 60 28 42 32 69 47 19 55 60 25 22 37 18 25 30 20 26 4 24 47 20 35 44 23 27 38 25 38 14 18 55 32 39 49 20 35 23 58 36 8 50 49 19 40 49 37 39 19 30 66 37 14 20 20 58 43 26 29 47 33 24 23 0 28 49 18 30 37 15 24 60 33 28 5 22 46 21 45 17 50 56 17 31 34 36 6 48 
40 50 31 21 41 11 61 31 17 31 51 49 48 72 41 50 41 30 43 22 67 41 27 41 52 55 58 11 44 35 31 56 19 73 32 26 35 66 58 47 19 55 30 31 30 56 44 30 41 38 48 59 24 32 24 19 47 32 18 29 33 37 47 18 24 11 65 29 18 31 57 52 46 8 46 36 33 23 28 20 28 45 30 12 55 42 56 75 75 71 26 66 32 43 36 48 61 28 31 29 27 33 46 24 19 38 47 58 22 32 61 51 17 56 65 17 52 36 48 6 
15 13 30 24 2 36 23 34 30 28 11 18 41 41 13 9 39 30 9 39 33 42 34 37 12 30 52 40 11 10 10 21 22 32 14 15 9 30 18 24 31 19 47 22 57 33 58 52 53 14 38 64 59 24 17 54 21 51 48 46 7 27 55 58 18 29 25 26 23 20 19 15 33 36 8 22 61 60 56 20 34 62 71 30 35 21 32 34 40 50 19 26 56 57 18 41 68 62 28 51 13 30 58 64 24 13 36 63 57 22 21 29 27 17 53 34 17 60 36 36 
19 11 37 33 10 45 16 41 39 35 6 17 44 50 9 57 43 37 11 47 27 47 42 42 5 28 54 50 13 18 19 18 32 22 22 25 16 24 8 25 40 15 55 29 65 32 64 60 59 19 41 68 67 30 26 63 21 59 57 53 17 32 60 68 27 39 16 33 32 27 13 10 36 45 8 27 69 69 64 29 41 68 80 39 35 24 31 24 33 48 27 17 64 63 23 44 72 71 34 58 22 36 64 73 33 18 39 67 66 29 12 30 37 11 53 42 13 68 38 45 
24 52 11 24 41 30 42 10 25 12 48 28 6 41 39 43 36 12 32 20 40 4 14 1 41 25 17 31 30 28 39 60 39 61 25 38 30 68 47 20 50 58 19 18 32 22 22 25 16 24 8 25 40 15 30 38 24 22 31 18 34 11 16 48 27 33 50 15 30 19 57 36 10 44 47 16 35 43 31 34 13 27 60 31 19 19 23 60 47 32 24 49 28 20 21 6 29 43 13 24 33 9 21 53 27 26 9 24 40 17 46 20 44 55 23 24 35 31 10 42 
18 43 1 11 32 19 40 4 13 1 40 25 18 30 30 37 12 38 26 12 41 14 5 11 35 27 29 21 24 19 28 51 27 57 15 26 20 60 42 20 37 49 18 8 30 27 28 23 22 17 18 36 35 6 18 32 22 22 25 16 24 8 25 40 15 21 47 4 17 9 49 32 16 32 38 10 33 37 28 21 4 32 53 19 25 16 27 57 50 41 12 46 27 26 13 18 39 38 2 22 21 3 28 46 15 19 17 35 34 8 42 23 32 47 35 13 31 31 17 30 
8 20 26 24 11 36 18 30 30 24 16 9 33 43 9 11 32 26 36 37 25 36 31 30 9 20 43 41 2 8 17 28 27 31 12 21 8 35 16 15 38 26 44 18 55 24 53 49 47 8 30 57 58 19 19 54 11 48 47 42 12 21 49 60 19 32 22 22 25 16 24 8 25 40 15 16 59 60 54 23 30 57 72 31 26 13 23 32 33 41 18 22 53 51 12 33 61 62 23 48 16 25 53 65 24 7 28 56 57 18 17 20 33 22 44 33 9 57 28 40 
30 52 13 15 41 11 52 10 11 14 50 38 26 22 39 47 20 12 37 64 54 19 7 20 47 40 36 11 36 29 34 60 28 69 25 30 30 69 54 33 36 58 9 19 18 39 23 13 19 29 28 37 22 18 23 19 35 13 12 7 32 21 24 28 21 18 59 15 19 20 58 44 27 27 47 22 22 25 16 24 8 25 40 15 37 29 40 69 62 52 20 58 17 22 25 26 39 25 15 11 27 15 25 33 17 30 28 36 21 19 54 35 31 57 43 7 43 21 28 25 
26 38 41 45 35 58 11 44 51 40 32 17 36 67 33 27 40 41 25 54 45 43 47 39 21 14 41 61 23 32 42 43 52 28 34 46 32 45 22 21 63 41 58 36 70 18 62 64 56 28 32 59 77 36 43 73 19 61 66 57 37 33 55 81 42 55 18 39 48 36 38 18 29 65 35 32 74 79 69 48 46 67 94 54 22 25 16 24 8 25 40 15 67 60 31 36 63 80 39 63 41 39 60 87 47 28 31 57 76 35 17 19 58 35 36 53 16 70 30 64 
28 55 13 26 44 30 46 11 26 15 52 32 8 41 42 47 4 14 36 19 43 44 15 5 45 29 17 31 34 32 42 64 41 65 28 41 33 72 51 24 52 62 17 21 29 26 18 22 12 28 11 22 38 19 32 36 28 19 30 16 38 15 12 47 30 34 54 18 32 22 60 40 14 45 51 20 32 41 28 36 13 23 58 32 22 23 27 64 51 34 27 53 25 16 24 8 25 40 15 21 36 12 17 51 29 29 12 20 38 20 50 24 46 58 24 25 39 27 13 43 
24 47 6 12 36 15 46 4 11 7 45 31 21 27 34 42 14 5 31 7 47 15 50 14 41 33 31 17 30 24 31 56 27 62 20 28 25 64 48 26 37 54 13 13 24 32 24 18 19 22 21 35 29 12 20 26 28 17 19 11 28 14 23 35 18 19 52 9 18 14 53 38 20 30 42 15 28 32 23 23 1 27 47 17 30 22 33 62 55 45 15 52 22 23 19 21 38 32 8 16 24 8 25 40 15 24 21 34 29 13 48 28 32 52 38 10 37 26 22 28 
22 50 10 23 39 29 41 10 24 11 47 27 7 41 37 42 1 11 30 20 39 5 14 33 39 24 18 31 28 27 38 59 38 60 23 37 28 66 46 19 49 56 20 16 32 21 23 25 18 23 8 27 41 14 29 38 23 23 31 19 33 10 18 48 26 32 49 14 29 18 55 35 9 44 45 15 36 43 32 33 12 28 60 30 18 18 22 58 46 32 23 47 29 22 19 7 30 43 12 25 31 8 23 53 26 24 8 25 40 15 44 19 43 53 24 24 33 32 9 41 
17 17 35 33 14 46 11 39 39 34 11 13 41 52 12 5 41 35 9 47 21 45 41 39 49 23 50 51 11 18 23 23 35 21 22 28 17 28 7 21 44 21 54 28 65 27 62 59 57 18 37 65 68 29 28 64 17 57 57 52 19 30 57 69 28 41 13 32 34 26 18 5 32 48 14 26 69 70 64 32 40 67 82 41 31 21 26 22 28 43 28 13 63 61 22 41 69 72 33 58 25 35 62 75 34 16 35 63 67 27 8 25 40 15 49 43 7 67 35 48 
17 40 27 34 32 45 19 30 39 26 34 11 22 55 30 28 25 27 20 40 14 29 33 24 23 17 28 49 18 25 36 47 44 39 25 39 25 52 28 8 56 44 43 24 56 4 47 49 42 19 18 45 63 23 34 60 9 47 53 42 31 19 40 68 32 44 28 26 38 24 42 18 15 55 35 19 59 65 55 39 32 52 81 43 8 13 2 36 22 20 30 26 52 45 20 22 49 66 26 48 34 25 46 74 37 20 16 43 62 23 24 5 50 39 25 40 15 56 15 54 
36 64 28 41 54 47 47 27 42 29 59 36 11 58 52 54 17 29 43 36 41 17 31 18 50 28 51 48 41 42 54 72 56 67 40 54 43 78 55 28 67 69 32 34 44 23 27 37 24 37 13 18 54 31 46 53 32 34 46 32 49 26 19 64 44 50 56 32 47 35 67 44 18 62 59 30 45 57 43 51 30 32 74 48 19 30 25 64 46 22 40 54 39 26 34 11 22 55 30 37 48 26 25 68 45 38 15 16 54 32 52 24 61 65 8 41 42 40 15 59 
36 52 22 17 41 4 58 21 11 22 51 44 37 11 40 50 31 21 41 11 61 31 17 31 51 49 48 81 41 32 33 59 23 72 28 28 33 69 57 41 28 58 18 25 20 48 33 19 30 34 38 48 18 25 23 13 42 20 8 17 33 30 35 19 22 12 63 22 17 25 59 49 37 18 48 29 24 19 18 22 18 33 32 11 46 36 49 73 70 62 22 63 22 31 31 37 49 22 23 17 27 25 34 25 16 35 38 47 16 26 58 44 24 57 54 8 49 25 39 15 
6 23 24 24 14 36 17 28 29 23 18 7 31 44 11 13 30 24 2 36 23 34 30 28 11 18 41 41 31 9 19 30 28 32 12 22 8 37 18 13 39 28 42 17 54 21 51 48 46 7 28 55 58 18 20 54 9 46 47 41 13 19 47 60 19 32 23 21 25 15 26 8 23 41 18 15 58 59 53 24 29 56 72 32 24 11 20 32 31 38 18 22 52 50 11 31 59 61 22 47 17 24 51 65 25 6 26 53 57 16 18 18 34 24 41 32 8 56 25 40 
8 24 19 15 13 28 26 23 21 18 21 15 31 35 10 18 28 19 8 29 32 32 24 27 18 25 42 32 9 87 12 32 20 40 4 14 1 41 25 17 31 30 37 11 47 27 47 42 42 5 28 54 50 13 10 45 15 41 39 35 6 17 44 51 10 23 31 15 16 9 29 17 24 32 19 12 51 51 46 15 23 51 64 23 28 13 26 41 41 44 9 31 46 46 7 31 57 53 17 40 9 19 47 57 16 5 27 52 48 11 26 23 26 28 44 24 17 50 26 31 
20 18 29 19 9 29 33 32 24 27 19 26 43 31 10 19 39 28 17 34 42 42 31 38 23 36 54 33 19 12 74 26 12 41 14 5 11 35 27 29 21 24 43 21 52 39 56 47 51 18 40 65 51 23 11 47 27 47 42 42 5 28 54 50 13 21 35 24 16 19 25 24 36 26 14 23 56 52 50 11 31 59 62 22 40 25 38 44 50 57 15 36 51 54 19 43 68 55 26 46 6 30 57 55 17 17 39 63 50 22 31 35 17 24 57 28 26 55 39 26 
36 8 52 45 19 55 32 56 50 50 12 36 62 56 21 18 60 51 28 60 43 64 56 59 23 47 72 59 30 32 26 22 37 25 36 31 30 9 20 43 41 2 68 43 78 51 80 73 74 36 58 86 77 45 37 73 39 72 68 67 27 48 76 75 38 47 27 47 42 42 5 28 54 50 13 44 82 78 76 37 55 83 87 48 54 42 49 30 48 66 40 29 77 78 39 62 89 81 49 71 32 52 80 80 43 34 57 84 76 44 26 48 40 8 72 54 31 81 56 50 
27 30 28 15 22 19 45 30 17 27 31 35 45 19 22 32 39 27 27 28 52 41 27 38 35 44 56 23 28 20 12 37 95 54 19 7 20 47 40 36 11 36 38 22 43 46 52 40 47 25 43 63 41 25 10 37 35 41 32 36 15 31 51 37 12 11 48 24 9 21 37 36 40 13 27 27 47 42 42 5 28 54 50 13 46 32 46 56 60 63 16 48 44 50 25 45 66 45 26 39 11 30 53 43 12 25 42 62 40 24 43 42 6 37 60 20 37 48 42 13 
39 26 57 55 32 67 19 61 61 55 22 33 60 73 32 22 61 57 31 69 28 65 62 60 21 39 67 72 32 40 41 25 54 54 43 47 39 21 14 41 61 23 75 49 87 43 83 81 78 40 56 84 90 50 49 86 37 79 79 74 39 51 78 90 49 62 11 53 55 48 20 25 52 68 27 47 91 91 85 52 62 88 103 62 47 42 42 5 28 54 50 13 85 82 43 60 88 93 54 79 45 56 83 96 55 38 54 82 89 49 15 43 59 19 64 64 26 88 53 68 
8 28 15 11 16 24 29 19 17 14 25 16 28 32 14 22 25 15 12 25 34 28 20 23 22 25 40 28 12 4 14 36 19 43 95 15 5 45 29 17 31 34 33 7 43 27 43 38 38 6 26 50 46 9 9 42 16 37 35 31 9 14 40 48 7 20 34 11 13 5 33 20 22 30 23 9 47 48 42 14 19 47 60 20 27 12 26 44 43 44 6 34 42 42 5 28 54 50 13 36 9 16 44 53 13 6 25 49 45 8 30 22 25 32 42 21 20 46 24 29 
22 24 27 16 15 24 38 30 19 25 24 29 42 26 15 25 38 26 21 30 46 41 28 37 28 39 54 28 22 14 5 31 7 47 15 84 14 41 33 31 17 30 40 20 47 41 53 43 48 20 40 63 46 22 8 42 30 43 37 38 9 28 51 44 10 16 41 22 11 19 31 29 36 20 20 23 51 47 46 6 29 56 56 17 42 27 41 49 54 59 13 41 47 51 20 42 66 50 25 42 5 28 54 50 13 19 39 61 45 21 36 37 12 30 57 23 30 51 39 20 
8 22 21 16 11 29 26 25 22 19 20 15 32 35 9 16 30 20 8 30 32 33 25 28 17 25 43 33 8 1 11 30 20 39 5 14 84 39 24 18 31 28 38 12 48 28 49 43 43 6 30 55 51 14 11 47 16 42 40 37 5 18 45 52 11 24 30 16 16 11 28 16 25 32 17 13 52 52 47 15 25 53 64 23 29 14 27 40 40 45 11 30 47 47 9 32 59 55 18 42 9 21 49 57 16 5 28 54 50 13 25 23 26 26 45 25 17 51 28 31 
44 17 60 54 28 64 34 64 59 59 19 41 69 66 30 24 68 60 35 69 45 72 64 66 28 52 78 69 37 41 35 9 47 21 45 41 39 11 23 50 51 11 77 52 87 56 88 82 83 43 65 93 87 54 46 83 45 81 77 76 37 56 84 85 48 57 27 56 51 50 11 33 61 59 22 52 91 88 86 47 64 92 97 58 59 49 54 27 48 70 49 30 86 87 47 69 97 91 58 81 42 60 88 90 53 42 64 91 86 52 28 54 50 13 77 63 36 90 63 60 
24 17 42 40 18 53 11 46 46 41 11 19 47 58 18 8 47 42 16 54 22 51 48 46 7 28 55 57 18 25 27 20 40 14 29 33 24 23 57 28 49 18 61 35 72 33 69 66 64 25 43 71 75 36 34 71 23 65 64 59 25 37 64 76 35 47 8 39 40 33 15 11 39 54 15 33 76 77 71 38 47 74 88 47 36 28 31 16 27 46 35 9 70 68 29 47 75 79 40 65 31 42 69 81 40 23 42 70 74 34 5 31 45 12 54 50 13 74 41 54 
9 36 19 25 26 37 22 22 30 18 31 8 19 47 24 25 20 20 15 33 21 24 26 19 21 8 28 41 13 17 29 43 36 41 17 31 18 50 28 108 48 41 37 16 49 10 42 42 37 11 15 43 55 15 26 52 4 40 45 36 24 11 37 60 24 36 30 18 29 16 39 16 11 47 31 11 53 58 48 31 24 47 73 34 11 4 9 39 29 27 21 28 46 41 11 19 47 58 18 41 26 17 42 65 28 12 14 42 54 15 25 5 42 37 28 32 14 50 13 45 
39 36 38 26 30 25 55 40 25 37 38 46 55 19 31 40 50 37 38 36 63 52 37 49 44 56 67 28 39 31 21 41 11 61 31 17 31 51 49 48 100 41 45 34 48 58 60 47 56 36 54 73 43 36 22 39 46 48 36 44 26 42 60 37 24 18 57 35 20 33 43 46 51 11 34 38 52 43 47 17 38 61 47 20 58 43 57 65 71 75 27 58 50 58 36 55 75 47 37 45 22 40 61 42 22 36 53 71 42 35 53 53 5 43 72 28 47 54 53 13 
34 6 50 43 17 53 29 54 48 48 10 33 60 55 19 15 58 49 26 58 41 62 54 56 21 44 69 58 28 30 24 2 36 23 34 30 28 11 18 41 41 26 67 41 76 48 78 71 72 33 56 83 76 43 35 72 37 71 66 65 26 46 74 74 37 46 25 45 40 40 3 26 51 49 11 41 80 77 75 36 54 82 86 47 51 39 47 28 45 64 38 27 75 76 37 60 87 80 47 70 31 50 78 80 42 32 55 82 75 42 24 46 39 5 69 52 28 79 54 50 
36 60 18 24 49 20 58 14 20 19 58 43 25 30 47 55 19 18 44 9 58 17 13 20 54 43 32 18 42 37 43 68 38 75 33 40 38 77 61 37 45 67 25 26 12 41 14 5 11 35 27 29 21 24 32 20 40 4 14 1 41 25 17 31 30 27 65 22 29 27 66 50 29 36 55 28 16 24 12 33 13 16 41 25 38 34 42 75 66 51 28 64 9 13 31 25 31 23 20 4 36 19 16 35 26 37 28 28 21 26 60 38 40 65 40 17 49 13 29 34 
11 35 8 9 24 21 34 12 14 6 32 19 22 31 22 29 18 8 18 19 36 21 13 16 28 24 34 25 17 11 21 43 22 49 7 20 12 52 35 16 34 41 26 65 37 25 36 31 30 9 20 43 41 2 12 37 17 30 30 24 16 8 33 44 10 20 40 4 14 1 41 25 17 31 30 5 41 43 35 17 12 40 57 18 24 11 25 50 45 41 6 39 35 34 6 22 47 44 5 29 14 9 36 50 12 11 19 42 40 1 35 20 28 39 38 16 24 39 19 29 
48 70 30 33 59 24 70 26 28 31 68 55 37 30 57 65 32 30 55 18 70 29 24 32 65 56 44 20 54 47 52 78 43 87 43 47 48 87 72 49 48 76 12 37 40 54 19 7 20 47 40 36 11 36 41 12 52 10 11 13 50 37 25 23 39 32 77 33 36 38 76 62 41 38 65 40 4 14 1 41 25 17 31 30 51 46 55 87 79 64 38 76 5 19 43 37 36 12 32 7 45 31 22 26 34 48 41 36 12 37 72 51 44 75 52 24 61 6 42 35 
19 44 26 34 36 45 24 28 39 25 38 15 18 56 33 32 22 27 24 39 18 26 32 21 27 4 23 48 21 27 39 51 46 43 27 41 28 56 33 10 58 48 41 25 54 80 43 47 39 21 14 41 61 23 36 58 12 44 51 40 33 18 37 67 34 45 32 26 39 25 46 22 12 56 39 20 57 64 53 41 31 49 80 43 4 14 1 41 25 17 31 30 50 42 21 18 45 64 25 46 36 24 42 73 37 22 13 39 61 23 29 4 52 43 21 40 20 53 12 54 
45 71 28 37 60 34 64 24 34 29 69 50 25 44 58 64 22 28 53 23 62 18 24 23 62 47 27 33 51 47 56 80 52 83 43 53 49 88 69 42 60 78 14 36 19 43 8 15 5 45 29 17 31 34 45 31 46 12 27 15 52 32 7 42 43 42 72 32 42 37 77 58 32 51 66 36 20 34 20 47 24 5 50 39 40 41 45 82 69 49 40 71 14 1 41 25 17 31 30 15 49 27 2 45 40 46 30 16 31 36 68 42 55 75 35 31 57 14 31 48 
42 65 24 28 54 21 64 20 24 25 63 49 30 30 52 60 25 23 49 13 64 22 18 25 59 49 37 19 48 42 47 73 40 81 38 43 43 82 66 42 47 71 5 31 7 47 15 29 14 41 33 31 17 30 36 16 45 3 12 6 45 31 20 28 34 30 71 27 32 32 71 56 34 37 60 33 10 20 6 37 19 14 37 27 44 40 48 81 72 57 33 70 4 14 37 30 32 18 26 1 41 25 17 31 30 42 34 31 17 31 66 44 42 70 45 20 55 8 35 35 
39 66 22 32 55 31 59 18 30 24 63 45 20 41 53 59 16 22 47 19 56 12 19 18 57 42 24 30 46 42 51 74 47 78 38 48 43 83 64 37 56 72 11 30 20 39 5 14 3 39 24 18 31 28 40 30 41 11 25 12 47 27 6 42 38 37 67 27 38 32 71 53 27 47 61 31 21 34 20 42 19 10 51 35 35 36 40 76 64 45 35 65 15 4 35 20 19 32 25 14 44 22 5 45 35 41 25 17 31 30 62 37 50 70 32 27 51 16 26 45 
2 27 17 17 17 30 24 21 23 16 24 10 26 38 14 19 24 17 8 29 28 28 22 23 18 19 37 34 7 5 18 36 25 40 6 20 6 43 25 11 36 33 35 9 47 21 45 41 39 82 23 50 51 11 15 47 10 39 40 34 12 13 40 53 13 26 30 13 19 8 32 15 19 36 22 8 51 52 45 20 22 49 66 26 22 7 21 40 37 39 12 29 45 43 4 26 53 54 15 39 14 17 45 59 19 1 22 48 49 9 25 17 31 30 39 25 15 49 21 35 
22 50 17 28 40 36 37 17 31 17 46 24 4 48 38 41 8 18 30 28 32 11 21 8 37 18 13 38 28 28 40 58 43 56 26 40 30 65 43 15 54 56 27 20 40 14 29 33 24 23 50 28 49 18 33 46 20 30 40 27 35 12 22 56 31 39 45 19 34 21 54 32 4 50 46 17 43 52 39 37 20 34 68 37 11 16 16 54 40 24 27 43 36 27 21 4 31 51 17 32 35 14 27 61 32 25 1 26 48 19 41 13 49 52 17 31 30 39 2 48 
49 77 36 47 67 48 64 33 47 37 74 52 24 59 64 68 25 36 57 37 59 22 35 27 65 45 18 48 55 54 65 86 63 84 50 63 55 93 71 43 73 83 29 43 36 41 17 31 18 50 28 34 48 41 55 48 48 28 43 30 60 37 12 59 52 55 73 40 53 45 82 60 32 65 72 42 36 51 37 58 34 20 67 52 37 44 42 82 64 40 49 71 31 17 46 24 4 48 38 32 58 34 14 62 51 51 29 1 48 42 69 41 67 80 25 44 58 31 30 62 
52 70 36 34 60 22 75 33 28 37 69 60 47 24 59 67 40 35 58 22 77 38 29 41 68 63 54 18 58 50 51 77 41 90 46 46 51 87 75 55 43 76 21 41 11 61 31 17 31 51 49 48 62 41 41 4 58 20 10 21 51 43 36 12 40 30 81 37 36 42 77 66 49 32 66 45 12 3 11 40 31 28 20 29 59 52 62 91 85 73 40 80 16 30 47 47 48 4 37 17 45 38 33 14 35 52 49 47 1 42 76 58 41 76 62 25 66 17 50 30 
12 37 6 11 26 22 34 10 15 5 34 19 20 32 24 30 15 6 19 18 36 19 12 14 29 23 31 25 18 13 23 45 25 50 9 22 14 54 36 15 36 43 24 2 36 23 34 30 28 11 18 41 41 61 14 37 17 28 30 23 19 6 31 45 12 21 40 3 16 3 42 26 15 33 32 4 40 43 35 19 11 38 57 20 22 11 23 50 44 39 9 40 34 32 7 20 44 44 4 28 17 6 34 50 14 12 17 39 40 1 36 19 30 41 35 17 25 37 17 31 
17 29 19 8 18 18 37 22 13 17 28 25 35 24 17 26 30 18 19 23 43 32 20 29 28 34 46 23 20 10 11 37 10 49 9 8 11 46 34 26 22 35 32 12 41 36 45 36 40 15 33 55 41 14 52 37 25 36 31 30 9 20 43 41 2 12 41 14 5 11 35 27 29 21 24 16 45 42 39 5 20 48 53 12 36 21 35 51 51 53 5 41 40 43 14 35 58 45 17 35 4 20 46 47 6 15 32 53 40 13 36 31 16 34 50 17 28 44 32 20 
48 65 32 30 55 18 71 30 24 33 65 57 44 19 54 63 38 32 54 19 73 36 26 38 64 60 53 13 54 45 47 73 37 86 42 42 47 83 71 52 39 72 20 37 12 58 31 16 30 47 46 48 4 37 37 25 54 19 7 20 47 40 36 11 36 26 77 34 31 38 72 62 46 28 61 41 14 5 11 35 27 29 21 24 56 48 59 86 82 71 36 76 16 30 43 44 48 8 34 16 41 35 33 15 30 48 47 47 3 38 72 55 36 71 60 21 62 18 47 26 
7 32 22 26 23 38 18 25 31 21 27 4 23 47 21 21 24 22 11 35 19 28 28 23 17 9 32 42 9 15 27 39 35 37 16 30 16 45 23 4 46 37 40 17 52 12 46 45 41 10 20 48 58 17 25 54 83 43 47 39 21 14 41 61 23 36 26 20 29 16 35 12 15 46 27 12 56 60 51 30 27 51 74 35 14 5 11 35 27 29 21 24 49 45 11 23 51 61 20 44 24 20 46 67 28 10 18 46 57 16 21 8 41 32 32 33 10 53 17 45 
40 64 22 28 53 23 62 18 24 23 62 47 27 32 51 59 22 22 48 13 61 19 17 23 57 47 34 20 46 41 47 72 41 79 37 43 42 81 65 40 48 71 4 30 10 44 12 3 11 39 30 28 20 28 36 19 43 29 15 5 45 29 17 31 34 30 69 26 32 31 70 54 32 38 59 32 12 23 9 37 17 13 40 28 41 38 45 79 69 54 32 68 5 11 35 27 29 21 24 3 40 23 14 34 30 41 31 28 20 30 64 41 43 69 42 20 53 9 32 36 
41 60 25 24 49 13 64 23 18 26 59 50 38 18 48 57 31 25 47 12 66 30 19 31 57 53 46 8 47 39 42 68 32 79 35 37 40 77 64 45 36 66 14 30 11 51 27 12 25 40 40 43 10 30 31 7 47 15 11 14 41 33 31 17 30 21 70 27 26 31 67 55 39 26 56 34 15 12 10 30 20 27 28 19 49 41 52 80 75 64 29 70 14 26 36 38 44 14 27 11 35 27 29 21 24 41 40 43 9 31 65 48 33 65 54 14 55 17 40 23 
35 59 17 22 47 18 57 13 19 18 57 42 25 29 46 53 18 16 42 7 57 16 11 19 52 42 32 17 41 35 42 67 36 74 31 38 37 76 59 36 44 65 1 24 13 40 15 6 12 34 27 30 21 23 30 20 39 5 14 23 39 24 18 31 28 26 64 20 27 26 65 49 28 35 54 26 17 24 12 32 12 17 41 23 37 33 41 74 65 51 26 63 10 14 30 25 32 24 19 5 35 18 17 35 25 35 27 29 21 24 59 37 39 63 40 15 48 14 28 32 
14 19 25 17 8 28 29 28 22 23 18 20 38 33 7 17 34 24 12 32 37 38 28 33 19 31 49 33 13 6 5 27 15 39 9 9 5 37 25 24 26 26 41 16 50 33 52 45 47 12 35 60 51 19 9 47 21 45 41 39 71 23 50 51 11 22 32 20 15 15 26 20 31 29 15 18 54 52 49 12 28 56 63 22 35 20 33 41 45 51 12 32 49 51 14 38 63 55 22 44 5 25 53 56 16 11 34 59 50 17 27 29 21 24 51 26 21 53 33 28 
12 40 7 17 29 27 33 10 20 7 37 18 14 37 27 32 11 8 21 21 33 15 14 10 30 19 26 30 19 17 28 48 31 51 14 28 18 56 37 11 42 46 25 8 37 18 32 31 27 13 12 37 43 6 20 40 14 29 33 24 23 55 28 49 18 27 40 8 22 9 45 26 9 39 35 5 41 46 36 25 12 37 61 25 17 9 19 50 41 33 15 39 34 31 9 14 40 47 6 29 22 5 32 54 20 14 11 35 43 6 35 14 36 43 29 21 24 38 11 37 
40 68 25 36 57 36 59 21 34 26 65 45 18 47 55 60 16 25 49 24 55 12 23 18 57 40 19 35 47 44 54 76 51 78 40 51 45 84 64 37 60 74 17 33 25 37 7 20 6 40 22 12 36 31 43 36 41 17 31 18 50 28 59 48 41 42 67 29 42 34 73 53 26 52 63 32 27 40 25 46 23 12 57 40 33 36 38 76 62 41 38 65 20 7 37 18 14 37 27 20 47 24 5 51 39 42 23 11 37 32 62 35 55 71 27 32 51 21 24 50 
55 68 41 36 59 23 77 39 30 42 68 64 55 18 58 68 48 40 60 28 81 47 35 48 69 68 64 19 60 51 50 75 37 90 48 44 52 85 76 60 37 74 31 44 23 67 42 28 42 53 56 59 12 45 41 11 61 31 17 31 51 49 48 43 41 28 82 41 35 45 75 68 56 26 64 49 24 10 22 38 37 41 12 28 65 56 68 92 89 81 41 82 28 42 50 55 60 14 42 27 45 43 45 5 35 54 57 59 11 45 77 63 35 74 71 27 68 29 57 24 
16 30 16 6 19 18 37 19 11 15 29 24 32 24 18 27 27 15 19 21 42 30 18 26 28 32 44 22 19 10 13 38 12 49 7 10 11 48 35 24 24 37 30 10 39 34 43 34 38 13 31 52 40 12 2 36 23 34 30 28 11 18 41 41 49 13 41 12 6 9 37 27 27 22 26 14 43 42 38 7 18 46 53 12 34 19 33 51 50 51 3 41 38 41 12 32 55 44 14 33 6 18 43 46 5 14 30 51 39 11 36 29 18 35 48 15 27 42 29 21 
29 40 22 10 30 8 50 23 8 21 40 37 39 11 29 39 33 21 32 18 55 34 19 32 41 44 50 12 32 23 21 47 11 62 20 16 24 57 47 36 18 46 27 20 32 45 42 30 37 26 39 55 30 21 12 26 36 30 21 26 22 27 42 28 13 74 54 19 7 20 47 40 36 11 36 25 36 31 30 9 20 43 41 2 44 31 45 63 63 61 14 54 33 40 24 39 57 34 21 28 16 24 43 34 7 27 38 53 29 21 49 41 13 46 56 10 41 37 38 9 
28 24 47 46 26 59 8 50 52 45 19 22 49 65 25 16 50 47 22 59 18 54 52 49 13 28 56 63 23 31 35 27 48 11 34 41 30 27 8 30 57 25 65 40 77 32 72 71 67 30 45 73 81 40 41 77 26 69 70 64 32 40 67 82 41 54 50 43 47 39 21 14 41 61 23 37 81 82 76 45 52 77 95 54 36 31 30 9 20 43 41 2 74 71 34 49 77 84 44 69 38 45 72 88 47 29 43 71 80 39 4 31 53 19 53 55 15 78 42 61 
15 39 4 9 28 19 37 8 12 3 36 22 20 29 26 33 15 4 22 15 39 18 9 14 32 26 32 22 21 15 24 47 24 53 11 22 16 56 39 18 35 45 22 4 33 26 32 27 27 13 19 40 37 3 14 34 20 26 27 20 20 8 29 41 12 19 43 72 15 5 45 29 17 31 34 7 37 40 32 18 8 36 54 17 25 14 26 53 48 42 8 43 31 30 9 20 43 41 2 25 17 6 32 47 12 15 19 39 36 4 39 22 29 43 37 14 28 35 19 29 
22 34 18 6 24 13 43 20 8 17 34 30 35 18 23 32 30 17 25 19 48 32 18 29 34 38 47 17 25 16 16 42 9 55 13 11 16 51 40 29 20 40 29 14 36 39 42 32 38 19 34 53 36 16 5 31 29 32 26 27 15 22 42 35 6 7 47 15 62 14 41 33 31 17 30 19 40 37 34 4 19 45 48 7 39 25 39 56 57 56 8 47 36 41 18 35 56 40 17 30 9 20 43 41 2 20 34 52 34 16 42 35 14 40 52 12 34 40 33 15 
10 33 9 9 22 21 33 13 14 8 31 18 23 31 20 27 19 9 16 20 36 22 14 18 26 24 35 25 15 9 19 42 21 48 5 19 11 50 33 16 33 40 27 1 38 25 37 32 32 8 21 45 42 3 11 38 16 31 31 26 15 9 34 45 9 20 39 5 14 61 39 24 18 31 28 5 42 44 37 16 14 41 58 18 25 11 25 48 44 42 6 38 36 36 5 23 48 45 7 31 13 10 38 50 12 9 20 43 41 2 34 20 27 37 39 17 23 40 20 29 
32 7 49 43 17 54 26 53 48 47 8 31 58 57 19 13 57 49 24 58 38 60 53 55 18 42 67 59 26 29 25 5 37 20 33 31 28 11 15 39 43 3 66 41 76 46 77 71 71 32 54 82 77 42 35 72 35 70 67 65 26 45 73 75 37 47 21 45 41 39 19 23 50 51 11 40 80 78 75 37 53 81 87 48 49 38 44 25 42 61 38 23 75 75 36 58 86 81 46 70 31 49 77 81 42 30 53 80 75 41 20 43 41 2 67 52 26 79 52 51 
14 22 32 32 17 45 9 36 38 30 16 8 36 52 15 10 36 32 8 44 18 40 38 35 5 18 44 49 8 17 24 28 36 25 20 29 16 33 11 16 46 26 50 25 62 22 58 56 53 15 32 60 66 26 27 62 12 54 55 49 20 26 53 68 27 40 14 29 33 24 23 41 28 49 18 22 66 68 61 32 37 63 81 40 25 17 21 24 25 38 26 14 60 57 19 36 64 69 29 54 25 31 58 74 33 14 30 59 65 24 9 20 41 21 43 41 2 63 30 48 
17 46 15 26 36 35 33 16 29 15 41 19 8 46 33 36 10 16 25 27 29 14 20 9 32 15 18 37 23 24 36 54 40 52 22 36 25 61 39 11 51 51 29 17 41 12 32 34 27 19 4 32 49 15 29 46 15 32 39 28 31 9 26 56 27 36 41 17 31 18 50 28 87 48 41 13 45 52 41 34 19 37 68 34 9 12 13 50 37 25 24 39 38 30 16 8 36 52 15 34 31 12 31 61 29 20 3 30 49 15 36 9 45 47 20 29 26 41 2 46 
39 43 33 22 36 16 58 34 19 33 45 47 50 8 36 45 44 32 40 27 65 45 30 44 48 55 62 18 41 32 26 50 13 68 30 20 32 59 54 47 11 49 36 31 38 56 51 37 47 36 50 65 32 33 21 28 46 38 26 35 29 39 52 26 22 11 61 31 17 31 51 49 48 82 41 36 41 32 36 17 32 52 37 13 55 42 56 70 73 72 25 62 40 49 35 50 67 36 33 36 24 36 52 31 18 36 50 64 30 32 57 52 9 50 67 20 50 43 50 2 
23 4 38 32 6 43 25 42 37 37 4 24 49 46 8 8 47 38 15 47 35 51 42 45 14 35 59 48 18 19 14 13 27 27 23 20 17 22 15 31 34 11 55 30 65 39 66 60 61 22 46 72 66 32 24 61 27 59 56 54 15 35 63 64 26 36 23 34 30 28 11 18 41 41 5 30 69 67 64 26 42 70 77 37 42 29 38 30 42 56 27 25 64 65 26 49 76 70 36 59 20 39 67 70 31 21 44 71 64 30 20 36 31 9 60 41 20 68 43 41 
8 35 9 14 24 26 30 13 19 8 32 15 19 36 22 27 16 10 16 22 32 20 15 15 26 19 30 29 15 12 23 44 27 47 9 23 13 52 33 11 38 41 28 5 40 20 36 33 31 8 17 42 45 4 16 41 12 32 34 26 18 5 32 49 14 25 37 7 19 5 40 22 13 36 30 108 43 47 39 21 14 41 61 23 19 7 20 47 40 36 11 36 37 35 4 19 45 48 7 32 18 9 36 54 17 9 15 40 44 3 32 15 33 38 33 21 21 41 15 34 
52 74 34 37 63 28 74 30 32 35 72 59 40 33 61 69 35 33 59 22 74 32 28 36 69 59 45 24 58 51 56 82 47 91 47 51 52 91 76 53 52 80 16 41 4 57 20 10 21 51 43 36 12 40 45 14 56 12 15 17 54 41 27 24 43 36 81 37 40 42 80 66 45 41 69 43 39 15 5 45 29 17 31 34 54 50 58 91 82 66 42 80 7 20 47 40 36 11 36 11 49 35 22 26 38 52 44 36 13 41 76 54 48 79 54 28 65 5 45 39 
54 71 38 36 61 24 77 35 30 39 71 62 49 23 60 69 43 37 60 25 79 41 32 43 70 65 57 19 59 51 52 78 42 91 48 47 52 88 77 58 43 77 24 43 14 64 34 20 34 52 52 51 3 43 42 5 60 23 12 24 52 46 40 10 42 31 82 40 37 44 78 68 52 32 67 47 15 14 14 41 33 31 17 30 61 54 65 92 87 76 41 82 19 33 49 49 51 4 40 20 47 40 36 11 36 53 52 50 3 44 78 60 41 77 65 27 68 20 53 30 
47 68 29 31 57 22 69 25 26 30 67 54 37 28 56 64 31 28 54 16 69 28 23 32 64 55 43 18 53 46 50 76 42 85 42 46 47 86 71 48 47 75 12 35 1 53 20 6 20 45 39 37 11 35 39 11 51 9 10 12 49 36 25 22 38 30 76 32 34 37 75 61 41 36 64 39 5 14 40 39 24 18 31 28 50 45 54 86 78 63 36 75 5 19 42 37 37 12 31 7 44 30 22 25 33 47 40 36 11 36 71 50 43 73 52 22 60 7 41 34 
22 30 22 10 20 17 41 25 13 21 30 30 39 20 20 29 34 21 23 24 48 36 23 33 32 39 51 22 24 15 11 37 5 52 14 6 15 47 38 31 17 36 33 17 41 41 47 37 42 20 37 58 40 19 5 35 30 37 30 32 12 25 46 38 7 9 45 18 4 16 37 32 34 17 26 21 45 41 39 94 23 50 51 11 41 26 40 54 56 58 10 45 41 46 19 39 61 44 21 35 7 24 48 44 7 20 37 57 38 18 40 36 11 36 55 17 33 45 36 16 
23 47 5 13 36 17 45 2 12 6 45 30 19 28 34 41 13 4 30 8 46 13 1 12 40 32 30 18 29 23 31 55 28 62 19 29 25 64 47 24 38 54 13 12 25 31 24 19 19 22 20 34 31 11 20 27 27 17 20 12 28 12 23 37 18 20 52 8 19 14 53 37 19 32 42 14 29 33 24 23 81 28 49 18 28 21 31 62 54 44 15 51 22 23 18 19 37 34 7 17 24 7 25 42 16 23 20 33 30 12 47 27 33 51 36 11 36 26 20 29 
49 75 31 40 64 36 69 27 37 33 72 55 30 45 62 68 27 32 57 25 67 23 27 28 67 52 32 33 56 51 59 83 54 88 47 56 53 92 74 47 61 82 16 40 17 49 5 14 10 49 34 20 28 38 48 29 51 13 27 17 56 37 12 41 46 43 77 36 45 41 81 63 37 52 70 41 17 31 18 50 28 73 48 41 45 46 50 87 74 54 43 76 12 6 45 30 19 28 34 16 52 32 7 43 42 50 35 20 29 39 72 47 56 79 40 33 61 11 36 49 
68 80 53 48 71 36 90 51 43 54 81 76 66 30 71 80 60 53 72 40 94 58 47 60 82 81 74 32 72 64 62 87 50 103 60 56 64 97 88 73 47 86 41 57 31 80 50 37 51 66 68 67 20 57 53 21 74 40 28 41 63 61 57 12 53 41 95 54 48 58 87 81 68 37 77 61 31 17 31 51 49 48 23 41 77 68 80 104 102 92 54 95 36 50 63 66 67 19 55 37 57 56 53 7 48 67 68 67 20 58 90 76 47 87 82 40 81 36 69 36 
28 41 20 9 31 6 49 20 5 19 41 36 37 12 30 39 31 19 31 15 54 32 17 30 41 43 48 11 32 23 22 48 13 62 20 17 23 58 47 34 20 47 25 18 30 43 39 27 35 26 37 52 29 20 12 24 35 28 19 23 22 25 40 28 12 2 54 17 7 18 48 40 34 13 37 23 34 30 28 11 18 41 41 72 42 30 43 63 63 59 13 54 31 38 23 37 54 33 19 26 17 22 41 34 7 26 36 51 27 20 49 39 15 47 54 8 40 35 36 11 
20 46 24 33 38 44 28 26 37 24 41 18 14 55 35 35 19 25 26 37 22 22 30 18 31 8 19 46 24 28 40 54 46 47 27 42 29 59 36 11 58 51 38 24 51 4 40 44 35 22 11 37 59 22 36 56 14 41 49 37 35 17 33 65 34 44 36 25 39 25 49 25 9 55 42 19 54 61 50 41 28 45 77 42 87 15 5 45 29 17 31 34 47 39 21 14 41 61 23 43 36 21 38 71 37 23 10 35 58 23 32 5 52 46 18 38 23 50 9 54 
5 34 16 21 24 33 24 19 26 15 29 9 20 42 21 24 19 16 13 29 25 23 22 18 21 13 30 36 11 13 25 42 32 42 12 27 14 49 28 4 43 39 34 11 46 14 41 40 36 7 16 44 52 11 21 48 5 38 41 33 20 9 36 56 19 31 31 14 25 11 38 17 12 42 29 7 50 54 45 26 21 46 68 30 15 94 14 41 33 31 17 30 43 40 7 20 48 55 14 39 21 14 41 61 23 8 15 42 51 10 26 10 38 35 31 28 15 47 14 40 
18 42 26 34 34 46 22 29 39 26 37 14 20 56 32 31 23 27 23 40 16 27 33 22 26 2 25 49 20 26 38 49 46 42 26 41 27 54 31 9 57 47 42 25 55 1 45 48 40 21 16 42 62 23 35 59 11 45 52 41 33 19 38 68 33 45 30 26 39 25 44 21 13 56 38 20 58 65 54 40 31 50 80 43 5 14 78 39 24 18 31 28 51 43 21 20 46 65 25 47 35 24 44 73 37 21 14 41 61 23 27 4 52 42 22 40 18 54 13 54 
38 30 57 56 34 69 17 60 62 55 26 31 58 75 34 24 60 57 32 69 24 64 62 58 22 36 64 73 32 41 44 30 56 5 44 49 40 27 16 39 65 28 75 50 87 41 82 81 76 40 54 82 91 50 51 86 35 79 80 74 41 50 76 92 51 63 9 53 56 48 25 24 50 70 30 47 91 92 86 54 62 87 104 63 45 41 39 43 23 50 51 11 84 80 43 58 86 94 54 79 47 55 81 98 57 39 53 80 89 49 14 41 61 23 61 65 25 88 52 70 
34 44 49 54 42 66 17 52 59 48 38 26 43 75 40 33 47 50 33 62 8 51 55 46 28 22 46 70 31 41 50 48 60 28 43 54 40 48 27 29 71 45 66 45 79 25 69 72 64 37 40 64 85 44 51 82 27 69 75 65 45 41 62 89 50 63 20 48 57 44 42 25 37 73 42 40 82 87 78 56 54 74 102 63 29 33 24 23 29 28 49 18 75 68 39 43 68 88 47 71 49 47 67 95 56 36 39 63 84 44 21 27 66 40 41 61 23 78 38 72 
36 60 40 50 52 60 36 41 54 40 54 32 26 71 50 48 32 41 41 52 25 34 45 32 43 20 22 62 38 44 57 66 63 54 44 59 45 70 46 27 75 64 51 41 64 17 49 57 45 39 24 40 73 39 53 71 29 54 64 51 51 33 41 81 51 61 43 42 56 42 61 38 25 72 56 36 66 76 63 58 44 54 92 59 17 31 18 50 28 82 48 41 59 48 38 26 43 75 40 56 53 37 47 86 54 39 24 39 73 40 41 21 69 58 14 55 35 61 23 71 
14 32 13 5 21 18 36 16 11 12 30 22 29 26 19 27 24 12 18 20 40 27 15 23 28 30 40 22 18 9 15 40 16 50 6 13 11 49 35 21 27 38 28 6 38 31 40 33 35 12 27 49 40 9 5 36 21 32 29 26 12 15 38 41 3 14 41 8 8 6 38 26 24 25 27 11 42 41 36 10 15 43 54 13 31 17 31 51 49 48 123 41 37 38 10 29 52 43 11 31 9 14 41 47 6 12 26 48 39 8 36 26 21 37 44 14 26 41 26 23 
28 26 46 46 27 59 6 50 52 44 21 20 47 66 26 17 49 46 22 58 15 53 52 47 13 26 54 63 22 31 36 29 48 13 34 41 30 30 9 28 58 27 64 39 76 30 71 70 65 29 43 71 80 40 41 76 24 68 70 63 32 39 65 82 41 54 2 43 47 38 23 14 39 62 25 36 80 82 75 45 51 76 95 54 34 30 28 11 18 41 41 47 74 69 33 47 75 84 43 68 38 44 70 88 47 28 42 69 79 39 5 30 54 21 51 55 14 77 41 61 
46 69 27 32 58 25 67 24 28 29 67 53 33 32 56 64 28 27 53 17 67 25 22 29 63 52 39 22 52 46 51 77 44 85 42 47 47 86 70 46 50 75 9 35 5 50 14 4 15 45 36 31 16 34 40 16 49 5 14 10 49 34 20 28 38 33 74 31 36 36 75 60 38 40 64 37 7 19 5 41 22 12 36 31 47 43 51 84 75 59 37 74 30 14 41 33 31 17 30 5 45 29 17 31 34 46 37 31 17 35 70 47 46 74 47 24 59 4 38 37 
43 70 26 35 59 33 63 22 33 28 67 49 24 43 57 63 20 26 51 22 60 16 23 22 61 45 26 31 50 46 54 78 50 82 42 51 47 87 68 41 58 76 13 34 19 42 1 14 4 43 27 17 30 32 43 30 45 11 26 14 51 31 7 42 41 40 71 30 41 36 75 57 30 49 65 35 20 33 19 46 23 6 50 38 39 40 43 80 68 48 38 69 14 11 39 24 18 31 28 15 47 26 3 45 38 45 29 17 31 34 66 40 53 73 35 30 55 14 30 47 
5 31 13 14 20 27 27 17 20 12 28 13 23 36 18 23 21 13 12 25 31 24 19 19 22 20 34 31 11 7 19 39 25 43 5 20 9 47 29 11 36 37 31 6 43 21 41 37 35 4 21 46 47 7 14 43 11 35 36 30 14 9 37 50 12 24 34 9 18 5 36 19 16 35 26 4 47 49 42 19 18 45 63 23 21 7 21 43 39 38 10 33 41 39 90 23 50 51 11 35 15 13 41 56 17 5 19 45 46 5 29 17 31 34 37 22 18 45 19 34 
25 54 17 29 43 36 41 17 31 18 50 28 0 48 41 44 6 18 33 26 36 8 21 7 41 22 11 37 31 31 43 62 45 60 28 42 32 69 47 19 55 60 25 22 37 18 25 30 20 26 4 24 47 20 35 44 23 27 38 25 38 14 18 55 32 39 49 20 35 23 58 36 8 50 49 19 40 49 37 39 19 30 66 37 14 20 20 58 43 26 29 47 33 24 23 58 28 49 18 30 37 15 24 60 33 28 5 22 46 21 45 17 50 56 17 31 34 36 6 48 
53 81 39 50 70 50 68 36 49 40 77 56 28 61 68 72 29 39 61 39 63 25 38 30 69 49 22 49 59 57 68 89 66 88 54 66 59 97 75 47 75 87 31 47 36 45 17 32 19 53 31 4 48 44 58 48 51 29 44 32 63 40 14 60 55 57 77 43 56 48 86 64 36 67 76 45 36 51 37 61 37 19 67 54 41 48 46 86 68 43 52 75 31 18 50 28 34 48 41 33 61 38 15 62 54 55 33 5 48 46 72 45 70 83 29 46 62 31 34 64 
56 74 39 38 63 26 78 36 32 40 73 64 49 28 62 71 43 38 62 25 80 40 32 43 72 66 55 22 61 53 55 81 45 93 50 50 55 91 79 58 47 80 23 44 12 64 31 18 32 54 51 48 4 44 45 8 61 21 14 24 55 47 37 14 44 34 84 41 40 45 81 69 52 36 70 48 11 4 12 44 34 28 19 33 61 55 65 94 88 75 43 84 17 31 51 49 48 62 41 18 49 41 33 15 38 55 52 47 5 45 79 61 45 80 64 29 69 17 52 34 
15 41 2 11 30 20 38 6 14 1 38 23 18 31 28 34 13 2 23 15 39 15 8 12 33 26 30 23 22 17 26 49 26 54 13 25 18 58 40 18 37 47 20 5 32 25 30 26 25 15 17 38 37 4 17 34 20 24 27 19 22 6 27 42 14 21 44 2 17 7 46 29 15 33 36 7 36 40 31 21 7 34 55 19 23 14 25 54 47 40 11 43 30 28 11 18 41 41 68 25 20 3 30 48 15 16 17 36 36 5 39 21 31 45 34 14 29 34 17 31 
40 63 22 26 52 20 62 19 22 24 62 48 30 29 51 58 24 22 48 11 63 21 16 25 58 48 37 17 47 40 46 71 39 79 36 42 42 81 65 41 45 70 4 29 7 46 15 1 14 39 32 32 17 28 35 16 44 3 11 5 44 29 20 27 33 28 69 25 30 31 70 54 34 36 59 32 11 20 7 35 17 16 37 26 43 39 47 79 71 56 31 68 5 15 35 30 33 18 25 28 39 24 18 31 28 41 33 31 17 30 64 43 41 68 45 18 54 9 34 33 
17 24 22 12 14 23 34 25 17 20 24 24 37 27 13 22 33 21 16 27 41 36 24 31 25 34 48 27 17 9 6 32 11 45 9 5 9 42 31 26 22 31 36 14 45 36 49 41 44 14 35 58 45 17 4 41 24 40 35 35 5 22 47 45 6 16 38 17 9 13 31 25 31 24 20 18 49 47 44 7 24 52 57 17 36 21 35 47 49 53 9 38 45 47 15 37 61 49 20 39 82 23 50 51 11 14 34 57 44 16 33 31 17 30 52 21 26 49 33 23 
17 44 2 14 32 22 38 5 17 3 41 24 15 33 30 36 9 3 25 15 39 12 8 8 35 25 26 25 24 19 30 52 30 56 16 28 21 60 42 17 40 50 19 9 31 24 27 25 22 17 14 34 38 6 20 35 20 23 27 18 25 5 24 43 18 24 45 6 20 10 49 31 12 36 39 9 35 40 30 24 7 32 56 22 21 14 24 55 47 37 14 44 29 26 13 15 38 41 3 24 23 67 28 49 18 18 14 33 37 8 41 20 35 47 31 17 30 32 14 34 
45 72 28 38 60 36 64 24 36 29 69 50 24 46 58 64 21 28 53 25 60 17 25 23 62 46 25 34 51 47 57 80 53 83 44 54 49 88 69 42 61 78 16 36 22 42 2 17 5 45 27 14 33 34 46 33 46 14 29 17 53 32 5 45 43 43 72 32 43 38 77 58 31 52 67 36 22 36 22 48 25 7 53 41 38 41 44 81 67 47 41 70 17 3 41 24 15 33 30 18 50 28 63 48 41 46 29 14 34 36 67 41 56 75 33 32 56 17 30 50 
61 74 46 41 64 29 83 44 36 47 74 69 60 24 64 73 53 46 65 33 87 51 40 53 75 74 68 25 65 57 55 80 43 96 53 50 57 90 81 65 42 80 35 50 26 73 45 31 45 59 61 62 14 50 47 15 67 34 21 35 56 54 51 5 46 34 88 47 41 50 81 74 61 31 70 54 26 11 25 44 42 43 7 34 71 61 73 98 95 86 47 88 31 45 56 60 62 15 48 31 51 49 48 34 41 60 61 62 14 51 83 69 41 80 76 33 74 31 62 30 
21 35 16 3 25 12 42 18 6 15 34 29 33 19 24 33 27 15 24 17 47 29 15 26 34 37 45 16 25 16 17 43 12 55 13 13 16 53 40 28 22 42 26 12 34 37 40 30 35 19 32 51 35 14 6 30 28 30 24 25 16 20 39 35 5 7 47 12 2 12 42 33 29 18 31 17 38 36 33 7 16 42 48 7 37 23 37 57 56 54 6 47 34 38 17 33 54 38 15 28 11 18 41 41 60 19 31 50 33 14 42 33 16 41 49 10 33 38 31 17 
3 26 19 18 15 30 23 23 23 17 22 10 28 38 13 18 26 19 7 30 28 29 24 24 16 20 38 35 6 5 17 34 25 38 6 19 5 42 23 12 36 32 37 11 48 22 46 42 41 1 25 51 52 12 15 48 10 41 41 35 11 14 42 54 14 27 29 15 20 9 30 14 20 36 21 9 52 53 47 20 23 50 67 26 23 8 21 39 36 39 12 28 46 45 5 28 55 55 16 41 14 18 46 60 19 79 23 50 51 11 24 18 31 28 40 26 14 50 22 35 
20 49 16 28 39 36 35 17 31 17 45 22 5 47 36 39 9 17 28 28 31 12 21 8 35 16 15 38 26 27 39 57 42 54 25 39 28 64 42 14 53 55 28 19 41 13 30 34 25 22 1 29 49 17 32 47 18 31 40 27 34 11 23 57 30 38 43 19 34 20 53 30 3 50 44 15 44 52 40 37 20 35 68 36 10 15 14 53 39 24 26 42 37 29 19 5 33 52 17 33 34 14 29 61 31 23 48 28 49 18 39 12 48 51 18 31 28 40 1 48 
47 76 34 46 65 47 63 31 45 36 72 50 22 58 63 67 24 35 56 36 57 20 34 25 63 43 16 47 53 52 63 84 62 82 49 61 54 91 70 42 71 82 28 42 36 39 16 31 17 48 26 1 47 39 53 47 46 28 43 29 59 35 11 59 51 53 71 39 52 43 80 59 30 64 71 40 36 50 36 57 33 20 67 51 35 42 41 80 63 39 48 69 31 17 45 22 5 47 36 31 57 33 14 62 50 50 28 36 48 41 67 39 66 78 24 43 57 31 28 61 
51 68 35 33 58 21 74 32 27 36 68 59 46 22 57 66 40 34 57 21 76 38 29 40 67 62 54 16 57 48 50 76 40 89 45 45 50 86 74 54 42 75 21 40 12 61 31 17 31 49 48 48 1 40 40 3 57 20 9 21 50 43 37 11 39 29 80 36 34 41 75 65 49 30 64 44 13 3 11 38 30 29 20 27 58 51 61 89 84 73 39 79 17 31 46 46 48 5 36 17 44 37 34 14 33 51 49 48 62 41 75 57 39 74 62 24 65 18 49 28 
10 35 8 10 24 22 33 12 15 6 33 18 21 32 22 29 17 8 18 19 35 20 13 15 27 23 32 26 16 11 22 44 24 49 8 21 13 52 34 15 35 42 26 1 37 23 36 31 30 9 19 42 42 1 13 38 16 30 31 24 17 6 32 45 11 21 39 4 16 2 41 24 15 32 30 3 41 44 36 18 12 39 58 20 23 10 23 49 44 40 8 39 35 34 5 21 46 45 5 30 16 8 36 51 14 11 18 41 41 57 34 19 29 39 36 17 24 39 18 31 
24 22 42 41 22 54 5 46 47 40 17 17 45 61 21 12 46 42 17 54 17 50 48 44 8 24 52 58 18 26 31 26 43 15 30 36 25 28 5 25 53 24 60 35 72 29 68 66 62 25 41 69 76 36 36 72 21 64 65 59 27 35 62 77 36 49 4 39 42 34 20 9 36 57 20 32 76 78 71 40 47 72 90 49 32 26 27 14 21 41 36 5 70 66 29 45 72 79 39 64 33 41 67 83 42 24 39 67 75 34 47 28 49 18 50 51 11 73 38 56 
15 41 22 30 32 41 23 25 34 21 36 12 17 51 29 30 20 23 20 35 19 24 28 19 25 5 24 44 18 23 35 48 42 43 22 37 23 54 31 5 53 46 38 20 51 4 42 44 37 17 13 41 58 19 31 55 8 41 48 37 29 14 35 63 29 41 31 22 35 20 43 20 9 52 36 15 54 60 50 36 27 47 76 39 5 10 4 41 27 21 26 30 47 40 17 17 45 61 21 43 31 20 41 69 33 18 12 39 57 19 28 100 48 41 23 36 18 51 11 50 
33 34 33 20 27 21 51 34 20 32 36 41 50 17 27 37 44 32 33 31 58 46 32 43 40 50 61 24 34 26 17 40 6 59 25 12 26 50 45 42 5 39 40 28 44 52 55 42 50 31 49 67 41 30 16 36 41 43 33 39 21 36 55 35 18 13 53 29 14 27 41 41 45 9 31 33 48 41 43 11 33 56 47 15 52 38 52 61 66 69 21 54 46 53 31 50 70 45 31 41 17 35 56 41 16 31 48 66 39 29 49 48 102 41 66 23 43 50 48 11 
30 7 47 42 16 53 23 51 47 46 6 29 56 56 17 11 55 47 22 57 35 58 52 53 15 39 65 57 24 28 24 8 37 19 32 30 26 13 12 37 43 5 65 39 75 43 75 70 70 30 52 80 76 41 34 71 32 69 65 63 24 43 71 74 35 46 19 43 40 37 2 21 47 50 9 38 79 77 73 36 51 79 87 47 46 35 42 23 40 58 37 21 74 73 34 56 83 80 45 68 30 47 75 80 41 28 51 78 74 39 18 41 41 22 64 51 23 78 50 51 
37 64 34 46 55 53 44 34 48 34 59 36 17 65 53 53 23 35 44 43 36 24 38 24 49 25 8 54 41 44 57 72 60 64 42 57 45 77 54 28 72 69 40 38 52 21 35 45 32 39 17 25 62 35 50 60 32 42 54 40 51 29 27 71 48 56 53 37 52 39 67 43 20 67 60 33 54 65 52 55 36 40 82 54 18 31 22 61 41 14 44 51 47 35 37 17 29 64 34 45 52 31 33 76 49 40 18 24 62 36 50 23 66 64 56 48 41 49 18 65 
27 46 14 9 35 5 50 14 4 14 45 36 31 17 34 42 24 13 33 7 53 25 10 24 43 40 41 8 32 24 28 54 20 64 21 23 25 63 50 32 28 52 17 16 24 40 31 20 27 25 31 44 25 17 17 21 33 20 14 15 26 21 32 27 15 10 55 14 12 17 52 41 29 20 41 21 28 27 22 17 11 33 40 8 38 28 40 65 61 55 14 55 24 30 22 31 46 29 14 18 21 17 32 33 10 26 31 43 24 17 51 36 23 51 48 98 41 28 31 18 
13 24 31 32 19 45 9 35 38 30 19 6 34 52 17 13 35 31 9 43 16 39 37 33 7 15 42 49 8 17 26 31 37 26 20 30 17 36 13 14 47 28 49 24 61 20 57 55 51 15 30 58 66 25 28 62 10 53 55 48 21 24 51 68 27 41 15 28 34 23 26 2 26 50 20 21 65 68 60 33 36 61 81 40 23 15 18 25 23 35 26 14 59 55 18 34 62 69 29 54 26 30 56 74 33 14 28 57 65 24 11 18 43 23 41 41 37 62 28 49 
49 73 31 36 62 29 71 27 32 33 71 56 36 36 60 68 31 31 57 21 70 27 26 32 67 56 40 25 56 50 55 81 48 88 46 51 51 90 74 50 54 79 13 39 6 53 14 8 16 49 39 31 17 37 44 18 53 9 17 14 53 38 21 29 42 37 78 35 40 40 79 63 41 43 68 41 5 20 7 45 26 11 36 35 50 47 54 88 78 61 41 77 4 14 45 36 31 17 34 9 49 32 17 31 38 50 40 31 18 39 73 51 50 78 49 28 62 96 41 41 
20 48 16 28 38 36 34 17 31 17 44 21 6 48 36 38 10 17 28 28 30 13 22 9 35 15 15 39 25 26 39 56 42 53 24 39 28 63 41 13 53 54 29 19 42 12 31 35 26 21 2 30 50 17 32 47 17 32 40 28 33 11 24 57 29 38 42 19 33 20 52 30 2 50 43 15 45 53 41 36 20 36 69 36 9 14 13 52 38 23 26 41 38 30 19 6 34 52 17 34 33 14 30 62 31 22 1 28 49 18 38 11 48 50 18 31 28 41 82 48 
38 44 31 20 36 13 58 32 17 31 45 46 48 6 36 45 42 30 40 25 64 43 28 41 48 54 59 15 40 31 26 50 13 68 29 20 31 60 54 45 13 50 34 29 35 54 48 35 45 35 48 62 30 31 20 26 45 36 23 32 28 37 50 24 21 9 61 29 15 29 51 48 46 2 41 34 39 30 34 16 29 49 36 11 54 40 54 70 72 71 23 61 37 47 34 48 64 34 31 33 23 34 50 30 17 35 48 61 28 31 56 50 11 51 65 18 49 41 48 82 
