28 8
38 7 9 3 8 8 1 4 6 5 16 4 20 2 9 11 11 0 14 11 3 19 14 11 7 6 1 6 
7 22 13 13 0 17 13 15 14 7 9 3 16 17 10 7 11 15 18 2 12 9 16 3 7 13 12 13 
9 13 20 15 0 17 12 1 17 15 15 7 2 11 18 1 15 11 13 19 4 10 17 3 16 5 5 8 
3 13 15 13 17 1 12 8 13 12 13 0 1 3 14 15 5 14 9 7 14 15 3 2 10 15 0 16 
8 0 0 17 42 2 9 8 20 3 17 16 11 5 3 18 13 7 11 4 3 6 10 15 16 0 6 14 
8 17 17 1 2 68 3 6 3 18 15 14 14 5 1 20 4 19 15 1 16 16 10 13 20 16 5 15 
1 13 12 12 9 3 81 16 9 10 3 10 12 5 19 1 6 7 5 19 18 10 16 8 0 14 19 8 
4 15 1 8 8 6 16 54 17 14 16 5 6 15 12 10 3 8 15 6 18 16 9 10 0 5 6 12 
6 14 17 13 20 3 9 17 42 6 1 2 3 14 17 16 15 7 0 16 14 3 10 11 9 1 6 10 
5 7 15 12 3 18 10 14 6 42 0 18 4 15 16 8 10 3 4 10 2 6 13 10 15 5 20 8 
16 9 15 13 17 15 3 16 1 0 64 4 19 8 17 15 20 7 0 17 20 5 10 2 2 6 3 10 
4 3 7 0 16 14 10 5 2 18 4 62 9 9 19 11 10 7 7 5 20 10 12 17 17 19 0 16 
20 16 2 1 11 14 12 6 3 4 19 9 37 0 3 5 18 5 12 9 19 15 1 15 7 18 5 12 
2 17 11 3 5 5 5 15 14 15 8 9 0 15 1 2 10 19 12 20 17 18 20 7 19 13 20 13 
9 10 18 14 3 1 19 12 17 16 17 19 3 1 98 4 17 11 15 17 2 18 4 20 3 20 18 7 
11 7 1 15 18 20 1 10 16 8 15 11 5 2 4 90 18 8 13 13 12 11 4 12 2 14 6 3 
11 11 15 5 13 4 6 3 15 10 20 10 18 10 17 18 21 11 12 18 15 3 0 11 14 11 18 19 
0 15 11 14 7 19 7 8 7 3 7 7 5 19 11 8 11 56 18 3 13 12 3 7 20 4 6 2 
14 18 13 9 11 15 5 15 0 4 0 7 12 12 15 13 12 18 5 20 19 20 16 9 13 3 8 17 
11 2 19 7 4 1 19 6 16 10 17 5 9 20 17 13 18 3 20 92 8 4 6 12 4 12 12 3 
3 12 4 14 3 16 18 18 14 2 20 20 19 17 2 12 15 13 19 8 86 3 19 19 9 3 19 0 
19 9 10 15 6 16 10 16 3 6 5 10 15 18 18 11 3 12 20 4 3 68 4 4 13 19 5 18 
14 16 17 3 10 10 16 9 10 13 10 12 1 20 4 4 0 3 16 6 19 4 76 9 9 6 18 18 
11 3 3 2 15 13 8 10 11 10 2 17 15 7 20 12 11 7 9 12 19 4 9 79 7 15 8 13 
7 7 16 10 16 20 0 0 9 15 2 17 7 19 3 2 14 20 13 4 9 13 9 7 88 12 18 1 
6 13 5 15 0 16 14 5 1 5 6 19 18 13 20 14 11 4 3 12 3 19 6 15 12 28 6 9 
1 12 5 0 6 5 19 6 6 20 3 0 5 20 18 6 18 6 8 12 19 5 18 8 18 6 93 19 
6 13 8 16 14 15 8 12 10 8 10 16 12 13 7 3 19 2 17 3 0 18 18 13 1 9 19 19 
