45 10
67 43 45 26 39 27 41 34 39 10 31 17 32 6 34 2 28 51 36 44 37 46 44 45 29 67 41 69 48 65 22 21 24 26 22 35 65 42 61 37 28 35 44 64 42 
43 20 36 22 38 16 40 10 34 33 56 55 62 50 62 42 58 31 17 32 6 34 2 28 30 68 38 70 39 65 36 28 36 20 31 42 72 40 66 43 16 37 42 68 36 
45 36 63 46 8 32 7 29 6 42 33 62 42 51 41 43 38 10 48 4 35 3 34 8 17 32 6 34 2 28 23 48 21 43 23 15 35 7 30 13 29 12 7 31 4 
26 22 46 34 44 13 46 19 41 16 51 33 54 32 55 27 50 46 10 42 17 44 24 40 31 76 45 78 49 73 32 6 34 2 28 44 77 46 72 46 16 41 49 74 44 
39 38 8 44 64 31 2 29 4 37 25 56 33 43 32 36 30 18 48 10 36 10 37 14 12 31 2 34 10 29 17 45 14 41 17 6 34 2 28 5 28 4 5 30 4 
27 16 32 13 31 13 33 8 28 17 42 39 47 33 48 26 43 33 17 28 10 31 17 27 19 63 31 65 35 60 22 17 23 10 17 32 65 33 59 34 2 28 36 61 31 
41 40 7 46 2 33 68 31 5 39 26 58 34 46 33 39 31 17 50 10 38 10 38 14 14 29 1 31 8 26 19 47 17 43 20 8 32 0 26 6 30 6 2 28 4 
34 10 29 19 29 8 31 5 26 25 45 48 51 41 52 33 47 27 19 24 6 27 10 22 20 61 30 63 31 57 25 24 26 17 20 32 63 32 58 33 6 28 34 60 28 
39 34 6 41 4 28 5 26 57 36 29 56 37 44 36 37 33 14 44 6 32 7 32 10 10 35 4 37 8 31 17 43 15 38 17 10 37 6 32 10 25 6 8 34 2 
10 33 42 16 37 17 39 25 36 87 36 22 38 16 40 10 34 45 26 39 27 41 34 39 25 67 38 69 44 65 21 12 23 16 19 34 67 39 62 37 19 33 42 65 38 
31 56 33 51 25 42 26 45 29 36 91 46 8 32 7 29 6 43 58 35 51 36 55 39 26 39 27 41 34 39 20 48 19 49 25 18 36 26 33 19 41 22 27 35 29 
17 55 62 33 56 39 58 48 56 22 46 53 44 13 46 19 41 67 43 60 48 63 56 61 45 83 58 86 65 82 39 27 41 34 39 52 81 59 77 54 41 52 61 80 59 
32 62 42 54 33 47 34 51 37 38 8 44 78 31 2 29 4 51 63 43 57 44 61 47 33 45 35 48 43 46 26 51 26 53 31 27 41 34 39 28 46 30 36 42 38 
6 50 51 32 43 33 46 41 44 16 32 13 31 54 33 8 28 57 42 49 43 51 50 51 34 70 45 72 53 69 27 26 29 32 28 39 68 46 64 41 34 39 49 66 47 
34 62 41 55 32 48 33 52 36 40 7 46 2 33 83 31 5 50 64 42 57 43 62 46 33 43 34 45 42 44 26 52 26 54 31 26 39 33 37 27 47 30 34 39 37 
2 42 43 27 36 26 39 33 37 10 29 19 29 8 31 69 26 49 37 41 36 43 43 43 26 64 38 66 45 63 19 22 22 26 20 32 63 39 58 35 27 32 41 61 39 
28 58 38 50 30 43 31 47 33 34 6 41 4 28 5 26 79 48 58 39 52 40 57 43 29 45 32 47 40 45 22 46 22 48 26 23 42 31 39 25 42 27 33 41 34 
51 31 10 46 18 33 17 27 14 45 43 67 51 57 50 49 48 73 46 8 32 7 29 6 22 38 16 40 10 34 30 49 29 43 28 24 43 17 38 24 30 21 17 39 13 
36 17 48 10 48 17 50 19 44 26 58 43 63 42 64 37 58 46 45 44 13 46 19 41 36 79 48 81 51 76 38 16 40 10 34 49 82 50 76 51 19 45 52 78 47 
44 32 4 42 10 28 10 24 6 39 35 60 43 49 42 41 39 8 44 77 31 2 29 4 14 36 8 38 7 33 22 44 20 39 21 16 40 10 34 16 25 12 11 36 6 
37 6 35 17 36 10 38 6 32 27 51 48 57 43 57 36 52 32 13 31 33 33 8 28 26 67 36 69 38 64 31 22 31 14 26 38 70 38 64 40 10 34 40 66 35 
46 34 3 44 10 31 10 27 7 41 36 63 44 51 43 43 40 7 46 2 33 80 31 5 17 34 9 36 5 31 24 47 22 42 23 17 38 10 33 16 28 14 10 34 6 
44 2 34 24 37 17 38 10 32 34 55 56 61 50 62 43 57 29 19 29 8 31 21 26 29 66 36 68 36 62 35 30 35 22 30 40 70 38 64 41 16 36 40 66 34 
45 28 8 40 14 27 14 22 10 39 39 61 47 51 46 43 43 6 41 4 28 5 26 69 16 40 13 42 10 36 25 43 23 38 22 20 44 15 38 20 24 16 15 40 10 
29 30 17 31 12 19 14 20 10 25 26 45 33 34 33 26 29 22 36 14 26 17 29 16 92 44 13 46 19 41 8 32 7 29 6 12 45 15 40 14 17 9 17 42 13 
67 68 32 76 31 63 29 61 35 67 39 83 45 70 43 64 45 38 79 36 67 34 66 40 44 17 31 2 29 4 46 76 43 73 48 32 7 29 6 30 60 35 27 4 32 
41 38 6 45 2 31 1 30 4 38 27 58 35 45 34 38 32 16 48 8 36 9 36 13 13 31 65 33 8 28 18 46 16 42 19 8 33 2 28 7 29 6 4 30 2 
69 70 34 78 34 65 31 63 37 69 41 86 48 72 45 66 47 40 81 38 69 36 68 42 46 2 33 14 31 5 48 79 46 75 50 35 8 31 8 32 62 37 29 6 34 
48 39 2 49 10 35 8 31 8 44 34 65 43 53 42 45 40 10 51 7 38 5 36 10 19 29 8 31 58 26 26 51 24 46 25 16 34 8 28 15 32 14 7 29 6 
65 65 28 73 29 60 26 57 31 65 39 82 46 69 44 63 45 34 76 33 64 31 62 36 41 4 28 5 26 12 44 74 42 70 46 30 11 26 8 28 57 32 24 7 29 
22 36 23 32 17 22 19 25 17 21 20 39 26 27 26 19 22 30 38 22 31 24 35 25 8 46 18 48 26 44 88 31 2 29 4 13 46 19 41 16 20 12 22 43 20 
21 28 48 6 45 17 47 24 43 12 48 27 51 26 52 22 46 49 16 44 22 47 30 43 32 76 46 79 51 74 31 27 33 8 28 44 77 48 72 46 19 41 50 74 46 
24 36 21 34 14 23 17 26 15 23 19 41 26 29 26 22 22 29 40 20 31 22 35 23 7 43 16 46 24 42 2 33 92 31 5 11 44 17 39 13 21 10 19 41 17 
26 20 43 2 41 10 43 17 38 16 49 34 53 32 54 26 48 43 10 39 14 42 22 38 29 73 42 75 46 70 29 8 31 39 26 41 74 44 69 43 13 38 46 71 41 
22 31 23 28 17 17 20 20 17 19 25 39 31 28 31 20 26 28 34 21 26 23 30 22 6 48 19 50 25 46 4 28 5 26 83 15 49 20 44 18 16 13 23 46 19 
35 42 15 44 6 32 8 32 10 34 18 52 27 39 26 32 23 24 49 16 38 17 40 20 12 32 8 35 16 30 13 44 11 41 15 62 33 8 28 2 29 4 10 30 11 
65 72 35 77 34 65 32 63 37 67 36 81 41 68 39 63 42 43 82 40 70 38 70 44 45 7 33 8 34 11 46 77 44 74 49 33 5 31 5 31 62 36 29 4 35 
42 40 7 46 2 33 0 32 6 39 26 59 34 46 33 39 31 17 50 10 38 10 38 15 15 29 2 31 8 26 19 48 17 44 20 8 31 59 26 6 31 7 2 28 4 
61 66 30 72 28 59 26 58 32 62 33 77 39 64 37 58 39 38 76 34 64 33 64 38 40 6 28 8 28 8 41 72 39 69 44 28 5 26 9 25 57 31 24 2 29 
37 43 13 46 5 34 6 33 10 37 19 54 28 41 27 35 25 24 51 16 40 16 41 20 14 30 7 32 15 28 16 46 13 43 18 2 31 6 25 66 31 5 8 28 10 
28 16 29 16 28 2 30 6 25 19 41 41 46 34 47 27 42 30 19 25 10 28 16 24 17 60 29 62 32 57 20 19 21 13 16 29 62 31 57 31 16 26 33 59 28 
35 37 12 41 4 28 6 28 6 33 22 52 30 39 30 32 27 21 45 12 34 14 36 16 9 35 6 37 14 32 12 41 10 38 13 4 36 7 31 5 26 56 9 33 8 
44 42 7 49 5 36 2 34 8 42 27 61 36 49 34 41 33 17 52 11 40 10 40 15 17 27 4 29 7 24 22 50 19 46 23 10 29 2 24 8 33 9 63 26 5 
64 68 31 74 30 61 28 60 34 65 35 80 42 66 39 61 41 39 78 36 66 34 66 40 42 4 30 6 29 7 43 74 41 71 46 30 4 28 2 28 59 33 26 11 31 
42 36 4 44 4 31 4 28 2 38 29 59 38 47 37 39 34 13 47 6 35 6 34 10 13 32 2 34 6 29 20 46 17 41 19 11 35 4 29 10 28 8 5 31 52 
