21 7
98 2 10 15 15 19 9 3 10 13 10 16 12 0 1 8 12 12 20 11 4 
2 50 11 1 16 0 12 5 6 17 18 10 5 3 13 15 5 19 6 9 19 
10 11 90 12 18 19 10 14 2 8 20 5 11 9 5 16 14 20 2 5 9 
15 1 12 57 19 14 10 3 4 15 6 7 20 13 10 6 18 9 17 20 8 
15 16 18 19 2 8 0 7 18 0 9 3 16 2 3 9 19 13 2 20 14 
19 0 19 14 8 11 15 8 14 13 18 11 12 10 0 13 19 0 14 17 12 
9 12 10 10 0 15 35 3 4 9 10 19 15 20 1 7 9 3 8 8 1 
3 5 14 3 7 8 3 17 6 5 16 4 20 2 9 11 11 0 14 11 3 
10 6 2 4 18 14 4 6 24 14 11 7 6 1 6 4 13 13 0 17 13 
13 17 8 15 0 13 9 5 14 91 14 7 9 3 16 17 10 7 11 15 18 
10 18 20 6 9 18 10 16 11 14 50 12 9 16 3 7 13 12 13 4 15 
16 10 5 7 3 11 19 4 7 7 12 51 17 12 1 17 15 15 7 2 11 
12 5 11 20 16 12 15 20 6 9 9 17 15 1 15 11 13 19 4 10 17 
0 3 9 13 2 10 20 2 1 3 16 12 1 7 16 5 5 8 18 17 1 
1 13 5 10 3 0 1 9 6 16 3 1 15 16 50 8 13 12 13 0 1 
8 15 16 6 9 13 7 11 4 17 7 17 11 5 8 18 14 15 5 14 9 
12 5 14 18 19 19 9 11 13 10 13 15 13 5 13 14 78 14 15 3 2 
12 19 20 9 13 0 3 0 13 7 12 15 19 8 12 15 14 34 15 0 16 
20 6 2 17 2 14 8 14 0 11 13 7 4 18 13 5 15 15 42 2 9 
11 9 5 20 20 17 8 11 17 15 4 2 10 17 0 14 3 0 2 63 20 
4 19 9 8 14 12 1 3 13 18 15 11 17 1 1 9 2 16 9 20 34 
