15 6
39 35 42 18 27 16 29 13 11 57 33 41 47 42 20 
35 32 21 22 17 19 30 41 32 29 13 11 34 12 15 
42 21 59 24 36 27 19 41 45 16 10 32 13 11 27 
18 22 24 26 24 7 14 19 23 39 16 32 29 26 11 
27 17 36 24 23 17 37 38 19 46 26 16 48 29 13 
16 19 27 7 17 71 21 22 17 42 18 27 35 26 5 
29 30 19 14 37 21 84 24 36 35 18 41 18 27 24 
13 41 41 19 38 22 24 36 24 57 35 50 42 45 27 
11 32 45 23 19 17 36 24 55 59 35 35 52 42 18 
57 29 16 39 46 42 35 57 59 43 24 36 22 17 40 
33 13 10 16 26 18 18 35 35 24 45 24 21 10 17 
41 11 32 32 16 27 41 50 35 36 24 34 45 21 22 
47 34 13 29 48 35 18 42 52 22 21 45 48 24 36 
42 12 11 26 29 26 27 45 42 17 10 21 24 73 24 
20 15 27 11 13 5 24 27 18 40 17 22 36 24 49 
