55 11
76 4 29 32 37 25 22 27 20 21 37 29 32 28 14 23 27 22 26 25 27 23 12 20 30 23 22 48 49 28 35 2 13 36 52 31 38 5 16 39 34 39 10 18 40 18 15 5 19 7 4 26 29 7 6 
4 74 33 35 40 25 24 23 17 23 38 34 36 33 18 27 25 22 29 29 32 28 14 23 27 22 26 53 54 33 40 7 18 41 57 36 43 10 21 44 38 44 13 22 44 23 10 2 23 3 8 31 24 4 10 
29 33 59 2 8 18 10 42 32 9 62 38 38 30 37 40 57 51 42 37 37 28 38 40 60 53 42 32 28 14 23 27 22 26 30 16 25 25 21 27 10 19 20 13 21 15 40 31 17 36 28 23 56 36 30 
32 35 2 64 8 21 12 45 35 12 64 38 38 30 38 41 59 53 43 37 37 29 40 41 62 55 43 29 25 13 22 29 23 24 28 14 23 27 22 26 7 17 22 15 19 16 42 33 18 38 30 22 58 39 31 
37 40 8 8 56 21 16 46 36 16 71 46 46 38 46 49 65 59 51 46 45 37 47 49 68 61 51 35 29 22 29 36 31 32 32 22 30 34 30 33 14 23 27 22 26 24 46 38 26 43 37 31 62 44 38 
25 25 18 21 21 29 9 25 16 11 62 47 48 41 38 44 50 47 47 44 45 37 37 43 52 48 45 49 46 29 39 24 27 41 49 32 41 24 28 43 28 37 16 21 39 23 27 22 26 28 26 35 43 30 28 
22 24 10 12 16 9 47 32 22 2 58 38 39 32 33 38 50 45 40 36 37 29 33 37 52 46 39 40 37 20 29 21 19 31 40 22 32 19 20 34 19 28 12 12 29 14 30 22 17 27 22 26 46 28 24 
27 23 42 45 46 25 32 55 10 33 58 57 59 54 41 50 38 41 53 52 55 50 37 46 37 38 49 71 69 49 58 29 39 60 72 52 61 32 41 63 51 59 28 38 61 40 14 21 42 23 31 51 22 26 33 
20 17 32 35 36 16 22 10 45 23 55 48 50 45 34 43 38 38 46 44 46 40 31 40 39 37 42 60 58 39 48 21 29 50 61 42 51 23 32 52 40 49 18 28 50 30 13 14 32 18 23 41 27 21 26 
21 23 9 12 16 11 2 33 23 52 56 36 37 29 31 35 48 43 38 34 34 26 31 35 51 45 37 38 36 17 27 19 17 29 38 20 29 18 17 32 17 26 10 9 28 12 30 21 14 26 20 23 46 27 22 
37 38 62 64 71 62 58 58 55 56 9 33 35 40 25 24 23 17 23 29 32 37 25 22 27 20 21 65 70 53 54 37 40 53 72 55 56 38 41 55 62 62 46 49 61 47 43 41 46 36 36 45 43 34 33 
29 34 38 38 46 47 38 57 48 36 33 59 2 8 18 10 42 32 9 4 2 9 23 14 47 36 14 32 37 25 22 27 20 21 40 25 24 25 18 23 33 31 32 26 29 24 44 35 21 35 25 15 54 33 23 
32 36 38 38 46 48 39 59 50 37 35 2 64 8 21 12 45 35 12 7 4 10 26 17 50 39 17 29 36 24 21 29 21 19 37 25 22 27 20 21 33 29 33 27 28 25 47 37 22 37 28 15 57 35 25 
28 33 30 30 38 41 32 54 45 29 40 8 8 75 21 16 46 36 16 10 8 4 25 19 51 41 20 25 29 16 14 25 15 13 32 16 16 22 13 15 25 22 27 20 21 17 43 33 15 34 24 7 56 33 22 
14 18 37 38 46 38 33 41 34 31 25 18 21 21 50 9 25 16 11 13 16 16 4 5 30 20 8 45 49 29 33 13 14 33 51 32 35 13 16 35 37 40 22 23 39 22 27 20 21 17 11 23 36 15 9 
23 27 40 41 49 44 38 50 43 35 24 10 12 16 9 45 32 22 2 5 8 13 14 4 37 26 4 41 45 29 29 22 18 29 48 31 32 20 18 31 38 37 28 27 36 25 37 29 22 27 20 21 45 25 17 
27 25 57 59 65 50 50 38 38 48 23 42 45 46 25 32 55 10 33 38 40 42 21 27 4 5 28 71 74 54 58 29 38 58 77 56 61 32 40 61 61 64 37 45 64 45 25 28 44 22 29 49 20 21 28 
22 22 51 53 59 47 45 41 38 43 17 32 35 36 16 22 10 40 23 27 30 32 12 17 15 4 18 61 65 45 49 23 29 49 67 48 51 25 32 51 53 56 32 37 55 37 26 25 36 20 22 39 27 17 21 
26 29 42 43 51 47 40 53 46 38 23 9 12 16 11 2 33 23 42 6 8 14 16 6 38 27 4 41 46 31 30 24 20 29 49 32 33 23 21 32 40 39 31 29 37 27 39 31 25 29 22 22 47 27 20 
25 29 37 37 46 44 36 52 44 34 29 4 7 10 13 5 38 27 6 66 2 8 18 10 42 32 9 35 40 25 24 23 17 23 42 26 26 21 16 26 34 33 28 24 31 22 40 31 20 30 21 16 50 28 19 
27 32 37 37 45 45 37 55 46 34 32 2 4 8 16 8 40 30 8 2 71 8 21 12 45 35 12 33 38 24 22 25 18 21 40 25 24 23 17 23 33 31 30 25 29 22 42 33 20 32 23 15 52 30 21 
23 28 28 29 37 37 29 50 40 26 37 9 10 4 16 13 42 32 14 8 8 81 21 16 46 36 16 29 33 16 17 20 11 16 35 17 19 18 9 19 25 24 23 17 23 14 38 28 12 29 19 7 51 28 17 
12 14 38 40 47 37 33 37 31 31 25 23 26 25 4 14 21 12 16 18 21 21 50 9 25 16 11 49 52 33 37 12 17 37 55 35 40 13 19 40 40 43 21 25 43 24 23 17 23 14 10 27 31 11 9 
20 23 40 41 49 43 37 46 40 35 22 14 17 19 5 4 27 17 6 10 12 16 9 49 32 22 2 44 49 31 33 19 18 32 51 33 35 18 19 35 39 40 26 26 39 25 32 25 23 23 17 23 40 20 14 
30 27 60 62 68 52 52 37 39 51 27 47 50 51 30 37 4 15 38 42 45 46 25 32 46 10 33 75 78 57 62 33 41 63 81 60 65 35 44 65 64 68 40 48 68 48 25 30 48 24 32 53 17 23 32 
23 22 53 55 61 48 46 38 37 45 20 36 39 41 20 26 5 4 27 32 35 36 16 22 10 34 23 65 68 49 53 25 33 53 71 51 55 27 35 56 56 59 34 40 59 40 24 25 39 19 24 43 23 18 23 
22 26 42 43 51 45 39 49 42 37 21 14 17 20 8 4 28 18 4 9 12 16 11 2 33 23 47 45 49 32 33 21 20 33 52 34 36 21 21 35 41 41 29 29 40 27 35 28 25 25 19 24 42 23 17 
48 53 32 29 35 49 40 71 60 38 65 32 29 25 45 41 71 61 41 35 33 29 49 44 75 65 45 5 8 21 12 45 35 12 8 18 10 42 32 9 22 12 43 32 10 30 63 52 29 55 45 22 77 55 44 
49 54 28 25 29 46 37 69 58 36 70 37 36 29 49 45 74 65 46 40 38 33 52 49 78 68 49 8 17 21 16 46 36 16 2 18 13 43 33 14 18 10 42 32 9 31 63 53 30 56 46 25 78 56 46 
28 33 14 13 22 29 20 49 39 17 53 25 24 16 29 29 54 45 31 25 24 16 33 31 57 49 32 21 21 36 9 25 16 11 23 2 12 22 13 14 8 11 22 11 11 10 42 32 9 35 25 9 57 35 25 
35 40 23 22 29 39 29 58 48 27 54 22 21 14 33 29 58 49 30 24 22 17 37 33 62 53 33 12 16 9 20 32 22 2 18 7 2 29 19 4 14 8 30 20 7 18 50 40 17 42 32 9 64 42 31 
2 7 27 29 36 24 21 29 21 19 37 27 29 25 13 22 29 23 24 23 25 20 12 19 33 25 21 45 46 25 32 85 10 33 49 28 35 2 13 36 31 36 8 15 37 15 18 8 16 10 2 23 32 9 4 
13 18 22 23 31 27 19 39 29 17 40 20 21 15 14 18 38 29 20 17 18 11 17 18 41 33 20 35 36 16 22 10 64 23 39 18 25 7 2 25 23 26 12 8 27 7 29 18 6 20 10 13 42 19 9 
36 41 26 24 32 41 31 60 50 29 53 21 19 13 33 29 58 49 29 23 21 16 37 32 63 53 33 12 16 11 2 33 23 19 19 10 3 30 20 2 17 10 32 22 8 20 51 41 18 43 33 10 65 42 32 
52 57 30 28 32 49 40 72 61 38 72 40 37 32 51 48 77 67 49 42 40 35 55 51 81 71 52 8 2 23 18 49 39 19 16 21 16 46 36 16 21 12 45 35 12 34 66 56 33 59 49 28 81 59 49 
31 36 16 14 22 32 22 52 42 20 55 25 25 16 32 31 56 48 32 26 25 17 35 33 60 51 34 18 18 2 7 28 18 10 21 42 9 25 16 11 8 8 25 14 8 12 45 35 12 38 28 10 60 38 28 
38 43 25 23 30 41 32 61 51 29 56 24 22 16 35 32 61 51 33 26 24 19 40 35 65 55 36 10 13 12 2 35 25 3 16 9 25 32 22 2 16 8 33 23 6 21 53 42 19 45 35 12 67 44 34 
5 10 25 27 34 24 19 32 23 18 38 25 27 22 13 20 32 25 23 21 23 18 13 18 35 27 21 42 43 22 29 2 7 30 46 25 32 91 10 33 29 34 8 13 34 13 21 10 13 12 3 20 35 12 4 
16 21 21 22 30 28 20 41 32 17 41 18 20 13 16 18 40 32 21 16 17 9 19 19 44 35 21 32 33 13 19 13 2 20 36 16 22 10 70 23 21 24 14 8 24 6 31 21 4 23 12 10 45 22 12 
39 44 27 26 33 43 34 63 52 32 55 23 21 15 35 31 61 51 32 26 23 19 40 35 65 56 35 9 14 14 4 36 25 2 16 11 2 33 23 25 18 10 35 24 8 22 54 44 21 46 35 12 68 45 35 
34 38 10 7 14 28 19 51 40 17 62 33 33 25 37 38 61 53 40 34 33 25 40 39 64 56 41 22 18 8 14 31 23 17 21 8 16 29 21 18 42 9 25 16 11 16 46 36 16 41 32 18 62 41 32 
39 44 19 17 23 37 28 59 49 26 62 31 29 22 40 37 64 56 39 33 31 24 43 40 68 59 41 12 10 11 8 36 26 10 12 8 8 34 24 10 9 32 32 22 2 21 53 43 20 46 36 16 68 46 36 
10 13 20 22 27 16 12 28 18 10 46 32 33 27 22 28 37 32 31 28 30 23 21 26 40 34 29 43 42 22 30 8 12 32 45 25 33 8 14 35 25 32 93 10 33 12 21 11 14 16 10 23 36 16 12 
18 22 13 15 22 21 12 38 28 9 49 26 27 20 23 27 45 37 29 24 25 17 25 26 48 40 29 32 32 11 20 15 8 22 35 14 23 13 8 24 16 22 10 73 23 2 31 21 5 25 16 14 46 25 16 
40 44 21 19 26 39 29 61 50 28 61 29 28 21 39 36 64 55 37 31 29 23 43 39 68 59 40 10 9 11 7 37 27 8 12 8 6 34 24 8 11 2 33 23 33 21 54 43 21 47 37 16 69 46 36 
18 23 15 16 24 23 14 40 30 12 47 24 25 17 22 25 45 37 27 22 22 14 24 25 48 40 27 30 31 10 18 15 7 20 34 12 21 13 6 22 16 21 12 2 21 19 32 22 2 25 16 11 47 25 16 
15 10 40 42 46 27 30 14 13 30 43 44 47 43 27 37 25 26 39 40 42 38 23 32 25 24 35 63 63 42 50 18 29 51 66 45 53 21 31 54 46 53 21 31 54 32 51 10 33 9 19 42 16 11 21 
5 2 31 33 38 22 22 21 14 21 41 35 37 33 20 29 28 25 31 31 33 28 17 25 30 25 28 52 53 32 40 8 18 41 56 35 42 10 21 44 36 43 11 21 43 22 10 32 23 5 9 31 25 7 11 
19 23 17 18 26 26 17 42 32 14 46 21 22 15 21 22 44 36 25 20 20 12 23 23 48 39 25 29 30 9 17 16 6 18 33 12 19 13 4 21 16 20 14 5 21 2 33 23 23 26 16 9 48 25 16 
7 3 36 38 43 28 27 23 18 26 36 35 37 34 17 27 22 20 29 30 32 29 14 23 24 19 25 55 56 35 42 10 20 43 59 38 45 12 23 46 41 46 16 25 47 25 9 5 26 65 10 33 22 2 12 
4 8 28 30 37 26 22 31 23 20 36 25 28 24 11 20 29 22 22 21 23 19 10 17 32 24 19 45 46 25 32 2 10 33 49 28 35 3 12 35 32 36 10 16 37 16 19 9 16 10 44 23 32 9 2 
26 31 23 22 31 35 26 51 41 23 45 15 15 7 23 21 49 39 22 16 15 7 27 23 53 43 24 22 25 9 9 23 13 10 28 10 12 20 10 12 18 16 23 14 16 11 42 31 9 33 23 5 55 32 22 
29 24 56 58 62 43 46 22 27 46 43 54 57 56 36 45 20 27 47 50 52 51 31 40 17 23 42 77 78 57 64 32 42 65 81 60 67 35 45 68 62 68 36 46 69 47 16 25 48 22 32 55 21 23 33 
7 4 36 39 44 30 28 26 21 27 34 33 35 33 15 25 21 17 27 28 30 28 11 20 23 18 23 55 56 35 42 9 19 42 59 38 44 12 22 45 41 46 16 25 46 25 11 7 25 2 9 32 23 67 10 
6 10 30 31 38 28 24 33 26 22 33 23 25 22 9 17 28 21 20 19 21 17 9 14 32 23 17 44 46 25 31 4 9 32 49 28 34 4 12 35 32 36 12 16 36 16 21 11 16 12 2 22 33 10 46 
