36 9
48 9 27 23 35 26 38 18 26 37 32 28 16 24 6 44 39 19 8 15 11 55 4 12 6 28 5 7 8 23 47 59 31 48 21 33 
9 53 18 14 43 33 45 20 24 30 25 37 25 33 10 37 32 28 16 24 6 47 11 4 8 19 14 2 13 14 56 67 40 56 29 41 
27 18 74 5 59 48 59 32 29 24 21 55 43 51 27 26 22 46 34 42 18 32 28 16 24 6 32 20 29 4 74 84 57 72 45 56 
23 14 5 64 55 43 54 27 30 27 24 51 39 47 24 30 26 42 30 37 16 37 25 13 19 10 28 16 24 6 69 79 52 67 40 51 
35 43 59 55 57 12 10 29 59 72 67 24 27 15 39 80 75 26 33 20 47 90 37 47 35 62 32 42 30 57 16 24 6 12 14 6 
26 33 48 43 12 33 12 16 51 63 58 26 24 15 31 70 65 24 26 14 37 79 28 37 24 51 24 32 19 46 28 36 13 24 6 8 
38 45 59 54 10 12 49 27 64 75 70 33 35 24 44 82 77 34 38 26 50 91 41 49 37 63 36 44 32 58 24 28 16 16 18 6 
18 20 32 27 29 16 27 12 43 50 46 35 27 26 24 56 52 29 23 19 26 64 22 25 13 37 20 21 9 32 45 53 28 41 16 24 
26 24 29 30 59 51 64 43 18 18 14 43 33 45 20 27 23 35 26 38 18 41 23 20 30 25 27 23 34 25 68 80 54 71 46 59 
37 30 24 27 72 63 75 50 18 54 5 59 48 59 32 9 5 51 40 52 25 23 35 26 38 18 40 30 43 21 83 95 68 85 58 70 
32 25 21 24 67 58 70 46 14 5 46 55 43 54 27 13 9 46 35 47 20 27 30 21 34 15 35 26 38 18 78 90 63 80 53 65 
28 37 55 51 24 26 33 35 43 59 55 71 12 10 29 68 64 9 21 16 38 81 27 39 33 56 23 35 30 52 26 38 18 32 21 27 
16 25 43 39 27 24 35 27 33 48 43 12 52 12 16 57 52 3 9 9 25 69 14 27 21 43 11 23 19 39 35 47 22 38 18 29 
24 33 51 47 15 15 24 26 45 59 54 10 12 77 27 68 63 11 19 9 35 79 24 36 27 53 19 31 23 48 23 35 9 26 11 18 
6 10 27 24 39 31 44 24 20 32 27 29 16 27 36 41 36 19 7 19 9 52 2 10 11 27 7 7 14 23 50 62 35 52 26 38 
44 37 26 30 80 70 82 56 27 9 13 68 57 68 41 36 5 59 48 59 32 14 43 33 45 20 48 38 50 25 91 103 76 92 65 78 
39 32 22 26 75 65 77 52 23 5 9 64 52 63 36 5 28 55 43 54 27 18 38 28 40 16 43 33 45 20 86 98 71 87 60 73 
19 28 46 42 26 24 34 29 35 51 46 9 3 11 19 59 55 87 12 10 29 72 18 30 24 47 14 26 22 42 33 45 20 36 18 28 
8 16 34 30 33 26 38 23 26 40 35 21 9 19 7 48 43 12 66 12 16 60 5 18 14 34 3 14 14 30 43 55 28 45 20 33 
15 24 42 37 20 14 26 19 38 52 47 16 9 9 19 59 54 10 12 90 27 71 16 27 18 44 11 22 14 39 32 43 16 33 8 20 
11 6 18 16 47 37 50 26 18 25 20 38 25 35 9 32 27 29 16 27 41 43 11 2 13 18 16 5 18 14 59 70 43 59 33 45 
55 47 32 37 90 79 91 64 41 23 27 81 69 79 52 14 18 72 60 71 43 10 55 43 54 27 59 48 59 32 103 114 87 103 76 87 
4 11 28 25 37 28 41 22 23 35 30 27 14 24 2 43 38 18 5 16 11 55 119 12 10 29 5 8 12 24 48 59 32 49 23 36 
12 4 16 13 47 37 49 25 20 26 21 39 27 36 10 33 28 30 18 27 2 43 12 96 12 16 16 5 17 12 59 71 43 59 32 45 
6 8 24 19 35 24 37 13 30 38 34 33 21 27 11 45 40 24 14 18 13 54 10 12 119 27 11 8 5 22 49 59 33 48 21 32 
28 19 6 10 62 51 63 37 25 18 15 56 43 53 27 20 16 47 34 44 18 27 29 16 27 65 33 21 32 5 76 87 59 75 48 59 
5 14 32 28 32 24 36 20 27 40 35 23 11 19 7 48 43 14 3 11 16 59 5 16 11 33 110 12 10 29 43 54 27 44 18 31 
7 2 20 16 42 32 44 21 23 30 26 35 23 31 7 38 33 26 14 22 5 48 8 5 8 21 12 87 12 16 55 66 38 54 27 40 
8 13 29 24 30 19 32 9 34 43 38 30 19 23 14 50 45 22 14 14 18 59 12 17 5 32 10 12 109 27 45 55 28 43 16 27 
23 14 4 6 57 46 58 32 25 21 18 52 39 48 23 25 20 42 30 39 14 32 24 12 22 5 29 16 27 55 71 82 55 70 43 54 
47 56 74 69 16 28 24 45 68 83 78 26 35 23 50 91 86 33 43 32 59 103 48 59 49 76 43 55 45 71 24 12 16 10 29 22 
59 67 84 79 24 36 28 53 80 95 90 38 47 35 62 103 98 45 55 43 70 114 59 71 59 87 54 66 55 82 12 21 27 12 38 29 
31 40 57 52 6 13 16 28 54 68 63 18 22 9 35 76 71 20 28 16 43 87 32 43 33 59 27 38 28 55 16 27 58 16 12 10 
48 56 72 67 12 24 16 41 71 85 80 32 38 26 52 92 87 36 45 33 59 103 49 59 48 75 44 54 43 70 10 12 16 25 27 16 
21 29 45 40 14 6 18 16 46 58 53 21 18 11 26 65 60 18 20 8 33 76 23 32 21 48 18 27 16 43 29 38 12 27 33 12 
33 41 56 51 6 8 6 24 59 70 65 27 29 18 38 78 73 28 33 20 45 87 36 45 32 59 31 40 27 54 22 29 10 16 12 54 
