15 6
49 18 5 9 11 8 9 13 20 19 8 16 15 10 1 
18 97 6 14 10 18 1 2 12 9 14 5 16 14 8 
5 6 4 17 19 17 10 12 20 18 20 9 17 1 17 
9 14 17 51 20 2 15 1 9 11 11 1 8 8 16 
11 10 19 20 51 18 6 15 12 19 7 9 11 4 0 
8 18 17 2 18 62 12 8 4 5 11 4 15 13 20 
9 1 10 15 6 12 98 9 2 7 1 8 14 14 0 
13 2 12 1 15 8 9 97 20 13 14 13 0 8 4 
20 12 20 9 12 4 2 20 87 17 16 5 3 10 6 
19 9 18 11 19 5 7 13 17 1 10 12 19 11 14 
8 14 20 11 7 11 1 14 16 10 51 18 3 0 14 
16 5 9 1 9 4 8 13 5 12 18 52 14 17 8 
15 16 17 8 11 15 14 0 3 19 3 14 32 4 18 
10 14 1 8 4 13 14 8 10 11 0 17 4 89 16 
1 8 17 16 0 20 0 4 6 14 14 8 18 16 71 
