105 15
100 18 26 46 32 18 32 45 20 20 18 44 12 29 32 26 24 21 41 31 9 33 52 40 26 41 34 8 27 6 23 24 16 15 39 22 28 25 18 21 19 26 11 19 18 25 25 20 14 27 25 8 44 46 15 43 8 53 30 12 25 11 25 19 19 25 23 9 29 14 8 31 37 38 9 29 37 33 12 45 13 44 31 3 12 28 9 44 16 20 31 30 15 21 30 36 44 47 26 8 28 37 31 10 21 
18 65 14 29 19 19 17 27 13 22 19 28 8 24 50 44 32 39 59 45 23 51 67 58 35 58 52 26 24 21 41 31 9 33 52 40 26 41 34 9 25 40 18 5 32 41 40 11 32 38 8 16 37 30 12 45 15 42 30 5 38 12 10 29 35 37 9 27 37 31 16 47 54 55 18 47 51 22 25 53 30 38 39 21 7 31 15 30 17 16 48 46 14 39 43 53 48 60 44 17 46 50 33 7 39 
26 14 52 34 6 15 27 24 7 37 14 33 22 12 59 50 46 44 64 57 35 57 79 63 48 67 55 32 38 27 46 45 24 40 65 45 40 52 37 24 21 41 31 9 33 52 40 26 41 34 20 28 50 38 26 60 27 53 45 17 37 25 5 28 46 36 22 35 31 41 20 48 64 56 31 54 49 35 37 68 40 52 53 29 14 46 19 39 31 10 58 47 29 48 41 63 62 73 52 30 53 49 48 19 44 
46 29 34 48 33 46 15 15 38 38 46 2 34 46 75 72 50 68 88 66 49 79 89 87 53 82 81 54 32 50 70 48 31 61 71 69 35 64 64 26 53 70 41 31 61 64 69 28 60 66 21 41 31 9 33 52 40 26 41 34 67 37 29 58 59 66 23 55 64 57 45 76 79 84 43 75 80 21 49 66 56 34 56 49 37 45 45 11 37 42 71 75 35 67 72 78 55 79 70 42 74 80 43 36 68 
32 19 6 33 43 20 30 21 12 42 19 34 27 13 65 56 51 50 70 63 41 63 85 69 54 73 60 38 43 32 52 51 29 45 70 51 45 58 42 28 26 46 37 14 38 58 45 30 47 38 24 34 53 39 32 65 33 55 50 22 41 31 9 33 52 40 26 41 34 47 25 53 70 60 37 60 54 38 43 73 46 55 59 35 20 51 24 40 37 15 64 52 34 53 45 69 67 79 58 36 59 53 53 25 49 
18 19 15 46 20 83 36 39 8 35 1 46 22 11 47 36 41 30 50 49 27 43 68 49 44 56 40 21 40 15 32 42 25 27 57 31 41 42 22 28 6 26 27 15 17 42 25 29 29 19 28 24 55 49 27 59 23 62 45 16 21 23 18 13 37 20 28 23 17 31 9 33 52 40 26 41 34 41 30 63 30 56 49 20 12 44 8 49 30 5 48 32 28 35 25 51 61 65 40 25 39 33 47 17 29 
32 17 27 15 30 36 63 22 29 23 36 13 19 39 60 57 34 53 72 50 33 64 73 71 37 66 66 40 18 36 55 32 15 46 56 54 21 48 50 10 42 57 26 21 48 48 56 12 44 55 8 26 24 14 17 39 25 26 26 21 54 21 22 46 43 54 8 40 54 41 32 62 63 70 28 60 68 9 33 52 40 26 41 34 24 30 32 13 21 33 55 62 19 51 59 62 42 64 55 27 59 67 29 22 53 
45 27 24 15 21 39 22 18 30 44 38 17 34 35 77 71 55 66 86 70 50 78 93 85 58 84 78 52 40 47 68 54 32 60 77 67 43 67 60 29 45 65 44 26 56 67 64 31 59 59 23 42 44 24 35 62 41 41 49 32 61 38 21 52 61 60 25 54 55 58 41 72 81 79 45 74 74 31 51 74 57 46 62 48 33 52 40 26 41 34 74 71 38 66 65 80 65 85 71 44 73 73 52 34 65 
20 13 7 38 12 8 29 30 66 33 7 38 19 11 52 43 41 37 57 51 29 50 72 56 44 61 48 25 36 19 39 41 21 32 59 38 38 46 30 23 15 34 26 8 26 46 33 24 34 28 21 23 50 42 24 57 22 55 43 13 30 21 9 21 40 29 22 28 25 35 13 41 57 49 26 47 43 35 31 63 33 51 49 23 9 42 11 42 28 4 52 40 26 41 34 56 59 67 45 25 46 42 45 15 37 
20 22 37 38 42 35 23 44 33 104 36 36 14 44 38 39 11 37 53 27 15 45 50 53 14 44 50 26 8 26 38 9 13 30 32 37 7 26 38 15 39 45 9 27 38 26 45 12 26 48 21 12 25 34 10 24 12 36 9 20 45 12 32 39 21 45 18 25 50 22 27 49 41 56 11 40 57 18 13 31 21 24 18 21 24 9 27 32 5 35 33 48 7 32 50 40 26 41 34 11 40 57 11 18 38 
18 19 14 46 19 1 36 38 7 36 81 45 22 10 48 37 42 31 51 50 28 44 69 50 44 57 41 22 40 16 34 42 25 28 57 32 42 43 23 28 7 27 28 15 19 43 26 29 30 20 27 24 55 49 27 60 24 61 45 16 22 24 17 14 38 21 28 24 18 32 10 34 53 41 26 42 35 41 31 64 31 56 49 21 12 45 9 49 30 4 49 33 29 36 26 52 62 66 41 26 41 34 47 18 31 
44 28 33 2 34 46 13 17 38 36 45 52 32 45 73 70 47 66 86 63 47 77 86 85 50 80 79 53 30 49 68 45 29 59 68 67 32 61 62 24 52 69 39 30 60 61 68 26 58 65 19 39 28 7 31 49 38 24 38 33 66 35 29 57 56 65 21 53 63 55 44 75 77 83 41 73 79 19 46 63 54 31 53 47 35 42 43 9 35 42 69 74 33 65 71 76 52 76 68 40 72 79 41 34 66 
12 8 22 34 27 22 19 34 19 14 22 32 82 30 43 38 24 34 54 36 15 45 59 53 26 50 47 20 18 18 36 23 3 27 43 35 19 32 31 8 26 38 9 13 30 32 37 7 26 38 12 8 33 33 5 38 6 41 24 6 37 3 18 29 27 36 10 21 38 23 15 43 46 51 10 41 50 20 16 45 22 34 31 15 10 24 15 31 9 21 40 43 7 33 42 45 40 52 37 9 40 49 26 4 34 
29 24 12 46 13 11 39 35 11 44 10 45 30 69 59 47 52 41 61 60 38 54 80 59 54 67 50 32 47 26 44 51 32 38 68 43 49 54 32 33 15 35 37 18 28 54 34 35 41 26 31 33 61 50 35 68 33 65 54 24 29 32 17 22 48 28 32 35 21 43 20 42 64 49 36 52 41 46 41 74 42 62 59 31 20 53 19 51 39 9 60 41 37 47 33 62 70 76 52 35 51 40 56 26 41 
32 50 59 75 65 47 60 77 52 38 48 73 43 59 36 14 29 19 19 17 27 13 22 19 28 8 24 26 46 32 18 32 45 20 20 18 44 12 29 50 45 32 34 52 34 12 33 47 18 43 55 34 61 72 42 46 36 74 42 45 37 39 58 39 17 38 52 24 49 19 39 30 4 33 32 11 41 57 26 37 20 60 29 29 45 37 40 70 38 51 7 30 40 12 39 3 45 24 7 33 11 41 41 42 21 
26 44 50 72 56 36 57 71 43 39 37 70 38 47 14 53 34 6 15 27 24 7 37 14 33 22 12 18 47 23 3 36 41 11 33 4 46 20 15 46 32 18 32 45 20 20 18 44 12 29 51 31 64 70 40 53 32 76 46 38 23 35 50 26 20 24 49 17 34 17 30 15 18 20 29 4 26 56 26 48 18 63 37 23 37 41 31 69 37 40 20 16 38 7 25 18 54 39 9 30 3 27 45 36 7 
24 32 46 50 51 41 34 55 41 11 42 47 24 52 29 34 93 33 46 15 15 38 38 46 2 34 46 26 18 29 34 2 23 27 21 34 16 16 37 26 43 44 14 37 39 16 44 24 22 50 32 18 32 45 20 20 18 44 12 29 46 20 42 42 14 46 30 24 53 17 32 46 31 53 15 34 56 29 12 22 17 30 7 23 32 8 33 42 15 42 23 46 17 26 50 30 21 29 27 16 33 56 11 26 34 
21 39 44 68 50 30 53 66 37 37 31 66 34 41 19 6 33 65 20 30 21 12 42 19 34 27 13 13 45 18 2 35 37 7 36 1 45 22 9 42 26 13 29 40 14 22 14 41 10 23 46 27 62 67 36 54 28 73 45 34 18 32 45 20 20 18 44 12 29 16 24 13 24 19 26 10 23 53 24 50 16 62 37 18 32 41 25 65 34 35 24 13 35 9 20 23 54 43 13 27 9 23 44 32 1 
41 59 64 88 70 50 72 86 57 53 51 86 54 61 19 15 46 20 36 36 39 8 35 1 46 22 11 33 62 38 18 49 57 26 39 19 61 31 28 62 45 26 47 60 32 31 28 60 28 38 66 46 78 86 55 65 47 90 59 54 32 51 65 38 33 34 64 32 44 32 45 20 20 18 44 12 29 71 40 56 32 77 48 38 53 55 46 84 52 55 27 21 53 21 32 20 64 42 19 45 13 30 58 52 20 
31 45 57 66 63 49 50 70 51 27 50 63 36 60 17 27 15 30 36 64 22 29 23 36 13 19 39 29 34 34 29 18 37 26 7 29 31 7 37 41 49 43 26 49 41 7 43 38 22 52 47 29 46 61 34 29 30 60 28 41 47 32 55 45 12 47 44 26 56 18 40 42 17 47 26 25 53 45 20 20 18 44 12 29 43 23 41 58 29 51 9 43 31 20 50 17 28 15 18 27 25 53 26 38 31 
9 23 35 49 41 27 33 50 29 15 28 47 15 38 27 24 15 21 39 22 90 30 44 38 17 34 35 11 23 14 23 16 18 14 30 22 23 17 23 23 28 30 7 26 24 17 30 21 11 35 28 7 40 46 16 35 9 51 23 18 31 12 32 27 11 31 25 9 38 8 18 34 31 41 5 26 42 32 3 36 7 40 22 8 20 20 18 44 12 29 24 33 14 18 36 29 36 38 21 6 25 42 24 16 22 
33 51 57 79 63 43 64 78 50 45 44 77 45 54 13 7 38 12 8 29 30 41 33 7 38 19 11 25 53 30 10 40 48 18 33 11 52 23 22 53 39 22 38 52 26 23 23 51 19 34 58 38 69 77 46 57 39 81 51 45 28 42 57 32 24 29 56 24 40 23 37 18 16 20 36 4 28 62 32 49 24 68 40 30 45 46 38 75 43 48 20 18 44 12 29 15 57 38 11 37 5 29 50 43 13 
52 67 79 89 85 68 73 93 72 50 69 86 59 80 22 37 38 42 35 23 44 33 41 36 36 14 44 47 56 53 40 41 60 42 18 41 54 26 51 64 67 55 49 71 56 26 55 62 39 66 70 51 67 84 57 46 52 81 50 63 60 55 77 61 32 61 68 45 71 37 60 51 18 53 49 32 62 68 42 32 38 65 34 49 64 45 61 81 52 72 20 52 55 34 62 18 44 12 29 50 33 63 47 60 43 
40 58 63 87 69 49 71 85 56 53 50 85 53 59 19 14 46 19 1 36 38 7 36 37 45 22 10 32 61 37 17 48 56 25 39 18 60 30 27 61 44 25 46 59 31 30 26 59 27 37 65 45 77 85 54 64 46 89 59 53 31 50 64 37 32 32 63 31 43 31 44 19 20 18 44 12 28 70 39 56 32 76 47 37 52 54 45 83 51 53 26 20 52 20 31 20 64 42 19 44 12 29 58 51 19 
26 35 48 53 54 44 37 58 44 14 44 50 26 54 28 33 2 34 46 13 17 38 36 45 89 32 45 27 20 31 34 4 26 28 18 34 18 15 38 29 45 45 17 39 40 15 45 26 23 51 35 20 33 47 23 20 21 46 14 31 47 23 45 43 13 47 32 25 54 18 34 47 30 53 18 33 57 31 14 19 18 32 5 25 35 9 35 45 18 45 21 47 20 26 51 29 20 26 26 18 33 57 12 29 35 
41 58 67 82 73 56 66 84 61 44 57 80 50 67 8 22 34 27 22 19 34 19 14 22 32 25 30 35 52 41 26 36 52 29 19 27 50 18 37 56 53 40 41 60 42 18 41 54 26 51 62 42 65 78 49 47 43 78 46 53 45 46 66 48 23 46 59 32 57 26 48 36 3 39 39 18 47 62 33 36 27 63 32 38 53 41 49 76 45 59 11 37 47 20 47 4 46 20 15 40 18 48 44 50 29 
34 52 55 81 60 40 66 78 48 50 41 79 47 50 24 12 46 13 11 39 35 11 44 10 45 30 58 26 59 30 12 48 51 20 44 12 58 32 18 56 35 15 42 52 22 32 16 54 24 26 59 41 75 80 49 65 42 86 57 46 21 45 56 28 32 22 58 26 32 29 36 8 27 9 40 13 18 66 37 59 29 75 49 32 45 53 37 79 48 45 31 9 48 19 20 26 66 49 20 40 13 18 57 44 12 
8 26 32 54 38 21 40 52 25 26 22 53 20 32 26 18 26 13 33 29 11 25 47 32 27 35 26 29 34 6 15 27 24 7 37 14 33 22 12 29 19 19 17 27 13 22 19 28 8 24 33 15 51 53 23 46 15 61 35 20 20 18 32 16 17 20 31 2 27 11 12 23 31 31 14 21 31 40 14 46 10 50 32 5 19 32 14 52 22 24 27 23 22 15 24 30 47 44 20 15 20 31 35 18 13 
27 24 38 32 43 40 18 40 36 8 40 30 18 47 46 47 18 45 62 34 23 53 56 61 20 52 59 34 58 33 46 15 15 38 38 46 2 34 46 14 44 53 17 29 46 34 53 12 35 55 19 19 17 27 13 22 19 28 8 24 53 17 33 46 29 52 17 33 56 30 33 57 49 65 19 49 65 11 21 33 29 17 23 29 28 12 33 24 11 39 41 57 12 40 58 48 25 46 43 19 48 65 11 22 46 
6 21 27 50 32 15 36 47 19 26 16 49 18 26 32 23 29 18 38 34 14 30 53 37 31 41 30 6 33 39 20 30 21 12 42 19 34 27 13 26 14 20 17 21 12 27 19 25 14 21 29 14 50 50 21 48 14 59 36 16 19 17 27 13 22 19 28 8 24 16 6 25 37 33 14 27 32 38 17 50 15 50 36 6 14 33 8 49 22 18 33 25 21 21 24 36 50 50 26 15 26 31 37 14 18 
23 41 46 70 52 32 55 68 39 38 34 68 36 44 18 3 34 2 18 29 23 10 40 17 34 26 12 15 46 20 38 36 39 8 35 1 46 22 11 44 29 14 30 42 16 22 15 43 11 25 48 29 63 69 38 54 30 74 45 36 19 33 47 22 20 20 46 14 31 17 27 13 22 19 28 8 24 55 25 49 17 63 38 20 34 41 28 67 36 37 23 13 36 9 21 21 54 42 12 28 7 24 45 34 3 
24 31 45 48 51 42 32 54 41 9 42 45 23 51 32 36 2 35 49 18 16 40 41 48 4 36 48 27 15 30 36 34 22 29 23 36 13 19 39 25 44 46 14 36 40 19 46 22 24 51 31 18 29 42 19 19 18 42 10 28 47 19 42 43 16 48 28 25 54 19 33 48 34 55 16 36 58 27 13 22 19 28 8 24 32 5 33 40 14 42 25 48 16 28 52 33 20 31 29 16 36 58 9 26 36 
16 9 24 31 29 25 15 32 21 13 25 29 3 32 45 41 23 37 57 37 18 48 60 56 26 52 51 24 15 21 39 22 54 30 44 38 17 34 35 5 30 42 11 14 34 34 41 3 29 42 10 10 30 29 3 36 9 37 21 9 40 6 19 33 28 40 7 24 42 26 19 47 49 55 12 44 53 17 18 44 25 31 31 19 13 22 19 28 8 24 41 46 6 36 45 47 38 52 39 11 43 53 24 8 38 
15 33 40 61 45 27 46 60 32 30 28 59 27 38 20 11 27 7 26 26 14 18 42 25 28 29 20 7 38 12 8 29 30 26 33 7 38 19 11 35 24 17 21 34 14 19 17 34 4 25 40 20 55 60 29 48 21 66 38 27 20 25 39 19 15 21 38 6 30 10 19 19 25 26 19 14 29 46 17 45 10 55 32 12 27 34 21 58 27 31 22 19 28 8 24 24 48 41 13 20 13 29 38 25 7 
39 52 65 71 70 57 56 77 59 32 57 68 43 68 20 33 21 36 39 7 30 33 18 39 18 19 44 37 38 42 35 23 44 33 44 36 36 14 44 48 56 50 33 56 48 14 50 45 29 59 54 36 49 65 41 29 37 63 31 48 54 39 62 53 19 54 51 34 63 25 47 48 19 53 33 30 59 50 27 17 26 47 15 36 50 27 48 63 36 59 13 49 38 27 57 19 28 8 24 34 30 60 29 45 38 
22 40 45 69 51 31 54 67 38 37 32 67 35 43 18 4 34 1 19 29 22 11 41 18 34 27 12 14 46 19 1 36 38 7 36 38 45 22 10 43 28 14 29 41 15 22 14 42 11 24 47 28 63 68 37 54 29 74 45 35 18 32 46 21 20 19 45 13 30 16 25 13 23 19 27 9 23 54 24 49 17 62 37 19 33 41 27 66 35 36 23 13 36 9 21 22 54 42 12 28 8 24 45 33 2 
28 26 40 35 45 41 21 43 38 7 42 32 19 49 44 46 16 45 61 31 23 52 54 60 18 50 58 33 2 34 46 13 17 38 36 45 56 32 45 17 45 53 17 31 46 32 53 14 34 55 22 19 17 29 14 19 19 29 5 25 53 18 36 47 28 53 19 32 57 29 34 57 47 64 19 48 65 13 21 31 28 17 20 29 29 9 34 27 12 40 39 56 13 39 58 46 22 43 41 19 47 65 8 24 45 
25 41 52 64 58 42 48 67 46 26 43 61 32 54 12 20 16 22 31 7 17 23 26 30 15 18 32 22 34 27 22 19 34 19 14 22 32 17 30 38 42 35 23 44 33 0 36 36 14 44 44 24 48 60 31 34 26 61 29 36 39 29 50 38 6 40 41 19 49 11 33 35 15 40 22 19 46 44 16 27 12 47 17 23 37 24 34 58 27 45 7 35 29 13 42 14 33 22 12 23 19 46 28 33 24 
18 34 37 64 42 22 50 60 30 38 23 62 31 32 29 15 37 9 28 37 23 22 51 27 38 37 18 12 46 13 11 39 35 11 44 10 45 30 48 40 17 7 29 34 4 30 7 39 15 14 42 26 63 64 34 58 27 72 47 29 9 30 38 10 26 10 41 13 19 20 18 12 33 20 26 20 19 52 26 56 20 62 43 17 27 43 19 63 34 27 32 11 34 18 13 32 59 51 22 26 19 19 47 28 8 
21 9 24 26 28 28 10 29 23 15 28 24 8 33 50 46 26 42 62 41 23 53 64 61 29 56 56 29 14 26 44 25 5 35 48 43 17 38 40 68 33 46 15 15 38 38 46 2 34 46 6 15 27 24 7 37 14 33 22 12 45 11 19 37 33 44 3 29 45 31 23 52 53 60 17 49 58 13 23 46 30 28 33 24 16 24 23 23 12 26 46 51 9 41 50 52 39 56 44 16 48 57 25 12 43 
19 25 21 53 26 6 42 45 15 39 7 52 26 15 45 32 43 26 45 49 28 39 67 44 45 53 35 19 44 14 29 44 30 24 56 28 45 42 17 33 12 20 30 21 12 42 19 34 27 13 34 26 60 55 31 62 26 67 48 21 15 27 24 7 37 14 33 22 12 30 11 27 49 34 28 37 28 46 31 65 30 61 50 20 17 47 11 55 33 11 46 26 32 33 19 48 64 64 38 27 36 27 50 22 26 
26 40 41 70 46 26 57 65 34 45 27 69 38 35 32 18 44 13 26 43 30 22 55 25 45 40 15 19 53 20 14 46 42 17 50 14 53 35 7 46 20 31 36 39 8 35 1 46 22 11 49 34 70 71 42 65 34 80 54 35 6 37 43 13 32 7 48 20 17 27 24 7 37 14 33 22 12 59 33 62 27 70 49 24 33 51 25 70 41 31 37 6 41 23 7 36 66 56 26 34 21 11 54 34 12 
11 18 31 41 37 27 26 44 26 9 28 39 9 37 34 32 14 29 47 26 7 38 49 46 17 41 42 17 17 17 30 14 11 21 33 29 17 23 29 15 30 36 55 22 29 23 36 13 19 39 21 3 34 39 8 32 4 44 19 14 36 6 28 30 17 36 18 16 40 15 18 40 37 48 2 34 48 24 7 37 14 33 22 12 17 17 19 37 5 27 30 40 6 25 41 36 34 42 29 2 33 48 20 11 29 
19 5 9 31 14 15 21 26 8 27 15 30 13 18 52 45 37 40 60 49 26 52 71 59 39 60 52 27 29 21 42 36 14 34 56 41 31 44 34 15 21 39 22 49 30 44 38 17 34 35 13 19 42 34 17 51 18 47 36 8 36 16 6 27 38 35 13 28 33 33 15 46 57 54 22 49 49 27 28 58 32 43 44 23 7 37 14 33 22 12 51 45 20 41 40 56 53 64 46 21 47 48 38 10 39 
18 32 33 61 38 17 48 56 26 38 19 60 30 28 34 20 39 14 32 41 24 26 56 31 40 42 22 13 46 12 16 40 34 14 48 15 46 33 4 38 12 8 29 30 14 33 7 38 19 11 40 26 62 62 34 59 26 72 48 27 7 29 35 6 29 7 39 15 15 23 15 15 38 23 26 25 19 51 27 59 23 63 45 17 24 45 16 61 34 22 37 14 33 22 12 37 61 55 27 27 24 19 48 26 13 
25 41 52 64 58 42 48 67 46 26 43 61 32 54 12 20 16 22 31 7 17 23 26 30 15 18 32 22 34 27 22 19 34 19 14 22 32 0 30 38 42 35 23 44 33 74 36 36 14 44 44 24 48 60 31 34 26 61 29 36 39 29 50 38 6 40 41 19 49 11 33 35 15 40 22 19 46 44 16 27 12 47 17 23 37 24 34 58 27 45 7 35 29 13 42 14 33 22 12 23 19 46 28 33 24 
25 40 40 69 45 25 56 64 33 45 26 68 37 34 33 18 44 14 28 43 30 23 55 26 45 41 16 19 53 19 15 46 41 17 50 14 53 36 7 46 19 1 36 38 7 36 29 45 22 10 48 33 70 70 41 65 34 79 54 35 4 36 42 12 33 6 47 20 16 27 23 8 37 15 33 23 12 58 33 63 27 70 49 24 32 51 24 69 41 30 38 7 41 23 6 37 66 57 27 33 22 12 54 34 12 
20 11 26 28 30 29 12 31 24 12 29 26 7 35 47 44 24 41 60 38 21 51 62 59 26 54 54 28 12 25 43 22 3 34 45 42 14 36 39 2 34 46 13 17 38 36 45 67 32 45 8 13 26 25 5 34 12 34 19 12 44 9 21 37 30 44 6 28 46 29 23 51 51 59 15 47 57 13 20 44 28 27 31 22 16 21 23 24 9 27 43 50 7 39 49 50 37 53 42 14 46 57 22 12 41 
14 32 41 60 47 29 44 59 34 26 30 58 26 41 18 12 22 10 28 22 11 19 39 27 23 26 24 8 35 14 11 24 29 4 29 11 34 14 15 34 27 22 19 34 19 14 22 32 44 30 38 18 51 58 27 43 19 63 34 27 25 23 40 23 10 25 36 6 34 5 21 23 23 30 16 15 33 43 13 40 5 51 27 11 27 30 22 56 24 32 19 23 25 7 28 22 44 37 11 17 14 33 33 24 12 
27 38 34 66 38 19 55 59 28 48 20 65 38 26 43 29 50 23 38 52 35 34 66 37 51 51 26 24 55 21 25 51 42 25 59 24 55 44 14 46 13 11 39 35 11 44 10 45 30 24 47 36 71 68 42 70 36 79 58 34 5 38 37 8 40 4 46 26 6 34 22 18 48 23 36 33 15 59 38 70 34 72 56 27 30 55 23 68 43 24 47 17 43 32 7 47 71 66 37 36 32 14 59 33 22 
25 8 20 21 24 28 8 23 21 21 27 19 12 31 55 51 32 46 66 47 28 58 70 65 35 62 59 33 19 29 48 31 10 40 54 47 22 44 42 6 34 49 21 13 40 44 48 8 38 47 67 20 30 21 12 42 19 34 27 13 46 15 15 38 38 46 2 34 46 36 25 55 59 63 22 54 60 14 28 52 35 31 39 28 16 30 24 21 18 25 51 54 15 45 51 58 44 62 49 21 53 59 30 14 46 
8 16 28 41 34 24 26 42 23 12 24 39 8 33 34 31 18 27 46 29 7 38 51 45 20 42 41 15 19 14 29 18 10 20 36 28 19 24 26 15 26 34 3 19 26 24 33 13 18 36 20 93 36 39 8 35 1 46 22 11 33 4 25 27 19 33 18 14 37 15 15 38 38 46 2 34 46 25 8 40 14 36 25 9 14 20 15 38 7 24 32 38 7 25 38 37 37 45 29 1 33 45 23 8 28 
44 37 50 31 53 55 24 44 50 25 55 28 33 61 61 64 32 62 78 46 40 69 67 77 33 65 75 51 17 50 63 29 30 55 49 63 17 48 63 27 60 70 34 42 62 48 70 26 51 71 30 36 31 22 29 23 36 13 19 39 70 33 45 63 45 69 28 50 72 46 49 74 63 82 36 65 82 15 38 38 46 2 34 46 43 24 49 19 28 53 54 74 29 57 74 62 25 55 58 36 64 82 20 38 63 
46 30 38 9 39 49 14 24 42 34 49 7 33 50 72 70 45 67 86 61 46 77 84 85 47 78 80 53 27 50 69 42 29 60 65 68 29 60 64 24 55 71 39 34 62 60 70 25 58 68 21 39 22 30 30 44 38 17 34 35 68 35 33 60 55 68 22 54 67 54 46 76 75 84 41 73 82 15 46 58 53 25 50 48 38 38 46 2 34 46 67 76 32 64 73 74 47 73 68 40 72 81 37 36 67 
15 12 26 33 32 27 17 35 24 10 27 31 5 35 42 40 20 36 55 34 16 46 57 54 23 49 49 23 13 21 38 19 3 29 41 37 14 31 34 7 31 42 8 17 34 31 41 5 27 42 12 8 29 30 77 33 7 38 19 11 41 4 22 33 26 40 10 23 43 24 20 46 46 54 10 42 53 17 15 41 23 29 27 18 15 19 20 29 5 26 38 46 2 34 46 45 35 49 37 9 41 53 21 9 37 
43 45 60 52 65 59 39 62 57 24 60 49 38 68 46 53 20 54 65 29 35 57 46 64 20 47 65 46 22 48 54 19 36 48 29 54 19 34 58 37 62 65 32 51 59 34 65 34 43 70 42 35 23 44 33 77 36 36 14 44 66 36 55 62 33 67 39 44 73 38 51 67 46 73 34 53 77 31 32 15 37 20 17 43 48 15 51 41 29 59 38 67 31 46 71 46 2 34 46 34 53 77 12 42 55 
8 15 27 40 33 23 25 41 22 12 24 38 6 33 36 32 18 28 47 30 9 39 52 46 21 43 42 15 19 14 30 18 9 21 37 29 19 26 27 14 26 34 4 18 26 26 34 12 19 36 19 1 36 38 7 36 92 45 22 10 34 3 24 27 20 33 17 15 37 16 14 39 40 46 3 35 46 25 10 41 15 36 26 10 13 21 15 37 7 23 33 38 7 26 38 38 38 46 30 2 34 46 23 7 29 
53 42 53 26 55 62 26 41 55 36 61 24 41 65 74 76 44 73 90 60 51 81 81 89 46 78 86 61 28 59 74 42 37 66 63 74 29 61 72 33 67 80 44 47 72 61 79 34 63 79 34 46 13 17 38 36 45 5 32 45 78 42 48 71 57 78 33 60 79 58 57 84 76 92 46 77 91 20 50 52 57 15 47 55 49 37 56 15 38 59 68 84 38 68 83 75 38 69 71 46 76 91 34 46 74 
30 30 45 41 50 45 26 49 43 9 45 38 24 54 42 46 12 45 59 28 23 51 50 59 14 46 57 35 8 36 45 10 21 38 31 45 5 29 47 22 48 54 19 36 48 29 54 19 34 58 27 22 19 34 19 14 22 32 68 30 55 21 41 49 26 55 25 33 59 28 37 57 44 64 21 46 66 19 21 25 28 17 15 30 34 5 37 31 15 45 35 57 17 38 59 43 17 38 40 21 46 66 2 28 46 
12 5 17 34 22 16 21 32 13 20 16 33 6 24 45 38 29 34 54 41 18 45 63 53 31 53 46 20 24 16 36 28 9 27 48 35 25 36 29 12 21 35 14 8 27 36 35 12 27 34 13 11 39 35 11 44 10 45 30 92 33 9 14 25 30 33 12 21 33 26 11 41 49 49 14 42 46 25 20 51 25 40 36 15 4 29 11 34 15 15 43 41 13 34 38 48 46 56 38 13 41 46 32 2 34 
25 38 37 67 41 21 54 61 30 45 22 66 37 29 37 23 46 18 32 47 31 28 60 31 47 45 21 20 53 19 19 47 40 20 54 18 53 39 9 45 15 6 36 36 7 39 4 44 25 5 46 33 70 68 41 66 34 78 55 33 40 36 39 8 35 1 46 22 11 30 21 12 42 19 34 27 13 57 34 65 29 70 52 24 30 52 22 68 41 26 42 11 41 27 5 41 68 60 31 34 27 12 55 33 16 
11 12 25 37 31 23 21 38 21 12 24 35 3 32 39 35 20 32 51 32 12 42 55 50 23 46 45 18 17 17 33 19 6 25 39 32 18 29 30 11 27 37 6 16 29 29 36 9 23 38 15 4 33 35 4 36 3 42 21 9 36 60 22 29 23 36 13 19 39 20 16 42 43 50 6 38 49 21 12 42 19 34 27 13 12 21 16 33 6 23 36 41 4 30 41 42 38 48 33 5 37 48 23 6 32 
25 10 5 29 9 18 22 21 9 32 17 29 18 17 58 50 42 45 65 55 32 57 77 64 45 66 56 32 33 27 47 42 19 39 62 46 36 50 38 19 24 43 28 6 35 50 42 21 40 37 15 25 45 33 22 55 24 48 41 14 39 22 43 30 44 38 17 34 35 39 20 50 63 58 28 54 52 30 34 64 38 46 50 28 12 42 19 34 27 13 57 49 25 47 44 61 58 70 52 27 53 52 43 16 44 
19 29 28 58 33 13 46 52 21 39 14 57 29 22 39 26 42 20 38 45 27 32 61 37 43 48 28 16 46 13 22 43 33 19 53 21 47 38 10 37 7 13 30 27 6 38 12 37 23 8 38 27 63 60 33 62 27 71 49 25 8 29 30 25 33 7 38 19 11 27 13 20 44 27 28 31 22 50 30 63 27 63 48 19 21 47 14 59 34 18 42 19 34 27 13 43 63 60 32 28 30 21 50 25 19 
19 35 46 59 52 37 43 61 40 21 38 56 27 48 17 20 14 20 33 12 11 24 32 32 13 23 32 17 29 22 20 16 28 15 19 20 28 6 26 33 37 32 17 38 29 6 33 30 10 40 38 19 45 55 26 33 20 57 26 30 35 23 44 33 84 36 36 14 44 6 28 33 20 40 16 20 44 40 10 30 6 44 17 17 31 21 29 53 21 39 12 33 23 12 39 19 34 27 13 17 19 44 25 27 21 
25 37 36 66 40 20 54 60 29 45 21 65 36 28 38 24 46 18 34 47 31 29 61 32 47 46 22 20 52 19 20 48 40 21 54 19 53 40 10 44 14 7 36 35 7 40 6 44 25 4 46 33 69 68 40 67 33 78 55 33 1 36 38 7 36 38 45 22 10 30 21 14 43 20 33 28 14 57 34 66 30 69 52 24 29 52 21 67 41 25 42 12 40 27 5 42 68 61 32 34 27 13 55 32 17 
23 9 22 23 26 28 8 25 22 18 28 21 10 32 52 49 30 44 64 44 25 56 68 63 32 59 58 31 17 28 46 28 7 38 51 45 19 41 41 3 33 48 18 13 39 41 47 6 36 46 2 18 28 22 10 39 17 33 25 12 46 13 17 38 36 45 68 32 45 33 24 54 56 61 20 52 59 13 26 49 32 30 37 26 16 27 23 21 15 25 49 53 12 43 51 55 42 59 47 19 51 58 27 13 45 
9 27 35 55 41 23 40 54 28 25 24 53 21 35 24 17 24 12 32 26 9 24 45 31 25 32 26 2 33 8 14 25 24 6 34 13 32 19 13 29 22 20 16 28 15 19 20 28 6 26 34 14 50 54 23 44 15 60 33 21 22 19 34 19 14 22 32 55 30 8 15 24 29 31 13 20 32 40 12 44 8 50 30 6 21 30 16 52 21 26 24 23 22 12 26 28 45 42 17 14 19 32 34 19 13 
29 37 31 64 34 17 54 55 25 50 18 63 38 21 49 34 53 29 44 56 38 40 71 43 54 57 32 27 56 24 31 54 42 30 63 30 57 49 19 45 12 17 40 33 15 49 16 46 34 6 46 37 72 67 43 73 37 79 59 33 11 39 35 11 44 10 45 30 26 38 23 24 53 29 38 39 20 58 41 74 38 73 59 30 29 57 23 67 45 21 52 23 44 37 12 52 74 71 42 38 38 19 61 34 27 
14 31 41 57 47 31 41 58 35 22 32 55 23 43 19 17 17 16 32 18 8 23 37 31 18 26 29 11 30 16 17 19 26 10 25 16 29 11 20 31 30 27 15 33 23 11 27 29 5 34 36 15 46 54 24 38 16 58 28 26 30 20 39 27 6 30 33 8 38 72 22 29 23 36 13 19 39 39 8 35 1 46 22 11 27 24 23 52 20 34 17 29 22 10 34 22 38 33 13 14 18 39 28 23 17 
8 16 20 45 25 9 32 41 13 27 10 44 15 20 39 30 32 24 45 40 18 37 60 44 34 48 36 12 33 6 27 33 19 19 47 25 34 33 18 23 11 24 18 15 15 33 23 23 21 22 25 15 49 46 20 51 14 57 37 11 21 16 20 13 28 21 24 15 23 22 79 30 44 38 17 34 35 36 20 54 21 50 39 10 8 35 1 46 22 11 39 30 21 28 26 43 52 56 32 16 33 34 38 11 24 
31 47 48 76 53 33 62 72 41 49 34 75 43 42 30 15 46 13 20 42 34 18 51 19 47 36 8 23 57 25 13 48 47 19 48 13 57 35 12 52 27 7 40 46 15 35 8 51 23 18 55 38 74 76 46 67 39 84 57 41 12 42 50 20 33 14 54 24 24 29 30 17 33 7 38 19 11 64 36 63 29 74 51 28 39 53 31 75 46 38 35 1 46 22 11 33 67 54 24 38 18 11 57 40 11 
37 54 64 79 70 52 63 81 57 41 53 77 46 64 4 18 31 24 20 17 31 16 18 20 30 3 27 31 49 37 22 34 49 25 19 23 47 15 33 53 49 37 37 57 38 15 37 51 23 48 59 38 63 75 46 46 40 76 44 49 42 43 63 44 20 43 56 29 53 23 44 33 71 36 36 14 44 60 30 36 24 62 30 34 50 39 45 73 42 55 8 34 44 16 43 1 46 22 11 37 15 45 43 46 25 
38 55 56 84 60 40 70 79 49 56 41 83 51 49 33 20 53 19 18 47 41 20 53 18 53 39 9 31 65 33 19 55 55 26 53 19 64 40 20 60 34 14 48 54 23 40 15 59 30 23 63 46 82 84 54 73 46 92 64 49 19 50 58 27 40 20 61 31 29 36 38 7 36 2 45 22 10 72 43 68 36 81 57 36 47 60 39 83 53 45 40 8 53 27 16 35 74 58 29 46 22 11 64 48 18 
9 18 31 43 37 26 28 45 26 11 26 41 10 36 32 29 15 26 44 26 5 36 49 44 18 39 40 14 19 14 28 16 12 19 33 27 19 22 26 17 28 33 2 22 26 22 33 15 16 36 22 2 36 41 10 34 3 46 21 14 34 6 28 28 16 33 20 13 38 13 17 38 36 45 92 32 45 26 6 37 12 36 23 9 17 19 17 39 8 26 29 37 8 23 38 35 35 42 27 1 31 45 22 11 27 
29 47 54 75 60 41 60 74 47 40 42 73 41 52 11 4 34 10 12 25 26 4 32 12 33 18 13 21 49 27 8 36 44 14 30 9 48 19 20 49 37 22 34 49 25 19 23 47 15 33 54 34 65 73 42 53 35 77 46 42 27 38 54 31 20 28 52 20 39 19 34 19 14 22 32 44 30 58 27 46 19 64 36 26 41 42 35 71 39 45 17 19 40 8 29 14 53 35 7 33 1 30 46 39 11 
37 51 49 80 54 34 68 74 43 57 35 79 50 41 41 26 56 23 29 53 42 28 62 28 57 47 18 31 65 32 24 58 53 29 59 23 65 46 19 58 28 12 48 49 19 46 12 57 33 15 60 46 82 82 53 77 46 91 66 46 13 49 52 22 44 14 59 32 20 39 35 11 44 10 45 30 23 70 45 73 39 82 61 36 43 63 36 81 53 39 46 10 53 33 8 44 77 65 35 46 29 1 66 46 22 
33 22 35 21 38 41 9 31 35 18 41 19 20 46 57 56 29 53 71 45 32 62 68 70 31 62 66 40 11 38 55 27 17 46 50 54 13 44 52 13 46 59 24 27 51 44 58 13 43 59 14 25 15 15 17 31 25 20 19 25 57 21 30 50 40 57 13 40 58 39 36 64 60 72 26 58 70 45 30 44 38 17 34 35 29 23 36 13 19 39 51 63 18 49 62 59 33 57 52 26 57 70 21 25 54 
12 25 37 49 43 30 33 51 31 13 31 46 16 41 26 26 12 24 40 20 3 32 42 39 14 33 37 14 21 17 25 13 18 17 27 24 21 16 26 23 31 33 7 28 27 16 33 20 13 38 28 8 38 46 15 32 10 50 21 20 34 12 34 30 10 34 26 12 41 8 20 36 30 43 6 27 45 30 58 33 7 38 19 11 22 17 21 44 12 31 23 36 13 19 39 29 33 36 22 7 26 45 21 17 24 
45 53 68 66 73 63 52 74 63 31 64 63 45 74 37 48 22 50 56 20 36 49 32 56 19 36 59 46 33 50 49 22 44 45 17 49 31 27 56 46 65 62 37 58 59 27 63 44 40 70 52 40 38 58 41 15 41 52 25 51 65 42 64 63 30 66 49 44 74 35 54 63 36 68 37 46 73 44 33 46 36 36 14 44 54 22 55 56 36 64 29 63 38 40 69 36 13 19 39 38 46 74 22 48 51 
13 30 40 56 46 30 40 57 33 21 31 54 22 42 20 18 17 16 32 18 7 24 38 32 18 27 29 10 29 15 17 19 25 10 26 17 28 12 20 30 30 27 14 32 23 12 27 28 5 34 35 14 46 53 23 37 15 57 28 25 29 19 38 27 6 30 32 8 38 1 21 29 24 36 12 19 39 38 7 36 72 45 22 10 26 24 22 51 19 33 18 29 21 11 33 23 38 34 14 13 19 39 28 22 17 
44 38 52 34 55 56 26 46 51 24 56 31 34 62 60 63 30 62 77 44 40 68 65 76 32 63 75 50 17 50 63 28 31 55 47 62 17 47 62 28 61 70 33 43 63 47 70 27 51 72 31 36 2 25 29 20 36 15 17 40 70 34 46 63 44 69 30 50 73 46 50 74 62 81 36 64 82 17 38 36 45 27 32 45 44 22 49 22 28 54 53 73 29 56 75 61 23 53 57 36 63 82 19 39 62 
31 39 53 56 59 49 41 62 49 18 49 53 31 59 29 37 7 37 48 12 22 40 34 47 5 32 49 32 23 36 38 8 31 32 15 37 20 17 43 33 50 49 22 44 45 17 49 31 27 56 39 25 34 50 27 17 26 47 15 36 52 27 50 48 17 52 37 30 59 22 39 51 30 57 23 36 61 34 19 14 22 32 38 30 40 11 40 47 22 50 21 51 25 29 56 29 17 23 29 24 36 61 13 34 39 
3 21 29 49 35 20 34 48 23 21 21 47 15 31 29 23 23 18 38 29 8 30 49 37 25 38 32 5 29 6 20 24 19 12 36 19 29 23 17 24 20 24 12 23 17 23 24 22 11 27 28 9 46 48 18 43 10 55 30 15 24 13 28 19 17 24 26 6 30 11 10 28 34 36 9 26 36 35 11 44 10 45 30 78 15 28 11 47 17 22 29 28 17 18 29 33 44 45 23 9 25 36 31 13 19 
12 7 14 37 20 12 24 33 9 24 12 35 10 20 45 37 32 32 53 43 20 45 64 52 35 53 45 19 28 14 34 32 13 27 50 33 29 37 27 16 17 33 17 7 24 37 32 16 27 30 16 14 43 38 15 48 13 49 34 4 30 12 12 21 31 29 16 21 29 27 8 39 50 47 17 41 43 29 22 54 26 44 40 15 61 33 7 38 19 11 44 38 17 34 35 48 50 59 39 16 40 43 36 6 32 
28 31 46 45 51 44 30 52 42 9 45 42 24 53 37 41 8 41 55 23 20 46 45 54 9 41 53 32 12 33 41 5 22 34 27 41 9 24 43 24 47 51 17 37 45 24 51 21 30 55 30 20 24 38 19 15 21 37 5 29 52 21 42 47 21 52 27 30 57 24 35 53 39 60 19 42 63 23 17 22 24 22 11 28 33 88 36 36 14 44 30 53 16 34 56 38 17 34 35 19 41 62 3 27 42 
9 15 19 45 24 8 32 40 11 27 9 43 15 19 40 31 33 25 46 41 18 38 61 45 35 49 37 14 33 8 28 33 19 21 48 27 34 34 19 23 11 25 19 14 16 34 24 23 22 23 24 15 49 46 20 51 15 56 37 11 22 16 19 14 29 21 23 16 23 23 1 31 45 39 17 35 36 36 21 55 22 49 40 11 7 36 77 45 22 10 40 30 21 29 27 44 53 57 34 17 34 35 39 11 25 
44 30 39 11 40 49 13 26 42 32 49 9 31 51 70 69 42 65 84 58 44 75 81 83 45 76 79 52 24 49 67 40 28 58 63 66 27 58 63 23 55 70 37 33 61 58 69 24 56 68 21 38 19 2 29 41 37 15 31 34 68 33 34 59 53 67 21 52 67 52 46 75 73 83 39 71 81 13 44 56 51 22 47 47 38 36 45 34 32 45 65 75 30 63 73 72 44 70 66 38 70 80 34 35 66 
16 17 31 37 37 30 21 41 28 5 30 35 9 39 38 37 15 34 52 29 12 43 52 51 18 45 48 22 11 22 36 14 8 27 36 35 12 27 34 12 33 41 5 22 34 27 41 9 24 43 18 7 28 34 5 29 7 38 15 15 41 6 27 34 21 41 15 21 45 20 22 46 42 53 8 39 53 19 12 36 19 28 22 17 19 14 22 32 68 30 34 45 2 30 46 41 31 44 34 7 38 53 17 13 35 
20 16 10 42 15 5 33 34 4 35 4 42 21 9 51 40 42 35 55 51 29 48 72 53 45 59 45 24 39 18 37 42 24 31 59 36 40 45 27 26 11 31 27 12 22 45 30 27 32 24 25 24 53 46 26 59 23 59 45 15 26 23 13 18 39 25 25 26 21 34 11 38 55 45 26 45 39 39 31 64 33 54 50 22 11 44 10 45 30 70 51 37 28 39 30 54 61 67 44 26 44 38 47 17 34 
31 48 58 71 64 48 55 74 52 33 49 69 40 60 7 20 23 24 27 9 24 20 20 26 21 11 31 27 41 33 23 25 41 22 13 23 39 7 32 46 46 37 30 51 37 7 38 43 19 47 51 32 54 67 38 38 33 68 35 43 42 36 57 42 12 42 49 24 52 17 39 35 8 40 29 17 46 51 23 29 18 53 21 29 44 30 40 65 34 51 67 36 36 14 44 7 38 19 11 30 17 47 34 40 25 
30 46 47 75 52 32 62 71 40 48 33 74 43 41 30 16 46 13 21 43 33 18 52 20 47 37 9 23 57 25 13 48 46 19 49 13 56 35 11 51 26 6 40 45 14 35 7 50 23 17 54 38 74 76 46 67 38 84 57 41 11 41 49 19 33 12 53 23 23 29 30 1 34 8 37 19 10 63 36 63 29 73 51 28 38 53 30 75 45 37 36 15 45 22 10 33 67 55 25 38 19 11 57 39 11 
15 14 29 35 34 28 19 38 26 7 29 33 7 37 40 38 17 35 53 31 14 44 55 52 20 47 48 22 12 21 36 16 6 28 38 36 13 29 34 9 32 41 6 20 33 29 41 7 25 43 15 7 29 32 2 31 7 38 17 13 41 4 25 34 23 40 12 22 44 22 21 46 44 53 8 40 53 18 13 38 21 29 25 17 17 16 21 30 2 28 36 45 76 32 45 42 33 46 35 7 39 53 19 11 35 
21 39 48 67 53 35 51 66 41 32 36 65 33 47 12 7 26 9 21 20 18 12 34 20 26 20 19 15 40 21 9 28 36 8 27 9 39 13 18 41 33 23 25 41 22 13 23 39 7 32 45 25 57 64 34 46 26 68 38 34 27 30 47 27 12 27 43 12 37 10 28 22 16 27 23 8 33 49 19 40 11 56 29 18 34 34 29 63 30 39 14 22 32 38 30 15 46 33 4 24 7 33 38 32 11 
30 43 41 72 45 25 59 65 34 50 26 71 42 33 39 25 50 20 32 50 36 29 62 31 51 47 20 24 58 24 21 52 45 24 57 21 58 42 13 50 19 7 41 40 12 42 6 49 28 7 51 38 74 73 46 71 38 83 59 38 5 41 44 13 39 5 51 26 12 34 26 11 43 16 38 29 8 62 39 69 33 75 56 29 35 56 27 73 46 30 44 10 45 30 22 43 72 63 33 39 28 7 60 38 19 
36 53 63 78 69 51 62 80 56 40 52 76 45 62 3 18 30 23 20 17 29 15 18 20 29 4 26 30 48 36 21 33 47 24 19 22 46 14 32 52 48 36 36 56 37 14 37 50 22 47 58 37 62 74 45 46 38 75 43 48 41 42 61 43 19 42 55 28 52 22 43 33 1 35 35 14 44 59 29 36 23 61 29 33 48 38 44 72 41 54 7 33 42 15 43 72 45 22 10 36 14 44 42 45 24 
44 48 62 55 67 61 42 65 59 26 62 52 40 70 45 54 21 54 64 28 36 57 44 64 20 46 66 47 25 50 54 20 38 48 28 54 22 33 59 39 64 66 34 53 61 33 66 37 44 71 44 37 25 47 35 2 38 38 17 46 68 38 58 63 34 68 42 45 74 38 52 67 46 74 35 53 77 33 33 13 38 23 17 44 50 17 53 44 31 61 38 67 33 46 72 45 72 32 45 36 53 77 14 44 55 
47 60 73 79 79 65 64 85 67 41 66 76 52 76 24 39 29 43 42 15 38 38 12 42 26 20 49 44 46 50 42 31 52 41 8 42 43 22 51 56 64 56 42 64 55 22 57 53 37 66 62 45 55 73 49 34 46 69 38 56 60 48 70 60 27 61 59 42 71 33 56 54 22 58 42 35 65 57 36 19 34 53 23 45 59 34 57 70 44 67 19 55 46 33 63 22 32 29 30 43 36 66 36 53 44 
26 44 52 70 58 40 55 71 45 34 41 68 37 52 7 9 27 13 19 18 21 11 29 19 26 15 20 20 43 26 12 29 39 13 24 12 41 12 22 44 38 26 29 46 27 12 27 42 11 37 49 29 58 68 37 46 30 71 40 38 31 33 52 32 13 32 47 17 42 13 32 24 11 29 27 7 35 52 22 39 14 57 29 23 39 35 34 66 34 44 11 25 35 4 33 10 45 30 89 28 7 36 39 36 14 
8 17 30 42 36 25 27 44 25 11 26 40 9 35 33 30 16 27 45 27 6 37 50 44 18 40 40 15 19 15 28 16 11 20 34 28 19 23 26 16 27 34 2 21 27 23 33 14 17 36 21 1 36 40 9 34 2 46 21 13 34 5 27 28 17 34 19 14 38 14 16 38 37 46 1 33 46 26 7 38 13 36 24 9 16 19 17 38 7 26 30 38 7 24 39 36 36 43 28 91 32 45 22 10 27 
28 46 53 74 59 39 59 73 46 40 41 72 40 51 11 3 33 9 13 25 25 5 33 12 33 18 13 20 48 26 7 36 43 13 30 8 47 19 19 48 36 21 33 47 24 19 22 46 14 32 53 33 64 72 41 53 34 76 46 41 27 37 53 30 19 27 51 19 38 18 33 18 15 22 31 1 29 57 26 46 19 63 36 25 40 41 34 70 38 44 17 19 39 7 28 14 53 36 7 32 44 30 45 38 10 
37 50 49 80 53 33 67 73 42 57 34 79 49 40 41 27 56 23 30 53 42 29 63 29 57 48 18 31 65 31 24 58 53 29 60 24 65 46 19 57 27 11 48 48 19 46 12 57 33 14 59 45 82 81 53 77 46 91 66 46 12 48 52 21 44 13 58 32 19 39 34 11 45 11 45 30 1 70 45 74 39 82 61 36 43 62 35 80 53 38 47 11 53 33 7 44 77 66 36 45 30 21 66 45 22 
31 33 48 43 53 47 29 52 45 11 47 41 26 56 41 45 11 44 58 26 24 50 47 58 12 44 57 35 11 37 45 9 24 38 29 45 8 28 47 25 50 54 20 38 48 28 54 22 33 59 30 23 20 37 21 12 23 34 2 32 55 23 43 50 25 55 27 34 61 28 38 57 43 64 22 46 66 21 21 22 28 19 13 31 36 3 39 34 17 47 34 57 19 38 60 42 14 36 39 22 45 66 64 30 45 
10 7 19 36 25 17 22 34 15 18 18 34 4 26 42 36 26 32 52 38 16 43 60 51 29 50 44 18 22 14 34 26 8 25 45 33 24 33 28 12 22 34 11 10 26 33 34 12 24 33 14 8 38 36 9 42 7 46 28 2 33 6 16 25 27 32 13 19 34 23 11 40 46 48 11 39 46 25 17 48 22 39 34 13 6 27 11 35 13 17 40 39 11 32 38 45 44 53 36 10 38 45 30 91 32 
21 39 44 68 49 29 53 65 37 38 31 66 34 41 21 7 34 1 20 31 22 13 43 19 35 29 12 13 46 18 3 36 38 7 38 2 45 24 8 43 26 12 29 39 13 24 12 41 12 22 46 28 63 67 37 55 29 74 46 34 16 32 44 19 21 17 45 13 27 17 24 11 25 18 27 11 22 54 24 51 17 62 39 19 32 42 25 66 35 34 25 11 35 11 19 24 55 44 14 27 10 22 45 32 60 
