36 9
99 14 9 14 10 12 16 1 13 10 3 4 7 17 15 2 5 7 19 14 3 5 10 7 17 19 11 15 6 4 7 6 10 7 13 3 
14 94 1 5 16 20 16 14 1 0 12 20 14 4 10 15 6 4 11 13 0 6 10 13 9 7 9 7 9 1 1 3 4 4 8 13 
9 1 14 4 18 5 10 1 14 3 11 19 19 15 16 0 19 20 3 4 5 14 8 10 8 18 12 11 3 6 15 1 3 8 15 12 
14 5 4 6 15 16 1 1 9 10 16 19 11 13 3 7 6 12 13 3 1 16 19 12 9 2 15 0 5 14 20 16 12 20 8 5 
10 16 18 15 58 14 20 3 16 4 5 0 3 14 20 8 18 13 7 8 16 4 14 8 19 5 13 10 4 14 12 7 3 8 14 5 
12 20 5 16 14 76 19 11 9 1 6 1 1 12 12 15 6 8 10 18 17 20 17 1 12 4 13 7 6 7 9 11 2 13 18 8 
16 16 10 1 20 19 97 11 0 15 19 15 3 17 2 20 16 15 17 18 15 6 16 8 4 18 9 11 17 20 7 13 4 12 20 15 
1 14 1 1 3 11 11 80 13 10 15 9 6 15 9 5 14 11 9 11 9 5 14 6 4 14 20 12 2 3 7 14 5 11 15 6 
13 1 14 9 16 9 0 13 13 10 8 11 11 12 11 6 13 16 1 15 17 20 16 16 15 5 12 10 5 6 4 6 3 20 13 5 
10 0 3 10 4 1 15 10 10 100 1 1 14 10 7 16 13 1 9 2 19 16 12 5 8 12 4 7 2 3 15 17 12 18 13 3 
3 12 11 16 5 6 19 15 8 1 89 4 10 4 8 2 12 1 3 3 18 4 4 15 19 10 20 6 9 15 10 2 13 0 8 8 
4 20 19 19 0 1 15 9 11 1 4 21 0 13 14 20 10 1 15 16 17 0 16 4 4 5 3 8 19 6 13 4 14 8 14 6 
7 14 19 11 3 1 3 6 11 14 10 0 87 17 1 17 19 7 4 5 13 7 8 17 18 1 9 2 17 19 17 15 14 10 19 3 
17 4 15 13 14 12 17 15 12 10 4 13 17 12 15 2 15 4 8 6 16 12 18 4 19 7 16 2 0 18 8 19 13 17 17 8 
15 10 16 3 20 12 2 9 11 7 8 14 1 15 52 7 13 16 16 17 3 6 10 6 5 9 15 17 10 2 20 12 19 0 6 9 
2 15 0 7 8 15 20 5 6 16 2 20 17 2 7 95 5 9 4 17 19 17 5 10 13 3 9 6 16 9 12 13 19 19 3 11 
5 6 19 6 18 6 16 14 13 13 12 10 19 15 13 5 15 12 2 12 9 13 13 3 19 6 2 1 17 19 7 3 6 15 19 18 
7 4 20 12 13 8 15 11 16 1 1 1 7 4 16 9 12 41 8 10 13 12 3 20 6 14 7 20 11 15 1 13 19 14 4 16 
19 11 3 13 7 10 17 9 1 9 3 15 4 8 16 4 2 8 83 1 17 5 8 1 13 5 20 4 3 19 10 9 7 19 15 19 
14 13 4 3 8 18 18 11 15 2 3 16 5 6 17 17 12 10 1 78 15 8 18 15 6 1 8 14 7 7 10 2 5 20 17 10 
3 0 5 1 16 17 15 9 17 19 18 17 13 16 3 19 9 13 17 15 93 12 18 14 5 7 2 8 8 15 12 10 3 11 10 19 
5 6 14 16 4 20 6 5 20 16 4 0 7 12 6 17 13 12 5 8 12 52 15 17 11 9 13 3 2 19 5 19 15 13 1 4 
10 10 8 19 14 17 16 14 16 12 4 16 8 18 10 5 13 3 8 18 18 15 99 4 5 2 19 4 12 17 9 19 11 8 15 17 
7 13 10 12 8 1 8 6 16 5 15 4 17 4 6 10 3 20 1 15 14 17 4 70 12 8 9 6 4 10 13 3 3 13 11 7 
17 9 8 9 19 12 4 4 15 8 19 4 18 19 5 13 19 6 13 6 5 11 5 12 89 0 19 0 16 6 10 9 15 20 17 5 
19 7 18 2 5 4 18 14 5 12 10 5 1 7 9 3 6 14 5 1 7 9 2 8 0 44 8 11 16 8 2 7 15 4 0 1 
11 9 12 15 13 13 9 20 12 4 20 3 9 16 15 9 2 7 20 8 2 13 19 9 19 8 98 12 15 0 11 8 12 5 2 2 
15 7 11 0 10 7 11 12 10 7 6 8 2 2 17 6 1 20 4 14 8 3 4 6 0 11 12 91 14 0 13 11 19 3 18 6 
6 9 3 5 4 6 17 2 5 2 9 19 17 0 10 16 17 11 3 7 8 2 12 4 16 16 15 14 86 10 5 16 14 5 10 7 
4 1 6 14 14 7 20 3 6 3 15 6 19 18 2 9 19 15 19 7 15 19 17 10 6 8 0 0 10 15 11 14 7 7 4 9 
7 1 15 20 12 9 7 7 4 15 10 13 17 8 20 12 7 1 10 10 12 5 9 13 10 2 11 13 5 11 71 20 18 10 1 18 
6 3 1 16 7 11 13 14 6 17 2 4 15 19 12 13 3 13 9 2 10 19 19 3 9 7 8 11 16 14 20 39 19 13 4 20 
10 4 3 12 3 2 4 5 3 12 13 14 14 13 19 19 6 19 7 5 3 15 11 3 15 15 12 19 14 7 18 19 37 3 1 9 
7 4 8 20 8 13 12 11 20 18 0 8 10 17 0 19 15 14 19 20 11 13 8 13 20 4 5 3 5 7 10 13 3 43 14 2 
13 8 15 8 14 18 20 15 13 13 8 14 19 17 6 3 19 4 15 17 10 1 15 11 17 0 2 18 10 4 1 4 1 14 4 6 
3 13 12 5 5 8 15 6 5 3 8 6 3 8 9 11 18 16 19 10 19 4 17 7 5 1 2 6 7 9 18 20 9 2 6 17 
