136 17
57 2 32 40 17 37 16 26 20 22 11 33 32 25 17 13 31 11 34 41 33 20 20 8 21 35 31 32 3 25 34 11 35 43 33 22 21 11 23 38 32 33 6 27 37 51 26 48 26 36 24 32 22 44 43 30 28 24 50 66 45 53 34 51 46 64 63 40 48 47 49 36 37 21 38 50 47 49 20 41 49 43 50 31 48 44 61 60 36 46 46 29 10 28 31 40 40 15 27 31 18 34 31 47 47 25 32 32 15 15 28 27 17 12 15 33 45 45 21 31 33 42 43 14 35 43 58 33 43 44 32 44 44 17 15 36 
2 63 35 42 15 38 19 28 23 24 11 35 34 28 19 12 28 12 34 38 32 18 19 5 20 32 30 31 1 22 32 11 34 41 33 20 20 8 21 35 31 32 3 25 34 53 26 49 28 38 27 34 22 46 45 33 29 24 50 67 46 54 36 52 45 64 64 42 49 47 48 35 36 19 37 47 46 47 18 39 47 43 51 32 49 44 61 61 38 46 45 30 11 28 29 41 40 17 27 30 20 35 31 48 47 27 32 32 17 13 29 28 20 13 14 31 46 46 23 31 32 42 43 13 34 41 58 35 44 43 34 44 44 18 14 34 
32 35 23 24 40 23 18 13 17 16 35 22 23 11 22 34 63 28 43 69 45 47 41 41 44 64 45 48 35 51 63 31 45 72 47 50 43 44 47 67 48 50 38 53 65 34 41 33 20 20 8 21 35 31 32 3 25 34 59 57 42 44 26 44 53 55 56 26 47 53 60 59 54 49 57 75 60 62 43 63 74 42 43 26 44 54 54 55 26 47 54 33 27 36 53 42 43 21 41 52 20 34 48 42 43 16 38 47 24 44 26 28 18 30 42 52 43 45 19 40 51 54 57 38 57 68 53 25 46 54 26 48 56 25 37 56 
40 42 24 69 38 4 24 16 36 19 36 7 9 32 23 33 64 30 28 64 32 45 36 47 40 61 34 36 41 46 58 32 31 67 35 48 38 49 43 63 37 39 43 49 61 11 31 9 13 5 24 8 28 7 8 21 14 25 41 33 20 20 8 21 35 31 32 3 25 34 43 50 42 46 46 66 44 47 40 52 65 22 20 12 22 37 30 31 6 26 36 20 31 25 45 22 25 24 31 43 21 17 37 19 21 16 23 35 25 44 15 17 35 30 41 41 22 24 19 27 39 39 41 37 48 60 30 8 26 37 11 29 40 24 35 46 
17 15 40 38 82 34 21 29 34 25 5 31 29 37 18 6 26 12 20 28 17 7 3 15 4 24 15 15 14 10 22 9 19 31 17 10 4 16 7 27 15 16 13 13 25 46 11 42 25 34 32 30 10 39 37 37 24 13 34 56 35 44 30 41 30 53 52 36 37 32 33 20 20 8 21 35 31 32 3 25 34 31 40 26 37 28 50 49 32 33 30 19 14 16 14 28 27 18 12 14 20 25 15 37 36 26 20 16 16 6 23 21 30 10 3 16 34 33 22 18 16 26 27 2 19 28 46 29 30 28 27 30 28 15 3 19 
37 38 23 4 34 66 21 13 33 15 32 3 5 30 19 29 60 26 25 60 28 41 32 43 36 57 30 33 37 42 54 28 28 63 31 44 34 45 39 59 33 36 39 45 57 14 27 11 10 3 22 4 24 8 9 20 10 21 39 34 19 21 5 21 33 32 33 3 24 32 41 46 38 42 43 63 42 44 36 49 61 20 20 8 21 35 31 32 3 25 34 17 27 21 42 20 23 21 27 40 18 14 34 19 20 12 20 32 21 40 11 13 32 26 37 38 20 22 15 24 36 36 38 33 44 57 30 4 25 35 7 27 37 20 31 42 
16 19 18 24 21 21 41 9 16 5 16 18 17 17 4 15 45 10 29 50 29 28 22 24 26 45 29 31 18 32 44 12 30 53 31 31 25 27 29 48 31 33 20 35 47 36 24 32 11 19 10 17 18 29 29 15 14 18 46 54 34 40 20 39 40 51 51 25 38 41 46 41 37 30 40 57 45 47 25 45 56 33 37 18 37 40 49 49 21 37 41 20 8 21 35 31 32 3 25 34 4 23 31 35 35 8 24 31 6 25 15 16 13 11 23 34 34 35 6 26 33 39 41 19 39 50 47 19 35 40 18 36 41 7 18 38 
26 28 13 16 29 13 9 40 19 4 25 11 12 17 10 23 54 18 30 58 31 36 28 34 33 53 32 34 27 39 51 21 32 61 34 39 31 36 35 56 35 37 30 42 54 28 28 25 7 11 8 10 22 22 22 9 12 21 46 48 31 34 15 34 40 46 46 17 35 40 47 46 41 38 44 63 47 49 32 50 61 30 33 14 33 41 44 45 15 35 41 20 17 23 41 29 31 11 28 39 8 21 35 31 32 3 25 34 13 33 13 15 18 19 31 39 31 33 7 27 38 41 43 27 44 56 43 13 34 41 14 35 43 13 25 43 
20 23 17 36 34 33 16 19 17 19 28 31 31 6 20 27 52 22 45 61 45 39 36 28 38 55 44 46 23 43 54 25 46 64 46 42 38 31 41 58 46 48 26 46 57 47 39 45 26 31 11 30 33 42 42 16 30 34 62 68 49 54 34 53 56 65 66 37 54 57 62 54 52 41 54 69 61 63 37 59 68 48 52 33 52 56 63 64 35 52 57 36 20 37 48 47 48 19 40 48 20 39 46 50 51 21 40 46 21 35 31 32 3 25 34 48 50 51 21 42 48 55 57 31 53 62 62 33 51 56 33 52 57 23 31 52 
22 24 16 19 25 15 5 4 19 43 20 12 12 18 6 18 49 14 27 53 28 32 24 30 28 49 29 31 23 35 47 16 29 56 31 35 27 32 31 52 31 34 26 38 50 30 24 27 6 14 10 11 19 24 24 13 10 18 44 49 30 35 15 34 38 46 47 19 34 39 45 42 37 33 41 59 44 46 28 46 58 29 33 13 33 39 44 45 16 33 39 18 13 20 37 28 29 7 25 36 4 20 32 31 31 2 22 31 8 29 12 13 17 15 27 35 31 32 3 25 34 39 41 23 41 52 43 14 32 38 14 34 40 9 21 40 
11 11 35 36 5 32 16 25 28 20 71 29 27 32 14 2 28 6 23 33 21 12 8 13 10 28 19 20 9 15 27 4 23 36 21 14 10 14 12 31 20 21 9 18 30 45 14 41 22 32 27 28 11 38 37 32 22 13 38 57 36 44 28 42 34 54 54 34 38 36 37 26 25 13 27 41 36 37 9 30 40 33 41 24 38 33 51 51 30 36 34 19 8 17 20 30 30 14 16 20 16 25 20 38 37 22 22 21 12 8 21 19 25 5 6 21 35 35 18 20 22 31 32 3 25 34 48 27 33 32 26 33 33 12 3 24 
33 35 22 7 31 3 18 11 31 12 29 62 2 28 16 26 57 23 24 58 27 38 29 40 33 54 28 31 34 40 52 25 27 61 30 41 32 42 36 57 31 34 36 43 55 17 25 14 6 3 20 1 21 11 11 19 7 19 38 36 20 23 4 23 32 34 35 6 25 32 40 44 37 39 41 61 41 43 33 47 59 20 21 6 22 34 33 33 4 25 33 15 24 19 40 20 22 18 25 38 14 13 32 20 21 9 18 30 18 37 8 11 29 23 34 36 21 23 12 22 34 35 37 30 42 54 32 3 25 34 5 27 36 17 28 40 
32 34 23 9 29 5 17 12 31 12 27 2 64 29 15 24 55 21 22 55 24 36 27 38 31 52 26 28 32 37 49 23 24 58 27 39 29 41 34 55 29 31 34 40 52 19 23 15 6 6 20 2 19 12 11 20 5 17 36 36 19 22 3 22 30 34 34 7 23 30 38 42 34 37 38 58 38 41 31 45 57 19 21 4 21 32 32 33 4 23 31 12 22 16 37 18 20 17 23 35 14 10 29 19 20 9 16 28 16 35 6 8 29 21 32 33 20 21 11 20 32 33 35 28 40 52 31 1 23 32 3 25 34 15 26 38 
25 28 11 32 37 30 17 17 6 18 32 28 29 6 21 31 57 25 45 65 46 44 39 34 42 60 46 48 28 47 59 28 47 68 48 46 41 37 45 63 48 50 31 50 61 44 41 41 24 28 8 27 35 39 40 11 29 35 62 65 48 52 32 52 57 63 63 34 52 57 63 57 54 45 57 73 62 64 41 62 72 47 50 31 50 57 61 62 33 52 57 36 23 38 52 46 48 20 42 51 20 38 48 48 49 20 41 48 23 39 30 32 8 27 38 51 49 50 21 42 51 56 58 35 56 66 60 31 51 57 32 52 58 25 34 55 
17 19 22 23 18 19 4 10 20 6 14 16 15 21 50 12 43 7 24 47 24 25 18 24 22 42 24 26 17 28 41 10 26 50 26 28 21 26 25 45 26 29 20 31 43 34 19 30 9 18 14 15 13 27 26 19 11 13 41 50 30 37 17 35 36 48 48 23 34 36 41 37 32 27 36 53 41 42 21 41 52 29 34 14 33 36 45 45 19 33 36 15 7 17 31 27 27 1 20 30 2 19 27 31 32 8 20 26 2 23 12 12 17 8 21 30 31 31 4 21 29 35 37 17 35 46 43 16 31 35 15 32 37 3 15 34 
13 12 34 33 6 29 15 23 27 18 2 26 24 31 12 69 31 5 21 35 20 13 8 15 11 30 18 19 11 16 28 2 22 38 20 16 10 17 13 33 19 21 11 19 31 43 13 39 20 29 25 25 9 36 34 31 19 11 37 55 34 42 25 39 33 52 51 32 36 34 36 26 25 15 27 42 35 36 10 31 41 31 38 22 36 31 49 48 28 34 33 17 7 15 21 28 28 12 14 20 14 23 19 35 35 20 20 20 10 10 18 17 24 3 8 21 33 33 16 18 21 30 31 4 25 35 45 25 31 31 23 31 32 9 3 25 
31 28 63 64 26 60 45 54 52 49 28 57 55 57 43 31 5 35 42 15 38 19 28 23 24 11 35 34 28 19 12 32 40 17 37 16 26 20 22 11 33 32 25 17 13 72 35 68 51 60 55 56 36 65 63 61 50 39 50 79 59 68 56 65 49 76 75 62 59 51 47 26 34 18 31 27 44 43 24 29 28 55 64 52 61 45 72 71 58 56 48 45 36 41 24 52 50 42 35 27 45 50 33 61 59 51 45 35 41 20 49 47 49 34 22 30 57 56 47 41 32 42 42 26 26 24 68 55 52 45 53 51 44 41 29 29 
11 12 28 30 12 26 10 18 22 14 6 23 21 25 7 5 35 65 24 40 23 18 13 17 16 35 22 23 11 22 34 2 24 43 24 21 15 19 19 38 23 25 12 25 37 40 17 37 16 26 20 22 11 33 32 25 17 13 40 55 34 41 23 39 35 52 51 29 37 37 40 31 29 20 31 47 39 40 15 36 46 31 38 20 36 34 49 49 25 35 35 17 2 17 26 29 29 7 18 25 9 22 23 35 35 16 21 24 5 15 17 16 19 2 13 25 34 34 12 21 25 33 35 9 30 40 46 22 32 34 21 33 35 6 8 29 
34 34 43 28 20 25 29 30 45 27 23 24 22 45 24 21 42 24 81 38 4 24 16 36 19 36 7 9 32 23 33 23 2 40 6 26 17 36 20 38 9 11 32 25 36 32 8 29 23 27 37 24 12 26 24 40 18 11 17 37 16 26 20 22 11 33 32 25 17 13 17 22 13 25 17 38 17 19 19 24 36 12 22 17 18 11 30 29 22 13 12 9 26 7 19 9 7 26 7 17 25 11 10 19 17 27 5 7 23 26 17 14 42 22 24 14 15 13 24 3 11 11 13 21 20 32 25 21 10 11 18 9 13 21 20 18 
41 38 69 64 28 60 50 58 61 53 33 58 55 65 47 35 15 40 38 34 34 21 29 34 25 5 31 29 37 18 6 37 35 2 31 19 26 31 22 4 28 26 35 15 4 70 32 66 53 61 61 57 36 64 61 66 51 38 40 73 54 64 55 60 41 70 68 62 54 43 37 16 26 20 22 11 33 32 25 17 13 50 60 52 56 37 66 64 58 50 39 43 42 39 18 47 45 47 33 21 49 48 28 57 55 55 42 30 45 25 49 47 58 39 27 24 53 51 51 38 26 34 32 30 18 9 61 55 47 36 53 45 35 44 32 20 
33 32 45 32 17 28 29 31 45 28 21 27 24 46 24 20 38 23 4 34 74 21 13 33 15 32 3 5 30 19 29 22 2 36 2 22 14 34 17 34 5 7 30 21 32 36 6 32 24 30 38 26 11 30 27 41 21 11 17 40 20 30 23 26 13 37 36 29 21 15 17 18 10 21 14 34 16 18 16 20 32 16 26 20 22 11 33 32 25 17 13 12 25 8 15 13 11 26 5 13 25 15 6 23 21 28 8 3 23 23 19 16 42 21 21 10 19 17 25 4 7 10 12 19 16 28 29 24 14 11 21 13 12 21 17 14 
20 18 47 45 7 41 28 36 39 32 12 38 36 44 25 13 19 18 24 21 21 33 9 16 5 16 18 17 17 4 15 16 23 24 20 2 7 15 4 19 17 17 15 6 18 53 16 49 32 41 39 37 17 46 44 44 31 20 36 61 40 50 37 46 33 58 57 43 42 35 33 17 20 1 19 29 31 31 5 21 29 37 46 33 42 30 55 53 39 38 32 26 20 22 11 33 32 25 17 13 27 31 16 43 41 34 26 19 23 4 30 28 36 17 5 15 39 38 29 23 17 28 28 9 16 23 50 36 35 30 34 34 30 23 10 17 
20 19 41 36 3 32 22 28 36 24 8 29 27 39 18 8 28 13 16 29 13 9 52 19 4 25 11 12 17 10 23 10 16 32 13 12 2 20 7 28 11 13 17 13 25 44 7 40 24 32 33 28 8 37 35 37 22 10 30 53 31 40 27 37 27 49 48 34 33 28 29 18 17 10 18 34 27 28 4 23 33 28 37 23 33 25 46 45 30 30 26 16 15 12 13 25 24 19 8 12 20 22 11 33 32 25 17 13 16 9 20 18 32 11 7 13 30 29 21 14 13 22 23 5 17 27 42 27 27 24 25 26 24 15 5 16 
8 5 41 47 15 43 24 34 28 30 13 40 38 34 24 15 23 17 36 34 33 16 19 41 19 28 31 31 6 20 27 15 35 36 33 17 19 2 20 30 31 31 4 22 30 57 27 54 33 43 32 39 24 50 49 39 34 27 50 71 49 57 40 55 46 68 67 46 52 48 48 33 35 17 35 44 46 47 17 37 44 46 54 37 52 44 64 64 43 49 46 33 16 30 27 43 43 23 28 28 26 38 31 51 50 32 35 32 22 11 33 32 25 17 13 30 49 48 28 33 32 42 43 14 32 38 61 39 46 44 38 46 44 23 16 33 
21 20 44 40 4 36 26 33 38 28 10 33 31 42 22 11 24 16 19 25 15 5 4 19 44 20 12 12 18 6 18 13 17 28 14 8 1 19 2 23 12 12 17 9 21 48 10 44 28 37 36 32 12 41 39 41 26 14 31 55 34 44 31 40 28 52 51 38 36 30 29 15 16 6 17 31 27 28 1 20 29 31 40 27 37 25 49 48 34 32 27 20 18 16 9 28 26 22 11 10 24 26 11 37 35 30 20 13 20 7 25 22 35 14 6 11 33 32 25 17 13 23 23 7 14 24 45 31 29 25 29 28 25 19 7 14 
35 32 64 61 24 57 45 53 55 49 28 54 52 60 42 30 11 35 36 5 32 16 25 28 20 23 29 27 32 14 2 32 33 8 29 14 22 26 18 2 26 24 29 11 2 67 29 63 49 58 56 53 32 61 58 61 47 35 41 72 52 62 52 58 40 69 67 58 52 43 37 16 25 15 22 17 34 33 21 18 17 48 58 48 54 37 65 63 54 48 39 40 37 36 16 45 43 42 30 19 44 45 26 55 53 50 39 28 40 20 45 43 52 34 22 22 51 49 46 35 24 33 32 25 17 13 60 52 45 36 49 43 35 40 27 19 
31 30 45 34 15 30 29 32 44 29 19 28 26 46 24 18 35 22 7 31 3 18 11 31 12 29 67 2 28 16 26 20 5 34 2 19 11 31 13 31 2 5 28 18 29 39 5 35 25 32 39 28 10 32 30 42 22 11 19 43 23 33 25 29 15 40 39 31 24 17 18 15 8 18 12 32 17 18 13 18 30 19 29 22 25 13 37 35 27 20 15 13 24 9 12 16 14 25 4 10 25 17 3 26 24 29 11 2 23 20 20 18 41 20 18 7 22 20 25 6 5 11 13 17 14 26 32 25 17 13 23 16 13 21 15 12 
32 31 48 36 15 33 31 34 46 31 20 31 28 48 26 19 34 23 9 29 5 17 12 31 12 27 2 65 29 15 24 22 6 31 2 18 11 31 13 29 0 2 28 17 27 41 6 37 28 35 41 30 12 35 32 44 24 13 19 45 25 35 28 31 15 42 40 33 25 18 17 13 6 17 9 30 15 17 13 16 28 21 31 24 27 13 38 37 30 21 15 16 26 12 10 18 16 27 6 8 27 19 1 28 26 31 13 1 25 20 23 20 43 21 18 5 24 22 28 9 3 10 11 17 11 23 33 28 18 12 25 17 13 23 16 9 
3 1 35 41 14 37 18 27 23 23 9 34 32 28 17 11 28 11 32 37 30 17 17 6 18 32 28 29 51 21 31 9 32 40 31 19 18 9 20 34 29 30 2 23 33 51 24 48 27 36 26 33 20 45 43 32 28 22 48 66 44 52 34 50 44 63 62 40 47 45 46 33 34 18 35 46 45 46 17 38 46 42 49 31 47 42 60 59 37 45 43 28 10 26 28 39 39 16 25 28 19 33 29 46 46 26 31 30 16 12 28 27 20 11 12 30 44 44 22 29 30 40 41 11 32 40 56 33 42 41 32 42 42 17 13 33 
25 22 51 46 10 42 32 39 43 35 15 40 37 47 28 16 19 22 23 18 19 4 10 20 6 14 16 15 21 34 12 19 21 21 18 3 7 19 3 17 15 14 19 2 15 54 16 50 34 43 42 39 18 47 45 47 32 20 33 60 40 49 38 45 31 57 56 44 40 33 30 12 16 3 15 25 28 28 7 17 24 36 45 34 41 27 53 52 40 37 30 26 24 22 7 32 31 29 16 9 30 32 14 42 40 36 26 17 26 9 31 29 40 20 9 12 38 37 32 22 14 25 24 12 11 19 49 37 33 27 35 32 26 25 13 13 
34 32 63 58 22 54 44 51 54 47 27 52 49 59 41 28 12 34 33 6 29 15 23 27 18 2 26 24 31 12 26 31 31 9 27 12 20 25 15 5 24 22 28 9 2 65 27 61 47 55 54 51 30 58 56 60 45 32 38 69 50 59 50 55 38 66 64 56 50 40 35 13 22 13 19 16 32 31 19 16 17 46 55 46 51 34 62 61 52 46 37 38 35 34 14 43 41 41 27 16 42 43 23 52 50 48 37 26 38 19 43 41 51 32 20 19 48 46 44 33 22 31 30 24 14 11 57 50 43 33 47 41 32 38 25 17 
11 11 31 32 9 28 12 21 25 16 4 25 23 28 10 2 32 2 23 37 22 16 10 15 13 32 20 22 9 19 31 71 24 40 23 18 13 17 16 35 22 23 11 22 34 42 15 38 19 28 23 24 11 35 34 28 19 12 39 56 35 42 25 40 35 53 52 31 37 36 38 29 27 17 29 44 37 39 12 33 43 32 39 21 37 33 50 49 27 35 35 18 4 16 23 29 29 10 16 23 12 23 22 36 36 18 21 22 8 12 18 17 21 2 10 23 34 34 14 20 24 32 33 7 28 38 47 24 32 33 23 32 34 8 6 27 
35 34 45 31 19 28 30 32 46 29 23 27 24 47 26 22 40 24 2 35 2 23 16 35 17 33 5 6 32 21 31 24 85 38 4 24 16 36 19 36 7 9 32 23 33 35 8 31 25 30 39 26 13 29 27 42 21 12 15 38 19 28 23 24 11 35 34 28 19 12 15 19 10 23 14 35 15 17 18 21 33 15 24 20 20 10 31 30 25 15 11 12 27 9 17 12 10 27 7 14 26 14 7 21 19 29 8 5 25 25 19 17 43 23 23 11 17 15 26 4 9 9 11 21 17 29 27 24 12 9 21 10 11 23 19 15 
43 41 72 67 31 63 53 61 64 56 36 61 58 68 50 38 17 43 40 2 36 24 32 36 28 8 34 31 40 21 9 40 38 31 34 21 29 34 25 5 31 29 37 18 6 73 35 69 56 64 64 60 39 66 64 69 53 41 42 75 57 66 58 62 43 72 70 64 56 46 38 19 28 23 24 11 35 34 28 19 12 53 62 54 58 39 68 66 61 52 42 46 45 42 21 50 48 50 35 23 52 51 30 59 57 58 45 33 48 28 52 50 60 42 30 26 55 53 53 40 29 36 34 33 20 10 63 58 49 38 56 47 37 47 35 23 
33 33 47 35 17 31 31 34 46 31 21 30 27 48 26 20 37 24 6 31 2 20 13 33 14 29 2 2 31 18 27 23 4 34 77 21 13 33 15 32 3 5 30 19 29 39 7 35 27 33 41 29 13 33 30 44 23 13 17 42 23 32 26 28 13 39 38 32 23 15 15 15 7 20 11 31 14 16 16 17 29 19 28 23 24 11 35 34 28 19 12 14 27 11 13 16 14 28 6 10 27 18 3 25 23 31 11 1 25 22 21 19 43 22 20 7 21 19 27 7 5 9 10 19 13 25 31 27 16 10 24 14 11 23 18 11 
22 20 50 48 10 44 31 39 42 35 14 41 39 46 28 16 16 21 26 19 22 2 12 17 8 14 19 18 19 3 12 18 24 21 21 38 9 16 5 16 18 17 17 4 15 56 18 52 35 44 42 40 20 49 47 47 34 22 36 63 42 52 39 48 34 60 59 46 43 36 34 15 20 1 19 27 31 31 8 20 26 38 48 35 44 31 56 55 42 40 33 28 23 24 11 35 34 28 19 12 30 34 17 44 43 36 28 20 26 6 32 30 39 20 8 15 41 40 32 25 18 28 28 11 15 21 52 39 36 30 37 35 30 26 13 16 
21 20 43 38 4 34 25 31 38 27 10 32 29 41 21 10 26 15 17 26 14 7 2 19 1 22 11 11 18 7 20 13 16 29 13 9 57 19 4 25 11 12 17 10 23 46 9 42 27 35 35 31 10 39 37 40 25 13 30 54 33 42 30 39 27 51 50 36 34 29 28 16 15 8 17 31 26 27 2 20 30 29 38 26 35 24 47 46 32 31 26 19 17 15 10 26 25 21 10 10 23 24 11 35 34 28 19 12 19 8 23 21 35 13 6 11 32 31 24 15 12 22 23 7 14 25 43 30 28 24 27 27 24 18 7 14 
11 8 44 49 16 45 27 36 31 32 14 42 41 37 26 17 20 19 36 31 34 15 20 2 19 26 31 31 9 19 25 17 36 34 33 16 19 46 19 28 31 31 6 20 27 59 27 55 35 45 35 41 25 52 51 42 36 28 50 72 50 59 42 56 47 69 68 48 53 49 48 31 34 15 34 42 46 46 17 36 42 47 55 38 53 44 65 65 44 50 46 34 19 31 26 44 43 25 29 27 28 40 30 52 51 35 36 32 24 11 35 34 28 19 12 30 50 49 31 34 31 42 42 14 31 36 62 41 47 44 40 46 44 25 17 32 
23 21 47 43 7 39 29 35 41 31 12 36 34 45 25 13 22 19 20 22 17 4 7 20 2 18 13 13 20 3 15 16 19 25 15 5 4 19 49 20 12 12 18 6 18 50 12 46 31 40 39 35 14 43 41 44 29 17 31 57 36 46 34 42 29 54 53 41 37 31 29 13 15 4 15 28 27 27 3 18 27 33 42 30 38 26 50 49 37 34 28 23 21 19 8 29 28 25 13 8 27 28 12 39 37 33 22 14 23 8 27 25 38 17 7 11 35 34 28 19 12 23 23 9 12 21 46 34 31 25 32 30 25 22 10 13 
38 35 67 63 27 59 48 56 58 52 31 57 55 63 45 33 11 38 38 4 34 19 28 30 23 2 31 29 34 17 5 35 36 5 32 16 25 28 20 22 29 27 32 14 2 70 32 66 52 60 59 56 35 63 61 64 50 37 42 74 55 64 55 60 42 71 69 61 54 45 39 18 27 18 23 15 36 34 24 19 16 51 60 51 56 38 67 65 57 50 41 43 40 39 19 48 46 45 32 21 47 48 28 57 55 53 42 31 43 23 48 46 55 37 25 24 53 51 49 38 27 35 34 28 19 12 62 55 47 38 52 46 36 42 30 21 
32 31 48 37 15 33 31 35 46 31 20 31 29 48 26 19 33 23 9 28 5 17 11 31 12 26 2 0 29 15 24 22 7 31 3 18 11 31 12 29 71 2 28 16 26 42 7 38 28 35 41 31 13 35 33 44 25 13 19 45 26 35 28 31 16 42 41 34 26 18 17 13 6 17 9 29 15 17 13 15 27 22 31 25 27 13 38 37 30 22 15 16 26 12 10 19 17 27 6 7 28 20 0 28 26 31 13 2 25 20 23 20 43 21 18 4 24 22 28 9 2 11 11 17 11 23 34 28 19 12 26 17 13 23 16 9 
33 32 50 39 16 36 33 37 48 34 21 34 31 50 29 21 32 25 11 26 7 17 13 31 12 24 5 2 30 14 22 23 9 29 5 17 12 31 12 27 2 68 29 15 24 44 9 40 31 37 43 33 15 38 35 47 27 16 19 47 28 37 30 33 16 44 42 36 27 19 17 10 4 16 7 27 14 15 13 13 25 24 33 27 29 13 40 38 33 23 16 19 27 14 8 21 19 30 8 5 30 22 2 30 28 34 16 4 27 20 25 23 45 23 18 2 26 24 30 12 0 11 11 18 8 21 35 31 20 13 28 19 12 25 18 6 
6 3 38 43 13 39 20 30 26 26 9 36 34 31 20 11 25 12 32 35 30 15 17 4 17 29 28 28 2 19 28 11 32 37 30 17 17 6 18 32 28 29 57 21 31 53 24 49 29 38 29 35 21 46 45 35 30 23 47 67 45 53 36 51 43 64 63 42 48 45 46 32 33 16 34 44 44 45 15 36 44 42 50 32 48 42 61 60 38 45 43 29 12 27 26 39 39 19 25 27 22 34 28 47 46 28 31 30 18 10 29 28 23 13 11 29 45 44 24 30 30 39 40 11 31 38 57 35 42 41 34 42 41 19 12 31 
27 25 53 49 13 45 35 42 46 38 18 43 40 50 31 19 17 25 25 15 21 6 13 22 9 11 18 17 23 2 9 22 23 18 19 4 10 20 6 14 16 15 21 38 12 56 18 52 37 46 45 42 21 49 47 50 35 23 34 62 42 51 40 47 32 59 57 47 42 34 31 11 17 5 15 23 28 28 10 15 22 38 47 36 44 29 55 54 43 38 31 29 26 25 7 35 33 31 19 10 33 34 16 44 42 39 28 18 29 11 34 32 43 23 11 13 40 39 35 24 15 26 25 15 11 16 50 40 35 28 38 34 27 28 16 12 
37 34 65 61 25 57 47 54 57 50 30 55 52 61 43 31 13 37 36 4 32 18 25 30 21 2 29 27 33 15 2 34 33 6 29 15 23 27 18 2 26 24 31 12 25 68 30 64 50 58 57 54 33 61 59 62 47 35 40 71 52 62 52 58 40 68 66 59 52 42 36 15 24 16 21 15 33 32 22 17 15 48 58 49 54 36 64 63 55 48 38 41 38 36 16 45 43 44 30 19 45 46 26 55 53 51 39 28 41 21 46 44 54 35 23 22 51 49 47 35 24 33 31 27 16 11 59 52 45 35 50 43 34 41 28 19 
51 53 34 11 46 14 36 28 47 30 45 17 19 44 34 43 72 40 32 70 36 53 44 57 48 67 39 41 51 54 65 42 35 73 39 56 46 59 50 70 42 44 53 56 68 48 38 4 24 16 36 19 36 7 9 32 23 33 40 23 18 13 17 16 35 22 23 11 22 34 43 55 46 54 50 71 45 48 48 56 69 22 15 20 19 39 22 24 14 25 37 27 41 31 51 24 26 36 37 49 32 22 42 16 19 27 28 40 35 52 24 25 46 40 50 46 20 23 30 32 44 41 43 46 53 65 24 18 27 39 19 29 41 34 43 51 
26 26 41 31 11 27 24 28 39 24 14 25 23 41 19 13 35 17 8 32 6 16 7 27 10 29 5 6 24 16 27 15 8 35 7 18 9 27 12 32 7 9 24 18 30 38 81 34 21 29 34 25 5 31 29 37 18 6 24 45 24 33 22 30 19 42 41 29 25 21 23 18 13 17 16 35 22 23 11 22 34 20 29 19 26 18 38 37 25 22 19 10 19 6 14 17 16 20 1 12 21 16 7 26 25 24 10 7 18 17 17 14 36 15 15 10 23 22 21 6 9 16 18 13 17 29 34 23 19 17 20 18 18 16 11 15 
48 49 33 9 42 11 32 25 45 27 41 14 15 41 30 39 68 37 29 66 32 49 40 54 44 63 35 37 48 50 61 38 31 69 35 52 42 55 46 66 38 40 49 52 64 4 34 46 21 13 33 15 32 3 5 30 19 29 37 24 15 12 13 14 32 22 23 7 19 31 40 51 42 50 46 67 42 45 44 53 65 18 13 17 16 35 22 23 11 22 34 23 38 27 47 20 23 32 33 45 29 18 38 13 16 24 24 36 32 48 20 21 43 36 46 43 17 20 26 28 40 37 40 42 49 61 23 14 23 35 15 26 38 30 40 47 
26 28 20 13 25 10 11 7 26 6 22 6 6 24 9 20 51 16 23 53 24 32 24 33 28 49 25 28 27 34 47 19 25 56 27 35 27 35 31 52 28 31 29 37 50 24 21 21 37 9 16 5 16 18 17 17 4 15 39 42 24 28 8 27 33 40 40 13 28 33 40 40 34 34 38 57 40 42 27 44 56 23 26 7 26 34 38 38 10 27 34 13 17 16 35 22 23 11 22 34 8 14 29 24 25 4 17 27 11 30 6 8 23 17 28 32 24 25 5 20 31 34 36 24 38 51 36 7 26 34 7 28 36 10 22 37 
36 38 20 5 34 3 19 11 31 14 32 3 6 28 18 29 60 26 27 61 30 41 32 43 37 58 32 35 36 43 55 28 30 64 33 44 35 45 40 60 35 37 38 46 58 16 29 13 9 26 19 4 25 11 12 17 10 23 41 37 22 24 7 24 36 35 36 6 27 35 43 48 40 43 44 65 44 46 36 51 63 23 23 10 24 38 34 35 6 27 37 18 26 23 43 23 25 20 29 41 17 16 35 22 23 11 22 34 20 40 12 14 30 26 37 39 23 25 14 26 38 38 41 33 46 58 33 6 27 37 9 30 40 20 31 44 
24 27 8 24 32 22 10 8 11 10 27 20 20 8 14 25 55 20 37 61 38 39 33 32 36 56 39 41 26 42 54 23 39 64 41 42 35 35 39 59 41 43 29 45 57 36 34 33 16 19 34 19 28 31 31 6 20 27 54 57 39 43 24 43 48 54 55 26 44 49 55 51 47 40 50 67 54 56 35 55 66 39 41 23 42 49 53 53 24 43 49 28 18 30 46 38 39 13 34 45 13 30 41 40 41 11 32 41 16 35 22 23 11 22 34 44 40 41 13 35 44 49 51 30 50 61 52 22 42 49 23 44 50 17 29 49 
32 34 21 8 30 4 17 10 30 11 28 1 2 27 15 25 56 22 24 57 26 37 28 39 32 53 28 30 33 39 51 24 26 60 29 40 31 41 35 56 31 33 35 42 54 19 25 15 5 4 19 33 20 12 12 18 6 18 38 37 21 24 5 24 32 35 36 7 25 32 40 43 36 38 40 60 41 43 32 47 59 21 22 6 23 34 33 34 5 25 34 14 22 18 39 20 22 17 25 37 13 13 31 20 22 8 18 30 17 36 8 10 28 22 33 35 22 23 11 22 34 35 37 29 42 54 32 3 25 34 5 27 36 16 27 40 
22 22 35 28 10 24 18 22 33 19 11 21 19 35 13 9 36 11 12 36 11 17 8 24 12 32 10 12 20 18 30 11 13 39 13 20 10 25 14 35 13 15 21 21 33 36 5 32 16 25 28 20 71 29 27 32 14 2 28 46 24 33 19 30 24 43 42 26 27 25 28 24 19 18 22 40 27 29 12 27 39 21 29 15 27 23 40 39 22 24 24 8 14 6 18 18 18 15 6 17 15 14 13 26 25 19 10 12 12 17 12 10 30 9 14 16 24 23 15 9 15 22 23 11 22 34 36 19 21 22 17 21 24 10 8 21 
44 46 31 7 39 8 29 22 42 24 38 11 12 39 27 36 65 33 26 64 30 46 37 50 41 61 32 35 45 47 58 35 29 66 33 49 39 52 43 63 35 38 46 49 61 7 31 3 18 11 31 12 29 44 2 28 16 26 36 26 14 13 10 14 31 24 25 5 19 29 39 48 40 47 44 65 40 43 41 50 63 17 13 13 15 34 23 24 8 21 32 20 34 24 45 18 21 29 30 42 26 15 36 13 15 21 21 34 29 45 17 18 41 33 43 40 16 18 23 26 38 35 38 39 46 59 23 11 22 34 12 24 36 27 36 44 
43 45 32 8 37 9 29 22 42 24 37 11 11 40 26 34 63 32 24 61 27 44 35 49 39 58 30 32 43 45 56 34 27 64 30 47 37 51 41 61 33 35 45 47 59 9 29 5 17 12 31 12 27 2 47 29 15 24 34 25 12 12 9 13 28 23 24 5 16 27 36 46 37 45 41 62 38 40 39 48 60 14 11 12 13 31 22 23 7 18 30 18 33 22 42 16 18 28 28 40 25 13 33 11 13 21 19 31 28 44 15 17 41 32 41 38 14 16 23 23 35 33 35 37 44 56 22 10 19 31 11 22 34 26 35 42 
30 33 3 21 37 20 15 9 16 13 32 19 20 11 19 31 61 25 40 66 41 44 37 39 41 61 42 44 32 47 60 28 42 69 44 47 40 42 44 64 44 47 35 50 62 32 37 30 17 17 6 18 32 28 29 22 21 31 56 54 39 41 23 42 50 52 53 24 44 50 57 56 50 46 54 72 57 59 40 59 71 39 40 23 41 51 51 52 23 44 51 30 24 33 50 38 40 18 38 49 17 30 45 39 40 13 34 44 21 41 23 25 17 27 39 48 40 42 16 37 47 51 53 35 54 65 51 22 43 51 23 45 53 22 34 53 
28 29 25 14 24 10 14 12 30 10 22 7 5 29 11 19 50 17 18 51 21 31 22 34 26 47 22 24 28 32 45 19 21 53 23 34 25 36 29 50 25 27 30 35 47 23 18 19 4 10 20 6 14 16 15 21 44 12 34 39 19 25 6 24 28 36 36 12 24 28 35 37 30 32 34 54 36 38 26 40 52 18 23 3 22 29 34 34 8 23 29 9 18 12 32 17 19 13 18 31 10 9 25 20 21 9 13 24 12 30 1 4 27 17 27 29 20 21 8 16 27 30 32 23 35 47 32 5 22 29 4 23 31 11 21 34 
24 24 34 25 13 21 18 21 34 18 13 19 17 35 13 11 39 13 11 38 11 20 10 27 14 35 11 13 22 20 32 12 12 41 13 22 13 28 17 37 13 16 23 23 35 33 6 29 15 23 27 18 2 26 24 31 12 68 28 43 22 31 17 28 22 40 40 23 25 24 28 25 19 21 23 42 27 29 14 29 40 19 27 13 25 22 37 37 19 22 23 6 15 4 20 16 16 15 7 18 14 12 14 24 23 18 8 13 12 19 10 8 31 11 17 17 22 21 14 8 16 21 23 13 23 35 34 17 19 22 14 20 23 10 11 22 
50 50 59 41 34 39 46 46 62 44 38 38 36 62 41 37 50 40 17 40 17 36 30 50 31 41 19 19 48 33 38 39 15 42 17 36 30 50 31 42 19 19 47 34 40 40 24 37 39 41 54 38 28 36 34 56 34 28 76 34 21 29 34 25 5 31 29 37 18 6 4 24 16 36 19 36 7 9 32 23 33 19 25 32 21 5 27 25 35 15 5 26 43 24 26 18 16 43 22 24 42 25 19 24 21 43 21 17 40 39 32 30 59 38 37 20 20 17 41 20 18 8 8 36 24 32 22 35 14 6 33 11 6 38 35 21 
66 67 57 33 56 34 54 48 68 49 57 36 36 65 50 55 79 55 37 73 40 61 53 71 55 72 43 45 66 60 69 56 38 75 42 63 54 72 57 74 45 47 67 62 71 23 45 24 42 37 57 37 46 26 25 54 39 43 34 8 21 13 33 15 32 3 5 30 19 29 38 56 47 62 50 70 41 43 56 56 67 24 16 36 19 36 7 9 32 23 33 37 56 40 55 27 29 52 44 53 50 32 46 19 20 46 35 43 51 62 38 39 66 54 60 49 22 23 47 38 47 39 41 57 55 65 12 35 26 36 35 28 38 49 55 52 
45 46 42 20 35 19 34 31 49 30 36 20 19 48 30 34 59 34 16 54 20 40 31 49 34 52 23 25 44 40 50 35 19 57 23 42 33 50 36 55 26 28 45 42 52 18 24 15 24 22 39 21 24 14 12 39 19 22 21 21 49 9 16 5 16 18 17 17 4 15 25 38 28 41 32 53 26 29 35 39 51 4 5 16 2 20 15 15 16 6 18 16 36 19 36 7 9 32 23 33 30 11 26 2 1 28 14 24 31 41 19 18 47 33 39 30 1 4 28 17 28 22 25 36 36 48 12 17 8 20 16 10 23 29 33 34 
53 54 44 20 44 21 40 34 54 35 44 23 22 52 37 42 68 41 26 64 30 50 40 57 44 62 33 35 52 49 59 42 28 66 32 52 42 59 46 64 35 37 53 51 62 13 33 12 28 24 43 24 33 13 12 41 25 31 29 13 9 33 19 4 25 11 12 17 10 23 32 47 38 50 42 62 35 37 44 48 60 13 4 22 8 28 10 11 19 14 26 24 43 27 45 16 18 38 32 43 36 19 36 7 9 32 23 33 37 50 25 25 52 40 48 40 11 13 33 27 37 31 33 44 46 57 11 21 17 29 21 19 31 36 42 43 
34 36 26 8 30 5 20 15 34 15 28 4 3 32 17 25 56 23 20 55 23 37 27 40 31 52 25 28 34 38 50 25 23 58 26 39 30 42 34 55 28 30 36 40 52 17 22 13 8 7 24 5 19 10 9 23 6 17 34 33 16 19 72 19 28 31 31 6 20 27 36 41 33 38 37 58 36 39 31 44 56 16 17 4 18 30 29 29 2 20 29 12 24 16 37 15 18 19 22 35 16 8 28 16 17 12 14 27 19 36 7 9 32 23 33 33 17 18 14 19 31 31 33 29 39 51 28 1 20 30 2 22 32 17 27 37 
51 52 44 21 41 21 39 34 53 34 42 23 22 52 35 39 65 39 22 60 26 46 37 55 40 58 29 31 50 45 55 40 24 62 28 48 39 56 42 60 31 33 51 47 58 16 30 14 27 24 43 24 30 14 13 42 24 28 25 15 5 4 19 38 20 12 12 18 6 18 28 43 34 47 38 58 30 33 41 44 56 9 1 21 4 24 10 10 19 10 22 22 41 24 41 12 14 37 29 39 34 16 32 3 5 32 20 29 36 47 23 23 51 38 44 36 7 9 32 23 33 27 29 41 42 53 9 20 13 25 20 15 27 34 39 39 
46 45 53 35 30 33 40 40 56 38 34 32 30 57 36 33 49 35 11 41 13 33 27 46 28 40 15 15 44 31 38 35 11 43 13 34 27 47 29 42 16 16 43 32 40 35 19 32 33 36 48 32 24 31 28 50 28 22 5 32 16 25 28 20 72 29 27 32 14 2 8 24 15 33 18 38 10 12 29 24 35 13 21 26 17 4 25 23 30 10 1 20 38 19 24 12 10 37 18 22 36 19 16 19 16 37 16 14 35 36 27 25 53 34 34 19 15 12 35 14 16 7 9 32 23 33 20 29 8 4 27 6 6 33 31 21 
64 64 55 31 53 32 51 46 65 46 54 34 34 63 48 52 76 52 33 70 37 58 49 68 52 69 40 42 63 57 66 53 35 72 39 60 51 69 54 71 42 44 64 59 68 22 42 22 40 35 54 35 43 24 23 52 36 40 31 3 18 11 31 12 29 14 2 28 16 26 35 53 43 59 47 67 38 40 53 53 64 21 13 33 15 33 4 6 30 20 30 34 54 37 52 24 26 50 41 49 47 29 43 16 17 44 32 40 48 59 36 36 63 51 57 46 19 20 45 35 44 36 38 54 52 62 9 32 23 33 32 25 35 47 52 49 
63 64 56 32 52 33 51 46 66 47 54 35 34 63 48 51 75 51 32 68 36 57 48 67 51 67 39 40 62 56 64 52 34 70 38 59 50 68 53 69 41 42 63 57 66 23 41 23 40 36 55 36 42 25 24 53 36 40 29 5 17 12 31 12 27 2 18 29 15 24 33 51 42 57 45 65 36 38 52 51 62 20 13 33 15 31 2 4 30 19 28 34 53 36 50 23 24 50 40 48 47 29 41 16 16 44 31 39 48 58 36 36 64 50 56 45 18 19 45 34 42 34 36 53 50 60 7 33 22 31 32 23 33 46 51 47 
40 42 26 3 36 3 25 17 37 19 34 6 7 34 23 32 62 29 25 62 29 43 34 46 38 58 31 33 40 44 56 31 28 64 32 46 36 48 41 61 34 36 42 47 59 11 29 7 13 6 26 7 26 5 5 24 12 23 37 30 17 17 6 18 32 28 29 65 21 31 40 47 39 44 43 64 41 43 38 49 62 18 17 10 18 34 27 28 4 23 33 18 30 22 43 19 22 24 29 41 21 14 34 16 18 16 20 32 24 42 13 15 36 29 40 39 18 20 19 24 37 36 38 36 45 57 27 7 23 34 9 25 37 23 33 43 
48 49 47 25 37 24 38 35 54 34 38 25 23 52 34 36 59 37 17 54 21 42 33 52 36 52 24 25 47 40 50 37 19 56 23 43 34 53 37 54 26 27 48 42 52 22 25 19 28 27 44 25 27 19 16 44 24 25 18 19 4 10 20 6 14 16 15 21 47 12 22 37 28 42 32 52 24 26 36 38 49 5 7 21 3 18 12 12 21 4 15 19 39 21 36 8 9 36 24 33 34 14 26 5 3 32 16 24 34 43 22 22 51 36 40 30 3 3 32 19 27 20 23 38 36 47 9 22 7 18 20 9 20 32 35 33 
47 47 53 34 32 32 41 40 57 39 36 32 30 57 36 34 51 37 13 43 15 35 28 48 30 43 17 18 45 33 40 36 12 46 15 36 29 49 31 45 18 19 45 34 42 34 21 31 33 35 49 32 25 29 27 50 28 24 6 29 15 23 27 18 2 26 24 31 12 67 9 27 18 35 21 40 12 14 31 27 38 12 19 26 15 6 22 20 29 8 4 21 39 20 27 11 9 38 20 24 37 19 18 17 15 37 16 16 36 38 27 25 54 35 36 21 13 10 36 15 19 9 11 34 26 36 17 29 7 7 27 5 9 34 32 23 
49 48 60 43 33 41 46 47 62 45 37 40 38 63 41 36 47 40 17 37 17 33 29 48 29 37 18 17 46 30 35 38 15 38 15 34 28 48 29 39 17 17 46 31 36 43 23 40 40 43 55 40 28 39 36 57 35 28 4 38 25 32 36 28 8 35 33 40 22 9 68 21 13 33 15 32 3 5 30 19 29 21 29 34 25 5 31 29 37 18 6 27 42 24 23 20 18 43 22 21 42 27 17 27 24 44 22 16 40 37 34 31 59 38 35 18 23 20 41 20 16 6 5 35 20 28 26 37 16 6 34 14 4 38 34 18 
36 35 59 50 20 46 41 46 54 42 26 44 42 57 37 26 26 31 22 16 18 17 18 33 15 16 15 13 33 12 13 29 19 19 15 15 16 31 13 18 13 10 32 11 15 55 18 51 40 48 51 43 24 48 46 56 37 25 24 56 38 47 41 43 24 53 51 47 37 27 21 43 9 16 5 16 18 17 17 4 15 34 43 37 39 20 49 47 43 33 23 29 34 25 5 31 29 37 18 6 38 33 12 40 38 43 26 14 35 21 35 33 51 29 21 8 36 34 39 22 10 17 16 23 1 10 44 41 30 20 39 28 18 33 23 4 
37 36 54 42 20 38 37 41 52 37 25 37 34 54 32 25 34 29 13 26 10 20 17 35 16 25 8 6 34 16 22 27 10 28 7 20 15 34 15 27 6 4 33 17 24 46 13 42 34 40 47 36 19 40 37 50 30 19 16 47 28 38 33 34 15 43 42 39 28 18 13 9 58 19 4 25 11 12 17 10 23 24 34 30 30 11 40 38 35 24 14 21 31 18 9 22 19 34 12 7 34 25 5 31 29 37 18 6 31 23 29 26 49 27 22 4 27 25 34 14 3 8 8 22 8 19 35 34 21 11 31 19 10 29 22 5 
21 19 49 46 8 42 30 38 41 33 13 39 37 45 27 15 18 20 25 20 21 1 10 17 6 15 18 17 18 3 13 17 23 23 20 1 8 15 4 18 17 16 16 5 16 54 17 50 34 43 40 38 18 47 45 46 32 21 36 62 41 50 38 47 33 59 57 44 42 35 33 16 19 68 19 28 31 31 6 20 27 37 46 34 43 30 55 54 40 38 32 27 21 23 11 34 33 27 17 12 29 32 17 43 42 35 27 19 25 5 31 29 37 18 6 15 40 39 31 23 17 27 27 10 15 22 51 37 35 30 35 34 29 24 12 16 
38 37 57 46 21 43 40 44 54 41 27 41 38 57 36 27 31 31 17 22 14 19 18 35 17 22 12 9 35 15 19 29 14 24 11 19 17 34 15 23 9 7 34 15 21 50 16 46 38 44 50 40 22 44 41 54 34 23 19 50 32 42 37 38 18 47 45 43 32 21 15 5 4 19 50 20 12 12 18 6 18 29 38 34 34 15 43 42 40 28 17 25 34 21 8 26 24 36 16 7 37 29 9 35 33 41 22 10 34 24 32 30 51 29 23 5 31 29 37 18 6 11 10 24 5 15 38 38 25 14 35 23 13 32 23 2 
50 47 75 66 35 63 57 63 69 59 41 61 58 73 53 42 27 47 38 11 34 29 34 44 31 17 32 30 46 25 16 44 35 11 31 27 31 42 28 15 29 27 44 23 15 71 35 67 57 65 67 60 40 65 62 72 54 42 36 70 53 62 58 58 38 67 65 64 52 40 32 16 25 28 20 11 29 27 32 14 2 49 58 54 54 34 63 61 60 48 36 46 49 42 21 47 44 53 35 23 55 50 29 56 53 60 43 31 51 34 52 50 66 45 34 25 51 49 56 39 27 31 29 37 18 6 58 58 45 33 56 43 31 50 38 20 
47 46 60 44 31 42 45 47 61 44 36 41 38 62 41 35 44 39 17 33 16 31 27 46 27 34 17 15 45 28 32 37 15 35 14 31 26 46 27 36 15 14 44 28 33 45 22 42 40 44 54 41 27 40 38 57 36 27 7 41 26 35 36 30 10 38 36 41 24 12 3 18 11 31 12 29 62 2 28 16 26 23 31 34 27 6 34 32 38 20 8 27 41 24 20 21 19 42 21 18 41 28 15 29 26 44 22 15 39 35 34 32 58 37 33 15 25 22 41 19 14 5 4 33 17 25 29 37 18 6 35 16 4 37 32 15 
49 47 62 47 32 44 47 49 63 46 37 43 41 64 42 36 43 40 19 32 18 31 28 47 28 33 18 17 46 28 31 39 17 34 16 31 27 46 27 34 17 15 45 28 32 48 23 45 42 46 56 43 29 43 40 59 38 29 9 43 29 37 39 33 12 40 38 43 26 14 5 17 12 31 12 27 2 58 29 15 24 26 33 37 29 9 36 34 41 23 10 29 43 26 20 24 21 44 22 19 43 30 17 31 29 46 25 16 41 35 36 34 59 38 34 16 27 25 43 22 15 8 5 34 17 23 31 40 21 9 37 18 6 39 33 15 
20 18 43 40 3 36 25 32 37 28 9 33 31 41 21 10 24 15 19 25 16 5 4 17 1 21 13 13 17 7 19 12 18 28 16 8 2 17 3 24 13 13 15 10 22 48 11 44 27 36 35 32 12 41 39 40 26 14 32 56 35 44 31 41 29 53 52 38 36 31 30 17 17 6 18 32 28 29 75 21 31 31 40 27 37 27 49 48 34 33 28 20 17 16 11 28 27 21 12 11 23 26 13 37 36 29 21 15 19 6 24 22 34 13 4 13 34 33 25 17 14 24 25 5 15 25 45 31 30 26 29 29 26 18 6 16 
41 39 63 52 25 49 45 50 59 46 30 47 45 62 41 31 29 36 24 17 20 21 23 37 20 18 18 16 38 17 16 33 21 19 17 20 20 36 18 19 15 13 36 15 17 56 22 53 44 51 55 47 27 50 48 59 40 29 23 56 39 48 44 44 24 53 51 49 38 27 19 4 10 20 6 14 16 15 21 37 12 35 44 40 40 20 49 47 46 34 23 32 38 28 10 32 30 41 21 10 42 35 15 41 39 47 29 17 39 26 39 36 55 34 25 11 37 35 43 25 12 17 15 27 5 9 44 44 31 20 42 29 18 37 27 6 
49 47 74 65 34 61 56 61 68 58 40 59 57 72 52 41 28 46 36 13 32 29 33 44 29 17 30 28 46 24 17 43 33 12 29 26 30 42 27 16 27 25 44 22 15 69 34 65 56 63 66 59 39 63 60 71 52 40 33 67 51 60 56 56 35 64 62 62 49 38 29 15 23 27 18 2 26 24 31 12 13 47 56 52 52 31 60 58 58 45 34 44 48 40 20 44 42 52 33 21 53 48 27 53 51 58 41 29 50 33 51 48 65 44 34 23 49 47 54 37 25 28 26 36 17 5 55 56 43 31 54 40 29 48 37 18 
43 43 42 22 31 20 33 30 48 29 33 20 19 47 29 31 55 31 12 50 16 37 28 46 31 48 19 21 42 36 46 32 15 53 19 38 29 47 33 51 22 24 42 38 48 22 20 18 23 23 39 21 21 17 14 39 18 19 19 24 4 13 16 9 13 21 20 18 5 12 21 34 24 37 29 49 23 26 31 35 47 42 9 16 5 16 18 17 17 4 15 13 33 15 32 3 5 30 19 29 28 9 22 6 4 27 11 20 29 38 17 16 46 30 35 26 2 2 27 13 24 19 21 32 32 44 14 17 4 17 16 7 19 27 30 30 
50 51 43 20 40 20 37 33 52 33 41 21 21 50 34 38 64 38 22 60 26 46 37 54 40 58 29 31 49 45 55 39 24 62 28 48 38 55 42 60 31 33 50 47 58 15 29 13 26 23 41 22 29 13 11 40 23 27 25 16 5 4 17 1 21 13 13 17 7 19 29 43 34 46 38 58 31 33 40 44 56 9 27 19 4 25 11 12 17 10 23 21 40 24 41 12 14 36 28 39 33 15 32 3 5 30 19 29 35 46 22 22 50 37 44 36 7 9 31 23 33 27 30 41 42 53 10 19 13 25 19 15 27 33 38 39 
31 32 26 12 26 8 18 14 33 13 24 6 4 31 14 22 52 20 17 52 20 33 23 37 27 48 22 24 31 34 46 21 20 54 23 35 26 38 30 51 25 27 32 36 49 20 19 17 7 10 23 6 15 13 12 23 3 13 32 36 16 22 4 21 26 33 33 10 21 26 34 37 30 34 34 54 34 37 27 40 52 16 19 67 19 28 31 31 6 20 27 8 21 12 33 15 16 16 19 31 13 7 25 17 18 11 12 23 15 32 3 5 30 19 29 29 17 18 11 15 27 28 31 25 36 48 29 3 19 28 1 21 30 14 23 34 
48 49 44 22 37 21 37 33 52 33 38 22 21 50 33 36 61 36 18 56 22 42 33 52 37 54 25 27 47 41 51 37 20 58 24 44 35 53 38 56 27 29 48 44 54 19 26 16 26 24 42 23 27 15 13 41 22 25 21 19 2 8 18 4 17 15 15 18 3 15 25 39 30 43 34 54 27 29 37 40 52 5 4 19 31 20 12 12 18 6 18 19 38 21 37 9 10 35 25 35 32 13 28 2 1 30 16 25 33 43 21 21 50 35 41 32 3 5 30 19 29 23 25 38 38 49 10 19 9 21 18 11 23 31 36 35 
44 44 54 37 28 35 40 41 56 39 33 34 32 57 36 31 45 34 11 37 11 30 25 44 25 37 13 13 42 27 34 33 10 39 11 31 24 44 26 38 13 13 42 29 36 39 18 35 34 38 49 34 23 34 31 51 29 22 5 36 20 28 30 24 4 33 31 34 18 6 5 20 11 30 15 34 6 9 27 20 31 16 25 28 20 64 29 27 32 14 2 21 37 19 21 15 12 37 17 19 36 21 13 22 20 38 16 12 35 33 28 26 53 33 31 15 18 16 36 14 13 3 5 30 19 29 24 31 12 0 29 9 2 33 29 17 
61 61 54 30 50 31 49 44 63 44 51 33 32 61 45 49 72 49 30 66 33 55 46 64 49 65 37 38 60 53 62 50 31 68 35 56 47 65 50 67 38 40 61 55 64 22 38 22 38 34 53 33 40 23 22 51 34 37 27 7 15 10 29 10 25 4 2 27 12 22 31 49 40 55 43 63 34 36 49 49 60 18 11 31 12 29 6 2 28 16 26 31 51 34 48 21 22 47 37 46 45 26 39 13 14 42 29 36 46 56 33 33 61 48 53 42 15 16 42 32 40 32 34 51 48 58 5 30 19 29 30 21 31 44 48 45 
60 61 55 31 49 32 49 45 64 45 51 33 33 62 45 48 71 49 29 64 32 53 45 64 48 63 35 37 59 52 61 49 30 66 34 55 46 65 49 65 37 38 60 54 63 24 37 23 38 35 53 34 39 24 23 52 34 37 25 9 15 11 29 10 23 6 4 28 12 20 29 47 38 54 42 61 32 34 48 47 58 17 12 31 12 27 2 10 29 15 24 31 51 33 47 20 21 47 36 44 45 26 37 14 13 42 28 35 46 55 33 33 62 48 52 41 15 15 43 31 38 30 32 50 46 56 3 31 18 27 30 19 29 44 48 43 
36 38 26 6 32 3 21 15 35 16 30 4 4 33 19 28 58 25 22 58 25 39 30 43 34 54 27 30 37 40 52 27 25 61 28 42 32 44 37 57 30 33 38 43 55 14 25 11 10 6 24 5 22 8 7 23 8 19 35 32 16 19 2 19 30 30 30 4 21 29 37 43 35 40 40 60 38 41 34 46 58 17 17 6 18 32 28 29 61 21 31 14 26 18 39 17 19 21 25 37 18 10 31 16 17 13 17 29 21 38 9 11 33 25 36 35 17 19 15 21 33 33 35 32 42 54 27 3 21 32 5 23 34 19 29 40 
46 46 47 26 33 25 37 35 52 33 36 25 23 52 33 34 56 35 13 50 17 38 30 49 32 48 20 21 45 37 46 35 15 52 19 40 31 50 34 50 22 23 45 38 48 25 22 22 27 27 43 25 24 21 18 44 23 22 15 23 6 14 20 10 10 20 19 23 4 8 18 33 24 38 28 48 20 23 33 34 45 4 10 20 6 14 16 15 21 39 12 17 37 18 32 6 6 34 21 29 32 13 22 8 6 32 13 20 32 39 21 20 50 33 37 26 4 2 31 15 23 16 19 35 32 43 12 22 3 14 20 5 17 30 32 29 
46 45 54 36 30 34 41 41 57 39 34 33 31 57 36 33 48 35 12 39 13 32 26 46 27 39 15 15 43 30 37 35 11 42 12 33 26 46 28 41 15 16 43 31 38 37 19 34 34 37 49 34 24 32 30 51 29 23 5 33 18 26 29 22 1 30 28 33 15 4 6 23 14 32 17 36 8 10 28 23 34 15 23 27 18 2 26 24 31 12 59 21 38 19 23 13 11 38 18 21 37 20 15 20 18 38 16 13 35 35 27 25 54 34 33 18 16 14 36 15 15 5 7 32 22 32 21 30 10 3 28 7 5 33 30 19 
29 30 33 20 19 17 20 20 36 18 19 15 12 36 15 17 45 17 9 43 12 26 16 33 20 40 13 16 28 26 38 18 12 46 14 28 19 34 23 43 16 19 29 29 41 27 10 23 13 18 28 14 8 20 18 30 9 6 26 37 16 24 12 22 20 34 34 18 19 21 27 29 21 27 25 46 27 29 20 32 44 13 21 8 19 21 31 31 14 17 21 19 19 4 25 11 12 17 10 23 16 5 16 18 17 17 4 15 15 25 7 4 33 16 23 21 16 16 15 7 19 21 23 19 27 39 28 12 15 20 9 16 22 13 17 25 
10 11 27 31 14 27 8 17 20 13 8 24 22 23 7 7 36 2 26 42 25 20 15 16 18 37 24 26 10 24 35 4 27 45 27 23 17 19 21 40 26 27 12 26 38 41 19 38 17 26 18 22 14 34 33 24 18 15 43 56 36 43 24 41 38 54 53 30 39 39 42 34 31 21 34 49 41 43 17 38 48 33 40 21 38 37 51 51 26 37 38 19 32 19 28 31 31 6 20 27 9 24 26 37 37 16 23 26 5 16 18 17 17 4 15 28 36 36 12 23 28 36 37 11 32 42 48 23 34 36 22 35 38 7 10 32 
28 28 36 25 16 21 21 23 37 20 17 19 16 38 17 15 41 17 7 39 8 22 12 30 16 36 9 12 26 22 34 16 9 42 11 24 15 31 19 39 12 14 27 25 36 31 6 27 16 23 30 18 6 24 22 33 12 4 24 40 19 27 16 24 19 37 36 22 21 20 24 25 18 23 21 42 24 26 16 28 40 15 24 12 21 19 34 33 18 18 19 4 19 11 20 12 12 18 6 18 17 9 12 21 19 20 4 11 16 22 10 8 34 15 20 16 18 17 17 4 15 18 20 17 23 35 30 16 15 18 14 16 20 14 14 21 
31 29 53 45 14 42 35 41 48 37 20 40 37 52 31 21 24 26 19 18 15 11 13 27 9 16 12 10 28 7 14 23 17 21 13 11 10 26 8 19 10 8 26 7 16 51 14 47 35 43 46 39 18 45 42 50 32 20 26 55 36 45 37 41 24 52 50 43 36 27 23 5 9 11 8 21 20 20 11 10 20 32 41 33 37 21 48 47 39 32 23 25 28 20 33 29 27 32 14 2 33 29 9 38 36 38 23 12 29 16 31 28 45 24 15 5 34 32 34 19 8 18 17 17 4 15 43 37 29 20 34 27 19 28 17 5 
40 41 42 22 28 20 31 29 47 28 30 20 18 46 27 28 52 29 9 47 13 33 25 43 28 45 16 18 39 32 43 29 12 50 16 35 26 44 29 48 19 21 39 35 45 24 17 20 22 23 38 20 18 18 16 38 17 16 18 27 7 16 15 12 12 24 23 19 8 11 20 31 22 34 26 47 21 24 28 32 44 3 12 15 9 15 21 20 17 6 13 11 31 12 29 36 2 28 16 26 26 8 19 9 7 26 8 17 26 34 16 14 44 27 32 23 5 4 25 10 21 16 19 29 29 41 17 17 4 15 15 6 17 24 27 27 
40 40 43 25 27 23 32 31 48 29 30 22 20 48 27 28 50 29 7 45 11 32 24 43 26 43 14 16 39 31 41 29 10 48 14 34 25 43 28 46 17 19 39 33 43 26 16 23 23 25 39 22 18 21 18 40 19 16 16 29 9 18 18 14 10 26 24 22 9 9 18 29 19 33 24 44 19 21 27 30 42 5 14 16 10 12 22 21 19 6 11 12 31 12 27 2 35 29 15 24 27 9 17 11 9 28 8 15 27 33 17 16 45 27 31 21 7 5 26 9 19 14 16 29 27 39 18 19 3 12 17 4 15 25 26 25 
15 17 21 24 18 21 3 11 19 7 14 18 17 20 1 12 42 7 26 47 26 25 19 23 22 42 25 27 16 29 41 10 27 50 28 28 21 25 25 45 27 30 19 31 44 36 20 32 11 20 13 17 15 29 28 18 13 15 43 52 32 38 19 37 37 50 50 24 36 38 43 37 34 27 36 53 42 44 21 41 52 30 36 16 35 37 47 47 21 34 38 17 6 18 32 28 29 34 21 31 3 21 28 33 33 9 21 27 2 22 13 14 16 8 20 31 32 33 5 23 30 36 38 16 36 47 45 18 32 37 17 33 38 4 15 35 
27 27 41 31 12 27 25 28 40 25 16 25 23 42 20 14 35 18 7 33 5 17 8 28 11 30 4 6 25 16 27 16 7 35 6 19 10 29 13 32 6 8 25 19 30 37 1 33 22 29 34 25 6 30 28 38 18 7 22 44 23 32 22 29 18 41 40 29 24 20 22 18 12 17 16 35 21 22 12 21 33 19 28 19 25 17 37 36 25 21 18 10 20 6 14 16 15 21 9 12 21 15 6 25 24 25 9 6 19 18 17 14 37 16 16 10 22 21 21 5 9 15 17 14 16 29 33 23 18 16 20 17 17 17 12 15 
31 30 52 43 14 40 34 39 48 36 20 38 35 51 30 20 27 25 17 21 13 13 12 28 10 19 10 8 28 9 16 23 14 23 10 12 10 27 8 21 7 5 27 10 19 49 12 45 34 41 45 37 17 42 40 49 31 18 24 53 33 43 35 39 22 49 48 41 33 24 21 6 7 12 7 23 18 19 11 10 21 29 39 31 35 19 46 44 37 29 21 23 27 18 2 26 24 31 12 30 32 27 7 36 34 36 21 9 28 16 29 26 45 23 16 3 32 30 32 16 5 16 15 17 5 16 41 35 26 18 32 24 17 27 17 4 
18 20 20 21 20 18 4 8 20 4 16 14 14 20 2 14 45 9 25 49 25 27 20 26 24 44 25 27 19 30 42 12 26 52 27 30 23 28 27 47 28 30 22 33 45 32 21 29 8 17 13 13 15 26 25 17 10 14 42 50 30 36 16 34 36 47 47 21 34 37 42 38 34 29 37 55 41 43 23 42 53 28 33 13 32 36 45 45 18 32 37 16 9 17 33 26 27 3 21 32 39 19 28 31 31 6 20 27 4 25 11 12 17 10 23 31 30 31 2 22 30 36 38 19 37 48 42 15 31 36 14 32 38 4 17 36 
34 35 34 17 25 14 23 21 39 20 25 13 10 38 19 23 50 22 11 48 15 31 22 38 26 45 17 19 33 32 43 23 14 51 18 34 24 40 28 48 20 22 34 34 46 22 16 18 14 16 30 13 14 15 13 30 9 12 25 32 11 19 8 16 19 29 29 14 14 19 27 33 25 32 29 50 28 30 26 35 48 9 15 7 13 21 26 26 10 13 20 5 24 9 29 8 9 21 15 27 19 8 20 12 12 18 6 18 19 31 8 7 36 22 29 25 11 12 17 10 23 22 24 25 31 43 23 9 12 21 7 14 23 17 23 29 
31 31 48 37 15 34 31 35 46 32 20 32 29 48 27 19 33 23 10 28 6 16 11 31 11 26 3 1 29 14 23 22 7 30 3 17 11 30 12 28 0 2 28 16 26 42 7 38 29 35 41 31 13 36 33 45 25 14 19 46 26 36 28 32 16 43 41 34 26 18 17 12 5 17 9 29 15 17 13 15 27 22 32 25 28 13 39 37 31 22 15 16 26 12 9 19 17 28 6 7 28 20 50 29 27 32 14 2 25 19 23 21 43 21 18 4 25 23 28 10 2 11 12 17 10 23 34 29 19 13 26 18 13 23 16 8 
47 48 42 19 37 19 35 31 50 31 38 20 19 48 31 35 61 35 19 57 23 43 33 51 37 55 26 28 46 42 52 36 21 59 25 44 35 52 39 57 28 30 47 44 55 16 26 13 24 22 40 20 26 13 11 39 20 24 24 19 2 7 16 3 19 16 16 16 5 17 27 40 31 43 35 56 29 31 37 41 53 6 3 17 2 22 13 14 16 8 20 18 37 21 38 9 11 33 25 36 31 12 29 22 2 28 16 26 32 43 19 19 48 34 41 33 4 6 29 20 30 25 27 38 39 50 12 17 10 23 16 13 25 30 35 36 
47 47 43 21 36 20 35 32 51 31 37 21 20 49 32 35 59 35 17 55 21 41 32 50 35 53 24 26 46 40 50 36 19 57 23 43 34 51 37 55 26 28 46 42 53 19 25 16 25 23 41 22 25 15 13 40 21 23 21 20 1 9 17 5 16 17 16 18 3 15 24 38 29 42 33 53 26 29 36 39 51 4 5 18 1 20 14 13 17 6 18 17 37 19 36 7 9 33 24 34 31 12 27 2 24 29 15 24 32 42 20 19 48 34 40 31 2 4 29 18 28 22 25 37 37 48 11 18 8 20 17 10 23 30 34 34 
25 27 16 16 26 12 8 3 21 2 22 9 9 20 8 20 51 16 27 55 28 34 25 32 30 50 29 31 26 36 48 18 29 58 31 36 28 35 33 53 31 34 28 39 51 27 24 24 4 11 11 8 19 21 21 13 9 18 43 46 28 32 12 32 37 44 44 16 32 37 44 43 37 35 41 60 44 46 29 47 58 27 30 11 30 38 42 42 13 32 38 17 16 20 38 26 28 9 25 36 6 18 32 28 29 35 21 31 10 31 10 12 19 17 29 35 29 30 4 24 34 38 40 25 41 53 40 11 31 38 12 32 40 10 23 40 
32 32 38 23 20 20 24 25 40 22 22 18 16 41 20 20 45 21 5 42 8 26 17 35 20 39 11 13 31 26 37 21 8 45 11 28 19 36 22 42 13 16 31 28 39 28 10 24 17 22 32 18 10 21 19 34 13 8 21 35 14 23 14 20 16 32 31 20 16 16 22 26 18 27 22 43 22 25 21 29 41 11 19 12 16 16 29 28 17 13 16 4 23 4 23 8 8 21 9 21 20 6 14 16 15 21 21 12 19 27 11 9 37 19 24 18 13 13 19 4 16 17 19 21 25 37 25 15 11 16 13 12 18 17 19 23 
32 32 47 35 16 32 31 34 46 31 21 30 28 48 26 20 35 24 7 30 3 19 13 32 13 28 2 1 30 17 26 22 5 33 1 20 12 32 14 31 2 4 30 18 28 40 7 36 27 34 41 30 12 34 31 44 24 13 17 43 24 33 27 29 14 40 39 32 24 16 16 14 6 19 10 31 15 16 15 17 29 20 29 23 25 12 36 35 29 20 13 15 26 11 12 17 15 27 6 9 27 18 2 26 24 31 12 46 25 21 22 19 43 22 19 6 22 20 27 8 4 9 11 18 12 25 32 27 17 11 25 15 12 23 17 10 
15 17 24 25 16 21 6 13 21 8 12 18 16 23 2 10 41 5 23 45 23 23 16 22 20 40 23 25 16 26 38 8 25 48 25 26 19 24 23 43 25 27 18 29 41 35 18 32 11 20 16 17 12 29 28 21 12 12 40 51 31 37 19 36 35 48 48 24 34 36 40 35 31 25 34 51 39 41 19 39 50 29 35 15 33 35 46 46 21 32 35 15 5 16 29 26 27 2 19 28 4 19 25 32 32 10 19 25 38 20 12 12 18 6 18 28 31 31 6 20 27 34 35 14 33 44 43 17 30 34 16 31 36 2 12 32 
15 13 44 44 6 40 25 33 35 29 8 37 35 39 23 10 20 15 26 25 23 4 9 11 7 20 20 20 12 9 19 12 25 28 22 6 8 11 8 23 20 20 10 11 21 52 17 48 30 40 35 36 17 45 44 41 30 19 39 62 41 50 36 47 36 59 58 42 43 38 37 21 23 5 24 34 35 35 6 26 33 38 46 32 43 33 56 55 38 39 35 25 16 22 16 34 33 22 18 16 25 31 19 43 42 31 27 21 20 56 29 27 32 14 2 19 40 39 27 24 20 31 31 6 20 27 52 35 36 33 33 36 33 20 9 21 
28 29 26 15 23 11 15 13 31 12 21 8 6 30 12 18 49 17 17 49 19 30 20 33 25 45 20 23 28 31 43 18 19 52 21 32 23 35 27 48 23 25 29 34 46 24 17 20 6 12 22 8 12 17 15 23 1 10 32 38 19 25 7 23 27 36 36 13 22 27 34 35 29 31 32 52 34 36 24 39 51 17 22 3 21 28 33 33 9 21 27 7 18 10 31 16 17 13 17 29 11 8 23 19 20 10 11 22 12 29 62 2 28 16 26 27 19 20 9 14 26 28 30 22 34 46 31 6 20 27 4 22 30 11 20 32 
27 28 28 17 21 13 16 15 32 13 19 11 8 32 12 17 47 16 14 47 16 28 18 32 22 43 18 20 27 29 41 17 17 50 19 30 21 34 25 46 20 23 28 32 44 25 14 21 8 14 23 10 10 18 17 25 4 8 30 39 18 25 9 23 25 36 36 15 22 25 31 33 26 29 30 50 32 34 22 36 48 16 22 5 21 26 33 33 11 20 25 4 17 8 28 14 16 14 14 26 12 7 21 19 19 12 9 19 12 27 2 63 29 15 24 25 18 19 10 12 23 26 28 20 31 43 31 8 19 25 6 20 27 10 18 29 
17 20 18 35 30 32 13 18 3 17 25 29 29 8 17 24 49 19 42 58 42 36 32 25 35 52 41 43 20 40 51 21 43 60 43 39 35 28 38 55 43 45 23 43 54 46 36 43 23 30 11 28 30 41 41 17 27 31 59 66 47 52 32 51 53 63 64 36 51 54 59 51 49 37 51 66 58 59 34 55 65 46 50 30 50 53 61 62 33 50 54 33 17 34 45 44 45 16 37 45 17 36 43 48 48 19 37 43 18 32 28 29 13 21 31 45 48 48 19 39 45 52 54 28 49 59 60 31 48 53 31 49 54 20 27 49 
12 13 30 30 10 26 11 19 25 15 5 23 21 27 8 3 34 2 22 39 21 17 11 17 14 34 20 21 11 20 32 2 23 42 22 20 13 19 17 37 21 23 13 23 35 40 15 36 17 26 22 22 9 33 32 27 17 11 38 54 33 40 23 38 34 51 50 29 36 35 38 29 27 18 29 45 37 38 13 34 44 30 37 19 35 33 48 48 25 33 34 16 4 15 24 27 27 8 16 23 10 22 21 34 34 17 19 22 6 14 16 15 21 41 12 23 32 32 12 19 23 31 33 8 28 38 45 22 31 32 21 31 33 6 6 27 
15 14 42 41 3 37 23 31 34 27 6 34 32 38 21 8 22 13 24 27 21 5 7 13 6 22 18 18 12 9 20 10 23 30 20 8 6 12 7 25 18 18 11 11 23 50 15 46 28 37 34 33 14 43 41 39 27 17 37 60 39 48 33 44 34 57 56 40 40 36 35 21 22 6 23 34 33 34 4 25 34 35 44 29 41 31 53 52 36 37 33 23 15 20 15 32 31 20 16 16 23 29 18 41 40 29 24 19 18 2 26 24 31 12 55 18 38 37 24 21 19 29 30 4 20 28 49 33 34 31 31 34 31 18 6 20 
33 31 52 41 16 38 34 39 48 35 21 36 33 51 30 21 30 25 14 24 10 15 13 30 11 22 7 5 30 12 19 23 11 26 7 15 11 30 11 24 4 2 29 13 22 46 10 43 32 39 44 35 16 40 38 48 29 17 20 49 30 40 33 36 19 46 45 39 30 21 18 8 4 15 5 25 15 16 13 11 23 26 36 29 32 15 42 41 35 26 18 21 28 16 5 23 21 31 10 3 31 25 4 33 31 35 18 6 28 19 27 25 45 23 18 41 29 27 32 14 2 12 12 18 6 18 38 33 23 15 30 21 14 26 18 4 
45 46 43 22 34 20 34 31 50 31 35 21 20 49 31 33 57 34 15 53 19 39 30 49 33 51 22 24 44 38 48 34 17 55 21 41 32 50 35 53 24 26 45 40 51 20 23 17 24 23 40 22 24 16 14 40 20 22 20 22 1 11 17 7 15 19 18 18 3 13 23 36 27 40 31 51 25 27 34 37 49 2 7 17 3 18 15 15 17 4 16 16 36 18 34 5 7 32 22 32 30 11 25 4 2 29 13 22 31 40 19 18 48 32 38 29 25 2 28 16 26 20 23 35 35 46 12 18 6 18 17 8 21 29 33 32 
45 46 45 24 33 22 35 33 51 32 35 23 21 50 31 33 56 34 13 51 17 38 29 48 32 49 20 22 44 37 46 34 15 53 19 40 31 49 34 51 22 24 44 39 49 23 22 20 25 25 41 23 23 18 16 42 21 21 17 23 4 13 18 9 12 20 19 20 3 10 20 34 25 39 29 49 22 25 33 35 47 2 9 18 5 16 16 15 19 2 14 16 36 17 32 4 5 33 21 30 31 12 23 6 4 30 13 20 31 39 20 19 48 32 37 27 2 25 29 15 24 18 20 34 33 44 12 20 4 16 18 6 18 29 32 30 
21 23 19 19 22 15 6 7 21 3 18 12 11 21 4 16 47 12 24 51 25 29 21 28 25 46 25 28 22 32 44 14 26 53 27 32 24 31 28 49 28 30 24 35 47 30 21 26 5 14 13 11 15 23 23 16 8 14 41 47 28 33 14 32 35 45 45 19 32 36 41 39 34 31 37 56 41 43 25 43 54 27 31 11 30 36 42 43 15 31 36 15 12 17 34 25 26 5 21 32 2 17 28 29 29 4 19 27 6 27 9 10 19 12 24 32 28 29 37 21 31 35 37 20 37 49 40 12 29 35 12 31 37 6 18 36 
31 31 40 27 18 24 26 27 42 25 20 22 20 42 21 18 41 21 3 38 4 23 14 33 17 35 6 9 29 22 33 20 4 40 7 25 15 34 19 38 9 12 30 24 35 32 6 28 20 26 35 22 9 26 23 37 16 8 20 38 17 27 19 23 14 35 34 24 19 15 20 22 14 23 18 39 19 22 17 25 37 13 23 15 19 14 32 31 21 15 15 7 23 4 19 10 9 23 5 16 22 10 10 20 18 24 4 8 20 24 14 12 39 19 21 14 16 15 21 13 12 14 16 19 20 33 28 19 12 14 17 12 15 18 17 18 
33 32 51 39 16 36 33 38 48 34 22 34 32 51 29 21 32 25 11 26 7 17 13 32 13 24 5 3 30 14 22 24 9 29 5 18 12 31 12 27 2 0 30 15 24 44 9 40 31 38 44 34 15 38 35 47 27 16 18 47 28 37 31 33 16 44 42 37 27 19 16 10 3 17 6 27 14 15 14 12 25 24 33 27 29 13 40 38 33 23 15 19 28 15 8 21 19 30 9 5 30 23 2 30 28 34 16 4 27 20 26 23 45 23 19 2 26 24 31 12 37 10 10 19 8 20 35 31 20 12 29 19 12 26 18 6 
42 42 54 39 26 36 39 41 55 39 31 35 33 56 35 30 42 33 11 34 10 28 22 42 23 33 11 10 40 25 31 32 9 36 9 28 22 42 23 35 11 11 39 26 33 41 16 37 34 38 49 35 22 35 33 51 30 21 8 39 22 31 31 27 7 36 34 36 20 9 6 17 8 27 11 31 5 8 24 17 28 19 27 28 23 3 32 30 33 16 5 21 36 18 18 16 14 36 15 16 36 22 11 25 22 38 17 9 34 31 28 26 52 31 29 12 20 18 35 14 10 58 2 28 16 26 27 32 14 2 29 12 2 32 27 14 
43 43 57 41 27 38 41 43 57 41 32 37 35 58 37 31 42 35 13 32 12 28 23 43 23 32 13 11 41 24 30 33 11 34 10 28 23 42 23 34 11 11 40 25 31 43 18 40 36 41 51 37 23 38 35 53 32 23 8 41 25 33 33 29 9 38 36 38 23 11 5 16 8 27 10 29 4 5 25 15 26 21 30 31 25 5 34 32 35 19 7 23 37 20 17 19 16 38 17 15 38 24 12 27 25 40 19 11 35 31 30 28 54 33 30 12 23 20 37 16 10 2 54 29 15 24 29 34 16 4 32 14 2 33 28 13 
14 13 38 37 2 33 19 27 31 23 3 30 28 35 17 4 26 9 21 30 19 9 5 14 7 25 17 17 11 12 24 7 21 33 19 11 7 14 9 28 17 18 11 15 27 46 13 42 24 33 30 29 11 39 37 35 23 13 36 57 36 44 29 41 32 54 53 36 38 34 35 23 22 10 24 37 33 34 5 27 36 32 41 25 38 30 51 50 32 35 32 19 11 17 17 29 29 16 14 17 19 25 17 38 37 25 21 18 14 6 22 20 28 8 4 18 35 34 20 19 19 28 29 64 21 31 47 29 32 30 27 31 30 14 2 21 
35 34 57 48 19 44 39 44 53 41 25 42 40 56 35 25 26 30 20 18 16 16 17 32 14 17 14 11 32 11 14 28 17 20 13 15 14 31 12 19 11 8 31 11 16 53 17 49 38 46 50 42 22 46 44 54 35 23 24 55 36 46 39 42 23 52 50 45 36 26 20 1 8 15 5 18 17 17 15 5 17 32 42 36 38 19 48 46 42 32 22 27 32 23 4 29 27 36 16 5 37 31 10 39 37 41 25 12 33 20 34 31 49 28 20 6 35 33 37 20 8 16 15 21 28 12 43 39 29 19 37 27 17 32 22 2 
43 41 68 60 28 57 50 56 62 52 34 54 52 66 46 35 24 40 32 9 28 23 27 38 24 13 26 23 40 19 11 38 29 10 25 21 25 36 21 12 23 21 38 16 11 65 29 61 51 58 61 54 34 59 56 65 47 35 32 65 48 57 51 53 33 62 60 57 47 36 28 10 19 22 15 6 25 23 25 9 5 44 53 48 49 29 58 56 54 43 32 39 42 35 15 41 39 47 29 16 48 43 23 50 48 53 37 25 44 27 46 43 59 38 28 18 46 44 49 33 20 26 24 31 12 5 53 52 40 29 49 38 27 43 32 14 
58 58 53 30 46 30 47 43 62 43 48 32 31 60 43 45 68 46 25 61 29 50 42 61 45 60 32 33 56 49 57 47 27 63 31 52 43 62 46 62 34 35 57 50 59 24 34 23 36 33 52 32 36 23 22 51 32 34 22 12 12 11 28 9 20 9 7 27 9 17 26 44 35 51 38 58 29 31 45 44 55 14 10 29 10 24 5 3 27 12 21 28 48 30 43 17 18 45 33 41 42 23 34 12 11 40 25 32 43 52 31 31 60 45 49 38 12 12 40 28 35 27 29 47 43 53 5 29 15 24 28 16 26 41 45 40 
33 35 25 8 29 4 19 13 33 14 27 3 1 31 16 25 55 22 21 55 24 36 27 39 31 52 25 28 33 37 50 24 24 58 27 39 30 41 34 55 28 31 35 40 52 18 23 14 7 6 22 3 19 11 10 22 5 17 35 35 17 21 1 20 29 32 33 7 22 29 37 41 34 37 38 58 37 40 31 44 56 17 19 3 19 31 30 31 3 22 30 12 23 16 37 17 19 18 23 35 15 9 29 17 18 11 15 27 17 35 6 8 31 22 33 33 18 20 12 19 31 32 34 29 39 52 29 57 21 31 2 23 33 16 26 38 
43 44 46 26 30 25 35 34 51 32 33 25 23 51 31 31 52 32 10 47 14 35 27 46 29 45 17 18 42 33 43 32 12 49 16 36 28 47 31 47 19 20 42 35 45 27 19 23 26 27 42 25 21 22 19 43 22 19 14 26 8 17 20 13 8 23 22 23 7 7 16 30 21 35 25 45 18 21 30 31 43 4 13 19 9 12 19 18 21 3 10 15 34 15 29 4 3 32 18 26 31 12 19 10 8 31 11 17 30 36 20 19 48 31 34 23 6 4 29 12 20 14 16 32 29 40 15 21 33 12 19 2 14 28 30 26 
44 43 54 37 28 35 40 41 56 38 32 34 32 57 35 31 45 34 11 36 11 30 24 44 25 36 13 12 41 27 33 33 9 38 10 30 24 44 25 38 12 13 41 28 35 39 17 35 34 37 49 34 22 34 31 51 29 22 6 36 20 29 30 25 4 33 31 34 18 7 6 20 11 30 14 33 6 9 26 20 31 17 25 28 21 0 29 27 32 14 3 20 36 18 20 15 12 37 16 18 36 21 13 23 20 38 16 11 34 33 27 25 53 32 31 15 18 16 35 14 12 2 4 30 19 29 24 31 12 53 28 9 2 32 28 16 
32 34 26 11 27 7 18 14 33 14 26 5 3 32 15 23 53 21 18 53 21 34 25 38 29 49 23 25 32 35 47 23 21 56 24 37 27 40 32 52 26 28 34 38 50 19 20 15 7 9 23 5 17 12 11 23 4 14 33 35 16 21 2 20 27 32 32 9 20 27 34 39 31 35 35 56 35 37 29 42 54 16 19 1 18 29 30 30 5 20 28 9 22 14 34 15 17 17 20 32 14 7 26 16 17 12 13 25 16 33 4 6 31 21 31 30 17 18 12 17 29 29 32 27 37 49 28 2 19 28 59 21 31 15 24 35 
44 44 48 29 30 27 36 35 52 34 33 27 25 52 32 31 51 33 9 45 13 34 26 46 28 43 16 17 42 32 41 32 10 47 14 35 27 46 30 46 17 19 42 34 43 29 18 26 28 30 44 27 21 24 22 45 23 20 11 28 10 19 22 15 6 25 23 25 9 5 14 28 19 34 23 43 16 18 29 29 40 7 15 21 11 9 21 19 23 5 7 16 35 16 27 6 4 33 17 24 32 14 18 13 10 32 12 15 31 36 22 20 49 31 34 21 8 6 31 12 19 12 14 31 27 38 16 23 2 9 21 30 12 29 29 24 
44 44 56 40 28 37 41 43 57 40 33 36 34 58 37 32 44 35 13 35 12 30 24 44 25 35 13 13 42 26 32 34 11 37 11 30 24 44 25 36 13 12 41 27 34 41 18 38 36 40 50 36 24 36 34 53 31 23 6 38 23 31 32 27 6 35 33 37 20 9 4 18 10 29 13 31 4 6 26 18 29 19 27 30 23 2 31 29 34 17 5 22 38 20 19 17 15 38 17 17 38 23 13 25 23 40 18 12 36 33 30 27 54 33 31 14 21 18 37 15 12 2 2 30 17 27 26 33 14 2 31 12 49 34 29 15 
17 18 25 24 15 20 7 13 23 9 12 17 15 25 3 9 41 6 21 44 21 23 15 23 19 40 21 23 17 25 38 8 23 47 23 26 18 25 22 42 23 25 19 28 41 34 16 30 10 20 17 16 10 27 26 22 11 10 38 49 29 36 17 34 33 47 46 23 32 34 38 33 29 24 32 50 37 39 18 37 48 27 33 14 31 33 44 44 19 30 33 13 7 14 28 24 25 4 17 27 4 17 23 30 30 10 17 23 2 20 11 10 20 6 18 26 29 29 6 18 26 32 33 14 32 43 41 16 28 32 15 29 34 43 12 31 
15 14 37 35 3 31 18 25 31 21 3 28 26 34 15 3 29 8 20 32 17 10 5 16 7 27 15 16 13 13 25 6 19 35 18 13 7 17 10 30 16 18 12 16 28 43 11 40 22 31 29 27 8 36 35 34 21 11 35 55 33 42 27 39 31 52 51 33 35 32 34 23 22 12 23 38 32 33 6 27 37 30 38 23 36 29 48 48 29 32 30 17 10 14 17 27 26 15 12 17 17 23 16 35 34 23 19 17 12 9 20 18 27 6 6 18 33 32 18 17 18 27 28 2 22 32 45 26 30 28 24 29 29 12 62 21 
36 34 56 46 19 42 38 43 52 40 24 40 38 55 34 25 29 29 18 20 14 17 16 33 14 19 12 9 33 13 17 27 15 23 11 16 14 32 13 21 9 6 31 12 19 51 15 47 37 44 49 40 21 44 42 53 34 22 21 52 34 43 37 39 21 49 47 43 33 23 18 4 5 16 2 20 15 15 16 6 18 30 39 34 35 17 45 43 40 29 19 25 32 21 5 27 25 35 15 4 36 29 8 36 34 40 23 10 32 21 32 29 49 27 20 4 32 30 36 18 6 14 13 21 2 14 40 38 26 16 35 24 15 31 21 24 
