78 13
95 49 24 12 38 47 9 17 28 29 45 51 19 35 36 27 17 41 30 19 25 4 14 40 26 29 55 26 23 33 25 46 58 29 4 37 33 20 17 5 20 37 17 23 31 19 9 13 9 23 28 18 24 24 37 39 33 23 20 30 23 43 55 24 14 16 5 22 3 16 16 22 15 26 33 30 27 48 
49 39 28 37 43 3 41 36 26 39 24 6 47 76 83 74 49 87 79 68 75 53 44 35 36 27 17 41 30 19 25 4 14 64 50 35 69 59 48 52 31 29 62 37 75 66 55 62 40 32 30 65 62 53 66 48 29 42 32 21 28 8 11 71 59 66 44 37 52 61 40 27 51 30 16 43 26 9 
24 28 70 13 41 26 15 19 20 33 35 32 19 47 54 51 20 59 51 40 49 28 15 19 10 23 31 15 1 9 14 26 34 36 27 17 41 30 19 25 4 14 40 10 46 38 27 37 18 4 24 42 44 39 53 45 29 15 4 7 15 25 31 43 31 40 19 9 27 40 24 5 33 23 12 36 20 30 
12 37 13 72 33 34 4 9 17 24 35 38 19 43 47 38 18 52 42 31 38 16 13 32 19 19 43 21 12 20 13 33 46 35 14 29 39 26 18 15 8 27 27 17 41 30 19 25 4 14 19 29 31 26 41 36 24 19 9 17 11 31 43 35 24 29 7 16 15 26 12 10 19 17 20 27 17 36 
38 43 41 33 54 40 37 24 22 9 22 40 53 73 72 47 52 77 64 55 53 37 47 61 51 19 59 54 42 42 28 39 58 67 35 58 71 57 51 43 38 55 36 49 69 56 47 43 31 45 17 41 30 19 25 4 14 53 40 39 25 35 55 60 52 47 35 48 38 35 22 36 25 18 36 7 22 35 
47 3 26 34 40 34 38 33 23 35 21 5 46 74 80 71 47 85 76 65 72 50 42 35 35 23 19 40 28 18 22 1 18 63 47 35 68 57 46 49 29 29 59 36 73 64 53 59 37 31 27 62 59 50 62 45 26 41 30 19 25 4 14 69 57 63 42 36 50 58 37 25 48 27 14 40 22 7 
9 41 15 4 37 38 82 13 22 28 40 43 16 38 42 36 14 47 37 26 34 13 10 32 19 24 46 19 14 24 17 38 49 30 11 29 35 21 14 11 11 28 25 16 36 25 14 22 6 15 23 27 30 28 42 39 29 17 10 21 16 36 46 30 19 25 4 14 12 25 15 13 20 22 24 30 21 40 
17 36 19 9 24 33 13 60 11 15 28 36 29 51 53 38 28 58 47 36 40 19 23 39 28 12 46 30 19 24 10 32 47 44 16 36 48 35 27 21 15 34 26 26 48 36 26 27 8 22 10 29 27 19 34 26 16 29 17 20 7 29 44 41 31 32 13 25 19 25 4 14 15 9 21 17 11 32 
28 26 20 17 22 23 22 11 38 14 18 25 35 61 64 49 35 69 58 47 51 30 30 39 31 2 39 34 21 19 6 21 39 52 27 37 57 44 35 32 18 33 36 29 58 47 36 38 18 25 5 40 36 27 40 26 8 33 20 17 5 18 36 52 41 43 23 28 30 36 14 15 25 4 14 19 0 21 
29 39 33 24 9 35 28 15 14 51 21 36 44 65 65 43 43 70 57 48 47 30 38 52 42 12 53 45 33 34 19 34 53 58 27 50 62 49 42 35 29 47 31 40 61 48 39 36 22 36 9 35 27 16 27 12 9 44 31 31 17 31 49 53 44 41 27 39 31 30 13 27 19 10 29 4 14 32 
45 24 35 35 22 21 40 28 18 21 9 19 53 79 82 64 53 87 76 65 67 47 48 51 46 16 41 50 37 31 23 19 39 70 44 50 74 62 52 50 35 45 51 46 76 64 54 55 36 40 17 56 48 37 47 27 13 50 37 30 23 17 36 69 59 60 41 45 47 51 30 31 39 19 25 25 18 14 
51 6 32 38 40 5 43 36 25 36 19 29 51 79 85 74 52 90 81 70 75 54 47 40 40 25 22 45 33 23 26 5 19 68 51 40 73 62 51 54 33 35 62 41 78 68 57 63 41 36 28 65 61 51 63 45 27 46 35 24 28 7 17 73 62 67 46 41 53 61 40 30 51 29 19 41 25 4 
19 47 19 19 53 46 16 29 35 44 53 51 99 28 37 43 3 41 36 26 39 24 6 24 12 38 47 9 17 28 29 45 51 17 24 21 22 12 2 16 18 24 36 10 28 23 15 29 22 14 38 36 43 43 57 55 43 6 16 26 30 44 48 27 17 30 19 10 21 36 31 21 34 36 31 46 35 49 
35 76 47 43 73 74 38 51 61 65 79 79 28 49 13 41 26 15 19 20 33 35 32 49 40 63 75 36 45 56 56 74 79 12 38 47 9 17 28 29 45 51 42 38 6 18 25 33 43 43 62 39 52 57 67 74 67 34 44 55 55 72 77 15 20 30 38 38 34 43 51 49 48 60 60 65 60 77 
36 83 54 47 72 80 42 53 64 65 82 85 37 13 25 33 34 4 9 17 24 35 38 60 49 66 84 45 52 64 60 80 88 24 38 57 22 24 36 32 51 61 38 47 9 17 28 29 45 51 64 33 47 55 61 72 70 43 50 61 59 78 85 12 23 25 40 46 34 38 52 55 47 62 66 65 64 83 
27 74 51 38 47 71 36 38 49 43 64 74 43 41 33 76 40 37 24 22 9 22 40 66 53 49 82 52 50 59 49 70 84 44 24 63 46 37 41 27 46 64 12 50 35 24 28 14 34 50 47 9 17 28 29 45 51 48 46 56 46 67 81 26 28 13 31 49 24 13 34 48 24 45 58 40 49 71 
17 49 20 18 52 47 14 28 35 43 53 52 3 26 34 40 94 38 33 23 35 21 5 27 15 38 49 12 18 29 30 47 53 16 21 24 21 9 1 13 19 27 33 12 26 20 12 26 20 16 38 32 41 41 54 54 43 9 17 28 29 45 51 24 13 27 17 12 19 33 30 22 32 36 33 45 35 51 
41 87 59 52 77 85 47 58 69 70 87 90 41 15 4 37 38 18 13 22 28 40 43 64 53 70 88 49 57 68 65 85 92 27 43 61 24 29 40 37 56 65 42 51 12 22 33 34 50 55 69 38 51 59 66 77 74 47 55 66 63 83 90 17 28 29 45 51 39 43 57 59 52 67 71 69 69 88 
30 79 51 42 64 76 37 47 58 57 76 81 36 19 9 24 33 13 34 11 15 28 36 60 48 59 82 45 49 60 55 76 85 27 31 57 26 24 34 26 48 60 29 45 13 12 23 21 40 48 58 24 38 46 52 64 63 42 47 58 53 74 83 9 19 16 35 45 28 29 45 51 39 56 62 57 58 78 
19 68 40 31 55 65 26 36 47 48 65 70 26 20 17 22 23 22 11 56 14 18 25 50 38 49 71 35 38 49 44 65 74 22 20 47 23 16 24 15 36 49 22 35 15 2 12 13 28 38 47 18 31 38 46 55 52 32 36 47 42 62 72 5 9 9 24 34 17 22 35 40 29 45 51 47 47 67 
25 75 49 38 53 72 34 40 51 47 67 75 39 33 24 9 35 28 15 14 59 21 36 63 49 52 81 47 48 58 49 71 84 37 24 59 38 30 37 24 45 61 16 46 27 17 23 12 34 48 49 11 24 33 38 52 54 44 45 55 47 68 81 18 22 9 30 45 22 17 37 48 28 48 58 45 51 72 
4 53 28 16 37 50 13 19 30 30 47 54 24 35 35 22 21 40 28 18 21 91 19 45 31 31 60 31 27 37 28 49 62 32 2 41 35 22 22 7 24 42 12 28 31 18 11 9 12 28 29 13 19 22 33 38 34 27 24 34 25 47 59 23 15 13 9 27 2 12 17 26 13 28 37 29 30 51 
14 44 15 13 47 42 10 23 30 38 48 47 6 32 38 40 5 43 36 25 36 19 102 26 13 32 46 11 14 25 24 42 49 21 19 23 26 14 4 12 13 24 31 9 31 23 13 26 16 12 32 32 38 37 51 49 38 8 12 23 24 40 47 27 16 27 13 9 17 31 25 17 29 31 28 40 29 45 
40 35 19 32 61 35 32 39 39 52 51 40 24 49 60 66 27 64 60 50 63 45 26 57 13 41 26 15 19 20 33 35 32 37 43 3 41 36 26 39 24 6 57 16 51 48 39 52 36 17 43 58 62 58 73 64 47 18 22 22 35 36 30 51 41 54 36 17 43 57 43 25 52 42 26 56 38 41 
26 36 10 19 51 35 19 28 31 42 46 40 12 40 49 53 15 53 48 38 49 31 13 13 74 33 34 4 9 17 24 35 38 28 30 10 33 24 14 25 13 11 43 3 41 36 26 39 24 6 35 44 49 46 61 54 39 6 11 17 26 34 36 39 29 40 23 4 29 43 32 15 39 33 22 46 30 40 
29 27 23 19 19 23 24 12 2 12 16 25 38 63 66 49 38 70 59 49 52 31 32 41 33 87 40 37 24 22 9 22 40 54 28 39 59 46 37 33 20 35 37 32 60 48 38 39 20 27 3 41 36 26 39 24 6 36 22 19 8 19 37 53 43 44 25 31 31 36 15 18 25 4 16 17 3 21 
55 17 31 43 59 19 46 46 39 53 41 22 47 75 84 82 49 88 82 71 81 60 46 26 34 40 6 38 33 23 35 21 5 62 58 28 67 59 48 57 35 23 70 37 75 69 59 69 48 33 43 73 73 65 79 63 44 41 36 26 39 24 6 73 62 72 51 37 58 70 51 33 61 43 25 58 38 26 
26 41 15 21 54 40 19 30 34 45 50 45 9 36 45 52 12 49 45 35 47 31 11 15 4 37 38 82 13 22 28 40 43 23 30 12 28 21 10 24 16 15 43 5 37 33 24 37 25 10 38 43 50 48 62 57 43 3 14 21 29 39 41 36 26 39 24 6 29 43 34 19 40 37 27 48 34 45 
23 30 1 12 42 28 14 19 21 33 37 33 17 45 52 50 18 57 49 38 48 27 14 19 9 24 33 13 72 11 15 28 36 34 26 17 39 28 17 24 4 15 39 8 45 37 26 36 17 3 25 41 43 39 53 45 30 13 3 9 16 27 33 41 30 39 18 8 26 39 24 6 32 24 14 37 21 32 
33 19 9 20 42 18 24 24 19 34 31 23 28 56 64 59 29 68 60 49 58 37 25 20 17 22 23 22 11 52 14 18 25 45 35 19 50 39 28 34 13 14 47 18 56 48 37 46 25 13 24 50 50 43 58 46 27 23 13 3 17 17 22 52 41 49 28 18 36 47 28 10 39 24 6 38 19 22 
25 25 14 13 28 22 17 10 6 19 23 26 29 56 60 49 30 65 55 44 49 28 24 33 24 9 35 28 15 14 78 21 36 46 25 30 51 38 29 28 12 27 36 23 54 43 32 37 15 18 10 40 37 29 43 31 15 27 14 11 3 18 33 48 37 41 20 22 27 36 15 9 26 9 10 24 6 23 
46 4 26 33 39 1 38 32 21 34 19 5 45 74 80 70 47 85 76 65 71 49 42 35 35 22 21 40 28 18 21 48 19 63 47 35 68 56 46 49 28 30 58 36 73 63 52 58 37 31 25 61 58 48 61 43 24 41 30 19 24 3 16 68 57 62 41 36 49 57 36 25 47 26 14 39 21 6 
58 14 34 46 58 18 49 47 39 53 39 19 51 79 88 84 53 92 85 74 84 62 49 32 38 40 5 43 36 25 36 19 12 67 60 33 71 63 52 60 38 28 72 41 80 73 62 71 50 37 43 75 74 66 79 63 43 45 39 28 40 22 3 77 66 75 53 41 61 72 52 36 63 44 26 57 39 24 
29 64 36 35 67 63 30 44 52 58 70 68 17 12 24 44 16 27 27 22 37 32 21 37 28 54 62 23 34 45 46 63 67 26 33 34 4 9 17 24 35 38 41 26 15 19 20 33 35 32 54 39 50 54 65 68 59 22 33 43 46 61 65 19 17 31 31 27 30 42 45 38 45 52 49 59 51 67 
4 50 27 14 35 47 11 16 27 27 44 51 24 38 38 24 21 43 31 20 24 2 19 43 30 28 58 30 26 35 25 47 60 33 83 40 37 24 22 9 22 40 13 27 34 21 13 11 10 27 26 15 19 20 33 35 32 27 22 31 22 44 57 26 17 15 7 26 3 13 14 24 11 25 34 27 27 48 
37 35 17 29 58 35 29 36 37 50 50 40 21 47 57 63 24 61 57 47 59 41 23 3 10 39 28 12 17 19 30 35 33 34 40 53 38 33 23 35 21 5 54 13 48 45 36 49 33 14 41 54 59 55 70 62 45 15 19 20 33 35 32 48 38 50 33 14 39 53 41 22 48 40 25 54 36 41 
33 69 41 39 71 68 35 48 57 62 74 73 22 9 22 46 21 24 26 23 38 35 26 41 33 59 67 28 39 50 51 68 71 4 37 38 30 13 22 28 40 43 44 31 13 21 24 35 40 36 59 41 53 57 68 72 64 26 38 48 51 66 69 19 20 33 35 32 33 44 49 43 48 57 54 64 56 72 
20 59 30 26 57 57 21 35 44 49 62 62 12 17 24 37 9 29 24 16 30 22 14 36 24 46 59 21 28 39 38 56 63 9 24 33 13 39 11 15 28 36 32 22 16 13 11 24 26 26 45 30 41 44 56 59 51 18 26 37 38 55 61 15 8 23 22 22 20 33 35 32 35 43 42 50 43 60 
17 48 19 18 51 46 14 27 35 42 52 51 2 28 36 41 1 40 34 24 37 22 4 26 14 37 48 10 17 28 29 46 52 17 22 23 22 11 41 14 18 25 34 11 27 22 13 27 20 15 37 33 41 41 55 54 42 7 16 26 29 44 49 25 15 28 17 10 19 34 30 21 33 35 32 45 34 49 
5 52 25 15 43 49 11 21 32 35 50 54 16 29 32 27 13 37 26 15 24 7 12 39 25 33 57 24 24 34 28 49 60 24 9 35 28 15 14 66 21 36 19 22 26 14 4 13 13 23 32 19 27 29 41 44 38 21 21 31 26 47 57 19 9 15 8 21 5 19 21 24 20 31 35 35 32 51 
20 31 4 8 38 29 11 15 18 29 35 33 18 45 51 46 19 56 48 36 45 24 13 24 13 20 35 16 4 13 12 28 38 35 22 21 40 28 18 21 71 19 35 11 44 35 24 33 13 7 22 37 39 34 49 41 26 15 2 10 13 26 35 40 28 36 15 10 23 35 19 3 28 20 14 33 17 32 
37 29 14 27 55 29 28 34 33 47 45 35 24 51 61 64 27 65 60 49 61 42 24 6 11 35 23 15 15 14 27 30 28 38 40 5 43 36 25 36 19 64 54 14 52 47 37 50 32 13 38 55 59 54 68 59 41 18 18 16 29 30 26 51 40 52 33 15 40 53 39 19 47 37 20 51 33 35 
17 62 40 27 36 59 25 26 36 31 51 62 36 42 38 12 33 42 29 22 16 12 31 57 43 37 70 43 39 47 36 58 72 41 13 54 44 32 34 19 35 54 67 40 37 24 22 9 22 40 34 4 9 17 24 35 38 40 36 44 33 55 69 27 24 12 20 39 14 0 22 37 11 33 46 29 36 58 
23 37 10 17 49 36 16 26 29 40 46 41 10 38 47 50 12 51 45 35 46 28 9 16 3 32 37 5 8 18 23 36 41 26 27 13 31 22 11 22 11 14 40 69 38 33 23 35 21 5 33 41 46 43 58 52 38 4 9 17 24 35 38 36 26 37 20 1 26 40 29 14 36 32 22 43 29 40 
31 75 46 41 69 73 36 48 58 61 76 78 28 6 9 35 26 12 13 15 27 31 31 51 41 60 75 37 45 56 54 73 80 15 34 48 13 16 27 26 44 52 37 38 9 13 22 28 40 43 59 33 46 52 61 69 64 34 43 54 53 71 77 9 17 24 35 38 30 37 48 48 44 57 59 61 58 76 
19 66 38 30 56 64 25 36 47 48 64 68 23 18 17 24 20 22 12 2 17 18 23 48 36 48 69 33 37 48 43 63 73 19 21 45 21 13 22 14 35 47 24 33 13 19 11 15 28 36 47 20 33 39 48 56 52 29 34 45 41 61 70 4 7 11 23 32 17 24 35 38 30 45 49 48 46 66 
9 55 27 19 47 53 14 26 36 39 54 57 15 25 28 28 12 33 23 12 23 11 13 39 26 38 59 24 26 37 32 52 62 20 13 36 24 11 13 4 24 37 22 23 22 11 34 14 18 25 37 21 30 33 45 48 42 20 23 34 30 50 59 15 4 15 13 22 9 22 26 27 24 35 38 40 36 55 
13 62 37 25 43 59 22 27 38 36 55 63 29 33 29 14 26 34 21 13 12 9 26 52 39 39 69 37 36 46 37 58 71 33 11 49 35 24 27 13 33 50 9 35 28 15 14 49 21 36 37 6 18 25 33 42 42 34 33 43 34 56 68 19 15 4 18 34 10 9 25 35 17 36 46 35 38 60 
9 40 18 4 31 37 6 8 18 22 36 41 22 43 45 34 20 50 40 28 34 12 16 36 24 20 48 25 17 25 15 37 50 35 10 33 40 26 20 13 13 32 22 21 40 28 18 21 70 19 19 25 26 22 36 33 24 23 14 22 13 34 47 33 23 25 4 20 12 22 9 14 15 17 24 24 18 38 
23 32 4 14 45 31 15 22 25 36 40 36 14 43 51 50 16 55 48 38 48 28 12 17 6 27 33 10 3 13 18 31 37 32 27 14 36 26 15 23 7 13 40 5 43 36 25 36 19 77 29 42 45 41 56 48 33 10 5 12 20 30 34 40 29 39 19 4 26 40 26 9 34 27 17 40 24 35 
28 30 24 19 17 27 23 10 5 9 17 28 38 62 64 47 38 69 58 47 49 29 32 43 35 3 43 38 25 24 10 25 43 54 26 41 59 45 37 32 22 38 34 33 59 47 37 37 19 29 81 38 33 23 35 21 5 37 24 22 9 22 40 52 42 42 24 32 30 33 12 19 22 1 19 14 5 24 
18 65 42 29 41 62 27 29 40 35 56 65 36 39 33 9 32 38 24 18 11 13 32 58 44 41 73 43 41 50 40 61 75 39 15 54 41 30 33 19 37 55 4 41 33 20 21 6 25 42 38 74 13 22 28 40 43 40 37 47 37 58 72 24 22 9 22 40 15 5 26 39 16 37 49 34 40 62 
24 62 44 31 30 59 30 27 36 27 48 61 43 52 47 17 41 51 38 31 24 19 38 62 49 36 73 50 43 50 37 58 74 50 19 59 53 41 41 27 39 59 9 46 46 33 30 18 26 45 33 13 48 11 15 28 36 47 40 47 34 55 71 37 33 22 26 45 22 9 22 40 11 32 48 24 36 57 
24 53 39 26 19 50 28 19 27 16 37 51 43 57 55 28 41 59 46 38 33 22 37 58 46 26 65 48 39 43 29 48 66 54 20 55 57 44 41 29 34 54 17 43 52 39 33 25 22 41 23 22 11 44 14 18 25 45 36 40 26 45 62 43 37 29 24 42 24 16 15 34 9 22 40 12 27 47 
37 66 53 41 25 62 42 34 40 27 47 63 57 67 61 29 54 66 52 46 38 33 51 73 61 39 79 62 53 58 43 61 79 65 33 70 68 56 55 41 49 68 24 58 61 48 45 33 36 56 35 28 15 14 18 21 36 59 50 54 40 58 76 52 48 37 38 57 36 24 29 49 22 35 54 22 40 59 
39 48 45 36 4 45 39 26 26 12 27 45 55 74 72 45 54 77 64 55 52 38 49 64 54 24 63 57 45 46 31 43 63 68 35 62 72 59 54 44 41 59 35 52 69 56 48 42 33 48 21 40 28 18 21 44 19 55 43 43 29 40 59 61 53 47 37 51 39 34 24 40 25 22 41 9 26 40 
33 29 29 24 14 26 29 16 8 9 13 27 43 67 70 51 43 74 63 52 54 34 38 47 39 6 44 43 30 27 15 24 43 59 32 45 64 51 42 38 26 41 38 38 64 52 42 42 24 33 5 43 36 25 36 19 81 42 28 25 13 21 40 57 47 47 29 37 35 38 17 24 26 7 22 14 9 22 
23 42 15 19 53 41 17 29 33 44 50 46 6 34 43 48 9 47 42 32 44 27 8 18 6 36 41 3 13 23 27 41 45 22 27 15 26 18 7 21 15 18 40 4 34 29 20 34 23 10 37 40 47 45 59 55 42 77 13 22 28 40 43 33 23 35 21 5 25 40 32 18 37 35 27 46 33 45 
20 32 4 9 40 30 10 17 20 31 37 35 16 44 50 46 17 55 47 36 45 24 12 22 11 22 36 14 3 13 14 30 39 33 22 19 38 26 16 21 2 18 36 9 43 34 23 33 14 5 24 37 40 36 50 43 28 13 66 11 15 28 36 38 27 36 15 8 23 35 21 5 29 22 15 34 19 33 
30 21 7 17 39 19 21 20 17 31 30 24 26 55 61 56 28 66 58 47 55 34 23 22 17 19 26 21 9 3 11 19 28 43 31 20 48 37 26 31 10 16 44 17 54 45 34 43 22 12 22 47 47 40 54 43 25 22 11 46 14 18 25 50 38 46 25 16 33 44 25 7 35 21 5 35 16 23 
23 28 15 11 25 25 16 7 5 17 23 28 30 55 59 46 29 63 53 42 47 25 24 35 26 8 39 29 16 17 3 24 40 46 22 33 51 38 29 26 13 29 33 24 53 41 30 34 13 20 9 37 34 26 40 29 13 28 15 14 71 21 36 46 35 38 18 23 25 33 12 10 23 7 14 21 5 25 
43 8 25 31 35 4 36 29 18 31 17 7 44 72 78 67 45 83 74 62 68 47 40 36 34 19 24 39 27 17 18 3 22 61 44 35 66 55 44 47 26 30 55 35 71 61 50 56 34 30 22 58 55 45 58 40 21 40 28 18 21 42 19 66 55 60 38 35 46 54 33 23 44 23 12 35 18 5 
55 11 31 43 55 14 46 44 36 49 36 17 48 77 85 81 51 90 83 72 81 59 47 30 36 37 6 41 33 22 33 16 3 65 57 32 69 61 49 57 35 26 69 38 77 70 59 68 47 34 40 72 71 62 76 59 40 43 36 25 36 19 10 74 63 72 50 38 58 69 48 33 59 40 23 54 35 21 
24 71 43 35 60 69 30 41 52 53 69 73 27 15 12 26 24 17 9 5 18 23 27 51 39 53 73 36 41 52 48 68 77 19 26 48 19 15 25 19 40 51 27 36 9 4 15 19 33 40 52 24 37 43 52 61 57 33 38 50 46 66 74 27 11 15 28 36 22 28 40 43 35 50 54 53 51 71 
14 59 31 24 52 57 19 31 41 44 59 62 17 20 23 28 13 28 19 9 22 15 16 41 29 43 62 26 30 41 37 57 66 17 17 38 20 8 15 9 28 40 24 26 17 7 4 15 23 29 42 22 33 37 48 53 47 23 27 38 35 55 63 11 44 14 18 25 13 24 30 32 28 40 43 44 41 60 
16 66 40 29 47 63 25 32 43 41 60 67 30 30 25 13 27 29 16 9 9 13 27 54 40 44 72 39 39 49 41 62 75 31 15 50 33 23 28 15 36 52 12 37 24 11 15 4 25 39 42 9 22 29 37 47 47 35 36 46 38 60 72 15 14 56 21 36 13 13 29 39 22 40 49 40 43 64 
5 44 19 7 35 42 4 13 23 27 41 46 19 38 40 31 17 45 35 24 30 9 13 36 23 25 51 24 18 28 20 41 53 31 7 33 35 22 17 8 15 33 20 20 35 23 13 18 4 19 24 22 26 24 38 37 29 21 15 25 18 38 50 28 18 21 80 19 8 20 13 17 16 22 28 28 23 43 
22 37 9 16 48 36 14 25 28 39 45 41 10 38 46 49 12 51 45 34 45 27 9 17 4 31 37 6 8 18 22 36 41 27 26 14 32 22 10 21 10 15 39 1 38 32 22 34 20 4 32 40 45 42 57 51 37 5 8 16 23 35 38 36 25 36 19 86 25 39 28 13 35 31 22 42 28 40 
3 52 27 15 38 50 12 19 30 31 47 53 21 34 34 24 19 39 28 17 22 2 17 43 29 31 58 29 26 36 27 49 61 30 3 39 33 20 19 5 23 40 14 26 30 17 9 10 12 26 30 15 22 24 36 39 35 25 23 33 25 46 58 22 13 13 8 25 22 14 18 25 15 28 36 31 30 50 
16 61 40 26 35 58 25 25 36 30 51 61 36 43 38 13 33 43 29 22 17 12 31 57 43 36 70 43 39 47 36 57 72 42 13 53 44 33 34 19 35 53 0 40 37 24 22 9 22 40 33 5 9 16 24 34 38 40 35 44 33 54 69 28 24 13 20 39 14 30 21 36 11 32 46 28 36 57 
16 40 24 12 22 37 15 4 14 13 30 40 31 51 52 34 30 57 45 35 37 17 25 43 32 15 51 34 24 28 15 36 52 45 14 41 49 35 30 21 19 39 22 29 48 35 26 25 9 26 12 26 22 15 29 24 17 32 21 25 12 33 48 40 30 29 13 28 18 21 57 19 11 11 26 15 14 36 
22 27 5 10 36 25 13 14 15 27 31 30 21 49 55 48 22 59 51 40 48 26 17 25 15 18 33 19 6 10 9 25 36 38 24 22 43 32 21 24 3 19 37 14 48 38 27 35 14 9 19 39 40 34 49 40 24 18 5 7 10 23 33 43 32 39 17 13 25 36 19 72 28 18 11 31 15 28 
15 51 33 19 25 48 20 15 25 19 39 51 34 48 47 24 32 52 39 29 28 13 29 52 39 25 61 40 32 39 26 47 63 45 11 48 48 35 33 20 28 47 11 36 44 30 24 17 15 34 22 16 11 9 22 25 26 37 29 35 23 44 59 35 28 22 16 35 15 11 11 28 29 21 36 18 25 47 
26 30 23 17 18 27 22 9 4 10 19 29 36 60 62 45 36 67 56 45 48 28 31 42 33 4 43 37 24 24 9 26 44 52 25 40 57 43 35 31 20 37 33 32 57 45 35 36 17 27 1 37 32 22 35 22 7 35 22 21 7 23 40 50 40 40 22 31 28 32 11 18 21 36 19 14 5 25 
33 16 12 20 36 14 24 21 14 29 25 19 31 60 66 58 33 71 62 51 58 37 28 26 22 16 25 27 14 6 10 14 26 49 34 25 54 42 32 35 14 20 46 22 59 49 38 46 24 17 19 49 48 40 54 41 22 27 15 5 14 12 23 54 43 49 28 22 36 46 26 11 36 19 51 33 14 18 
30 43 36 27 7 40 30 17 19 4 25 41 46 65 65 40 45 69 57 47 45 29 40 56 46 17 58 48 37 38 24 39 57 59 27 54 64 50 45 35 33 51 29 43 61 48 40 35 24 40 14 34 24 12 22 9 14 46 34 35 21 35 54 53 44 40 28 42 31 28 15 31 18 14 33 43 19 36 
27 26 20 17 22 22 21 11 0 14 18 25 35 60 64 49 35 69 58 47 51 30 29 38 30 3 38 34 21 19 6 21 39 51 27 36 56 43 34 32 17 33 36 29 58 46 36 38 18 24 5 40 36 27 40 26 9 33 19 16 5 18 35 51 41 43 23 28 30 36 14 15 25 5 14 19 73 21 
48 9 30 36 35 7 40 32 21 32 14 4 49 77 83 71 51 88 78 67 72 51 45 41 40 21 26 45 32 22 23 6 24 67 48 41 72 60 49 51 32 35 58 40 76 66 55 60 38 35 24 62 57 47 59 40 22 45 33 23 25 5 21 71 60 64 43 40 50 57 36 28 47 25 18 36 21 38 
