36 9
28 16 12 12 0 10 11 15 18 9 7 12 13 3 7 2 10 19 20 18 20 14 3 9 10 3 10 6 17 14 17 18 16 18 16 0 
16 95 18 4 9 0 9 3 12 14 6 18 12 15 19 11 7 0 3 9 11 15 13 3 8 17 10 11 10 10 18 6 0 18 10 16 
12 18 85 15 9 15 2 7 6 16 18 4 15 1 11 12 13 15 0 14 0 9 16 11 5 4 8 11 13 10 20 5 20 15 7 2 
12 4 15 60 20 14 10 6 5 13 14 3 6 2 18 11 5 15 0 12 5 20 14 13 6 4 19 9 15 4 17 18 10 1 16 10 
0 9 9 20 38 6 11 0 10 15 14 14 17 16 2 12 1 11 3 20 0 17 1 8 1 0 1 1 10 7 6 12 6 18 18 9 
10 0 15 14 6 55 5 8 11 14 18 2 16 2 16 14 13 16 1 15 7 7 15 16 13 14 3 4 11 11 9 7 9 20 3 15 
11 9 2 10 11 5 35 7 11 11 2 4 13 12 16 18 6 14 11 11 0 0 19 17 18 7 6 6 7 12 11 3 11 13 5 18 
15 3 7 6 0 8 7 65 4 18 10 4 1 20 14 7 12 14 12 6 6 17 18 15 12 6 4 2 9 1 10 7 18 13 18 8 
18 12 6 5 10 11 11 4 20 6 20 8 1 3 11 16 6 14 10 13 19 5 10 17 18 2 11 8 9 4 1 12 16 8 0 2 
9 14 16 13 15 14 11 18 6 98 0 1 14 5 12 20 4 2 7 9 15 6 3 2 17 16 9 17 12 11 2 13 11 7 2 6 
7 6 18 14 14 18 2 10 20 0 56 10 2 15 2 20 16 8 3 8 4 15 10 3 20 19 2 10 18 8 10 3 11 12 15 12 
12 18 4 3 14 2 4 4 8 1 10 39 19 18 10 16 13 9 15 12 10 10 16 6 5 18 8 6 7 1 4 17 1 11 15 0 
13 12 15 6 17 16 13 1 1 14 2 19 65 16 17 5 8 19 10 6 4 18 19 0 7 5 12 16 3 6 9 10 17 11 5 4 
3 15 1 2 16 2 12 20 3 5 15 18 16 99 16 1 12 15 9 13 1 8 20 2 17 16 13 15 9 18 17 5 0 14 9 11 
7 19 11 18 2 16 16 14 11 12 2 10 17 16 9 2 19 3 19 20 1 12 7 10 12 19 14 15 18 2 18 2 9 15 8 2 
2 11 12 11 12 14 18 7 16 20 20 16 5 1 2 24 14 1 2 2 15 13 19 19 18 5 20 18 5 8 5 15 9 10 13 3 
10 7 13 5 1 13 6 12 6 4 16 13 8 12 19 14 93 6 1 11 9 4 20 5 20 15 6 8 10 3 7 4 11 4 9 13 
19 0 15 15 11 16 14 14 14 2 8 9 19 15 3 1 6 89 15 10 13 2 13 12 9 5 18 2 19 17 19 20 5 15 4 15 
20 3 0 0 3 1 11 12 10 7 3 15 10 9 19 2 1 15 51 15 12 18 6 18 19 11 4 18 7 1 17 2 17 9 20 9 
18 9 14 12 20 15 11 6 13 9 8 12 6 13 20 2 11 10 15 50 1 13 6 16 8 13 15 1 10 15 10 5 19 13 12 5 
20 11 0 5 0 7 0 6 19 15 4 10 4 1 1 15 9 13 12 1 73 4 16 0 12 14 18 14 16 1 17 1 7 7 10 9 
14 15 9 20 17 7 0 17 5 6 15 10 18 8 12 13 4 2 18 13 4 55 0 13 15 15 20 19 7 7 8 17 0 14 1 16 
3 13 16 14 1 15 19 18 10 3 10 16 19 20 7 19 20 13 6 6 16 0 6 9 12 5 14 12 7 20 7 18 20 13 0 10 
9 3 11 13 8 16 17 15 17 2 3 6 0 2 10 19 5 12 18 16 0 13 9 31 3 1 5 18 2 3 17 14 19 9 9 14 
10 8 5 6 1 13 18 12 18 17 20 5 7 17 12 18 20 9 19 8 12 15 12 3 35 15 6 7 9 9 10 5 12 10 10 16 
3 17 4 4 0 14 7 6 2 16 19 18 5 16 19 5 15 5 11 13 14 15 5 1 15 61 8 4 4 1 2 8 0 10 0 12 
10 10 8 19 1 3 6 4 11 9 2 8 12 13 14 20 6 18 4 15 18 20 14 5 6 8 79 17 15 7 11 4 19 2 2 10 
6 11 11 9 1 4 6 2 8 17 10 6 16 15 15 18 8 2 18 1 14 19 12 18 7 4 17 94 9 14 16 4 8 1 6 6 
17 10 13 15 10 11 7 9 9 12 18 7 3 9 18 5 10 19 7 10 16 7 7 2 9 4 15 9 93 16 1 11 17 20 5 18 
14 10 10 4 7 11 12 1 4 11 8 1 6 18 2 8 3 17 1 15 1 7 20 3 9 1 7 14 16 94 12 11 7 6 16 19 
17 18 20 17 6 9 11 10 1 2 10 4 9 17 18 5 7 19 17 10 17 8 7 17 10 2 11 16 1 12 82 12 13 10 10 16 
18 6 5 18 12 7 3 7 12 13 3 17 10 5 2 15 4 20 2 5 1 17 18 14 5 8 4 4 11 11 12 90 11 16 16 2 
16 0 20 10 6 9 11 18 16 11 11 1 17 0 9 9 11 5 17 19 7 0 20 19 12 0 19 8 17 7 13 11 92 10 14 16 
18 18 15 1 18 20 13 13 8 7 12 11 11 14 15 10 4 15 9 13 7 14 13 9 10 10 2 1 20 6 10 16 10 9 8 18 
16 10 7 16 18 3 5 18 0 2 15 15 5 9 8 13 9 4 20 12 10 1 0 9 10 0 2 6 5 16 10 16 14 8 77 4 
0 16 2 10 9 15 18 8 2 6 12 0 4 11 2 3 13 15 9 5 9 16 10 14 16 12 10 6 18 19 16 2 16 18 4 9 
