120 16
75 26 1 15 32 18 27 30 13 5 24 26 18 13 28 40 37 40 13 51 13 22 50 43 42 12 24 46 38 41 32 14 44 32 10 49 45 57 31 22 40 21 40 12 51 14 21 50 43 43 13 24 46 37 27 57 14 35 54 45 35 15 34 52 50 31 20 33 25 16 13 20 22 26 37 24 40 65 56 47 25 41 62 56 17 24 18 32 18 5 19 19 34 25 12 18 27 35 44 56 52 24 38 59 50 47 17 29 51 42 30 24 43 25 6 19 21 36 38 51 
26 81 25 42 44 44 27 46 35 28 4 28 36 39 52 37 50 60 39 68 26 47 64 56 41 27 46 63 62 37 40 13 51 13 22 50 43 42 12 24 46 38 59 38 68 25 46 64 55 41 26 45 62 61 54 78 39 62 72 64 44 40 59 73 76 57 33 55 48 41 16 34 47 52 63 44 65 81 73 55 46 64 81 80 37 38 30 15 16 29 39 46 57 50 25 38 53 61 70 69 54 39 57 76 73 47 31 49 68 65 15 28 50 42 30 41 47 59 65 76 
1 25 75 17 33 19 27 31 14 5 23 26 19 14 29 39 37 40 14 51 12 23 50 43 41 11 25 46 39 40 31 13 44 31 9 48 44 56 29 21 40 21 40 13 51 13 22 50 43 42 12 24 46 38 29 58 15 37 54 46 35 16 35 52 51 32 20 35 25 17 12 21 24 27 39 24 41 65 57 47 25 42 62 57 18 24 17 30 18 6 19 21 34 26 11 19 29 36 45 56 51 24 38 60 51 46 17 30 51 43 29 23 43 25 7 20 22 37 39 52 
15 42 17 80 30 12 34 24 18 17 40 33 15 8 14 52 41 37 8 49 25 13 52 46 53 24 23 45 30 53 40 30 51 48 25 58 56 72 47 35 49 26 37 9 50 26 13 53 47 54 25 24 45 29 13 51 13 22 50 43 42 12 24 46 38 21 22 21 20 13 29 21 9 15 21 24 30 63 55 53 24 35 57 46 13 31 28 47 31 13 21 4 27 19 25 12 11 24 28 58 60 30 36 58 43 57 27 29 51 35 46 36 51 29 11 21 5 30 24 41 
32 44 33 30 26 42 18 9 44 38 45 16 15 37 25 72 69 68 37 80 45 44 81 75 74 45 53 75 60 73 65 40 77 56 42 82 77 85 55 54 73 53 68 37 80 46 44 82 75 75 46 53 75 60 40 82 41 49 81 73 68 41 54 76 65 51 13 22 50 43 42 12 24 46 38 54 59 93 86 80 54 66 88 76 17 57 51 57 28 28 49 33 58 50 45 18 33 54 47 87 85 56 66 88 74 80 50 59 81 66 56 56 76 56 27 49 33 61 50 70 
18 44 19 12 42 102 43 36 10 15 41 42 27 5 24 44 30 25 5 37 21 3 40 34 45 19 11 33 20 45 30 30 40 47 23 48 47 66 45 30 38 16 25 6 37 22 2 40 35 46 20 12 33 19 14 40 5 19 38 31 32 3 15 35 32 13 32 32 8 3 28 32 21 8 27 13 22 50 43 42 12 24 46 38 25 21 21 45 37 19 11 11 16 7 21 24 19 17 30 45 50 19 23 46 33 48 20 17 38 24 43 29 40 18 18 10 12 19 22 33 
27 27 27 34 18 43 26 24 40 32 29 1 20 38 36 60 64 67 37 78 37 46 77 70 63 37 51 73 63 61 57 27 69 40 33 72 66 70 39 43 65 48 67 37 78 37 45 77 70 64 37 51 73 62 47 83 40 56 81 72 60 41 58 78 72 55 13 36 51 42 31 14 33 49 50 51 64 92 84 73 52 68 89 81 22 50 43 42 12 24 46 38 59 51 36 23 42 58 58 83 75 51 65 87 76 69 43 56 78 68 41 46 68 52 25 46 39 62 58 75 
30 46 31 24 9 36 24 44 39 34 47 22 12 32 16 70 65 61 31 73 43 37 76 70 72 42 47 69 52 71 61 40 73 58 40 79 75 86 56 52 70 48 61 32 74 44 37 76 70 73 43 47 69 52 32 74 36 40 74 67 64 36 47 69 57 43 13 13 44 37 41 12 16 38 29 48 51 86 79 76 48 59 81 67 13 52 48 58 30 25 44 25 50 43 42 12 24 46 38 81 81 52 60 82 66 77 47 53 75 58 57 54 73 51 24 44 26 54 41 62 
13 35 14 18 44 10 40 39 101 8 32 40 28 9 32 34 25 26 9 37 10 13 37 30 35 9 11 32 26 36 22 22 33 37 13 40 38 56 35 20 31 8 26 8 37 12 12 37 30 37 10 10 32 25 24 44 5 29 40 32 24 7 23 39 40 22 32 39 13 7 19 32 27 18 37 10 30 51 43 36 11 29 48 45 27 13 11 35 32 16 5 19 22 14 11 27 27 26 41 43 42 12 24 46 38 39 10 16 38 30 33 19 33 12 16 6 20 24 32 40 
5 28 5 17 38 15 32 34 8 86 25 32 23 11 30 36 32 35 11 46 8 19 45 37 38 7 19 40 34 37 26 15 39 32 8 44 40 55 30 18 35 15 34 10 45 9 18 45 37 39 8 19 40 33 27 52 10 34 48 40 30 12 30 47 47 28 25 37 21 13 13 25 25 24 38 19 37 59 51 42 19 37 57 53 21 18 13 31 23 10 13 20 30 22 8 22 28 32 44 50 46 18 33 54 46 42 12 24 46 38 29 20 38 19 10 14 22 32 37 48 
24 4 23 40 45 41 29 47 32 25 85 30 36 37 51 33 46 56 36 64 22 44 60 52 37 24 42 59 59 34 36 10 47 11 18 47 39 40 10 20 42 34 55 35 64 21 43 60 51 37 23 41 58 58 52 75 36 59 69 60 40 37 56 70 73 54 33 55 45 38 13 35 45 50 62 41 62 77 69 51 42 61 77 77 36 34 26 13 17 27 36 44 54 47 22 38 51 58 68 65 50 36 54 72 70 43 27 46 64 62 12 24 46 38 29 37 46 56 62 72 
26 28 26 33 16 42 1 22 40 32 30 25 18 37 35 61 64 66 36 78 37 45 77 69 64 37 50 72 62 61 57 28 69 41 33 72 66 71 40 43 65 47 66 36 77 37 44 77 69 64 37 50 72 61 45 82 39 54 80 72 60 40 57 77 71 54 11 34 50 41 31 13 31 48 48 50 63 91 83 73 51 67 88 79 20 50 43 43 13 23 45 36 58 50 36 22 40 57 57 83 75 50 64 86 75 69 43 56 78 67 42 46 68 51 24 46 38 61 56 74 
18 36 19 15 15 27 20 12 28 23 36 18 49 22 17 58 54 52 21 64 31 29 66 59 60 30 37 59 45 59 50 28 61 46 28 67 63 74 45 40 58 37 52 22 64 32 29 66 59 61 31 37 59 45 27 67 26 36 66 58 52 26 40 61 53 37 7 19 35 27 30 5 13 31 30 38 45 78 70 65 38 51 73 62 2 41 36 47 21 13 33 19 43 34 30 3 22 40 38 71 70 41 50 73 59 65 35 43 65 51 46 42 61 40 12 33 20 46 38 57 
13 39 14 8 37 5 38 32 9 11 37 37 22 92 22 44 33 30 0 42 18 8 44 38 45 17 15 37 25 45 32 27 42 44 19 50 48 65 42 28 40 18 30 1 42 20 7 44 38 46 18 15 37 24 15 45 4 22 44 36 34 4 20 40 36 18 27 30 13 5 24 27 18 13 27 16 27 55 48 45 16 29 51 43 20 22 21 42 32 13 13 9 21 13 18 20 18 22 32 49 52 21 28 50 38 49 19 21 43 30 41 29 42 20 12 12 11 24 25 38 
28 52 29 14 25 24 36 16 32 30 51 35 17 22 76 66 55 48 22 60 39 24 64 59 67 37 36 56 37 67 54 42 65 60 38 72 70 85 59 49 63 40 48 23 61 40 25 65 60 68 39 37 57 37 16 59 27 23 60 53 56 26 32 54 40 28 23 8 31 27 41 22 5 24 13 38 35 72 66 67 37 44 66 51 15 45 42 60 38 24 35 13 36 30 39 14 8 30 22 70 74 44 47 68 50 71 41 41 62 43 58 50 65 42 22 34 12 39 24 46 
40 37 39 52 72 44 60 70 34 36 33 61 58 44 66 53 25 42 44 44 27 46 35 28 4 28 36 39 52 1 15 32 18 27 30 13 5 24 26 18 13 28 40 43 42 26 45 34 27 3 27 35 38 50 58 58 40 62 49 43 17 41 52 55 68 52 59 73 42 41 29 59 61 51 72 34 57 54 46 22 36 50 57 66 57 24 23 23 48 45 33 54 47 44 28 58 62 56 75 39 17 25 40 49 57 9 25 35 41 52 22 16 17 28 46 34 55 47 64 64 
37 50 37 41 69 30 64 65 25 32 46 64 54 33 55 25 2 17 33 19 27 31 14 5 23 26 19 14 29 26 11 39 11 45 31 21 24 49 43 26 12 16 15 32 18 27 30 13 5 24 26 18 13 28 42 33 28 42 24 17 7 29 31 29 45 33 57 63 24 28 35 57 51 34 56 17 35 31 23 12 18 25 33 42 52 13 21 41 53 41 20 42 25 26 27 52 49 35 57 19 21 13 15 26 32 23 20 14 18 27 40 22 12 13 41 20 42 24 45 39 
40 60 40 37 68 25 67 61 26 35 56 66 52 30 48 42 17 31 30 12 34 24 18 17 40 33 15 8 14 43 26 47 28 58 38 38 41 66 56 38 30 22 1 30 12 35 23 19 18 41 33 16 9 13 32 18 27 30 13 5 24 26 18 13 28 20 57 56 17 25 44 57 45 24 45 16 20 25 18 27 15 8 21 24 50 22 30 55 58 42 21 36 12 18 35 50 40 21 44 22 37 21 2 20 14 40 29 10 13 10 53 35 29 18 42 20 36 9 32 22 
13 39 14 8 37 5 37 31 9 11 36 36 21 0 22 44 33 30 65 42 18 9 44 38 45 16 15 37 25 45 32 26 42 43 19 50 47 65 42 28 40 18 30 1 42 20 8 44 38 46 18 16 38 25 15 46 4 23 44 36 34 4 21 40 37 18 27 30 13 5 24 26 18 13 28 16 27 56 48 45 16 30 51 43 19 22 20 42 31 13 13 9 22 13 18 19 18 22 32 50 52 21 28 51 39 49 19 21 43 30 40 28 42 20 12 12 11 25 25 38 
51 68 51 49 80 37 78 73 37 46 64 78 64 42 60 44 19 12 42 37 43 36 10 15 41 42 27 5 24 45 30 56 26 64 48 36 42 67 63 44 30 31 12 42 1 44 36 11 16 42 43 27 6 24 45 15 38 41 5 6 27 38 29 14 35 32 69 68 29 37 52 69 58 36 57 27 30 13 5 24 26 18 13 28 62 30 38 61 69 54 32 48 24 30 44 62 53 32 54 12 34 29 13 8 18 39 37 21 2 20 59 41 27 27 53 31 48 21 42 27 
13 26 12 25 45 21 37 43 10 8 22 37 31 18 39 27 27 34 18 43 54 24 40 32 29 1 20 38 36 28 19 13 32 26 4 36 32 46 24 10 27 12 33 17 43 1 23 40 32 30 0 19 37 35 34 52 15 40 47 38 23 17 34 47 51 33 32 45 23 17 9 33 34 29 46 18 40 57 48 35 20 38 55 55 30 13 5 24 26 18 13 28 32 25 0 31 36 37 51 46 39 14 31 51 47 34 6 23 43 39 22 11 31 16 19 15 29 33 43 50 
22 47 23 13 44 3 46 37 13 19 44 45 29 8 24 46 31 24 9 36 24 60 39 34 47 22 12 32 16 48 32 34 41 50 26 50 49 69 49 33 40 18 24 10 36 25 1 40 35 48 24 13 32 16 11 37 8 15 37 29 33 6 12 32 28 9 35 32 6 6 32 34 21 5 25 14 18 49 42 43 13 22 44 34 27 23 24 48 40 22 13 12 13 5 24 26 18 13 28 45 51 21 22 44 30 50 23 16 37 21 47 32 41 19 21 12 12 16 18 29 
50 64 50 52 81 40 77 76 37 45 60 77 66 44 64 35 14 18 44 10 40 39 27 8 32 40 28 9 32 36 24 53 17 58 45 26 33 58 57 40 22 29 17 44 8 41 39 1 9 33 40 28 8 31 50 26 40 48 15 14 20 40 36 24 44 38 70 72 32 38 49 70 61 41 63 27 37 18 10 14 27 25 22 38 64 27 35 54 67 54 32 51 30 34 41 64 57 39 62 5 24 26 18 13 28 30 34 23 7 28 53 36 18 25 54 32 52 27 50 37 
43 56 43 46 75 34 70 70 30 37 52 69 59 38 59 28 5 17 38 15 32 34 8 11 25 32 23 11 30 29 15 45 11 50 37 21 26 52 49 31 14 22 15 37 14 32 34 8 1 26 32 22 10 29 46 30 33 45 21 15 12 34 33 27 45 35 63 67 28 32 41 63 55 37 60 21 36 26 18 10 22 25 29 41 57 19 27 46 59 47 25 46 27 30 33 57 53 37 59 13 20 18 16 21 30 24 26 18 13 28 45 27 12 18 47 25 47 25 47 39 
42 41 41 53 74 45 63 72 35 38 37 64 60 45 67 4 23 40 45 41 29 47 32 25 49 30 36 37 51 4 15 36 15 31 32 9 2 26 30 20 10 28 39 44 40 28 45 31 24 1 29 35 36 49 59 56 41 62 46 40 15 42 51 52 67 52 61 74 42 42 32 62 62 51 72 34 57 50 43 18 35 48 54 65 59 24 25 27 51 47 33 55 46 44 30 60 63 55 75 35 13 25 38 46 55 5 26 34 39 50 26 18 13 28 48 35 56 46 64 62 
12 27 11 24 45 19 37 42 9 7 24 37 30 17 37 28 26 33 16 42 1 22 40 32 30 53 18 37 35 29 19 14 32 28 5 36 33 48 26 11 28 11 32 15 42 3 21 40 32 31 1 17 36 34 32 51 14 38 46 37 23 15 32 46 49 31 32 44 21 16 11 32 32 28 45 17 39 56 47 35 18 37 54 53 29 13 5 26 27 17 12 26 30 23 2 30 35 35 49 45 39 13 30 50 46 35 5 22 42 38 24 12 31 15 18 13 28 32 41 48 
24 46 25 23 53 11 51 47 11 19 42 50 37 15 36 36 19 15 15 27 20 12 28 23 36 18 36 22 17 38 21 33 29 46 24 38 38 60 44 26 28 9 15 15 27 21 11 29 23 37 19 1 22 15 23 33 11 25 29 21 21 11 15 28 32 16 42 44 6 10 29 42 32 15 37 2 22 40 32 31 1 18 37 35 35 12 17 43 43 27 6 23 12 8 20 35 30 19 39 34 39 11 13 35 27 39 15 5 27 19 41 24 29 8 26 5 23 13 28 30 
46 63 46 45 75 33 73 69 32 40 59 72 59 37 56 39 14 8 37 5 38 32 9 11 37 37 22 27 22 41 25 51 23 59 42 33 38 63 58 39 26 25 7 37 5 38 31 10 13 38 37 22 1 21 41 19 33 38 10 4 22 33 26 15 35 29 64 64 25 32 47 64 53 32 54 22 28 19 10 21 21 16 18 29 57 24 33 56 64 49 27 44 20 26 38 57 49 30 52 14 32 23 9 13 19 36 32 16 5 18 54 36 24 21 48 26 44 18 40 28 
38 62 39 30 60 20 63 52 26 34 59 62 45 25 37 52 29 14 25 24 36 16 32 30 51 35 17 22 56 53 36 49 40 63 40 50 53 76 61 43 41 26 15 26 25 38 17 33 32 52 36 18 23 1 21 21 24 16 23 18 35 22 5 16 15 9 52 45 13 21 46 51 36 14 32 19 6 35 30 41 17 6 28 18 43 29 35 60 57 39 23 27 4 12 37 42 29 7 30 36 50 27 14 31 13 52 33 16 27 5 58 41 41 24 37 21 26 5 18 13 
41 37 40 53 73 45 61 71 36 37 34 61 59 45 67 1 26 43 45 45 28 48 36 29 4 29 38 41 53 50 17 33 19 27 31 14 5 23 26 19 14 29 42 44 44 27 46 35 28 4 28 36 39 52 59 60 41 63 50 44 19 43 53 56 69 54 60 74 44 42 30 60 62 53 73 35 59 55 47 23 37 51 58 68 58 25 24 23 48 46 34 55 49 46 29 59 64 57 76 40 18 27 41 50 58 9 26 37 43 53 22 17 18 29 47 36 57 48 66 65 
32 40 31 40 65 30 57 61 22 26 36 57 50 32 54 15 11 26 32 30 19 32 24 15 15 19 21 25 36 17 84 30 12 34 24 18 17 40 33 15 8 14 25 31 29 19 31 23 15 16 19 20 24 35 44 44 27 46 35 28 4 28 36 39 52 37 52 62 27 27 26 52 50 36 58 19 42 42 34 16 20 34 44 51 48 9 14 30 45 37 19 41 31 29 20 49 49 40 60 29 20 10 24 37 41 17 14 19 29 36 29 11 11 13 37 20 42 31 49 48 
14 13 13 30 40 30 27 40 22 15 10 28 28 27 42 32 39 47 26 56 13 34 53 45 36 14 33 51 49 33 30 88 42 18 9 44 38 45 16 15 37 25 47 25 56 12 33 53 45 36 13 32 50 48 42 66 25 49 60 52 34 27 45 60 62 44 27 46 35 28 4 28 36 39 52 31 52 70 61 46 33 51 69 67 28 26 18 18 15 18 26 34 44 36 12 30 42 48 58 59 48 27 45 65 60 41 19 36 56 52 17 19 41 29 19 28 36 46 52 62 
44 51 44 51 77 40 69 73 33 39 47 69 61 42 65 18 11 28 42 26 32 41 17 11 15 32 29 23 40 19 12 42 88 43 36 10 15 41 42 27 5 24 26 42 25 31 40 16 10 16 31 28 21 39 53 42 38 54 32 27 9 39 42 39 56 44 64 72 35 38 38 64 60 45 67 27 46 35 28 4 28 36 39 52 60 20 26 39 57 49 29 52 37 37 32 60 59 46 68 20 10 21 26 31 42 13 26 25 24 39 38 23 1 22 49 30 53 35 56 50 
32 13 31 48 56 47 40 58 37 32 11 41 46 44 60 27 45 58 43 64 26 50 58 50 31 28 46 59 63 27 34 18 43 55 24 40 32 29 1 20 38 36 57 42 63 25 49 57 49 31 27 44 58 61 59 76 42 66 69 61 38 43 60 71 78 59 44 65 50 44 19 45 55 56 70 44 67 76 68 47 45 63 78 81 46 35 28 4 28 36 39 52 58 51 26 48 60 63 76 63 44 37 55 71 72 36 30 48 63 65 5 23 42 40 38 41 54 59 69 76 
10 22 9 25 42 23 33 40 13 8 18 33 28 19 38 30 31 38 19 48 4 26 45 37 32 5 24 42 40 31 24 9 36 24 93 39 34 47 22 12 32 16 38 18 47 4 25 45 37 33 5 23 42 39 35 57 17 42 51 43 27 19 37 51 54 35 29 44 26 20 5 30 33 31 47 22 44 61 53 40 24 42 60 58 27 18 10 22 21 15 17 28 35 28 4 28 36 39 52 51 43 19 36 56 51 37 10 27 47 43 21 14 35 20 16 19 30 37 44 54 
49 50 48 58 82 48 72 79 40 44 47 72 67 50 72 13 21 38 50 36 36 50 26 21 9 36 38 33 50 14 18 44 10 40 39 71 8 32 40 28 9 32 36 49 34 35 48 25 20 10 36 37 32 49 61 52 45 63 42 37 16 46 52 49 66 53 69 80 44 45 41 69 68 54 76 36 56 44 37 11 37 47 49 62 66 27 31 36 60 54 37 59 46 46 36 66 67 56 77 28 4 28 36 39 52 4 31 35 33 49 36 25 9 30 54 38 60 45 66 60 
45 43 44 56 77 47 66 75 38 40 39 66 63 48 70 5 24 41 47 42 32 49 33 26 2 33 38 38 53 5 17 38 15 32 34 8 56 25 32 23 11 30 40 46 40 31 48 31 25 1 32 37 37 51 61 57 43 64 47 42 17 45 53 54 69 54 64 77 44 44 35 64 65 54 75 36 59 51 44 18 37 50 55 66 62 26 27 28 53 50 36 57 48 46 32 63 66 57 77 35 12 27 40 46 56 4 28 36 39 52 28 20 14 30 51 37 59 48 66 64 
57 42 56 72 85 66 70 86 56 55 40 71 74 65 85 24 49 66 65 67 46 69 58 52 26 48 60 63 76 23 40 45 41 29 47 32 25 8 30 36 37 51 65 63 66 45 68 57 50 25 47 59 62 75 80 82 61 85 73 67 42 63 76 79 92 76 72 91 66 63 44 74 80 74 93 57 82 76 69 44 59 74 81 91 73 47 44 27 58 62 56 74 71 68 46 75 83 79 97 60 35 49 64 72 81 28 46 59 65 76 28 36 39 52 63 57 76 71 88 88 
31 12 29 47 55 45 39 56 35 30 10 40 45 42 59 26 43 56 42 63 24 49 57 49 30 26 44 58 61 26 33 16 42 1 22 40 32 30 57 18 37 35 55 40 62 23 47 56 48 30 25 43 57 60 58 75 40 64 68 60 36 42 59 70 76 57 43 63 48 42 17 44 53 54 68 42 65 75 67 46 44 62 76 79 45 34 26 3 27 35 38 50 56 50 24 46 58 61 74 62 44 35 54 70 70 36 28 46 62 63 4 22 41 38 36 39 52 57 67 75 
22 24 21 35 54 30 43 52 20 18 20 43 40 28 49 18 26 38 28 44 10 33 40 31 20 11 26 39 43 19 15 15 27 20 12 28 23 36 18 73 22 17 37 27 44 9 32 39 30 21 10 25 38 42 44 56 25 49 49 41 19 27 42 51 59 41 41 56 31 27 12 41 44 38 56 24 48 57 49 31 26 44 58 61 39 15 9 16 31 27 20 38 38 33 10 40 46 45 61 44 32 17 35 52 52 26 10 28 43 45 15 4 26 20 28 22 40 39 52 57 
40 46 40 49 73 38 65 70 31 35 42 65 58 40 63 13 12 30 40 30 27 40 22 14 10 28 28 26 41 14 8 37 5 38 32 9 11 37 37 22 79 22 28 39 29 27 39 21 13 12 27 27 25 40 52 45 36 54 36 30 6 37 43 42 57 44 60 70 34 36 34 61 58 44 66 26 47 40 32 9 27 38 44 54 57 18 22 34 53 45 27 50 37 37 28 57 57 46 67 25 11 19 28 35 44 10 22 25 28 40 33 18 4 20 46 28 51 36 56 52 
21 38 21 26 53 16 48 48 8 15 34 47 37 18 40 28 16 22 18 31 12 18 29 22 28 11 9 25 26 29 14 25 24 36 16 32 30 51 35 17 22 104 21 17 30 13 17 29 22 29 11 8 25 25 30 40 13 34 34 26 16 14 25 35 42 25 41 48 14 13 21 41 36 23 44 7 31 44 36 27 8 26 43 44 35 4 8 34 38 25 5 27 21 16 12 36 35 28 46 35 34 3 19 39 35 31 7 11 31 28 32 15 24 4 25 6 28 22 36 39 
40 59 40 37 68 25 67 61 26 34 55 66 52 30 48 40 15 1 30 12 33 24 17 15 39 32 15 7 15 42 25 47 26 57 38 36 40 65 55 37 28 21 34 30 12 34 24 18 17 40 33 15 8 14 33 19 27 31 14 5 23 26 19 14 29 21 57 56 17 25 43 57 46 24 46 15 21 25 17 26 15 10 22 26 50 21 29 53 58 42 21 36 13 18 34 50 41 22 45 21 36 20 1 20 16 39 28 10 13 12 52 33 27 17 42 20 36 10 33 23 
12 38 13 9 37 6 37 32 8 10 35 36 22 1 23 43 32 30 1 42 17 10 44 37 44 15 15 37 26 44 31 25 42 42 18 49 46 63 40 27 39 17 30 67 42 18 9 44 38 45 16 15 37 25 17 46 4 24 44 36 33 4 22 41 38 19 27 31 14 5 23 26 19 14 29 16 28 56 48 44 16 30 52 44 20 21 19 41 30 12 12 11 22 14 17 19 19 23 34 49 51 20 29 51 39 48 18 21 43 31 39 27 41 19 11 12 12 25 27 39 
51 68 51 50 80 37 78 74 37 45 64 77 64 42 61 42 18 12 42 1 43 36 8 14 40 42 27 5 25 44 29 56 25 63 47 34 40 66 62 44 29 30 12 42 39 43 36 10 15 41 42 27 5 24 45 17 38 42 7 7 26 38 30 15 36 33 69 69 29 37 52 69 58 37 58 27 31 14 5 23 26 19 14 29 62 29 38 60 68 54 32 48 24 30 43 62 53 33 55 11 33 28 14 8 19 38 37 21 1 21 58 40 26 26 53 31 48 21 43 29 
14 25 13 26 46 22 37 44 12 9 21 37 32 20 40 26 27 35 20 44 1 25 41 32 28 3 21 38 38 27 19 12 31 25 4 35 31 45 23 9 27 13 34 18 43 54 24 40 32 29 1 20 38 36 35 53 17 41 48 39 23 19 35 48 52 34 33 47 24 19 8 34 35 31 48 19 42 57 49 35 21 39 56 56 31 14 5 23 26 19 14 29 33 26 1 32 38 38 52 46 38 15 32 52 48 33 6 24 43 40 21 10 30 16 20 16 31 34 44 51 
21 46 22 13 44 2 45 37 12 18 43 44 29 7 25 45 30 23 8 36 23 1 39 34 45 21 11 31 17 46 31 33 40 49 25 48 48 68 47 32 39 17 24 9 36 24 62 39 34 47 22 12 32 16 13 38 7 17 37 29 32 5 13 32 29 10 34 33 6 5 30 34 22 6 27 13 19 49 41 42 12 22 44 35 27 21 23 47 39 21 12 12 14 5 23 26 19 14 29 44 50 20 22 44 30 49 21 16 37 22 45 31 40 18 20 10 12 17 20 30 
50 64 50 53 82 40 77 76 37 45 60 77 66 44 65 34 13 19 44 11 40 40 1 8 31 40 29 10 33 35 23 53 16 57 45 25 31 57 56 39 21 29 18 44 10 40 39 28 8 32 40 28 9 32 50 27 40 49 17 15 19 40 37 25 46 39 70 73 33 39 49 70 62 42 64 28 38 19 12 13 28 27 23 39 64 27 35 54 67 54 32 52 31 35 41 64 58 40 63 5 23 26 19 14 29 29 34 23 8 29 52 35 17 25 54 32 52 28 51 38 
43 55 43 47 75 35 70 70 30 37 51 69 59 38 60 27 5 18 38 16 32 35 9 1 24 32 23 13 32 28 15 45 10 49 37 20 25 50 48 30 13 22 17 38 15 32 34 8 11 25 32 23 11 30 47 32 34 46 22 17 11 34 34 29 46 36 63 68 29 33 41 63 56 38 61 22 38 27 19 9 22 27 30 42 57 19 27 45 59 47 25 47 28 31 33 58 53 38 60 14 19 18 17 22 32 23 26 19 14 29 44 26 11 18 47 26 47 27 48 40 
43 41 42 54 75 46 64 73 37 39 37 64 61 46 68 3 24 41 46 42 30 48 33 26 1 31 37 38 52 4 16 36 16 31 33 10 1 25 30 21 12 29 40 45 41 29 47 32 25 46 30 36 37 51 60 57 42 63 48 42 17 43 53 54 68 53 62 75 43 43 33 63 64 53 74 35 58 51 44 19 37 50 55 66 60 25 26 27 51 48 35 56 48 46 31 61 64 57 76 36 14 27 39 47 56 5 27 36 40 52 26 19 14 29 49 36 57 47 66 63 
13 26 12 25 46 20 37 43 10 8 23 37 31 18 39 27 26 33 18 43 0 24 40 32 29 1 19 37 36 28 19 13 31 27 5 36 32 47 25 10 27 11 33 16 42 1 22 40 32 30 53 18 37 35 34 52 15 39 46 38 23 17 33 47 51 32 33 45 23 17 10 33 34 29 46 18 40 56 48 35 19 38 55 54 30 13 5 24 27 18 13 27 31 24 1 31 36 36 51 46 39 14 31 51 47 34 5 23 42 39 23 11 31 15 19 14 29 33 42 50 
24 45 24 24 53 12 51 47 10 19 41 50 37 15 37 35 18 16 16 27 19 13 28 22 35 17 1 22 18 36 20 32 28 44 23 37 37 59 43 25 27 8 15 15 27 20 12 28 23 36 18 38 22 17 24 34 11 26 29 21 20 11 17 28 34 17 42 45 7 10 28 42 33 16 38 1 23 41 32 30 1 19 38 36 35 11 16 42 42 27 5 24 13 9 19 35 31 20 40 34 38 9 14 35 28 37 14 5 27 20 40 23 28 6 26 4 24 14 29 31 
46 62 46 45 75 33 73 69 32 40 58 72 59 37 57 38 13 9 38 6 37 32 8 10 36 36 22 1 23 39 24 50 21 58 42 32 37 62 57 38 25 25 8 37 5 38 32 9 11 37 37 22 29 22 42 20 34 39 11 5 21 33 27 17 36 30 64 65 25 32 46 64 54 33 55 21 29 19 10 20 21 17 19 30 57 24 32 55 63 49 27 44 21 26 38 57 49 31 53 13 30 23 9 14 20 35 31 16 5 19 53 35 23 21 48 26 44 19 41 29 
37 61 38 29 60 19 62 52 25 33 58 61 45 24 37 50 28 13 25 24 35 16 31 29 49 34 15 21 1 52 35 48 39 61 39 49 51 75 60 42 40 25 14 25 24 36 16 32 30 51 35 17 22 59 21 21 23 17 23 17 34 21 5 16 17 9 51 45 12 20 44 50 36 14 33 18 7 35 29 39 16 6 28 19 43 27 33 59 56 38 22 27 3 11 36 42 29 8 31 35 49 26 13 31 14 51 31 15 26 5 57 40 40 23 37 20 26 3 19 14 
27 54 29 13 40 14 47 32 24 27 52 45 27 15 16 58 42 32 15 45 34 11 50 46 59 32 23 41 21 59 44 42 53 59 35 61 61 80 58 44 52 30 33 17 45 35 13 50 47 60 34 24 42 21 61 42 18 9 44 38 45 16 15 37 25 12 34 24 18 17 40 33 15 8 14 25 19 56 50 55 24 28 50 35 25 34 35 58 44 26 25 9 20 16 34 24 8 14 17 55 63 33 32 52 34 62 34 28 46 27 56 43 53 31 24 23 7 23 11 30 
57 78 58 51 82 40 83 74 44 52 75 82 67 45 59 58 33 18 46 15 52 37 26 30 56 51 33 19 21 60 44 66 42 76 57 52 57 82 75 56 45 40 19 46 17 53 38 27 32 57 52 34 20 21 42 24 43 36 10 15 41 42 27 5 24 30 73 66 32 41 62 72 58 35 52 34 24 18 17 40 33 15 8 14 65 41 49 73 76 59 39 48 24 32 53 64 50 28 47 27 50 39 21 16 8 55 47 29 18 16 71 53 43 37 58 38 48 21 36 16 
14 39 15 13 41 5 40 36 5 10 36 39 26 4 27 40 28 27 4 38 15 8 40 33 41 14 11 33 24 41 27 25 38 42 17 45 43 61 40 25 36 13 27 4 38 17 7 40 34 42 15 11 34 23 18 43 68 24 40 32 29 1 20 38 36 18 30 34 10 2 23 30 22 14 31 12 26 52 44 40 12 27 48 42 24 18 17 40 33 15 8 14 19 11 16 24 22 22 35 45 47 17 25 47 36 45 15 17 39 28 38 25 38 15 15 8 15 22 27 37 
35 62 37 22 49 19 56 40 29 34 59 54 36 22 23 62 42 30 23 41 40 15 48 45 62 38 25 38 16 63 46 49 54 66 42 63 64 85 64 49 54 34 31 24 42 41 17 49 46 63 39 26 39 17 9 36 24 48 39 34 47 22 12 32 16 9 43 30 19 22 47 42 24 10 16 27 12 52 46 55 26 23 44 27 34 38 40 64 53 34 29 18 18 17 40 33 15 8 14 52 64 36 30 48 28 64 38 28 43 21 63 48 54 33 32 27 16 20 2 22 
54 72 54 50 81 38 81 74 40 48 69 80 66 44 60 49 24 13 44 5 47 37 15 21 46 46 29 10 23 50 35 60 32 69 51 42 47 73 68 49 36 34 14 44 7 48 37 17 22 48 46 29 11 23 44 10 40 39 36 8 32 40 28 9 32 32 71 68 30 38 56 71 58 36 56 29 27 12 7 30 29 16 8 23 64 34 42 66 72 56 35 48 24 31 47 63 52 31 52 17 40 33 15 8 14 45 41 24 8 18 64 46 33 31 56 34 48 20 41 23 
45 64 46 43 73 31 72 67 32 40 60 72 58 36 53 43 17 5 36 6 38 29 14 15 40 37 21 4 18 44 28 52 27 61 43 37 42 67 60 41 30 26 5 36 7 39 29 15 17 42 38 21 5 17 38 15 32 34 8 34 25 32 23 11 30 26 63 61 23 30 48 63 51 29 51 21 24 19 12 26 20 12 16 25 56 26 34 58 63 48 26 41 17 24 39 55 46 26 48 18 36 24 7 14 14 40 33 15 8 14 56 38 28 22 47 25 41 14 36 23 
35 44 35 42 68 32 60 64 24 30 40 60 52 34 56 17 7 24 34 27 23 33 20 12 15 23 21 22 35 19 4 34 9 38 27 16 17 42 36 19 6 16 23 33 26 23 32 19 11 17 23 20 21 34 45 41 29 47 32 25 80 30 36 37 51 37 55 64 27 29 30 55 52 37 59 19 41 38 30 12 21 32 40 49 51 11 17 34 49 40 21 43 31 30 24 51 51 40 61 25 18 12 22 33 39 17 17 19 25 34 33 15 8 14 40 22 44 30 49 46 
15 40 16 12 41 3 41 36 7 12 37 40 26 4 26 41 29 26 4 38 17 6 40 34 42 15 11 33 22 43 28 27 39 43 19 46 45 63 42 27 37 14 26 4 38 19 5 40 34 43 17 11 33 21 16 42 1 22 40 32 30 66 18 37 35 16 31 33 9 1 25 30 21 12 30 12 25 52 44 41 12 26 47 41 24 19 18 42 34 16 9 13 18 10 17 24 20 20 33 45 48 18 24 47 35 46 17 17 39 27 40 26 39 16 15 8 14 21 25 36 
34 59 35 24 54 15 58 47 23 30 56 57 40 20 32 52 31 18 21 29 34 12 36 33 51 32 15 26 5 53 36 45 42 60 37 52 53 76 59 42 43 25 19 22 30 35 13 37 34 53 33 17 27 5 15 27 20 12 28 23 36 18 31 22 17 3 46 39 10 17 42 45 30 8 27 18 6 41 35 43 16 12 34 22 38 28 33 58 52 34 21 21 6 9 34 37 24 3 26 40 53 26 18 37 19 53 31 17 31 11 56 40 43 24 33 19 21 8 14 17 
52 73 52 46 76 35 78 69 39 47 70 77 61 40 54 55 29 13 40 14 47 32 24 27 52 46 28 15 16 56 39 60 39 71 51 49 54 79 70 51 42 35 14 41 15 48 32 25 29 54 47 28 17 16 37 5 38 32 9 11 37 37 22 17 22 25 67 61 27 35 57 67 53 30 48 29 19 20 17 37 27 10 12 13 59 36 44 68 71 53 34 43 18 27 48 59 46 24 44 26 48 34 16 18 4 52 42 24 17 10 67 48 40 32 53 33 43 15 32 14 
50 76 51 38 65 32 72 57 40 47 73 71 53 36 40 68 45 28 37 35 51 28 44 45 67 49 32 35 15 69 52 62 56 78 54 66 69 92 76 59 57 42 29 38 36 52 29 46 46 68 51 34 36 17 25 24 36 16 32 30 51 35 17 22 28 18 60 46 27 34 60 58 41 23 30 35 10 42 39 56 33 19 33 12 51 45 50 75 68 50 38 34 20 26 51 49 32 14 24 48 66 43 29 40 18 68 48 32 38 17 74 57 57 40 48 36 33 20 15 8 
31 57 32 21 51 13 55 43 22 28 54 54 37 18 28 52 33 20 18 32 33 9 38 35 52 31 16 29 9 54 37 44 44 59 35 53 54 76 57 41 44 25 21 19 33 34 10 39 36 53 32 17 30 9 12 30 18 9 32 26 37 16 3 25 18 85 43 36 10 15 41 42 27 5 24 18 9 44 38 45 16 15 37 25 34 28 32 57 50 31 20 18 8 8 33 34 20 4 23 43 54 27 20 40 22 54 30 18 34 14 55 40 44 24 30 18 17 11 12 20 
20 33 20 22 13 32 13 13 32 25 33 11 7 27 23 59 57 57 27 69 32 35 70 63 61 32 42 64 52 60 52 27 64 44 29 69 64 72 43 41 60 41 57 27 69 33 34 70 63 62 33 42 64 51 34 73 30 43 71 63 55 31 46 67 60 43 37 24 40 32 29 1 20 38 36 42 52 83 75 67 43 57 79 69 9 44 38 45 16 15 37 25 49 40 32 10 29 46 45 76 72 44 56 78 65 66 38 48 70 57 44 43 64 44 15 38 27 52 45 63 
33 55 35 21 22 32 36 13 39 37 55 34 19 30 8 73 63 56 30 68 45 32 72 67 74 44 44 64 45 74 62 46 72 65 44 80 77 91 63 56 70 48 56 31 69 47 33 73 68 75 45 45 65 45 24 66 34 30 68 61 64 33 39 61 46 36 24 18 39 34 47 22 12 32 16 45 42 80 74 75 45 52 74 58 18 52 49 65 40 29 43 21 44 38 45 16 15 37 25 78 82 51 55 76 58 79 48 49 70 51 63 57 72 50 27 42 20 47 31 53 
25 48 25 20 50 8 51 44 13 21 45 50 35 13 31 42 24 17 13 29 23 6 32 28 42 21 6 25 13 44 27 35 35 50 26 44 44 66 48 31 34 14 17 14 29 24 6 33 29 43 23 7 25 12 18 32 10 19 30 23 27 9 10 27 27 10 40 39 89 8 32 40 28 9 32 8 17 42 35 37 6 16 38 32 33 18 22 47 44 26 10 19 9 2 24 32 24 13 33 38 45 16 15 37 25 45 20 10 30 17 46 29 35 14 25 8 19 11 22 27 
16 41 17 13 43 3 42 37 7 13 38 41 27 5 27 41 28 25 5 37 17 6 38 32 42 16 10 32 21 42 27 28 38 44 20 45 44 63 42 27 36 13 25 5 37 19 5 39 33 43 17 10 32 20 17 41 2 22 38 30 29 1 17 35 34 15 32 34 8 76 25 32 23 11 30 11 24 50 42 40 10 25 46 40 25 18 18 42 35 18 8 14 17 9 18 25 21 19 34 44 47 17 23 45 34 45 16 15 37 25 40 26 38 15 17 7 15 20 25 35 
13 16 12 29 42 28 31 41 19 13 13 31 30 24 41 29 35 44 24 52 9 32 49 41 32 11 29 47 46 30 26 4 38 19 5 41 35 44 17 12 34 21 43 23 52 8 30 49 41 33 10 28 46 44 40 62 23 47 56 48 30 25 42 57 60 41 29 47 32 25 91 30 36 37 51 28 49 66 57 42 29 48 65 64 29 22 14 18 19 18 23 32 41 33 9 30 41 45 57 55 44 23 41 61 57 38 15 33 52 49 16 15 37 25 19 24 34 43 50 59 
20 34 21 21 12 32 14 12 32 25 35 13 5 27 22 59 57 57 26 69 33 34 70 63 62 32 42 64 51 60 52 28 64 45 30 69 64 74 44 41 61 41 57 26 69 34 34 70 63 63 33 42 64 50 33 72 30 42 71 63 55 30 45 67 58 42 1 22 40 32 30 33 18 37 35 42 51 82 74 68 42 56 78 68 7 44 38 46 18 15 37 24 48 39 32 9 27 45 43 75 72 44 55 77 64 67 38 47 70 56 45 44 64 44 15 37 25 51 43 62 
22 47 24 9 24 21 33 16 27 25 45 31 13 18 5 61 51 45 18 58 34 21 61 55 62 32 32 53 36 62 50 36 60 55 33 68 65 80 53 44 58 36 46 19 58 35 22 62 56 64 34 33 54 36 15 58 22 24 58 51 52 21 30 53 41 27 20 12 28 23 36 18 31 22 17 34 35 71 63 63 33 42 65 51 11 40 37 55 33 18 31 9 34 27 33 9 9 29 25 67 70 39 44 66 50 67 36 38 59 42 53 45 60 38 16 30 9 37 25 46 
26 52 27 15 46 8 49 38 18 24 50 48 31 13 24 51 34 24 13 36 29 5 41 37 51 28 15 32 14 53 36 39 45 56 31 54 54 74 54 38 44 23 24 14 37 31 6 42 38 53 29 16 33 14 8 35 14 10 36 29 37 12 8 30 23 5 38 32 9 11 37 37 22 75 22 18 14 48 42 46 16 20 42 31 29 27 30 54 45 26 18 12 12 7 29 28 16 9 23 46 55 26 23 44 28 54 28 19 38 19 52 37 45 23 25 16 12 15 13 25 
37 63 39 21 38 27 50 29 37 38 62 48 30 27 13 72 56 45 28 57 46 25 63 60 72 45 37 54 32 73 58 52 67 70 47 76 75 93 68 56 66 44 46 29 58 48 27 64 61 74 46 38 55 33 14 52 31 16 56 51 59 30 27 48 30 24 36 16 32 30 51 35 17 22 51 40 28 68 62 69 38 39 60 42 28 48 48 69 50 34 39 18 33 30 46 26 10 24 9 68 77 47 45 64 44 76 47 42 59 38 68 57 67 45 32 37 16 36 15 37 
24 44 24 24 54 13 51 48 10 19 41 50 38 16 38 34 17 16 16 27 18 14 27 21 34 17 2 22 19 35 19 31 27 44 22 36 36 57 42 24 26 7 15 16 27 19 13 28 22 35 18 1 21 18 25 34 12 27 29 21 19 12 18 29 35 18 42 45 8 11 28 42 34 18 40 87 24 40 32 29 1 20 38 36 36 10 15 41 42 27 5 24 14 10 19 36 32 21 41 33 37 8 14 35 29 36 13 5 27 21 39 22 27 5 26 4 25 15 30 32 
40 65 41 30 59 22 64 51 30 37 62 63 45 27 35 57 35 20 27 30 40 18 37 36 57 39 22 28 6 59 42 52 46 67 44 56 59 82 65 48 47 31 21 28 31 42 19 38 38 58 40 23 29 7 19 24 26 12 27 24 41 25 6 19 10 9 52 42 17 24 49 51 35 14 28 24 72 39 34 47 22 12 32 16 43 34 39 65 59 40 27 26 10 15 41 42 27 5 24 42 57 32 20 36 15 58 37 22 32 10 63 46 47 29 39 25 25 11 13 11 
65 81 65 63 93 50 92 86 51 59 77 91 78 55 72 54 31 25 56 13 57 49 18 26 50 56 40 19 35 55 42 70 35 76 61 44 51 76 75 57 40 44 25 56 14 57 49 19 27 51 56 41 19 35 56 18 52 52 12 19 38 52 41 20 42 44 83 80 42 50 66 82 71 48 68 40 39 20 8 32 40 28 9 32 76 43 52 73 83 68 46 61 36 43 57 75 65 43 64 15 41 42 27 5 24 48 51 35 13 30 71 53 37 40 67 45 61 33 53 34 
56 73 57 55 86 43 84 79 43 51 69 83 70 48 66 46 23 18 48 5 48 42 10 18 43 47 32 10 30 47 34 61 28 68 53 37 44 69 67 49 32 36 17 48 5 49 41 12 19 44 48 32 10 29 50 17 44 46 7 12 30 44 35 17 39 38 75 74 35 42 57 74 63 42 62 32 34 8 31 25 32 23 11 30 68 35 43 64 74 59 37 54 29 36 49 68 58 37 59 10 35 34 19 3 21 41 42 27 5 24 63 45 29 32 59 37 54 26 48 31 
47 55 47 53 80 42 73 76 36 42 51 73 65 45 67 22 12 27 45 24 35 43 14 10 18 35 31 21 41 23 16 46 4 47 40 11 18 44 46 31 9 27 26 44 23 35 42 13 9 19 35 30 20 39 55 40 40 55 30 26 12 41 43 37 56 45 67 75 37 40 42 68 63 46 69 29 47 32 25 82 30 36 37 51 63 23 29 43 61 52 32 54 37 39 36 63 61 47 69 17 10 24 26 28 41 15 30 27 21 38 42 27 5 24 52 32 55 36 57 49 
25 46 25 24 54 12 52 48 11 19 42 51 38 16 37 36 18 15 16 26 20 13 27 22 35 18 1 21 17 37 20 33 28 45 24 37 37 59 44 26 27 8 15 16 26 21 12 28 22 37 19 1 21 16 24 33 12 26 29 20 21 12 16 27 33 16 43 45 6 10 29 42 33 16 38 1 22 40 32 30 85 18 37 35 36 12 17 43 43 27 6 24 12 9 20 36 31 20 40 33 38 10 13 35 27 38 15 4 27 19 41 24 28 7 27 5 24 13 29 30 
41 64 42 35 66 24 68 59 29 37 61 67 51 29 44 50 25 8 30 18 38 22 25 25 48 37 18 16 6 51 34 51 36 63 42 47 50 74 62 44 38 26 10 30 19 39 22 27 27 50 38 19 17 6 28 15 27 23 16 12 32 26 12 10 19 15 57 52 16 25 48 56 42 20 39 20 12 28 23 36 18 54 22 17 49 28 35 61 60 43 25 33 8 16 39 48 36 14 36 30 46 26 10 24 9 49 33 15 20 2 59 41 37 24 42 23 32 5 24 13 
62 81 62 57 88 46 89 81 48 57 77 88 73 51 66 57 33 21 51 13 55 44 22 29 54 54 37 18 28 58 44 69 39 78 60 49 55 81 76 58 44 43 22 52 14 56 44 23 30 55 55 38 19 28 50 8 48 44 8 16 40 47 34 12 33 37 79 74 38 46 65 78 65 42 60 38 32 9 11 37 37 22 10 22 71 42 51 74 80 64 43 55 30 38 56 70 58 36 56 22 47 41 24 10 16 52 50 32 15 23 73 54 41 39 63 42 55 27 45 24 
56 80 57 46 76 38 81 67 45 53 77 79 62 43 51 66 42 24 43 28 55 34 38 41 65 53 35 29 18 68 51 67 52 81 58 62 66 91 79 61 54 44 26 44 29 56 35 39 42 66 54 36 30 19 35 14 42 27 23 25 49 41 22 13 12 25 69 58 32 40 64 68 51 31 42 36 16 32 30 51 35 17 22 49 60 45 52 78 75 57 41 43 23 31 55 59 43 22 36 40 61 44 26 30 10 65 50 32 31 15 76 58 53 41 55 39 42 21 27 5 
17 37 18 13 17 25 22 13 27 21 36 20 2 20 15 57 52 50 19 62 30 27 64 57 59 29 35 57 43 58 48 28 60 46 27 66 62 73 45 39 57 35 50 20 62 31 27 64 57 60 30 35 57 43 25 65 24 34 64 56 51 24 38 59 51 34 9 18 33 25 29 7 11 29 28 36 43 76 68 63 36 49 71 60 48 39 34 47 22 12 32 16 40 32 29 1 20 38 36 69 68 39 48 71 57 64 34 41 63 48 45 41 59 39 11 31 18 44 36 55 
24 38 24 31 57 21 50 52 13 18 34 50 41 22 45 24 13 22 22 30 13 23 27 19 24 13 12 24 29 25 9 26 20 35 18 27 26 47 34 15 18 4 21 21 29 14 21 27 19 25 13 11 24 27 34 41 18 38 34 26 11 19 28 36 45 28 44 52 18 18 22 44 40 27 48 10 34 43 35 23 12 28 42 45 39 81 8 32 40 28 9 32 24 20 14 40 40 32 51 32 29 1 20 38 36 27 7 13 29 30 30 12 20 4 29 11 33 24 40 42 
18 30 17 28 51 21 43 48 11 13 26 43 36 21 42 23 21 30 20 38 5 24 35 27 25 5 17 33 35 24 14 18 26 28 10 31 27 44 26 9 22 8 29 19 38 5 23 35 27 26 5 16 32 33 35 49 17 40 42 34 17 18 33 44 50 32 38 49 22 18 14 38 37 30 48 15 39 52 43 29 17 35 51 52 34 8 65 25 32 23 11 30 30 24 6 35 39 36 52 40 33 9 28 46 44 29 1 20 38 36 23 8 25 12 23 13 32 31 43 48 
32 15 30 47 57 45 42 58 35 31 13 43 47 42 60 23 41 55 42 61 24 48 54 46 27 26 43 56 60 23 30 18 39 4 22 36 28 27 3 16 34 34 53 41 60 23 47 54 45 27 24 42 55 59 58 73 40 64 66 58 34 42 58 68 75 57 45 65 47 42 18 46 55 54 69 41 65 73 64 43 43 61 74 78 47 32 25 59 30 36 37 51 55 49 24 48 59 61 75 59 40 34 52 67 69 32 27 45 59 62 1 20 38 36 38 39 53 56 67 74 
18 16 18 31 28 37 12 30 32 23 17 13 21 32 38 48 53 58 31 69 26 40 67 59 51 27 43 64 57 48 45 15 57 28 21 60 53 58 27 31 53 38 58 30 68 26 39 67 59 51 27 42 63 56 44 76 33 53 72 63 49 34 52 71 68 50 16 40 44 35 19 18 33 45 50 42 59 83 74 61 43 60 80 75 22 40 32 30 3 18 37 35 53 44 25 24 41 54 58 73 63 40 56 77 69 57 32 48 69 61 29 34 56 42 20 38 36 55 55 70 
5 29 6 13 28 19 24 25 16 10 27 23 13 13 24 45 41 42 13 54 18 22 54 47 47 17 27 49 39 46 37 18 49 36 15 54 50 62 35 27 45 25 42 12 54 19 21 54 47 48 18 27 49 38 26 59 15 34 56 48 40 16 34 53 50 31 15 29 26 18 18 15 18 26 34 27 40 68 59 52 27 43 64 57 12 28 23 36 18 40 22 17 35 26 17 13 24 35 41 60 57 28 40 62 52 52 22 32 54 43 34 29 48 28 1 22 19 38 36 52 
19 39 19 21 49 11 46 44 5 13 36 45 33 13 35 33 20 21 13 32 13 13 32 25 33 12 6 27 23 34 19 26 29 39 17 37 36 56 38 20 27 5 21 12 32 14 12 32 25 35 13 5 27 22 25 39 8 29 35 26 21 9 21 34 38 20 37 43 10 8 23 37 31 18 39 5 27 46 37 32 6 25 43 41 32 9 11 37 37 22 76 22 18 12 14 32 30 24 41 38 39 8 19 40 34 36 10 10 32 26 35 19 29 7 22 1 23 20 31 36 
19 46 21 4 33 11 38 25 19 20 44 36 19 9 13 54 42 36 9 48 28 12 51 46 55 26 23 44 27 55 41 34 52 52 28 59 57 74 50 38 50 27 36 11 48 29 12 52 47 56 27 24 44 27 9 48 14 18 48 41 43 13 21 43 34 18 25 21 19 14 32 24 9 12 18 24 26 61 54 54 24 33 55 43 16 32 30 51 35 17 22 73 25 17 28 15 8 21 24 57 61 31 34 56 40 59 29 28 49 32 49 38 52 29 15 21 1 28 20 38 
34 57 34 27 58 16 59 50 22 30 54 58 43 21 36 47 25 12 22 24 32 13 30 27 46 30 12 20 4 49 31 44 37 58 35 46 48 71 56 38 37 21 13 22 24 33 14 31 28 48 31 13 21 3 20 24 19 18 24 17 31 18 6 18 20 8 49 44 9 17 41 48 34 12 33 14 10 36 29 37 12 8 30 23 40 24 30 55 53 35 18 25 79 8 32 40 28 9 32 34 47 22 12 32 16 48 28 12 26 8 53 36 37 19 34 16 24 3 20 18 
25 50 26 19 50 7 51 43 14 22 47 50 34 13 30 44 26 18 13 30 25 5 34 30 44 23 8 26 12 46 29 36 37 51 28 46 46 68 50 33 37 16 18 14 30 26 5 35 31 46 24 9 26 11 16 32 11 17 31 24 30 10 9 27 26 8 40 38 2 9 33 39 27 7 30 10 15 43 36 39 9 16 38 31 32 20 24 49 44 26 12 17 8 69 25 32 23 11 30 39 47 19 17 38 25 47 22 12 32 16 47 31 37 16 25 10 17 11 19 26 
12 25 11 25 45 21 36 42 11 8 22 36 30 18 39 28 27 35 18 44 0 24 41 33 30 2 20 38 37 29 20 12 32 26 4 36 32 46 24 10 28 12 34 17 43 1 23 41 33 31 1 19 38 36 34 53 16 40 47 39 24 17 34 48 51 33 32 45 24 18 9 32 33 29 46 19 41 57 49 36 20 39 56 55 29 14 6 24 25 17 14 28 32 25 94 30 36 37 51 47 39 15 32 52 48 34 6 24 43 40 22 12 32 16 18 15 29 34 43 50 
18 38 19 12 18 24 23 12 27 22 38 22 3 20 14 58 52 50 19 62 31 26 64 57 60 30 35 57 42 59 49 30 60 48 28 66 63 75 46 40 57 36 50 19 62 32 26 64 58 61 31 35 57 42 24 64 24 33 63 55 51 24 37 59 49 34 10 16 32 25 30 9 9 28 26 36 42 75 68 63 36 48 70 59 1 40 35 48 24 13 32 15 40 32 30 45 18 37 35 69 69 39 48 70 56 65 34 41 63 48 47 42 60 39 12 32 16 43 34 54 
27 53 29 11 33 19 42 24 27 28 51 40 22 18 8 62 49 40 18 53 36 18 57 53 63 35 30 49 29 64 49 42 59 60 36 67 66 83 58 46 57 35 41 19 53 38 19 58 53 64 36 31 49 29 8 50 22 15 52 46 51 20 24 46 32 20 29 15 24 21 41 27 9 16 10 32 27 65 58 61 31 36 58 43 20 40 39 59 41 24 30 8 28 23 36 18 24 22 17 62 69 38 39 60 42 67 37 34 54 35 57 47 59 37 22 29 6 32 16 38 
35 61 36 24 54 17 58 46 26 32 58 57 40 22 30 56 35 21 22 32 37 13 39 37 55 35 19 30 7 57 40 48 46 63 39 56 57 79 61 45 46 28 22 23 33 38 14 40 38 57 36 20 31 8 14 28 22 8 31 26 40 20 3 24 14 4 46 37 13 19 45 45 29 9 24 21 5 43 37 47 20 14 36 22 38 32 36 61 54 35 24 21 9 11 37 37 22 64 22 44 56 30 21 39 20 57 34 21 34 13 59 43 47 27 34 22 20 12 10 16 
44 70 45 28 47 30 58 38 41 44 68 57 38 32 22 75 57 44 32 54 51 28 62 59 75 49 39 52 30 76 60 58 68 76 52 77 77 97 74 61 67 46 45 34 55 52 29 63 60 76 51 40 53 31 17 47 35 14 52 48 61 33 26 44 24 23 45 25 33 34 57 43 25 23 9 41 24 64 59 69 40 36 56 36 36 51 52 75 58 41 41 24 32 30 51 35 17 22 33 66 78 49 44 61 39 78 51 42 57 34 73 60 68 47 39 40 22 34 12 32 
56 69 56 58 87 45 83 81 43 50 65 83 71 49 70 39 19 22 50 12 46 45 5 13 35 45 34 14 36 40 29 59 20 63 51 28 35 60 62 44 25 35 21 49 11 46 44 5 14 36 46 34 13 35 55 27 45 52 17 18 25 45 40 26 48 43 76 78 38 44 55 75 67 46 68 33 42 15 10 17 33 30 22 40 69 32 40 59 73 60 38 57 34 39 47 69 62 44 66 17 25 32 23 11 30 32 40 28 9 32 58 40 22 31 60 38 57 32 54 40 
52 54 51 60 85 50 75 81 42 46 50 75 70 52 74 17 21 37 52 34 39 51 24 20 13 39 39 32 50 18 20 48 10 44 43 4 12 35 44 32 11 34 36 51 33 38 50 23 19 14 39 38 30 49 63 50 47 64 40 36 18 48 53 48 66 54 72 82 45 47 44 72 70 55 77 37 57 41 35 10 38 46 47 61 68 29 33 40 63 57 39 61 47 47 39 69 69 56 78 25 65 30 36 37 51 8 34 36 31 48 40 28 9 32 57 40 62 45 66 59 
24 39 24 30 56 19 51 52 12 18 36 50 41 21 44 25 13 21 21 29 14 21 26 18 25 13 11 23 27 27 10 27 21 37 19 28 27 49 35 17 19 3 20 20 28 15 20 26 18 27 14 9 23 26 33 39 17 36 33 24 12 18 26 34 43 27 44 51 16 17 23 44 39 26 47 8 32 42 34 24 10 26 41 44 39 1 9 34 40 28 8 31 22 19 15 39 38 30 49 32 30 80 18 37 35 28 8 11 28 28 32 14 21 2 28 9 32 23 39 40 
38 57 38 36 66 23 65 60 24 33 54 64 50 28 47 40 15 2 28 13 31 22 18 16 38 30 13 9 14 41 24 45 26 55 36 36 40 64 54 35 28 19 1 29 14 32 22 19 17 39 31 14 9 13 32 21 25 30 15 7 22 24 18 16 29 20 56 55 15 23 41 55 44 23 45 14 20 27 19 26 13 10 24 26 48 20 28 52 56 40 19 34 12 17 32 48 39 21 44 23 36 18 57 22 17 38 26 8 15 12 50 32 27 16 40 18 34 9 32 24 
59 76 60 58 88 46 87 82 46 54 72 86 73 50 68 49 26 20 51 8 51 44 13 21 46 50 35 13 31 50 37 65 31 71 56 39 46 72 70 52 35 39 20 51 8 52 44 14 22 47 51 35 14 31 52 16 47 48 8 14 33 47 37 18 40 40 78 76 37 45 61 77 66 44 64 35 36 5 3 28 35 24 10 30 71 38 46 67 77 62 40 56 32 38 52 70 60 39 61 11 37 37 22 19 22 43 45 30 8 26 66 48 32 35 62 40 56 28 49 32 
50 73 51 43 74 33 76 66 38 46 70 75 59 38 50 57 32 14 39 18 47 30 28 30 55 46 27 19 13 58 41 60 42 72 51 52 56 81 70 52 44 35 16 39 19 48 30 29 32 56 47 28 20 14 34 8 36 28 14 14 39 35 19 4 18 22 65 58 25 34 57 64 50 28 44 29 15 24 21 41 27 9 16 10 57 36 44 69 69 52 34 40 16 25 48 56 42 20 39 30 51 35 17 22 64 55 42 24 21 8 67 49 43 32 51 32 40 14 28 9 
47 47 46 57 80 48 69 77 39 42 43 69 65 49 71 9 23 40 49 39 34 50 30 24 5 35 39 36 52 9 17 41 13 36 37 4 4 28 36 26 10 31 39 48 38 33 49 29 23 5 34 37 35 51 62 55 45 64 45 40 17 46 53 52 68 54 66 79 45 45 38 67 67 54 76 36 58 48 41 15 38 49 52 65 64 27 29 32 57 52 36 59 48 47 34 65 67 57 78 32 8 28 38 43 55 51 30 36 37 51 32 23 11 30 53 38 60 47 67 62 
17 31 17 27 50 20 43 47 10 12 27 43 35 19 41 25 20 29 19 37 6 23 34 26 26 5 15 32 33 26 14 19 26 30 10 31 28 46 28 10 22 7 28 18 37 6 21 34 26 27 5 14 31 31 34 47 15 38 41 33 17 17 31 42 48 30 38 48 20 16 15 38 36 28 47 13 37 51 42 30 15 33 50 50 34 7 1 27 32 22 10 29 28 22 6 34 37 34 51 40 34 8 26 45 42 30 64 18 37 35 25 9 26 10 23 11 30 29 41 46 
29 49 30 29 59 17 56 53 16 24 46 56 43 21 41 35 14 10 21 21 23 16 23 18 34 22 5 16 16 37 19 36 25 48 27 35 36 59 46 28 25 11 10 21 21 24 16 23 19 36 23 5 16 15 28 29 17 28 24 15 19 17 17 24 32 18 48 49 10 15 33 47 38 19 42 5 22 35 27 27 4 15 32 32 41 13 20 45 48 32 10 28 12 12 24 41 34 21 42 28 36 11 8 30 24 36 18 46 22 17 43 25 26 8 32 10 29 11 30 29 
51 68 51 51 81 38 78 75 38 46 64 78 65 43 62 41 18 13 43 2 43 37 7 13 39 42 27 5 27 43 29 56 24 63 47 33 39 65 62 43 28 31 13 43 1 43 37 8 14 40 42 27 5 26 46 18 39 43 8 8 25 39 31 17 38 34 70 70 30 37 52 70 59 38 59 27 32 13 5 21 27 20 15 31 63 29 38 59 69 54 32 49 26 32 43 63 54 34 57 9 31 28 15 8 21 37 37 22 23 22 58 40 25 27 54 32 49 23 45 30 
42 65 43 35 66 24 68 58 30 38 62 67 51 30 43 52 27 10 30 20 39 21 28 28 50 38 19 18 5 53 36 52 39 65 43 49 52 76 63 45 40 28 12 31 21 40 22 29 29 52 39 20 19 5 27 16 28 21 18 14 34 27 11 10 17 14 57 51 17 25 49 56 42 19 38 21 10 30 24 38 19 2 23 15 48 30 36 62 61 43 26 32 8 16 40 48 35 13 34 32 48 28 12 26 8 51 35 17 22 61 60 42 39 25 42 24 32 6 23 11 
30 15 29 46 56 43 41 57 33 29 12 42 46 41 58 22 40 53 40 59 22 47 53 45 26 24 41 54 58 22 29 17 38 5 21 36 28 28 4 15 33 32 52 39 58 21 45 52 44 26 23 40 53 57 56 71 38 63 64 56 33 40 56 67 74 55 44 63 46 40 16 45 53 52 68 39 63 71 63 42 41 59 73 76 45 30 23 1 29 34 35 49 53 47 22 47 57 59 73 58 40 32 50 66 67 32 25 43 58 60 61 18 37 35 36 37 51 55 65 72 
24 28 23 36 56 29 46 54 19 20 24 46 42 29 50 16 22 35 28 41 11 32 36 27 18 12 24 36 41 17 11 19 23 23 14 25 20 36 22 4 18 15 33 27 40 10 31 35 26 19 11 23 35 40 43 53 25 48 46 38 15 26 40 48 57 40 43 57 29 26 15 44 45 37 57 22 46 53 45 27 24 41 54 58 41 12 8 20 34 29 19 38 36 31 12 42 47 43 60 40 28 14 32 48 49 23 9 25 40 42 18 73 22 17 30 21 40 37 51 54 
43 50 43 51 76 40 68 73 33 38 46 68 61 42 65 17 12 29 42 27 31 41 18 12 13 31 29 24 41 18 11 41 1 42 35 9 14 39 41 26 4 24 27 41 26 30 40 17 11 14 31 28 23 40 53 43 38 54 33 28 8 39 43 40 57 44 64 72 35 38 37 64 60 45 67 27 47 37 29 5 28 37 41 53 59 20 25 38 56 48 29 52 37 37 32 60 59 47 68 22 9 21 27 32 43 11 26 26 25 39 37 22 74 22 49 30 53 36 57 51 
25 42 25 29 56 18 52 51 12 19 38 51 40 20 42 28 13 18 20 27 16 19 25 18 28 15 8 21 24 29 13 29 22 40 20 30 30 52 38 20 20 4 17 19 26 16 18 25 18 29 15 6 21 23 31 37 15 33 31 22 14 16 24 32 40 24 44 50 14 15 25 44 38 23 45 5 29 40 32 24 7 24 39 41 39 4 12 36 42 28 7 29 19 16 16 39 37 27 47 31 32 2 16 35 32 30 10 8 27 25 35 17 22 102 28 8 30 20 36 37 
6 30 7 11 27 18 25 24 16 10 29 24 12 12 22 46 41 42 12 53 19 21 54 47 48 18 26 48 37 47 37 19 49 38 16 54 51 63 36 28 46 25 42 11 53 20 20 54 47 49 19 26 48 37 24 58 15 32 56 47 40 15 33 53 48 30 15 27 25 17 19 15 16 25 32 26 39 67 59 52 27 42 63 55 11 29 23 38 20 1 22 15 34 25 18 12 22 34 39 60 57 28 40 62 51 53 23 32 54 42 36 30 49 28 37 22 17 37 35 50 
19 41 20 21 49 10 46 44 6 14 37 46 33 12 34 34 20 20 12 31 15 12 32 25 35 13 5 26 21 36 20 28 30 41 19 38 37 57 39 22 28 6 20 12 31 16 10 32 26 36 14 4 26 20 23 38 8 27 34 25 22 8 19 33 36 18 38 42 8 7 24 37 30 16 37 4 25 45 37 32 5 23 42 39 31 11 13 39 38 22 1 21 16 10 15 32 29 22 40 38 40 9 18 40 32 38 11 10 32 24 37 21 30 8 22 74 22 18 30 35 
21 47 22 5 33 12 39 26 20 22 46 38 20 11 12 55 42 36 11 48 29 12 52 47 56 28 23 44 26 57 42 36 53 54 30 60 59 76 52 40 51 28 36 12 48 31 12 52 47 57 29 24 44 26 7 48 15 16 48 41 44 14 21 43 33 17 27 20 19 15 34 25 9 12 16 25 25 61 54 55 24 32 55 42 18 33 32 53 36 19 23 1 24 17 29 16 6 20 22 57 62 32 34 56 40 60 30 29 49 32 51 40 53 30 17 22 70 28 18 37 
36 59 37 30 61 19 62 54 24 32 56 61 46 24 39 47 24 9 25 21 33 16 27 25 46 32 13 18 5 48 31 46 35 59 37 45 48 71 57 39 36 22 10 25 21 34 17 28 27 47 33 14 19 3 23 21 22 20 20 14 30 21 8 15 20 11 52 47 11 20 43 51 37 15 36 15 11 33 26 36 13 5 27 21 44 24 31 56 55 38 20 28 3 11 34 43 32 12 34 32 45 23 9 28 14 47 29 11 23 6 55 37 36 20 37 18 28 44 22 17 
38 65 39 24 50 22 58 41 32 37 62 56 38 25 24 64 45 32 25 42 43 18 50 47 64 41 28 40 18 66 49 52 56 69 44 66 66 88 67 52 56 36 33 27 43 44 20 51 48 66 42 29 41 19 11 36 27 2 41 36 49 25 14 32 15 12 45 31 22 25 50 43 25 13 15 30 13 53 48 57 29 24 45 27 36 40 43 67 55 36 31 20 20 19 43 34 16 10 12 54 66 39 32 49 28 67 41 30 45 23 65 51 57 36 35 30 18 22 34 22 
51 76 52 41 70 33 75 62 40 48 72 74 57 38 46 64 39 22 38 27 50 29 37 39 62 48 30 28 13 65 48 62 50 76 54 60 64 88 75 57 52 39 23 39 29 51 30 38 40 63 50 31 29 14 30 16 37 22 23 23 46 36 17 14 8 20 63 53 27 35 59 62 46 25 37 32 11 34 31 49 30 13 24 5 55 42 48 74 70 52 36 38 18 26 50 54 38 16 32 40 59 40 24 32 9 62 46 29 30 11 72 54 51 37 50 35 37 17 22 45 
