55 11
34 16 27 43 33 28 24 6 31 30 1 26 28 17 12 7 12 15 13 28 42 32 27 24 6 30 29 34 30 39 31 29 30 33 60 50 50 31 58 55 42 40 20 48 46 35 19 41 41 13 39 38 19 18 44 
16 2 25 29 18 13 8 11 16 14 17 34 18 9 9 8 28 7 3 26 28 17 12 7 12 15 13 19 18 32 24 33 20 24 46 35 35 17 44 41 25 25 6 33 30 19 10 24 24 4 23 21 4 2 28 
27 25 53 51 40 25 29 22 38 33 27 17 43 34 18 26 31 32 27 1 50 39 24 29 22 37 32 28 17 12 7 12 15 13 67 52 56 42 65 60 41 45 32 54 49 31 15 39 36 23 43 39 30 25 47 
43 29 51 56 11 26 21 39 13 17 44 62 17 26 38 36 55 28 30 52 1 12 27 22 40 14 18 26 36 53 46 61 38 43 17 12 7 12 15 13 15 7 22 5 8 23 36 17 22 33 9 14 24 28 9 
33 18 40 11 34 16 10 29 2 7 34 51 11 17 27 25 45 18 20 41 10 1 17 11 30 3 8 18 26 43 36 50 28 34 28 18 17 5 26 23 12 7 12 15 13 15 25 13 17 22 6 9 13 17 12 
28 13 25 26 16 25 8 22 14 9 29 38 24 20 17 21 39 19 16 25 25 15 1 8 22 13 8 6 9 26 20 36 12 17 42 28 31 20 40 35 17 20 14 29 24 7 12 15 13 15 18 14 13 10 22 
24 8 29 21 10 8 15 19 8 5 25 41 15 12 16 17 36 12 11 30 20 9 8 1 20 7 4 13 17 33 26 39 19 24 38 26 28 12 36 33 17 17 6 25 22 12 14 16 17 12 15 13 6 6 20 
6 11 22 39 29 22 19 24 27 25 6 25 26 15 6 4 17 12 9 23 38 28 21 18 1 26 24 28 23 33 25 26 24 27 56 46 46 28 54 52 36 36 17 44 41 29 12 35 35 7 34 32 15 13 40 
31 16 38 13 2 14 8 27 30 5 32 49 12 16 25 24 43 17 18 39 12 1 15 9 28 1 6 16 24 41 34 48 26 31 30 19 19 6 28 24 12 9 10 17 14 14 23 12 16 20 7 8 12 15 13 
30 14 33 17 7 9 5 25 5 26 31 46 16 17 21 22 42 17 17 34 16 6 10 6 26 4 1 11 19 35 29 43 21 26 33 21 23 11 31 28 11 12 10 20 17 9 19 10 12 17 10 7 11 12 15 
1 17 27 44 34 29 25 6 32 31 32 25 29 18 13 8 11 16 14 27 43 33 28 24 6 31 30 35 30 39 31 28 30 34 61 51 51 32 59 56 42 41 21 49 47 36 19 41 41 14 40 38 20 19 45 
26 34 17 62 51 38 41 25 49 46 25 55 51 40 25 29 22 38 33 16 61 50 37 40 24 48 45 43 33 28 24 6 31 30 79 66 69 52 77 74 55 58 41 66 63 45 27 54 51 30 56 52 38 34 61 
28 18 43 17 11 24 15 26 12 16 29 51 86 11 26 21 39 13 17 44 16 11 24 16 27 12 16 27 33 49 41 51 35 40 33 28 24 6 31 30 24 18 11 22 23 26 28 25 28 21 18 20 13 18 22 
17 9 34 26 17 20 12 15 16 17 18 40 11 66 16 10 29 2 7 35 25 16 20 12 16 15 16 25 27 42 34 41 29 34 43 35 33 14 41 39 28 24 6 31 30 25 19 28 29 11 23 24 7 11 29 
12 9 18 38 27 17 16 6 25 21 13 25 26 16 56 8 22 14 9 18 37 26 16 15 6 24 20 23 17 27 19 24 18 21 55 43 44 27 53 49 33 33 16 42 38 24 6 31 30 5 31 29 13 10 37 
7 8 26 36 25 21 17 4 24 22 8 29 21 10 8 49 19 8 5 26 35 24 20 16 5 23 21 27 24 36 27 31 25 29 53 43 43 24 51 48 34 33 13 40 38 28 14 33 33 6 31 30 11 11 37 
12 28 31 55 45 39 36 17 43 42 11 22 39 29 22 19 13 27 25 31 54 44 38 35 16 42 41 45 39 43 36 27 39 40 72 63 62 43 70 68 54 52 33 60 58 46 28 52 52 24 51 49 31 30 56 
15 7 32 28 18 19 12 12 17 17 16 38 13 2 14 8 27 63 5 33 27 17 19 12 13 16 16 25 26 40 32 38 27 32 44 36 35 15 43 40 29 25 6 33 31 25 17 28 29 9 24 24 6 10 30 
13 3 27 30 20 16 11 9 18 17 14 33 17 7 9 5 25 5 60 27 29 19 16 10 10 17 16 22 22 35 27 33 23 27 47 37 37 19 45 43 29 27 8 35 33 23 12 28 28 4 26 24 6 6 31 
28 26 1 52 41 25 30 23 39 34 27 16 44 35 18 26 31 33 27 51 51 40 25 29 22 38 33 29 18 13 8 11 16 14 68 53 57 43 66 61 42 46 33 55 50 32 16 40 37 23 44 40 31 25 48 
42 28 50 1 10 25 20 38 12 16 43 61 16 25 37 35 54 27 29 51 58 11 26 21 39 13 17 25 35 52 46 60 37 42 18 13 8 11 16 14 14 6 21 6 8 22 35 16 21 32 8 13 23 27 9 
32 17 39 12 1 15 9 28 1 6 33 50 11 16 26 24 44 17 19 40 11 36 16 10 29 2 7 17 25 42 35 49 28 33 29 19 18 5 27 24 13 8 11 16 14 15 24 13 17 21 7 9 12 16 12 
27 12 24 27 17 1 8 21 15 10 28 37 24 20 16 20 38 19 16 25 26 16 26 8 22 14 9 6 9 25 19 35 11 16 43 29 32 20 41 36 18 21 14 30 25 8 11 16 14 14 19 15 13 9 23 
24 7 29 22 11 8 1 18 9 6 24 40 16 12 15 16 35 12 10 29 21 10 8 17 19 8 5 13 17 33 25 38 19 24 39 27 29 13 37 34 18 18 6 26 23 13 13 17 17 11 16 14 5 5 21 
6 12 22 40 30 22 20 1 28 26 6 24 27 16 6 5 16 13 10 22 39 29 22 19 22 27 25 29 24 33 25 25 24 27 57 47 47 29 55 53 37 37 18 45 42 30 13 36 35 8 35 33 16 14 41 
30 15 37 14 3 13 7 26 1 4 31 48 12 15 24 23 42 16 17 38 13 2 14 8 27 32 5 15 23 40 33 47 25 31 31 20 20 6 29 25 13 9 9 18 15 13 22 13 16 19 8 8 11 14 14 
29 13 32 18 8 8 4 24 6 1 30 45 16 16 20 21 41 16 16 33 17 7 9 5 25 5 28 10 18 35 28 42 20 25 34 22 24 12 32 29 12 13 10 21 18 9 18 11 13 16 11 8 10 11 16 
34 19 28 26 18 6 13 28 16 11 35 43 27 25 23 27 45 25 22 29 25 17 6 13 29 15 10 102 11 26 21 39 13 17 40 25 29 22 38 33 13 19 19 27 22 3 17 11 8 21 17 12 18 16 20 
30 18 17 36 26 9 17 23 24 19 30 33 33 27 17 24 39 26 22 18 35 25 9 17 24 23 18 11 81 16 10 29 2 7 51 36 40 30 49 44 25 29 22 38 33 14 11 22 19 18 27 22 21 16 31 
39 32 12 53 43 26 33 33 41 35 39 28 49 42 27 36 43 40 35 13 52 42 25 33 33 40 35 26 16 50 8 22 14 9 67 51 56 46 65 60 40 46 38 54 49 29 22 38 33 31 44 39 36 31 47 
31 24 7 46 36 20 26 25 34 29 31 24 41 34 19 27 36 32 27 8 46 35 19 25 25 33 28 21 10 8 59 19 8 5 62 46 51 39 59 55 35 40 30 49 44 25 14 33 29 22 38 33 28 23 42 
29 33 12 61 50 36 39 26 48 43 28 6 51 41 24 31 27 38 33 11 60 49 35 38 25 47 42 39 29 22 19 45 27 25 77 64 67 51 75 71 53 56 40 64 60 42 25 51 47 29 53 50 38 33 58 
30 20 15 38 28 12 19 24 26 21 30 31 35 29 18 25 39 27 23 16 37 28 11 19 24 25 20 13 2 14 8 27 76 5 53 38 42 32 51 46 27 32 24 40 35 16 11 25 21 19 29 25 22 17 33 
33 24 13 43 34 17 24 27 31 26 34 30 40 34 21 29 40 32 27 14 42 33 16 24 27 31 25 17 7 9 5 25 5 67 58 42 47 37 56 51 31 37 29 45 40 20 15 29 25 23 34 29 27 22 38 
60 46 67 17 28 42 38 56 30 33 61 79 33 43 55 53 72 44 47 68 18 29 43 39 57 31 34 40 51 67 62 77 53 58 22 16 10 29 2 7 26 21 39 13 17 37 52 29 34 50 24 28 41 45 19 
50 35 52 12 18 28 26 46 19 21 51 66 28 35 43 43 63 36 37 53 13 19 29 27 47 20 22 25 36 51 46 64 38 42 16 53 8 22 14 9 11 10 30 8 5 21 39 13 17 38 11 14 31 33 6 
50 35 56 7 17 31 28 46 19 23 51 69 24 33 44 43 62 35 37 57 8 18 32 29 47 20 24 29 40 56 51 67 42 47 10 8 43 19 8 5 16 11 29 2 7 26 42 18 23 39 13 17 31 34 9 
31 17 42 12 5 20 12 28 6 11 32 52 6 14 27 24 43 15 19 43 11 5 20 13 29 6 12 22 30 46 39 51 32 37 29 22 19 79 27 25 18 11 11 17 16 20 26 18 22 21 11 14 13 17 16 
58 44 65 15 26 40 36 54 28 31 59 77 31 41 53 51 70 43 45 66 16 27 41 37 55 29 32 38 49 65 59 75 51 56 2 14 8 27 26 5 24 19 37 11 15 35 50 26 31 48 21 26 39 43 17 
55 41 60 13 23 35 33 52 24 28 56 74 30 39 49 48 68 40 43 61 14 24 36 34 53 25 29 33 44 60 55 71 46 51 7 9 5 25 5 35 19 16 35 7 11 30 47 22 26 44 18 21 36 39 13 
42 25 41 15 12 17 17 36 12 11 42 55 24 28 33 34 54 29 29 42 14 13 18 18 37 13 12 13 25 40 35 53 27 31 26 11 16 18 24 19 33 8 22 14 9 10 29 2 7 29 7 4 23 23 7 
40 25 45 7 7 20 17 36 9 12 41 58 18 24 33 33 52 25 27 46 6 8 21 18 37 9 13 19 29 46 40 56 32 37 21 10 11 11 19 16 8 21 19 8 5 16 31 10 15 29 2 7 21 23 4 
20 6 32 22 12 14 6 17 10 10 21 41 11 6 16 13 33 6 8 33 21 11 14 6 18 9 10 19 22 38 30 40 24 29 39 30 29 11 37 35 22 19 58 27 25 19 16 21 23 10 18 18 2 7 23 
48 33 54 5 15 29 25 44 17 20 49 66 22 31 42 40 60 33 35 55 6 16 30 26 45 18 21 27 38 54 49 64 40 45 13 8 2 17 11 7 14 8 27 4 5 24 39 16 21 37 10 15 29 32 7 
46 30 49 8 13 24 22 41 14 17 47 63 23 30 38 38 58 31 33 50 8 14 25 23 42 15 18 22 33 49 44 60 35 40 17 5 7 16 15 11 9 5 25 5 14 19 36 11 16 34 7 10 26 29 2 
35 19 31 23 15 7 12 29 14 9 36 45 26 25 24 28 46 25 23 32 22 15 8 13 30 13 9 3 14 29 25 42 16 20 37 21 26 20 35 30 10 16 19 24 19 16 19 8 5 22 14 9 18 17 17 
19 10 15 36 25 12 14 12 23 19 19 27 28 19 6 14 28 17 12 16 35 24 11 13 13 22 18 17 11 22 14 25 11 15 52 39 42 26 50 47 29 31 16 39 36 19 44 27 25 8 29 25 14 9 34 
41 24 39 17 13 15 16 35 12 10 41 54 25 28 31 33 52 28 28 40 16 13 16 17 36 13 11 11 22 38 33 51 25 29 29 13 18 18 26 22 2 10 21 16 11 8 27 29 5 28 8 4 22 22 9 
41 24 36 22 17 13 17 35 16 12 41 51 28 29 30 33 52 29 28 37 21 17 14 17 35 16 13 8 19 33 29 47 21 25 34 17 23 22 31 26 7 15 23 21 16 5 25 5 18 27 13 8 23 22 14 
13 4 23 33 22 15 12 7 20 17 14 30 21 11 5 6 24 9 4 23 32 21 14 11 8 19 16 21 18 31 22 29 19 23 50 38 39 21 48 44 29 29 10 37 34 22 8 28 27 39 27 25 8 5 32 
39 23 43 9 6 18 15 34 7 10 40 56 18 23 31 31 51 24 26 44 8 7 19 16 35 8 11 17 27 44 38 53 29 34 24 11 13 11 21 18 7 2 18 10 7 14 29 8 13 27 17 5 19 21 5 
38 21 39 14 9 14 13 32 8 7 38 52 20 24 29 30 49 24 24 40 13 9 15 14 33 8 8 12 22 39 33 50 25 29 28 14 17 14 26 21 4 7 18 15 10 9 25 4 8 25 5 11 18 19 8 
19 4 30 24 13 13 6 15 12 11 20 38 13 7 13 11 31 6 6 31 23 12 13 5 16 11 10 18 21 36 28 38 22 27 41 31 31 13 39 36 23 21 2 29 26 18 14 22 23 8 19 18 54 5 25 
18 2 25 28 17 10 6 13 15 12 19 34 18 11 10 11 30 10 6 25 27 16 9 5 14 14 11 16 16 31 23 33 17 22 45 33 34 17 43 39 23 23 7 32 29 17 9 22 22 5 21 19 5 50 27 
44 28 47 9 12 22 20 40 13 15 45 61 22 29 37 37 56 30 31 48 9 12 23 21 41 14 16 20 31 47 42 58 33 38 19 6 9 16 17 13 7 4 23 7 2 17 34 9 14 32 5 8 25 27 10 
