66 12
84 7 12 10 11 10 3 12 6 9 4 5 10 20 4 16 11 10 10 10 2 8 4 1 7 7 7 6 2 20 7 11 3 7 15 15 9 8 17 17 8 9 7 8 7 20 14 1 5 18 8 8 13 20 16 7 12 9 3 13 11 18 11 17 8 6 
7 83 18 7 20 13 11 17 15 8 8 19 12 4 12 13 18 14 19 15 6 19 9 19 9 17 12 8 20 20 15 6 14 3 15 14 12 5 18 14 1 14 0 20 15 10 0 15 7 17 9 11 3 19 2 16 19 17 13 17 10 0 11 0 1 5 
12 18 56 4 13 16 4 20 11 4 7 0 4 2 14 20 4 5 7 19 1 9 3 17 0 7 19 5 17 9 7 5 7 18 5 9 13 13 17 13 5 8 3 16 2 12 20 20 17 13 18 15 14 5 2 15 4 10 1 8 16 8 16 6 18 12 
10 7 4 0 15 16 13 15 1 9 8 19 12 17 10 4 17 18 8 2 15 20 3 13 20 1 1 3 9 5 15 6 4 20 7 11 8 16 15 3 8 20 0 7 9 4 10 15 2 0 1 10 2 3 11 15 6 4 4 19 1 12 2 3 12 7 
11 20 13 15 91 19 10 20 10 19 6 15 3 8 2 19 14 14 16 10 16 9 9 15 15 11 16 5 6 8 16 18 3 4 6 19 15 1 6 15 5 20 12 16 16 15 16 7 7 15 20 0 17 5 18 8 13 18 7 4 10 14 1 5 11 8 
10 13 16 16 19 85 4 11 10 14 12 15 20 2 14 11 1 17 7 9 0 15 16 2 2 14 19 4 13 15 10 5 4 17 8 8 11 12 18 8 0 13 4 0 14 5 3 11 6 14 15 2 5 8 5 17 0 4 18 18 8 11 17 20 0 2 
3 11 4 13 10 4 73 3 15 12 18 3 10 12 16 12 16 20 14 8 10 19 18 19 9 17 11 18 18 7 6 7 5 14 5 2 13 16 16 20 7 18 18 4 18 10 12 14 7 17 20 10 16 0 18 4 3 8 0 9 6 0 17 9 5 15 
12 17 20 15 20 11 3 4 17 1 9 0 11 4 6 8 8 17 14 4 11 2 20 4 4 0 17 5 19 1 0 19 2 12 8 16 16 4 11 10 2 12 10 8 7 8 6 6 10 16 16 10 8 10 14 10 11 15 0 6 2 1 5 4 13 14 
6 15 11 1 10 10 15 17 57 8 3 8 5 6 15 3 7 5 18 2 3 5 13 10 1 4 8 4 14 6 16 19 16 15 16 4 17 3 10 19 16 6 12 16 2 18 12 8 20 4 15 1 19 8 3 5 13 7 10 9 9 19 6 6 15 7 
9 8 4 9 19 14 12 1 8 36 0 16 14 17 7 15 8 15 12 6 8 4 16 10 16 16 3 9 12 15 12 2 20 20 18 8 18 3 7 5 0 13 13 13 12 2 11 10 20 1 2 2 6 5 15 20 0 3 9 17 0 4 18 19 18 11 
4 8 7 8 6 12 18 9 3 0 73 11 16 5 10 6 1 16 11 0 6 3 11 6 2 13 6 3 1 5 17 4 0 2 11 17 9 5 4 18 11 10 13 0 6 4 9 17 5 18 13 3 3 9 9 8 8 15 3 3 5 15 20 9 7 3 
5 19 0 19 15 15 3 0 8 16 11 25 2 14 10 14 15 2 8 20 8 4 12 0 2 10 8 20 18 7 16 3 4 14 8 0 7 11 14 4 14 13 16 17 8 5 1 3 18 9 0 8 13 1 8 13 19 12 1 19 15 10 2 15 4 18 
10 12 4 12 3 20 10 11 5 14 16 2 2 2 16 6 0 20 5 7 18 0 6 3 15 20 4 12 7 16 0 3 17 17 4 7 7 5 2 14 11 13 16 18 1 11 17 16 19 5 15 18 6 16 2 18 13 1 20 14 4 13 1 12 3 20 
20 4 2 17 8 2 12 4 6 17 5 14 2 54 18 11 4 10 20 5 5 10 16 0 5 0 10 12 9 13 4 2 20 8 16 2 10 5 11 7 16 0 16 6 6 16 7 15 14 20 5 10 6 16 8 2 6 11 12 15 1 10 13 14 11 8 
4 12 14 10 2 14 16 6 15 7 10 10 16 18 16 6 3 2 17 14 9 14 16 6 19 5 9 1 5 9 19 7 3 11 19 10 7 10 2 13 15 2 15 14 6 5 13 5 10 7 10 17 3 13 1 17 17 20 6 2 3 15 5 6 13 10 
16 13 20 4 19 11 12 8 3 15 6 14 6 11 6 47 13 3 16 20 2 19 15 4 5 6 11 7 16 15 11 11 9 2 3 5 7 20 11 12 8 15 9 11 20 17 4 5 4 15 19 10 12 2 20 17 2 15 11 6 3 0 4 7 11 20 
11 18 4 17 14 1 16 8 7 8 1 15 0 4 3 13 78 2 6 1 13 15 6 1 9 13 20 19 7 12 3 11 19 11 18 15 13 4 18 17 5 1 20 7 10 7 12 16 14 5 5 19 14 14 7 12 14 4 6 17 19 10 11 12 20 7 
10 14 5 18 14 17 20 17 5 15 16 2 20 10 2 3 2 93 5 14 13 0 13 3 17 15 15 2 12 20 19 1 2 19 2 3 11 3 5 2 16 7 12 14 16 15 20 10 1 17 9 13 11 3 15 18 14 8 18 11 13 5 14 17 17 15 
10 19 7 8 16 7 14 14 18 12 11 8 5 20 17 16 6 5 40 6 4 0 6 2 11 20 4 4 3 11 17 6 7 0 2 18 0 16 16 10 12 19 20 9 14 15 18 7 0 11 12 1 14 3 1 12 17 6 12 18 12 18 4 11 12 7 
10 15 19 2 10 9 8 4 2 6 0 20 7 5 14 20 1 14 6 5 18 16 11 15 17 3 13 6 5 12 20 11 2 5 0 14 5 13 3 10 5 5 18 2 1 1 18 12 11 8 19 8 15 8 1 20 13 5 20 1 17 7 0 12 15 7 
2 6 1 15 16 0 10 11 3 8 6 8 18 5 9 2 13 13 4 18 87 2 5 12 13 8 19 9 20 3 12 14 11 2 15 15 17 19 2 10 15 9 0 1 2 12 19 5 20 0 13 16 16 15 7 2 3 19 20 19 4 14 15 0 6 5 
8 19 9 20 9 15 19 2 5 4 3 4 0 10 14 19 15 0 0 16 2 17 13 0 20 8 9 0 3 14 18 18 1 20 4 10 2 15 4 8 18 2 19 18 4 3 14 15 9 10 20 9 16 12 12 1 10 19 14 9 11 12 1 10 11 13 
4 9 3 3 9 16 18 20 13 16 11 12 6 16 16 15 6 13 6 11 5 13 96 4 10 3 0 13 16 8 8 17 6 20 12 19 16 19 18 17 18 11 18 6 12 5 10 10 18 8 9 11 18 16 0 13 3 18 6 1 16 1 8 6 17 10 
1 19 17 13 15 2 19 4 10 10 6 0 3 0 6 4 1 3 2 15 12 0 4 34 11 0 1 6 17 0 9 18 10 4 6 17 17 19 2 6 2 17 10 6 8 11 2 13 17 18 13 7 13 12 13 15 18 15 9 2 3 2 12 19 5 12 
7 9 0 20 15 2 9 4 1 16 2 2 15 5 19 5 9 17 11 17 13 20 10 11 98 11 6 15 19 12 6 5 0 10 9 12 3 0 13 13 11 2 18 19 14 8 17 1 6 19 12 13 10 15 10 6 18 0 2 1 8 10 1 14 14 18 
7 17 7 1 11 14 17 0 4 16 13 10 20 0 5 6 13 15 20 3 8 8 3 0 11 39 7 14 11 16 16 11 14 12 4 0 4 7 15 20 11 12 9 6 8 14 3 16 6 18 6 7 3 0 3 10 4 15 12 6 0 20 6 1 18 19 
7 12 19 1 16 19 11 17 8 3 6 8 4 10 9 11 20 15 4 13 19 9 0 1 6 7 85 13 13 2 12 11 2 9 2 8 16 17 20 7 14 3 11 6 4 8 14 7 19 13 17 20 2 12 5 6 6 4 3 12 3 11 11 2 12 0 
6 8 5 3 5 4 18 5 4 9 3 20 12 12 1 7 19 2 4 6 9 0 13 6 15 14 13 69 5 1 16 2 4 14 15 11 16 6 14 13 9 7 19 6 13 8 13 13 10 17 5 7 13 17 16 20 1 8 12 18 6 0 19 7 12 10 
2 20 17 9 6 13 18 19 14 12 1 18 7 9 5 16 7 12 3 5 20 3 16 17 19 11 13 5 46 8 15 14 13 7 16 6 0 7 1 17 2 10 2 12 11 11 19 8 8 7 4 18 18 9 3 8 8 6 6 17 0 5 0 11 4 20 
20 20 9 5 8 15 7 1 6 15 5 7 16 13 9 15 12 20 11 12 3 14 8 0 12 16 2 1 8 8 16 7 16 19 10 16 3 17 18 15 5 16 4 17 3 16 8 8 17 4 5 12 12 5 14 20 10 10 3 6 1 6 2 4 11 11 
7 15 7 15 16 10 6 0 16 12 17 16 0 4 19 11 3 19 17 20 12 18 8 9 6 16 12 16 15 16 15 3 16 9 8 14 14 11 0 8 12 8 2 2 4 0 17 13 1 19 6 16 14 14 9 6 19 17 7 11 12 3 15 8 9 7 
11 6 5 6 18 5 7 19 19 2 4 3 3 2 7 11 11 1 6 11 14 18 17 18 5 11 11 2 14 7 3 71 17 16 5 6 4 7 2 12 15 20 19 9 4 20 0 12 16 7 16 2 7 14 7 3 2 17 1 18 16 15 11 17 16 5 
3 14 7 4 3 4 5 2 16 20 0 4 17 20 3 9 19 2 7 2 11 1 6 10 0 14 2 4 13 16 16 17 55 5 3 8 17 18 0 0 9 8 17 2 20 4 12 4 2 2 10 7 15 20 16 19 8 7 11 12 12 19 10 17 11 3 
7 3 18 20 4 17 14 12 15 20 2 14 17 8 11 2 11 19 0 5 2 20 20 4 10 12 9 14 7 19 9 16 5 100 3 1 14 14 19 10 17 3 12 17 12 20 3 17 4 4 16 19 15 3 11 11 15 17 14 4 8 4 13 10 10 0 
15 15 5 7 6 8 5 8 16 18 11 8 4 16 19 3 18 2 2 0 15 4 12 6 9 4 2 15 16 10 8 5 3 3 52 20 4 12 2 19 14 4 15 20 9 19 20 4 18 13 14 5 16 18 3 14 12 14 17 11 8 8 5 0 9 4 
15 14 9 11 19 8 2 16 4 8 17 0 7 2 10 5 15 3 18 14 15 10 19 17 12 0 8 11 6 16 14 6 8 1 20 85 8 1 14 8 9 13 18 11 13 5 15 12 16 18 3 5 18 10 12 6 19 19 16 9 18 10 3 19 5 6 
9 12 13 8 15 11 13 16 17 18 9 7 7 10 7 7 13 11 0 5 17 2 16 17 3 4 16 16 0 3 14 4 17 14 4 8 89 18 3 7 4 11 5 1 19 17 11 3 11 19 5 7 4 12 15 8 19 3 16 0 1 1 0 2 12 9 
8 5 13 16 1 12 16 4 3 3 5 11 5 5 10 20 4 3 16 13 19 15 19 19 0 7 17 6 7 17 11 7 18 14 12 1 18 80 14 3 5 0 17 10 12 7 3 11 4 10 19 13 0 9 20 20 10 3 8 17 10 10 10 1 9 11 
17 18 17 15 6 18 16 11 10 7 4 14 2 11 2 11 18 5 16 3 2 4 18 2 13 15 20 14 1 18 0 2 0 19 2 14 3 14 22 20 1 19 8 12 2 20 16 6 2 4 12 6 2 16 3 6 19 18 6 20 9 3 11 6 18 6 
17 14 13 3 15 8 20 10 19 5 18 4 14 7 13 12 17 2 10 10 10 8 17 6 13 20 7 13 17 15 8 12 0 10 19 8 7 3 20 100 9 9 9 8 16 14 9 14 8 6 2 16 7 11 16 19 3 0 19 19 19 16 16 18 18 12 
8 1 5 8 5 0 7 2 16 0 11 14 11 16 15 8 5 16 12 5 15 18 18 2 11 11 14 9 2 5 12 15 9 17 14 9 4 5 1 9 96 6 14 3 13 15 10 17 19 6 8 10 7 5 9 9 8 6 3 11 16 16 11 5 7 8 
9 14 8 20 20 13 18 12 6 13 10 13 13 0 2 15 1 7 19 5 9 2 11 17 2 12 3 7 10 16 8 20 8 3 4 13 11 0 19 9 6 18 4 19 8 7 2 3 19 9 18 1 13 5 17 20 9 11 10 14 16 4 2 18 17 12 
7 0 3 0 12 4 18 10 12 13 13 16 16 16 15 9 20 12 20 18 0 19 18 10 18 9 11 19 2 4 2 19 17 12 15 18 5 17 8 9 14 4 86 15 6 10 14 6 19 8 9 5 0 14 18 7 5 0 4 12 18 12 19 20 5 20 
8 20 16 7 16 0 4 8 16 13 0 17 18 6 14 11 7 14 9 2 1 18 6 6 19 6 6 6 12 17 2 9 2 17 20 11 1 10 12 8 3 19 15 87 11 3 6 13 14 15 19 17 14 2 9 5 16 13 14 9 2 20 9 8 3 11 
7 15 2 9 16 14 18 7 2 12 6 8 1 6 6 20 10 16 14 1 2 4 12 8 14 8 4 13 11 3 4 4 20 12 9 13 19 12 2 16 13 8 6 11 3 17 7 20 3 1 4 16 1 12 14 5 20 4 4 18 8 18 15 0 20 12 
20 10 12 4 15 5 10 8 18 2 4 5 11 16 5 17 7 15 15 1 12 3 5 11 8 14 8 8 11 16 0 20 4 20 19 5 17 7 20 14 15 7 10 3 17 95 16 2 9 8 4 0 19 14 3 0 11 7 11 6 6 15 20 15 6 1 
14 0 20 10 16 3 12 6 12 11 9 1 17 7 13 4 12 20 18 18 19 14 10 2 17 3 14 13 19 8 17 0 12 3 20 15 11 3 16 9 10 2 14 6 7 16 24 20 10 11 11 17 8 10 3 13 7 6 13 11 16 13 16 15 11 15 
1 15 20 15 7 11 14 6 8 10 17 3 16 15 5 5 16 10 7 12 5 15 10 13 1 16 7 13 8 8 13 12 4 17 4 12 3 11 6 14 17 3 6 13 20 2 20 50 13 4 19 5 20 15 16 6 17 11 15 10 6 16 18 19 4 17 
5 7 17 2 7 6 7 10 20 20 5 18 19 14 10 4 14 1 0 11 20 9 18 17 6 6 19 10 8 17 1 16 2 4 18 16 11 4 2 8 19 19 19 14 3 9 10 13 45 16 0 2 1 8 17 14 0 3 7 20 20 20 17 5 15 8 
18 17 13 0 15 14 17 16 4 1 18 9 5 20 7 15 5 17 11 8 0 10 8 18 19 18 13 17 7 4 19 7 2 4 13 18 19 10 4 6 6 9 8 15 1 8 11 4 16 6 8 4 6 16 7 20 20 2 9 16 12 7 6 12 20 17 
8 9 18 1 20 15 20 16 15 2 13 0 15 5 10 19 5 9 12 19 13 20 9 13 12 6 17 5 4 5 6 16 10 16 14 3 5 19 12 2 8 18 9 19 4 4 11 19 0 8 75 0 16 17 4 10 14 7 0 18 7 2 2 8 8 11 
8 11 15 10 0 2 10 10 1 2 3 8 18 10 17 10 19 13 1 8 16 9 11 7 13 7 20 7 18 12 16 2 7 19 5 5 7 13 6 16 10 1 5 17 16 0 17 5 2 4 0 86 12 20 14 13 5 10 10 8 4 14 2 10 4 10 
13 3 14 2 17 5 16 8 19 6 3 13 6 6 3 12 14 11 14 15 16 16 18 13 10 3 2 13 18 12 14 7 15 15 16 18 4 0 2 7 7 13 0 14 1 19 8 20 1 6 16 12 2 1 0 2 4 19 1 7 5 5 8 6 12 17 
20 19 5 3 5 8 0 10 8 5 9 1 16 16 13 2 14 3 3 8 15 12 16 12 15 0 12 17 9 5 14 14 20 3 18 10 12 9 16 11 5 5 14 2 12 14 10 15 8 16 17 20 1 11 7 12 4 2 20 18 11 1 17 17 0 9 
16 2 2 11 18 5 18 14 3 15 9 8 2 8 1 20 7 15 1 1 7 12 0 13 10 3 5 16 3 14 9 7 16 11 3 12 15 20 3 16 9 17 18 9 14 3 3 16 17 7 4 14 0 7 54 16 5 20 4 19 19 0 7 4 17 10 
7 16 15 15 8 17 4 10 5 20 8 13 18 2 17 17 12 18 12 20 2 1 13 15 6 10 6 20 8 20 6 3 19 11 14 6 8 20 6 19 9 20 7 5 5 0 13 6 14 20 10 13 2 12 16 6 6 13 12 17 16 6 0 5 2 5 
12 19 4 6 13 0 3 11 13 0 8 19 13 6 17 2 14 14 17 13 3 10 3 18 18 4 6 1 8 10 19 2 8 15 12 19 19 10 19 3 8 9 5 16 20 11 7 17 0 20 14 5 4 4 5 6 21 17 12 3 14 17 12 6 13 5 
9 17 10 4 18 4 8 15 7 3 15 12 1 11 20 15 4 8 6 5 19 19 18 15 0 15 4 8 6 10 17 17 7 17 14 19 3 3 18 0 6 11 0 13 4 7 6 11 3 2 7 10 19 2 20 13 17 1 7 4 0 18 2 9 15 7 
3 13 1 4 7 18 0 0 10 9 3 1 20 12 6 11 6 18 12 20 20 14 6 9 2 12 3 12 6 3 7 1 11 14 17 16 16 8 6 19 3 10 4 14 4 11 13 15 7 9 0 10 1 20 4 12 12 7 68 13 4 4 9 12 14 3 
13 17 8 19 4 18 9 6 9 17 3 19 14 15 2 6 17 11 18 1 19 9 1 2 1 6 12 18 17 6 11 18 12 4 11 9 0 17 20 19 11 14 12 9 18 6 11 10 20 16 18 8 7 18 19 17 3 4 13 16 5 15 9 5 8 2 
11 10 16 1 10 8 6 2 9 0 5 15 4 1 3 3 19 13 12 17 4 11 16 3 8 0 3 6 0 1 12 16 12 8 8 18 1 10 9 19 16 16 18 2 8 6 16 6 20 12 7 4 5 11 19 16 14 0 4 5 71 15 1 13 17 12 
18 0 8 12 14 11 0 1 19 4 15 10 13 10 15 0 10 5 18 7 14 12 1 2 10 20 11 0 5 6 3 15 19 4 8 10 1 10 3 16 16 4 12 20 18 15 13 16 20 7 2 14 5 1 0 6 17 18 4 15 15 35 0 13 13 20 
11 11 16 2 1 17 17 5 6 18 20 2 1 13 5 4 11 14 4 0 15 1 8 12 1 6 11 19 0 2 15 11 10 13 5 3 0 10 11 16 11 2 19 9 15 20 16 18 17 6 2 2 8 17 7 0 12 2 9 9 1 0 87 1 8 6 
17 0 6 3 5 20 9 4 6 19 9 15 12 14 6 7 12 17 11 12 0 10 6 19 14 1 2 7 11 4 8 17 17 10 0 19 2 1 6 18 5 18 20 8 0 15 15 19 5 12 8 10 6 17 4 5 6 9 12 5 13 13 1 25 12 1 
8 1 18 12 11 0 5 13 15 18 7 4 3 11 13 11 20 17 12 15 6 11 17 5 14 18 12 12 4 11 9 16 11 10 9 5 12 9 18 18 7 17 5 3 20 6 11 4 15 20 8 4 12 0 17 2 13 15 14 8 17 13 8 12 43 5 
6 5 12 7 8 2 15 14 7 11 3 18 20 8 10 20 7 15 7 7 5 13 10 12 18 19 0 10 20 11 7 5 3 0 4 6 9 11 6 12 8 12 20 11 12 1 15 17 8 17 11 10 17 9 10 5 5 7 3 2 12 20 6 1 5 91 
