28 8
80 31 20 5 39 5 35 15 28 43 1 35 11 24 20 30 14 23 32 19 25 10 4 39 10 4 35 7 
31 30 14 33 15 26 20 40 54 73 32 66 41 28 43 1 35 11 57 15 50 21 34 68 42 27 21 36 
20 14 56 20 28 15 29 26 40 59 21 52 31 15 28 14 21 14 43 1 35 11 21 54 30 17 29 27 
5 33 20 86 42 7 39 10 24 40 5 33 14 21 15 32 9 26 28 19 20 11 1 35 11 7 38 11 
39 15 28 42 2 35 10 51 66 83 40 75 46 43 55 15 47 16 70 28 62 31 43 78 49 35 11 42 
5 26 15 7 35 71 31 17 31 47 6 40 15 22 22 25 15 18 36 14 28 5 8 43 15 1 31 11 
35 20 29 39 10 31 22 49 63 78 35 70 40 44 53 20 45 15 67 29 59 28 39 74 43 31 1 35 
15 40 26 10 51 17 49 63 14 33 15 26 20 20 5 39 5 35 18 25 10 20 10 28 16 17 48 20 
28 54 40 24 66 31 63 14 41 20 28 15 29 31 11 54 19 49 5 39 5 35 23 15 24 31 63 31 
43 73 59 40 83 47 78 33 20 10 42 7 39 52 31 72 38 66 20 58 25 52 39 5 35 47 78 43 
1 32 21 5 40 6 35 15 28 42 79 35 10 25 20 31 14 24 32 20 25 11 5 38 9 5 35 6 
35 66 52 33 75 40 70 26 15 7 35 10 31 46 26 65 31 59 17 51 20 44 32 5 27 39 70 35 
11 41 31 14 46 15 40 20 29 39 10 31 70 35 25 40 22 31 34 30 28 20 13 35 5 14 39 5 
24 28 15 21 43 22 44 20 31 52 25 46 35 29 20 28 15 29 33 15 26 20 22 47 32 23 45 32 
20 43 28 15 55 22 53 5 11 31 20 26 25 20 66 42 7 39 14 28 6 25 15 26 20 22 53 25 
30 1 14 32 15 25 20 39 54 72 31 65 40 28 42 30 35 10 57 14 49 20 33 67 41 26 20 35 
14 35 21 9 47 15 45 5 19 38 14 31 22 15 7 35 53 31 22 20 14 17 9 33 18 15 45 20 
23 11 14 26 16 18 15 35 49 66 24 59 31 29 39 10 31 41 53 14 45 14 26 62 33 19 15 26 
32 57 43 28 70 36 67 18 5 20 32 17 34 33 14 57 22 53 41 42 7 39 28 15 29 35 67 36 
19 15 1 19 28 14 29 25 39 58 20 51 30 15 28 14 20 14 42 56 35 10 20 53 29 15 29 26 
25 50 35 20 62 28 59 10 5 25 25 20 28 26 6 49 14 45 7 35 31 31 20 20 23 28 59 29 
10 21 11 11 31 5 28 20 35 52 11 44 20 20 25 20 17 14 39 10 31 59 12 47 20 6 28 15 
4 34 21 1 43 8 39 10 23 39 5 32 13 22 15 33 9 26 28 20 20 12 85 35 10 7 39 11 
39 68 54 35 78 43 74 28 15 5 38 5 35 47 26 67 33 62 15 53 20 47 35 15 31 42 73 39 
10 42 30 11 49 15 43 16 24 35 9 27 5 32 20 41 18 33 29 29 23 20 10 31 78 14 42 7 
4 27 17 7 35 1 31 17 31 47 5 39 14 23 22 26 15 19 35 15 28 6 7 42 14 70 31 10 
35 21 29 38 11 31 1 48 63 78 35 70 39 45 53 20 45 15 67 29 59 28 39 73 42 31 20 35 
7 36 27 11 42 11 35 20 31 43 6 35 5 32 25 35 20 26 36 26 29 15 11 39 7 10 35 63 
