55 11
36 5 59 48 59 32 58 40 47 22 14 43 33 45 20 41 23 41 24 48 38 50 25 46 26 45 25 91 103 76 101 78 88 61 92 65 90 65 79 52 78 101 75 92 65 74 49 68 42 76 86 59 55 29 63 
5 28 55 43 54 27 53 37 43 18 18 38 28 40 16 36 20 38 24 43 33 45 20 41 23 41 24 86 98 71 96 73 83 56 87 60 85 61 74 47 73 96 70 87 60 69 44 64 38 71 81 55 50 24 60 
59 55 87 12 10 29 2 35 37 49 72 18 30 24 47 20 46 54 67 14 26 22 42 16 41 51 63 33 45 20 41 23 41 24 36 18 31 13 41 31 28 44 16 50 34 20 14 45 44 21 41 25 15 30 60 
48 43 12 66 12 16 10 30 28 37 60 5 18 14 34 7 37 43 55 3 14 14 30 4 33 41 51 43 55 28 53 34 45 21 45 20 41 23 41 24 33 53 28 53 31 27 12 40 34 32 45 21 11 18 52 
59 54 10 12 90 27 9 42 29 46 71 16 27 18 44 18 50 46 63 11 22 14 39 13 45 43 59 32 43 16 42 31 33 13 33 8 30 23 31 22 20 41 23 41 24 14 21 34 37 30 33 14 6 30 50 
32 27 29 16 27 41 27 30 23 20 43 11 2 13 18 9 28 31 38 16 5 18 14 14 25 30 35 59 70 43 69 50 56 29 59 33 57 38 49 23 45 69 45 61 35 41 23 41 24 48 55 28 22 6 46 
58 53 2 10 9 27 83 34 36 47 70 15 28 22 45 18 45 52 65 12 24 20 40 14 40 49 61 34 46 21 43 25 41 22 37 17 33 14 40 30 28 45 18 50 33 20 13 43 42 23 41 24 13 28 58 
40 37 35 30 42 30 34 46 53 44 54 30 32 40 40 30 18 60 59 33 34 42 40 33 14 60 57 66 79 55 74 43 75 51 71 50 65 33 72 51 62 78 45 83 61 54 20 69 54 41 75 51 41 24 76 
47 43 37 28 29 23 36 53 83 26 54 24 20 14 27 23 50 18 41 25 18 15 22 23 48 14 36 57 66 41 68 60 43 20 54 28 55 50 33 8 37 64 52 45 18 39 40 20 8 59 41 18 23 29 24 
22 18 49 37 46 20 47 44 26 48 27 31 19 28 3 29 33 20 18 36 23 33 6 34 33 23 14 78 88 61 88 71 69 43 77 50 76 59 59 33 61 86 66 72 45 59 43 47 20 69 67 41 40 23 41 
14 18 72 60 71 43 70 54 54 27 10 55 43 54 27 53 37 43 18 59 48 59 32 58 40 47 22 103 114 87 113 91 96 70 103 76 101 79 87 60 87 112 88 99 72 85 62 74 47 89 95 68 65 42 65 
43 38 18 5 16 11 15 30 24 31 55 119 12 10 29 2 35 37 49 5 8 12 24 3 30 36 45 48 59 32 58 40 47 22 49 23 46 28 42 21 36 58 34 54 30 31 15 39 29 38 47 21 12 14 48 
33 28 30 18 27 2 28 32 20 19 43 12 96 12 16 10 30 28 37 16 5 17 12 14 27 28 33 59 71 43 69 52 55 28 59 32 58 40 47 22 45 69 46 60 34 42 25 39 21 50 54 27 22 9 43 
45 40 24 14 18 13 22 40 14 28 54 10 12 119 27 9 42 29 46 11 8 5 22 9 38 26 41 49 59 33 59 47 42 15 48 21 47 36 35 11 32 58 40 47 22 31 26 29 20 45 41 14 11 20 38 
20 16 47 34 44 18 45 40 27 3 27 29 16 27 65 27 30 23 20 33 21 32 5 31 29 25 17 76 87 59 86 68 68 42 75 48 74 56 59 32 59 85 63 72 45 58 40 47 22 66 67 40 38 19 44 
41 36 20 7 18 9 18 30 23 29 53 2 10 9 27 116 34 36 47 6 6 12 22 5 30 34 43 50 61 34 59 42 48 22 51 24 48 30 43 20 37 59 36 55 30 32 17 38 27 40 47 22 13 13 47 
23 20 46 37 50 28 45 18 50 33 37 35 30 42 30 34 80 53 44 39 34 46 31 38 5 54 43 79 91 66 88 59 82 56 82 58 78 48 77 52 70 90 59 89 64 64 32 70 49 58 82 56 47 22 72 
41 38 54 43 46 31 52 60 18 20 43 37 28 29 23 36 53 95 26 40 29 32 21 38 51 5 22 75 84 59 86 77 59 38 72 46 73 66 48 26 55 82 69 59 35 57 53 32 9 75 58 36 40 36 22 
24 24 67 55 63 38 65 59 41 18 18 49 37 46 20 47 44 26 44 54 41 50 24 52 46 31 5 95 105 79 106 89 84 59 94 67 93 77 73 48 77 104 84 85 59 77 61 59 32 87 82 58 57 40 47 
48 43 14 3 11 16 12 33 25 36 59 5 16 11 33 6 39 40 54 110 12 10 29 2 35 37 49 43 54 27 53 37 43 18 44 18 41 25 38 20 31 53 30 50 27 26 15 37 31 35 42 18 8 19 48 
38 33 26 14 22 5 24 34 18 23 48 8 5 8 21 6 34 29 41 12 87 12 16 10 30 28 37 55 66 38 65 48 50 23 54 27 53 37 43 18 40 64 42 55 30 37 23 36 21 46 49 22 17 12 42 
50 45 22 14 14 18 20 42 15 33 59 12 17 5 32 12 46 32 50 10 12 109 27 9 42 29 46 45 55 28 55 45 37 11 43 16 43 35 31 10 27 53 37 43 18 26 26 26 23 43 36 10 7 24 38 
25 20 42 30 39 14 40 40 22 6 32 24 12 22 5 22 31 21 24 29 16 27 55 27 30 23 20 71 82 55 81 64 63 37 70 43 69 52 54 27 54 80 59 67 40 53 37 43 18 62 62 35 33 17 41 
46 41 16 4 13 14 14 33 23 34 58 3 14 9 31 5 38 38 52 2 10 9 27 106 34 36 47 45 56 29 55 39 44 18 46 19 43 27 39 19 32 54 32 51 27 27 16 36 29 37 43 18 9 17 47 
26 23 41 33 45 25 40 14 48 33 40 30 27 38 29 30 5 51 46 35 30 42 30 34 74 53 44 74 87 61 83 55 78 52 78 53 73 43 73 48 66 85 54 85 60 60 27 67 47 53 77 52 43 18 70 
45 41 51 41 43 30 49 60 14 23 47 36 28 26 25 34 54 5 31 37 28 29 23 36 53 86 26 71 79 55 82 74 55 34 67 43 69 63 43 22 50 77 66 54 30 53 51 27 6 72 53 32 37 36 18 
25 24 63 51 59 35 61 57 36 14 22 45 33 41 17 43 43 22 5 49 37 46 20 47 44 26 36 91 101 74 101 85 79 55 89 62 89 73 68 43 72 99 80 80 54 72 57 54 27 83 77 53 53 37 43 
91 86 33 43 32 59 34 66 57 78 103 48 59 49 76 50 79 75 95 43 55 45 71 45 74 71 91 24 12 16 10 30 28 37 10 29 2 35 37 49 22 11 22 38 43 18 46 52 66 30 30 39 38 62 72 
103 98 45 55 43 70 46 79 66 88 114 59 71 59 87 61 91 84 105 54 66 55 82 56 87 79 101 12 21 27 9 42 29 46 12 38 13 47 41 58 29 2 35 37 49 29 59 57 75 42 31 48 48 74 78 
76 71 20 28 16 43 21 55 41 61 87 32 43 33 59 34 66 59 79 27 38 28 55 29 61 55 74 16 27 58 27 30 23 20 16 12 14 28 27 33 10 25 19 33 28 2 35 37 49 29 23 23 21 47 57 
101 96 41 53 42 69 43 74 68 88 113 58 69 59 86 59 88 86 106 53 65 55 81 55 83 82 101 10 9 27 4 34 36 47 17 39 12 41 46 60 32 10 28 45 53 29 55 61 76 35 37 49 48 71 82 
78 73 23 34 31 50 25 43 60 71 91 40 52 47 68 42 59 77 89 37 48 45 64 39 55 74 85 30 42 30 34 70 53 44 39 36 30 12 57 54 41 41 10 63 54 31 29 65 67 2 53 46 37 49 82 
88 83 41 45 33 56 41 75 43 69 96 47 55 42 68 48 82 59 84 43 50 37 63 44 78 55 79 28 29 23 36 53 75 26 18 25 27 51 12 36 13 27 42 10 24 22 55 29 51 52 2 28 35 61 49 
61 56 24 21 13 29 22 51 20 43 70 22 28 15 42 22 56 38 59 18 23 11 37 18 52 34 55 37 46 20 47 44 26 99 34 9 35 37 20 12 17 44 35 32 10 18 33 21 29 43 25 2 10 35 37 
92 87 36 45 33 59 37 71 54 77 103 49 59 48 75 51 82 72 94 44 54 43 70 46 78 67 89 10 12 16 17 39 18 34 25 27 9 42 29 46 16 10 30 28 37 18 51 44 62 39 20 36 37 63 65 
65 60 18 20 8 33 17 50 28 50 76 23 32 21 48 24 58 46 67 18 27 16 43 19 53 43 62 29 38 12 39 36 25 9 27 33 27 30 23 20 12 36 26 33 18 10 30 28 37 35 24 11 10 37 46 
90 85 31 41 30 57 33 65 55 76 101 46 58 47 74 48 78 73 93 41 53 43 69 43 73 69 89 2 13 14 12 30 27 35 9 27 20 34 36 47 20 12 22 37 41 16 45 50 64 30 28 37 36 60 70 
65 61 13 23 23 38 14 33 50 59 79 28 40 36 56 30 48 66 77 25 37 35 52 27 43 63 73 35 47 28 41 12 51 37 42 30 34 61 53 44 38 46 12 61 47 28 16 58 56 10 51 38 28 37 73 
79 74 41 41 31 49 40 72 33 59 87 42 47 35 59 43 77 48 73 38 43 31 54 39 73 43 68 37 41 27 46 57 12 20 29 23 36 53 57 26 16 39 46 12 14 25 52 16 41 56 10 21 30 55 37 
52 47 31 24 22 23 30 51 8 33 60 21 22 11 32 20 52 26 48 20 18 10 27 19 48 22 43 49 58 33 60 54 36 12 46 20 47 44 26 74 29 56 45 39 12 31 36 18 16 52 34 10 16 30 28 
78 73 28 33 20 45 28 62 37 61 87 36 45 32 59 37 70 55 77 31 40 27 54 32 66 50 72 22 29 10 32 41 13 17 16 12 20 38 16 29 54 27 30 23 20 9 42 29 46 40 13 19 23 50 50 
101 96 44 53 41 69 45 78 64 86 112 58 69 58 85 59 90 82 104 53 64 53 80 54 85 77 99 11 2 25 10 41 27 44 10 36 12 46 39 56 27 19 34 36 47 27 58 55 73 42 29 46 47 72 75 
75 70 16 28 23 45 18 45 52 66 88 34 46 40 63 36 59 69 84 30 42 37 59 32 54 66 80 22 35 19 28 10 42 35 30 26 22 12 46 45 30 34 84 53 44 20 27 55 60 9 43 36 29 46 73 
92 87 50 53 41 61 50 83 45 72 99 54 60 47 72 55 89 59 85 50 55 43 67 51 85 54 80 38 37 33 45 63 10 32 28 33 37 61 12 39 23 36 53 59 26 32 63 27 53 62 9 33 42 67 46 
65 60 34 31 24 35 33 61 18 45 72 30 34 22 45 30 64 35 59 27 30 18 40 27 60 30 54 43 49 28 53 54 24 10 37 18 41 47 14 12 20 47 44 26 92 26 43 10 27 53 23 9 20 42 29 
74 69 20 27 14 41 20 54 39 59 85 31 42 31 58 32 64 57 77 26 37 26 53 27 60 53 72 18 29 2 29 31 22 18 18 10 16 28 25 31 9 27 20 32 26 54 34 36 47 30 23 20 19 45 55 
49 44 14 12 21 23 13 20 40 43 62 15 25 26 40 17 32 53 61 15 23 26 37 16 27 51 57 46 59 35 55 29 55 33 51 30 45 16 52 36 42 58 27 63 43 34 60 53 44 27 54 33 23 20 64 
68 64 45 40 34 41 43 69 20 47 74 39 39 29 47 38 70 32 59 37 36 26 43 36 67 27 54 52 57 37 61 65 29 21 44 28 50 58 16 18 29 55 55 27 10 36 53 46 26 63 27 19 30 48 20 
42 38 44 34 37 24 42 54 8 20 47 29 21 20 22 27 49 9 32 31 21 23 18 29 47 6 27 66 75 49 76 67 51 29 62 37 64 56 41 16 46 73 60 53 27 47 44 26 41 65 50 27 30 30 23 
76 71 21 32 30 48 23 41 59 69 89 38 50 45 66 40 58 75 87 35 46 43 62 37 53 72 83 30 42 29 35 2 52 43 39 35 30 10 56 52 40 42 9 62 53 30 27 63 65 68 53 44 36 47 80 
86 81 41 45 33 55 41 75 41 67 95 47 54 41 67 47 82 58 82 42 49 36 62 43 77 53 77 30 31 23 37 53 2 25 20 24 28 51 10 34 13 29 43 9 23 23 54 27 50 53 72 26 34 60 47 
59 55 25 21 14 28 24 51 18 41 68 21 27 14 40 22 56 36 58 18 22 10 35 18 52 32 53 39 48 23 49 46 28 2 36 11 37 38 21 10 19 46 36 33 9 20 33 19 27 44 26 95 10 34 36 
55 50 15 11 6 22 13 41 23 40 65 12 22 11 38 13 47 40 57 8 17 7 33 9 43 37 53 38 48 21 48 37 35 10 37 10 36 28 30 16 23 47 29 42 20 19 23 30 30 36 34 10 106 26 44 
29 24 30 18 30 6 28 24 29 23 42 14 9 20 19 13 22 36 40 19 12 24 17 17 18 36 37 62 74 47 71 49 61 35 63 37 60 37 55 30 50 72 46 67 42 45 20 48 30 47 60 34 26 89 53 
63 60 60 52 50 46 58 76 24 41 65 48 43 38 44 47 72 22 47 48 42 38 41 47 70 18 43 72 78 57 82 82 49 37 65 46 70 73 37 28 50 75 73 46 29 55 64 20 23 80 47 36 44 53 53 
