45 10
32 17 6 16 5 6 4 13 17 9 18 9 15 11 9 1 6 1 10 6 16 7 1 17 20 8 5 20 7 10 9 10 11 8 14 0 12 1 18 12 12 8 3 11 17 
17 22 19 9 4 0 20 18 1 5 19 7 8 17 0 3 10 5 15 14 4 12 0 15 3 1 16 6 20 2 9 14 18 14 18 2 7 0 6 10 12 6 19 6 19 
6 19 45 0 18 9 11 17 15 15 0 14 7 20 6 12 1 4 12 11 14 2 6 15 15 3 0 9 10 5 1 18 6 3 9 5 2 1 4 14 4 17 1 2 5 
16 9 0 21 8 10 2 5 4 16 14 8 1 3 16 4 6 15 17 12 5 17 18 16 10 20 2 9 2 6 2 18 1 9 7 0 19 17 17 7 16 8 13 6 18 
5 4 18 8 28 11 5 2 5 9 10 6 19 0 2 2 6 13 16 1 17 5 19 3 9 16 3 9 1 11 10 18 19 6 0 0 18 5 10 3 16 1 14 15 13 
6 0 9 10 11 9 11 20 5 3 2 18 9 5 14 8 14 9 14 10 12 16 1 13 10 3 4 7 17 15 2 5 7 19 14 3 5 10 7 17 19 11 15 6 4 
4 20 11 2 5 11 47 6 10 7 13 3 20 1 5 16 20 16 14 1 0 12 20 14 4 10 15 6 4 11 13 0 6 10 13 9 7 9 7 9 1 1 3 4 4 
13 18 17 5 2 20 6 80 13 12 4 18 5 10 1 14 3 11 19 19 15 16 0 19 20 3 4 5 14 8 10 8 18 12 11 3 6 15 1 3 8 15 12 17 15 
17 1 15 4 5 5 10 13 71 1 1 9 10 16 19 11 13 3 7 6 12 13 3 1 16 19 12 9 2 15 0 5 14 20 16 12 20 8 5 10 14 20 3 16 4 
9 5 15 16 9 3 7 12 1 46 0 3 14 20 8 18 13 7 8 16 4 14 8 19 5 13 10 4 14 12 7 3 8 14 5 6 19 11 9 1 6 1 1 12 12 
18 19 0 14 10 2 13 4 1 0 66 6 8 10 18 17 20 17 1 12 4 13 7 6 7 9 11 2 13 18 8 10 11 0 15 19 15 3 17 2 20 16 15 17 18 
9 7 14 8 6 18 3 18 9 3 6 30 6 16 8 4 18 9 11 17 20 7 13 4 12 20 15 12 13 10 15 9 6 15 9 5 14 11 9 11 9 5 14 6 4 
15 8 7 1 19 9 20 5 10 14 8 6 58 20 12 2 3 7 14 5 11 15 6 18 10 8 11 11 12 11 6 13 16 1 15 17 20 16 16 15 5 12 10 5 6 
11 17 20 3 0 5 1 10 16 20 10 16 20 76 6 3 20 13 5 0 1 1 14 10 7 16 13 1 9 2 19 16 12 5 8 12 4 7 2 3 15 17 12 18 13 
9 0 6 16 2 14 5 1 19 8 18 8 12 6 63 9 4 10 4 8 2 12 1 3 3 18 4 4 15 19 10 20 6 9 15 10 2 13 0 8 8 10 0 13 14 
1 3 12 4 2 8 16 14 11 18 17 4 2 3 9 5 10 1 15 16 17 0 16 4 4 5 3 8 19 6 13 4 14 8 14 6 8 17 1 17 19 7 4 5 13 
6 10 1 6 6 14 20 3 13 13 20 18 3 20 4 10 97 8 17 18 1 9 2 17 19 17 15 14 10 19 3 18 15 2 15 4 8 6 16 12 18 4 19 7 16 
1 5 4 15 13 9 16 11 3 7 17 9 7 13 10 1 8 62 0 18 8 19 13 17 17 8 13 7 13 16 16 17 3 6 10 6 5 9 15 17 10 2 20 12 19 
10 15 12 17 16 14 14 19 7 8 1 11 14 5 4 15 17 0 27 6 9 11 5 9 4 17 19 17 5 10 13 3 9 6 16 9 12 13 19 19 3 11 1 12 2 
6 14 11 12 1 10 1 19 6 16 12 17 5 0 8 16 18 18 6 37 9 13 13 3 19 6 2 1 17 19 7 3 6 15 19 18 8 8 10 13 12 3 20 6 14 
16 4 14 5 17 12 0 15 12 4 4 20 11 1 2 17 1 8 9 9 85 20 11 15 1 13 19 14 4 16 1 1 17 5 8 1 13 5 20 4 3 19 10 9 7 
7 12 2 17 5 16 12 16 13 14 13 7 15 1 12 0 9 19 11 13 20 24 15 19 1 15 8 18 15 6 1 8 14 7 7 10 2 5 20 17 10 0 12 18 14 
1 0 6 18 19 1 20 0 3 8 7 13 6 14 1 16 2 13 5 13 11 15 10 7 2 8 8 15 12 10 3 11 10 19 15 15 17 11 9 13 3 2 19 5 19 
17 15 15 16 3 13 14 19 1 19 6 4 18 10 3 4 17 17 9 3 15 19 7 40 13 1 4 13 4 5 2 19 4 12 17 9 19 11 8 15 17 15 12 8 9 
20 3 15 10 9 10 4 20 16 5 7 12 10 7 3 4 19 17 4 19 1 1 2 13 77 4 10 13 3 3 13 11 7 12 0 19 0 16 6 10 9 15 20 17 5 
8 1 3 20 16 3 10 3 19 13 9 20 8 16 18 5 17 8 17 6 13 15 8 1 4 44 8 11 16 8 2 7 15 4 0 1 1 12 15 0 11 8 12 5 2 
5 16 0 2 3 4 15 4 12 10 11 15 11 13 4 3 15 13 19 2 19 8 8 4 10 8 91 1 14 0 13 11 19 3 18 6 2 10 5 16 14 5 10 7 17 
20 6 9 9 9 7 6 5 9 4 2 12 11 1 4 8 14 7 17 1 14 18 15 13 13 11 1 84 14 7 7 4 9 2 20 18 10 1 18 2 19 13 4 20 19 
7 20 10 2 1 17 4 14 2 14 13 13 12 9 15 19 10 13 5 17 4 15 12 4 3 16 14 14 71 1 9 14 14 2 5 6 4 6 17 8 13 19 16 4 17 
10 2 5 6 11 15 11 8 15 12 18 10 11 2 19 6 19 16 10 19 16 6 10 5 3 8 0 7 1 72 3 3 11 19 6 11 17 15 6 15 10 9 11 19 20 
9 9 1 2 10 2 13 10 0 7 8 15 6 19 10 13 3 16 13 7 1 1 3 2 13 2 13 7 9 3 29 0 5 16 15 8 10 2 20 16 12 11 7 16 20 
10 14 18 18 18 5 0 8 5 3 10 9 13 16 20 4 18 17 3 3 1 8 11 19 11 7 11 4 14 3 0 96 16 9 10 4 1 18 7 18 8 18 19 17 6 
11 18 6 1 19 7 6 18 14 8 11 6 16 12 6 14 15 3 9 6 17 14 10 4 7 15 19 9 14 11 5 16 38 17 9 13 12 14 11 16 12 7 5 13 6 
8 14 3 9 6 19 10 12 20 14 0 15 1 5 9 8 2 6 6 15 5 7 19 12 12 4 3 2 2 19 16 9 17 98 19 3 16 18 20 16 10 5 1 18 7 
14 18 9 7 0 14 13 11 16 5 15 9 15 8 15 14 15 10 16 19 8 7 15 17 0 0 18 20 5 6 15 10 9 19 95 18 12 0 13 9 20 16 9 19 12 
0 2 5 0 0 3 9 3 12 6 19 5 17 12 10 6 4 6 9 18 1 10 15 9 19 1 6 18 6 11 8 4 13 3 18 16 13 17 16 8 11 13 0 6 0 
12 7 2 19 18 5 7 6 20 19 15 14 20 4 2 8 8 5 12 8 13 2 17 19 0 1 2 10 4 17 10 1 12 16 12 13 71 7 10 0 17 16 9 4 18 
1 0 1 17 5 10 9 15 8 11 3 11 16 7 13 17 6 9 13 8 5 5 11 11 16 12 10 1 6 15 2 18 14 18 0 17 7 19 16 19 4 13 18 14 14 
18 6 4 17 10 7 7 1 5 9 17 9 16 2 0 1 16 15 19 10 20 20 9 8 6 15 5 18 17 6 20 7 11 20 13 16 10 16 53 8 19 13 8 7 3 
12 10 14 7 3 17 9 3 10 1 2 11 15 3 8 17 12 17 19 13 4 17 13 15 10 0 16 2 8 15 16 18 16 16 9 8 0 19 8 37 9 2 14 9 12 
12 12 4 16 16 19 1 8 14 6 20 9 5 15 8 19 18 10 3 12 3 10 3 17 9 11 14 19 13 10 12 8 12 10 20 11 17 4 19 9 25 13 8 7 10 
8 6 17 8 1 11 1 15 20 1 16 5 12 17 10 7 4 2 11 3 19 0 2 15 15 8 5 13 19 9 11 18 7 5 16 13 16 13 13 2 13 3 16 6 17 
3 19 1 13 14 15 3 12 3 1 15 14 10 12 0 4 19 20 1 20 10 12 19 12 20 12 10 4 16 11 7 19 5 1 9 0 9 18 8 14 8 16 50 18 3 
11 6 2 6 15 6 4 17 16 12 17 6 5 18 13 5 7 12 12 6 9 18 5 8 17 5 7 20 4 19 16 17 13 18 19 6 4 14 7 9 7 6 18 6 18 
17 19 5 18 13 4 4 15 4 12 18 4 6 13 14 13 16 19 2 14 7 14 19 9 5 2 17 19 17 20 20 6 6 7 12 0 18 14 3 12 10 17 3 18 72 
