105 15
24 19 20 7 37 30 34 15 37 31 19 23 29 30 10 21 4 42 40 40 17 46 31 31 33 41 32 31 14 46 34 42 26 42 41 20 28 23 40 19 59 51 56 36 58 51 37 44 38 51 37 33 35 14 39 29 23 26 34 29 72 76 54 79 68 58 66 58 69 70 47 77 58 60 64 65 60 51 77 65 56 63 57 66 54 46 33 40 36 46 66 65 70 68 67 44 52 41 61 52 59 46 57 54 44 
19 21 16 14 38 42 36 13 45 23 35 34 48 25 12 27 23 47 53 46 25 57 31 47 46 59 34 21 4 42 40 40 17 46 31 31 33 41 32 19 59 57 56 33 63 45 46 50 53 47 40 46 39 17 49 24 40 38 53 27 78 78 54 84 66 66 71 70 68 76 54 86 61 73 74 81 65 52 82 63 65 69 70 65 60 41 44 47 53 42 68 76 79 83 71 49 54 52 55 65 76 53 74 57 57 
20 16 43 22 21 28 19 5 30 10 26 21 43 10 11 12 23 30 40 29 12 41 14 37 33 52 17 10 15 27 24 24 6 29 20 18 17 33 19 4 42 40 40 17 46 31 31 33 41 32 23 32 22 7 34 9 31 25 47 10 61 61 38 67 50 49 54 55 52 60 38 70 44 58 58 69 48 35 65 47 49 52 55 49 43 26 30 30 42 27 51 61 62 69 54 32 37 38 41 51 66 36 62 41 42 
7 14 22 9 41 37 38 17 43 32 27 30 36 32 11 26 12 48 48 46 22 53 34 38 40 48 36 31 10 48 40 45 26 47 41 27 33 31 41 21 63 57 60 38 64 53 44 50 46 53 42 40 40 17 46 31 31 33 41 32 78 81 59 85 72 65 71 65 73 76 53 84 63 67 71 73 66 56 83 69 63 69 64 70 60 48 40 46 44 49 71 72 76 76 73 49 57 48 63 60 66 52 65 59 52 
37 38 21 41 85 21 3 25 17 17 31 20 48 13 30 16 38 12 30 13 21 28 7 36 26 53 6 20 36 10 11 7 22 10 21 21 10 37 17 19 21 22 19 6 25 16 19 14 35 14 4 25 7 24 21 14 33 23 51 10 40 40 17 46 31 31 33 41 32 40 21 52 23 45 42 59 27 14 45 27 31 32 42 28 23 13 21 14 38 10 30 45 44 57 33 14 16 27 25 39 61 18 54 20 31 
30 42 28 37 21 81 18 28 8 32 14 7 27 27 30 16 28 17 12 13 16 15 21 14 5 31 17 34 38 32 10 29 33 18 40 10 13 18 36 23 37 21 34 26 30 38 7 18 14 36 18 4 14 24 9 27 14 4 30 23 42 50 33 50 48 28 37 28 47 40 17 46 31 31 33 41 32 29 47 44 26 34 28 43 25 35 3 13 17 32 39 34 39 41 40 17 28 10 46 23 40 17 34 28 15 
34 36 19 38 3 18 80 23 15 17 27 17 44 12 28 12 34 11 28 12 17 26 5 32 23 50 2 20 34 14 9 10 21 10 23 17 6 33 18 17 25 22 21 7 27 20 16 14 32 18 4 22 4 21 19 13 30 20 47 9 42 42 20 48 34 31 34 40 35 40 20 52 25 44 42 57 28 17 46 31 31 33 41 32 24 16 18 13 35 13 32 44 44 56 35 13 18 25 28 37 59 18 52 21 29 
15 13 5 17 25 28 23 34 31 15 24 21 40 15 6 13 18 33 40 32 12 43 18 36 33 50 20 15 10 31 27 28 10 32 25 18 19 31 24 6 47 43 44 21 49 36 32 36 41 36 27 32 25 4 35 14 29 25 44 15 64 65 42 71 55 52 57 56 57 63 40 72 48 59 60 69 51 40 69 52 51 55 56 54 46 31 31 33 41 32 55 62 65 70 58 35 41 39 46 52 65 39 62 44 43 
37 45 30 43 17 8 15 31 92 31 22 13 36 27 35 18 35 9 13 5 21 12 19 22 11 38 15 34 42 26 6 23 34 10 38 16 13 26 33 26 29 13 26 22 21 32 1 9 19 29 12 10 10 28 4 27 23 12 37 22 35 42 25 42 40 21 29 25 39 32 9 40 22 29 28 42 23 21 40 36 19 26 26 35 17 29 6 4 23 26 31 31 33 41 32 9 19 10 39 22 45 9 37 19 14 
31 23 10 32 17 32 17 15 31 62 34 26 51 4 21 17 33 29 43 29 20 43 12 44 37 60 16 2 23 19 25 16 6 27 10 24 18 41 9 13 35 39 33 11 43 21 33 31 46 23 21 36 21 17 36 4 38 31 55 9 58 55 32 63 42 48 50 57 44 57 38 69 40 61 59 73 44 30 62 40 48 49 58 42 41 17 33 30 48 19 46 62 61 72 49 31 33 41 32 54 72 35 67 37 45 
19 35 26 27 31 14 27 24 22 34 62 10 17 31 23 17 15 30 21 27 14 28 27 12 14 26 25 36 31 41 22 38 33 31 44 10 21 7 41 22 50 36 47 33 44 47 21 31 19 46 29 15 25 20 23 30 4 9 21 27 56 64 45 64 60 42 51 39 60 54 31 59 45 40 45 46 46 42 61 57 40 48 37 57 39 43 17 26 17 41 53 46 52 49 54 31 41 22 56 33 41 32 38 41 25 
23 34 21 30 20 7 17 21 13 26 10 66 27 22 22 9 21 20 19 17 9 23 17 17 12 34 15 28 30 31 12 27 27 20 36 3 10 17 32 16 40 27 36 23 35 37 13 21 20 35 18 11 14 16 15 22 13 4 30 18 48 54 35 56 50 35 42 35 50 46 23 53 35 38 40 48 37 31 53 46 33 40 35 46 30 33 10 17 21 30 43 42 46 48 45 21 31 18 45 31 46 23 41 32 22 
29 48 43 36 48 27 44 40 36 51 17 27 82 48 37 35 25 45 28 41 31 36 44 14 25 12 42 53 43 58 37 55 50 45 62 27 38 10 59 39 65 48 62 50 56 64 34 45 21 62 45 26 41 36 34 48 14 24 4 45 66 77 60 74 76 52 62 42 75 63 43 64 58 42 50 40 58 57 71 72 48 58 40 71 51 60 29 40 17 58 66 50 58 46 66 45 55 31 73 36 31 44 33 55 32 
30 25 10 32 13 27 12 15 27 4 31 22 48 64 21 13 32 24 39 24 17 39 7 40 33 57 12 7 24 17 21 14 9 23 13 21 14 38 10 11 33 35 31 7 39 21 28 27 42 21 17 32 17 16 31 1 35 27 52 4 54 52 29 59 40 44 46 52 42 53 33 65 37 56 54 68 40 27 58 38 44 45 53 40 36 16 29 26 44 17 43 57 57 68 46 26 29 36 31 49 68 31 62 33 41 
10 12 11 11 30 30 28 6 35 21 23 22 37 21 38 16 14 38 42 36 13 45 23 35 34 48 25 20 7 37 30 34 15 37 31 19 23 29 30 10 52 47 49 27 54 42 35 40 41 42 32 34 29 6 38 20 28 26 42 20 68 70 48 75 61 56 62 58 62 67 44 75 53 61 63 69 56 45 73 58 55 60 58 59 50 37 33 37 41 37 60 65 68 71 63 39 46 41 52 53 64 43 62 49 45 
21 27 12 26 16 16 12 13 18 17 17 9 35 13 16 41 22 21 28 19 5 30 10 26 21 43 10 19 24 25 13 21 17 20 27 7 6 24 24 7 37 30 34 15 37 31 19 23 29 30 15 20 13 10 22 13 21 14 38 10 52 54 32 58 47 39 45 43 47 50 27 59 36 46 47 57 39 29 56 43 38 43 43 44 33 26 18 20 31 25 44 49 51 57 46 23 30 26 40 39 55 26 50 32 30 
4 23 23 12 38 28 34 18 35 33 15 21 25 32 14 22 15 41 37 38 17 43 32 27 30 36 32 33 19 47 33 43 29 41 44 19 28 19 42 20 59 49 56 37 57 52 35 43 34 52 37 30 34 15 37 31 19 23 29 30 70 76 54 78 69 57 64 55 69 68 45 74 57 56 61 61 59 51 75 65 54 62 53 66 52 47 31 39 32 47 65 62 67 64 66 43 52 38 62 49 54 44 53 53 41 
42 47 30 48 12 17 11 33 9 29 30 20 45 24 38 21 41 75 21 3 25 17 17 31 20 48 13 31 44 19 8 17 33 2 33 22 14 35 29 27 20 10 17 18 16 25 10 2 28 21 7 19 8 31 12 25 31 21 47 21 30 34 15 37 31 19 23 29 30 29 9 40 15 34 30 49 17 12 35 27 19 21 31 26 12 22 15 4 32 18 23 33 32 46 25 2 11 18 30 28 53 6 44 11 21 
40 53 40 48 30 12 28 40 13 43 21 19 28 39 42 28 37 21 61 18 28 8 32 14 7 27 27 46 49 40 19 37 45 23 51 22 25 21 47 35 41 20 37 36 28 46 11 21 7 43 26 7 23 36 9 39 19 15 29 34 37 49 37 46 51 23 34 17 49 34 15 37 31 19 23 29 30 33 42 48 20 30 16 46 24 43 10 17 12 40 39 24 30 29 38 21 31 3 52 11 31 18 23 29 3 
40 46 29 46 13 13 12 32 5 29 27 17 41 24 36 19 38 3 18 69 23 15 17 27 17 44 12 31 43 21 5 19 33 5 34 19 12 31 30 26 24 11 20 19 18 27 7 4 24 24 8 15 7 29 9 25 28 17 43 20 32 37 19 39 34 20 25 28 33 30 8 40 18 32 30 46 20 15 37 31 19 23 29 30 14 25 11 1 28 21 26 32 33 44 28 4 14 15 33 26 50 6 41 14 19 
17 25 12 22 21 16 17 12 21 20 14 9 31 17 13 5 17 25 28 23 31 31 15 24 21 40 15 21 21 30 17 26 19 25 30 6 11 21 28 8 42 34 39 20 41 36 21 27 29 35 20 20 17 7 24 16 18 13 35 14 55 59 37 62 52 42 49 44 52 53 30 62 40 47 49 57 43 34 60 48 41 46 44 49 37 31 19 23 29 30 48 51 54 58 50 27 35 27 45 40 54 29 50 37 31 
46 57 41 53 28 15 26 43 12 43 28 23 36 39 45 30 43 17 8 15 31 74 31 22 13 36 27 46 53 36 18 34 46 19 49 26 25 29 45 37 34 12 31 34 20 42 10 15 15 38 23 13 22 39 7 39 27 20 37 34 29 41 30 37 44 15 25 13 42 26 8 30 23 17 17 31 21 27 34 41 12 22 14 38 15 40 12 13 20 36 31 19 23 29 30 15 24 6 46 11 36 12 27 21 5 
31 31 14 34 7 21 5 18 19 12 27 17 44 7 23 10 32 17 32 17 15 31 62 34 26 51 4 14 29 15 13 11 16 15 19 17 7 34 15 12 28 27 26 5 32 20 21 20 35 20 9 25 9 17 24 7 31 21 48 3 47 47 24 53 37 36 40 45 38 46 26 57 30 49 47 61 34 21 51 34 36 38 46 35 29 15 22 18 38 15 37 49 50 60 40 19 23 29 30 42 62 23 55 26 34 
31 47 37 38 36 14 32 36 22 44 12 17 14 40 35 26 27 31 14 27 24 22 34 39 10 17 31 45 43 46 25 43 43 32 53 19 27 8 49 32 52 33 48 39 42 53 20 31 8 50 32 11 29 31 20 39 7 13 15 35 51 63 47 60 62 37 47 29 61 48 28 51 43 30 37 34 43 43 57 58 34 44 27 57 37 49 15 26 5 46 52 37 44 37 52 31 41 16 60 23 29 30 26 41 17 
33 46 33 40 26 5 23 33 11 37 14 12 25 33 34 21 30 20 7 17 21 13 26 10 47 27 22 39 42 37 15 33 38 21 46 15 19 16 42 28 41 23 37 31 31 43 9 20 8 40 23 1 19 28 9 33 13 7 26 28 42 52 36 50 51 28 37 24 50 39 18 44 33 27 30 36 33 32 47 48 25 34 23 46 26 39 5 15 12 36 41 31 37 36 41 20 31 7 50 19 35 19 29 30 11 
41 59 52 48 53 31 50 50 38 60 26 34 12 57 48 43 36 48 27 44 40 36 51 17 27 59 48 62 55 64 42 60 59 49 70 35 44 19 66 48 68 48 64 57 56 70 37 47 20 67 50 28 46 46 36 56 21 30 7 52 64 77 63 72 78 50 61 37 77 60 43 58 58 36 45 30 57 60 69 75 47 57 34 73 51 66 32 43 15 63 67 44 54 37 66 47 58 31 77 31 19 46 23 56 30 
32 34 17 36 6 17 2 20 15 16 25 15 42 12 25 10 32 13 27 12 15 27 4 31 22 48 60 19 31 16 9 12 20 12 23 15 4 32 19 15 27 23 24 8 29 22 16 16 31 20 6 21 5 19 19 12 28 18 45 7 44 45 22 50 37 32 36 40 37 42 21 53 27 44 42 57 30 19 48 33 32 35 41 34 25 18 18 14 34 15 34 45 45 56 37 15 21 25 31 37 58 19 51 23 29 
31 21 10 31 20 34 20 15 34 2 36 28 53 7 20 19 33 31 46 31 21 46 14 45 39 62 19 33 22 21 28 19 5 30 10 26 21 43 10 14 38 42 36 13 45 23 35 34 48 25 24 39 24 18 38 7 40 33 57 11 60 57 34 65 44 51 53 59 47 60 40 72 43 63 61 75 47 33 64 42 51 52 60 44 43 19 35 33 50 21 48 64 64 75 52 33 36 43 33 56 74 38 69 39 48 
14 4 15 10 36 38 34 10 42 23 31 30 43 24 7 24 19 44 49 43 21 53 29 43 42 55 31 22 28 41 37 38 17 43 32 27 30 36 32 16 57 54 55 32 60 45 43 47 49 46 38 42 36 13 45 23 35 34 48 25 75 76 53 82 65 63 68 66 67 74 51 83 59 69 71 77 62 50 80 62 62 66 66 64 57 40 40 44 48 41 66 72 75 78 69 46 52 48 55 61 72 50 69 55 53 
46 42 27 48 10 32 14 31 26 19 41 31 58 17 37 25 47 19 40 21 30 36 15 46 37 64 16 21 41 76 21 3 25 17 17 31 20 48 13 27 16 27 15 10 27 6 28 21 45 5 14 36 17 32 30 18 44 34 61 17 42 36 13 45 23 35 34 48 25 42 28 55 24 53 48 68 29 13 45 21 36 34 50 23 27 4 31 23 49 0 28 51 48 65 32 20 17 37 15 47 71 25 63 21 40 
34 40 24 40 11 10 9 27 6 25 22 12 37 21 30 13 33 8 19 5 17 18 13 25 15 42 9 28 37 21 84 18 28 8 32 14 7 27 27 21 28 16 24 17 24 28 7 10 23 25 7 14 4 24 10 21 24 13 40 16 38 42 23 45 38 25 31 31 38 36 13 45 23 35 34 48 25 19 43 34 24 29 32 34 19 24 9 6 27 21 31 36 38 47 33 9 19 16 35 28 50 12 43 20 20 
42 40 24 45 7 29 10 28 23 16 38 27 55 14 34 21 43 17 37 19 26 34 11 43 33 60 12 19 38 3 18 72 23 15 17 27 17 44 12 23 19 26 16 6 27 9 25 19 42 8 11 32 14 28 28 15 40 30 58 13 42 38 15 46 26 34 34 46 28 42 26 55 24 51 47 66 29 13 45 23 35 34 48 25 26 6 28 20 45 3 29 50 47 63 33 18 17 34 18 45 68 23 61 21 38 
26 17 6 26 22 33 21 10 34 6 33 27 50 9 15 17 29 33 45 33 19 46 16 43 38 59 20 5 17 25 28 23 27 31 15 24 21 40 15 11 42 43 40 16 48 28 35 36 47 30 25 38 25 14 38 8 37 31 54 12 63 61 38 68 49 53 56 60 51 62 42 73 46 63 63 74 50 36 67 46 52 54 60 48 45 23 35 34 48 25 52 65 66 75 55 35 39 43 38 56 73 39 68 42 48 
42 46 29 47 10 18 10 32 10 27 31 20 45 23 37 20 41 2 23 5 25 19 15 32 21 49 12 30 43 17 8 15 31 91 31 22 13 36 27 26 19 12 16 16 16 23 12 4 29 19 6 20 7 30 14 23 32 21 48 19 31 34 14 38 30 21 24 31 29 30 11 42 15 36 32 51 18 11 36 26 21 23 33 26 13 20 16 6 33 16 23 35 34 48 25 4 10 20 28 30 54 8 46 12 23 
41 31 20 41 21 40 23 25 38 10 44 36 62 13 31 27 44 33 51 34 30 49 19 53 46 70 23 10 32 17 32 17 15 31 47 34 26 51 4 23 33 43 32 15 44 16 39 36 55 20 26 45 27 28 42 14 48 40 66 17 59 53 31 63 38 51 51 62 41 59 43 72 42 67 64 80 46 30 62 36 52 51 64 39 43 13 41 36 57 17 45 67 65 79 49 35 34 48 25 60 81 40 75 38 52 
20 31 18 27 21 10 17 18 16 24 10 3 27 21 19 7 19 22 22 19 6 26 17 19 15 35 15 26 27 31 14 27 24 22 34 71 10 17 31 13 41 30 38 22 38 37 16 24 23 35 19 14 16 13 19 20 14 7 31 17 51 57 36 59 51 38 45 39 51 49 26 57 37 42 44 51 39 33 56 48 36 42 38 48 33 32 13 19 23 31 46 45 49 52 47 23 33 21 46 34 48 25 44 34 25 
28 33 17 33 10 13 6 19 13 18 21 10 38 14 23 6 28 14 25 12 11 25 7 27 19 44 4 21 30 20 7 17 21 13 26 10 68 27 22 13 31 24 27 12 30 26 14 16 28 25 9 18 6 17 17 14 24 14 41 9 45 48 26 51 41 33 38 38 41 43 21 53 29 42 42 54 32 23 49 37 32 36 39 38 26 22 14 13 30 20 37 44 45 54 39 16 23 22 35 35 54 19 48 25 27 
23 41 33 31 37 18 33 31 26 41 7 17 10 38 29 24 19 35 21 31 21 29 34 8 16 19 32 43 36 48 27 44 40 36 51 17 27 97 48 29 55 39 52 39 47 54 25 36 16 52 34 17 31 26 25 37 3 14 14 34 58 68 50 67 66 44 54 38 65 56 34 59 49 39 45 42 49 47 64 62 41 51 36 61 42 49 20 31 13 47 57 45 52 45 57 35 46 23 62 32 35 35 34 46 25 
40 32 19 41 17 36 18 24 33 9 41 32 59 10 30 24 42 29 47 30 28 45 15 49 42 66 19 10 32 13 27 12 15 27 4 31 22 48 51 21 30 38 28 10 40 14 35 31 51 16 21 41 23 26 38 11 45 36 62 14 55 49 27 59 35 47 47 58 38 55 38 68 37 62 59 76 42 26 58 33 48 47 59 36 39 10 37 31 53 13 41 62 60 74 45 31 30 44 23 56 77 35 70 34 48 
19 19 4 21 19 23 17 6 26 13 22 16 39 11 10 7 20 27 35 26 8 37 12 32 28 48 15 14 16 27 21 23 11 26 23 13 13 29 21 44 41 37 38 17 43 32 27 30 36 32 21 28 19 5 30 10 26 21 43 10 58 59 37 65 50 46 51 51 51 57 34 66 42 54 55 64 45 34 63 47 45 49 51 48 40 27 25 27 37 27 49 57 59 65 52 29 36 34 42 47 62 33 57 38 38 
59 59 42 63 21 37 25 47 29 35 50 40 65 33 52 37 59 20 41 24 42 34 28 52 41 68 27 38 57 16 28 19 42 19 33 41 31 55 30 41 42 21 3 25 17 17 31 20 48 13 22 40 25 46 32 34 52 41 67 31 28 19 5 30 10 26 21 43 10 29 25 43 13 47 40 64 17 8 30 6 29 22 46 6 19 20 36 25 52 16 12 43 37 60 17 20 10 37 14 44 71 22 61 13 40 
51 57 40 57 22 21 22 43 13 39 36 27 48 35 47 30 49 10 20 11 34 12 27 33 23 48 23 42 54 27 16 26 43 12 43 30 24 39 38 37 21 56 18 28 8 32 14 7 27 27 18 22 18 41 13 35 36 26 49 31 21 29 18 28 31 9 15 21 29 19 5 30 10 26 21 43 10 15 26 28 9 12 24 25 3 31 19 10 32 26 18 24 22 39 18 8 12 17 35 22 49 4 39 8 18 
56 56 40 60 19 34 21 44 26 33 47 36 62 31 49 34 56 17 37 20 39 31 26 48 37 64 24 36 55 15 24 16 40 16 32 38 27 52 28 38 3 18 38 23 15 17 27 17 44 12 18 36 22 43 28 31 48 37 64 29 27 21 1 30 14 24 20 40 13 28 22 42 11 45 37 61 15 5 30 10 26 21 43 10 17 19 32 21 48 15 12 41 36 57 17 17 6 34 16 41 68 19 58 10 36 
36 33 17 38 6 26 7 21 22 11 33 23 50 7 27 15 37 18 36 19 20 34 5 39 31 57 8 13 32 10 17 6 16 16 15 22 12 39 10 17 25 28 23 10 31 15 24 21 40 15 11 30 12 22 27 8 36 26 53 7 47 44 21 52 33 37 39 47 35 46 28 58 29 51 49 65 33 19 50 30 37 38 49 32 30 10 26 21 43 10 35 52 51 64 38 20 22 33 25 45 66 25 60 25 37 
58 63 46 64 25 30 27 49 21 43 44 35 56 39 54 37 57 16 28 18 41 20 32 42 31 56 29 45 60 27 24 27 48 16 44 38 30 47 40 43 17 8 15 31 60 31 22 13 36 27 22 30 24 47 22 39 44 34 57 36 15 21 15 21 25 9 7 26 22 14 13 28 3 31 23 48 1 14 19 22 12 6 29 19 5 31 27 18 40 27 10 26 21 43 10 14 10 25 31 28 56 12 46 6 26 
51 45 31 53 16 38 20 36 32 21 47 37 64 21 42 31 52 25 46 27 36 42 20 53 43 70 22 23 45 6 28 9 28 23 16 37 26 54 14 32 17 32 17 15 31 20 34 26 51 4 20 42 23 37 37 22 50 40 68 22 44 36 16 47 21 39 37 53 24 45 34 59 28 58 53 74 32 17 47 19 41 38 56 22 31 5 38 29 55 6 30 56 52 71 34 26 21 43 10 53 77 30 69 25 46 
37 46 31 44 19 7 16 32 1 33 21 13 34 28 35 19 35 10 11 7 21 10 21 20 9 37 16 35 43 28 7 25 35 12 39 16 14 25 35 27 31 14 27 24 22 34 53 10 17 31 14 8 12 29 3 28 22 12 36 24 35 43 26 42 41 21 29 24 40 32 9 40 23 28 27 40 24 23 40 38 19 26 25 36 17 31 5 6 21 28 32 30 32 39 32 10 21 8 41 21 43 10 35 20 12 
44 50 33 50 14 18 14 36 9 31 31 21 45 27 40 23 43 2 21 4 27 15 20 31 20 47 16 34 47 21 10 19 36 4 36 24 16 36 31 30 20 7 17 21 13 26 10 42 27 22 10 19 11 33 11 27 32 22 47 23 28 33 16 35 31 16 21 27 29 26 7 37 13 31 28 47 15 12 32 27 16 19 29 26 9 25 15 5 31 20 21 31 30 44 23 0 10 17 31 26 51 4 43 10 20 
38 53 41 46 35 14 32 41 19 46 19 20 21 42 41 29 34 28 7 24 29 15 35 8 8 20 31 48 49 45 23 42 47 29 55 23 28 16 51 36 48 27 44 40 36 51 17 27 86 48 31 9 28 36 15 41 15 15 22 37 44 56 43 52 58 30 41 21 56 41 22 42 38 22 28 28 37 40 49 54 27 37 19 53 31 48 13 23 5 45 46 28 36 30 45 27 37 10 58 15 26 25 21 36 10 
51 47 32 53 14 36 18 36 29 23 46 35 62 21 42 30 52 21 43 24 35 38 20 50 40 67 20 25 46 5 25 8 30 19 20 35 25 52 16 32 13 27 12 15 27 4 31 22 48 20 17 39 21 37 33 22 48 38 65 22 40 32 11 43 19 35 32 49 21 40 29 55 23 54 48 70 28 12 43 16 37 33 52 19 27 6 35 25 52 5 25 52 48 66 30 22 16 39 10 49 74 26 66 21 43 
37 40 23 42 4 18 4 27 12 21 29 18 45 17 32 15 37 7 26 8 20 23 9 32 23 50 6 24 38 14 7 11 25 6 26 19 9 34 21 21 22 18 18 11 22 20 14 10 31 17 83 21 3 25 17 17 31 20 48 13 37 38 17 43 32 27 30 36 32 36 17 48 21 41 38 55 24 13 42 28 27 29 38 28 19 17 17 10 35 13 28 41 40 53 31 9 14 23 27 34 57 14 50 17 27 
33 46 32 40 25 4 22 32 10 36 15 11 26 32 34 20 30 19 7 15 20 13 25 11 1 28 21 39 42 36 14 32 38 20 45 14 18 17 41 28 40 22 36 30 30 42 8 19 9 39 21 75 18 28 8 32 14 7 27 27 41 51 35 49 50 27 36 24 49 38 17 43 32 27 30 36 32 31 46 46 24 33 24 45 25 38 4 14 13 35 40 31 36 37 40 19 30 7 49 19 36 18 30 29 11 
35 39 22 40 7 14 4 25 10 21 25 14 41 17 29 13 34 8 23 7 17 22 9 29 19 46 5 24 36 17 4 14 25 7 27 16 6 31 23 19 25 18 22 12 24 23 12 11 28 21 3 18 77 23 15 17 27 17 44 12 39 41 20 45 35 27 32 35 35 37 16 48 23 39 37 53 26 17 43 32 27 30 36 32 21 20 14 9 31 17 31 40 40 51 33 10 17 20 31 33 54 14 47 19 25 
14 17 7 17 24 24 21 4 28 17 20 16 36 16 6 10 15 31 36 29 7 39 17 31 28 46 19 18 13 32 24 28 14 30 28 13 17 26 26 5 46 41 43 22 47 37 29 33 36 37 25 28 23 34 31 15 24 21 40 15 62 64 41 68 55 49 55 52 56 60 37 69 46 55 57 64 49 38 66 52 48 53 52 53 43 32 27 30 36 32 54 59 61 65 56 33 40 35 47 48 61 36 57 42 39 
39 49 34 46 21 9 19 35 4 36 23 15 34 31 38 22 37 12 9 9 24 7 24 20 9 36 19 38 45 30 10 28 38 14 42 19 17 25 38 30 32 13 28 27 22 37 3 11 15 33 17 8 15 31 87 31 22 13 36 27 33 43 27 41 42 19 28 21 41 31 8 37 23 25 25 38 23 24 38 39 17 25 22 37 17 34 5 7 20 30 32 27 30 36 32 11 22 6 42 18 40 10 32 20 10 
29 24 9 31 14 27 13 14 27 4 30 22 48 1 20 13 31 25 39 25 16 39 7 39 33 56 12 7 23 18 21 15 8 23 14 20 14 37 11 10 34 35 31 8 39 22 28 27 41 22 17 32 17 15 31 64 34 26 51 4 54 53 30 60 41 44 47 52 43 53 33 65 37 56 55 68 41 27 59 38 44 46 53 40 37 17 29 26 43 18 43 57 57 68 47 27 30 36 32 49 68 31 62 34 41 
23 40 31 31 33 14 30 29 23 38 4 13 14 35 28 21 19 31 19 28 18 27 31 7 13 21 28 40 35 44 24 40 37 32 48 14 24 3 45 26 52 36 48 36 44 50 22 32 15 48 31 14 27 24 22 34 54 10 17 31 56 65 47 64 62 41 51 36 61 53 31 57 45 37 43 42 46 43 61 58 38 47 34 58 39 46 17 27 13 44 54 43 50 45 54 32 42 21 59 30 36 32 34 42 23 
26 38 25 33 23 4 20 25 12 31 9 4 24 27 26 14 23 21 15 17 13 20 21 13 7 30 18 33 34 34 13 30 31 21 40 7 14 14 36 21 41 26 37 26 34 40 12 22 15 38 20 7 17 21 13 26 10 60 27 22 47 55 36 55 51 33 41 32 51 44 21 50 35 34 37 43 36 32 52 48 31 38 31 47 30 36 7 17 17 33 43 39 43 44 44 21 32 14 48 27 41 22 36 32 18 
34 53 47 41 51 30 47 44 37 55 21 30 4 52 42 38 29 47 29 43 35 37 48 15 26 7 45 57 48 61 40 58 54 48 66 31 41 14 62 43 67 49 64 53 57 68 36 47 22 65 48 27 44 40 36 51 17 27 73 48 66 78 63 75 78 52 63 41 77 63 44 63 59 41 49 37 59 59 71 74 49 59 38 73 52 63 31 42 17 61 67 49 58 43 67 47 57 32 76 35 27 46 30 56 32 
29 27 10 32 10 23 9 15 22 9 27 18 45 4 20 10 30 21 34 20 14 34 3 35 28 52 7 11 25 17 16 13 12 19 17 17 9 34 14 10 31 31 29 7 36 22 24 23 37 22 13 27 12 15 27 4 31 22 48 64 51 50 27 56 40 40 43 48 41 50 29 61 34 52 50 64 37 25 55 37 40 42 49 38 33 17 24 22 39 17 40 53 53 63 43 23 27 32 32 45 64 27 58 30 36 
72 78 61 78 40 42 42 64 35 58 56 48 66 54 68 52 70 30 37 32 55 29 47 51 42 64 44 60 75 42 38 42 63 31 59 51 45 58 55 58 28 21 27 47 15 44 35 28 44 40 37 41 39 62 33 54 56 47 66 51 43 18 28 8 32 14 7 27 27 3 25 17 17 31 20 48 13 28 5 30 17 8 31 26 18 45 39 32 49 41 15 23 13 40 11 28 25 35 42 32 59 26 48 21 34 
76 78 61 81 40 50 42 65 42 55 64 54 77 52 70 54 76 34 49 37 59 41 47 63 52 77 45 57 76 36 42 38 61 34 53 57 48 68 49 59 19 29 21 44 21 36 43 33 56 32 38 51 41 64 43 53 65 55 78 50 18 7 23 15 17 27 17 44 12 21 34 35 19 48 38 65 19 25 17 17 31 20 48 13 26 39 48 37 61 36 11 41 32 59 11 33 24 46 30 48 75 33 65 22 47 
54 54 38 59 17 33 20 42 25 32 45 35 60 29 48 32 54 15 37 19 37 30 24 47 36 63 22 34 53 13 23 15 38 14 31 36 26 50 27 37 5 18 1 21 15 16 26 16 43 11 17 35 20 41 27 30 47 36 63 27 28 23 51 31 15 24 21 40 15 29 21 43 12 45 38 61 16 3 31 11 26 22 43 11 17 17 31 20 48 13 14 41 36 57 18 16 6 33 16 41 67 18 58 10 36 
79 84 67 85 46 50 48 71 42 63 64 56 74 59 75 58 78 37 46 39 62 37 53 60 50 72 50 65 82 45 45 46 68 38 63 59 51 67 59 65 30 28 30 52 21 47 42 35 52 43 43 49 45 68 41 60 64 55 75 56 8 15 31 34 31 22 13 36 27 12 33 21 22 39 28 55 19 32 3 30 25 16 39 26 25 49 47 39 57 45 17 31 20 48 13 35 29 43 43 41 67 33 56 26 42 
68 66 50 72 31 48 34 55 40 42 60 50 76 40 61 47 69 31 51 34 52 44 37 62 51 78 37 44 65 23 38 26 49 30 38 51 41 66 35 50 10 31 14 33 25 21 41 31 58 19 32 50 35 55 42 41 62 51 78 40 32 17 15 31 34 34 26 51 4 34 35 49 21 56 48 73 25 18 32 3 37 29 55 6 29 25 46 35 62 23 17 51 44 68 21 31 20 48 13 53 81 33 71 22 50 
58 66 49 65 31 28 31 52 21 48 42 35 52 44 56 39 57 19 23 20 42 15 36 37 28 50 32 51 63 35 25 34 53 21 51 38 33 44 47 46 26 9 24 37 9 39 21 16 30 35 27 27 27 49 19 44 41 33 52 40 14 27 24 22 34 62 10 17 31 11 12 20 13 21 13 39 9 22 19 31 3 7 20 28 8 39 25 19 35 35 18 17 13 33 16 17 18 21 41 20 48 13 37 14 20 
66 71 54 71 33 37 34 57 29 50 51 42 62 46 62 45 64 23 34 25 49 25 40 47 37 61 36 53 68 34 31 34 56 24 51 45 38 54 47 51 21 15 20 39 7 37 29 21 41 32 30 36 32 55 28 47 51 41 63 43 7 17 21 13 26 10 41 27 22 8 19 22 9 31 21 49 6 21 11 24 14 3 31 20 11 38 34 25 46 34 9 25 17 42 6 22 17 31 35 31 58 19 48 13 31 
58 70 55 65 41 28 40 56 25 57 39 35 42 52 58 43 55 29 17 28 44 13 45 29 24 37 40 59 66 48 31 46 60 31 62 39 38 38 58 51 43 21 40 47 26 53 24 27 21 49 36 24 35 52 21 52 36 32 41 48 27 44 40 36 51 17 27 96 48 24 20 21 30 4 8 21 26 37 32 48 14 24 3 45 23 52 25 26 25 48 36 7 16 17 33 27 34 17 56 6 31 23 20 30 13 
69 68 52 73 32 47 35 57 39 44 60 50 75 42 62 47 69 30 49 33 52 42 38 61 50 77 37 47 67 25 38 28 51 29 41 51 41 65 38 51 10 29 13 35 22 24 40 29 56 21 32 49 35 56 41 43 61 51 77 41 27 12 15 27 4 31 22 48 26 30 33 45 19 53 44 70 21 18 28 4 34 25 52 3 26 28 45 34 61 25 13 48 40 65 17 30 19 46 17 51 78 31 68 20 48 
70 76 60 76 40 40 40 63 32 57 54 46 63 53 67 50 68 29 34 30 53 26 46 48 39 60 42 60 74 42 36 42 62 30 59 49 43 56 55 57 29 19 28 46 14 45 32 26 41 40 36 38 37 60 31 53 53 44 63 50 3 21 29 12 34 11 8 24 30 37 23 15 17 27 17 44 12 28 8 32 14 7 27 27 16 45 36 30 46 41 17 20 10 37 13 27 24 32 43 29 55 24 44 20 31 
47 54 38 53 21 17 20 40 9 38 31 23 43 33 44 27 45 9 15 8 30 8 26 28 18 43 21 40 51 28 13 26 42 11 43 26 21 34 38 34 25 5 22 28 13 34 9 7 22 29 17 17 16 37 8 33 31 21 44 29 25 34 21 33 35 12 19 20 33 23 57 31 15 24 21 40 15 18 30 32 10 17 22 30 8 32 14 7 27 27 23 24 24 37 23 7 15 12 38 19 45 3 36 13 14 
77 86 70 84 52 46 52 72 40 69 59 53 64 65 75 59 74 40 37 40 62 30 57 51 44 58 53 72 83 55 45 55 73 42 72 57 53 59 68 66 43 30 42 58 28 59 40 37 42 55 48 43 48 69 37 65 57 50 63 61 17 35 43 21 49 20 22 21 45 15 31 17 31 22 13 36 27 42 18 47 21 21 24 43 28 59 43 39 46 55 32 14 7 27 27 38 38 36 58 27 49 34 38 34 33 
58 61 44 63 23 31 25 48 22 40 45 35 58 37 53 36 57 15 31 18 40 23 30 43 33 58 27 43 59 24 23 24 46 15 42 37 29 49 37 42 13 10 11 29 3 28 23 13 38 23 21 32 23 46 23 37 45 35 59 34 17 19 12 22 21 13 9 30 19 17 15 31 64 34 26 51 4 11 21 18 16 10 33 15 7 28 28 18 43 24 8 30 24 46 9 14 7 27 27 32 59 13 49 3 29 
60 73 58 67 45 31 44 59 29 61 40 38 42 56 61 46 56 34 19 32 47 17 49 30 27 36 44 63 69 53 35 51 63 36 67 42 42 39 62 54 47 26 45 51 31 58 28 31 22 54 41 27 39 55 25 56 37 34 41 52 31 48 45 39 56 21 31 4 53 27 24 22 34 28 10 17 31 42 35 53 18 28 3 50 28 56 28 30 25 52 40 8 19 12 37 32 38 20 61 7 27 27 16 34 16 
64 74 58 71 42 33 42 60 28 59 45 40 50 54 63 47 61 30 23 30 49 17 47 37 30 45 42 61 71 48 34 47 63 32 64 44 42 45 59 55 40 21 37 49 23 53 27 28 28 48 38 30 37 57 25 55 43 37 49 50 20 38 38 28 48 13 21 8 44 17 21 13 26 10 15 27 22 36 24 45 11 18 11 41 21 52 30 28 33 47 31 3 8 20 27 28 32 23 54 14 38 24 27 27 19 
65 81 69 73 59 41 57 69 42 73 46 48 40 68 69 57 61 49 29 46 57 31 61 34 36 30 57 75 77 68 48 66 74 51 80 51 54 42 76 64 64 43 61 65 48 74 40 47 28 70 55 36 53 64 38 68 42 43 37 64 48 65 61 55 73 39 49 21 70 44 40 36 51 17 27 55 48 58 52 70 36 45 18 67 45 72 39 45 28 67 57 24 35 8 55 47 55 32 78 20 14 43 7 51 27 
60 65 48 66 27 32 28 51 23 44 46 37 58 40 56 39 59 17 30 20 43 21 34 43 33 57 30 47 62 29 25 29 50 18 46 39 32 49 42 45 17 10 15 33 1 32 24 15 37 28 24 32 26 49 23 41 46 36 59 37 13 19 16 19 25 9 6 26 21 12 15 27 4 31 22 48 55 15 17 22 12 5 30 18 6 33 29 19 42 28 9 26 20 43 8 16 11 27 32 29 57 14 46 7 27 
51 52 35 56 14 29 17 40 21 30 42 31 57 27 45 29 51 12 33 15 34 27 21 43 32 60 19 33 50 13 19 13 36 11 30 33 23 47 26 34 8 15 5 19 14 17 23 12 40 12 13 31 17 38 24 27 43 32 59 25 28 25 3 32 18 22 21 37 18 28 18 42 11 42 36 58 15 46 31 15 24 21 40 15 15 17 27 17 44 12 15 39 35 55 19 12 4 30 19 38 64 15 55 8 32 
77 82 65 83 45 47 46 69 40 62 61 53 71 58 73 56 75 35 42 37 60 34 51 57 47 69 48 64 80 45 43 45 67 36 62 56 49 64 58 63 30 26 30 50 19 47 40 32 49 43 42 46 43 66 38 59 61 52 71 55 5 17 31 3 32 19 11 32 28 8 30 18 21 35 24 52 17 31 30 31 22 13 36 27 23 48 44 36 54 44 17 27 17 44 12 33 28 40 44 37 63 30 52 25 39 
65 63 47 69 27 44 31 52 36 40 57 46 72 38 58 43 65 27 48 31 48 41 34 58 48 75 33 42 62 21 34 23 46 26 36 48 37 62 33 47 6 28 10 30 22 19 38 27 54 16 28 46 32 52 39 38 58 48 74 37 30 17 11 30 3 31 24 48 4 32 32 47 18 53 45 70 22 15 31 34 34 26 51 4 25 23 42 32 59 20 15 48 41 65 19 27 17 44 12 50 77 29 68 19 46 
56 65 49 63 31 26 31 51 19 48 40 33 48 44 55 38 54 19 20 19 41 12 36 34 25 47 32 51 62 36 24 35 52 21 52 36 32 41 48 45 29 9 26 37 12 41 19 16 27 37 27 24 27 48 17 44 38 31 49 40 17 31 26 25 37 3 14 14 34 14 10 21 16 18 11 36 12 24 22 34 55 10 17 31 9 40 23 18 32 36 22 15 13 30 19 17 20 18 43 17 44 12 34 16 17 
63 69 52 69 32 34 33 55 26 49 48 40 58 45 60 43 62 21 30 23 46 22 38 44 34 57 35 52 66 34 29 34 54 23 51 42 36 51 47 49 22 12 21 38 6 38 26 19 37 33 29 33 30 53 25 46 47 38 59 42 8 20 22 16 29 7 3 24 25 7 17 21 10 28 18 45 5 21 13 26 10 34 27 22 9 38 31 23 42 34 12 22 15 39 9 20 17 27 37 27 55 17 44 12 27 
57 70 55 64 42 28 41 56 26 58 37 35 40 53 58 43 53 31 16 29 44 14 46 27 23 34 41 60 66 50 32 48 60 33 64 38 39 36 59 51 46 24 43 49 29 56 25 29 19 52 38 24 36 52 22 53 34 31 38 49 31 48 43 39 55 20 31 3 52 27 22 24 33 3 11 18 30 40 36 51 17 27 89 48 26 54 25 28 23 50 39 10 20 15 36 29 36 17 59 4 27 25 17 33 12 
66 65 49 70 28 43 32 54 35 42 57 46 71 40 59 44 66 26 46 30 49 38 35 57 46 73 34 44 64 23 34 25 48 26 39 48 38 61 36 48 6 25 10 32 19 22 36 26 53 19 28 45 32 53 37 40 58 47 73 38 26 13 11 26 6 28 20 45 3 27 30 43 15 50 41 67 18 15 27 4 31 22 48 25 23 26 41 30 57 23 10 45 37 62 15 26 15 42 17 47 75 27 65 17 44 
54 60 43 60 23 25 24 46 17 41 39 30 51 36 50 33 52 12 24 14 37 15 29 37 26 51 25 43 57 27 19 26 45 13 43 33 26 42 39 40 19 3 17 30 5 31 17 9 31 27 19 25 21 43 17 37 39 30 52 33 18 26 17 25 29 8 11 23 26 16 8 28 7 28 21 45 6 15 23 25 9 9 26 23 63 31 22 13 36 27 15 24 21 40 15 10 11 20 33 24 52 7 42 6 21 
46 41 26 48 13 35 16 31 29 17 43 33 60 16 37 26 47 22 43 25 31 40 15 49 39 66 18 19 40 4 24 6 23 20 13 32 22 49 10 27 20 31 19 10 31 5 31 25 48 6 17 38 20 32 34 17 46 36 63 17 45 39 17 49 25 39 38 52 28 45 32 59 28 56 52 72 33 17 48 23 40 38 54 26 31 30 34 26 51 4 31 55 52 69 36 24 21 40 15 51 74 28 67 25 44 
33 44 30 40 21 3 18 31 6 33 17 10 29 29 33 18 31 15 10 11 19 12 22 15 5 32 18 35 40 31 9 28 35 16 41 13 14 20 37 25 36 19 32 26 27 38 5 15 13 35 17 4 14 27 5 29 17 7 31 24 39 48 31 47 46 25 34 25 45 36 14 43 28 28 30 39 29 27 44 42 23 31 25 41 22 34 49 10 17 31 37 31 36 39 37 15 26 8 45 21 40 15 33 25 12 
40 47 30 46 14 13 13 33 4 30 26 17 40 26 37 20 39 4 17 1 23 13 18 26 15 43 14 33 44 23 6 20 34 6 36 19 13 31 31 27 25 10 21 21 18 29 6 5 23 25 10 14 9 30 7 26 27 17 42 22 32 37 20 39 35 19 25 26 34 30 7 39 18 30 28 45 19 17 36 32 18 23 28 30 13 26 10 42 27 22 26 31 31 43 27 4 15 13 35 24 48 6 40 15 17 
36 53 42 44 38 17 35 41 23 48 17 21 17 44 41 31 32 32 12 28 29 20 38 5 12 15 34 50 48 49 27 45 48 33 57 23 30 13 53 37 52 32 48 43 40 55 21 31 5 52 35 13 31 36 20 43 13 17 17 39 49 61 48 57 62 35 46 25 61 46 27 46 43 25 33 28 42 44 54 59 32 42 23 57 36 51 17 27 80 48 51 33 41 31 50 31 42 15 62 19 24 30 21 40 15 
46 42 27 49 10 32 13 32 26 19 41 30 58 17 37 25 47 18 40 21 30 36 15 46 36 63 15 21 41 0 21 3 25 16 17 31 20 47 13 27 16 26 15 10 27 6 28 20 45 5 13 35 17 32 30 18 44 33 61 17 41 36 13 45 23 35 34 48 25 41 27 55 24 52 47 67 28 12 44 20 36 34 50 23 27 4 31 22 48 30 28 51 48 65 31 20 16 36 15 47 71 24 63 21 40 
66 68 51 71 30 39 32 55 31 46 53 43 66 43 60 44 65 23 39 26 48 31 37 52 41 67 34 48 66 28 31 29 52 23 45 46 37 57 41 49 12 18 12 35 10 30 32 21 46 25 28 40 31 54 32 43 54 43 67 40 15 11 14 17 17 18 9 36 13 17 23 32 8 40 31 57 9 15 17 15 22 12 39 10 15 31 37 26 51 28 63 34 26 51 4 22 13 36 27 38 66 22 56 11 37 
65 76 61 72 45 34 44 62 31 62 46 42 50 57 65 49 62 33 24 32 51 19 49 37 31 44 45 64 72 51 36 50 65 35 67 45 44 45 62 57 43 24 41 52 26 56 30 31 28 52 41 31 40 59 27 57 43 39 49 53 23 41 41 31 51 17 25 7 48 20 24 14 30 8 3 24 26 39 27 48 15 22 10 45 24 55 31 31 33 51 34 45 10 17 31 31 35 24 58 13 36 27 25 31 20 
70 79 62 76 44 39 44 65 33 61 52 46 58 57 68 51 67 32 30 33 54 23 50 44 37 54 45 64 75 48 38 47 66 34 65 49 45 52 60 59 37 22 36 51 21 52 32 30 36 48 40 36 40 61 30 57 50 43 58 53 13 32 36 20 44 13 17 16 40 10 24 7 24 19 8 35 20 35 17 41 13 15 20 37 21 52 36 31 41 48 26 10 27 27 22 30 31 29 52 22 46 26 36 27 27 
68 83 69 76 57 41 56 70 41 72 49 48 46 68 71 57 64 46 29 44 58 29 60 37 36 37 56 75 78 65 47 63 75 48 79 52 54 45 74 65 60 39 57 64 43 71 39 44 30 66 53 37 51 65 36 68 45 44 43 63 40 59 57 48 68 33 42 17 65 37 37 27 46 12 20 8 43 55 44 65 30 39 15 62 40 69 39 43 31 65 51 17 27 72 48 44 51 31 74 18 22 40 13 47 27 
67 71 54 73 33 40 35 58 32 49 54 45 66 46 63 46 66 25 38 28 50 30 40 52 41 66 37 52 69 32 33 33 55 25 49 47 39 57 45 52 17 18 17 38 10 34 32 23 45 30 31 40 33 56 32 47 54 44 67 43 11 11 18 13 21 16 6 33 17 13 23 27 9 37 27 55 8 19 12 19 19 9 36 15 15 36 37 27 50 31 4 31 22 48 54 23 16 35 31 36 64 22 53 13 36 
44 49 32 49 14 17 13 35 9 31 31 21 45 26 39 23 43 2 21 4 27 15 19 31 20 47 15 33 46 20 9 18 35 4 35 23 16 35 31 29 20 8 17 20 14 26 10 0 27 22 9 19 10 33 11 27 32 21 47 23 28 33 16 35 31 17 22 27 30 27 7 38 14 32 28 47 16 12 33 27 17 20 29 26 10 24 15 4 31 20 22 31 30 44 23 69 10 17 31 26 51 4 43 10 20 
52 54 37 57 16 28 18 41 19 33 41 31 55 29 46 30 52 11 31 14 35 24 23 41 31 58 21 36 52 17 19 17 39 10 34 33 23 46 30 36 10 12 6 22 10 21 21 10 37 16 14 30 17 40 22 30 42 32 57 27 25 24 6 29 20 18 17 34 19 24 15 38 7 38 32 55 11 4 28 17 20 17 36 15 11 21 26 15 42 16 13 35 31 51 16 10 53 27 22 34 61 12 51 4 30 
41 52 38 48 27 10 25 39 10 41 22 18 31 36 41 26 38 18 3 15 27 6 29 16 7 31 25 43 48 37 16 34 43 20 48 21 22 23 44 34 37 17 34 33 25 43 8 17 10 39 23 7 20 35 6 36 21 14 32 32 35 46 33 43 48 21 31 17 46 32 12 36 27 20 23 32 27 30 40 44 18 27 17 42 20 40 8 13 15 36 36 24 29 31 35 17 27 103 48 13 34 14 26 25 4 
61 55 41 63 25 46 28 46 39 32 56 45 73 31 52 40 62 30 52 33 45 46 30 60 50 77 31 33 55 15 35 18 38 28 25 46 35 62 23 42 14 35 16 25 31 10 41 31 58 10 27 49 31 47 42 32 59 48 76 32 42 30 16 43 13 41 35 56 17 43 38 58 27 61 54 78 32 19 44 12 43 37 59 17 33 15 45 35 62 15 27 58 52 74 31 31 22 48 9 57 83 34 74 26 51 
52 65 51 60 39 23 37 52 22 54 33 31 36 49 53 39 49 28 11 26 40 11 42 23 19 31 37 56 61 47 28 45 56 30 60 34 35 32 56 47 44 22 41 45 28 53 21 26 15 49 34 19 33 48 18 49 30 27 35 45 32 48 41 41 53 20 31 6 51 29 19 27 32 7 14 20 29 38 37 50 17 27 4 47 24 51 21 24 19 47 38 13 22 18 36 26 34 13 57 21 27 22 17 31 8 
59 76 66 66 61 40 59 65 45 72 41 46 31 68 64 55 54 53 31 50 54 36 62 29 35 19 58 74 72 71 50 68 73 54 81 48 54 35 77 62 71 49 68 66 56 77 43 51 26 74 57 36 54 61 40 68 36 41 27 64 59 75 67 67 81 48 58 31 78 55 45 49 59 27 38 14 57 64 63 77 44 55 27 75 52 74 40 48 24 71 66 36 46 22 64 51 61 34 83 27 34 48 10 58 31 
46 53 36 52 18 17 18 39 9 35 32 23 44 31 43 26 44 6 18 6 29 12 23 30 19 46 19 38 50 25 12 23 39 8 40 25 19 35 35 33 22 4 19 25 12 30 10 4 25 26 14 18 14 36 10 31 32 22 46 27 26 33 18 33 33 13 19 23 31 24 3 34 13 27 24 43 14 15 30 29 12 17 25 27 7 28 15 6 30 24 22 27 26 40 22 4 12 14 34 22 48 62 39 10 17 
57 74 62 65 54 34 52 62 37 67 38 41 33 62 62 50 53 44 23 41 50 27 55 26 29 23 51 69 69 63 43 61 68 46 75 44 48 34 70 57 61 39 58 60 46 69 35 43 21 66 50 30 47 57 32 62 34 36 30 58 48 65 58 56 71 37 48 20 68 44 36 38 49 16 27 7 46 55 52 68 34 44 17 65 42 67 33 40 21 63 56 25 36 13 53 43 51 26 74 17 10 39 55 48 22 
54 57 41 59 20 28 21 44 19 37 41 32 55 33 49 32 53 11 29 14 37 21 26 41 30 56 23 39 55 21 20 21 42 12 38 34 25 46 34 38 13 8 10 25 6 25 20 10 36 21 17 29 19 42 20 34 42 32 56 30 21 22 10 26 22 14 13 30 20 20 13 34 3 34 27 51 7 8 25 19 16 12 33 17 6 25 25 15 40 21 11 31 27 47 13 10 4 25 26 31 58 10 48 45 27 
44 57 42 52 31 15 29 43 14 45 25 22 32 41 45 30 41 21 3 19 31 5 34 17 11 30 29 48 53 40 20 38 48 23 52 25 27 25 48 38 40 18 36 37 26 46 12 20 10 43 27 11 25 39 10 41 23 18 32 36 34 47 36 42 50 20 31 13 48 31 14 33 29 16 19 27 27 32 39 46 17 27 12 44 21 44 12 17 15 40 37 20 27 27 36 20 30 4 51 8 31 17 22 27 97 
