45 10
53 29 6 7 1 15 37 4 31 8 23 34 28 39 20 30 41 7 11 8 21 43 11 39 30 24 34 18 26 35 35 47 21 38 47 40 20 31 42 32 43 57 23 51 46 
29 16 27 36 30 39 12 32 37 26 52 63 57 66 26 58 60 23 34 28 39 20 30 41 60 53 61 20 55 54 64 74 33 66 67 67 27 60 61 41 69 75 31 49 64 
6 27 46 13 6 21 36 10 36 13 26 39 32 44 24 35 47 8 17 13 27 43 16 44 34 28 39 20 30 41 40 52 26 43 53 45 24 36 48 37 49 63 27 56 52 
7 36 13 69 6 11 43 5 31 12 15 26 20 31 23 22 36 13 8 11 19 49 12 39 23 16 26 22 18 30 28 39 20 30 41 32 22 23 37 31 36 52 24 52 41 
1 30 6 6 56 15 38 4 31 8 21 33 26 38 21 29 41 8 10 8 21 44 11 39 29 23 33 19 24 35 34 46 21 37 46 39 20 30 41 32 42 56 23 52 45 
15 39 21 11 15 79 43 11 22 12 19 25 20 26 18 20 26 18 5 11 8 47 9 30 24 20 23 20 19 20 27 34 12 28 32 28 17 22 26 20 30 41 17 43 30 
37 12 36 43 38 43 41 38 34 32 59 69 62 70 26 64 60 30 39 33 41 8 34 36 66 60 66 23 61 55 70 77 34 71 67 71 28 65 61 39 73 73 30 41 64 
4 32 10 5 4 11 38 60 28 7 20 31 24 35 19 26 37 9 6 6 17 44 8 36 27 21 30 17 23 31 32 43 17 34 43 36 18 28 37 28 39 52 20 49 41 
31 37 36 31 31 22 34 28 83 23 41 45 41 42 12 40 26 28 23 23 14 33 19 8 45 42 41 18 41 23 46 49 10 46 34 43 11 41 28 5 44 39 8 20 30 
8 26 13 12 8 12 32 7 23 59 27 36 30 39 12 32 37 6 7 1 15 37 4 31 34 28 35 10 29 30 38 47 13 39 43 40 12 33 37 24 43 52 15 43 41 
23 52 26 15 21 19 59 20 41 27 12 13 6 21 36 10 36 29 21 26 27 64 26 49 7 1 15 37 4 31 14 28 31 17 38 22 35 11 36 39 26 49 36 62 39 
34 63 39 26 33 25 69 31 45 36 13 15 6 11 43 5 31 40 29 35 31 73 34 52 6 12 6 46 8 28 1 15 37 4 31 11 42 4 31 41 15 42 42 64 34 
28 57 32 20 26 20 62 24 41 30 6 6 2 15 38 4 31 34 23 29 27 67 28 49 4 6 9 40 2 27 7 21 32 10 32 15 37 4 31 38 19 44 37 60 34 
39 66 44 31 38 26 70 35 42 39 21 11 15 31 43 11 22 44 31 38 29 72 35 48 16 21 6 47 17 21 10 7 36 7 20 1 42 10 21 37 4 31 40 58 24 
20 26 24 23 21 18 26 19 12 12 36 43 38 43 75 38 34 16 15 12 14 29 11 19 42 37 40 6 37 28 45 50 7 45 41 44 1 40 35 15 46 48 4 31 38 
30 58 35 22 29 20 64 26 40 32 10 5 4 11 38 9 28 36 24 31 26 68 29 48 6 10 5 41 6 24 6 17 32 7 29 11 37 1 28 37 15 40 37 59 31 
41 60 47 36 41 26 60 37 26 37 36 31 31 22 34 28 62 43 30 36 21 60 32 29 35 36 25 39 32 6 31 26 26 29 7 23 33 28 1 21 21 15 29 37 4 
7 23 8 13 8 18 30 9 28 6 29 40 34 44 16 36 43 54 13 6 21 36 10 36 36 30 39 12 32 37 41 51 19 43 49 45 16 37 43 30 48 58 19 47 47 
11 34 17 8 10 5 39 6 23 7 21 29 23 31 15 24 30 13 73 6 11 43 5 31 27 22 27 16 22 24 30 39 12 32 37 32 14 25 31 22 35 46 16 43 35 
8 28 13 11 8 11 33 6 23 1 26 35 29 38 12 31 36 6 6 61 15 38 4 31 32 27 33 11 28 30 36 46 13 38 42 39 12 32 37 24 42 51 15 43 40 
21 39 27 19 21 8 41 17 14 15 27 31 27 29 14 26 21 21 11 15 78 43 11 22 31 27 27 18 26 15 32 36 6 32 28 30 13 27 22 12 32 37 11 34 26 
43 20 43 49 44 47 8 44 33 37 64 73 67 72 29 68 60 36 43 38 43 24 38 34 71 65 70 27 66 56 74 80 36 75 68 74 30 69 61 39 75 72 32 37 64 
11 30 16 12 11 9 34 8 19 4 26 34 28 35 11 29 32 10 5 4 11 38 64 28 32 27 31 11 27 26 35 43 9 36 39 37 10 30 33 20 39 48 12 40 37 
39 41 44 39 39 30 36 36 8 31 49 52 49 48 19 48 29 36 31 31 22 34 28 74 53 50 47 25 48 27 53 54 19 52 36 49 19 48 30 10 49 39 16 12 32 
30 60 34 23 29 24 66 27 45 34 7 6 4 16 42 6 35 36 27 32 31 71 32 53 26 6 11 43 5 31 6 21 36 10 36 17 41 6 34 42 21 46 41 65 38 
24 53 28 16 23 20 60 21 42 28 1 12 6 21 37 10 36 30 22 27 27 65 27 50 6 13 15 38 4 31 13 27 32 16 38 21 36 10 36 40 25 49 37 62 39 
34 61 39 26 33 23 66 30 41 35 15 6 9 6 40 5 25 39 27 33 27 70 31 47 11 15 43 43 11 22 6 13 33 5 25 6 39 4 24 36 10 36 38 58 27 
18 20 20 22 19 20 23 17 18 10 37 46 40 47 6 41 39 12 16 11 18 27 11 25 43 38 43 73 38 34 47 54 13 48 47 48 6 42 40 21 50 54 10 36 43 
26 55 30 18 24 19 61 23 41 29 4 8 2 17 37 6 32 32 22 28 26 66 27 48 5 4 11 38 21 28 9 23 31 13 34 17 36 6 32 38 21 45 36 60 36 
35 54 41 30 35 20 55 31 23 30 31 28 27 21 28 24 6 37 24 30 15 56 26 27 31 31 22 34 28 72 29 27 21 27 13 22 27 25 6 17 22 21 24 36 10 
35 64 40 28 34 27 70 32 46 38 14 1 7 10 45 6 31 41 30 36 32 74 35 53 6 13 6 47 9 29 13 15 38 4 31 11 43 5 31 42 14 42 43 64 34 
47 74 52 39 46 34 77 43 49 47 28 15 21 7 50 17 26 51 39 46 36 80 43 54 21 27 13 54 23 27 15 22 43 11 22 6 49 16 25 43 5 31 48 63 26 
21 33 26 20 21 12 34 17 10 13 31 37 32 36 7 32 26 19 12 13 6 36 9 19 36 32 33 13 31 21 38 43 87 38 34 37 6 33 27 11 38 41 5 31 30 
38 66 43 30 37 28 71 34 46 39 17 4 10 7 45 7 29 43 32 38 32 75 36 52 10 16 5 48 13 27 4 11 38 10 28 7 44 6 29 42 11 38 43 63 31 
47 67 53 41 46 32 67 43 34 43 38 31 32 20 41 29 7 49 37 42 28 68 39 36 36 38 25 47 34 13 31 22 34 28 63 21 40 29 6 29 18 11 37 43 5 
40 67 45 32 39 28 71 36 43 40 22 11 15 1 44 11 23 45 32 39 30 74 37 49 17 21 6 48 17 22 11 6 37 7 21 30 43 11 22 38 4 31 42 59 24 
20 27 24 22 20 17 28 18 11 12 35 42 37 42 1 37 33 16 14 12 13 30 10 19 41 36 39 6 36 27 43 49 6 44 40 43 77 38 34 15 45 47 4 31 37 
31 60 36 23 30 22 65 28 41 33 11 4 4 10 40 1 28 37 25 32 27 69 30 48 6 10 4 42 6 25 5 16 33 6 29 11 38 8 28 38 15 40 38 60 31 
42 61 48 37 41 26 61 37 28 37 36 31 31 21 35 28 1 43 31 37 22 61 33 30 34 36 24 40 32 6 31 25 27 29 6 22 34 28 63 22 21 15 30 38 4 
32 41 37 31 32 20 39 28 5 24 39 41 38 37 15 37 21 30 22 24 12 39 20 10 42 40 36 21 38 17 42 43 11 42 29 38 15 38 22 86 38 34 11 22 24 
43 69 49 36 42 30 73 39 44 43 26 15 19 4 46 15 21 48 35 42 32 75 39 49 21 25 10 50 21 22 14 5 38 11 18 4 45 15 21 38 22 28 43 58 22 
57 75 63 52 56 41 73 52 39 52 49 42 44 31 48 40 15 58 46 51 37 72 48 39 46 49 36 54 45 21 42 31 41 38 11 31 47 40 15 34 28 45 44 43 11 
23 31 27 24 23 17 30 20 8 15 36 42 37 40 4 37 29 19 16 15 11 32 12 16 41 37 38 10 36 24 43 48 5 43 37 42 4 38 30 11 43 44 77 28 34 
51 49 56 52 52 43 41 49 20 43 62 64 60 58 31 59 37 47 43 43 34 37 40 12 65 62 58 36 60 36 64 63 31 63 43 59 31 60 38 22 58 43 28 68 38 
46 64 52 41 45 30 64 41 30 41 39 34 34 24 38 31 4 47 35 40 26 64 37 32 38 39 27 43 36 10 34 26 30 31 5 24 37 31 4 24 22 11 34 38 56 
