45 10
41 8 13 19 17 16 12 0 19 20 14 5 13 6 7 8 13 14 18 18 9 9 17 6 19 13 12 5 20 8 8 12 8 9 0 4 5 7 4 3 17 18 11 9 12 
8 18 0 4 8 1 11 8 7 18 3 7 8 18 19 1 10 11 14 15 15 13 10 17 7 10 20 12 14 9 10 20 12 0 12 20 15 2 18 4 3 17 10 5 8 
13 0 48 18 15 14 4 14 13 11 3 18 14 3 14 19 6 3 18 12 17 5 0 2 17 2 4 12 12 2 12 15 6 4 18 5 9 11 8 9 13 20 19 8 16 
19 4 18 74 10 1 7 6 14 10 18 1 2 12 9 14 5 16 14 8 3 17 19 17 10 12 20 18 20 9 17 1 17 9 20 2 15 1 9 11 11 1 8 8 16 
17 8 15 10 51 18 6 15 12 19 7 9 11 4 0 8 12 8 4 5 11 4 15 13 20 6 9 2 7 1 8 14 14 0 20 20 13 14 13 0 8 4 6 17 16 
16 1 14 1 18 79 3 10 6 0 10 12 19 11 14 0 18 3 0 14 14 14 17 8 16 4 18 18 16 7 11 8 4 5 20 17 12 19 4 3 11 9 17 0 0 
12 11 4 7 6 3 22 7 14 17 20 7 3 9 9 20 15 11 3 4 8 8 0 4 8 14 2 17 11 3 10 11 9 3 3 9 1 4 1 11 16 19 10 15 6 
0 8 14 6 15 10 7 35 20 11 12 17 11 5 18 16 6 5 13 11 1 7 20 10 0 4 15 11 12 4 19 13 13 16 7 0 13 4 11 0 4 20 19 2 7 
19 7 13 14 12 6 14 20 32 9 12 4 5 7 11 20 8 16 0 19 9 14 5 8 8 15 13 7 0 10 19 7 12 20 10 19 12 17 1 8 11 8 0 0 12 
20 18 11 10 19 0 17 11 9 26 9 5 20 6 19 18 1 8 5 11 13 14 3 20 17 13 17 4 11 15 18 2 12 20 10 14 11 10 0 8 7 14 20 1 14 
14 3 3 18 7 10 20 12 12 9 47 15 17 2 4 14 4 14 0 10 13 19 5 20 6 7 6 12 20 3 11 8 16 2 17 2 4 14 2 6 20 11 1 4 5 
5 7 18 1 9 12 7 17 4 5 15 16 14 17 5 19 13 14 2 7 15 5 4 11 1 20 10 4 17 16 18 16 11 10 9 14 10 7 6 1 15 1 11 19 8 
13 8 14 2 11 19 3 11 5 20 17 14 82 8 10 15 3 6 7 13 18 1 9 5 0 7 1 8 13 2 14 10 18 5 20 10 10 17 4 7 7 10 11 19 10 
6 18 3 12 4 11 9 5 7 6 2 17 8 67 6 11 6 16 12 14 11 7 5 19 14 11 9 10 16 1 7 8 11 3 18 13 14 13 16 14 9 5 8 19 19 
7 19 14 9 0 14 9 18 11 19 4 5 10 6 24 12 0 15 0 1 9 10 18 4 16 3 13 7 16 18 11 9 12 0 1 0 3 13 3 2 2 7 11 12 6 
8 1 19 14 8 0 20 16 20 18 14 19 15 11 12 71 17 0 0 16 8 7 7 15 14 20 15 14 19 18 4 16 5 20 2 3 5 8 1 8 0 13 2 18 8 
13 10 6 5 12 18 15 6 8 1 4 13 3 6 0 17 19 1 19 15 18 17 8 20 9 14 1 10 15 10 19 0 13 8 20 11 12 19 12 1 11 6 5 6 7 
14 11 3 16 8 3 11 5 16 8 14 14 6 16 15 0 1 77 10 12 17 17 17 7 12 2 9 5 9 10 2 10 14 17 8 1 9 1 14 14 2 17 6 7 20 
18 14 18 14 4 0 3 13 0 5 0 2 7 12 0 0 19 10 1 9 6 13 4 12 15 3 7 15 2 20 2 20 3 1 1 6 7 3 7 18 12 14 9 4 1 
18 15 12 8 5 14 4 11 19 11 10 7 13 14 1 16 15 12 9 3 15 5 13 9 5 0 8 13 10 2 10 15 15 19 9 3 10 13 10 16 12 0 1 8 12 
9 15 17 3 11 14 8 1 9 13 13 15 18 11 9 8 18 17 6 15 82 20 11 4 15 11 1 16 0 12 5 6 17 18 10 5 3 13 15 5 19 6 9 19 14 
9 13 5 17 4 14 8 7 14 14 19 5 1 7 10 7 17 17 13 5 20 36 18 19 10 14 2 8 20 5 11 9 5 16 14 20 2 5 9 18 19 14 10 3 4 
17 10 0 19 15 17 0 20 5 3 5 4 9 5 18 7 8 17 4 13 11 18 43 6 7 20 13 10 6 18 9 17 20 8 5 8 0 7 18 0 9 3 16 2 3 
6 17 2 17 13 8 4 10 8 20 20 11 5 19 4 15 20 7 12 9 4 19 6 100 19 13 2 20 14 11 15 8 14 13 18 11 12 10 0 13 19 0 14 17 12 
19 7 17 10 20 16 8 0 8 17 6 1 0 14 16 14 9 12 15 5 15 10 7 19 35 3 4 9 10 19 15 20 1 7 9 3 8 8 1 4 6 5 16 4 20 
13 10 2 12 6 4 14 4 15 13 7 20 7 11 3 20 14 2 3 0 11 14 20 13 3 21 9 11 11 0 14 11 3 19 14 11 7 6 1 6 4 13 13 0 17 
12 20 4 20 9 18 2 15 13 17 6 10 1 9 13 15 1 9 7 8 1 2 13 2 4 9 78 15 14 7 9 3 16 17 10 7 11 15 18 2 12 9 16 3 7 
5 12 12 18 2 18 17 11 7 4 12 4 8 10 7 14 10 5 15 13 16 8 10 20 9 11 15 96 12 13 4 15 0 17 12 1 17 15 15 7 2 11 18 1 15 
20 14 12 20 7 16 11 12 0 11 20 17 13 16 16 19 15 9 2 10 0 20 6 14 10 11 14 12 96 13 19 4 10 17 3 16 5 5 8 18 17 1 12 8 13 
8 9 2 9 1 7 3 4 10 15 3 16 2 1 18 18 10 10 20 2 12 5 18 11 19 0 7 13 13 26 13 0 1 3 14 15 5 14 9 7 14 15 3 2 10 
8 10 12 17 8 11 10 19 19 18 11 18 14 7 11 4 19 2 2 10 5 11 9 15 15 14 9 4 19 13 6 0 16 2 2 9 8 20 3 17 16 11 5 3 18 
12 20 15 1 14 8 11 13 7 2 8 16 10 8 9 16 0 10 20 15 6 9 17 8 20 11 3 15 4 0 0 85 7 11 4 3 6 10 15 16 0 6 14 18 3 
8 12 6 17 14 4 9 13 12 12 16 11 18 11 12 5 13 14 3 15 17 5 20 14 1 3 16 0 10 1 16 7 12 3 18 15 14 14 5 1 20 4 19 15 1 
9 0 4 9 0 5 3 16 20 20 2 10 5 3 0 20 8 17 1 19 18 16 8 13 7 19 17 17 17 3 2 11 3 20 16 10 13 20 16 5 15 11 16 9 10 
0 12 18 20 20 20 3 7 10 10 17 9 20 18 1 2 20 8 1 9 10 14 5 18 9 14 10 12 3 14 2 4 18 16 5 10 12 5 19 1 6 7 5 19 18 
4 20 5 2 20 17 9 0 19 14 2 14 10 13 0 3 11 1 6 3 5 20 8 11 3 11 7 1 16 15 9 3 15 10 10 21 16 8 0 14 19 8 15 17 14 
5 15 9 15 13 12 1 13 12 11 4 10 10 14 3 5 12 9 7 10 3 2 0 12 8 7 11 17 5 5 8 6 14 13 12 16 81 5 6 15 12 10 3 8 15 
7 2 11 1 14 19 4 4 17 10 14 7 17 13 13 8 19 1 3 13 13 5 7 10 8 6 15 15 5 14 20 10 14 20 5 8 5 28 18 16 9 10 0 5 6 
4 18 8 9 13 4 1 11 1 0 2 6 4 16 3 1 12 14 7 10 15 9 18 0 1 1 18 15 8 9 3 15 5 16 19 0 6 18 49 19 6 1 2 3 14 
3 4 9 11 0 3 11 0 8 8 6 1 7 14 2 8 1 14 18 16 5 18 0 13 4 6 2 7 18 7 17 16 1 5 1 14 15 16 19 27 16 15 7 0 16 
17 3 13 11 8 11 16 4 11 7 20 15 7 9 2 0 11 2 12 12 19 19 9 19 6 4 12 2 17 14 16 0 20 15 6 19 12 9 6 16 19 3 10 11 9 
18 17 20 1 4 9 19 20 8 14 11 1 10 5 7 13 6 17 14 0 6 14 3 0 5 13 9 11 1 15 11 6 4 11 7 8 10 10 1 15 3 4 6 10 10 
11 10 19 8 6 17 10 19 0 20 1 11 11 8 11 2 5 6 9 1 9 10 16 14 16 13 16 18 12 3 5 14 19 16 5 15 3 0 2 7 10 6 59 18 4 
9 5 8 8 17 0 15 2 0 1 4 19 19 19 12 18 6 7 4 8 19 3 2 17 4 0 3 1 8 2 3 18 15 9 19 17 8 5 3 0 11 10 18 26 16 
12 8 16 16 16 0 6 7 12 14 5 8 10 19 6 8 7 20 1 12 14 4 3 12 20 17 7 15 13 10 18 3 1 10 18 14 15 6 14 16 9 10 4 16 92 
