91 14
71 21 22 17 37 34 27 28 8 42 37 27 41 42 18 27 29 51 22 48 43 28 5 12 37 35 26 50 68 42 63 48 49 26 31 57 5 38 48 28 42 24 41 26 21 45 14 34 5 31 35 16 15 4 21 63 46 56 31 59 41 39 63 54 75 57 62 39 44 70 49 27 48 31 28 52 54 56 33 38 64 29 7 18 39 46 42 65 30 46 45 
21 84 24 36 26 13 22 6 23 33 41 30 27 35 18 41 10 39 13 38 48 6 16 15 17 18 27 29 51 22 48 43 28 5 12 37 24 19 28 9 24 25 24 23 12 24 7 26 17 27 47 11 32 26 0 41 26 36 17 40 29 22 42 34 58 46 41 18 24 49 29 21 30 23 13 32 46 34 11 19 43 11 18 21 23 36 28 45 29 30 26 
22 24 36 24 17 33 7 29 30 21 17 6 24 57 35 50 34 63 35 62 64 29 19 29 41 42 45 49 75 46 72 65 46 25 36 57 27 29 51 22 48 43 28 5 12 37 19 48 24 48 57 13 19 23 24 61 36 56 41 45 23 26 52 56 81 70 58 36 46 69 52 43 35 12 18 43 69 53 32 42 64 36 27 37 47 26 26 52 8 29 34 
17 36 24 55 42 49 32 43 22 45 31 26 49 59 35 35 45 68 40 65 56 43 20 30 53 52 42 65 85 58 81 65 64 41 48 73 18 50 64 41 59 41 51 30 32 58 29 51 22 48 43 28 5 12 37 78 58 72 49 69 47 49 75 71 92 74 77 54 61 86 65 44 58 37 39 65 70 71 48 55 80 46 24 35 56 50 51 76 31 54 56 
37 26 17 42 58 29 10 29 43 6 25 18 7 62 44 63 35 64 40 64 74 29 32 39 38 41 53 42 70 42 69 70 37 25 35 48 42 18 46 19 45 51 13 12 16 25 27 52 36 54 70 21 37 39 27 51 22 48 43 28 5 12 37 49 76 71 47 29 40 58 47 48 19 5 13 30 72 43 28 39 54 37 39 46 46 9 9 35 13 12 20 
34 13 33 49 29 103 29 6 36 35 49 38 25 36 27 52 10 35 20 36 53 6 29 26 10 13 34 16 42 13 40 43 15 8 8 24 37 13 18 11 16 32 19 31 20 14 20 27 30 31 56 22 45 39 13 29 17 23 17 32 29 19 31 22 48 43 28 5 12 37 18 26 23 27 16 20 44 21 1 10 31 11 30 30 18 36 25 35 36 27 18 
27 22 7 32 10 29 45 26 34 14 20 10 17 57 37 54 32 61 35 61 67 26 23 31 38 39 47 44 71 42 69 65 41 22 33 52 32 22 47 18 44 45 20 2 10 30 20 48 27 49 62 13 27 29 22 55 29 51 40 37 15 19 45 51 77 69 52 31 41 63 48 43 28 5 12 37 68 47 28 39 58 34 30 39 44 19 19 45 7 22 26 
28 6 29 43 29 6 26 96 29 35 46 35 27 33 21 45 6 35 14 35 49 0 23 19 11 13 29 22 45 16 42 41 21 4 6 30 31 16 22 9 18 27 22 28 17 20 14 24 23 27 50 17 39 32 6 35 22 29 14 37 30 21 37 27 51 42 34 11 17 42 22 21 27 26 15 27 43 28 5 12 37 8 24 24 18 37 27 41 34 30 23 
8 23 30 22 43 36 34 29 87 49 45 35 47 36 13 20 28 46 19 42 35 29 11 10 36 33 19 50 65 41 60 42 50 28 31 57 4 42 46 31 40 18 46 33 27 48 17 29 7 25 27 22 21 10 23 63 49 56 29 63 48 44 66 54 72 51 63 41 44 70 47 22 53 38 33 55 48 57 34 38 64 28 5 12 37 53 48 69 38 51 49 
42 33 21 45 6 35 14 35 49 56 23 19 11 68 50 69 42 70 47 71 80 35 38 45 45 48 60 47 76 48 75 76 42 31 42 53 47 23 52 26 51 58 18 16 22 29 33 59 42 61 76 27 40 43 33 56 26 53 50 29 6 17 39 54 81 78 51 35 46 62 53 55 22 10 20 33 79 48 34 45 59 43 45 53 52 5 12 37 14 14 24 
37 41 17 31 25 49 20 46 45 23 10 11 32 75 52 63 52 80 52 79 80 46 35 46 57 59 62 65 91 62 89 82 60 42 53 72 41 42 67 38 64 60 38 18 29 49 36 66 40 65 71 30 27 36 41 75 47 71 58 52 29 37 61 71 97 87 72 51 62 83 68 60 44 22 32 55 86 67 48 59 78 53 43 54 64 28 34 60 12 37 45 
27 30 6 26 18 38 10 35 35 19 11 25 26 64 41 54 40 69 41 68 70 35 25 35 47 48 51 54 81 51 78 71 51 31 42 62 32 32 57 27 53 49 30 7 18 40 25 54 29 54 62 19 21 27 30 66 39 61 47 46 23 29 54 61 87 76 62 41 51 73 57 49 37 14 22 47 75 57 37 48 68 42 33 43 53 25 28 54 5 31 37 
41 27 24 49 7 25 17 27 47 11 32 26 74 60 45 66 33 61 40 62 75 27 36 41 35 39 54 36 65 38 64 68 31 23 33 42 46 12 41 18 41 52 6 19 19 18 29 51 39 54 73 24 43 44 27 44 15 41 41 20 4 6 29 43 70 69 40 24 35 51 42 48 12 12 13 22 70 36 25 35 48 35 42 48 43 10 2 28 21 5 12 
42 35 57 59 62 36 57 33 36 68 75 64 60 43 24 36 26 13 22 6 23 33 41 30 27 22 17 37 34 27 28 8 42 37 27 41 40 49 29 42 24 18 55 58 47 49 38 9 37 11 36 44 57 46 35 46 52 40 18 67 64 54 63 36 41 15 50 39 32 51 30 15 58 59 48 54 11 44 36 28 45 25 34 23 19 70 61 68 64 63 54 
18 18 35 35 44 27 37 21 13 50 52 41 45 24 45 24 17 33 7 29 30 21 17 6 24 21 10 38 51 29 46 31 40 22 20 46 17 37 34 27 28 8 42 37 27 41 16 16 13 13 29 23 33 22 17 51 43 45 16 58 47 40 58 42 58 38 52 32 33 59 35 9 48 39 31 48 36 46 26 26 52 16 10 3 24 53 46 62 43 49 43 
27 41 50 35 63 52 54 45 20 69 63 54 66 36 24 34 42 49 32 43 22 45 31 26 49 45 21 63 70 52 64 39 65 46 45 70 22 60 57 50 51 22 65 53 47 65 37 34 27 28 8 42 37 27 41 75 67 69 39 82 68 63 83 65 77 51 77 57 57 82 58 29 71 58 53 72 46 70 50 51 76 41 24 21 46 73 68 87 58 71 67 
29 10 34 45 35 10 32 6 28 42 52 40 33 26 17 42 74 29 10 29 43 6 25 18 7 7 24 21 41 13 37 35 22 10 3 29 30 22 19 16 13 22 28 34 22 24 17 17 23 21 47 21 42 34 10 34 27 28 8 42 37 27 41 25 47 36 35 15 16 42 19 16 33 32 22 31 37 28 9 9 35 1 23 20 12 43 34 45 40 36 28 
51 39 63 68 64 35 61 35 46 70 80 69 61 13 33 49 29 69 29 6 36 35 49 38 25 22 29 30 21 23 15 15 36 39 28 32 51 48 22 44 19 29 55 63 51 46 44 17 46 22 49 50 66 56 39 37 50 32 21 63 65 54 57 27 28 8 42 37 27 41 23 24 56 61 50 49 11 37 36 25 35 27 44 34 17 71 61 63 69 62 52 
22 13 35 40 40 20 35 14 19 47 52 41 40 22 7 32 10 29 54 26 34 14 20 10 17 14 14 31 45 21 41 30 33 17 13 38 23 31 27 22 20 12 37 36 25 34 16 13 17 13 36 22 37 27 13 44 37 37 9 51 43 35 51 34 52 35 45 25 25 51 28 8 42 37 27 41 34 38 19 19 45 9 15 10 17 50 41 55 42 44 37 
48 38 62 65 64 36 61 35 42 71 79 68 62 6 29 43 29 6 26 56 29 35 46 35 27 23 24 34 28 26 21 9 40 39 29 37 47 50 26 45 22 24 56 62 51 49 42 13 43 17 42 48 63 52 38 42 52 37 21 66 66 55 61 32 34 8 47 39 31 47 27 20 59 61 51 53 8 42 37 27 41 27 40 30 19 72 62 67 68 64 54 
43 48 64 56 74 53 67 49 35 80 80 70 75 23 30 22 43 36 34 29 16 49 45 35 47 42 20 59 57 49 50 21 63 51 45 64 39 65 52 57 46 22 71 67 58 68 47 27 40 22 17 53 56 45 47 69 71 63 37 85 77 70 84 59 63 34 73 58 54 75 53 27 76 70 61 74 28 67 53 48 69 42 37 27 41 83 76 89 72 78 72 
28 6 29 43 29 6 26 0 29 35 46 35 27 33 21 45 6 35 14 35 49 84 23 19 11 13 29 22 45 16 42 41 21 4 6 30 31 16 22 9 18 27 22 28 17 20 14 24 23 27 50 17 39 32 6 35 22 29 14 37 30 21 37 27 51 42 34 11 17 42 22 21 27 26 15 27 43 28 5 12 37 8 24 24 18 37 27 41 34 30 23 
5 16 19 20 32 29 23 23 11 38 35 25 36 41 17 31 25 49 20 46 45 23 74 11 32 31 26 45 65 38 60 48 44 21 27 53 9 33 44 23 38 24 36 22 16 40 9 32 4 30 38 11 17 9 16 58 40 52 28 53 37 34 57 50 72 55 57 34 40 66 44 26 43 27 23 47 53 51 28 34 60 25 8 18 36 42 38 60 27 41 40 
12 15 29 30 39 26 31 19 10 45 46 35 41 30 6 26 18 38 10 35 35 19 11 55 26 23 16 40 56 30 51 37 40 20 21 47 13 34 36 24 30 14 38 31 22 39 11 21 7 19 32 17 27 17 14 53 41 46 19 55 42 37 57 44 62 44 53 31 34 60 37 15 45 34 27 46 42 47 25 28 54 18 5 8 27 48 42 60 37 45 41 
37 17 41 53 38 10 38 11 36 45 57 47 35 27 24 49 7 25 17 27 47 11 32 26 82 4 29 14 34 5 31 34 16 15 5 21 38 23 11 19 6 27 29 39 28 22 24 19 31 24 52 28 49 41 17 27 25 20 10 40 39 29 37 17 40 33 28 12 8 34 12 20 32 37 26 27 35 21 10 2 28 8 31 27 8 46 35 42 45 37 27 
35 18 42 52 41 13 39 13 33 48 59 48 39 22 21 45 7 22 14 23 42 13 31 23 4 48 24 17 33 7 29 30 21 17 6 24 36 26 13 22 6 23 33 41 30 27 24 14 30 20 48 29 49 40 17 30 30 23 5 44 43 32 41 20 40 30 32 16 12 37 14 16 36 39 28 32 31 25 14 6 31 6 29 24 4 49 39 46 47 41 31 
26 27 45 42 53 34 47 29 19 60 62 51 54 17 10 21 24 29 14 24 20 29 26 16 29 24 73 42 49 32 43 22 45 31 26 49 24 45 36 36 30 2 51 47 37 48 26 13 22 6 23 33 41 30 27 54 51 48 19 66 57 49 65 44 56 32 57 39 37 61 37 8 56 49 41 55 28 50 33 30 54 22 19 8 25 63 55 69 53 58 52 
50 29 49 65 42 16 44 22 50 47 65 54 36 37 38 63 21 30 31 34 59 22 45 40 14 17 42 53 29 10 29 43 6 25 18 7 52 24 8 27 13 41 29 47 37 19 36 31 45 37 66 38 61 54 28 13 22 6 23 33 41 30 27 6 33 38 14 13 5 20 7 34 28 42 32 19 42 8 18 12 14 22 45 41 18 47 35 33 52 36 25 
68 51 75 85 70 42 71 45 65 76 91 81 65 34 51 70 41 21 45 28 57 45 65 56 34 33 49 29 26 29 6 36 35 49 38 25 68 52 24 53 27 49 58 73 62 48 58 36 63 42 70 62 82 73 51 26 51 25 36 61 70 59 52 22 6 23 33 41 30 27 23 43 57 70 59 47 30 32 43 32 23 40 61 53 29 76 64 58 79 65 54 
42 22 46 58 42 13 42 16 41 48 62 51 38 27 29 52 13 23 21 26 49 16 38 30 5 7 32 10 29 44 26 34 14 20 10 17 43 25 6 24 3 31 32 44 33 23 30 21 36 27 55 33 55 46 22 22 26 16 13 40 42 31 36 13 35 31 24 14 5 30 6 23 33 41 30 27 34 18 14 3 23 12 36 31 7 49 38 41 50 39 29 
63 48 72 81 69 40 69 42 60 75 89 78 64 28 46 64 37 15 41 21 50 42 60 51 31 29 43 29 6 26 13 29 35 46 35 27 63 51 22 50 24 44 57 70 59 47 54 31 58 36 64 59 78 68 47 29 51 26 32 62 69 57 54 23 13 17 36 40 28 31 22 37 57 68 57 48 23 33 41 30 27 36 56 47 25 75 64 60 76 65 54 
48 43 65 65 70 43 65 41 42 76 82 71 68 8 31 39 35 15 30 9 21 41 48 37 34 30 22 43 36 34 29 47 49 45 35 47 46 57 35 50 31 24 63 66 55 57 46 17 44 17 36 52 63 52 43 51 60 46 26 74 72 62 70 41 42 13 56 47 39 56 36 22 66 67 56 61 6 51 44 35 50 33 41 30 27 78 69 76 72 71 62 
49 28 46 64 37 15 41 21 50 42 60 51 31 42 40 65 22 36 33 40 63 21 44 40 16 21 45 6 35 14 35 49 66 23 19 11 52 19 14 24 18 44 24 43 34 13 35 35 45 41 69 36 60 54 28 14 16 10 26 26 35 24 21 12 39 44 13 10 9 22 13 37 22 38 28 13 48 6 16 15 17 23 45 43 22 41 30 27 48 30 19 
26 5 25 41 25 8 22 4 28 31 42 31 23 37 22 46 10 39 17 39 51 4 21 20 15 17 31 25 49 20 46 45 23 82 11 32 29 14 25 5 22 29 19 24 13 19 12 27 22 30 52 13 36 31 5 37 21 31 18 35 26 18 37 31 55 47 36 13 20 45 26 24 25 22 11 26 47 30 6 16 39 12 23 25 22 33 24 40 30 27 21 
31 12 36 48 35 8 33 6 31 42 53 42 33 27 20 45 3 28 13 29 45 6 27 21 5 6 26 18 38 10 35 35 19 11 60 26 33 21 16 16 11 24 27 35 24 22 19 19 26 23 49 23 44 36 12 31 25 25 8 40 37 26 38 22 45 36 32 12 13 39 17 18 31 33 22 28 37 25 8 6 32 3 26 23 11 43 33 43 41 35 27 
57 37 57 73 48 24 52 30 57 53 72 62 42 41 46 70 29 32 38 37 64 30 53 47 21 24 49 7 25 17 27 47 11 32 26 54 60 30 12 34 18 48 35 54 44 24 44 37 52 43 72 46 69 62 36 5 27 1 30 35 47 36 26 5 28 39 9 20 13 13 11 40 33 49 39 22 44 6 25 19 6 29 52 48 23 52 41 33 59 41 30 
5 24 27 18 42 37 32 31 4 47 41 32 46 40 17 22 30 51 23 47 39 31 9 13 38 36 24 52 68 43 63 46 52 29 33 60 49 42 49 32 43 22 45 31 26 49 17 33 7 29 30 21 17 6 24 65 50 59 32 63 46 43 66 56 75 55 65 42 47 73 50 26 53 36 33 56 52 59 36 40 66 30 7 17 40 51 47 69 35 51 49 
38 19 29 50 18 13 22 16 42 23 42 32 12 49 37 60 22 48 31 50 65 16 33 34 23 26 45 24 52 25 51 57 19 14 21 30 42 35 29 10 29 43 6 25 18 7 24 40 35 44 66 22 45 42 19 33 7 29 30 21 17 6 24 31 57 56 30 11 22 41 29 38 10 19 11 15 58 25 13 23 36 24 37 40 31 23 12 26 29 14 6 
48 28 51 64 46 18 47 22 46 52 67 57 41 29 34 57 19 22 27 26 52 22 44 36 11 13 36 8 24 6 22 35 14 25 16 12 49 29 67 29 6 36 35 49 38 25 36 24 42 31 60 39 61 53 28 17 29 11 18 41 46 35 35 7 29 30 21 17 6 24 1 28 35 46 35 27 34 15 19 9 18 18 42 37 11 52 41 41 55 42 31 
28 9 22 41 19 11 18 9 31 26 38 27 18 42 27 50 16 44 22 45 57 9 23 24 19 22 36 27 53 24 50 50 24 5 16 34 32 10 29 15 26 34 14 20 10 17 14 33 24 36 56 13 36 32 9 38 17 33 24 31 21 13 34 33 59 52 36 13 23 46 29 30 21 17 6 24 53 31 9 20 41 17 26 30 27 27 19 37 25 21 17 
42 24 48 59 45 16 44 18 40 51 64 53 41 24 28 51 13 19 20 22 46 18 38 30 6 6 30 13 27 3 24 31 18 22 11 18 43 29 6 26 59 29 35 46 35 27 31 18 37 24 53 35 56 47 24 24 30 17 12 44 46 35 39 14 33 27 27 17 8 31 7 21 37 44 32 30 30 21 17 6 24 13 36 30 4 52 41 45 52 43 32 
24 25 43 41 51 32 45 27 18 58 60 49 52 18 8 22 22 29 12 24 22 27 24 14 27 23 2 41 49 31 44 24 44 29 24 48 22 43 36 34 29 60 49 45 35 47 24 12 20 7 24 31 39 28 25 53 49 47 17 64 55 47 63 43 56 33 55 37 36 60 36 7 54 47 39 53 29 49 31 29 54 21 17 6 24 61 53 68 51 56 50 
41 24 28 51 13 19 20 22 46 18 38 30 6 55 42 65 28 55 37 56 71 22 36 38 29 33 51 29 58 32 57 63 24 19 27 35 45 6 35 14 35 49 42 23 19 11 28 46 38 50 71 24 46 44 24 37 8 34 36 17 11 2 24 36 63 63 33 18 29 44 35 44 7 16 12 16 64 29 19 29 41 30 41 45 37 17 6 24 26 7 6 
26 23 5 30 12 31 2 28 33 16 18 7 19 58 37 53 34 63 36 62 67 28 22 31 39 41 47 47 73 44 70 66 43 24 35 54 31 25 49 20 46 45 23 34 11 32 20 49 26 49 61 14 24 27 24 58 31 53 41 40 17 21 47 53 79 70 55 33 43 65 50 44 30 7 14 39 69 50 29 40 61 35 30 39 46 21 21 47 6 24 29 
21 12 12 32 16 20 10 17 27 22 29 18 19 47 27 47 22 51 25 51 58 17 16 22 28 30 37 37 62 33 59 55 34 13 24 44 26 18 38 10 35 35 19 11 12 26 10 38 20 39 54 5 27 24 12 49 26 44 30 37 20 17 43 43 68 59 46 24 33 57 39 33 27 12 7 33 58 41 19 29 51 24 23 30 35 26 21 44 17 24 24 
45 24 37 58 25 14 30 20 48 29 49 40 18 49 41 65 24 46 34 49 68 20 40 39 22 27 48 19 48 23 47 57 13 19 22 24 49 7 25 17 27 47 11 32 26 49 31 41 41 46 71 30 53 49 24 26 3 23 31 17 23 12 17 25 52 54 22 10 19 33 25 41 10 26 18 7 57 18 15 21 29 26 43 44 30 28 17 21 37 17 6 
14 7 19 29 27 20 20 14 17 33 36 25 29 38 16 37 17 44 16 42 47 14 9 11 24 24 26 36 58 30 54 46 35 12 19 44 17 24 36 14 31 24 28 20 10 31 85 29 10 29 43 6 25 18 7 49 32 43 22 45 31 26 49 42 64 51 48 25 32 57 36 23 35 22 16 38 50 42 19 26 51 18 12 19 29 37 31 51 26 34 31 
34 26 48 51 52 27 48 24 29 59 66 54 51 9 16 34 17 17 13 13 27 24 32 21 19 14 13 31 36 21 31 17 35 27 19 37 33 40 24 33 18 12 46 49 38 41 29 99 29 6 36 35 49 38 25 42 44 36 10 59 54 45 56 32 43 22 45 31 26 49 25 6 50 49 39 46 20 39 27 20 42 16 26 16 13 61 51 61 55 54 46 
5 17 24 22 36 30 27 23 7 42 40 29 39 37 13 27 23 46 17 43 40 23 4 7 31 30 22 45 63 36 58 44 45 22 26 52 7 35 42 24 37 20 38 26 20 41 10 29 64 26 34 14 20 10 17 58 42 51 26 56 40 36 59 49 69 52 58 35 39 65 43 22 45 31 26 49 49 51 28 33 59 23 3 14 34 46 41 62 32 44 42 
31 27 48 48 54 31 49 27 25 61 65 54 54 11 13 28 21 22 13 17 22 27 30 19 24 20 6 37 42 27 36 17 41 30 23 43 29 44 31 36 24 7 50 49 39 46 29 6 26 87 29 35 46 35 27 49 49 42 14 63 57 48 61 38 49 26 52 36 32 55 32 5 54 50 41 51 22 45 31 26 49 20 23 12 19 63 54 66 55 57 50 
35 47 57 43 70 56 62 50 27 76 71 62 73 36 29 8 47 49 36 42 17 50 38 32 52 48 23 66 70 55 64 36 69 52 49 72 30 66 60 56 53 24 71 61 54 71 43 36 34 29 45 49 45 35 47 78 73 71 42 87 75 69 88 68 77 49 80 61 60 85 61 32 77 65 59 77 43 74 55 54 78 45 31 26 49 80 74 92 66 77 73 
16 11 13 28 21 22 13 17 22 27 30 19 24 44 23 42 21 50 22 48 53 17 11 17 28 29 33 38 62 33 59 52 36 13 23 46 21 22 39 13 35 31 24 14 5 30 6 35 14 35 49 91 23 19 11 51 30 45 28 42 25 22 47 44 68 57 49 26 34 59 40 30 32 16 12 37 56 43 20 30 53 22 17 25 34 31 26 49 20 29 29 
15 32 19 5 37 45 27 39 21 40 27 21 43 57 33 37 42 66 37 63 56 39 17 27 49 49 41 61 82 55 78 63 60 36 44 69 17 45 61 36 56 39 46 24 27 53 25 49 20 46 45 23 62 11 32 74 53 68 46 63 42 44 70 67 89 72 73 49 57 82 61 42 53 32 34 60 69 67 43 51 76 42 22 33 53 45 45 70 26 49 51 
4 26 23 12 39 39 29 32 10 43 36 27 44 46 22 27 34 56 27 52 45 32 9 17 41 40 30 54 73 46 68 52 54 31 36 62 6 42 53 32 47 28 44 27 24 49 18 38 10 35 35 19 11 53 26 67 50 61 36 62 44 42 67 59 80 61 67 44 49 75 53 32 52 33 32 56 58 61 37 43 69 34 12 22 44 48 45 69 31 49 49 
21 0 24 37 27 13 22 6 23 33 41 30 27 35 17 41 10 39 13 38 47 6 16 14 17 17 27 28 51 22 47 43 28 5 12 36 24 19 28 9 24 25 24 24 12 24 7 25 17 27 47 11 32 26 98 41 26 35 17 40 30 22 42 34 57 46 41 18 24 49 29 21 30 24 14 32 45 34 11 19 43 11 18 20 22 36 28 45 30 31 26 
63 41 61 78 51 29 55 35 63 56 75 66 44 46 51 75 34 37 44 42 69 35 58 53 27 30 54 13 26 22 29 51 14 37 31 5 65 33 17 38 24 53 37 58 49 26 49 42 58 49 78 51 74 67 41 58 29 6 36 35 49 38 25 10 29 43 6 25 18 7 16 46 34 52 43 23 48 8 30 25 3 35 58 54 29 54 43 32 62 43 32 
46 26 36 58 22 17 29 22 49 26 47 39 15 52 43 67 27 50 37 52 71 22 40 41 25 30 51 22 51 26 51 60 16 21 25 27 50 7 29 17 30 49 8 31 26 3 32 44 42 49 73 30 53 50 26 29 21 26 34 14 20 10 17 29 55 58 24 13 23 36 29 43 6 25 18 7 60 21 17 25 32 28 44 46 33 25 14 19 35 14 2 
56 36 56 72 48 23 51 29 56 53 71 61 41 40 45 69 28 32 37 37 63 29 52 46 20 23 48 6 25 16 26 46 10 31 25 1 59 29 11 33 17 47 34 53 44 23 43 36 51 42 71 45 68 61 35 6 26 58 29 35 46 35 27 4 29 39 10 20 12 14 10 39 32 48 38 22 43 6 25 18 7 28 51 47 22 52 40 33 58 40 29 
31 17 41 49 43 17 40 14 29 50 58 47 41 18 16 39 8 21 9 21 37 14 28 19 10 5 19 23 36 13 32 26 26 18 8 30 32 30 18 24 12 17 36 41 30 31 22 10 26 14 42 28 46 36 17 36 34 29 87 49 45 35 47 26 43 29 38 21 18 43 19 10 40 40 30 37 29 31 17 11 36 6 25 18 7 51 42 52 47 44 36 
59 40 45 69 28 32 37 37 63 29 52 46 20 67 58 82 42 63 51 66 85 37 53 55 40 44 66 33 61 40 62 74 26 35 40 35 63 21 41 31 44 64 17 40 37 17 45 59 56 63 87 42 63 62 40 35 14 35 49 13 23 19 11 39 64 71 29 27 35 39 40 58 10 32 30 13 74 29 32 39 38 43 58 61 47 25 18 7 41 15 14 
41 29 23 47 5 29 15 30 48 6 29 23 4 64 47 68 37 65 43 66 77 30 37 42 39 43 57 41 70 42 69 72 35 26 37 47 46 17 46 21 46 55 11 17 20 23 31 54 40 57 75 25 42 44 30 49 20 46 45 23 50 11 32 48 75 73 44 29 40 56 46 51 16 10 15 27 74 41 29 39 52 38 43 50 47 6 6 31 18 7 17 
39 22 26 49 12 19 19 21 44 17 37 29 6 54 40 63 27 54 35 55 70 21 34 37 29 32 49 30 59 31 57 62 24 18 26 36 43 6 35 13 35 47 2 21 17 12 26 45 36 48 69 22 44 42 22 38 10 35 35 19 11 37 26 37 63 62 34 17 29 46 35 43 9 14 10 18 63 30 18 29 42 29 39 43 37 17 6 26 25 8 7 
63 42 52 75 37 31 45 37 66 39 61 54 29 63 58 83 41 57 51 61 84 37 57 57 37 41 65 27 52 36 54 70 21 37 38 26 66 24 35 34 39 63 24 47 43 17 49 56 59 61 88 47 70 67 42 25 17 27 47 11 32 26 15 31 54 65 19 26 30 29 34 57 17 40 35 10 69 20 32 35 29 42 61 61 43 35 27 6 50 25 18 
54 34 56 71 49 22 51 27 54 54 71 61 43 36 42 65 25 27 34 32 59 27 50 44 17 20 44 6 22 13 23 41 12 31 22 5 56 31 7 33 14 43 36 53 43 25 42 32 49 38 68 44 67 59 34 10 29 4 26 39 48 37 31 58 26 34 14 20 10 17 6 36 35 49 38 25 39 10 24 16 10 25 49 44 18 54 42 37 59 43 31 
75 58 81 92 76 48 77 51 72 81 97 87 70 41 58 77 47 28 52 34 63 51 72 62 40 40 56 33 6 35 13 42 39 55 45 28 75 57 29 59 33 56 63 79 68 52 64 43 69 49 77 68 89 80 57 29 55 29 43 64 75 63 54 26 13 29 35 46 35 27 29 50 61 75 64 51 36 35 49 38 25 46 68 60 35 80 69 61 85 69 58 
57 46 70 74 71 43 69 42 51 78 87 76 69 15 38 51 36 8 35 8 34 42 55 44 33 30 32 38 23 31 17 13 44 47 36 39 55 56 30 52 27 33 63 70 59 54 51 22 52 26 49 57 72 61 46 43 58 39 29 71 73 62 65 34 29 72 49 45 35 47 30 29 64 69 58 57 6 44 44 33 41 35 49 38 25 79 69 71 76 70 60 
62 41 58 77 47 28 52 34 63 51 72 62 40 50 52 77 35 42 45 47 73 34 57 53 28 32 57 14 33 24 36 56 13 36 32 9 65 30 21 36 27 55 33 55 46 22 48 45 58 52 80 49 73 67 41 6 24 10 38 29 44 34 19 14 35 49 70 23 19 11 20 48 29 49 40 17 53 6 29 26 10 36 58 55 32 49 38 25 59 38 27 
39 18 36 54 29 5 31 11 41 35 51 41 24 39 32 57 15 37 25 39 58 11 34 31 12 16 39 13 41 14 40 47 10 13 12 20 42 11 17 13 17 37 18 33 24 10 25 31 35 36 61 26 49 44 18 25 13 20 21 27 29 17 26 20 46 45 23 99 11 32 17 31 19 29 18 16 47 17 6 11 27 16 36 35 20 35 24 30 38 25 15 
44 24 46 61 40 12 41 17 44 46 62 51 35 32 33 57 16 27 25 31 54 17 40 34 8 12 37 5 30 5 28 39 9 20 13 13 47 22 6 23 8 36 29 43 33 19 32 26 39 32 60 34 57 49 24 18 23 12 18 35 40 29 30 10 35 35 19 11 77 26 6 28 29 40 29 22 38 13 14 6 19 16 39 36 13 46 35 36 49 36 25 
70 49 69 86 58 37 63 42 70 62 83 73 51 51 59 82 42 41 51 47 75 42 66 60 34 37 61 20 27 30 31 56 22 45 39 13 73 41 24 46 31 60 44 65 57 33 57 49 65 55 85 59 82 75 49 7 36 14 43 39 56 46 29 17 27 47 11 32 26 51 23 53 40 60 50 29 52 15 38 32 6 42 65 61 36 60 50 35 70 49 38 
49 29 52 65 47 18 48 22 47 53 68 57 42 30 35 58 19 23 28 27 53 22 44 37 12 14 37 7 23 6 22 36 13 26 17 11 50 29 1 29 7 36 35 50 39 25 36 25 43 32 61 40 61 53 29 16 29 10 19 40 46 35 34 6 29 30 20 17 6 23 53 29 35 46 35 27 34 14 20 10 17 19 43 38 12 52 41 40 55 42 31 
27 21 43 44 48 26 43 21 22 55 60 49 48 15 9 29 16 24 8 20 27 21 26 15 20 16 8 34 43 23 37 22 37 24 18 40 26 38 28 30 21 7 44 44 33 41 23 6 22 5 32 30 42 32 21 46 43 39 10 58 51 43 57 36 50 29 48 31 28 53 29 69 49 45 35 47 26 42 26 22 46 14 20 10 17 57 49 61 50 51 44 
48 30 35 58 19 23 28 27 53 22 44 37 12 58 48 71 33 56 42 59 76 27 43 45 32 36 56 28 57 33 57 66 22 25 31 33 53 10 35 21 37 54 7 30 27 10 35 50 45 54 77 32 53 52 30 34 6 32 40 10 16 9 17 35 61 64 29 19 29 40 35 49 29 23 19 11 67 26 23 31 38 34 48 51 40 20 10 17 33 8 4 
31 23 12 37 5 27 5 26 38 10 22 14 12 59 39 58 32 61 37 61 70 26 27 34 37 39 49 42 70 41 68 67 38 22 33 49 36 19 46 17 44 47 16 7 12 26 22 49 31 50 65 16 32 33 24 52 25 48 40 32 10 14 40 49 75 69 49 29 40 60 46 45 23 40 11 32 69 44 26 38 55 34 34 42 44 14 14 40 10 17 22 
28 13 18 39 13 16 12 15 33 20 32 22 13 48 31 53 22 50 27 51 61 15 23 27 26 28 41 32 59 30 57 56 28 11 22 39 33 11 35 6 32 39 12 14 7 18 16 39 26 41 59 12 34 32 14 43 18 38 30 30 15 10 35 38 64 58 40 18 29 50 35 35 19 11 20 26 59 35 15 26 46 23 29 34 33 22 14 36 20 18 17 
52 32 43 65 30 20 37 27 55 33 55 47 22 54 48 72 31 49 41 53 74 27 47 46 27 32 55 19 47 27 48 61 13 26 28 22 56 15 27 24 30 53 16 39 33 7 38 46 49 51 77 37 60 56 32 23 7 22 37 13 27 18 10 25 51 57 17 16 22 29 27 47 11 32 26 34 60 16 21 26 26 32 50 51 34 31 21 14 43 20 10 
54 46 69 70 72 44 68 43 48 79 86 75 70 11 36 46 37 11 34 8 28 43 53 42 35 31 28 42 30 34 23 6 48 47 37 44 52 58 34 53 30 29 64 69 58 57 50 20 49 22 43 56 69 58 45 48 60 43 29 74 74 63 69 39 36 6 53 47 38 52 34 26 67 69 59 60 58 49 45 35 47 35 46 35 27 80 70 75 75 72 62 
56 34 53 71 43 21 47 28 57 48 67 57 36 44 46 70 28 37 38 42 67 28 51 47 21 25 50 8 32 18 33 51 6 30 25 6 59 25 15 31 21 49 29 50 41 18 42 39 51 45 74 43 67 61 34 8 21 6 31 29 41 30 20 10 35 44 6 17 13 15 14 42 26 44 35 16 49 71 23 19 11 29 52 49 26 46 35 27 54 35 24 
33 11 32 48 28 1 28 5 34 34 48 37 25 36 26 50 9 36 19 37 53 5 28 25 10 14 33 18 43 14 41 44 16 6 8 25 36 13 19 9 17 31 19 29 19 15 19 27 28 31 55 20 43 37 11 30 17 25 17 32 29 18 32 24 49 44 29 6 14 38 20 26 23 26 15 21 45 23 93 11 32 11 29 29 18 35 25 36 35 27 18 
38 19 42 55 39 10 39 12 38 45 59 48 35 28 26 51 9 25 19 27 48 12 34 28 2 6 30 12 32 3 30 35 15 16 6 19 40 23 9 20 6 29 29 40 29 21 26 20 33 26 54 30 51 43 19 25 25 18 11 39 39 29 35 16 38 33 26 11 6 32 10 22 31 38 26 26 35 19 11 71 26 10 33 29 8 46 35 41 46 37 27 
64 43 64 80 54 31 58 37 64 59 78 68 48 45 52 76 35 35 45 41 69 37 60 54 28 31 54 14 23 23 27 50 17 39 32 6 66 36 18 41 24 54 41 61 51 29 51 42 59 49 78 53 76 69 43 3 32 7 36 38 52 42 29 10 25 41 10 27 19 6 17 46 38 55 46 26 47 11 32 26 54 36 59 55 29 57 47 35 65 46 35 
29 11 36 46 37 11 34 8 28 43 53 42 35 25 16 41 1 27 9 27 42 8 25 18 8 6 22 22 40 12 36 33 23 12 3 29 30 24 18 17 13 21 30 35 24 26 18 16 23 20 45 22 42 34 11 35 28 28 6 43 38 29 42 25 46 35 36 16 16 42 19 14 34 34 23 32 35 29 11 10 36 98 23 19 11 45 35 47 41 37 30 
7 18 27 24 39 30 30 24 5 45 43 33 42 34 10 24 23 44 15 40 37 24 8 5 31 29 19 45 61 36 56 41 45 23 26 52 7 37 42 26 36 17 41 30 23 43 12 26 3 23 31 17 22 12 18 58 44 51 25 58 43 39 61 49 68 49 58 36 39 65 43 20 48 34 29 50 46 52 29 33 59 23 90 11 32 49 43 63 35 47 44 
18 21 37 35 46 30 39 24 12 53 54 43 48 23 3 21 20 34 10 30 27 24 18 8 27 24 8 41 53 31 47 30 43 25 23 48 17 40 37 30 30 6 45 39 30 44 19 16 14 12 26 25 33 22 20 54 46 47 18 61 50 43 61 44 60 38 55 35 36 61 38 10 51 42 34 51 35 49 29 29 55 19 11 71 26 56 49 65 45 52 47 
39 23 47 56 46 18 44 18 37 52 64 53 43 19 24 46 12 17 17 19 41 18 36 27 8 4 25 18 29 7 25 27 22 22 11 23 40 31 11 27 4 24 37 46 35 30 29 13 34 19 49 34 53 44 22 29 33 22 7 47 47 37 43 18 35 25 32 20 13 36 12 17 40 44 33 34 27 26 18 8 29 11 32 26 94 54 43 49 52 45 35 
46 36 26 50 9 36 19 37 53 5 28 25 10 70 53 73 43 71 50 72 83 37 42 48 46 49 63 47 76 49 75 78 41 33 43 52 51 23 52 27 52 61 17 21 26 28 37 61 46 63 80 31 45 48 36 54 25 52 51 25 6 17 35 54 80 79 49 35 46 60 52 57 20 14 22 31 80 46 35 46 57 45 49 56 54 46 11 32 19 11 22 
42 28 26 51 9 25 19 27 48 12 34 28 2 61 46 68 34 61 41 62 76 27 38 42 35 39 55 35 64 38 64 69 30 24 33 41 47 12 41 19 41 53 6 21 21 17 31 51 41 54 74 26 45 45 28 43 14 40 42 18 6 6 27 42 69 69 38 24 35 50 41 49 10 14 14 21 70 35 25 35 47 35 43 49 43 11 39 26 23 3 11 
65 45 52 76 35 35 45 41 69 37 60 54 28 68 62 87 45 63 55 67 89 41 60 60 42 46 69 33 58 41 60 76 27 40 43 33 69 26 41 37 45 68 24 47 44 21 51 61 62 66 92 49 70 69 45 32 19 33 52 7 31 26 6 37 61 71 25 30 36 35 40 61 17 40 36 14 75 27 36 41 35 47 63 65 49 32 26 22 49 23 19 
30 29 8 31 13 36 7 34 38 14 12 5 21 64 43 58 40 69 42 68 72 34 27 37 45 47 53 52 79 50 76 72 48 30 41 59 35 29 55 25 52 51 26 6 17 37 26 55 32 55 66 20 26 31 30 62 35 58 47 41 18 25 50 59 85 76 59 38 49 70 55 50 33 10 20 43 75 54 35 46 65 41 35 45 52 19 23 49 22 26 32 
46 30 29 54 12 27 22 30 51 14 37 31 5 63 49 71 36 62 44 64 78 30 41 45 37 41 58 36 65 39 65 71 30 27 35 41 51 14 42 21 43 56 7 24 24 17 34 54 44 57 77 29 49 49 31 43 14 40 44 15 7 8 25 43 69 70 38 25 36 49 42 51 8 17 18 20 72 35 27 37 46 37 47 52 45 11 3 23 26 65 11 
45 26 34 56 20 18 26 23 49 24 45 37 12 54 43 67 28 52 37 54 72 23 40 41 27 31 52 25 54 29 54 62 19 21 27 30 49 6 31 17 32 50 6 29 24 6 31 46 42 50 73 29 51 49 26 32 2 29 36 14 17 7 18 31 58 60 27 15 25 38 31 44 4 22 17 10 62 24 18 27 35 30 44 47 35 22 11 19 32 11 52 
