21 7
51 13 15 26 25 20 14 15 21 0 6 2 25 13 7 12 14 12 26 21 20 
13 29 13 15 14 11 25 28 25 12 19 15 21 0 6 10 12 16 16 12 10 
15 13 30 28 15 9 29 25 34 15 19 14 34 13 12 21 0 6 28 25 9 
26 15 28 43 21 22 34 40 25 25 31 28 14 14 20 15 27 31 0 6 21 
25 14 15 21 1 6 39 39 39 25 31 26 32 14 19 24 15 21 21 21 6 
20 11 9 22 6 12 34 33 36 20 25 20 32 11 14 21 8 15 23 21 0 
14 25 29 34 39 34 26 13 15 14 11 15 26 25 20 19 29 25 34 28 34 
15 28 25 40 39 33 13 30 28 15 9 13 36 28 22 26 25 20 41 35 33 
21 25 34 25 39 36 15 28 52 21 22 23 13 24 22 15 34 34 25 20 35 
0 12 15 25 25 20 14 15 21 51 6 3 24 13 6 12 15 13 26 20 20 
6 19 19 31 31 25 11 9 22 6 40 4 29 19 13 17 19 15 32 26 25 
2 15 14 28 26 20 15 13 23 3 4 26 28 15 9 15 14 11 29 23 21 
25 21 34 14 32 32 26 36 13 24 29 28 31 21 22 13 33 35 14 11 31 
13 0 13 14 14 11 25 28 24 13 19 15 21 29 6 9 13 16 15 11 11 
7 6 12 20 19 14 20 22 22 6 13 9 22 6 22 9 12 13 20 15 14 
12 10 21 15 24 21 19 26 15 12 17 15 13 9 9 56 21 22 15 9 20 
14 12 0 27 15 8 29 25 34 15 19 14 33 13 12 21 31 6 28 24 9 
12 16 6 31 21 15 25 20 34 13 15 11 35 16 13 22 6 18 32 28 15 
26 16 28 0 21 23 34 41 25 26 32 29 14 15 20 15 28 32 42 6 22 
21 12 25 6 21 21 28 35 20 20 26 23 11 11 15 9 24 28 6 44 21 
20 10 9 21 6 0 34 33 35 20 25 21 31 11 14 20 9 15 22 21 13 
