21 7
42 22 21 18 25 10 32 34 38 31 30 52 43 21 37 46 25 40 48 48 41 
22 65 4 32 48 27 21 25 45 50 38 34 38 31 30 42 35 34 64 55 58 
21 4 69 29 47 25 17 21 41 47 34 32 34 28 26 38 31 30 60 51 55 
18 32 29 76 26 7 30 29 21 18 13 51 32 6 29 34 8 30 31 30 25 
25 48 47 26 63 24 54 54 44 21 38 75 59 32 56 60 34 57 38 51 30 
10 27 25 7 24 61 30 30 28 23 21 51 36 12 32 39 16 34 38 38 31 
32 21 17 30 54 30 45 4 32 48 27 21 18 25 10 22 27 14 56 41 52 
34 25 21 29 54 30 4 43 29 47 25 22 13 24 6 18 25 10 53 37 50 
38 45 41 21 44 28 32 29 36 26 7 50 22 16 25 21 12 23 25 10 24 
31 50 47 18 21 23 48 47 26 51 24 69 46 22 45 46 21 45 18 31 10 
30 38 34 13 38 21 27 25 7 24 20 47 22 9 22 22 5 21 28 18 25 
52 34 32 51 75 51 21 22 50 69 47 8 29 47 25 32 48 27 75 57 73 
43 38 34 32 59 36 18 13 22 46 22 29 65 26 7 4 25 3 48 27 46 
21 31 28 6 32 12 25 24 16 22 9 47 26 96 24 28 4 25 32 27 27 
37 30 26 29 56 32 10 6 25 45 22 25 7 24 55 12 24 4 50 32 48 
46 42 38 34 60 39 22 18 21 46 22 32 4 28 12 59 26 7 47 25 46 
25 35 31 8 34 16 27 25 12 21 5 48 25 4 24 26 94 24 29 22 25 
40 34 30 30 57 34 14 10 23 45 21 27 3 25 4 7 24 50 49 29 47 
48 64 60 31 38 38 56 53 25 18 28 75 48 32 50 47 29 49 53 24 7 
48 55 51 30 51 38 41 37 10 31 18 57 27 27 32 25 22 29 24 15 26 
41 58 55 25 30 31 52 50 24 10 25 73 46 27 48 46 25 47 7 26 48 
