153 18
50 19 19 32 12 14 20 21 15 34 17 13 22 11 27 20 11 19 16 51 16 26 33 35 39 16 15 13 43 18 3 32 36 2 33 22 30 15 18 35 18 4 18 28 23 22 14 28 48 6 7 35 36 24 35 24 9 38 5 20 35 26 38 42 64 67 59 43 47 38 72 39 28 64 61 24 20 23 32 18 4 11 31 16 15 20 27 24 27 41 9 9 20 37 26 16 23 36 51 41 36 33 21 55 21 18 48 43 44 36 35 23 57 24 18 50 46 10 25 28 54 34 14 40 50 32 21 32 16 36 36 17 7 37 4 18 33 26 30 12 16 21 24 33 18 54 54 15 21 29 18 9 43 
19 39 28 51 8 9 37 39 26 36 25 11 41 7 20 37 28 25 35 69 28 34 52 54 50 31 35 27 60 29 15 51 51 16 51 16 26 33 35 39 16 15 13 43 18 3 32 36 68 24 24 53 55 40 44 39 26 57 24 26 53 44 56 59 83 86 76 61 67 57 91 57 47 83 79 24 39 42 40 23 23 15 48 18 5 39 39 41 44 48 17 24 22 52 26 6 41 45 70 58 51 52 40 74 40 34 68 61 60 52 54 42 76 42 35 69 64 29 40 38 69 42 22 57 62 42 27 50 22 35 51 36 24 57 23 23 52 44 48 16 9 40 38 49 37 73 71 4 40 41 34 24 61 
19 28 33 36 20 29 17 20 35 16 2 16 30 22 20 17 29 39 25 60 35 45 41 44 57 9 26 32 55 38 19 41 52 19 46 39 48 29 32 54 12 22 35 45 41 30 29 47 51 16 26 33 35 39 16 15 13 43 18 3 32 36 48 55 68 71 72 39 51 47 79 50 32 68 71 43 30 33 51 4 18 29 45 35 22 30 45 38 41 61 12 28 39 53 45 30 38 55 53 54 25 33 28 61 32 14 50 53 57 26 35 31 63 35 17 52 56 22 41 47 69 53 34 53 67 14 3 30 5 19 25 20 15 44 20 4 32 38 43 31 19 28 42 47 27 60 67 23 32 47 13 27 52 
32 51 36 102 44 45 18 15 35 50 35 43 11 43 54 19 26 41 15 25 33 40 9 11 39 26 16 30 24 34 35 9 31 34 19 50 55 21 20 50 44 35 48 27 51 54 21 40 16 27 29 10 8 22 39 21 26 7 27 39 10 12 16 26 33 35 39 16 15 13 43 18 3 32 36 47 13 12 42 39 28 40 21 43 47 13 33 20 20 51 36 30 44 31 48 48 19 42 18 25 25 7 10 25 14 21 16 19 27 22 6 9 27 13 19 18 22 22 24 39 40 44 37 24 46 38 39 10 38 54 26 16 27 8 28 39 8 15 17 40 46 10 29 23 14 24 35 47 14 35 22 29 19 
12 8 20 44 32 10 29 31 23 30 18 3 34 2 18 29 23 24 28 63 25 33 45 48 48 23 28 23 55 27 8 45 47 10 45 19 29 27 30 40 11 10 15 39 21 11 27 35 60 16 18 45 47 35 37 31 18 50 17 19 45 38 51 54 77 79 71 54 60 51 85 52 40 76 74 26 33 35 39 16 15 13 43 18 3 32 36 36 39 48 9 19 22 48 28 10 35 44 62 53 43 44 33 67 34 26 60 55 56 44 46 36 70 36 27 62 58 22 36 36 65 41 21 52 60 34 20 43 15 31 43 28 17 50 16 16 44 38 42 15 5 33 34 44 30 67 66 3 33 38 26 19 55 
14 9 29 45 10 52 34 35 17 40 26 13 34 7 27 34 20 16 29 61 19 25 44 47 41 29 28 18 52 20 11 44 42 12 42 9 19 25 28 30 21 10 6 34 12 12 25 27 61 20 16 49 50 32 46 37 23 51 19 28 49 37 49 51 77 79 67 57 60 49 83 49 42 76 71 16 33 35 31 26 18 6 40 9 11 32 30 33 35 39 16 15 13 43 18 3 32 36 64 49 49 47 34 66 33 32 62 53 52 50 49 36 69 35 32 63 56 23 32 28 60 33 13 49 53 43 30 46 24 41 50 31 21 50 17 26 47 36 40 7 14 34 29 41 31 66 62 8 33 31 32 17 53 
20 37 17 18 29 34 66 3 31 32 17 27 15 30 36 0 22 37 11 43 30 40 25 28 47 8 14 26 40 32 23 24 40 22 32 42 50 19 21 50 27 24 39 34 43 40 19 41 33 14 22 16 18 27 23 5 11 26 15 20 16 21 32 40 51 53 56 24 33 30 62 34 15 50 54 42 16 19 44 20 16 31 31 36 32 15 36 26 28 54 21 24 39 41 44 37 25 46 35 39 16 15 13 43 18 3 32 36 42 16 18 16 46 21 2 35 39 14 29 41 54 47 32 38 56 21 21 13 20 35 17 6 13 26 17 20 15 23 28 32 31 12 33 34 13 43 51 33 18 39 3 23 36 
21 39 20 15 31 35 3 71 30 35 20 29 12 31 39 3 21 36 9 40 29 38 22 25 44 11 12 25 37 31 23 21 38 23 29 42 49 18 19 49 29 25 39 31 43 42 17 40 31 15 21 14 16 25 26 7 13 23 16 23 14 19 29 37 48 51 53 22 31 27 59 31 12 48 51 42 13 16 43 23 17 31 29 36 34 13 35 23 26 53 22 24 38 38 43 37 23 44 33 36 17 13 10 40 16 6 30 33 39 16 15 13 43 18 3 32 36 13 27 39 51 45 31 35 53 24 24 11 22 38 18 4 14 23 18 23 13 21 25 32 32 9 31 31 11 40 48 34 15 37 6 22 33 
15 26 35 35 23 17 31 30 78 50 32 26 24 21 41 31 9 6 21 46 2 10 31 33 25 30 19 4 36 3 17 31 25 16 27 17 20 14 14 19 32 14 16 17 17 29 14 12 50 19 9 41 42 16 50 36 23 39 17 36 42 23 34 34 63 65 51 50 48 35 68 34 32 63 55 12 22 22 16 34 17 11 24 9 26 22 13 18 20 26 24 7 9 26 13 20 17 21 52 33 48 39 25 52 21 30 51 38 35 47 40 25 54 22 29 52 40 16 15 13 43 18 3 32 36 47 37 39 31 51 48 26 20 37 14 34 39 22 25 9 28 25 12 24 21 52 46 24 21 15 30 8 38 
34 36 16 50 30 40 32 35 50 33 18 26 46 32 18 32 45 53 41 75 51 60 57 60 73 25 43 47 71 53 33 56 69 34 63 50 60 46 49 69 19 36 46 61 52 36 45 63 64 32 41 46 48 55 16 29 29 58 34 14 45 53 64 72 82 84 88 51 65 62 94 66 47 81 87 56 47 50 66 16 34 42 62 48 30 46 61 55 58 76 26 43 52 70 58 40 54 70 66 70 33 46 44 75 49 29 63 69 73 35 49 47 78 52 32 66 72 39 57 63 85 69 49 70 84 15 13 43 18 3 32 36 31 59 36 16 46 54 59 44 26 44 58 64 44 75 83 32 48 63 29 43 68 
17 25 2 35 18 26 17 20 32 18 31 14 29 19 19 17 27 37 23 59 33 43 40 43 55 8 25 30 54 35 16 40 51 17 45 36 46 28 31 52 11 19 32 43 38 28 27 45 51 14 23 33 36 37 19 16 11 43 16 4 33 35 47 54 68 71 70 40 51 46 79 49 32 68 70 40 29 32 49 3 16 26 44 32 20 29 43 37 40 59 10 26 36 52 42 28 36 53 53 52 26 33 27 60 31 13 50 52 55 27 35 30 63 34 16 52 55 21 39 45 67 51 32 52 66 16 5 30 3 20 26 19 13 43 18 3 32 36 41 29 17 27 40 46 26 60 66 21 30 45 13 25 51 
13 11 16 43 3 13 27 29 26 26 14 26 34 6 15 27 24 27 28 63 27 36 45 48 51 20 28 25 56 29 9 45 49 10 46 23 33 28 31 43 7 12 19 41 25 13 27 38 59 15 20 44 46 37 33 29 16 50 16 15 44 38 51 55 76 78 72 52 59 51 85 52 39 76 74 29 33 35 42 13 15 16 44 22 5 32 39 37 40 51 6 21 26 50 32 14 36 47 62 54 40 43 33 67 34 24 59 56 57 41 45 35 69 37 26 61 58 22 37 39 67 44 23 53 62 31 16 41 11 27 40 27 15 49 17 13 42 38 43 18 3 32 36 46 30 66 67 6 33 41 24 21 55 
22 41 30 11 34 34 15 12 24 46 29 34 87 33 46 15 15 30 5 30 22 30 11 14 32 21 6 19 25 23 25 11 25 24 16 39 44 10 9 40 36 25 37 19 40 44 10 30 27 18 18 18 18 13 38 20 18 16 17 33 18 6 18 25 42 45 41 26 26 17 51 20 8 42 41 36 2 3 33 32 18 29 16 32 37 2 24 11 13 42 28 19 33 26 37 38 11 33 29 24 29 16 2 33 3 17 27 22 27 27 16 1 35 6 14 29 25 11 15 29 39 35 26 23 41 36 34 16 31 49 29 10 18 15 17 32 16 8 13 29 37 2 20 18 3 32 36 37 3 26 18 18 22 
11 7 22 43 2 7 30 31 21 32 19 6 33 37 20 30 21 22 28 62 23 31 44 47 46 24 27 21 54 25 8 44 46 9 44 17 27 26 29 37 13 9 13 38 19 10 26 33 60 16 17 46 47 34 38 32 18 50 16 21 46 37 50 53 76 78 70 54 59 50 84 51 40 76 72 23 32 35 37 18 15 11 42 16 4 32 34 34 37 45 10 17 20 47 26 8 34 42 62 51 44 44 33 66 33 27 60 54 54 45 46 35 69 35 28 62 57 22 34 34 64 39 19 51 58 36 22 43 16 33 44 28 17 49 15 18 44 37 41 13 7 33 33 43 30 66 65 3 32 36 27 18 54 
27 20 20 54 18 27 36 39 41 18 19 15 46 20 7 36 39 42 41 77 43 51 58 61 66 28 41 40 70 45 25 58 64 26 61 36 46 42 45 58 10 27 32 56 38 19 42 53 70 29 35 53 55 51 31 36 28 62 30 16 52 52 65 70 87 90 87 60 70 64 97 66 51 87 88 43 46 49 57 15 29 31 59 36 16 46 54 51 54 66 19 36 40 65 46 26 51 62 72 68 44 52 45 79 47 33 69 69 71 46 55 48 82 50 35 72 72 36 52 54 82 59 39 68 78 30 17 50 16 16 44 38 28 62 31 15 52 53 57 33 13 45 52 61 43 79 82 18 47 56 32 36 69 
20 37 17 19 29 34 0 3 31 32 17 27 15 30 36 65 22 37 12 43 31 40 25 28 47 8 14 27 40 33 23 25 41 22 32 42 50 20 22 50 27 24 39 34 43 40 19 42 34 14 22 16 19 27 22 5 11 26 15 20 16 22 33 41 51 54 56 24 34 30 62 35 15 51 55 42 16 19 45 20 16 31 32 36 32 16 37 26 29 55 20 24 39 41 44 37 26 47 36 39 16 16 13 44 19 3 33 37 42 16 18 16 46 21 2 35 40 14 30 41 55 47 32 39 56 20 20 14 19 35 16 6 13 27 18 20 15 24 29 32 30 13 33 34 14 43 52 33 18 39 3 23 36 
11 28 29 26 23 20 22 21 9 45 27 24 15 21 39 22 73 15 12 41 8 18 24 26 28 23 10 4 32 10 14 24 25 13 22 24 29 5 7 28 29 12 22 17 24 31 5 19 42 12 4 32 33 12 42 27 16 31 10 30 32 16 28 31 56 58 48 41 40 29 62 29 23 56 51 21 13 14 23 28 10 14 20 16 26 13 16 13 15 33 20 4 18 26 22 24 12 26 44 29 39 30 16 46 13 21 42 33 32 38 31 16 48 14 20 44 35 7 13 19 42 25 11 29 39 40 32 30 26 47 39 16 13 29 8 28 30 15 19 14 27 16 13 21 12 46 43 25 12 18 22 3 32 
19 25 39 41 24 16 37 36 6 53 37 27 30 22 42 37 15 38 28 51 8 9 37 39 26 36 25 11 41 7 20 37 28 19 32 12 14 20 21 15 34 17 13 22 11 27 20 11 56 24 15 48 48 22 55 42 28 45 22 39 48 30 39 39 69 70 54 56 54 41 73 39 39 69 59 6 28 29 15 37 22 11 29 6 26 28 16 23 25 23 27 12 4 29 7 18 23 20 58 37 54 46 31 58 27 36 57 43 40 53 46 32 60 28 35 58 45 22 21 13 46 17 5 37 37 52 41 46 35 54 54 32 26 43 20 37 46 28 30 9 29 31 16 29 28 58 50 24 27 17 36 14 43 
16 35 25 15 28 29 11 9 21 41 23 28 5 28 41 12 12 28 39 36 20 29 17 20 35 16 2 16 30 22 20 17 29 19 21 35 41 8 9 39 30 20 33 22 36 39 8 30 32 12 14 20 21 15 34 17 13 22 11 27 20 11 24 30 48 50 46 29 31 23 56 25 12 47 47 33 5 8 33 26 12 25 20 28 32 5 25 14 17 43 22 16 30 29 35 33 13 35 34 29 27 18 5 38 7 13 32 28 32 26 19 7 41 10 10 34 31 6 17 29 44 35 23 28 44 32 28 18 25 44 28 5 12 21 12 26 18 13 18 25 31 4 21 22 2 38 42 31 7 27 13 14 28 
51 69 60 25 63 61 43 40 46 75 59 63 30 62 77 43 41 51 36 64 44 45 18 15 35 50 35 43 11 43 54 19 26 53 19 63 64 36 33 52 66 53 62 29 62 72 36 44 19 48 45 33 30 29 64 47 48 18 47 63 33 25 12 14 20 21 15 34 17 13 22 11 27 20 11 56 30 27 44 62 47 55 22 55 67 31 36 28 26 49 58 45 55 25 56 65 28 40 20 14 49 31 31 9 29 46 22 7 14 46 28 28 10 26 43 20 5 41 30 42 21 45 49 14 34 63 63 34 61 78 50 39 48 16 46 62 32 25 21 54 67 32 35 22 33 10 13 66 29 37 46 44 8 
16 28 35 33 25 19 30 29 2 51 33 27 22 23 43 31 8 8 20 44 24 10 29 31 23 30 18 3 34 2 18 29 23 17 25 19 22 12 13 19 33 15 18 15 19 31 12 12 48 19 9 40 40 14 50 35 23 37 17 36 40 22 32 32 61 63 49 49 46 33 66 32 31 61 53 14 20 21 15 34 17 13 22 11 27 20 11 16 18 25 25 7 11 24 15 22 15 19 50 31 47 38 23 50 19 30 49 36 33 46 38 24 52 20 28 50 38 16 13 12 41 17 5 30 35 48 38 38 32 52 47 25 21 35 15 34 38 20 23 11 30 23 10 22 20 50 44 26 19 13 30 8 36 
26 34 45 40 33 25 40 38 10 60 43 36 30 31 51 40 18 9 29 45 10 28 34 35 17 40 26 13 34 7 27 34 20 26 26 21 19 21 20 10 42 24 22 15 19 37 21 2 53 29 19 48 48 18 60 45 33 42 27 46 48 27 34 32 64 65 47 56 51 37 66 34 38 64 52 12 27 27 6 44 27 20 23 15 35 28 8 20 21 15 34 17 13 22 11 27 20 11 55 31 56 46 31 53 26 39 55 38 33 55 45 31 54 26 38 55 39 25 16 4 38 8 12 30 28 58 48 46 42 62 57 34 31 40 25 44 46 25 26 18 38 31 11 23 28 53 42 33 26 8 40 18 38 
33 52 41 9 45 44 25 22 31 57 40 45 11 44 58 25 24 37 17 18 29 34 41 3 31 32 17 27 15 30 36 0 22 35 10 48 51 19 17 43 48 36 46 20 48 55 19 34 19 29 28 19 17 16 47 29 30 8 28 44 20 7 7 16 32 34 31 25 17 5 39 9 10 32 30 43 12 9 35 44 29 39 12 40 49 12 26 14 13 43 39 29 41 22 44 48 14 34 21 15 34 17 13 22 11 27 20 11 18 32 15 10 24 9 24 21 14 23 18 32 30 37 34 15 36 46 45 19 42 60 35 20 30 6 29 44 17 9 9 39 49 13 23 14 15 21 26 48 12 27 28 27 11 
35 54 44 11 48 47 28 25 33 60 43 48 14 47 61 28 26 39 20 15 31 35 3 42 30 35 20 29 12 31 39 3 21 38 9 50 52 21 19 44 51 38 48 20 50 58 21 35 18 32 30 21 19 16 50 32 33 8 31 47 22 9 4 14 30 32 28 26 16 2 36 6 13 30 27 44 15 12 36 46 32 41 12 42 51 15 27 15 14 43 42 31 42 20 45 50 15 33 20 13 37 19 15 19 14 30 20 8 15 34 17 13 22 11 27 20 11 25 18 33 28 37 36 12 35 49 48 22 45 63 37 23 32 6 31 46 20 10 9 41 51 16 24 13 17 19 23 50 14 28 31 30 8 
39 50 57 39 48 41 47 44 25 73 55 51 32 46 66 47 28 26 35 35 23 17 31 30 31 50 32 26 24 21 41 31 9 40 20 38 34 27 25 19 57 39 39 13 36 53 28 14 48 40 31 49 48 19 69 52 44 38 38 59 50 27 28 21 55 56 32 56 46 31 54 26 39 55 39 29 31 29 12 57 38 36 18 32 51 31 12 21 19 14 48 30 30 10 28 44 21 6 50 20 62 47 35 44 29 48 50 29 21 60 45 33 45 27 45 50 30 34 17 13 22 11 27 20 11 67 60 48 55 75 62 41 42 36 36 57 47 25 22 34 53 35 15 16 33 44 28 49 29 10 48 30 29 
16 31 9 26 23 29 8 11 30 25 8 20 21 24 28 8 23 36 16 50 30 40 32 35 50 69 18 26 46 32 18 32 45 18 38 38 47 22 25 50 19 20 34 37 40 33 22 42 42 11 21 24 27 31 19 8 7 34 13 12 24 28 39 47 59 62 63 32 42 37 70 41 23 59 62 40 22 25 46 12 13 27 37 33 25 21 39 30 33 56 14 23 36 45 42 31 30 49 44 45 20 24 19 51 24 5 41 44 48 21 26 22 54 27 7 43 47 15 33 42 60 48 31 45 60 17 13 22 11 27 20 11 10 34 15 12 24 29 34 29 23 19 35 39 19 51 58 26 23 41 4 22 43 
15 35 26 16 28 28 14 12 19 43 25 28 6 27 41 14 10 25 2 35 18 26 17 20 32 18 34 14 29 19 19 17 27 18 20 33 39 5 7 37 31 19 31 19 34 38 5 28 33 12 12 22 23 13 36 19 13 22 11 29 22 10 23 29 48 51 45 31 32 22 56 24 13 48 46 31 5 7 31 27 12 23 19 26 31 4 22 12 15 40 22 14 28 27 32 31 11 32 35 27 30 20 6 39 6 15 33 28 30 28 21 7 41 9 12 35 31 5 15 27 42 33 21 27 42 34 30 20 26 45 30 8 13 22 11 27 20 11 16 24 31 6 18 21 2 38 41 31 5 24 15 12 27 
13 27 32 30 23 18 26 25 4 47 30 25 19 21 40 27 4 11 16 43 3 13 27 29 26 26 14 26 34 6 15 27 24 14 24 20 25 9 10 23 31 13 19 16 20 30 9 15 46 15 6 37 37 13 46 31 19 34 13 33 37 19 31 32 59 61 49 45 44 32 65 31 28 59 52 17 17 18 19 31 13 12 21 13 26 17 14 14 17 29 22 4 14 25 18 22 14 23 48 31 43 35 20 49 16 26 46 35 33 42 35 21 51 18 24 48 37 12 13 15 42 21 7 30 37 44 34 35 29 49 43 21 17 33 11 31 35 18 22 11 27 20 11 22 17 49 44 24 16 16 26 4 35 
43 60 55 24 55 52 40 37 36 71 54 56 25 54 70 40 32 41 30 11 34 34 15 12 24 46 29 34 44 33 46 15 15 45 9 53 53 28 25 41 60 45 52 19 52 64 28 33 26 41 37 34 32 20 62 44 43 19 40 58 34 18 8 3 31 32 16 38 24 11 32 5 26 31 18 46 24 21 33 57 41 46 12 46 59 25 25 19 16 38 51 36 45 14 46 56 19 29 27 3 50 32 27 20 23 42 29 6 3 47 29 24 21 20 39 27 6 34 20 31 15 33 39 3 24 61 59 34 55 74 50 35 42 17 39 57 32 17 13 45 59 27 24 11 27 20 11 57 23 26 43 36 6 
18 29 38 34 27 20 32 31 3 53 35 29 23 25 45 33 10 7 22 43 2 7 30 31 21 32 19 6 33 23 20 30 21 19 24 19 21 14 14 17 35 17 19 14 19 32 14 9 49 21 11 42 42 14 52 37 25 37 19 39 42 22 32 31 61 63 48 50 47 34 65 32 32 61 52 13 21 22 13 37 19 14 21 12 29 21 9 16 17 23 27 9 11 23 14 23 16 17 51 30 49 39 25 50 20 32 50 36 32 48 39 25 52 21 30 51 38 18 13 9 40 15 6 30 33 50 40 40 34 55 49 27 23 36 17 37 39 20 23 13 32 25 9 22 21 50 43 27 20 11 32 10 36 
3 15 19 35 8 11 23 23 17 33 16 9 25 8 25 23 14 20 20 54 18 27 36 39 41 18 19 15 46 20 55 36 39 1 37 20 29 18 21 35 15 2 16 31 22 19 18 29 52 8 10 38 39 27 35 26 11 42 8 19 38 29 42 46 68 70 63 46 51 42 76 43 32 68 65 23 24 26 33 17 7 10 34 15 12 24 29 27 30 43 7 11 19 40 25 14 27 38 54 44 38 37 25 58 25 20 52 46 47 38 38 27 61 27 21 54 49 13 28 30 57 35 15 44 53 33 21 35 15 34 38 20 9 41 7 17 36 29 34 12 13 24 27 36 22 58 58 11 24 31 20 11 46 
32 51 41 9 45 44 24 21 31 56 40 45 11 44 58 25 24 37 17 19 29 34 0 3 31 32 17 27 15 30 36 41 22 35 11 48 51 18 17 43 47 35 46 20 48 55 19 34 19 29 28 19 17 16 47 29 29 8 28 44 19 7 8 17 32 34 31 25 17 6 39 10 10 32 30 43 12 9 36 43 29 39 12 40 48 12 26 14 13 43 39 28 41 22 44 48 14 34 21 16 34 16 12 22 11 27 20 12 18 31 14 9 24 9 24 21 15 22 18 32 31 37 34 15 37 45 44 19 42 59 34 20 29 6 28 43 17 9 9 38 48 13 23 14 14 22 27 48 11 28 27 27 11 
36 51 52 31 47 42 40 38 25 69 51 49 25 46 64 41 25 28 29 26 23 20 22 21 9 45 27 24 15 21 39 22 23 38 11 40 39 23 20 26 54 37 41 8 39 54 23 19 39 37 29 41 39 13 63 46 39 29 35 55 41 19 18 12 46 47 26 47 36 22 46 17 31 46 32 32 24 21 18 53 35 36 9 34 50 24 12 14 12 23 45 28 32 1 32 45 15 14 40 11 54 38 27 35 22 42 41 20 12 52 37 25 36 19 39 41 21 30 12 16 18 18 28 11 15 61 56 40 51 71 55 34 38 27 33 53 39 17 13 34 52 28 13 7 26 35 22 49 22 11 42 27 20 
2 16 19 34 10 12 22 23 16 34 17 10 24 9 26 22 13 19 19 53 17 26 35 38 40 18 18 14 45 19 1 35 38 56 36 20 29 17 20 35 16 2 16 30 22 20 17 29 51 8 9 37 39 26 36 25 11 41 7 20 37 28 41 44 67 69 61 46 50 41 75 42 31 67 64 23 23 25 32 17 6 9 33 15 13 23 28 26 29 42 8 10 19 39 25 14 25 37 53 43 38 36 24 57 24 20 51 45 46 38 37 26 60 26 20 53 48 12 26 29 56 34 15 42 52 33 21 34 15 35 38 19 9 40 6 17 36 28 32 11 14 23 26 35 21 57 57 12 23 30 20 10 45 
33 51 46 19 45 42 32 29 27 63 45 46 16 44 61 32 22 32 21 19 25 26 10 9 20 38 20 24 9 24 37 11 11 36 102 44 45 18 15 35 50 35 43 11 43 54 19 26 28 32 27 30 28 10 55 37 33 18 30 49 30 10 8 9 37 39 26 36 25 11 41 7 20 37 28 37 16 13 27 48 31 36 3 36 49 16 18 9 7 33 41 27 36 11 37 46 10 24 29 7 44 27 18 26 14 34 30 11 10 41 25 16 28 11 31 29 13 24 11 24 22 28 30 7 26 53 50 29 46 65 44 26 32 15 29 48 28 8 3 36 50 19 16 4 19 26 21 48 14 19 34 26 11 
22 16 39 50 19 9 42 42 17 50 36 23 39 17 36 42 24 12 35 63 19 21 48 50 38 38 33 20 53 19 20 48 40 20 44 16 10 29 31 23 30 18 3 34 2 18 29 23 66 28 21 56 56 33 55 46 31 55 26 38 56 40 51 51 80 82 67 64 65 52 85 51 47 80 71 9 37 39 26 36 25 11 41 7 20 37 28 35 37 32 26 19 8 42 11 10 34 32 68 49 58 54 40 69 37 40 67 55 52 58 55 41 71 38 40 68 57 29 32 25 58 27 13 49 49 53 39 53 34 50 58 38 29 54 24 36 54 39 42 10 24 40 28 41 36 69 62 18 37 29 40 21 55 
30 26 48 55 29 19 50 49 20 60 46 33 44 27 46 50 29 14 41 64 22 19 51 52 34 47 39 25 53 21 29 51 39 29 45 10 18 34 35 17 40 26 13 34 7 27 34 20 70 36 28 62 62 35 65 54 39 59 34 48 62 44 53 51 83 84 66 70 68 55 85 53 53 82 71 8 42 43 22 45 33 19 42 13 30 42 27 37 39 26 36 25 11 41 7 20 37 28 72 50 66 60 45 71 41 48 71 57 52 66 60 46 73 42 47 72 58 36 34 22 56 23 18 49 45 62 49 59 43 60 66 45 37 57 32 45 60 42 44 17 34 45 29 42 42 71 61 28 41 28 48 27 56 
15 33 29 21 27 25 19 18 14 46 28 28 10 26 42 20 5 20 8 36 12 21 19 21 27 22 5 9 28 14 18 18 23 17 18 29 34 75 3 31 32 17 27 15 30 36 0 22 36 14 9 28 28 9 41 25 16 25 12 32 28 11 23 27 51 53 44 36 35 24 57 24 18 51 46 26 8 9 25 30 12 20 16 22 30 8 17 9 12 35 23 10 23 24 27 29 8 27 39 26 36 25 11 41 7 20 37 28 29 34 26 11 43 9 18 38 31 7 11 21 39 27 16 25 38 39 33 25 28 48 36 13 15 24 11 30 25 11 15 20 31 11 13 18 7 40 39 29 7 19 20 8 28 
18 35 32 20 30 28 21 19 14 49 31 31 9 29 45 22 7 21 9 33 13 20 17 19 25 25 7 10 25 14 21 17 20 20 15 31 35 3 78 30 35 20 29 12 31 39 3 21 35 17 11 28 28 6 44 27 19 24 15 35 28 9 21 24 49 51 41 36 34 21 55 22 18 49 43 27 7 8 23 33 15 22 13 23 33 7 15 6 9 33 26 12 24 21 28 31 5 25 37 23 37 25 11 38 6 22 36 25 26 36 25 11 41 7 20 37 28 10 8 19 36 25 17 22 35 42 36 26 31 51 37 15 18 22 14 33 26 8 12 21 34 11 11 15 8 38 36 32 6 17 23 10 25 
35 39 54 50 40 30 50 49 19 69 52 43 40 37 58 50 28 15 39 52 19 10 43 44 19 50 37 23 41 17 35 43 26 35 35 23 17 31 30 52 50 32 26 24 21 41 31 9 62 39 29 58 58 28 70 55 43 51 37 55 58 37 43 38 72 73 51 66 60 46 72 42 48 72 58 14 38 37 8 53 36 26 32 21 41 38 17 30 30 9 43 26 17 27 12 32 30 12 64 37 67 56 41 61 36 50 64 46 39 65 55 41 62 36 48 64 47 36 25 11 41 7 20 37 28 67 56 56 50 70 67 44 40 49 34 53 56 35 35 24 44 42 20 31 38 61 47 39 36 16 50 27 45 
18 16 12 44 11 21 27 29 32 19 11 7 36 13 10 27 29 34 30 66 33 42 48 51 57 19 31 31 60 35 15 47 54 16 50 30 40 32 35 50 72 18 26 46 32 18 32 45 60 18 25 44 46 41 28 27 18 52 20 10 43 42 54 60 77 80 77 51 60 53 87 56 41 77 78 36 36 39 48 8 19 23 49 29 11 35 45 41 44 58 9 27 33 55 39 20 41 53 62 58 37 43 35 69 37 23 60 59 61 39 45 38 72 40 26 62 62 26 42 45 72 51 30 58 68 25 11 41 7 20 37 28 18 52 21 8 43 42 47 25 7 35 42 50 33 69 72 13 37 47 23 27 59 
4 15 22 35 10 10 24 25 14 36 19 12 25 9 27 24 12 17 20 53 15 24 36 38 39 20 19 13 45 17 2 35 37 2 35 18 26 17 20 32 18 51 14 29 19 19 17 27 52 10 8 39 40 25 38 28 13 41 9 22 39 28 41 44 68 70 61 47 51 41 75 42 32 67 63 20 23 26 30 20 8 7 33 13 13 23 27 25 28 40 10 9 16 38 22 13 25 35 54 42 40 37 25 58 24 22 52 45 45 40 39 27 60 26 22 54 48 13 26 27 55 32 12 42 50 36 24 36 18 37 40 21 11 41 7 20 37 28 32 9 14 24 24 34 21 57 56 12 24 29 22 9 45 
18 13 35 48 15 6 39 39 16 46 32 19 37 13 32 39 22 13 33 62 18 22 46 48 39 34 31 19 52 19 16 46 41 16 43 3 13 27 29 26 26 14 22 34 6 15 27 24 64 24 19 53 54 32 51 42 28 53 23 34 53 38 50 50 78 80 67 61 63 51 84 50 45 78 71 11 35 37 27 32 22 8 40 6 16 35 28 34 36 35 22 17 9 42 13 6 33 33 66 49 55 51 37 68 35 36 65 54 52 55 52 39 70 37 37 66 56 26 32 26 59 29 12 49 50 49 36 50 30 47 55 35 25 52 21 32 51 37 41 7 20 37 28 41 34 68 62 14 35 29 37 19 54 
28 43 45 27 39 34 34 31 17 61 43 41 19 38 56 34 17 22 22 29 15 15 20 20 13 37 19 16 19 14 31 20 8 30 11 34 34 15 12 24 46 29 34 82 33 46 15 15 38 29 21 37 36 6 56 39 31 28 27 47 37 14 19 17 48 50 33 44 36 22 51 18 26 48 37 27 18 16 16 45 27 28 8 27 42 18 7 8 6 23 37 20 26 9 27 38 8 14 40 15 48 34 21 37 15 35 40 22 18 47 33 20 39 14 32 40 24 22 4 13 26 17 21 15 22 54 48 36 43 63 49 27 30 25 25 45 34 12 11 27 44 22 5 7 20 37 28 41 16 8 35 19 22 
23 18 41 51 21 12 43 43 17 52 38 25 40 19 38 43 24 11 36 62 19 19 48 50 36 40 34 20 52 19 22 48 39 22 43 2 7 30 31 21 32 19 6 33 15 20 30 21 66 29 22 57 57 33 57 47 33 55 28 40 57 40 51 50 80 82 66 65 65 52 84 51 48 80 71 7 38 39 24 38 27 12 40 8 22 38 27 35 36 30 28 20 7 41 9 12 34 30 69 49 60 55 40 69 37 41 67 55 51 59 55 41 71 39 41 69 57 30 32 23 57 26 13 49 47 55 41 54 36 53 60 39 30 54 25 38 55 39 42 11 26 40 28 41 37 69 61 20 37 28 41 22 55 
22 3 30 54 11 12 40 42 29 36 28 13 44 10 19 40 31 27 39 72 31 37 55 58 53 33 38 30 64 32 19 55 54 20 54 18 27 36 39 41 18 19 15 46 20 40 36 39 71 27 27 57 58 44 46 42 29 61 27 28 56 48 60 63 87 89 79 65 70 60 94 61 51 87 83 27 43 45 42 25 26 18 52 21 8 43 42 44 47 50 19 27 24 55 29 9 44 48 73 61 54 55 44 77 43 37 71 65 64 55 57 46 79 46 39 73 67 32 44 41 72 44 26 61 65 43 29 54 24 36 54 39 27 60 26 25 55 47 51 19 11 43 41 53 41 77 75 7 43 44 37 28 64 
14 32 29 21 27 25 19 17 14 45 27 27 10 26 42 19 5 20 8 36 12 21 19 21 28 22 5 9 28 14 18 19 23 17 19 29 34 0 3 31 32 17 27 15 30 36 75 22 37 13 8 27 28 10 41 24 16 26 11 31 28 11 24 28 51 53 45 36 35 24 58 25 18 51 47 26 8 9 25 30 12 19 17 22 30 8 17 9 12 35 22 9 23 24 27 29 9 27 39 26 35 25 11 41 7 19 37 28 29 34 26 11 43 9 17 39 31 6 11 21 40 27 16 26 38 39 32 25 28 48 36 13 14 24 10 30 25 11 15 19 31 11 13 18 7 41 40 29 7 19 20 8 28 
28 36 47 40 35 27 41 40 12 63 45 38 30 33 53 42 19 11 30 44 12 2 34 35 14 42 28 15 33 9 29 34 19 29 26 23 20 22 21 9 45 27 24 15 21 39 22 56 53 31 21 49 48 18 62 47 35 42 29 48 49 28 34 31 64 65 45 57 51 37 65 33 39 63 51 14 28 28 3 46 29 22 23 18 38 29 8 20 21 13 37 19 15 20 13 30 20 9 55 30 58 46 32 52 27 41 55 37 31 56 46 31 54 26 40 55 39 27 16 2 36 5 14 29 26 60 50 47 44 64 58 36 33 40 27 46 47 25 26 20 40 32 11 22 29 52 41 36 27 7 42 20 37 
48 68 51 16 60 61 33 31 50 64 51 59 27 60 70 34 42 56 32 19 48 53 19 18 48 42 33 46 26 49 52 19 39 51 28 66 70 36 35 62 60 52 64 38 66 71 37 53 72 44 45 18 15 35 50 35 43 11 43 54 19 26 20 29 17 20 35 16 2 16 30 22 20 17 29 62 28 27 54 54 44 56 30 59 64 29 45 33 32 61 53 46 60 38 63 65 33 52 2 29 34 18 27 13 29 37 2 19 30 31 15 25 16 28 34 2 21 38 37 51 40 55 53 28 51 50 54 21 53 68 34 32 43 13 44 54 18 28 27 56 63 27 42 32 30 12 32 63 29 46 37 45 19 
6 24 16 27 16 20 14 15 19 32 14 15 18 16 29 14 12 24 12 48 19 29 29 32 40 11 12 15 41 21 8 29 37 8 32 28 36 14 17 39 18 10 24 29 29 27 13 31 44 41 10 29 31 23 30 18 3 34 2 18 29 23 36 41 60 62 58 38 43 35 69 37 24 60 59 29 17 20 35 16 2 16 30 22 20 17 29 23 26 45 9 12 25 38 31 22 22 38 46 39 30 28 17 51 18 12 43 40 42 30 29 19 53 21 12 46 43 7 25 31 53 37 19 39 51 28 19 26 14 34 30 11 1 33 4 16 28 23 28 18 19 16 25 32 14 50 53 19 18 31 12 11 40 
7 24 26 29 18 16 22 21 9 41 23 20 18 17 35 22 4 15 14 45 9 19 28 30 31 21 12 6 37 11 10 28 29 9 27 21 28 9 11 29 25 8 19 21 22 27 8 21 45 10 58 34 35 17 40 26 13 34 7 27 34 20 32 36 60 62 52 43 44 33 67 33 26 60 55 20 16 18 25 25 7 11 24 14 22 16 19 17 20 35 16 2 16 30 22 20 17 29 47 34 38 32 18 50 16 21 46 37 37 38 33 19 52 18 20 47 40 8 17 21 47 27 10 34 43 38 28 32 23 43 39 17 11 33 5 25 32 20 24 11 23 18 17 26 15 50 48 20 16 21 21 1 37 
35 53 33 10 45 49 16 14 41 46 33 44 18 46 53 16 32 48 20 33 40 48 19 21 49 24 22 37 34 42 38 19 41 37 30 56 62 28 28 58 44 39 53 37 57 57 27 49 18 29 34 34 3 31 32 17 27 15 30 36 0 22 26 36 36 38 48 8 19 22 48 28 10 35 44 54 20 21 51 37 31 45 31 49 49 20 42 29 30 60 37 36 51 41 55 52 29 51 20 35 16 2 16 30 22 20 17 29 37 13 4 17 33 23 18 19 31 26 33 47 50 53 44 34 56 31 36 2 36 49 17 17 29 17 31 37 2 24 27 46 47 16 38 33 20 30 44 49 22 44 20 35 28 
36 55 35 8 47 50 18 16 42 48 36 46 18 47 55 19 33 48 21 30 40 48 17 19 48 27 23 37 32 42 39 17 39 39 28 56 62 28 28 58 46 40 54 36 57 58 28 48 15 31 35 3 40 30 35 20 29 12 31 39 3 21 24 33 33 36 45 8 16 20 45 26 9 32 41 54 20 20 50 39 32 46 29 49 50 20 41 28 29 59 39 37 51 39 55 53 28 50 17 33 19 2 17 27 21 22 14 26 35 16 2 16 30 22 20 17 29 27 32 47 47 52 44 32 54 34 39 5 38 52 20 19 30 14 32 39 3 23 26 46 49 17 37 31 20 26 41 51 21 43 22 35 26 
24 40 39 22 35 32 27 25 16 55 37 37 13 34 51 27 12 22 15 29 14 18 16 16 19 31 13 13 20 14 27 16 13 26 10 33 35 9 6 28 41 25 32 6 33 44 10 18 35 23 17 31 30 70 50 32 26 24 21 41 31 9 17 19 47 48 36 38 33 19 51 17 20 46 38 27 11 10 20 40 22 26 7 26 39 12 11 2 3 29 32 16 26 14 28 35 2 20 37 17 42 28 15 36 9 28 36 21 20 40 28 14 38 8 26 37 24 16 2 16 30 22 20 17 29 48 42 29 38 58 42 21 24 22 20 40 29 7 8 25 40 15 7 9 13 36 31 37 9 12 29 15 21 
35 44 16 39 37 46 23 26 50 16 19 33 38 38 31 22 42 55 34 64 50 60 47 50 69 19 36 46 62 52 35 47 63 36 55 55 65 41 44 70 28 38 51 56 57 46 41 62 50 30 40 32 35 50 33 18 26 46 32 18 32 45 55 63 68 71 78 36 51 52 81 57 37 67 76 59 39 42 65 20 33 45 55 51 38 39 58 49 51 75 29 43 55 64 61 47 48 68 52 62 17 33 36 62 41 21 49 59 65 20 36 39 66 44 24 52 62 35 52 62 77 68 50 61 79 2 16 30 22 20 17 29 29 48 35 20 33 47 51 47 35 36 55 57 37 62 74 40 41 60 21 42 58 
24 39 15 21 31 37 5 7 36 29 16 29 20 32 36 5 27 42 17 47 35 45 29 32 52 8 19 31 44 37 26 29 46 25 37 46 54 25 27 55 27 28 42 39 47 42 24 47 35 18 26 17 20 32 18 5 14 29 19 19 17 27 37 45 53 56 60 24 36 34 65 39 19 52 58 47 21 24 50 20 20 35 37 40 34 21 42 31 34 60 22 29 43 46 48 40 31 52 37 44 12 17 18 46 23 5 34 41 47 12 20 21 49 26 7 37 44 19 35 46 59 52 37 43 61 16 19 14 19 32 12 11 16 30 22 20 17 29 33 36 32 17 38 39 19 46 56 35 23 44 5 28 40 
9 26 13 26 18 23 11 13 23 29 11 16 18 18 28 11 16 28 13 48 23 33 30 33 44 7 13 19 43 25 11 29 39 11 33 31 39 16 19 43 18 13 28 31 33 29 16 35 43 3 13 27 29 26 26 14 33 34 6 15 27 24 37 43 60 62 59 35 42 36 69 38 23 59 60 33 18 21 38 14 6 20 32 25 21 18 32 25 28 48 10 16 29 40 35 25 25 42 45 41 27 26 17 51 20 9 42 41 44 27 28 20 54 23 9 45 44 9 27 35 56 41 23 41 54 24 16 24 12 32 27 10 2 34 8 14 26 25 30 22 20 17 29 34 15 51 54 21 19 34 9 15 41 
38 57 43 7 50 51 26 23 39 58 43 50 16 50 62 26 31 45 22 18 37 42 8 8 38 34 22 34 19 37 42 8 29 41 18 55 59 25 24 51 52 41 53 28 55 61 26 42 11 34 34 15 12 24 46 29 34 61 33 46 15 15 12 21 26 28 32 18 9 8 36 14 10 25 29 51 18 16 43 46 34 45 20 47 54 18 34 22 21 51 43 35 48 29 51 54 22 42 13 21 31 13 17 17 18 29 12 13 23 28 10 14 20 16 26 13 16 28 26 40 35 45 42 20 43 45 47 16 45 61 32 23 34 2 34 46 14 17 16 45 53 17 31 22 20 17 29 53 18 36 29 34 13 
5 24 18 27 17 19 15 16 17 34 16 16 17 16 30 15 10 22 11 47 17 27 28 31 38 13 11 13 40 19 8 28 35 7 30 26 34 12 15 37 20 9 23 27 28 27 11 29 43 2 7 30 31 21 32 19 6 33 44 20 30 21 34 39 59 62 56 38 43 34 68 36 23 59 57 27 16 19 33 18 1 15 28 20 20 16 26 21 24 42 11 10 23 36 29 22 20 36 46 38 32 28 16 50 17 13 43 39 41 31 30 19 53 20 13 45 42 5 23 29 52 35 17 37 49 30 21 27 16 36 32 12 3 33 2 18 28 22 27 16 20 16 23 30 13 50 51 20 17 29 14 9 39 
20 26 3 39 19 28 20 23 36 14 4 15 33 21 16 20 30 39 27 63 36 46 44 47 59 12 29 33 58 39 19 44 55 20 49 38 48 32 35 55 10 22 34 47 40 28 31 48 54 18 27 36 39 41 18 19 15 46 20 40 36 39 51 58 72 74 74 43 54 50 82 53 36 71 74 43 33 36 52 2 20 29 48 35 20 33 47 41 44 62 12 29 39 56 45 29 40 56 56 56 28 36 31 64 35 17 53 56 59 29 39 34 67 38 20 56 59 25 43 49 71 54 35 56 69 15 1 33 4 16 28 23 17 47 22 2 36 40 45 31 16 31 44 50 30 64 70 22 34 49 17 29 55 
35 53 32 10 45 49 16 14 42 45 33 44 18 46 52 16 32 48 20 33 40 48 20 22 50 24 22 37 34 42 38 19 41 37 30 56 62 28 28 58 43 39 53 37 57 56 28 49 19 29 34 0 3 31 32 17 27 15 30 36 34 22 26 36 36 39 48 8 19 23 49 29 10 36 45 54 20 21 51 36 31 45 31 49 49 20 42 29 30 60 37 36 51 41 55 52 29 51 20 35 16 2 17 30 22 19 17 29 38 13 5 17 34 23 17 20 32 26 34 48 50 53 44 35 56 31 36 2 36 49 16 17 28 17 31 36 2 25 27 46 47 16 38 33 20 30 44 49 22 44 20 35 29 
26 44 36 12 38 37 21 19 23 53 35 38 6 37 52 22 16 30 11 25 22 27 7 9 27 28 10 19 18 22 29 7 19 28 10 40 44 11 9 37 42 28 38 14 40 48 11 28 26 23 20 22 21 9 45 27 24 15 21 39 22 58 12 19 40 42 35 29 24 12 46 14 11 39 36 36 6 3 29 38 22 31 10 32 41 6 20 7 8 38 33 21 33 19 36 40 7 29 28 17 34 19 8 29 4 24 27 17 20 32 18 6 31 1 21 28 20 16 11 26 32 31 27 17 35 43 40 21 36 55 35 16 23 13 21 38 20 2 6 31 42 9 16 12 9 29 30 41 4 22 24 20 17 
38 56 48 16 51 49 32 29 34 64 47 51 18 50 65 33 28 39 24 12 32 34 7 4 28 39 23 31 8 32 42 8 18 41 8 51 53 23 21 43 54 41 50 19 51 60 24 34 20 36 32 26 24 17 55 37 37 12 34 51 26 12 88 10 29 31 23 30 18 3 34 2 18 29 23 45 18 15 35 50 35 43 11 43 54 19 26 16 14 41 45 33 43 18 45 52 16 32 22 9 42 24 20 18 17 35 22 4 11 39 21 16 20 14 32 22 7 28 18 32 23 36 37 8 31 53 52 26 49 67 42 28 36 9 34 50 24 12 9 42 54 20 24 12 21 18 19 53 17 27 35 32 4 
42 59 55 26 54 51 40 37 34 72 54 55 25 53 70 41 31 39 30 14 32 32 16 14 21 47 29 32 3 31 46 17 12 44 9 51 51 27 24 38 60 44 50 17 50 63 28 31 29 41 36 36 33 19 63 45 43 21 39 58 36 19 10 91 34 35 17 40 26 13 34 7 27 34 20 44 25 22 30 57 40 45 11 44 58 25 23 18 15 35 50 35 43 11 43 54 19 26 30 1 51 34 27 23 23 43 31 9 1 49 31 24 24 20 40 30 9 34 18 28 14 31 38 2 21 62 59 36 55 74 52 35 42 19 38 57 34 17 12 44 59 28 22 10 28 23 12 56 23 23 43 34 9 
64 83 68 33 77 77 51 48 63 82 68 76 42 76 87 51 56 69 48 20 61 64 32 30 55 59 48 59 31 61 68 32 46 67 37 80 83 51 49 72 77 68 78 48 80 87 51 64 17 60 60 36 33 47 68 53 60 26 59 72 36 40 29 34 37 3 31 32 17 27 15 30 36 0 22 75 44 42 64 72 61 71 40 72 80 44 56 45 43 69 70 61 73 45 75 80 45 60 15 35 50 35 43 11 43 54 19 26 34 47 32 41 10 41 51 16 25 54 48 61 40 65 66 35 54 67 72 38 71 85 51 49 60 26 60 72 36 41 38 71 79 43 53 41 46 11 31 80 44 56 55 60 26 
67 86 71 35 79 79 53 51 65 84 71 78 45 78 90 54 58 70 50 21 63 65 34 32 56 62 51 61 32 63 70 34 47 69 39 82 84 53 51 73 80 70 80 50 82 89 53 65 20 62 62 38 36 48 71 56 62 28 62 74 39 42 31 35 3 31 30 35 20 29 12 31 39 3 21 76 46 44 65 74 63 73 42 74 82 46 57 47 45 70 72 63 74 46 76 82 47 61 18 35 53 38 45 12 45 57 22 27 35 50 35 43 11 43 54 19 26 56 50 63 40 66 68 35 54 70 75 41 73 88 54 52 62 29 62 74 38 42 40 73 82 45 55 42 48 12 30 82 46 57 57 62 27 
59 76 72 39 71 67 56 53 51 88 70 72 41 70 87 56 48 54 46 15 49 47 31 28 32 63 45 49 16 48 63 31 26 61 26 67 66 44 41 51 77 61 67 33 66 79 45 45 35 58 52 48 45 36 78 60 59 32 56 74 48 35 23 17 31 30 70 50 32 26 24 21 41 31 9 59 41 38 44 73 57 61 28 60 75 41 38 35 32 45 67 52 59 25 58 71 36 38 35 18 64 46 43 23 39 58 38 19 15 61 43 40 22 36 55 35 16 50 35 43 11 43 54 19 26 77 75 49 72 91 65 51 58 30 55 73 46 34 29 60 76 43 38 26 44 24 4 73 40 38 59 51 20 
43 61 39 16 54 57 24 22 50 51 40 52 26 54 60 24 41 56 29 34 49 56 25 26 56 32 31 45 38 50 46 25 47 46 36 64 70 36 36 66 51 47 61 44 65 65 36 57 16 38 43 8 8 38 36 24 35 18 38 43 8 29 30 40 32 35 50 101 18 26 46 32 18 32 45 62 28 28 59 44 39 53 37 57 57 28 50 36 37 67 45 45 59 47 63 60 36 58 17 39 18 10 25 29 30 27 14 32 41 15 10 25 32 30 26 17 34 35 41 55 53 61 52 39 61 35 43 11 43 54 19 26 37 21 40 44 10 31 33 54 55 25 46 39 28 29 47 57 29 51 27 43 32 
47 67 51 15 60 60 33 31 48 65 51 59 26 59 70 34 40 54 31 17 46 51 17 16 46 42 32 44 24 47 51 17 36 50 25 65 68 35 34 60 60 51 63 36 65 70 35 51 2 43 44 19 16 33 51 36 42 9 43 54 19 24 18 26 17 20 32 18 71 14 29 19 19 17 27 60 27 26 52 54 44 55 28 57 63 27 43 31 30 59 52 45 58 36 61 64 31 50 4 26 35 18 26 11 27 37 5 17 27 32 15 24 14 26 34 4 18 37 35 49 38 53 51 26 48 50 54 21 53 68 35 32 43 11 43 54 19 26 25 55 62 26 40 29 29 11 30 63 28 44 37 44 17 
38 57 47 13 51 49 30 27 35 62 46 51 17 50 64 30 29 41 23 13 33 37 5 2 31 37 22 32 11 34 42 6 22 41 11 52 55 24 21 46 53 41 51 22 52 60 24 37 16 35 33 22 20 19 52 34 36 8 34 50 23 12 3 13 27 29 26 26 14 86 34 6 15 27 24 47 17 15 38 49 35 44 14 45 54 18 29 17 16 44 45 34 45 21 47 53 17 35 18 13 38 20 18 17 16 33 19 6 15 36 18 15 19 14 30 18 9 28 20 35 27 39 39 12 35 51 50 23 48 65 39 26 35 5 34 49 21 13 11 43 54 19 26 15 20 16 21 53 17 30 33 32 6 
72 91 79 43 85 83 62 59 68 94 79 85 51 84 97 62 62 73 56 22 66 66 39 36 54 70 56 65 32 65 76 39 46 75 41 85 85 57 55 72 87 75 84 51 84 94 58 65 30 69 67 48 45 51 81 65 69 36 68 82 49 46 34 34 15 12 24 46 29 34 22 33 46 15 15 78 51 49 65 82 69 77 44 77 88 52 58 50 48 68 79 67 77 45 78 87 50 60 29 35 64 47 52 18 51 65 32 29 34 61 44 49 15 48 62 29 27 62 52 63 35 65 71 36 50 80 83 50 81 97 65 59 69 35 68 82 48 47 43 77 88 52 56 43 54 19 26 87 51 58 65 66 30 
39 57 50 18 52 49 34 31 34 66 49 52 20 51 66 35 29 39 25 11 32 34 9 6 26 41 24 31 5 32 43 10 17 42 7 51 53 24 22 42 56 42 50 18 51 61 25 33 22 37 33 28 26 17 57 39 38 14 36 53 29 14 2 7 30 31 21 32 19 6 33 87 20 30 21 45 20 17 34 52 36 43 10 44 55 20 25 16 14 40 47 33 43 16 45 53 16 31 23 7 44 26 21 19 18 37 24 4 9 41 23 18 20 15 34 23 6 30 18 31 21 35 38 6 29 55 54 28 50 69 44 29 37 11 35 52 26 13 9 43 56 22 23 11 23 18 17 54 19 26 37 32 3 
28 47 32 3 40 42 15 12 32 47 32 39 8 40 51 15 23 39 12 27 31 38 10 13 39 23 13 28 26 32 32 10 31 31 20 47 53 18 18 48 41 32 45 26 48 51 18 39 20 24 26 10 9 20 37 19 23 10 23 36 10 11 18 27 36 39 41 18 19 15 46 20 109 36 39 45 10 10 41 35 24 37 21 40 44 10 31 18 20 50 33 27 42 31 46 45 18 41 22 26 24 8 7 28 11 18 20 22 28 21 7 7 31 12 15 22 25 18 23 37 41 42 35 25 46 35 36 9 34 50 24 12 23 11 24 35 8 14 17 37 43 7 28 23 11 28 37 43 11 33 19 26 21 
64 83 68 32 76 76 50 48 63 81 68 76 42 76 87 51 56 69 47 20 61 64 32 30 55 59 48 59 31 61 68 32 46 67 37 80 82 51 49 72 77 67 78 48 80 87 51 63 17 60 60 35 32 46 67 52 59 25 59 71 36 39 29 34 0 3 31 32 17 27 15 30 36 38 22 74 43 41 64 71 60 71 40 72 80 44 55 45 43 69 69 61 73 45 75 80 45 60 15 35 50 35 42 11 43 54 18 26 34 47 32 40 10 41 51 15 25 54 48 61 40 64 66 35 54 66 71 38 70 85 50 49 60 26 60 71 35 40 38 71 79 43 53 41 46 11 31 79 43 56 54 59 26 
61 79 71 36 74 71 54 51 55 87 70 74 41 72 88 55 51 59 47 11 53 52 30 27 39 62 46 52 18 52 65 30 32 64 28 71 71 46 43 58 78 63 71 37 71 83 47 51 29 59 55 44 41 38 76 58 60 29 57 74 45 36 23 20 22 21 9 45 27 24 15 21 39 22 52 64 41 38 50 74 58 65 31 64 77 42 44 38 35 53 69 55 63 30 64 74 38 45 28 21 61 43 43 16 40 57 31 18 19 58 40 40 14 37 54 29 15 52 39 49 20 50 58 22 35 74 75 46 72 90 61 50 59 28 57 74 43 35 31 64 78 43 43 30 44 16 11 76 40 43 58 54 19 
24 24 43 47 26 16 42 42 12 56 40 29 36 23 43 42 21 6 33 56 14 12 43 44 29 40 31 17 46 13 23 43 32 23 37 9 8 26 27 14 36 20 11 27 7 27 26 14 62 29 20 54 54 27 59 47 33 51 27 43 54 36 45 44 75 76 59 62 60 47 78 45 45 74 64 20 34 35 17 40 26 13 34 7 27 34 20 29 31 23 30 18 3 34 2 18 29 23 64 42 59 52 37 64 33 41 63 49 45 58 52 38 65 34 40 64 51 28 26 16 50 18 10 42 40 56 44 52 38 57 59 37 30 49 25 40 52 34 36 11 30 37 21 34 34 63 54 25 33 21 41 19 49 
20 39 30 13 33 33 16 13 22 47 29 33 2 32 46 16 13 28 5 30 20 27 12 15 31 22 5 17 24 21 24 12 24 23 16 37 42 8 7 38 36 23 35 18 38 43 8 28 28 17 16 20 20 11 39 21 18 18 16 33 20 6 18 25 44 46 41 28 27 17 51 20 10 43 41 34 59 3 31 32 17 27 15 30 36 0 22 10 12 40 27 17 31 24 35 36 9 31 31 23 30 18 3 34 2 18 29 23 26 29 18 3 36 5 15 31 26 10 14 27 38 33 24 23 40 37 34 18 30 49 31 10 17 17 16 32 18 7 12 27 36 4 18 17 3 33 36 36 1 24 18 16 22 
23 42 33 12 35 35 19 16 22 50 32 35 3 35 49 19 14 29 8 27 21 27 9 12 29 25 7 18 21 22 26 9 21 25 13 39 43 9 8 37 39 26 37 16 39 45 9 28 27 20 18 21 20 10 42 24 21 16 19 36 21 3 15 22 42 44 38 28 26 15 49 17 10 41 38 35 3 62 30 35 20 29 12 31 39 3 21 8 10 39 30 19 32 22 36 38 7 30 29 20 32 18 6 31 1 21 28 20 23 30 18 3 34 2 18 29 23 13 12 26 35 32 25 20 37 40 37 19 33 52 33 13 20 15 19 35 19 4 9 29 39 6 17 14 6 31 33 38 2 23 21 18 19 
32 40 51 42 39 31 44 43 16 66 49 42 33 37 57 45 23 15 33 44 15 6 35 36 12 46 31 19 33 13 33 36 18 32 27 26 22 25 23 8 48 30 27 16 24 42 25 3 54 35 25 51 50 20 65 50 38 43 33 52 51 29 35 30 64 65 44 59 52 38 65 34 41 64 50 17 31 30 47 50 32 26 24 21 41 31 9 22 22 10 40 23 18 19 15 33 22 6 56 29 61 49 35 53 29 44 56 37 31 59 48 34 54 28 43 56 39 30 18 3 34 2 18 29 23 63 53 50 48 68 61 38 36 41 30 50 49 27 27 24 44 35 13 23 32 53 39 39 29 8 45 23 37 
18 23 4 39 16 26 20 23 34 16 3 13 32 18 15 20 28 37 26 62 34 44 44 46 57 12 27 31 57 37 17 43 53 17 48 36 45 30 33 53 8 20 32 45 38 25 30 46 54 16 25 37 39 40 20 20 14 46 18 2 36 38 50 57 72 74 73 44 54 49 82 52 35 71 74 40 32 35 50 61 18 26 46 32 18 32 45 39 42 60 10 27 36 54 42 26 39 54 56 55 29 36 31 64 34 17 53 55 58 31 39 34 66 37 20 56 58 23 41 46 70 52 32 55 68 18 3 34 2 18 29 23 15 46 20 0 36 39 44 29 14 30 42 48 29 63 69 19 33 47 17 27 55 
4 23 18 28 15 18 16 17 17 34 16 15 18 15 29 16 10 22 12 47 17 27 29 32 38 13 12 13 41 19 7 29 35 6 31 25 33 12 15 36 19 8 22 27 27 26 12 29 44 2 7 31 32 22 33 20 6 34 1 20 31 22 35 40 61 63 57 39 44 35 69 36 24 60 58 26 17 20 32 18 36 14 29 19 19 17 27 22 25 42 10 10 23 36 28 21 21 36 47 38 32 29 17 51 18 14 44 40 41 32 31 20 54 21 14 46 43 6 23 29 52 35 17 38 49 30 21 28 16 36 33 13 3 34 2 18 29 23 28 16 19 17 23 31 14 51 52 19 18 29 14 9 39 
11 15 29 40 13 6 31 31 11 42 26 16 29 11 31 31 14 11 25 55 13 20 39 41 36 27 23 12 46 14 10 39 36 9 36 11 19 20 22 26 23 7 8 28 12 18 19 22 56 16 11 45 46 26 45 35 20 45 15 29 45 31 43 45 71 73 61 53 55 44 77 43 37 71 65 13 27 29 26 26 14 7 34 6 15 27 24 27 29 34 16 10 10 37 16 9 26 31 58 43 47 43 29 61 27 29 57 47 46 47 44 31 63 29 29 58 50 18 26 23 54 28 8 43 47 43 30 42 24 43 47 27 18 44 13 26 43 30 34 2 18 29 23 35 26 60 56 13 27 26 29 11 47 
31 48 45 21 43 40 31 29 24 62 44 44 16 42 59 32 20 29 20 22 22 23 12 12 18 37 19 21 12 21 34 12 9 33 3 41 42 16 13 32 49 33 40 8 40 52 17 23 30 30 24 31 29 7 55 37 32 20 28 48 31 10 11 11 40 42 28 37 28 14 44 10 21 40 31 34 15 12 24 46 29 34 68 33 46 15 15 7 4 31 39 24 33 10 34 43 7 21 32 9 44 29 18 29 13 33 32 14 12 42 27 16 31 10 30 32 16 23 8 21 23 25 27 9 25 53 49 30 44 64 45 26 31 18 27 46 29 7 3 33 47 19 13 2 18 29 23 45 13 16 34 23 14 
16 18 35 43 18 9 36 36 9 48 32 22 32 16 36 36 16 6 28 55 11 15 40 42 32 33 26 13 46 12 15 40 34 15 36 7 13 22 23 21 29 13 6 27 8 21 22 18 59 22 14 49 49 26 51 40 25 47 20 35 49 32 43 44 72 74 60 57 57 45 77 44 40 72 64 7 30 31 21 32 19 6 33 4 20 30 21 27 29 29 23 12 4 35 10 12 27 27 61 42 52 47 32 62 29 34 59 48 45 52 47 33 64 31 34 61 50 22 25 19 52 23 6 42 44 49 36 46 30 49 52 31 23 46 18 32 47 31 34 3 23 32 21 34 29 61 55 18 29 23 34 14 47 
15 5 22 47 3 11 32 34 26 30 20 5 37 4 16 32 26 26 32 67 27 35 49 51 51 25 31 26 59 29 12 48 50 13 49 20 30 30 33 41 11 13 16 42 22 8 30 38 64 20 22 49 50 39 38 34 21 54 20 20 49 41 54 58 80 82 75 57 63 54 88 55 44 80 77 27 36 39 41 18 19 15 46 20 36 36 39 39 42 50 11 22 24 52 29 10 39 47 66 56 46 48 37 71 37 29 64 59 59 46 49 39 73 40 31 66 62 26 39 39 68 43 23 56 63 36 21 46 16 30 46 31 20 53 20 18 47 41 46 17 3 36 37 48 34 70 70 2 37 41 29 23 58 
20 39 30 13 32 32 15 13 22 46 29 32 2 32 46 16 13 28 5 31 20 28 12 15 31 21 4 17 25 21 24 12 24 23 16 37 42 8 7 38 35 23 35 18 38 43 8 29 29 17 16 20 20 12 39 21 18 18 16 33 20 6 19 25 44 46 41 28 27 18 52 20 10 44 42 34 0 3 31 32 17 27 15 30 36 59 22 10 12 40 26 17 31 25 35 36 10 32 31 24 30 18 3 34 2 17 29 23 27 28 18 3 37 5 14 31 26 10 14 27 39 33 24 23 40 37 33 18 30 49 30 10 17 17 16 32 18 8 13 27 36 3 18 18 2 34 37 35 2 24 18 16 23 
27 39 45 33 36 30 36 35 13 61 43 39 24 34 54 37 16 16 25 36 11 8 26 27 12 39 22 14 25 9 29 26 12 28 18 28 27 17 15 17 45 27 28 7 27 42 17 8 45 29 19 42 41 11 58 42 32 34 26 47 42 20 26 23 56 57 38 50 43 29 58 25 31 55 44 20 22 21 9 45 27 24 15 21 39 22 46 13 13 18 36 18 20 13 20 33 13 10 47 22 52 40 26 44 20 37 47 29 24 51 39 25 46 19 35 47 31 23 8 6 30 10 16 22 23 56 48 40 43 63 53 30 30 32 24 45 40 18 18 22 41 26 3 14 23 44 34 37 20 2 37 18 29 
24 41 38 20 36 33 26 23 18 55 37 37 11 34 51 26 13 23 14 28 16 20 14 15 21 30 12 14 19 16 27 14 14 26 9 35 37 9 6 30 41 25 34 8 35 44 9 20 33 23 17 29 28 2 49 31 25 22 21 41 29 7 16 18 45 47 35 36 31 17 50 16 18 45 38 29 10 8 22 39 22 27 7 27 39 10 13 69 3 31 32 17 27 15 30 36 0 22 35 17 40 26 13 34 7 27 34 20 19 38 26 12 36 6 24 35 22 16 4 19 30 24 21 16 30 47 42 28 37 57 41 20 24 20 20 39 27 5 7 26 40 14 9 9 12 34 30 38 8 14 27 16 20 
27 44 41 20 39 35 28 26 20 58 40 40 13 37 54 29 15 25 17 26 18 21 13 14 19 33 15 17 16 17 30 13 12 29 7 37 39 12 9 30 44 28 36 6 36 47 12 21 32 26 20 30 29 3 51 34 28 21 24 44 30 8 14 15 43 45 32 37 30 16 48 14 20 43 35 31 12 10 22 42 25 29 4 29 42 12 13 3 70 30 35 20 29 12 31 39 3 21 34 14 42 28 15 32 10 30 34 18 17 40 26 13 34 7 27 34 20 19 4 19 27 23 23 13 27 49 45 29 40 60 43 22 27 19 23 42 28 5 5 29 43 16 10 6 14 32 27 41 10 14 30 19 18 
41 48 61 51 48 39 54 53 26 76 59 51 42 45 66 55 33 23 43 49 25 15 43 43 14 56 40 29 38 23 43 43 23 42 33 32 26 35 33 9 58 40 35 23 30 50 35 13 61 45 35 60 59 29 75 60 48 51 42 62 60 38 41 35 69 70 45 67 59 44 68 40 50 69 53 23 40 39 10 60 42 34 31 29 50 40 18 31 30 34 50 32 26 24 21 41 31 9 63 34 70 58 44 58 38 54 63 43 35 69 57 43 59 37 53 63 44 40 26 13 34 7 27 34 20 73 63 59 57 77 71 48 46 49 40 60 58 36 34 32 53 44 22 29 42 58 42 48 38 16 55 33 43 
9 17 12 36 9 16 21 22 24 26 10 6 28 10 19 20 20 27 22 58 25 34 39 42 48 14 22 22 51 27 7 39 45 8 41 26 36 23 26 43 9 10 22 37 28 19 22 37 53 9 16 37 39 32 29 22 10 43 11 12 37 33 45 50 70 72 67 45 52 45 79 47 33 69 69 30 27 30 40 10 10 16 39 23 11 26 36 32 35 50 81 18 26 46 32 18 32 45 55 49 34 36 27 61 28 17 52 50 52 35 38 29 63 31 19 55 53 17 33 37 63 43 23 48 59 26 13 34 7 27 34 20 9 43 12 10 36 33 38 19 10 26 33 41 24 60 62 12 28 38 17 18 50 
9 24 28 30 19 15 24 24 7 43 26 21 19 17 36 24 4 12 16 45 7 17 29 31 30 23 14 4 36 9 11 28 28 10 27 19 25 10 12 26 27 9 17 20 20 27 9 19 46 12 2 36 37 16 43 29 16 35 10 29 36 21 33 35 61 63 52 45 45 34 67 33 27 61 55 18 17 19 23 27 10 10 24 12 22 17 18 17 20 32 18 53 14 29 19 19 17 27 49 34 41 34 20 51 17 23 47 37 36 40 35 21 53 19 22 48 40 10 17 19 46 25 7 33 41 40 30 34 25 45 41 19 13 34 7 27 34 20 24 10 24 20 15 25 16 50 47 21 17 20 23 1 37 
20 22 39 44 22 13 39 38 9 52 36 26 33 20 40 39 18 4 30 55 11 13 41 42 30 36 28 14 45 11 19 41 32 19 36 8 11 23 24 17 33 16 9 26 7 24 23 15 60 25 16 51 51 26 55 43 29 48 23 39 51 33 43 43 73 74 59 59 58 45 77 43 42 73 63 3 31 32 18 36 23 10 33 4 24 31 20 27 29 26 26 14 27 34 6 15 27 24 62 41 55 49 34 62 30 37 61 47 44 55 49 35 64 32 37 62 49 25 25 17 50 20 7 41 41 52 40 48 34 53 55 34 26 47 21 36 49 32 34 7 27 34 20 33 31 62 54 22 30 21 37 16 47 
37 52 53 31 48 43 41 38 26 70 52 50 26 47 65 41 26 29 29 25 24 22 22 20 10 45 27 25 14 23 40 22 1 39 11 42 41 24 21 27 55 38 42 9 41 55 24 20 38 38 30 41 39 14 64 46 40 29 36 56 41 19 18 11 45 46 25 47 36 21 45 16 31 45 30 34 24 22 19 54 36 37 10 35 52 25 13 15 12 24 46 29 34 69 33 46 15 15 40 10 54 38 28 34 22 42 40 19 11 52 37 25 35 20 40 40 20 31 13 18 17 19 30 10 15 62 57 40 52 72 55 35 39 26 34 54 39 17 13 36 53 28 14 7 27 34 20 50 23 13 43 29 19 
26 26 45 48 28 18 44 43 13 58 42 32 37 26 46 44 22 7 35 56 15 11 44 45 28 42 32 18 46 14 25 44 32 25 37 11 7 27 28 12 39 22 13 27 9 29 27 13 63 31 22 55 55 28 61 48 35 51 29 45 55 36 45 43 75 76 58 63 61 47 78 45 46 75 64 2 35 36 15 42 28 16 34 10 29 35 20 30 31 21 32 19 6 33 15 20 30 21 65 42 61 53 38 64 34 43 64 49 44 60 53 39 65 35 42 65 51 30 26 15 49 17 11 42 38 58 46 53 40 59 61 39 32 50 26 42 53 35 36 13 33 38 21 34 35 64 54 27 34 20 43 21 49 
16 6 30 48 10 3 37 37 20 40 28 14 38 8 26 37 24 18 33 65 22 27 48 50 44 31 31 22 56 23 14 48 45 14 46 10 20 29 31 32 20 13 6 38 12 9 29 30 65 22 20 52 53 35 47 40 25 54 22 29 52 40 52 54 80 82 71 60 64 53 87 53 45 80 74 18 36 38 33 26 21 9 43 12 10 36 33 36 39 41 18 19 15 46 20 55 36 39 67 53 52 50 38 70 36 34 65 57 55 52 52 39 72 38 35 67 59 26 35 31 63 35 17 52 56 44 30 49 25 40 52 34 23 53 20 26 50 40 43 10 13 37 32 44 34 70 66 7 36 35 34 20 56 
23 41 38 19 35 32 25 23 17 54 36 36 11 34 51 26 12 23 13 28 15 20 14 15 21 30 11 14 19 16 27 14 15 25 10 34 37 8 5 30 41 25 33 8 34 44 9 20 33 22 17 29 28 2 48 31 25 22 20 40 29 7 16 19 45 47 36 36 31 17 50 16 18 45 38 29 9 7 22 39 21 26 7 27 39 10 13 0 3 31 32 17 27 15 30 36 69 22 35 17 40 26 13 34 7 27 34 20 20 38 25 11 36 6 24 35 23 15 4 19 31 24 21 17 30 46 41 27 37 57 40 19 23 20 19 39 26 5 7 26 40 13 9 9 11 34 31 38 7 15 27 16 20 
36 45 55 42 44 36 46 44 21 70 53 47 33 42 62 47 26 20 35 40 19 11 34 33 6 49 32 23 29 17 38 34 14 37 24 32 28 27 25 12 53 35 33 14 30 48 27 9 52 38 29 51 50 20 68 52 42 42 36 56 51 29 32 26 60 61 38 58 50 35 60 31 41 60 45 23 31 30 6 54 36 31 21 27 47 32 10 22 21 9 45 27 24 15 21 39 22 41 54 25 62 49 35 49 29 47 54 34 26 60 48 34 50 28 45 54 35 33 17 8 28 5 23 25 17 66 57 50 52 72 62 40 40 39 34 54 49 26 25 29 49 36 13 20 33 49 34 45 30 7 47 27 34 
51 70 53 18 62 64 35 33 52 66 53 62 29 62 72 36 44 58 34 20 50 55 21 20 50 44 35 48 27 51 54 21 40 53 29 68 72 39 37 64 62 54 66 40 69 73 39 55 2 46 47 20 17 37 52 37 45 13 46 56 20 28 22 30 15 18 35 17 4 18 29 23 22 15 28 64 31 29 56 56 47 58 32 61 66 31 47 35 34 63 55 49 62 40 65 67 35 54 6 30 35 20 29 12 31 39 3 21 31 32 17 27 15 30 36 0 22 40 39 53 41 57 55 30 52 51 56 22 55 69 36 34 46 15 47 56 20 30 29 59 65 29 44 33 32 12 33 66 31 48 39 47 21 
41 58 54 25 53 49 39 36 33 70 52 54 24 51 68 39 29 37 29 14 31 31 15 13 20 45 27 31 3 30 44 16 11 43 7 49 50 26 23 37 58 42 49 15 49 61 26 30 29 39 34 35 33 17 62 44 41 21 38 56 35 17 9 1 35 35 18 39 26 13 35 7 26 35 21 42 23 20 29 55 38 43 9 42 56 24 22 17 14 34 49 34 41 10 42 53 17 25 30 62 50 32 26 24 21 41 31 9 3 47 30 23 24 18 38 30 9 32 17 27 15 30 36 0 22 60 57 35 53 73 50 34 40 18 37 55 33 16 11 42 57 26 21 8 26 24 13 55 22 22 42 33 9 
36 51 25 25 43 49 16 17 48 33 26 40 29 44 44 16 39 54 27 49 47 56 34 37 62 20 30 43 50 49 38 34 54 38 44 58 66 36 37 67 37 40 55 48 60 54 35 58 34 30 38 16 19 42 17 12 27 31 32 28 16 34 42 51 50 53 64 18 35 38 64 44 24 50 61 59 30 32 61 29 32 47 44 52 46 30 52 40 42 70 34 41 55 54 61 52 40 62 35 50 65 18 26 46 32 18 32 45 53 3 21 29 49 35 18 35 48 31 44 57 65 63 49 49 70 17 27 15 30 36 0 22 29 33 34 29 17 37 41 49 43 26 48 47 29 46 60 47 32 54 18 40 44 
33 52 33 7 44 47 15 13 39 46 33 43 16 44 52 16 30 46 18 31 38 46 17 19 47 24 20 35 32 39 37 16 38 36 27 54 60 25 25 56 43 37 51 34 55 55 25 46 18 28 32 2 2 28 33 17 26 13 28 36 2 19 24 34 35 38 46 10 18 20 47 26 8 35 43 52 18 18 49 36 29 43 29 47 48 18 40 26 28 58 36 34 49 38 53 50 26 49 20 32 18 34 14 29 19 19 17 27 35 15 3 15 32 20 17 19 29 24 31 45 47 50 42 32 53 32 36 3 36 49 18 16 27 15 30 36 0 22 25 44 46 14 36 31 18 28 42 48 19 41 19 33 26 
21 40 28 10 33 34 13 10 25 44 27 33 2 33 45 13 16 31 5 31 23 31 13 15 35 19 6 20 27 25 25 12 27 24 18 40 45 11 11 41 35 25 37 21 40 44 11 32 27 17 18 16 17 15 36 18 17 17 16 31 17 8 20 27 43 45 43 25 26 18 52 21 7 42 43 37 3 6 35 31 17 29 18 32 37 3 26 13 15 44 27 20 34 28 38 38 13 35 29 26 26 14 55 34 6 15 27 24 29 25 15 3 36 8 12 29 27 11 18 31 41 37 27 25 43 34 32 15 29 47 27 8 17 16 17 31 14 10 15 30 36 0 22 20 3 33 38 36 5 28 16 18 24 
55 74 61 25 67 66 43 40 52 75 60 67 33 66 79 44 46 58 38 9 50 53 22 19 44 51 39 49 20 50 58 22 35 57 26 69 71 41 38 61 69 58 68 37 69 77 41 52 13 51 50 30 27 36 62 46 51 17 50 64 30 29 18 23 11 12 23 29 11 17 18 19 28 11 16 64 34 31 53 64 51 61 29 62 71 34 44 34 32 58 61 51 62 34 64 70 34 49 12 24 46 29 34 30 33 46 15 15 23 43 26 31 3 31 44 13 14 44 37 50 31 53 56 24 44 61 64 32 62 78 47 41 51 17 50 64 29 30 27 60 70 34 42 30 36 0 22 70 34 45 47 49 15 
21 40 32 14 34 33 18 16 21 49 31 34 3 33 47 19 13 27 7 29 19 26 11 14 29 24 6 16 23 20 25 11 22 24 14 37 41 7 6 36 37 24 35 15 37 43 7 27 29 18 16 22 21 9 41 23 20 18 17 35 22 4 17 23 43 45 39 30 27 16 51 18 11 43 40 33 2 1 29 34 18 27 13 29 37 2 20 7 10 38 28 17 30 22 34 36 7 29 31 21 32 19 6 33 60 20 30 21 24 31 19 4 36 3 17 31 24 11 12 25 36 31 24 21 37 39 36 20 32 51 33 12 19 17 17 34 19 5 10 27 37 6 16 15 5 33 34 36 0 22 20 16 21 
18 34 14 21 26 32 3 6 30 29 13 24 17 27 33 3 21 36 13 46 30 39 27 30 48 5 15 26 42 32 20 27 42 20 34 40 48 20 22 50 23 22 36 35 41 37 19 41 37 12 21 20 22 28 21 5 9 29 13 17 19 24 35 43 54 57 58 27 37 33 65 37 18 54 57 41 18 21 44 17 14 29 33 34 29 17 37 27 30 54 17 23 37 42 43 34 27 47 39 41 18 19 15 46 20 73 36 39 44 18 21 18 49 23 3 38 42 14 30 41 56 47 31 41 57 19 17 17 16 32 18 7 11 30 16 17 19 25 30 30 27 15 33 35 15 46 54 30 19 39 0 22 39 
48 68 50 16 60 62 32 30 51 63 50 59 27 60 69 33 42 57 32 22 49 55 20 20 50 41 33 46 29 50 52 20 41 51 30 67 71 37 36 64 60 52 65 40 67 71 37 55 2 43 46 17 14 36 49 34 42 12 43 53 17 27 22 31 19 22 38 14 5 19 32 24 20 18 31 63 29 28 56 53 44 57 32 59 64 29 47 34 34 63 52 47 61 40 64 65 34 54 3 31 32 17 27 15 30 36 1 22 32 28 14 26 18 29 33 3 24 38 38 53 43 57 54 31 53 48 53 19 53 66 32 32 43 14 44 53 17 29 29 57 63 27 44 34 31 15 35 63 30 48 36 46 22 
43 61 53 19 55 53 36 33 38 69 52 56 22 54 69 37 33 43 28 7 36 38 11 8 29 44 28 35 6 36 46 12 20 45 11 55 57 28 25 46 59 45 54 22 55 65 28 37 19 40 37 29 26 21 59 41 41 13 39 56 29 17 4 9 26 27 19 32 17 6 29 4 22 26 18 49 23 20 37 55 40 47 14 48 59 23 29 20 18 43 50 37 47 19 49 57 20 34 21 9 45 27 24 15 21 39 22 44 10 42 24 21 16 19 36 21 3 33 22 35 21 38 42 9 31 57 57 29 53 72 45 32 41 11 39 55 27 17 13 47 59 25 27 15 26 15 15 58 22 30 40 36 0 
44 60 57 27 56 52 42 39 35 73 55 57 27 54 71 42 32 40 32 14 33 33 18 15 21 48 30 33 3 32 47 18 12 46 10 52 52 29 26 39 61 45 52 18 51 64 29 31 30 42 37 37 35 20 65 47 44 23 41 59 38 20 11 1 34 35 15 41 27 15 34 9 28 34 19 45 26 23 31 58 41 46 12 45 59 27 24 19 17 35 52 36 44 11 44 55 20 26 31 3 53 35 29 23 24 44 32 10 60 50 32 26 24 21 41 31 9 35 20 29 12 31 39 3 21 63 60 37 56 76 53 37 43 20 40 58 35 19 14 45 60 29 23 11 29 23 10 58 25 24 45 36 10 
36 52 26 22 44 50 16 16 47 35 27 41 27 45 46 16 38 53 26 46 46 55 32 34 60 21 28 42 47 48 38 31 52 38 41 58 66 34 36 65 39 40 55 47 59 55 34 56 31 30 38 13 16 40 20 12 27 28 31 29 13 32 39 49 47 50 61 15 32 36 61 41 21 47 58 58 29 30 59 31 32 47 42 52 46 28 51 38 40 69 35 40 55 52 60 52 38 60 32 47 3 15 25 43 31 18 28 42 50 71 18 26 46 32 18 32 45 30 43 55 63 61 48 47 67 20 29 12 31 39 3 21 29 30 34 31 14 35 38 48 44 24 47 44 27 43 57 47 30 53 18 39 41 
35 54 35 6 46 49 18 15 40 49 35 45 16 46 55 18 31 46 19 28 38 45 15 17 45 26 21 35 29 39 38 14 37 37 25 55 60 26 25 55 45 39 52 33 55 57 26 46 15 29 33 4 2 28 36 20 28 10 30 39 5 18 21 31 32 35 43 10 15 18 44 23 7 32 40 52 18 18 48 39 31 44 27 47 49 18 39 26 26 57 38 35 49 37 53 52 25 48 17 30 21 3 15 26 19 21 14 24 32 18 40 14 29 19 19 17 27 25 30 44 45 50 42 30 52 35 39 6 38 52 21 18 29 12 31 39 3 21 23 45 48 15 35 29 18 25 39 49 19 40 22 33 23 
23 42 31 9 36 36 16 13 25 47 30 35 1 35 48 16 16 32 7 28 24 31 10 13 33 22 7 21 24 25 27 9 25 26 16 41 46 11 11 41 38 27 39 20 41 46 11 31 25 19 19 17 16 14 39 21 20 14 19 34 17 6 16 24 41 43 40 25 24 15 49 18 7 40 40 38 3 3 34 34 20 31 16 33 39 3 25 12 13 43 29 21 35 25 39 39 11 34 27 23 29 15 3 31 4 18 26 21 26 26 14 59 34 6 15 27 24 13 16 30 38 36 28 22 41 37 35 15 32 50 29 11 20 14 19 34 15 8 12 31 39 3 21 18 5 31 35 39 4 26 19 19 21 
57 76 63 27 70 69 46 43 54 78 63 69 35 69 82 46 48 60 41 10 52 54 24 22 45 54 41 51 21 52 61 24 36 60 28 71 73 43 41 62 72 60 70 39 71 79 43 54 16 53 52 33 30 38 66 49 54 20 53 67 34 31 20 24 10 11 22 32 14 19 15 20 31 10 14 65 36 34 54 66 54 63 31 64 73 37 46 36 34 59 63 53 64 35 65 72 36 50 15 24 49 32 36 3 36 49 18 16 24 46 29 34 25 33 46 15 15 47 39 51 30 54 58 24 44 65 67 35 65 81 50 43 54 20 53 66 32 32 29 62 73 37 44 31 39 3 21 72 36 46 50 52 16 
24 42 35 13 36 35 21 18 22 52 34 37 6 35 50 21 14 28 10 26 20 26 9 11 27 27 9 18 20 21 27 9 19 26 11 38 42 9 7 36 40 26 37 14 39 46 9 26 28 21 18 23 22 8 44 26 23 16 20 38 23 1 14 20 41 43 36 30 26 14 48 15 12 41 37 34 5 2 28 37 21 29 10 31 40 5 19 6 7 37 31 19 32 20 35 38 6 28 30 18 35 20 8 31 3 23 29 19 21 32 19 6 33 62 20 30 21 14 10 25 33 30 25 18 35 42 39 21 35 54 35 15 22 15 20 37 20 2 7 29 40 8 15 12 8 31 31 39 3 21 23 18 18 
18 35 17 19 27 32 2 3 29 32 16 26 14 28 35 2 20 35 10 43 28 38 24 27 45 7 12 24 39 30 21 24 39 20 31 40 47 18 20 48 26 22 37 32 41 39 17 40 34 12 20 18 20 26 24 7 9 26 13 20 17 21 32 40 51 54 55 26 34 30 62 34 15 51 54 40 15 18 43 20 14 29 30 34 31 14 35 24 27 53 19 22 37 40 42 35 24 45 36 38 18 17 12 44 17 3 33 36 41 18 19 15 46 20 78 36 39 12 28 39 53 45 30 38 55 22 20 15 19 35 19 4 11 27 15 20 16 22 27 30 29 12 31 32 12 43 51 31 17 37 3 21 36 
50 69 52 18 62 63 35 32 52 66 52 61 29 62 72 35 44 58 34 20 50 55 21 20 50 43 35 48 27 51 54 21 41 53 29 68 72 38 37 64 62 54 66 40 69 73 39 55 2 46 47 19 17 37 52 37 45 13 45 56 20 28 22 30 16 19 35 17 4 18 29 23 22 15 29 64 31 29 56 56 46 58 32 61 66 31 47 35 34 63 55 48 62 40 65 67 35 54 0 30 35 19 29 13 31 38 3 21 31 32 17 27 15 30 36 7 22 40 39 53 41 57 55 30 52 51 56 22 55 69 35 34 45 15 46 56 20 30 29 58 65 29 44 34 32 12 33 65 31 48 39 47 21 
46 64 56 22 58 56 39 36 40 72 55 58 25 57 72 40 35 45 31 5 38 39 14 11 30 47 31 37 6 38 49 15 21 48 13 57 58 31 28 47 62 48 56 24 57 67 31 39 21 43 40 31 29 24 62 44 44 16 42 59 32 20 7 9 25 26 16 34 18 9 27 6 25 25 15 51 26 23 39 58 43 50 16 50 62 26 31 22 20 44 53 40 49 20 51 59 23 35 22 9 48 29 27 14 24 42 24 3 9 45 27 24 15 21 39 22 42 36 24 36 19 39 44 9 30 60 60 32 56 75 48 35 44 14 42 58 30 20 15 49 62 28 29 16 29 14 12 61 25 31 43 39 3 
10 29 22 22 22 23 14 13 16 39 21 22 11 22 36 14 7 22 6 41 16 25 23 25 34 15 5 12 34 18 13 22 30 12 24 29 36 7 10 36 26 13 26 22 30 32 6 27 38 7 8 26 27 16 35 19 9 28 5 25 26 16 28 34 54 56 50 35 37 28 62 30 18 54 52 28 10 13 30 23 6 18 23 22 26 10 23 16 19 40 17 10 25 31 30 26 15 33 40 32 31 24 11 44 11 14 38 33 35 30 25 13 47 14 12 40 36 100 18 26 46 32 18 32 45 32 26 24 21 41 31 9 8 27 6 23 24 16 21 19 26 11 19 25 8 44 46 25 11 25 14 8 33 
25 40 41 24 36 32 29 27 15 57 39 37 15 34 52 30 13 21 17 30 13 16 18 18 17 33 15 13 20 13 28 18 12 26 11 32 34 11 8 25 42 26 32 4 32 44 11 16 37 25 17 33 32 2 52 35 27 26 23 43 34 11 18 18 48 50 35 41 35 20 52 18 23 48 39 26 14 12 18 41 23 26 8 25 39 14 8 4 4 26 33 17 25 13 26 35 4 17 39 17 44 31 18 37 12 30 38 22 20 43 30 16 39 10 28 39 24 18 65 14 29 19 19 17 27 50 44 32 39 59 45 23 26 24 21 41 31 9 9 25 40 18 5 8 16 37 30 38 12 10 31 16 22 
28 38 47 39 36 28 41 39 13 63 45 39 29 34 54 41 19 13 29 42 12 4 32 33 13 42 27 15 31 9 30 32 16 29 24 25 22 21 19 11 45 27 26 13 23 41 21 2 51 31 21 47 47 16 62 46 35 40 29 49 48 26 32 28 61 63 43 55 49 35 63 31 37 61 49 16 27 26 3 46 29 23 21 19 39 27 6 19 19 13 37 19 17 18 15 31 19 8 53 27 57 45 31 50 25 41 53 35 29 55 44 30 51 25 39 53 36 26 14 52 34 6 15 27 24 59 50 46 44 64 57 35 32 38 27 46 45 24 24 21 41 31 9 20 28 50 38 37 25 5 41 20 35 
54 69 69 40 65 60 54 51 43 85 67 67 39 64 82 55 42 46 44 21 41 38 30 28 22 60 42 42 15 40 57 31 18 56 22 58 56 39 36 41 72 55 59 26 57 72 40 36 40 53 47 50 47 30 77 59 56 35 52 71 50 32 23 14 40 40 11 53 38 27 35 21 41 40 20 50 38 35 34 70 52 54 23 52 68 39 30 30 27 34 63 46 50 17 49 63 31 28 41 15 65 47 41 31 36 56 43 21 12 63 45 38 30 33 53 41 19 46 29 34 48 33 46 15 15 75 72 50 68 88 66 49 54 32 50 70 48 31 26 53 70 41 31 21 41 31 9 67 37 29 57 45 21 
34 42 53 44 41 33 47 45 18 69 51 44 35 39 59 47 25 17 35 45 17 8 37 37 11 48 33 21 33 15 35 37 18 34 28 27 23 27 25 7 51 32 29 17 26 44 27 5 55 37 27 53 52 22 68 52 41 45 35 54 53 31 36 31 65 66 43 61 53 39 65 35 42 64 50 18 33 32 2 52 35 28 25 23 43 33 10 24 23 7 43 25 20 19 17 35 24 5 57 30 63 50 37 53 31 47 57 38 31 61 50 36 54 30 45 57 39 32 19 6 33 43 20 30 21 65 56 51 50 70 63 41 38 43 32 52 51 29 28 26 46 37 14 24 34 53 39 41 31 9 47 25 38 
14 22 34 37 21 13 32 31 3 49 32 23 26 19 39 32 11 5 23 49 5 12 34 36 27 31 21 7 39 6 15 34 28 15 30 13 18 16 17 20 30 12 12 21 13 26 16 14 53 19 10 44 44 20 50 37 23 42 17 35 44 27 37 38 66 68 54 52 51 39 71 38 35 66 58 10 24 25 18 32 17 8 27 6 23 24 16 21 23 27 23 7 7 30 11 17 21 23 55 36 49 42 27 56 24 31 54 42 39 48 42 28 58 25 30 55 44 18 19 15 46 20 83 36 39 47 36 41 30 50 49 27 21 40 15 32 42 25 28 6 26 27 15 28 24 55 49 21 23 18 31 9 41 
40 57 53 24 52 49 38 35 32 70 52 53 23 51 68 39 29 37 28 14 30 30 15 12 20 45 27 30 3 30 44 15 11 42 7 49 49 25 22 37 58 42 49 15 49 61 26 29 28 39 34 34 32 17 61 43 41 20 37 56 35 17 8 2 35 35 19 39 26 12 36 6 25 35 22 42 23 20 29 55 38 43 9 42 56 23 22 16 13 34 48 33 41 10 42 52 17 25 30 0 49 32 25 24 21 41 31 9 3 47 30 22 24 18 38 30 9 32 17 27 15 30 36 63 22 60 57 34 53 72 50 33 40 18 36 55 32 15 10 42 57 26 21 8 26 24 14 54 21 22 41 32 9 
50 62 67 46 60 53 56 53 36 84 66 62 41 58 78 56 39 37 44 34 35 28 36 35 11 60 42 37 24 33 53 37 15 52 26 49 45 38 35 28 68 50 50 22 47 65 38 26 51 51 43 56 54 29 79 61 54 43 49 69 56 35 31 21 54 54 26 61 48 35 50 29 46 54 35 40 40 37 23 68 49 47 25 44 63 40 23 30 27 20 59 41 41 15 38 56 30 17 52 22 70 53 43 44 37 57 53 31 21 67 52 41 44 35 55 52 30 45 27 24 15 21 39 22 18 77 71 55 66 86 70 50 52 40 47 68 54 32 29 45 65 44 26 23 42 44 24 61 38 21 58 41 31 
32 42 14 38 34 43 21 24 47 15 16 31 36 36 30 20 40 52 32 63 48 58 46 49 67 17 34 44 61 50 33 45 61 33 53 53 62 39 42 67 25 36 49 54 55 43 39 60 50 28 38 31 34 48 2 16 24 45 30 15 31 43 53 62 67 70 77 35 50 51 80 55 35 66 74 56 37 40 63 18 30 43 53 49 36 37 56 47 49 73 26 40 52 62 58 44 46 66 51 60 17 32 34 61 39 19 48 57 63 20 35 37 65 42 22 51 60 32 50 59 75 65 47 60 77 36 14 29 19 19 17 27 26 46 32 18 32 45 50 45 32 34 52 55 34 61 72 37 39 58 19 39 57 
21 27 3 39 20 30 21 24 37 13 5 16 34 22 17 20 32 41 28 63 38 48 45 48 60 13 30 34 59 40 21 44 56 21 50 39 49 33 36 56 11 24 36 48 41 29 32 50 54 19 28 36 39 42 16 19 16 47 21 1 36 40 52 59 72 75 75 43 54 50 83 54 36 71 75 44 34 37 53 3 21 30 49 36 21 33 48 42 45 63 13 30 40 57 46 30 41 57 56 57 27 36 32 64 36 17 53 57 60 29 39 35 67 39 20 56 60 26 44 50 72 56 36 57 71 14 53 34 6 15 27 24 18 47 23 3 36 41 46 32 18 32 45 51 31 64 70 23 35 50 17 30 56 
32 50 30 10 43 46 13 11 39 43 30 41 16 43 50 14 30 46 18 34 38 46 19 22 48 22 20 35 34 40 35 19 40 34 29 53 59 25 26 56 41 36 50 36 54 54 25 47 21 26 32 2 5 29 30 14 24 16 27 33 2 21 26 36 38 41 49 11 21 23 50 28 9 38 46 52 18 19 50 34 28 42 30 46 46 18 40 28 29 59 34 34 48 40 53 49 27 50 22 35 15 3 15 32 20 17 19 29 37 12 6 15 35 21 15 22 32 24 32 46 50 51 41 34 55 29 34 93 33 46 15 15 26 18 29 34 2 23 26 43 44 14 37 32 18 32 45 46 20 42 17 32 29 
16 22 5 38 15 24 20 22 31 18 3 11 31 16 16 19 26 35 25 61 32 42 42 45 55 11 26 29 55 34 15 42 51 15 46 34 43 28 31 50 7 18 30 43 36 24 28 44 53 14 23 36 38 38 22 19 12 45 16 4 36 36 49 55 71 73 72 43 53 48 81 50 34 70 72 38 30 33 48 2 16 24 44 30 16 30 43 37 40 57 7 25 34 52 40 25 37 52 55 53 30 36 29 62 32 16 53 53 56 31 38 32 65 35 19 55 56 21 39 44 68 50 30 53 66 19 6 33 65 20 30 21 13 45 18 2 35 37 42 26 13 29 40 46 27 62 67 18 32 45 16 24 53 
36 35 19 54 31 41 35 38 51 3 20 27 49 33 16 35 47 54 44 78 52 62 60 63 75 27 45 49 74 55 34 59 71 35 65 50 60 48 51 70 20 37 47 63 53 36 48 64 68 34 43 49 52 58 20 32 32 61 36 16 49 55 67 74 85 88 91 54 68 65 97 69 50 85 90 57 49 52 68 18 36 43 64 49 30 49 63 57 60 77 27 45 53 72 59 40 57 72 69 73 36 49 47 78 51 32 66 72 76 39 52 50 81 54 35 69 75 41 59 64 88 70 50 72 86 19 15 46 20 36 36 39 33 62 38 18 49 57 62 45 26 47 60 66 46 78 86 32 51 65 32 45 71 
36 51 25 26 43 50 17 18 48 32 26 40 29 44 44 16 39 54 28 50 47 57 35 37 62 20 30 43 50 49 38 34 55 38 44 58 66 36 37 67 37 40 55 49 60 54 36 58 34 30 39 17 20 42 17 12 27 32 32 28 16 35 42 52 51 54 65 19 35 39 65 44 24 50 61 59 31 33 61 29 33 47 45 52 46 30 53 41 43 71 34 41 55 55 61 52 40 62 36 50 0 18 27 47 33 18 32 45 53 3 21 29 50 35 19 35 48 31 45 57 66 63 49 50 70 17 27 15 30 36 64 22 29 34 34 29 18 37 41 49 43 26 49 47 29 46 61 47 32 55 18 40 45 
17 36 20 16 28 31 6 4 26 36 19 27 10 28 38 6 16 32 5 39 25 34 20 23 41 11 8 21 35 27 20 20 34 19 26 38 45 13 15 44 28 21 35 27 39 39 13 36 32 11 17 17 19 21 29 11 10 23 12 23 17 16 28 35 49 52 51 26 32 26 59 29 12 49 50 37 10 13 38 23 13 27 26 31 31 10 30 20 22 48 20 19 34 35 39 34 19 40 34 34 22 16 8 41 12 7 32 32 37 21 18 11 43 15 4 34 35 9 23 35 49 41 27 33 50 27 24 15 21 39 22 90 11 23 14 23 16 18 23 28 30 7 26 28 7 40 46 31 12 32 8 18 32 
7 24 15 27 17 21 13 14 20 31 13 15 18 17 28 13 13 26 12 48 21 31 30 32 42 10 13 17 42 23 9 29 38 9 32 29 37 15 18 40 18 11 25 30 30 27 14 33 43 1 11 29 30 24 29 16 2 34 3 17 28 23 36 42 60 62 58 37 43 35 69 37 23 60 59 30 17 20 36 15 3 18 31 23 20 17 30 24 27 46 9 13 26 39 32 23 23 40 46 40 29 27 17 51 19 11 43 41 43 29 29 20 54 22 11 45 44 8 26 32 54 38 21 40 52 26 18 26 13 33 29 11 29 34 6 15 27 24 29 19 19 17 27 33 15 51 53 20 18 32 11 12 40 
37 57 44 8 50 50 26 23 37 59 43 49 15 49 62 27 29 43 21 16 35 40 6 6 36 34 22 33 17 36 41 6 27 40 15 54 57 24 22 49 52 41 52 25 54 60 24 40 13 33 33 17 14 22 48 30 34 2 33 47 17 13 9 19 26 29 30 21 11 5 35 11 11 26 28 49 17 15 41 46 34 44 18 46 53 17 32 20 19 49 43 34 47 26 50 53 20 39 15 18 33 15 16 17 17 30 14 11 20 30 12 14 20 15 27 15 14 27 24 38 32 43 40 18 40 46 47 18 45 62 34 23 34 58 33 46 15 15 14 44 53 17 29 19 19 17 27 53 17 33 30 33 11 
4 23 20 28 16 17 17 18 14 36 18 17 17 15 31 18 8 20 12 46 15 25 29 31 36 15 11 11 39 17 7 28 33 6 29 24 32 11 14 34 21 7 21 25 25 26 10 27 44 4 5 31 32 20 35 22 8 34 2 22 31 21 34 38 60 62 55 40 43 34 68 35 24 60 57 25 16 19 30 20 2 13 27 18 20 16 24 20 23 40 12 7 21 34 26 20 19 34 47 37 34 30 17 50 17 16 44 39 40 34 31 19 53 20 15 46 42 6 21 27 50 32 15 36 47 32 23 29 18 38 34 14 6 33 39 20 30 21 26 14 20 17 21 29 14 50 50 19 17 27 16 6 38 
18 23 4 39 16 26 20 23 34 16 3 13 32 18 15 20 28 37 26 62 34 44 44 46 57 12 27 31 57 37 17 43 53 17 48 36 45 30 33 53 8 20 32 45 38 25 30 46 54 16 25 37 39 40 20 20 14 46 18 2 36 38 50 57 72 74 73 44 54 49 82 52 35 71 74 40 32 35 50 0 18 26 46 32 18 32 45 39 42 60 10 27 36 54 42 26 39 54 56 55 29 36 31 64 34 17 53 55 58 31 39 34 66 37 20 56 58 23 41 46 70 52 32 55 68 18 3 34 2 18 29 23 15 46 20 38 36 39 44 29 14 30 42 48 29 63 69 19 33 47 17 27 55 
33 52 32 8 44 47 15 13 39 46 32 42 16 44 52 15 30 46 18 32 38 46 17 20 47 24 20 35 32 39 36 17 39 36 28 54 60 25 26 56 43 37 51 34 55 55 25 47 18 28 32 2 3 29 33 17 26 14 28 36 2 20 24 34 36 38 46 10 19 21 48 26 8 35 43 52 18 19 49 36 29 43 29 47 47 18 40 27 28 58 36 34 49 39 53 50 26 49 20 33 17 0 14 29 19 19 17 27 35 14 3 15 32 20 16 20 30 24 31 45 48 51 42 32 54 32 36 2 35 49 18 16 27 15 30 36 34 22 25 44 46 14 36 31 18 29 42 47 19 42 19 33 27 
26 44 38 15 38 36 23 21 22 54 36 38 8 37 53 24 15 28 13 25 20 25 9 10 25 29 11 18 17 20 29 9 17 28 8 39 42 11 8 35 42 28 37 12 39 47 11 25 28 23 20 24 23 7 47 29 25 17 22 40 25 2 12 17 41 42 34 31 26 13 47 13 14 40 35 34 7 4 27 39 23 30 7 31 41 8 18 5 5 36 33 20 32 17 35 40 5 26 30 16 37 22 10 30 5 25 29 17 19 35 21 8 32 2 22 30 20 16 9 24 31 29 25 15 32 45 41 23 37 57 37 18 24 15 21 39 22 54 5 30 42 11 14 10 10 30 29 40 6 19 26 19 17 
30 48 43 17 42 40 28 25 25 59 41 43 13 41 57 29 19 30 18 21 23 26 9 9 22 34 16 22 13 23 34 9 13 32 3 42 44 15 12 35 47 32 41 11 42 51 15 26 27 28 24 27 26 8 51 33 30 16 27 45 27 6 9 12 38 40 29 33 25 11 43 9 17 38 31 36 12 9 27 44 28 34 3 34 46 13 18 7 5 34 38 24 34 13 36 43 7 25 29 11 41 25 15 27 10 30 29 13 14 38 23 12 29 7 27 29 15 21 9 24 26 28 28 10 29 50 46 26 42 62 41 23 29 14 26 44 25 5 68 33 46 15 15 6 15 27 24 45 11 19 31 23 13 
12 16 31 40 15 7 32 32 9 44 29 18 29 13 33 32 14 9 25 54 11 18 39 41 34 29 24 11 45 13 12 38 34 11 36 10 17 20 21 24 25 9 7 27 11 19 19 20 56 18 11 46 46 25 47 36 22 45 16 31 46 31 42 44 71 73 60 54 55 43 77 43 37 71 64 11 27 29 24 29 16 2 33 3 17 27 22 26 29 32 19 10 7 36 13 10 26 29 59 42 49 44 30 60 27 30 57 47 45 48 45 31 62 29 30 58 49 19 25 21 53 26 6 42 45 45 32 43 26 45 49 28 19 44 14 29 44 30 33 12 20 30 21 34 26 60 55 15 27 24 30 11 46 
16 9 19 46 5 14 31 32 28 26 17 3 37 7 13 30 27 29 31 67 30 38 49 51 53 23 31 27 59 32 13 48 52 14 50 24 34 31 34 44 7 14 20 44 26 11 31 40 63 19 23 47 49 40 35 32 20 53 20 16 47 42 54 59 79 82 76 55 62 54 88 56 43 79 78 30 36 39 44 14 19 18 47 23 3 36 41 40 43 53 10 24 27 53 33 13 40 49 65 57 43 46 36 70 37 27 63 59 60 44 48 39 73 40 29 65 62 26 40 41 70 46 26 57 65 32 18 44 13 26 43 30 19 53 20 14 46 42 46 20 31 36 39 49 34 70 71 6 37 43 27 24 59 
21 40 28 10 33 34 12 9 25 44 27 32 2 33 45 13 16 31 4 32 23 31 13 16 35 19 6 20 27 25 24 13 28 23 19 40 45 11 11 42 35 24 37 22 40 43 11 32 27 16 18 16 17 15 36 17 17 17 16 31 16 9 20 28 43 45 43 25 26 19 52 22 7 43 43 37 4 6 35 30 17 29 19 32 36 3 26 14 16 44 26 20 34 28 38 37 13 36 29 26 26 14 0 34 6 15 27 25 29 24 15 3 37 8 12 29 28 11 18 31 41 37 27 26 44 34 32 14 29 47 26 7 17 17 17 30 14 11 15 30 36 55 22 21 3 34 39 36 6 28 15 18 24 
24 38 42 29 34 29 33 31 12 58 40 36 20 33 52 33 13 16 21 35 10 11 23 24 15 35 18 11 24 9 27 23 13 26 16 28 29 13 11 20 42 24 28 5 28 41 13 11 42 25 17 38 37 7 55 38 29 31 23 44 38 16 24 22 53 55 38 46 40 26 56 23 28 53 43 21 18 17 13 42 23 23 13 21 37 18 3 9 10 22 33 15 20 14 21 32 9 13 44 21 48 36 22 42 16 33 44 27 23 47 35 21 44 15 31 44 29 19 5 9 31 14 15 21 26 52 45 37 40 60 49 26 27 29 21 42 36 14 15 21 39 22 49 13 19 42 34 36 16 6 33 15 27 
33 49 47 23 44 41 34 31 24 64 46 46 18 43 61 34 21 29 22 22 22 23 14 13 16 39 21 22 11 22 36 14 7 35 4 41 42 18 15 31 50 34 41 7 41 53 18 22 32 32 26 33 31 9 57 39 34 22 30 50 33 12 12 10 41 42 26 39 29 15 43 11 23 41 30 34 17 14 23 48 31 35 2 34 48 18 14 9 6 29 41 25 33 7 34 44 9 20 33 8 47 31 20 30 15 35 34 15 11 44 29 18 31 12 32 34 16 25 8 20 21 24 28 8 23 55 51 32 46 66 47 28 33 19 29 48 31 10 6 34 49 21 13 67 20 30 21 46 15 15 36 25 14 
18 37 27 14 30 31 13 11 21 44 26 30 3 30 43 14 12 28 2 33 20 28 15 17 33 19 2 17 27 21 22 14 26 21 19 36 42 7 8 38 33 21 34 20 37 41 7 29 30 14 15 20 20 13 37 19 15 20 13 30 20 9 21 28 46 48 44 28 29 20 54 23 11 46 44 34 3 6 32 29 14 26 18 29 34 2 23 12 14 42 24 16 31 27 35 34 11 33 32 26 29 18 3 36 5 15 31 26 29 27 18 5 39 8 12 32 29 8 16 28 41 34 24 26 42 34 31 18 27 46 29 7 15 19 14 29 18 10 15 26 34 3 19 20 93 36 39 33 4 25 15 15 25 
54 73 60 24 67 66 43 40 52 75 60 66 32 66 79 43 46 58 38 10 50 53 21 19 44 51 38 49 20 50 58 22 35 57 26 69 71 40 38 61 69 57 68 37 69 77 41 52 12 50 50 30 26 36 62 46 51 17 50 64 30 29 18 23 11 12 24 29 11 16 19 18 28 11 16 63 33 31 53 63 51 60 29 61 70 34 44 34 32 58 60 50 62 34 64 70 34 49 12 24 46 28 33 0 33 46 15 15 23 43 25 31 3 31 43 12 14 44 37 50 31 53 55 24 44 61 64 32 62 78 46 40 51 17 50 63 29 30 27 60 70 34 42 30 36 31 22 70 33 45 46 49 15 
54 71 67 35 66 62 51 48 46 83 66 67 36 65 82 52 43 50 42 13 44 42 26 23 28 58 41 44 11 43 58 27 22 57 21 62 61 39 36 47 72 56 62 28 61 75 40 41 32 53 48 44 41 31 74 56 54 29 51 70 44 30 19 12 31 30 4 47 30 21 26 17 37 31 11 54 36 33 39 69 52 56 23 55 70 37 34 30 27 42 62 47 54 20 54 66 31 34 33 13 60 42 38 22 34 54 35 15 10 57 39 35 21 31 51 33 12 46 30 38 9 39 49 14 24 72 70 45 67 86 61 46 53 27 50 69 42 29 24 55 71 39 34 21 39 22 30 68 35 33 54 46 15 
15 4 23 47 3 8 33 34 24 32 21 6 37 3 18 33 25 24 31 66 26 33 48 50 49 26 31 24 57 27 11 48 49 12 48 18 28 29 32 39 13 12 14 41 20 7 29 36 63 19 20 49 51 37 40 35 21 53 20 22 49 41 53 56 80 82 73 57 63 53 87 54 43 79 76 25 36 38 39 19 19 13 45 18 2 35 37 38 41 48 12 21 22 50 27 7 38 45 66 55 47 48 36 70 36 30 63 58 58 47 49 39 72 39 31 65 61 25 38 37 67 41 21 54 61 37 23 46 18 32 47 31 20 53 19 19 47 40 45 15 6 36 36 46 33 70 68 40 36 39 30 21 57 
21 40 32 14 33 33 18 15 21 48 30 33 3 32 47 18 12 27 7 29 19 26 12 14 29 23 5 16 23 20 24 11 22 23 14 37 41 7 6 36 37 24 35 16 37 43 7 27 29 18 16 22 21 9 41 23 19 18 17 34 22 4 17 23 44 46 40 29 28 17 51 19 11 43 40 33 1 2 29 33 18 27 13 29 37 2 20 8 10 38 28 17 30 23 34 36 7 30 31 22 32 19 5 34 0 19 30 22 25 30 19 4 36 3 17 31 25 11 12 25 37 31 23 21 38 39 35 20 32 51 32 12 18 17 17 33 19 6 11 27 37 6 16 15 4 33 35 36 60 22 20 16 21 
29 41 47 35 38 31 39 37 15 63 45 41 26 36 56 39 18 17 27 37 13 8 27 28 10 41 24 16 26 11 31 28 11 30 19 29 28 19 17 16 47 29 29 8 28 44 19 7 46 31 21 44 43 12 60 44 34 36 29 49 44 22 27 23 56 57 38 51 44 30 58 26 33 56 43 21 24 23 8 47 29 26 16 23 41 24 2 14 14 16 38 20 21 13 20 35 15 7 48 22 54 41 28 45 22 39 48 30 24 53 40 26 46 21 37 48 31 25 10 5 29 9 18 22 21 58 50 42 45 65 55 32 32 33 27 47 42 19 19 24 43 28 6 15 25 45 33 39 22 43 39 20 30 
18 34 13 22 26 32 3 6 30 29 13 24 18 27 32 3 22 36 13 46 30 40 28 31 48 4 15 26 43 32 20 27 42 20 34 40 48 20 23 50 23 22 37 35 41 37 20 42 37 12 21 20 22 29 21 5 9 29 14 17 20 24 35 43 55 57 59 27 37 33 65 37 19 54 58 41 18 21 45 17 14 29 34 34 29 18 37 27 30 55 17 23 37 43 43 34 27 47 39 42 18 19 16 47 20 0 36 40 45 18 22 19 50 23 3 39 43 14 31 41 57 47 31 41 58 19 17 17 16 32 18 8 11 30 16 17 19 26 31 30 27 15 33 36 15 46 54 30 20 39 72 22 39 
9 24 27 29 19 17 23 22 8 43 25 21 18 18 36 23 3 14 14 44 8 18 27 30 30 22 12 4 36 10 11 27 27 10 26 21 27 8 10 27 27 9 19 19 22 28 8 20 45 11 1 35 35 15 42 28 15 34 9 29 35 20 32 34 60 62 51 43 44 32 66 32 26 59 54 19 16 18 23 27 9 11 23 14 23 16 18 16 19 33 18 1 16 29 21 20 16 27 47 33 40 33 18 49 16 22 46 36 36 39 33 19 52 18 21 47 39 8 16 20 45 25 9 32 41 39 30 32 24 45 40 18 12 33 6 27 33 19 23 11 24 18 15 25 15 49 46 21 16 20 22 79 36 
43 61 52 19 55 53 36 33 38 68 51 55 22 54 69 36 32 43 28 8 36 38 11 8 29 43 27 35 6 36 46 11 20 45 11 55 56 28 25 45 59 45 54 22 55 64 28 37 19 40 37 28 26 21 58 40 41 13 39 55 29 17 4 9 26 27 20 32 17 6 30 3 21 26 19 49 22 19 37 55 39 47 14 47 58 23 29 20 18 43 50 37 47 19 49 56 20 34 21 9 44 26 24 15 21 39 22 0 10 41 23 21 16 18 36 21 3 33 22 35 21 38 41 9 31 57 56 29 53 71 45 32 40 11 38 55 27 17 13 46 59 24 27 14 25 15 15 57 21 30 39 36 45 
