45 10
51 13 15 26 25 20 34 31 17 14 15 21 0 6 23 8 18 2 25 13 7 31 17 18 12 14 12 20 23 5 26 21 46 26 33 20 35 31 18 29 26 12 35 38 18 
13 29 13 15 14 11 22 22 7 25 28 25 12 19 22 13 26 15 21 0 6 23 8 18 10 12 16 10 20 12 16 12 38 13 29 10 23 22 8 17 19 7 22 31 5 
15 13 30 28 15 9 34 18 21 29 25 34 15 19 34 7 33 14 34 13 12 36 8 30 21 0 6 23 8 18 28 25 51 23 41 9 34 18 21 30 12 19 31 44 15 
26 15 28 43 21 22 9 29 8 34 40 25 25 31 17 28 31 28 14 14 20 10 20 19 15 27 31 6 33 23 0 6 23 8 18 21 9 29 8 3 29 14 13 17 12 
25 14 15 21 1 6 23 8 18 39 39 39 25 31 34 21 41 26 32 14 19 31 8 32 24 15 21 20 16 27 21 21 43 13 39 6 23 8 18 21 9 21 17 38 10 
20 11 9 22 6 12 26 11 17 34 33 36 20 25 32 14 37 20 32 11 14 32 2 30 21 8 15 19 11 22 23 21 46 16 39 0 27 11 18 23 8 18 22 40 9 
34 22 34 9 23 26 47 30 17 43 49 33 34 40 25 35 40 37 21 22 28 14 25 27 24 33 38 15 38 32 8 15 21 10 23 25 0 29 16 6 32 23 8 18 18 
31 22 18 29 8 11 30 16 27 46 43 47 31 36 43 25 48 32 41 22 26 40 14 40 32 18 24 28 15 33 30 30 51 21 47 11 30 0 27 29 6 29 23 47 18 
17 7 21 8 18 17 17 27 37 26 32 21 16 23 15 20 25 20 14 7 11 15 15 14 7 20 23 2 27 15 9 4 31 10 21 17 17 26 0 11 25 6 19 23 8 
14 25 29 34 39 34 43 46 26 26 13 15 14 11 22 22 7 15 26 25 20 34 31 17 19 29 25 28 37 12 34 28 49 37 32 34 43 46 26 37 41 20 46 40 30 
15 28 25 40 39 33 49 43 32 13 30 28 15 9 34 18 21 13 36 28 22 44 31 28 26 25 20 34 31 17 41 35 59 41 43 33 50 44 32 43 38 26 50 50 33 
21 25 34 25 39 36 33 47 21 15 28 52 21 22 9 29 8 23 13 24 22 22 33 6 15 34 34 21 43 16 25 20 34 31 17 35 34 47 21 28 44 17 39 26 28 
0 12 15 25 25 20 34 31 16 14 15 21 51 6 23 8 18 3 24 13 6 30 17 17 12 15 13 19 23 4 26 20 46 26 32 20 34 31 17 28 26 11 35 37 18 
6 19 19 31 31 25 40 36 23 11 9 22 6 40 26 11 17 4 29 19 13 35 23 21 17 19 15 25 26 8 32 26 51 32 36 25 41 36 23 34 31 17 41 42 24 
23 22 34 17 34 32 25 43 15 22 34 9 23 26 69 30 17 26 4 21 21 13 30 5 12 33 34 15 42 18 17 13 26 24 9 32 25 42 15 20 41 14 31 17 24 
8 13 7 28 21 14 35 25 20 22 18 29 8 11 30 63 27 7 31 13 9 35 13 25 18 7 4 22 15 13 29 24 51 26 39 15 36 25 20 30 20 16 34 43 17 
18 26 33 31 41 37 40 48 25 7 21 8 18 17 17 27 35 20 21 26 22 30 34 13 18 33 31 26 41 15 32 25 43 36 26 37 40 48 25 34 44 20 44 34 31 
2 15 14 28 26 20 37 32 20 15 13 23 3 4 26 7 20 26 28 15 9 34 18 21 15 14 11 22 22 7 29 23 49 28 35 21 37 32 20 31 26 15 37 41 20 
25 21 34 14 32 32 21 41 14 26 36 13 24 29 4 31 21 28 31 21 22 9 29 8 13 33 35 12 41 20 14 11 22 22 7 31 21 41 14 16 40 14 28 14 22 
13 0 13 14 14 11 22 22 7 25 28 24 13 19 21 13 26 15 21 29 6 23 8 18 9 13 16 9 20 13 15 11 38 13 28 11 22 22 7 17 19 7 22 30 5 
7 6 12 20 19 14 28 26 11 20 22 22 6 13 21 9 22 9 22 6 22 26 11 17 9 12 13 14 20 7 20 15 42 19 30 14 28 26 12 22 22 7 28 34 11 
31 23 36 10 31 32 14 40 15 34 44 22 30 35 13 35 30 34 9 23 26 45 30 17 18 36 39 13 43 27 10 11 15 18 9 31 14 39 15 11 39 19 22 7 22 
17 8 8 20 8 2 25 14 15 31 31 33 17 23 30 13 34 18 29 8 11 30 44 27 18 7 13 17 13 19 21 19 44 15 36 2 26 14 15 22 11 16 22 38 7 
18 18 30 19 32 30 27 40 14 17 28 6 17 21 5 25 13 21 8 18 17 17 27 15 8 29 30 14 38 13 19 13 31 24 15 29 28 40 14 21 38 11 32 22 22 
12 10 21 15 24 21 24 32 7 19 26 15 12 17 12 18 18 15 13 9 9 18 18 8 56 21 22 9 29 8 15 9 34 18 21 20 24 32 7 18 29 2 27 25 13 
14 12 0 27 15 8 33 18 20 29 25 34 15 19 33 7 33 14 33 13 12 36 7 29 21 31 6 23 8 18 28 24 51 23 41 9 34 18 21 29 12 19 30 44 14 
12 16 6 31 21 15 38 24 23 25 20 34 13 15 34 4 31 11 35 16 13 39 13 30 22 6 18 26 11 17 32 28 54 28 43 15 39 24 24 34 18 21 36 47 19 
20 10 23 6 20 19 15 28 2 28 34 21 19 25 15 22 26 22 12 9 14 13 17 14 9 23 26 68 30 17 6 2 28 10 19 19 15 28 2 9 27 8 18 21 10 
23 20 8 33 16 11 38 15 27 37 31 43 23 26 42 15 41 22 41 20 20 43 13 38 29 8 11 30 36 27 34 32 57 28 49 12 39 15 28 35 9 27 34 51 21 
5 12 18 23 27 22 32 33 15 12 17 16 4 8 18 13 15 7 20 13 7 27 19 13 8 18 17 17 27 42 24 17 42 25 28 22 32 33 15 26 29 9 34 34 18 
26 16 28 0 21 23 8 30 9 34 41 25 26 32 17 29 32 29 14 15 20 10 21 19 15 28 32 6 34 24 42 6 23 8 18 22 9 29 8 2 30 14 13 17 13 
21 12 25 6 21 21 15 30 4 28 35 20 20 26 13 24 25 23 11 11 15 11 19 13 9 24 28 2 32 17 6 44 26 11 17 21 15 30 3 9 29 8 19 19 12 
46 38 51 23 43 46 21 51 31 49 59 34 46 51 26 51 43 49 22 38 42 15 44 31 34 51 54 28 57 42 23 26 18 30 17 45 21 51 30 22 52 34 29 8 36 
26 13 23 8 13 16 10 21 10 37 41 31 26 32 24 26 36 28 22 13 19 18 15 24 18 23 28 10 28 25 8 11 30 59 27 15 10 21 10 8 22 16 9 25 8 
33 29 41 18 39 39 23 47 21 32 43 17 32 36 9 39 26 35 7 28 30 9 36 15 21 41 43 19 49 28 18 17 17 27 17 38 23 47 21 20 47 22 31 9 29 
20 10 9 21 6 0 25 11 17 34 33 35 20 25 32 15 37 21 31 11 14 31 2 29 20 9 15 19 12 22 22 21 45 15 38 13 26 11 17 23 8 18 22 39 9 
35 23 34 9 23 27 0 30 17 43 50 34 34 41 25 36 40 37 21 22 28 14 26 28 24 34 39 15 39 32 9 15 21 10 23 26 46 30 17 6 32 23 8 18 19 
31 22 18 29 8 11 29 0 26 46 44 47 31 36 42 25 48 32 41 22 26 39 14 40 32 18 24 28 15 33 29 30 51 21 47 11 30 17 27 29 6 29 23 46 18 
18 8 21 8 18 18 16 27 0 26 32 21 17 23 15 20 25 20 14 7 12 15 15 14 7 21 24 2 28 15 8 3 30 10 21 17 17 27 37 10 26 6 19 23 8 
29 17 30 3 21 23 6 29 11 37 43 28 28 34 20 30 34 31 16 17 22 11 22 21 18 29 34 9 35 26 2 9 22 8 20 23 6 29 10 53 30 17 11 17 14 
26 19 12 29 9 8 32 6 25 41 38 44 26 31 41 20 44 26 40 19 22 39 11 38 29 12 18 27 9 29 30 29 52 22 47 8 32 6 26 30 23 27 26 47 17 
12 7 19 14 21 18 23 29 6 20 26 17 11 17 14 16 20 15 14 7 7 19 16 11 2 19 21 8 27 9 14 8 34 16 22 18 23 29 6 17 27 35 25 26 11 
35 22 31 13 17 22 8 23 19 46 50 39 35 41 31 34 44 37 28 22 28 22 22 32 27 30 36 18 34 34 13 19 29 9 31 22 8 23 19 11 26 25 60 27 17 
38 31 44 17 38 40 18 47 23 40 50 26 37 42 17 43 34 41 14 30 34 7 38 22 25 44 47 21 51 34 17 19 8 25 9 39 18 46 23 17 47 26 27 34 30 
18 5 15 12 10 9 18 18 8 30 33 28 18 24 24 17 31 20 22 5 11 22 7 22 13 14 19 10 21 18 13 12 36 8 29 9 19 18 8 14 17 11 17 30 54 
