36 9
53 46 58 17 55 40 41 30 46 45 9 39 33 52 36 91 44 85 77 87 74 52 96 84 84 75 48 35 43 30 79 77 69 74 62 76 
46 92 26 44 30 15 20 16 26 1 49 8 19 46 37 45 9 39 33 52 36 17 54 39 40 29 21 11 29 22 36 33 23 37 21 49 
58 26 90 48 7 18 46 36 53 26 65 25 43 73 62 46 36 39 44 73 57 9 39 33 52 36 9 27 56 45 26 46 30 57 41 73 
17 44 48 19 43 33 47 32 54 43 26 36 38 65 48 87 46 81 77 93 78 45 87 78 84 73 39 33 52 36 72 77 66 78 64 84 
55 30 7 43 78 18 49 37 56 29 62 26 44 75 63 53 39 46 51 79 63 13 45 40 59 43 9 27 58 46 33 52 36 63 47 78 
40 15 18 33 18 66 31 19 39 15 46 9 26 58 45 54 23 47 46 68 52 11 55 45 54 40 9 9 41 28 39 46 33 52 36 64 
41 20 46 47 49 31 105 16 7 20 40 22 8 26 18 57 10 53 40 46 33 37 72 56 45 40 39 22 9 11 54 39 37 33 23 36 
30 16 36 32 37 19 16 73 23 15 33 12 8 40 26 61 14 55 47 61 46 28 70 56 54 45 27 9 24 9 51 47 39 46 33 52 
46 26 53 54 56 39 7 23 92 26 44 30 15 20 16 58 17 55 40 41 30 43 76 59 44 42 46 30 4 17 58 39 40 29 24 30 
45 1 26 43 29 15 20 15 26 116 48 7 18 46 36 46 9 40 34 53 37 17 55 40 41 30 20 10 29 21 36 34 24 37 22 49 
9 49 65 26 62 46 40 33 44 48 34 43 33 47 32 94 46 88 79 85 74 58 101 88 85 77 55 40 41 30 84 78 72 73 63 73 
39 8 25 36 26 9 22 12 30 7 43 110 18 49 37 52 14 46 41 60 44 16 58 45 48 36 17 3 32 20 40 41 30 44 29 55 
33 19 43 38 44 26 8 8 15 18 33 18 81 31 19 61 12 56 46 55 41 34 73 58 51 45 35 17 15 3 55 45 40 41 30 45 
52 46 73 65 75 58 26 40 20 46 47 49 31 82 16 75 37 73 56 46 41 63 96 78 58 60 65 48 17 31 77 55 59 40 42 30 
36 37 62 48 63 45 18 26 16 36 32 37 19 16 60 74 28 70 56 55 46 53 90 74 60 58 54 36 11 17 72 55 55 45 40 41 
91 45 46 87 53 54 57 61 58 46 94 52 61 75 74 53 48 7 18 46 36 44 30 15 20 16 51 55 62 65 22 20 21 37 33 56 
44 9 36 46 39 23 10 14 17 9 46 14 12 37 28 48 89 43 33 47 32 26 62 46 39 32 30 15 20 16 43 33 27 32 18 41 
85 39 39 81 46 47 53 55 55 40 88 46 56 73 70 7 43 60 18 49 37 37 26 9 22 12 44 49 59 60 15 20 16 38 31 57 
77 33 44 77 51 46 40 47 40 34 79 41 46 56 56 18 33 18 31 31 19 39 44 26 8 8 46 44 45 49 30 2 14 20 16 39 
87 52 73 93 79 68 46 61 41 53 85 60 55 46 55 46 47 49 31 40 16 65 75 58 26 40 72 63 44 57 61 30 45 15 32 16 
74 36 57 78 63 52 33 46 30 37 74 44 41 41 46 36 32 37 19 16 32 49 63 45 17 26 55 47 34 44 48 17 30 1 15 20 
52 17 9 45 13 11 37 28 43 17 58 16 34 63 53 44 26 37 39 65 49 97 43 33 47 32 7 18 46 36 27 40 24 50 33 64 
96 54 39 87 45 55 72 70 76 55 101 58 73 96 90 30 62 26 44 75 63 43 14 18 49 37 48 61 80 77 18 46 36 64 54 83 
84 39 33 78 40 45 56 56 59 40 88 45 58 78 74 15 46 9 26 58 45 33 18 37 31 19 40 48 63 61 7 28 19 46 36 65 
84 40 52 84 59 54 45 54 44 41 85 48 51 58 60 20 39 22 8 26 17 47 49 31 93 16 54 51 48 55 36 7 22 18 21 36 
75 29 36 73 43 40 40 45 42 30 77 36 45 60 58 16 32 12 8 40 26 32 37 19 16 73 39 40 47 48 21 10 7 27 18 46 
48 21 9 39 9 9 39 27 46 20 55 17 35 65 54 51 30 44 46 72 55 7 48 40 54 39 87 18 49 37 33 47 32 56 39 69 
35 11 27 33 27 9 22 9 30 10 40 3 17 48 36 55 15 49 44 63 47 18 61 48 51 40 18 67 31 19 43 44 33 47 32 57 
43 29 56 52 58 41 9 24 4 29 41 32 15 17 11 62 20 59 45 44 34 46 80 63 48 47 49 31 94 16 62 43 44 33 29 32 
30 22 45 36 46 28 11 9 17 21 30 20 3 31 17 65 16 60 49 57 44 36 77 61 55 48 37 19 16 64 58 48 43 44 33 47 
79 36 26 72 33 39 54 51 58 36 84 40 55 77 72 22 43 15 30 61 48 27 18 7 36 21 33 43 62 58 36 31 19 49 37 67 
77 33 46 77 52 46 39 47 39 34 78 41 45 55 55 20 33 20 2 30 17 40 46 28 7 10 47 44 43 48 31 98 16 18 15 37 
69 23 30 66 36 33 37 39 40 24 72 30 40 59 55 21 27 16 14 45 30 24 36 19 22 7 32 33 44 43 19 16 74 30 18 49 
74 37 57 78 63 52 33 46 29 37 73 44 41 40 45 37 32 38 20 15 1 50 64 46 18 27 56 47 33 44 49 18 30 63 16 19 
62 21 41 64 47 36 23 33 24 22 63 29 30 42 40 33 18 31 16 32 15 33 54 36 21 18 39 32 29 33 37 15 18 16 38 31 
76 49 73 84 78 64 36 52 30 49 73 55 45 30 41 56 41 57 39 16 20 64 83 65 36 46 69 57 32 47 67 37 49 19 31 32 
