136 17
6286 1728 1728 5184 576 4608 4032 1152 1152 5184 5760 3456 5760 5760 576 1152 1944 1944 5832 648 5184 4536 1296 1296 5832 6480 3888 6480 6480 648 1296 648 1944 216 1728 1512 432 432 1944 2160 1296 2160 2160 216 432 1944 216 1728 1512 432 432 1944 2160 1296 2160 2160 216 432 648 5184 4536 1296 1296 5832 6480 3888 6480 6480 648 1296 576 504 144 144 648 720 432 720 720 72 144 4032 1152 1152 5184 5760 3456 5760 5760 576 1152 1008 1008 4536 5040 3024 5040 5040 504 1008 288 1296 1440 864 1440 1440 144 288 1296 1440 864 1440 1440 144 288 6480 3888 6480 6480 648 1296 4320 7200 7200 720 1440 4320 4320 432 864 7200 720 1440 720 1440 144 
1728 8015 576 1728 192 1536 1344 384 384 1728 1920 1152 1920 1920 192 384 648 648 1944 216 1728 1512 432 432 1944 2160 1296 2160 2160 216 432 216 648 72 576 504 144 144 648 720 432 720 720 72 144 648 72 576 504 144 144 648 720 432 720 720 72 144 216 1728 1512 432 432 1944 2160 1296 2160 2160 216 432 192 168 48 48 216 240 144 240 240 24 48 1344 384 384 1728 1920 1152 1920 1920 192 384 336 336 1512 1680 1008 1680 1680 168 336 96 432 480 288 480 480 48 96 432 480 288 480 480 48 96 2160 1296 2160 2160 216 432 1440 2400 2400 240 480 1440 1440 144 288 2400 240 480 240 480 48 
1728 576 283 1728 192 1536 1344 384 384 1728 1920 1152 1920 1920 192 384 648 648 1944 216 1728 1512 432 432 1944 2160 1296 2160 2160 216 432 216 648 72 576 504 144 144 648 720 432 720 720 72 144 648 72 576 504 144 144 648 720 432 720 720 72 144 216 1728 1512 432 432 1944 2160 1296 2160 2160 216 432 192 168 48 48 216 240 144 240 240 24 48 1344 384 384 1728 1920 1152 1920 1920 192 384 336 336 1512 1680 1008 1680 1680 168 336 96 432 480 288 480 480 48 96 432 480 288 480 480 48 96 2160 1296 2160 2160 216 432 1440 2400 2400 240 480 1440 1440 144 288 2400 240 480 240 480 48 
5184 1728 1728 5964 576 4608 4032 1152 1152 5184 5760 3456 5760 5760 576 1152 1944 1944 5832 648 5184 4536 1296 1296 5832 6480 3888 6480 6480 648 1296 648 1944 216 1728 1512 432 432 1944 2160 1296 2160 2160 216 432 1944 216 1728 1512 432 432 1944 2160 1296 2160 2160 216 432 648 5184 4536 1296 1296 5832 6480 3888 6480 6480 648 1296 576 504 144 144 648 720 432 720 720 72 144 4032 1152 1152 5184 5760 3456 5760 5760 576 1152 1008 1008 4536 5040 3024 5040 5040 504 1008 288 1296 1440 864 1440 1440 144 288 1296 1440 864 1440 1440 144 288 6480 3888 6480 6480 648 1296 4320 7200 7200 720 1440 4320 4320 432 864 7200 720 1440 720 1440 144 
576 192 192 576 3928 512 448 128 128 576 640 384 640 640 64 128 216 216 648 72 576 504 144 144 648 720 432 720 720 72 144 72 216 24 192 168 48 48 216 240 144 240 240 24 48 216 24 192 168 48 48 216 240 144 240 240 24 48 72 576 504 144 144 648 720 432 720 720 72 144 64 56 16 16 72 80 48 80 80 8 16 448 128 128 576 640 384 640 640 64 128 112 112 504 560 336 560 560 56 112 32 144 160 96 160 160 16 32 144 160 96 160 160 16 32 720 432 720 720 72 144 480 800 800 80 160 480 480 48 96 800 80 160 80 160 16 
4608 1536 1536 4608 512 8028 3584 1024 1024 4608 5120 3072 5120 5120 512 1024 1728 1728 5184 576 4608 4032 1152 1152 5184 5760 3456 5760 5760 576 1152 576 1728 192 1536 1344 384 384 1728 1920 1152 1920 1920 192 384 1728 192 1536 1344 384 384 1728 1920 1152 1920 1920 192 384 576 4608 4032 1152 1152 5184 5760 3456 5760 5760 576 1152 512 448 128 128 576 640 384 640 640 64 128 3584 1024 1024 4608 5120 3072 5120 5120 512 1024 896 896 4032 4480 2688 4480 4480 448 896 256 1152 1280 768 1280 1280 128 256 1152 1280 768 1280 1280 128 256 5760 3456 5760 5760 576 1152 3840 6400 6400 640 1280 3840 3840 384 768 6400 640 1280 640 1280 128 
4032 1344 1344 4032 448 3584 6966 896 896 4032 4480 2688 4480 4480 448 896 1512 1512 4536 504 4032 3528 1008 1008 4536 5040 3024 5040 5040 504 1008 504 1512 168 1344 1176 336 336 1512 1680 1008 1680 1680 168 336 1512 168 1344 1176 336 336 1512 1680 1008 1680 1680 168 336 504 4032 3528 1008 1008 4536 5040 3024 5040 5040 504 1008 448 392 112 112 504 560 336 560 560 56 112 3136 896 896 4032 4480 2688 4480 4480 448 896 784 784 3528 3920 2352 3920 3920 392 784 224 1008 1120 672 1120 1120 112 224 1008 1120 672 1120 1120 112 224 5040 3024 5040 5040 504 1008 3360 5600 5600 560 1120 3360 3360 336 672 5600 560 1120 560 1120 112 
1152 384 384 1152 128 1024 896 8242 256 1152 1280 768 1280 1280 128 256 432 432 1296 144 1152 1008 288 288 1296 1440 864 1440 1440 144 288 144 432 48 384 336 96 96 432 480 288 480 480 48 96 432 48 384 336 96 96 432 480 288 480 480 48 96 144 1152 1008 288 288 1296 1440 864 1440 1440 144 288 128 112 32 32 144 160 96 160 160 16 32 896 256 256 1152 1280 768 1280 1280 128 256 224 224 1008 1120 672 1120 1120 112 224 64 288 320 192 320 320 32 64 288 320 192 320 320 32 64 1440 864 1440 1440 144 288 960 1600 1600 160 320 960 960 96 192 1600 160 320 160 320 32 
1152 384 384 1152 128 1024 896 256 4947 1152 1280 768 1280 1280 128 256 432 432 1296 144 1152 1008 288 288 1296 1440 864 1440 1440 144 288 144 432 48 384 336 96 96 432 480 288 480 480 48 96 432 48 384 336 96 96 432 480 288 480 480 48 96 144 1152 1008 288 288 1296 1440 864 1440 1440 144 288 128 112 32 32 144 160 96 160 160 16 32 896 256 256 1152 1280 768 1280 1280 128 256 224 224 1008 1120 672 1120 1120 112 224 64 288 320 192 320 320 32 64 288 320 192 320 320 32 64 1440 864 1440 1440 144 288 960 1600 1600 160 320 960 960 96 192 1600 160 320 160 320 32 
5184 1728 1728 5184 576 4608 4032 1152 1152 305 5760 3456 5760 5760 576 1152 1944 1944 5832 648 5184 4536 1296 1296 5832 6480 3888 6480 6480 648 1296 648 1944 216 1728 1512 432 432 1944 2160 1296 2160 2160 216 432 1944 216 1728 1512 432 432 1944 2160 1296 2160 2160 216 432 648 5184 4536 1296 1296 5832 6480 3888 6480 6480 648 1296 576 504 144 144 648 720 432 720 720 72 144 4032 1152 1152 5184 5760 3456 5760 5760 576 1152 1008 1008 4536 5040 3024 5040 5040 504 1008 288 1296 1440 864 1440 1440 144 288 1296 1440 864 1440 1440 144 288 6480 3888 6480 6480 648 1296 4320 7200 7200 720 1440 4320 4320 432 864 7200 720 1440 720 1440 144 
5760 1920 1920 5760 640 5120 4480 1280 1280 5760 659 3840 6400 6400 640 1280 2160 2160 6480 720 5760 5040 1440 1440 6480 7200 4320 7200 7200 720 1440 720 2160 240 1920 1680 480 480 2160 2400 1440 2400 2400 240 480 2160 240 1920 1680 480 480 2160 2400 1440 2400 2400 240 480 720 5760 5040 1440 1440 6480 7200 4320 7200 7200 720 1440 640 560 160 160 720 800 480 800 800 80 160 4480 1280 1280 5760 6400 3840 6400 6400 640 1280 1120 1120 5040 5600 3360 5600 5600 560 1120 320 1440 1600 960 1600 1600 160 320 1440 1600 960 1600 1600 160 320 7200 4320 7200 7200 720 1440 4800 8000 8000 800 1600 4800 4800 480 960 8000 800 1600 800 1600 160 
3456 1152 1152 3456 384 3072 2688 768 768 3456 3840 7525 3840 3840 384 768 1296 1296 3888 432 3456 3024 864 864 3888 4320 2592 4320 4320 432 864 432 1296 144 1152 1008 288 288 1296 1440 864 1440 1440 144 288 1296 144 1152 1008 288 288 1296 1440 864 1440 1440 144 288 432 3456 3024 864 864 3888 4320 2592 4320 4320 432 864 384 336 96 96 432 480 288 480 480 48 96 2688 768 768 3456 3840 2304 3840 3840 384 768 672 672 3024 3360 2016 3360 3360 336 672 192 864 960 576 960 960 96 192 864 960 576 960 960 96 192 4320 2592 4320 4320 432 864 2880 4800 4800 480 960 2880 2880 288 576 4800 480 960 480 960 96 
5760 1920 1920 5760 640 5120 4480 1280 1280 5760 6400 3840 4489 6400 640 1280 2160 2160 6480 720 5760 5040 1440 1440 6480 7200 4320 7200 7200 720 1440 720 2160 240 1920 1680 480 480 2160 2400 1440 2400 2400 240 480 2160 240 1920 1680 480 480 2160 2400 1440 2400 2400 240 480 720 5760 5040 1440 1440 6480 7200 4320 7200 7200 720 1440 640 560 160 160 720 800 480 800 800 80 160 4480 1280 1280 5760 6400 3840 6400 6400 640 1280 1120 1120 5040 5600 3360 5600 5600 560 1120 320 1440 1600 960 1600 1600 160 320 1440 1600 960 1600 1600 160 320 7200 4320 7200 7200 720 1440 4800 8000 8000 800 1600 4800 4800 480 960 8000 800 1600 800 1600 160 
5760 1920 1920 5760 640 5120 4480 1280 1280 5760 6400 3840 6400 2196 640 1280 2160 2160 6480 720 5760 5040 1440 1440 6480 7200 4320 7200 7200 720 1440 720 2160 240 1920 1680 480 480 2160 2400 1440 2400 2400 240 480 2160 240 1920 1680 480 480 2160 2400 1440 2400 2400 240 480 720 5760 5040 1440 1440 6480 7200 4320 7200 7200 720 1440 640 560 160 160 720 800 480 800 800 80 160 4480 1280 1280 5760 6400 3840 6400 6400 640 1280 1120 1120 5040 5600 3360 5600 5600 560 1120 320 1440 1600 960 1600 1600 160 320 1440 1600 960 1600 1600 160 320 7200 4320 7200 7200 720 1440 4800 8000 8000 800 1600 4800 4800 480 960 8000 800 1600 800 1600 160 
576 192 192 576 64 512 448 128 128 576 640 384 640 640 3056 128 216 216 648 72 576 504 144 144 648 720 432 720 720 72 144 72 216 24 192 168 48 48 216 240 144 240 240 24 48 216 24 192 168 48 48 216 240 144 240 240 24 48 72 576 504 144 144 648 720 432 720 720 72 144 64 56 16 16 72 80 48 80 80 8 16 448 128 128 576 640 384 640 640 64 128 112 112 504 560 336 560 560 56 112 32 144 160 96 160 160 16 32 144 160 96 160 160 16 32 720 432 720 720 72 144 480 800 800 80 160 480 480 48 96 800 80 160 80 160 16 
1152 384 384 1152 128 1024 896 256 256 1152 1280 768 1280 1280 128 4063 432 432 1296 144 1152 1008 288 288 1296 1440 864 1440 1440 144 288 144 432 48 384 336 96 96 432 480 288 480 480 48 96 432 48 384 336 96 96 432 480 288 480 480 48 96 144 1152 1008 288 288 1296 1440 864 1440 1440 144 288 128 112 32 32 144 160 96 160 160 16 32 896 256 256 1152 1280 768 1280 1280 128 256 224 224 1008 1120 672 1120 1120 112 224 64 288 320 192 320 320 32 64 288 320 192 320 320 32 64 1440 864 1440 1440 144 288 960 1600 1600 160 320 960 960 96 192 1600 160 320 160 320 32 
1944 648 648 1944 216 1728 1512 432 432 1944 2160 1296 2160 2160 216 432 4074 729 2187 243 1944 1701 486 486 2187 2430 1458 2430 2430 243 486 243 729 81 648 567 162 162 729 810 486 810 810 81 162 729 81 648 567 162 162 729 810 486 810 810 81 162 243 1944 1701 486 486 2187 2430 1458 2430 2430 243 486 216 189 54 54 243 270 162 270 270 27 54 1512 432 432 1944 2160 1296 2160 2160 216 432 378 378 1701 1890 1134 1890 1890 189 378 108 486 540 324 540 540 54 108 486 540 324 540 540 54 108 2430 1458 2430 2430 243 486 1620 2700 2700 270 540 1620 1620 162 324 2700 270 540 270 540 54 
1944 648 648 1944 216 1728 1512 432 432 1944 2160 1296 2160 2160 216 432 729 1024 2187 243 1944 1701 486 486 2187 2430 1458 2430 2430 243 486 243 729 81 648 567 162 162 729 810 486 810 810 81 162 729 81 648 567 162 162 729 810 486 810 810 81 162 243 1944 1701 486 486 2187 2430 1458 2430 2430 243 486 216 189 54 54 243 270 162 270 270 27 54 1512 432 432 1944 2160 1296 2160 2160 216 432 378 378 1701 1890 1134 1890 1890 189 378 108 486 540 324 540 540 54 108 486 540 324 540 540 54 108 2430 1458 2430 2430 243 486 1620 2700 2700 270 540 1620 1620 162 324 2700 270 540 270 540 54 
5832 1944 1944 5832 648 5184 4536 1296 1296 5832 6480 3888 6480 6480 648 1296 2187 2187 2908 729 5832 5103 1458 1458 6561 7290 4374 7290 7290 729 1458 729 2187 243 1944 1701 486 486 2187 2430 1458 2430 2430 243 486 2187 243 1944 1701 486 486 2187 2430 1458 2430 2430 243 486 729 5832 5103 1458 1458 6561 7290 4374 7290 7290 729 1458 648 567 162 162 729 810 486 810 810 81 162 4536 1296 1296 5832 6480 3888 6480 6480 648 1296 1134 1134 5103 5670 3402 5670 5670 567 1134 324 1458 1620 972 1620 1620 162 324 1458 1620 972 1620 1620 162 324 7290 4374 7290 7290 729 1458 4860 8100 8100 810 1620 4860 4860 486 972 8100 810 1620 810 1620 162 
648 216 216 648 72 576 504 144 144 648 720 432 720 720 72 144 243 243 729 8417 648 567 162 162 729 810 486 810 810 81 162 81 243 27 216 189 54 54 243 270 162 270 270 27 54 243 27 216 189 54 54 243 270 162 270 270 27 54 81 648 567 162 162 729 810 486 810 810 81 162 72 63 18 18 81 90 54 90 90 9 18 504 144 144 648 720 432 720 720 72 144 126 126 567 630 378 630 630 63 126 36 162 180 108 180 180 18 36 162 180 108 180 180 18 36 810 486 810 810 81 162 540 900 900 90 180 540 540 54 108 900 90 180 90 180 18 
5184 1728 1728 5184 576 4608 4032 1152 1152 5184 5760 3456 5760 5760 576 1152 1944 1944 5832 648 5015 4536 1296 1296 5832 6480 3888 6480 6480 648 1296 648 1944 216 1728 1512 432 432 1944 2160 1296 2160 2160 216 432 1944 216 1728 1512 432 432 1944 2160 1296 2160 2160 216 432 648 5184 4536 1296 1296 5832 6480 3888 6480 6480 648 1296 576 504 144 144 648 720 432 720 720 72 144 4032 1152 1152 5184 5760 3456 5760 5760 576 1152 1008 1008 4536 5040 3024 5040 5040 504 1008 288 1296 1440 864 1440 1440 144 288 1296 1440 864 1440 1440 144 288 6480 3888 6480 6480 648 1296 4320 7200 7200 720 1440 4320 4320 432 864 7200 720 1440 720 1440 144 
4536 1512 1512 4536 504 4032 3528 1008 1008 4536 5040 3024 5040 5040 504 1008 1701 1701 5103 567 4536 1783 1134 1134 5103 5670 3402 5670 5670 567 1134 567 1701 189 1512 1323 378 378 1701 1890 1134 1890 1890 189 378 1701 189 1512 1323 378 378 1701 1890 1134 1890 1890 189 378 567 4536 3969 1134 1134 5103 5670 3402 5670 5670 567 1134 504 441 126 126 567 630 378 630 630 63 126 3528 1008 1008 4536 5040 3024 5040 5040 504 1008 882 882 3969 4410 2646 4410 4410 441 882 252 1134 1260 756 1260 1260 126 252 1134 1260 756 1260 1260 126 252 5670 3402 5670 5670 567 1134 3780 6300 6300 630 1260 3780 3780 378 756 6300 630 1260 630 1260 126 
1296 432 432 1296 144 1152 1008 288 288 1296 1440 864 1440 1440 144 288 486 486 1458 162 1296 1134 9118 324 1458 1620 972 1620 1620 162 324 162 486 54 432 378 108 108 486 540 324 540 540 54 108 486 54 432 378 108 108 486 540 324 540 540 54 108 162 1296 1134 324 324 1458 1620 972 1620 1620 162 324 144 126 36 36 162 180 108 180 180 18 36 1008 288 288 1296 1440 864 1440 1440 144 288 252 252 1134 1260 756 1260 1260 126 252 72 324 360 216 360 360 36 72 324 360 216 360 360 36 72 1620 972 1620 1620 162 324 1080 1800 1800 180 360 1080 1080 108 216 1800 180 360 180 360 36 
1296 432 432 1296 144 1152 1008 288 288 1296 1440 864 1440 1440 144 288 486 486 1458 162 1296 1134 324 1988 1458 1620 972 1620 1620 162 324 162 486 54 432 378 108 108 486 540 324 540 540 54 108 486 54 432 378 108 108 486 540 324 540 540 54 108 162 1296 1134 324 324 1458 1620 972 1620 1620 162 324 144 126 36 36 162 180 108 180 180 18 36 1008 288 288 1296 1440 864 1440 1440 144 288 252 252 1134 1260 756 1260 1260 126 252 72 324 360 216 360 360 36 72 324 360 216 360 360 36 72 1620 972 1620 1620 162 324 1080 1800 1800 180 360 1080 1080 108 216 1800 180 360 180 360 36 
5832 1944 1944 5832 648 5184 4536 1296 1296 5832 6480 3888 6480 6480 648 1296 2187 2187 6561 729 5832 5103 1458 1458 9615 7290 4374 7290 7290 729 1458 729 2187 243 1944 1701 486 486 2187 2430 1458 2430 2430 243 486 2187 243 1944 1701 486 486 2187 2430 1458 2430 2430 243 486 729 5832 5103 1458 1458 6561 7290 4374 7290 7290 729 1458 648 567 162 162 729 810 486 810 810 81 162 4536 1296 1296 5832 6480 3888 6480 6480 648 1296 1134 1134 5103 5670 3402 5670 5670 567 1134 324 1458 1620 972 1620 1620 162 324 1458 1620 972 1620 1620 162 324 7290 4374 7290 7290 729 1458 4860 8100 8100 810 1620 4860 4860 486 972 8100 810 1620 810 1620 162 
6480 2160 2160 6480 720 5760 5040 1440 1440 6480 7200 4320 7200 7200 720 1440 2430 2430 7290 810 6480 5670 1620 1620 7290 9497 4860 8100 8100 810 1620 810 2430 270 2160 1890 540 540 2430 2700 1620 2700 2700 270 540 2430 270 2160 1890 540 540 2430 2700 1620 2700 2700 270 540 810 6480 5670 1620 1620 7290 8100 4860 8100 8100 810 1620 720 630 180 180 810 900 540 900 900 90 180 5040 1440 1440 6480 7200 4320 7200 7200 720 1440 1260 1260 5670 6300 3780 6300 6300 630 1260 360 1620 1800 1080 1800 1800 180 360 1620 1800 1080 1800 1800 180 360 8100 4860 8100 8100 810 1620 5400 9000 9000 900 1800 5400 5400 540 1080 9000 900 1800 900 1800 180 
3888 1296 1296 3888 432 3456 3024 864 864 3888 4320 2592 4320 4320 432 864 1458 1458 4374 486 3888 3402 972 972 4374 4860 3529 4860 4860 486 972 486 1458 162 1296 1134 324 324 1458 1620 972 1620 1620 162 324 1458 162 1296 1134 324 324 1458 1620 972 1620 1620 162 324 486 3888 3402 972 972 4374 4860 2916 4860 4860 486 972 432 378 108 108 486 540 324 540 540 54 108 3024 864 864 3888 4320 2592 4320 4320 432 864 756 756 3402 3780 2268 3780 3780 378 756 216 972 1080 648 1080 1080 108 216 972 1080 648 1080 1080 108 216 4860 2916 4860 4860 486 972 3240 5400 5400 540 1080 3240 3240 324 648 5400 540 1080 540 1080 108 
6480 2160 2160 6480 720 5760 5040 1440 1440 6480 7200 4320 7200 7200 720 1440 2430 2430 7290 810 6480 5670 1620 1620 7290 8100 4860 1058 8100 810 1620 810 2430 270 2160 1890 540 540 2430 2700 1620 2700 2700 270 540 2430 270 2160 1890 540 540 2430 2700 1620 2700 2700 270 540 810 6480 5670 1620 1620 7290 8100 4860 8100 8100 810 1620 720 630 180 180 810 900 540 900 900 90 180 5040 1440 1440 6480 7200 4320 7200 7200 720 1440 1260 1260 5670 6300 3780 6300 6300 630 1260 360 1620 1800 1080 1800 1800 180 360 1620 1800 1080 1800 1800 180 360 8100 4860 8100 8100 810 1620 5400 9000 9000 900 1800 5400 5400 540 1080 9000 900 1800 900 1800 180 
6480 2160 2160 6480 720 5760 5040 1440 1440 6480 7200 4320 7200 7200 720 1440 2430 2430 7290 810 6480 5670 1620 1620 7290 8100 4860 8100 9545 810 1620 810 2430 270 2160 1890 540 540 2430 2700 1620 2700 2700 270 540 2430 270 2160 1890 540 540 2430 2700 1620 2700 2700 270 540 810 6480 5670 1620 1620 7290 8100 4860 8100 8100 810 1620 720 630 180 180 810 900 540 900 900 90 180 5040 1440 1440 6480 7200 4320 7200 7200 720 1440 1260 1260 5670 6300 3780 6300 6300 630 1260 360 1620 1800 1080 1800 1800 180 360 1620 1800 1080 1800 1800 180 360 8100 4860 8100 8100 810 1620 5400 9000 9000 900 1800 5400 5400 540 1080 9000 900 1800 900 1800 180 
648 216 216 648 72 576 504 144 144 648 720 432 720 720 72 144 243 243 729 81 648 567 162 162 729 810 486 810 810 165 162 81 243 27 216 189 54 54 243 270 162 270 270 27 54 243 27 216 189 54 54 243 270 162 270 270 27 54 81 648 567 162 162 729 810 486 810 810 81 162 72 63 18 18 81 90 54 90 90 9 18 504 144 144 648 720 432 720 720 72 144 126 126 567 630 378 630 630 63 126 36 162 180 108 180 180 18 36 162 180 108 180 180 18 36 810 486 810 810 81 162 540 900 900 90 180 540 540 54 108 900 90 180 90 180 18 
1296 432 432 1296 144 1152 1008 288 288 1296 1440 864 1440 1440 144 288 486 486 1458 162 1296 1134 324 324 1458 1620 972 1620 1620 162 1327 162 486 54 432 378 108 108 486 540 324 540 540 54 108 486 54 432 378 108 108 486 540 324 540 540 54 108 162 1296 1134 324 324 1458 1620 972 1620 1620 162 324 144 126 36 36 162 180 108 180 180 18 36 1008 288 288 1296 1440 864 1440 1440 144 288 252 252 1134 1260 756 1260 1260 126 252 72 324 360 216 360 360 36 72 324 360 216 360 360 36 72 1620 972 1620 1620 162 324 1080 1800 1800 180 360 1080 1080 108 216 1800 180 360 180 360 36 
648 216 216 648 72 576 504 144 144 648 720 432 720 720 72 144 243 243 729 81 648 567 162 162 729 810 486 810 810 81 162 3509 243 27 216 189 54 54 243 270 162 270 270 27 54 243 27 216 189 54 54 243 270 162 270 270 27 54 81 648 567 162 162 729 810 486 810 810 81 162 72 63 18 18 81 90 54 90 90 9 18 504 144 144 648 720 432 720 720 72 144 126 126 567 630 378 630 630 63 126 36 162 180 108 180 180 18 36 162 180 108 180 180 18 36 810 486 810 810 81 162 540 900 900 90 180 540 540 54 108 900 90 180 90 180 18 
1944 648 648 1944 216 1728 1512 432 432 1944 2160 1296 2160 2160 216 432 729 729 2187 243 1944 1701 486 486 2187 2430 1458 2430 2430 243 486 243 9361 81 648 567 162 162 729 810 486 810 810 81 162 729 81 648 567 162 162 729 810 486 810 810 81 162 243 1944 1701 486 486 2187 2430 1458 2430 2430 243 486 216 189 54 54 243 270 162 270 270 27 54 1512 432 432 1944 2160 1296 2160 2160 216 432 378 378 1701 1890 1134 1890 1890 189 378 108 486 540 324 540 540 54 108 486 540 324 540 540 54 108 2430 1458 2430 2430 243 486 1620 2700 2700 270 540 1620 1620 162 324 2700 270 540 270 540 54 
216 72 72 216 24 192 168 48 48 216 240 144 240 240 24 48 81 81 243 27 216 189 54 54 243 270 162 270 270 27 54 27 81 8926 72 63 18 18 81 90 54 90 90 9 18 81 9 72 63 18 18 81 90 54 90 90 9 18 27 216 189 54 54 243 270 162 270 270 27 54 24 21 6 6 27 30 18 30 30 3 6 168 48 48 216 240 144 240 240 24 48 42 42 189 210 126 210 210 21 42 12 54 60 36 60 60 6 12 54 60 36 60 60 6 12 270 162 270 270 27 54 180 300 300 30 60 180 180 18 36 300 30 60 30 60 6 
1728 576 576 1728 192 1536 1344 384 384 1728 1920 1152 1920 1920 192 384 648 648 1944 216 1728 1512 432 432 1944 2160 1296 2160 2160 216 432 216 648 72 9348 504 144 144 648 720 432 720 720 72 144 648 72 576 504 144 144 648 720 432 720 720 72 144 216 1728 1512 432 432 1944 2160 1296 2160 2160 216 432 192 168 48 48 216 240 144 240 240 24 48 1344 384 384 1728 1920 1152 1920 1920 192 384 336 336 1512 1680 1008 1680 1680 168 336 96 432 480 288 480 480 48 96 432 480 288 480 480 48 96 2160 1296 2160 2160 216 432 1440 2400 2400 240 480 1440 1440 144 288 2400 240 480 240 480 48 
1512 504 504 1512 168 1344 1176 336 336 1512 1680 1008 1680 1680 168 336 567 567 1701 189 1512 1323 378 378 1701 1890 1134 1890 1890 189 378 189 567 63 504 2464 126 126 567 630 378 630 630 63 126 567 63 504 441 126 126 567 630 378 630 630 63 126 189 1512 1323 378 378 1701 1890 1134 1890 1890 189 378 168 147 42 42 189 210 126 210 210 21 42 1176 336 336 1512 1680 1008 1680 1680 168 336 294 294 1323 1470 882 1470 1470 147 294 84 378 420 252 420 420 42 84 378 420 252 420 420 42 84 1890 1134 1890 1890 189 378 1260 2100 2100 210 420 1260 1260 126 252 2100 210 420 210 420 42 
432 144 144 432 48 384 336 96 96 432 480 288 480 480 48 96 162 162 486 54 432 378 108 108 486 540 324 540 540 54 108 54 162 18 144 126 2422 36 162 180 108 180 180 18 36 162 18 144 126 36 36 162 180 108 180 180 18 36 54 432 378 108 108 486 540 324 540 540 54 108 48 42 12 12 54 60 36 60 60 6 12 336 96 96 432 480 288 480 480 48 96 84 84 378 420 252 420 420 42 84 24 108 120 72 120 120 12 24 108 120 72 120 120 12 24 540 324 540 540 54 108 360 600 600 60 120 360 360 36 72 600 60 120 60 120 12 
432 144 144 432 48 384 336 96 96 432 480 288 480 480 48 96 162 162 486 54 432 378 108 108 486 540 324 540 540 54 108 54 162 18 144 126 36 274 162 180 108 180 180 18 36 162 18 144 126 36 36 162 180 108 180 180 18 36 54 432 378 108 108 486 540 324 540 540 54 108 48 42 12 12 54 60 36 60 60 6 12 336 96 96 432 480 288 480 480 48 96 84 84 378 420 252 420 420 42 84 24 108 120 72 120 120 12 24 108 120 72 120 120 12 24 540 324 540 540 54 108 360 600 600 60 120 360 360 36 72 600 60 120 60 120 12 
1944 648 648 1944 216 1728 1512 432 432 1944 2160 1296 2160 2160 216 432 729 729 2187 243 1944 1701 486 486 2187 2430 1458 2430 2430 243 486 243 729 81 648 567 162 162 5748 810 486 810 810 81 162 729 81 648 567 162 162 729 810 486 810 810 81 162 243 1944 1701 486 486 2187 2430 1458 2430 2430 243 486 216 189 54 54 243 270 162 270 270 27 54 1512 432 432 1944 2160 1296 2160 2160 216 432 378 378 1701 1890 1134 1890 1890 189 378 108 486 540 324 540 540 54 108 486 540 324 540 540 54 108 2430 1458 2430 2430 243 486 1620 2700 2700 270 540 1620 1620 162 324 2700 270 540 270 540 54 
2160 720 720 2160 240 1920 1680 480 480 2160 2400 1440 2400 2400 240 480 810 810 2430 270 2160 1890 540 540 2430 2700 1620 2700 2700 270 540 270 810 90 720 630 180 180 810 7533 540 900 900 90 180 810 90 720 630 180 180 810 900 540 900 900 90 180 270 2160 1890 540 540 2430 2700 1620 2700 2700 270 540 240 210 60 60 270 300 180 300 300 30 60 1680 480 480 2160 2400 1440 2400 2400 240 480 420 420 1890 2100 1260 2100 2100 210 420 120 540 600 360 600 600 60 120 540 600 360 600 600 60 120 2700 1620 2700 2700 270 540 1800 3000 3000 300 600 1800 1800 180 360 3000 300 600 300 600 60 
1296 432 432 1296 144 1152 1008 288 288 1296 1440 864 1440 1440 144 288 486 486 1458 162 1296 1134 324 324 1458 1620 972 1620 1620 162 324 162 486 54 432 378 108 108 486 540 8500 540 540 54 108 486 54 432 378 108 108 486 540 324 540 540 54 108 162 1296 1134 324 324 1458 1620 972 1620 1620 162 324 144 126 36 36 162 180 108 180 180 18 36 1008 288 288 1296 1440 864 1440 1440 144 288 252 252 1134 1260 756 1260 1260 126 252 72 324 360 216 360 360 36 72 324 360 216 360 360 36 72 1620 972 1620 1620 162 324 1080 1800 1800 180 360 1080 1080 108 216 1800 180 360 180 360 36 
2160 720 720 2160 240 1920 1680 480 480 2160 2400 1440 2400 2400 240 480 810 810 2430 270 2160 1890 540 540 2430 2700 1620 2700 2700 270 540 270 810 90 720 630 180 180 810 900 540 9736 900 90 180 810 90 720 630 180 180 810 900 540 900 900 90 180 270 2160 1890 540 540 2430 2700 1620 2700 2700 270 540 240 210 60 60 270 300 180 300 300 30 60 1680 480 480 2160 2400 1440 2400 2400 240 480 420 420 1890 2100 1260 2100 2100 210 420 120 540 600 360 600 600 60 120 540 600 360 600 600 60 120 2700 1620 2700 2700 270 540 1800 3000 3000 300 600 1800 1800 180 360 3000 300 600 300 600 60 
2160 720 720 2160 240 1920 1680 480 480 2160 2400 1440 2400 2400 240 480 810 810 2430 270 2160 1890 540 540 2430 2700 1620 2700 2700 270 540 270 810 90 720 630 180 180 810 900 540 900 695 90 180 810 90 720 630 180 180 810 900 540 900 900 90 180 270 2160 1890 540 540 2430 2700 1620 2700 2700 270 540 240 210 60 60 270 300 180 300 300 30 60 1680 480 480 2160 2400 1440 2400 2400 240 480 420 420 1890 2100 1260 2100 2100 210 420 120 540 600 360 600 600 60 120 540 600 360 600 600 60 120 2700 1620 2700 2700 270 540 1800 3000 3000 300 600 1800 1800 180 360 3000 300 600 300 600 60 
216 72 72 216 24 192 168 48 48 216 240 144 240 240 24 48 81 81 243 27 216 189 54 54 243 270 162 270 270 27 54 27 81 9 72 63 18 18 81 90 54 90 90 3447 18 81 9 72 63 18 18 81 90 54 90 90 9 18 27 216 189 54 54 243 270 162 270 270 27 54 24 21 6 6 27 30 18 30 30 3 6 168 48 48 216 240 144 240 240 24 48 42 42 189 210 126 210 210 21 42 12 54 60 36 60 60 6 12 54 60 36 60 60 6 12 270 162 270 270 27 54 180 300 300 30 60 180 180 18 36 300 30 60 30 60 6 
432 144 144 432 48 384 336 96 96 432 480 288 480 480 48 96 162 162 486 54 432 378 108 108 486 540 324 540 540 54 108 54 162 18 144 126 36 36 162 180 108 180 180 18 1325 162 18 144 126 36 36 162 180 108 180 180 18 36 54 432 378 108 108 486 540 324 540 540 54 108 48 42 12 12 54 60 36 60 60 6 12 336 96 96 432 480 288 480 480 48 96 84 84 378 420 252 420 420 42 84 24 108 120 72 120 120 12 24 108 120 72 120 120 12 24 540 324 540 540 54 108 360 600 600 60 120 360 360 36 72 600 60 120 60 120 12 
1944 648 648 1944 216 1728 1512 432 432 1944 2160 1296 2160 2160 216 432 729 729 2187 243 1944 1701 486 486 2187 2430 1458 2430 2430 243 486 243 729 81 648 567 162 162 729 810 486 810 810 81 162 9992 81 648 567 162 162 729 810 486 810 810 81 162 243 1944 1701 486 486 2187 2430 1458 2430 2430 243 486 216 189 54 54 243 270 162 270 270 27 54 1512 432 432 1944 2160 1296 2160 2160 216 432 378 378 1701 1890 1134 1890 1890 189 378 108 486 540 324 540 540 54 108 486 540 324 540 540 54 108 2430 1458 2430 2430 243 486 1620 2700 2700 270 540 1620 1620 162 324 2700 270 540 270 540 54 
216 72 72 216 24 192 168 48 48 216 240 144 240 240 24 48 81 81 243 27 216 189 54 54 243 270 162 270 270 27 54 27 81 9 72 63 18 18 81 90 54 90 90 9 18 81 467 72 63 18 18 81 90 54 90 90 9 18 27 216 189 54 54 243 270 162 270 270 27 54 24 21 6 6 27 30 18 30 30 3 6 168 48 48 216 240 144 240 240 24 48 42 42 189 210 126 210 210 21 42 12 54 60 36 60 60 6 12 54 60 36 60 60 6 12 270 162 270 270 27 54 180 300 300 30 60 180 180 18 36 300 30 60 30 60 6 
1728 576 576 1728 192 1536 1344 384 384 1728 1920 1152 1920 1920 192 384 648 648 1944 216 1728 1512 432 432 1944 2160 1296 2160 2160 216 432 216 648 72 576 504 144 144 648 720 432 720 720 72 144 648 72 8010 504 144 144 648 720 432 720 720 72 144 216 1728 1512 432 432 1944 2160 1296 2160 2160 216 432 192 168 48 48 216 240 144 240 240 24 48 1344 384 384 1728 1920 1152 1920 1920 192 384 336 336 1512 1680 1008 1680 1680 168 336 96 432 480 288 480 480 48 96 432 480 288 480 480 48 96 2160 1296 2160 2160 216 432 1440 2400 2400 240 480 1440 1440 144 288 2400 240 480 240 480 48 
1512 504 504 1512 168 1344 1176 336 336 1512 1680 1008 1680 1680 168 336 567 567 1701 189 1512 1323 378 378 1701 1890 1134 1890 1890 189 378 189 567 63 504 441 126 126 567 630 378 630 630 63 126 567 63 504 6717 126 126 567 630 378 630 630 63 126 189 1512 1323 378 378 1701 1890 1134 1890 1890 189 378 168 147 42 42 189 210 126 210 210 21 42 1176 336 336 1512 1680 1008 1680 1680 168 336 294 294 1323 1470 882 1470 1470 147 294 84 378 420 252 420 420 42 84 378 420 252 420 420 42 84 1890 1134 1890 1890 189 378 1260 2100 2100 210 420 1260 1260 126 252 2100 210 420 210 420 42 
432 144 144 432 48 384 336 96 96 432 480 288 480 480 48 96 162 162 486 54 432 378 108 108 486 540 324 540 540 54 108 54 162 18 144 126 36 36 162 180 108 180 180 18 36 162 18 144 126 8704 36 162 180 108 180 180 18 36 54 432 378 108 108 486 540 324 540 540 54 108 48 42 12 12 54 60 36 60 60 6 12 336 96 96 432 480 288 480 480 48 96 84 84 378 420 252 420 420 42 84 24 108 120 72 120 120 12 24 108 120 72 120 120 12 24 540 324 540 540 54 108 360 600 600 60 120 360 360 36 72 600 60 120 60 120 12 
432 144 144 432 48 384 336 96 96 432 480 288 480 480 48 96 162 162 486 54 432 378 108 108 486 540 324 540 540 54 108 54 162 18 144 126 36 36 162 180 108 180 180 18 36 162 18 144 126 36 1859 162 180 108 180 180 18 36 54 432 378 108 108 486 540 324 540 540 54 108 48 42 12 12 54 60 36 60 60 6 12 336 96 96 432 480 288 480 480 48 96 84 84 378 420 252 420 420 42 84 24 108 120 72 120 120 12 24 108 120 72 120 120 12 24 540 324 540 540 54 108 360 600 600 60 120 360 360 36 72 600 60 120 60 120 12 
1944 648 648 1944 216 1728 1512 432 432 1944 2160 1296 2160 2160 216 432 729 729 2187 243 1944 1701 486 486 2187 2430 1458 2430 2430 243 486 243 729 81 648 567 162 162 729 810 486 810 810 81 162 729 81 648 567 162 162 1287 810 486 810 810 81 162 243 1944 1701 486 486 2187 2430 1458 2430 2430 243 486 216 189 54 54 243 270 162 270 270 27 54 1512 432 432 1944 2160 1296 2160 2160 216 432 378 378 1701 1890 1134 1890 1890 189 378 108 486 540 324 540 540 54 108 486 540 324 540 540 54 108 2430 1458 2430 2430 243 486 1620 2700 2700 270 540 1620 1620 162 324 2700 270 540 270 540 54 
2160 720 720 2160 240 1920 1680 480 480 2160 2400 1440 2400 2400 240 480 810 810 2430 270 2160 1890 540 540 2430 2700 1620 2700 2700 270 540 270 810 90 720 630 180 180 810 900 540 900 900 90 180 810 90 720 630 180 180 810 6302 540 900 900 90 180 270 2160 1890 540 540 2430 2700 1620 2700 2700 270 540 240 210 60 60 270 300 180 300 300 30 60 1680 480 480 2160 2400 1440 2400 2400 240 480 420 420 1890 2100 1260 2100 2100 210 420 120 540 600 360 600 600 60 120 540 600 360 600 600 60 120 2700 1620 2700 2700 270 540 1800 3000 3000 300 600 1800 1800 180 360 3000 300 600 300 600 60 
1296 432 432 1296 144 1152 1008 288 288 1296 1440 864 1440 1440 144 288 486 486 1458 162 1296 1134 324 324 1458 1620 972 1620 1620 162 324 162 486 54 432 378 108 108 486 540 324 540 540 54 108 486 54 432 378 108 108 486 540 6099 540 540 54 108 162 1296 1134 324 324 1458 1620 972 1620 1620 162 324 144 126 36 36 162 180 108 180 180 18 36 1008 288 288 1296 1440 864 1440 1440 144 288 252 252 1134 1260 756 1260 1260 126 252 72 324 360 216 360 360 36 72 324 360 216 360 360 36 72 1620 972 1620 1620 162 324 1080 1800 1800 180 360 1080 1080 108 216 1800 180 360 180 360 36 
2160 720 720 2160 240 1920 1680 480 480 2160 2400 1440 2400 2400 240 480 810 810 2430 270 2160 1890 540 540 2430 2700 1620 2700 2700 270 540 270 810 90 720 630 180 180 810 900 540 900 900 90 180 810 90 720 630 180 180 810 900 540 4808 900 90 180 270 2160 1890 540 540 2430 2700 1620 2700 2700 270 540 240 210 60 60 270 300 180 300 300 30 60 1680 480 480 2160 2400 1440 2400 2400 240 480 420 420 1890 2100 1260 2100 2100 210 420 120 540 600 360 600 600 60 120 540 600 360 600 600 60 120 2700 1620 2700 2700 270 540 1800 3000 3000 300 600 1800 1800 180 360 3000 300 600 300 600 60 
2160 720 720 2160 240 1920 1680 480 480 2160 2400 1440 2400 2400 240 480 810 810 2430 270 2160 1890 540 540 2430 2700 1620 2700 2700 270 540 270 810 90 720 630 180 180 810 900 540 900 900 90 180 810 90 720 630 180 180 810 900 540 900 5660 90 180 270 2160 1890 540 540 2430 2700 1620 2700 2700 270 540 240 210 60 60 270 300 180 300 300 30 60 1680 480 480 2160 2400 1440 2400 2400 240 480 420 420 1890 2100 1260 2100 2100 210 420 120 540 600 360 600 600 60 120 540 600 360 600 600 60 120 2700 1620 2700 2700 270 540 1800 3000 3000 300 600 1800 1800 180 360 3000 300 600 300 600 60 
216 72 72 216 24 192 168 48 48 216 240 144 240 240 24 48 81 81 243 27 216 189 54 54 243 270 162 270 270 27 54 27 81 9 72 63 18 18 81 90 54 90 90 9 18 81 9 72 63 18 18 81 90 54 90 90 873 18 27 216 189 54 54 243 270 162 270 270 27 54 24 21 6 6 27 30 18 30 30 3 6 168 48 48 216 240 144 240 240 24 48 42 42 189 210 126 210 210 21 42 12 54 60 36 60 60 6 12 54 60 36 60 60 6 12 270 162 270 270 27 54 180 300 300 30 60 180 180 18 36 300 30 60 30 60 6 
432 144 144 432 48 384 336 96 96 432 480 288 480 480 48 96 162 162 486 54 432 378 108 108 486 540 324 540 540 54 108 54 162 18 144 126 36 36 162 180 108 180 180 18 36 162 18 144 126 36 36 162 180 108 180 180 18 4964 54 432 378 108 108 486 540 324 540 540 54 108 48 42 12 12 54 60 36 60 60 6 12 336 96 96 432 480 288 480 480 48 96 84 84 378 420 252 420 420 42 84 24 108 120 72 120 120 12 24 108 120 72 120 120 12 24 540 324 540 540 54 108 360 600 600 60 120 360 360 36 72 600 60 120 60 120 12 
648 216 216 648 72 576 504 144 144 648 720 432 720 720 72 144 243 243 729 81 648 567 162 162 729 810 486 810 810 81 162 81 243 27 216 189 54 54 243 270 162 270 270 27 54 243 27 216 189 54 54 243 270 162 270 270 27 54 765 648 567 162 162 729 810 486 810 810 81 162 72 63 18 18 81 90 54 90 90 9 18 504 144 144 648 720 432 720 720 72 144 126 126 567 630 378 630 630 63 126 36 162 180 108 180 180 18 36 162 180 108 180 180 18 36 810 486 810 810 81 162 540 900 900 90 180 540 540 54 108 900 90 180 90 180 18 
5184 1728 1728 5184 576 4608 4032 1152 1152 5184 5760 3456 5760 5760 576 1152 1944 1944 5832 648 5184 4536 1296 1296 5832 6480 3888 6480 6480 648 1296 648 1944 216 1728 1512 432 432 1944 2160 1296 2160 2160 216 432 1944 216 1728 1512 432 432 1944 2160 1296 2160 2160 216 432 648 6051 4536 1296 1296 5832 6480 3888 6480 6480 648 1296 576 504 144 144 648 720 432 720 720 72 144 4032 1152 1152 5184 5760 3456 5760 5760 576 1152 1008 1008 4536 5040 3024 5040 5040 504 1008 288 1296 1440 864 1440 1440 144 288 1296 1440 864 1440 1440 144 288 6480 3888 6480 6480 648 1296 4320 7200 7200 720 1440 4320 4320 432 864 7200 720 1440 720 1440 144 
4536 1512 1512 4536 504 4032 3528 1008 1008 4536 5040 3024 5040 5040 504 1008 1701 1701 5103 567 4536 3969 1134 1134 5103 5670 3402 5670 5670 567 1134 567 1701 189 1512 1323 378 378 1701 1890 1134 1890 1890 189 378 1701 189 1512 1323 378 378 1701 1890 1134 1890 1890 189 378 567 4536 990 1134 1134 5103 5670 3402 5670 5670 567 1134 504 441 126 126 567 630 378 630 630 63 126 3528 1008 1008 4536 5040 3024 5040 5040 504 1008 882 882 3969 4410 2646 4410 4410 441 882 252 1134 1260 756 1260 1260 126 252 1134 1260 756 1260 1260 126 252 5670 3402 5670 5670 567 1134 3780 6300 6300 630 1260 3780 3780 378 756 6300 630 1260 630 1260 126 
1296 432 432 1296 144 1152 1008 288 288 1296 1440 864 1440 1440 144 288 486 486 1458 162 1296 1134 324 324 1458 1620 972 1620 1620 162 324 162 486 54 432 378 108 108 486 540 324 540 540 54 108 486 54 432 378 108 108 486 540 324 540 540 54 108 162 1296 1134 1252 324 1458 1620 972 1620 1620 162 324 144 126 36 36 162 180 108 180 180 18 36 1008 288 288 1296 1440 864 1440 1440 144 288 252 252 1134 1260 756 1260 1260 126 252 72 324 360 216 360 360 36 72 324 360 216 360 360 36 72 1620 972 1620 1620 162 324 1080 1800 1800 180 360 1080 1080 108 216 1800 180 360 180 360 36 
1296 432 432 1296 144 1152 1008 288 288 1296 1440 864 1440 1440 144 288 486 486 1458 162 1296 1134 324 324 1458 1620 972 1620 1620 162 324 162 486 54 432 378 108 108 486 540 324 540 540 54 108 486 54 432 378 108 108 486 540 324 540 540 54 108 162 1296 1134 324 3487 1458 1620 972 1620 1620 162 324 144 126 36 36 162 180 108 180 180 18 36 1008 288 288 1296 1440 864 1440 1440 144 288 252 252 1134 1260 756 1260 1260 126 252 72 324 360 216 360 360 36 72 324 360 216 360 360 36 72 1620 972 1620 1620 162 324 1080 1800 1800 180 360 1080 1080 108 216 1800 180 360 180 360 36 
5832 1944 1944 5832 648 5184 4536 1296 1296 5832 6480 3888 6480 6480 648 1296 2187 2187 6561 729 5832 5103 1458 1458 6561 7290 4374 7290 7290 729 1458 729 2187 243 1944 1701 486 486 2187 2430 1458 2430 2430 243 486 2187 243 1944 1701 486 486 2187 2430 1458 2430 2430 243 486 729 5832 5103 1458 1458 2106 7290 4374 7290 7290 729 1458 648 567 162 162 729 810 486 810 810 81 162 4536 1296 1296 5832 6480 3888 6480 6480 648 1296 1134 1134 5103 5670 3402 5670 5670 567 1134 324 1458 1620 972 1620 1620 162 324 1458 1620 972 1620 1620 162 324 7290 4374 7290 7290 729 1458 4860 8100 8100 810 1620 4860 4860 486 972 8100 810 1620 810 1620 162 
6480 2160 2160 6480 720 5760 5040 1440 1440 6480 7200 4320 7200 7200 720 1440 2430 2430 7290 810 6480 5670 1620 1620 7290 8100 4860 8100 8100 810 1620 810 2430 270 2160 1890 540 540 2430 2700 1620 2700 2700 270 540 2430 270 2160 1890 540 540 2430 2700 1620 2700 2700 270 540 810 6480 5670 1620 1620 7290 294 4860 8100 8100 810 1620 720 630 180 180 810 900 540 900 900 90 180 5040 1440 1440 6480 7200 4320 7200 7200 720 1440 1260 1260 5670 6300 3780 6300 6300 630 1260 360 1620 1800 1080 1800 1800 180 360 1620 1800 1080 1800 1800 180 360 8100 4860 8100 8100 810 1620 5400 9000 9000 900 1800 5400 5400 540 1080 9000 900 1800 900 1800 180 
3888 1296 1296 3888 432 3456 3024 864 864 3888 4320 2592 4320 4320 432 864 1458 1458 4374 486 3888 3402 972 972 4374 4860 2916 4860 4860 486 972 486 1458 162 1296 1134 324 324 1458 1620 972 1620 1620 162 324 1458 162 1296 1134 324 324 1458 1620 972 1620 1620 162 324 486 3888 3402 972 972 4374 4860 4568 4860 4860 486 972 432 378 108 108 486 540 324 540 540 54 108 3024 864 864 3888 4320 2592 4320 4320 432 864 756 756 3402 3780 2268 3780 3780 378 756 216 972 1080 648 1080 1080 108 216 972 1080 648 1080 1080 108 216 4860 2916 4860 4860 486 972 3240 5400 5400 540 1080 3240 3240 324 648 5400 540 1080 540 1080 108 
6480 2160 2160 6480 720 5760 5040 1440 1440 6480 7200 4320 7200 7200 720 1440 2430 2430 7290 810 6480 5670 1620 1620 7290 8100 4860 8100 8100 810 1620 810 2430 270 2160 1890 540 540 2430 2700 1620 2700 2700 270 540 2430 270 2160 1890 540 540 2430 2700 1620 2700 2700 270 540 810 6480 5670 1620 1620 7290 8100 4860 9308 8100 810 1620 720 630 180 180 810 900 540 900 900 90 180 5040 1440 1440 6480 7200 4320 7200 7200 720 1440 1260 1260 5670 6300 3780 6300 6300 630 1260 360 1620 1800 1080 1800 1800 180 360 1620 1800 1080 1800 1800 180 360 8100 4860 8100 8100 810 1620 5400 9000 9000 900 1800 5400 5400 540 1080 9000 900 1800 900 1800 180 
6480 2160 2160 6480 720 5760 5040 1440 1440 6480 7200 4320 7200 7200 720 1440 2430 2430 7290 810 6480 5670 1620 1620 7290 8100 4860 8100 8100 810 1620 810 2430 270 2160 1890 540 540 2430 2700 1620 2700 2700 270 540 2430 270 2160 1890 540 540 2430 2700 1620 2700 2700 270 540 810 6480 5670 1620 1620 7290 8100 4860 8100 387 810 1620 720 630 180 180 810 900 540 900 900 90 180 5040 1440 1440 6480 7200 4320 7200 7200 720 1440 1260 1260 5670 6300 3780 6300 6300 630 1260 360 1620 1800 1080 1800 1800 180 360 1620 1800 1080 1800 1800 180 360 8100 4860 8100 8100 810 1620 5400 9000 9000 900 1800 5400 5400 540 1080 9000 900 1800 900 1800 180 
648 216 216 648 72 576 504 144 144 648 720 432 720 720 72 144 243 243 729 81 648 567 162 162 729 810 486 810 810 81 162 81 243 27 216 189 54 54 243 270 162 270 270 27 54 243 27 216 189 54 54 243 270 162 270 270 27 54 81 648 567 162 162 729 810 486 810 810 7079 162 72 63 18 18 81 90 54 90 90 9 18 504 144 144 648 720 432 720 720 72 144 126 126 567 630 378 630 630 63 126 36 162 180 108 180 180 18 36 162 180 108 180 180 18 36 810 486 810 810 81 162 540 900 900 90 180 540 540 54 108 900 90 180 90 180 18 
1296 432 432 1296 144 1152 1008 288 288 1296 1440 864 1440 1440 144 288 486 486 1458 162 1296 1134 324 324 1458 1620 972 1620 1620 162 324 162 486 54 432 378 108 108 486 540 324 540 540 54 108 486 54 432 378 108 108 486 540 324 540 540 54 108 162 1296 1134 324 324 1458 1620 972 1620 1620 162 8895 144 126 36 36 162 180 108 180 180 18 36 1008 288 288 1296 1440 864 1440 1440 144 288 252 252 1134 1260 756 1260 1260 126 252 72 324 360 216 360 360 36 72 324 360 216 360 360 36 72 1620 972 1620 1620 162 324 1080 1800 1800 180 360 1080 1080 108 216 1800 180 360 180 360 36 
576 192 192 576 64 512 448 128 128 576 640 384 640 640 64 128 216 216 648 72 576 504 144 144 648 720 432 720 720 72 144 72 216 24 192 168 48 48 216 240 144 240 240 24 48 216 24 192 168 48 48 216 240 144 240 240 24 48 72 576 504 144 144 648 720 432 720 720 72 144 1883 56 16 16 72 80 48 80 80 8 16 448 128 128 576 640 384 640 640 64 128 112 112 504 560 336 560 560 56 112 32 144 160 96 160 160 16 32 144 160 96 160 160 16 32 720 432 720 720 72 144 480 800 800 80 160 480 480 48 96 800 80 160 80 160 16 
504 168 168 504 56 448 392 112 112 504 560 336 560 560 56 112 189 189 567 63 504 441 126 126 567 630 378 630 630 63 126 63 189 21 168 147 42 42 189 210 126 210 210 21 42 189 21 168 147 42 42 189 210 126 210 210 21 42 63 504 441 126 126 567 630 378 630 630 63 126 56 5325 14 14 63 70 42 70 70 7 14 392 112 112 504 560 336 560 560 56 112 98 98 441 490 294 490 490 49 98 28 126 140 84 140 140 14 28 126 140 84 140 140 14 28 630 378 630 630 63 126 420 700 700 70 140 420 420 42 84 700 70 140 70 140 14 
144 48 48 144 16 128 112 32 32 144 160 96 160 160 16 32 54 54 162 18 144 126 36 36 162 180 108 180 180 18 36 18 54 6 48 42 12 12 54 60 36 60 60 6 12 54 6 48 42 12 12 54 60 36 60 60 6 12 18 144 126 36 36 162 180 108 180 180 18 36 16 14 4872 4 18 20 12 20 20 2 4 112 32 32 144 160 96 160 160 16 32 28 28 126 140 84 140 140 14 28 8 36 40 24 40 40 4 8 36 40 24 40 40 4 8 180 108 180 180 18 36 120 200 200 20 40 120 120 12 24 200 20 40 20 40 4 
144 48 48 144 16 128 112 32 32 144 160 96 160 160 16 32 54 54 162 18 144 126 36 36 162 180 108 180 180 18 36 18 54 6 48 42 12 12 54 60 36 60 60 6 12 54 6 48 42 12 12 54 60 36 60 60 6 12 18 144 126 36 36 162 180 108 180 180 18 36 16 14 4 211 18 20 12 20 20 2 4 112 32 32 144 160 96 160 160 16 32 28 28 126 140 84 140 140 14 28 8 36 40 24 40 40 4 8 36 40 24 40 40 4 8 180 108 180 180 18 36 120 200 200 20 40 120 120 12 24 200 20 40 20 40 4 
648 216 216 648 72 576 504 144 144 648 720 432 720 720 72 144 243 243 729 81 648 567 162 162 729 810 486 810 810 81 162 81 243 27 216 189 54 54 243 270 162 270 270 27 54 243 27 216 189 54 54 243 270 162 270 270 27 54 81 648 567 162 162 729 810 486 810 810 81 162 72 63 18 18 157 90 54 90 90 9 18 504 144 144 648 720 432 720 720 72 144 126 126 567 630 378 630 630 63 126 36 162 180 108 180 180 18 36 162 180 108 180 180 18 36 810 486 810 810 81 162 540 900 900 90 180 540 540 54 108 900 90 180 90 180 18 
720 240 240 720 80 640 560 160 160 720 800 480 800 800 80 160 270 270 810 90 720 630 180 180 810 900 540 900 900 90 180 90 270 30 240 210 60 60 270 300 180 300 300 30 60 270 30 240 210 60 60 270 300 180 300 300 30 60 90 720 630 180 180 810 900 540 900 900 90 180 80 70 20 20 90 1715 60 100 100 10 20 560 160 160 720 800 480 800 800 80 160 140 140 630 700 420 700 700 70 140 40 180 200 120 200 200 20 40 180 200 120 200 200 20 40 900 540 900 900 90 180 600 1000 1000 100 200 600 600 60 120 1000 100 200 100 200 20 
432 144 144 432 48 384 336 96 96 432 480 288 480 480 48 96 162 162 486 54 432 378 108 108 486 540 324 540 540 54 108 54 162 18 144 126 36 36 162 180 108 180 180 18 36 162 18 144 126 36 36 162 180 108 180 180 18 36 54 432 378 108 108 486 540 324 540 540 54 108 48 42 12 12 54 60 2022 60 60 6 12 336 96 96 432 480 288 480 480 48 96 84 84 378 420 252 420 420 42 84 24 108 120 72 120 120 12 24 108 120 72 120 120 12 24 540 324 540 540 54 108 360 600 600 60 120 360 360 36 72 600 60 120 60 120 12 
720 240 240 720 80 640 560 160 160 720 800 480 800 800 80 160 270 270 810 90 720 630 180 180 810 900 540 900 900 90 180 90 270 30 240 210 60 60 270 300 180 300 300 30 60 270 30 240 210 60 60 270 300 180 300 300 30 60 90 720 630 180 180 810 900 540 900 900 90 180 80 70 20 20 90 100 60 2269 100 10 20 560 160 160 720 800 480 800 800 80 160 140 140 630 700 420 700 700 70 140 40 180 200 120 200 200 20 40 180 200 120 200 200 20 40 900 540 900 900 90 180 600 1000 1000 100 200 600 600 60 120 1000 100 200 100 200 20 
720 240 240 720 80 640 560 160 160 720 800 480 800 800 80 160 270 270 810 90 720 630 180 180 810 900 540 900 900 90 180 90 270 30 240 210 60 60 270 300 180 300 300 30 60 270 30 240 210 60 60 270 300 180 300 300 30 60 90 720 630 180 180 810 900 540 900 900 90 180 80 70 20 20 90 100 60 100 3922 10 20 560 160 160 720 800 480 800 800 80 160 140 140 630 700 420 700 700 70 140 40 180 200 120 200 200 20 40 180 200 120 200 200 20 40 900 540 900 900 90 180 600 1000 1000 100 200 600 600 60 120 1000 100 200 100 200 20 
72 24 24 72 8 64 56 16 16 72 80 48 80 80 8 16 27 27 81 9 72 63 18 18 81 90 54 90 90 9 18 9 27 3 24 21 6 6 27 30 18 30 30 3 6 27 3 24 21 6 6 27 30 18 30 30 3 6 9 72 63 18 18 81 90 54 90 90 9 18 8 7 2 2 9 10 6 10 10 5362 2 56 16 16 72 80 48 80 80 8 16 14 14 63 70 42 70 70 7 14 4 18 20 12 20 20 2 4 18 20 12 20 20 2 4 90 54 90 90 9 18 60 100 100 10 20 60 60 6 12 100 10 20 10 20 2 
144 48 48 144 16 128 112 32 32 144 160 96 160 160 16 32 54 54 162 18 144 126 36 36 162 180 108 180 180 18 36 18 54 6 48 42 12 12 54 60 36 60 60 6 12 54 6 48 42 12 12 54 60 36 60 60 6 12 18 144 126 36 36 162 180 108 180 180 18 36 16 14 4 4 18 20 12 20 20 2 8550 112 32 32 144 160 96 160 160 16 32 28 28 126 140 84 140 140 14 28 8 36 40 24 40 40 4 8 36 40 24 40 40 4 8 180 108 180 180 18 36 120 200 200 20 40 120 120 12 24 200 20 40 20 40 4 
4032 1344 1344 4032 448 3584 3136 896 896 4032 4480 2688 4480 4480 448 896 1512 1512 4536 504 4032 3528 1008 1008 4536 5040 3024 5040 5040 504 1008 504 1512 168 1344 1176 336 336 1512 1680 1008 1680 1680 168 336 1512 168 1344 1176 336 336 1512 1680 1008 1680 1680 168 336 504 4032 3528 1008 1008 4536 5040 3024 5040 5040 504 1008 448 392 112 112 504 560 336 560 560 56 112 8446 896 896 4032 4480 2688 4480 4480 448 896 784 784 3528 3920 2352 3920 3920 392 784 224 1008 1120 672 1120 1120 112 224 1008 1120 672 1120 1120 112 224 5040 3024 5040 5040 504 1008 3360 5600 5600 560 1120 3360 3360 336 672 5600 560 1120 560 1120 112 
1152 384 384 1152 128 1024 896 256 256 1152 1280 768 1280 1280 128 256 432 432 1296 144 1152 1008 288 288 1296 1440 864 1440 1440 144 288 144 432 48 384 336 96 96 432 480 288 480 480 48 96 432 48 384 336 96 96 432 480 288 480 480 48 96 144 1152 1008 288 288 1296 1440 864 1440 1440 144 288 128 112 32 32 144 160 96 160 160 16 32 896 7423 256 1152 1280 768 1280 1280 128 256 224 224 1008 1120 672 1120 1120 112 224 64 288 320 192 320 320 32 64 288 320 192 320 320 32 64 1440 864 1440 1440 144 288 960 1600 1600 160 320 960 960 96 192 1600 160 320 160 320 32 
1152 384 384 1152 128 1024 896 256 256 1152 1280 768 1280 1280 128 256 432 432 1296 144 1152 1008 288 288 1296 1440 864 1440 1440 144 288 144 432 48 384 336 96 96 432 480 288 480 480 48 96 432 48 384 336 96 96 432 480 288 480 480 48 96 144 1152 1008 288 288 1296 1440 864 1440 1440 144 288 128 112 32 32 144 160 96 160 160 16 32 896 256 5297 1152 1280 768 1280 1280 128 256 224 224 1008 1120 672 1120 1120 112 224 64 288 320 192 320 320 32 64 288 320 192 320 320 32 64 1440 864 1440 1440 144 288 960 1600 1600 160 320 960 960 96 192 1600 160 320 160 320 32 
5184 1728 1728 5184 576 4608 4032 1152 1152 5184 5760 3456 5760 5760 576 1152 1944 1944 5832 648 5184 4536 1296 1296 5832 6480 3888 6480 6480 648 1296 648 1944 216 1728 1512 432 432 1944 2160 1296 2160 2160 216 432 1944 216 1728 1512 432 432 1944 2160 1296 2160 2160 216 432 648 5184 4536 1296 1296 5832 6480 3888 6480 6480 648 1296 576 504 144 144 648 720 432 720 720 72 144 4032 1152 1152 6155 5760 3456 5760 5760 576 1152 1008 1008 4536 5040 3024 5040 5040 504 1008 288 1296 1440 864 1440 1440 144 288 1296 1440 864 1440 1440 144 288 6480 3888 6480 6480 648 1296 4320 7200 7200 720 1440 4320 4320 432 864 7200 720 1440 720 1440 144 
5760 1920 1920 5760 640 5120 4480 1280 1280 5760 6400 3840 6400 6400 640 1280 2160 2160 6480 720 5760 5040 1440 1440 6480 7200 4320 7200 7200 720 1440 720 2160 240 1920 1680 480 480 2160 2400 1440 2400 2400 240 480 2160 240 1920 1680 480 480 2160 2400 1440 2400 2400 240 480 720 5760 5040 1440 1440 6480 7200 4320 7200 7200 720 1440 640 560 160 160 720 800 480 800 800 80 160 4480 1280 1280 5760 3675 3840 6400 6400 640 1280 1120 1120 5040 5600 3360 5600 5600 560 1120 320 1440 1600 960 1600 1600 160 320 1440 1600 960 1600 1600 160 320 7200 4320 7200 7200 720 1440 4800 8000 8000 800 1600 4800 4800 480 960 8000 800 1600 800 1600 160 
3456 1152 1152 3456 384 3072 2688 768 768 3456 3840 2304 3840 3840 384 768 1296 1296 3888 432 3456 3024 864 864 3888 4320 2592 4320 4320 432 864 432 1296 144 1152 1008 288 288 1296 1440 864 1440 1440 144 288 1296 144 1152 1008 288 288 1296 1440 864 1440 1440 144 288 432 3456 3024 864 864 3888 4320 2592 4320 4320 432 864 384 336 96 96 432 480 288 480 480 48 96 2688 768 768 3456 3840 4910 3840 3840 384 768 672 672 3024 3360 2016 3360 3360 336 672 192 864 960 576 960 960 96 192 864 960 576 960 960 96 192 4320 2592 4320 4320 432 864 2880 4800 4800 480 960 2880 2880 288 576 4800 480 960 480 960 96 
5760 1920 1920 5760 640 5120 4480 1280 1280 5760 6400 3840 6400 6400 640 1280 2160 2160 6480 720 5760 5040 1440 1440 6480 7200 4320 7200 7200 720 1440 720 2160 240 1920 1680 480 480 2160 2400 1440 2400 2400 240 480 2160 240 1920 1680 480 480 2160 2400 1440 2400 2400 240 480 720 5760 5040 1440 1440 6480 7200 4320 7200 7200 720 1440 640 560 160 160 720 800 480 800 800 80 160 4480 1280 1280 5760 6400 3840 748 6400 640 1280 1120 1120 5040 5600 3360 5600 5600 560 1120 320 1440 1600 960 1600 1600 160 320 1440 1600 960 1600 1600 160 320 7200 4320 7200 7200 720 1440 4800 8000 8000 800 1600 4800 4800 480 960 8000 800 1600 800 1600 160 
5760 1920 1920 5760 640 5120 4480 1280 1280 5760 6400 3840 6400 6400 640 1280 2160 2160 6480 720 5760 5040 1440 1440 6480 7200 4320 7200 7200 720 1440 720 2160 240 1920 1680 480 480 2160 2400 1440 2400 2400 240 480 2160 240 1920 1680 480 480 2160 2400 1440 2400 2400 240 480 720 5760 5040 1440 1440 6480 7200 4320 7200 7200 720 1440 640 560 160 160 720 800 480 800 800 80 160 4480 1280 1280 5760 6400 3840 6400 9450 640 1280 1120 1120 5040 5600 3360 5600 5600 560 1120 320 1440 1600 960 1600 1600 160 320 1440 1600 960 1600 1600 160 320 7200 4320 7200 7200 720 1440 4800 8000 8000 800 1600 4800 4800 480 960 8000 800 1600 800 1600 160 
576 192 192 576 64 512 448 128 128 576 640 384 640 640 64 128 216 216 648 72 576 504 144 144 648 720 432 720 720 72 144 72 216 24 192 168 48 48 216 240 144 240 240 24 48 216 24 192 168 48 48 216 240 144 240 240 24 48 72 576 504 144 144 648 720 432 720 720 72 144 64 56 16 16 72 80 48 80 80 8 16 448 128 128 576 640 384 640 640 2072 128 112 112 504 560 336 560 560 56 112 32 144 160 96 160 160 16 32 144 160 96 160 160 16 32 720 432 720 720 72 144 480 800 800 80 160 480 480 48 96 800 80 160 80 160 16 
1152 384 384 1152 128 1024 896 256 256 1152 1280 768 1280 1280 128 256 432 432 1296 144 1152 1008 288 288 1296 1440 864 1440 1440 144 288 144 432 48 384 336 96 96 432 480 288 480 480 48 96 432 48 384 336 96 96 432 480 288 480 480 48 96 144 1152 1008 288 288 1296 1440 864 1440 1440 144 288 128 112 32 32 144 160 96 160 160 16 32 896 256 256 1152 1280 768 1280 1280 128 7815 224 224 1008 1120 672 1120 1120 112 224 64 288 320 192 320 320 32 64 288 320 192 320 320 32 64 1440 864 1440 1440 144 288 960 1600 1600 160 320 960 960 96 192 1600 160 320 160 320 32 
1008 336 336 1008 112 896 784 224 224 1008 1120 672 1120 1120 112 224 378 378 1134 126 1008 882 252 252 1134 1260 756 1260 1260 126 252 126 378 42 336 294 84 84 378 420 252 420 420 42 84 378 42 336 294 84 84 378 420 252 420 420 42 84 126 1008 882 252 252 1134 1260 756 1260 1260 126 252 112 98 28 28 126 140 84 140 140 14 28 784 224 224 1008 1120 672 1120 1120 112 224 1858 196 882 980 588 980 980 98 196 56 252 280 168 280 280 28 56 252 280 168 280 280 28 56 1260 756 1260 1260 126 252 840 1400 1400 140 280 840 840 84 168 1400 140 280 140 280 28 
1008 336 336 1008 112 896 784 224 224 1008 1120 672 1120 1120 112 224 378 378 1134 126 1008 882 252 252 1134 1260 756 1260 1260 126 252 126 378 42 336 294 84 84 378 420 252 420 420 42 84 378 42 336 294 84 84 378 420 252 420 420 42 84 126 1008 882 252 252 1134 1260 756 1260 1260 126 252 112 98 28 28 126 140 84 140 140 14 28 784 224 224 1008 1120 672 1120 1120 112 224 196 1997 882 980 588 980 980 98 196 56 252 280 168 280 280 28 56 252 280 168 280 280 28 56 1260 756 1260 1260 126 252 840 1400 1400 140 280 840 840 84 168 1400 140 280 140 280 28 
4536 1512 1512 4536 504 4032 3528 1008 1008 4536 5040 3024 5040 5040 504 1008 1701 1701 5103 567 4536 3969 1134 1134 5103 5670 3402 5670 5670 567 1134 567 1701 189 1512 1323 378 378 1701 1890 1134 1890 1890 189 378 1701 189 1512 1323 378 378 1701 1890 1134 1890 1890 189 378 567 4536 3969 1134 1134 5103 5670 3402 5670 5670 567 1134 504 441 126 126 567 630 378 630 630 63 126 3528 1008 1008 4536 5040 3024 5040 5040 504 1008 882 882 7209 4410 2646 4410 4410 441 882 252 1134 1260 756 1260 1260 126 252 1134 1260 756 1260 1260 126 252 5670 3402 5670 5670 567 1134 3780 6300 6300 630 1260 3780 3780 378 756 6300 630 1260 630 1260 126 
5040 1680 1680 5040 560 4480 3920 1120 1120 5040 5600 3360 5600 5600 560 1120 1890 1890 5670 630 5040 4410 1260 1260 5670 6300 3780 6300 6300 630 1260 630 1890 210 1680 1470 420 420 1890 2100 1260 2100 2100 210 420 1890 210 1680 1470 420 420 1890 2100 1260 2100 2100 210 420 630 5040 4410 1260 1260 5670 6300 3780 6300 6300 630 1260 560 490 140 140 630 700 420 700 700 70 140 3920 1120 1120 5040 5600 3360 5600 5600 560 1120 980 980 4410 2702 2940 4900 4900 490 980 280 1260 1400 840 1400 1400 140 280 1260 1400 840 1400 1400 140 280 6300 3780 6300 6300 630 1260 4200 7000 7000 700 1400 4200 4200 420 840 7000 700 1400 700 1400 140 
3024 1008 1008 3024 336 2688 2352 672 672 3024 3360 2016 3360 3360 336 672 1134 1134 3402 378 3024 2646 756 756 3402 3780 2268 3780 3780 378 756 378 1134 126 1008 882 252 252 1134 1260 756 1260 1260 126 252 1134 126 1008 882 252 252 1134 1260 756 1260 1260 126 252 378 3024 2646 756 756 3402 3780 2268 3780 3780 378 756 336 294 84 84 378 420 252 420 420 42 84 2352 672 672 3024 3360 2016 3360 3360 336 672 588 588 2646 2940 705 2940 2940 294 588 168 756 840 504 840 840 84 168 756 840 504 840 840 84 168 3780 2268 3780 3780 378 756 2520 4200 4200 420 840 2520 2520 252 504 4200 420 840 420 840 84 
5040 1680 1680 5040 560 4480 3920 1120 1120 5040 5600 3360 5600 5600 560 1120 1890 1890 5670 630 5040 4410 1260 1260 5670 6300 3780 6300 6300 630 1260 630 1890 210 1680 1470 420 420 1890 2100 1260 2100 2100 210 420 1890 210 1680 1470 420 420 1890 2100 1260 2100 2100 210 420 630 5040 4410 1260 1260 5670 6300 3780 6300 6300 630 1260 560 490 140 140 630 700 420 700 700 70 140 3920 1120 1120 5040 5600 3360 5600 5600 560 1120 980 980 4410 4900 2940 2181 4900 490 980 280 1260 1400 840 1400 1400 140 280 1260 1400 840 1400 1400 140 280 6300 3780 6300 6300 630 1260 4200 7000 7000 700 1400 4200 4200 420 840 7000 700 1400 700 1400 140 
5040 1680 1680 5040 560 4480 3920 1120 1120 5040 5600 3360 5600 5600 560 1120 1890 1890 5670 630 5040 4410 1260 1260 5670 6300 3780 6300 6300 630 1260 630 1890 210 1680 1470 420 420 1890 2100 1260 2100 2100 210 420 1890 210 1680 1470 420 420 1890 2100 1260 2100 2100 210 420 630 5040 4410 1260 1260 5670 6300 3780 6300 6300 630 1260 560 490 140 140 630 700 420 700 700 70 140 3920 1120 1120 5040 5600 3360 5600 5600 560 1120 980 980 4410 4900 2940 4900 2149 490 980 280 1260 1400 840 1400 1400 140 280 1260 1400 840 1400 1400 140 280 6300 3780 6300 6300 630 1260 4200 7000 7000 700 1400 4200 4200 420 840 7000 700 1400 700 1400 140 
504 168 168 504 56 448 392 112 112 504 560 336 560 560 56 112 189 189 567 63 504 441 126 126 567 630 378 630 630 63 126 63 189 21 168 147 42 42 189 210 126 210 210 21 42 189 21 168 147 42 42 189 210 126 210 210 21 42 63 504 441 126 126 567 630 378 630 630 63 126 56 49 14 14 63 70 42 70 70 7 14 392 112 112 504 560 336 560 560 56 112 98 98 441 490 294 490 490 3965 98 28 126 140 84 140 140 14 28 126 140 84 140 140 14 28 630 378 630 630 63 126 420 700 700 70 140 420 420 42 84 700 70 140 70 140 14 
1008 336 336 1008 112 896 784 224 224 1008 1120 672 1120 1120 112 224 378 378 1134 126 1008 882 252 252 1134 1260 756 1260 1260 126 252 126 378 42 336 294 84 84 378 420 252 420 420 42 84 378 42 336 294 84 84 378 420 252 420 420 42 84 126 1008 882 252 252 1134 1260 756 1260 1260 126 252 112 98 28 28 126 140 84 140 140 14 28 784 224 224 1008 1120 672 1120 1120 112 224 196 196 882 980 588 980 980 98 989 56 252 280 168 280 280 28 56 252 280 168 280 280 28 56 1260 756 1260 1260 126 252 840 1400 1400 140 280 840 840 84 168 1400 140 280 140 280 28 
288 96 96 288 32 256 224 64 64 288 320 192 320 320 32 64 108 108 324 36 288 252 72 72 324 360 216 360 360 36 72 36 108 12 96 84 24 24 108 120 72 120 120 12 24 108 12 96 84 24 24 108 120 72 120 120 12 24 36 288 252 72 72 324 360 216 360 360 36 72 32 28 8 8 36 40 24 40 40 4 8 224 64 64 288 320 192 320 320 32 64 56 56 252 280 168 280 280 28 56 8931 72 80 48 80 80 8 16 72 80 48 80 80 8 16 360 216 360 360 36 72 240 400 400 40 80 240 240 24 48 400 40 80 40 80 8 
1296 432 432 1296 144 1152 1008 288 288 1296 1440 864 1440 1440 144 288 486 486 1458 162 1296 1134 324 324 1458 1620 972 1620 1620 162 324 162 486 54 432 378 108 108 486 540 324 540 540 54 108 486 54 432 378 108 108 486 540 324 540 540 54 108 162 1296 1134 324 324 1458 1620 972 1620 1620 162 324 144 126 36 36 162 180 108 180 180 18 36 1008 288 288 1296 1440 864 1440 1440 144 288 252 252 1134 1260 756 1260 1260 126 252 72 7916 360 216 360 360 36 72 324 360 216 360 360 36 72 1620 972 1620 1620 162 324 1080 1800 1800 180 360 1080 1080 108 216 1800 180 360 180 360 36 
1440 480 480 1440 160 1280 1120 320 320 1440 1600 960 1600 1600 160 320 540 540 1620 180 1440 1260 360 360 1620 1800 1080 1800 1800 180 360 180 540 60 480 420 120 120 540 600 360 600 600 60 120 540 60 480 420 120 120 540 600 360 600 600 60 120 180 1440 1260 360 360 1620 1800 1080 1800 1800 180 360 160 140 40 40 180 200 120 200 200 20 40 1120 320 320 1440 1600 960 1600 1600 160 320 280 280 1260 1400 840 1400 1400 140 280 80 360 5955 240 400 400 40 80 360 400 240 400 400 40 80 1800 1080 1800 1800 180 360 1200 2000 2000 200 400 1200 1200 120 240 2000 200 400 200 400 40 
864 288 288 864 96 768 672 192 192 864 960 576 960 960 96 192 324 324 972 108 864 756 216 216 972 1080 648 1080 1080 108 216 108 324 36 288 252 72 72 324 360 216 360 360 36 72 324 36 288 252 72 72 324 360 216 360 360 36 72 108 864 756 216 216 972 1080 648 1080 1080 108 216 96 84 24 24 108 120 72 120 120 12 24 672 192 192 864 960 576 960 960 96 192 168 168 756 840 504 840 840 84 168 48 216 240 9752 240 240 24 48 216 240 144 240 240 24 48 1080 648 1080 1080 108 216 720 1200 1200 120 240 720 720 72 144 1200 120 240 120 240 24 
1440 480 480 1440 160 1280 1120 320 320 1440 1600 960 1600 1600 160 320 540 540 1620 180 1440 1260 360 360 1620 1800 1080 1800 1800 180 360 180 540 60 480 420 120 120 540 600 360 600 600 60 120 540 60 480 420 120 120 540 600 360 600 600 60 120 180 1440 1260 360 360 1620 1800 1080 1800 1800 180 360 160 140 40 40 180 200 120 200 200 20 40 1120 320 320 1440 1600 960 1600 1600 160 320 280 280 1260 1400 840 1400 1400 140 280 80 360 400 240 3385 400 40 80 360 400 240 400 400 40 80 1800 1080 1800 1800 180 360 1200 2000 2000 200 400 1200 1200 120 240 2000 200 400 200 400 40 
1440 480 480 1440 160 1280 1120 320 320 1440 1600 960 1600 1600 160 320 540 540 1620 180 1440 1260 360 360 1620 1800 1080 1800 1800 180 360 180 540 60 480 420 120 120 540 600 360 600 600 60 120 540 60 480 420 120 120 540 600 360 600 600 60 120 180 1440 1260 360 360 1620 1800 1080 1800 1800 180 360 160 140 40 40 180 200 120 200 200 20 40 1120 320 320 1440 1600 960 1600 1600 160 320 280 280 1260 1400 840 1400 1400 140 280 80 360 400 240 400 6426 40 80 360 400 240 400 400 40 80 1800 1080 1800 1800 180 360 1200 2000 2000 200 400 1200 1200 120 240 2000 200 400 200 400 40 
144 48 48 144 16 128 112 32 32 144 160 96 160 160 16 32 54 54 162 18 144 126 36 36 162 180 108 180 180 18 36 18 54 6 48 42 12 12 54 60 36 60 60 6 12 54 6 48 42 12 12 54 60 36 60 60 6 12 18 144 126 36 36 162 180 108 180 180 18 36 16 14 4 4 18 20 12 20 20 2 4 112 32 32 144 160 96 160 160 16 32 28 28 126 140 84 140 140 14 28 8 36 40 24 40 40 7613 8 36 40 24 40 40 4 8 180 108 180 180 18 36 120 200 200 20 40 120 120 12 24 200 20 40 20 40 4 
288 96 96 288 32 256 224 64 64 288 320 192 320 320 32 64 108 108 324 36 288 252 72 72 324 360 216 360 360 36 72 36 108 12 96 84 24 24 108 120 72 120 120 12 24 108 12 96 84 24 24 108 120 72 120 120 12 24 36 288 252 72 72 324 360 216 360 360 36 72 32 28 8 8 36 40 24 40 40 4 8 224 64 64 288 320 192 320 320 32 64 56 56 252 280 168 280 280 28 56 16 72 80 48 80 80 8 4815 72 80 48 80 80 8 16 360 216 360 360 36 72 240 400 400 40 80 240 240 24 48 400 40 80 40 80 8 
1296 432 432 1296 144 1152 1008 288 288 1296 1440 864 1440 1440 144 288 486 486 1458 162 1296 1134 324 324 1458 1620 972 1620 1620 162 324 162 486 54 432 378 108 108 486 540 324 540 540 54 108 486 54 432 378 108 108 486 540 324 540 540 54 108 162 1296 1134 324 324 1458 1620 972 1620 1620 162 324 144 126 36 36 162 180 108 180 180 18 36 1008 288 288 1296 1440 864 1440 1440 144 288 252 252 1134 1260 756 1260 1260 126 252 72 324 360 216 360 360 36 72 3468 360 216 360 360 36 72 1620 972 1620 1620 162 324 1080 1800 1800 180 360 1080 1080 108 216 1800 180 360 180 360 36 
1440 480 480 1440 160 1280 1120 320 320 1440 1600 960 1600 1600 160 320 540 540 1620 180 1440 1260 360 360 1620 1800 1080 1800 1800 180 360 180 540 60 480 420 120 120 540 600 360 600 600 60 120 540 60 480 420 120 120 540 600 360 600 600 60 120 180 1440 1260 360 360 1620 1800 1080 1800 1800 180 360 160 140 40 40 180 200 120 200 200 20 40 1120 320 320 1440 1600 960 1600 1600 160 320 280 280 1260 1400 840 1400 1400 140 280 80 360 400 240 400 400 40 80 360 8252 240 400 400 40 80 1800 1080 1800 1800 180 360 1200 2000 2000 200 400 1200 1200 120 240 2000 200 400 200 400 40 
864 288 288 864 96 768 672 192 192 864 960 576 960 960 96 192 324 324 972 108 864 756 216 216 972 1080 648 1080 1080 108 216 108 324 36 288 252 72 72 324 360 216 360 360 36 72 324 36 288 252 72 72 324 360 216 360 360 36 72 108 864 756 216 216 972 1080 648 1080 1080 108 216 96 84 24 24 108 120 72 120 120 12 24 672 192 192 864 960 576 960 960 96 192 168 168 756 840 504 840 840 84 168 48 216 240 144 240 240 24 48 216 240 5636 240 240 24 48 1080 648 1080 1080 108 216 720 1200 1200 120 240 720 720 72 144 1200 120 240 120 240 24 
1440 480 480 1440 160 1280 1120 320 320 1440 1600 960 1600 1600 160 320 540 540 1620 180 1440 1260 360 360 1620 1800 1080 1800 1800 180 360 180 540 60 480 420 120 120 540 600 360 600 600 60 120 540 60 480 420 120 120 540 600 360 600 600 60 120 180 1440 1260 360 360 1620 1800 1080 1800 1800 180 360 160 140 40 40 180 200 120 200 200 20 40 1120 320 320 1440 1600 960 1600 1600 160 320 280 280 1260 1400 840 1400 1400 140 280 80 360 400 240 400 400 40 80 360 400 240 4273 400 40 80 1800 1080 1800 1800 180 360 1200 2000 2000 200 400 1200 1200 120 240 2000 200 400 200 400 40 
1440 480 480 1440 160 1280 1120 320 320 1440 1600 960 1600 1600 160 320 540 540 1620 180 1440 1260 360 360 1620 1800 1080 1800 1800 180 360 180 540 60 480 420 120 120 540 600 360 600 600 60 120 540 60 480 420 120 120 540 600 360 600 600 60 120 180 1440 1260 360 360 1620 1800 1080 1800 1800 180 360 160 140 40 40 180 200 120 200 200 20 40 1120 320 320 1440 1600 960 1600 1600 160 320 280 280 1260 1400 840 1400 1400 140 280 80 360 400 240 400 400 40 80 360 400 240 400 1612 40 80 1800 1080 1800 1800 180 360 1200 2000 2000 200 400 1200 1200 120 240 2000 200 400 200 400 40 
144 48 48 144 16 128 112 32 32 144 160 96 160 160 16 32 54 54 162 18 144 126 36 36 162 180 108 180 180 18 36 18 54 6 48 42 12 12 54 60 36 60 60 6 12 54 6 48 42 12 12 54 60 36 60 60 6 12 18 144 126 36 36 162 180 108 180 180 18 36 16 14 4 4 18 20 12 20 20 2 4 112 32 32 144 160 96 160 160 16 32 28 28 126 140 84 140 140 14 28 8 36 40 24 40 40 4 8 36 40 24 40 40 3395 8 180 108 180 180 18 36 120 200 200 20 40 120 120 12 24 200 20 40 20 40 4 
288 96 96 288 32 256 224 64 64 288 320 192 320 320 32 64 108 108 324 36 288 252 72 72 324 360 216 360 360 36 72 36 108 12 96 84 24 24 108 120 72 120 120 12 24 108 12 96 84 24 24 108 120 72 120 120 12 24 36 288 252 72 72 324 360 216 360 360 36 72 32 28 8 8 36 40 24 40 40 4 8 224 64 64 288 320 192 320 320 32 64 56 56 252 280 168 280 280 28 56 16 72 80 48 80 80 8 16 72 80 48 80 80 8 55 360 216 360 360 36 72 240 400 400 40 80 240 240 24 48 400 40 80 40 80 8 
6480 2160 2160 6480 720 5760 5040 1440 1440 6480 7200 4320 7200 7200 720 1440 2430 2430 7290 810 6480 5670 1620 1620 7290 8100 4860 8100 8100 810 1620 810 2430 270 2160 1890 540 540 2430 2700 1620 2700 2700 270 540 2430 270 2160 1890 540 540 2430 2700 1620 2700 2700 270 540 810 6480 5670 1620 1620 7290 8100 4860 8100 8100 810 1620 720 630 180 180 810 900 540 900 900 90 180 5040 1440 1440 6480 7200 4320 7200 7200 720 1440 1260 1260 5670 6300 3780 6300 6300 630 1260 360 1620 1800 1080 1800 1800 180 360 1620 1800 1080 1800 1800 180 360 3430 4860 8100 8100 810 1620 5400 9000 9000 900 1800 5400 5400 540 1080 9000 900 1800 900 1800 180 
3888 1296 1296 3888 432 3456 3024 864 864 3888 4320 2592 4320 4320 432 864 1458 1458 4374 486 3888 3402 972 972 4374 4860 2916 4860 4860 486 972 486 1458 162 1296 1134 324 324 1458 1620 972 1620 1620 162 324 1458 162 1296 1134 324 324 1458 1620 972 1620 1620 162 324 486 3888 3402 972 972 4374 4860 2916 4860 4860 486 972 432 378 108 108 486 540 324 540 540 54 108 3024 864 864 3888 4320 2592 4320 4320 432 864 756 756 3402 3780 2268 3780 3780 378 756 216 972 1080 648 1080 1080 108 216 972 1080 648 1080 1080 108 216 4860 9976 4860 4860 486 972 3240 5400 5400 540 1080 3240 3240 324 648 5400 540 1080 540 1080 108 
6480 2160 2160 6480 720 5760 5040 1440 1440 6480 7200 4320 7200 7200 720 1440 2430 2430 7290 810 6480 5670 1620 1620 7290 8100 4860 8100 8100 810 1620 810 2430 270 2160 1890 540 540 2430 2700 1620 2700 2700 270 540 2430 270 2160 1890 540 540 2430 2700 1620 2700 2700 270 540 810 6480 5670 1620 1620 7290 8100 4860 8100 8100 810 1620 720 630 180 180 810 900 540 900 900 90 180 5040 1440 1440 6480 7200 4320 7200 7200 720 1440 1260 1260 5670 6300 3780 6300 6300 630 1260 360 1620 1800 1080 1800 1800 180 360 1620 1800 1080 1800 1800 180 360 8100 4860 5431 8100 810 1620 5400 9000 9000 900 1800 5400 5400 540 1080 9000 900 1800 900 1800 180 
6480 2160 2160 6480 720 5760 5040 1440 1440 6480 7200 4320 7200 7200 720 1440 2430 2430 7290 810 6480 5670 1620 1620 7290 8100 4860 8100 8100 810 1620 810 2430 270 2160 1890 540 540 2430 2700 1620 2700 2700 270 540 2430 270 2160 1890 540 540 2430 2700 1620 2700 2700 270 540 810 6480 5670 1620 1620 7290 8100 4860 8100 8100 810 1620 720 630 180 180 810 900 540 900 900 90 180 5040 1440 1440 6480 7200 4320 7200 7200 720 1440 1260 1260 5670 6300 3780 6300 6300 630 1260 360 1620 1800 1080 1800 1800 180 360 1620 1800 1080 1800 1800 180 360 8100 4860 8100 7626 810 1620 5400 9000 9000 900 1800 5400 5400 540 1080 9000 900 1800 900 1800 180 
648 216 216 648 72 576 504 144 144 648 720 432 720 720 72 144 243 243 729 81 648 567 162 162 729 810 486 810 810 81 162 81 243 27 216 189 54 54 243 270 162 270 270 27 54 243 27 216 189 54 54 243 270 162 270 270 27 54 81 648 567 162 162 729 810 486 810 810 81 162 72 63 18 18 81 90 54 90 90 9 18 504 144 144 648 720 432 720 720 72 144 126 126 567 630 378 630 630 63 126 36 162 180 108 180 180 18 36 162 180 108 180 180 18 36 810 486 810 810 845 162 540 900 900 90 180 540 540 54 108 900 90 180 90 180 18 
1296 432 432 1296 144 1152 1008 288 288 1296 1440 864 1440 1440 144 288 486 486 1458 162 1296 1134 324 324 1458 1620 972 1620 1620 162 324 162 486 54 432 378 108 108 486 540 324 540 540 54 108 486 54 432 378 108 108 486 540 324 540 540 54 108 162 1296 1134 324 324 1458 1620 972 1620 1620 162 324 144 126 36 36 162 180 108 180 180 18 36 1008 288 288 1296 1440 864 1440 1440 144 288 252 252 1134 1260 756 1260 1260 126 252 72 324 360 216 360 360 36 72 324 360 216 360 360 36 72 1620 972 1620 1620 162 7228 1080 1800 1800 180 360 1080 1080 108 216 1800 180 360 180 360 36 
4320 1440 1440 4320 480 3840 3360 960 960 4320 4800 2880 4800 4800 480 960 1620 1620 4860 540 4320 3780 1080 1080 4860 5400 3240 5400 5400 540 1080 540 1620 180 1440 1260 360 360 1620 1800 1080 1800 1800 180 360 1620 180 1440 1260 360 360 1620 1800 1080 1800 1800 180 360 540 4320 3780 1080 1080 4860 5400 3240 5400 5400 540 1080 480 420 120 120 540 600 360 600 600 60 120 3360 960 960 4320 4800 2880 4800 4800 480 960 840 840 3780 4200 2520 4200 4200 420 840 240 1080 1200 720 1200 1200 120 240 1080 1200 720 1200 1200 120 240 5400 3240 5400 5400 540 1080 3373 6000 6000 600 1200 3600 3600 360 720 6000 600 1200 600 1200 120 
7200 2400 2400 7200 800 6400 5600 1600 1600 7200 8000 4800 8000 8000 800 1600 2700 2700 8100 900 7200 6300 1800 1800 8100 9000 5400 9000 9000 900 1800 900 2700 300 2400 2100 600 600 2700 3000 1800 3000 3000 300 600 2700 300 2400 2100 600 600 2700 3000 1800 3000 3000 300 600 900 7200 6300 1800 1800 8100 9000 5400 9000 9000 900 1800 800 700 200 200 900 1000 600 1000 1000 100 200 5600 1600 1600 7200 8000 4800 8000 8000 800 1600 1400 1400 6300 7000 4200 7000 7000 700 1400 400 1800 2000 1200 2000 2000 200 400 1800 2000 1200 2000 2000 200 400 9000 5400 9000 9000 900 1800 6000 7983 10000 1000 2000 6000 6000 600 1200 10000 1000 2000 1000 2000 200 
7200 2400 2400 7200 800 6400 5600 1600 1600 7200 8000 4800 8000 8000 800 1600 2700 2700 8100 900 7200 6300 1800 1800 8100 9000 5400 9000 9000 900 1800 900 2700 300 2400 2100 600 600 2700 3000 1800 3000 3000 300 600 2700 300 2400 2100 600 600 2700 3000 1800 3000 3000 300 600 900 7200 6300 1800 1800 8100 9000 5400 9000 9000 900 1800 800 700 200 200 900 1000 600 1000 1000 100 200 5600 1600 1600 7200 8000 4800 8000 8000 800 1600 1400 1400 6300 7000 4200 7000 7000 700 1400 400 1800 2000 1200 2000 2000 200 400 1800 2000 1200 2000 2000 200 400 9000 5400 9000 9000 900 1800 6000 10000 2918 1000 2000 6000 6000 600 1200 10000 1000 2000 1000 2000 200 
720 240 240 720 80 640 560 160 160 720 800 480 800 800 80 160 270 270 810 90 720 630 180 180 810 900 540 900 900 90 180 90 270 30 240 210 60 60 270 300 180 300 300 30 60 270 30 240 210 60 60 270 300 180 300 300 30 60 90 720 630 180 180 810 900 540 900 900 90 180 80 70 20 20 90 100 60 100 100 10 20 560 160 160 720 800 480 800 800 80 160 140 140 630 700 420 700 700 70 140 40 180 200 120 200 200 20 40 180 200 120 200 200 20 40 900 540 900 900 90 180 600 1000 1000 2972 200 600 600 60 120 1000 100 200 100 200 20 
1440 480 480 1440 160 1280 1120 320 320 1440 1600 960 1600 1600 160 320 540 540 1620 180 1440 1260 360 360 1620 1800 1080 1800 1800 180 360 180 540 60 480 420 120 120 540 600 360 600 600 60 120 540 60 480 420 120 120 540 600 360 600 600 60 120 180 1440 1260 360 360 1620 1800 1080 1800 1800 180 360 160 140 40 40 180 200 120 200 200 20 40 1120 320 320 1440 1600 960 1600 1600 160 320 280 280 1260 1400 840 1400 1400 140 280 80 360 400 240 400 400 40 80 360 400 240 400 400 40 80 1800 1080 1800 1800 180 360 1200 2000 2000 200 540 1200 1200 120 240 2000 200 400 200 400 40 
4320 1440 1440 4320 480 3840 3360 960 960 4320 4800 2880 4800 4800 480 960 1620 1620 4860 540 4320 3780 1080 1080 4860 5400 3240 5400 5400 540 1080 540 1620 180 1440 1260 360 360 1620 1800 1080 1800 1800 180 360 1620 180 1440 1260 360 360 1620 1800 1080 1800 1800 180 360 540 4320 3780 1080 1080 4860 5400 3240 5400 5400 540 1080 480 420 120 120 540 600 360 600 600 60 120 3360 960 960 4320 4800 2880 4800 4800 480 960 840 840 3780 4200 2520 4200 4200 420 840 240 1080 1200 720 1200 1200 120 240 1080 1200 720 1200 1200 120 240 5400 3240 5400 5400 540 1080 3600 6000 6000 600 1200 6885 3600 360 720 6000 600 1200 600 1200 120 
4320 1440 1440 4320 480 3840 3360 960 960 4320 4800 2880 4800 4800 480 960 1620 1620 4860 540 4320 3780 1080 1080 4860 5400 3240 5400 5400 540 1080 540 1620 180 1440 1260 360 360 1620 1800 1080 1800 1800 180 360 1620 180 1440 1260 360 360 1620 1800 1080 1800 1800 180 360 540 4320 3780 1080 1080 4860 5400 3240 5400 5400 540 1080 480 420 120 120 540 600 360 600 600 60 120 3360 960 960 4320 4800 2880 4800 4800 480 960 840 840 3780 4200 2520 4200 4200 420 840 240 1080 1200 720 1200 1200 120 240 1080 1200 720 1200 1200 120 240 5400 3240 5400 5400 540 1080 3600 6000 6000 600 1200 3600 9297 360 720 6000 600 1200 600 1200 120 
432 144 144 432 48 384 336 96 96 432 480 288 480 480 48 96 162 162 486 54 432 378 108 108 486 540 324 540 540 54 108 54 162 18 144 126 36 36 162 180 108 180 180 18 36 162 18 144 126 36 36 162 180 108 180 180 18 36 54 432 378 108 108 486 540 324 540 540 54 108 48 42 12 12 54 60 36 60 60 6 12 336 96 96 432 480 288 480 480 48 96 84 84 378 420 252 420 420 42 84 24 108 120 72 120 120 12 24 108 120 72 120 120 12 24 540 324 540 540 54 108 360 600 600 60 120 360 360 4933 72 600 60 120 60 120 12 
864 288 288 864 96 768 672 192 192 864 960 576 960 960 96 192 324 324 972 108 864 756 216 216 972 1080 648 1080 1080 108 216 108 324 36 288 252 72 72 324 360 216 360 360 36 72 324 36 288 252 72 72 324 360 216 360 360 36 72 108 864 756 216 216 972 1080 648 1080 1080 108 216 96 84 24 24 108 120 72 120 120 12 24 672 192 192 864 960 576 960 960 96 192 168 168 756 840 504 840 840 84 168 48 216 240 144 240 240 24 48 216 240 144 240 240 24 48 1080 648 1080 1080 108 216 720 1200 1200 120 240 720 720 72 748 1200 120 240 120 240 24 
7200 2400 2400 7200 800 6400 5600 1600 1600 7200 8000 4800 8000 8000 800 1600 2700 2700 8100 900 7200 6300 1800 1800 8100 9000 5400 9000 9000 900 1800 900 2700 300 2400 2100 600 600 2700 3000 1800 3000 3000 300 600 2700 300 2400 2100 600 600 2700 3000 1800 3000 3000 300 600 900 7200 6300 1800 1800 8100 9000 5400 9000 9000 900 1800 800 700 200 200 900 1000 600 1000 1000 100 200 5600 1600 1600 7200 8000 4800 8000 8000 800 1600 1400 1400 6300 7000 4200 7000 7000 700 1400 400 1800 2000 1200 2000 2000 200 400 1800 2000 1200 2000 2000 200 400 9000 5400 9000 9000 900 1800 6000 10000 10000 1000 2000 6000 6000 600 1200 8734 1000 2000 1000 2000 200 
720 240 240 720 80 640 560 160 160 720 800 480 800 800 80 160 270 270 810 90 720 630 180 180 810 900 540 900 900 90 180 90 270 30 240 210 60 60 270 300 180 300 300 30 60 270 30 240 210 60 60 270 300 180 300 300 30 60 90 720 630 180 180 810 900 540 900 900 90 180 80 70 20 20 90 100 60 100 100 10 20 560 160 160 720 800 480 800 800 80 160 140 140 630 700 420 700 700 70 140 40 180 200 120 200 200 20 40 180 200 120 200 200 20 40 900 540 900 900 90 180 600 1000 1000 100 200 600 600 60 120 1000 4519 200 100 200 20 
1440 480 480 1440 160 1280 1120 320 320 1440 1600 960 1600 1600 160 320 540 540 1620 180 1440 1260 360 360 1620 1800 1080 1800 1800 180 360 180 540 60 480 420 120 120 540 600 360 600 600 60 120 540 60 480 420 120 120 540 600 360 600 600 60 120 180 1440 1260 360 360 1620 1800 1080 1800 1800 180 360 160 140 40 40 180 200 120 200 200 20 40 1120 320 320 1440 1600 960 1600 1600 160 320 280 280 1260 1400 840 1400 1400 140 280 80 360 400 240 400 400 40 80 360 400 240 400 400 40 80 1800 1080 1800 1800 180 360 1200 2000 2000 200 400 1200 1200 120 240 2000 200 6050 200 400 40 
720 240 240 720 80 640 560 160 160 720 800 480 800 800 80 160 270 270 810 90 720 630 180 180 810 900 540 900 900 90 180 90 270 30 240 210 60 60 270 300 180 300 300 30 60 270 30 240 210 60 60 270 300 180 300 300 30 60 90 720 630 180 180 810 900 540 900 900 90 180 80 70 20 20 90 100 60 100 100 10 20 560 160 160 720 800 480 800 800 80 160 140 140 630 700 420 700 700 70 140 40 180 200 120 200 200 20 40 180 200 120 200 200 20 40 900 540 900 900 90 180 600 1000 1000 100 200 600 600 60 120 1000 100 200 5152 200 20 
1440 480 480 1440 160 1280 1120 320 320 1440 1600 960 1600 1600 160 320 540 540 1620 180 1440 1260 360 360 1620 1800 1080 1800 1800 180 360 180 540 60 480 420 120 120 540 600 360 600 600 60 120 540 60 480 420 120 120 540 600 360 600 600 60 120 180 1440 1260 360 360 1620 1800 1080 1800 1800 180 360 160 140 40 40 180 200 120 200 200 20 40 1120 320 320 1440 1600 960 1600 1600 160 320 280 280 1260 1400 840 1400 1400 140 280 80 360 400 240 400 400 40 80 360 400 240 400 400 40 80 1800 1080 1800 1800 180 360 1200 2000 2000 200 400 1200 1200 120 240 2000 200 400 200 3781 40 
144 48 48 144 16 128 112 32 32 144 160 96 160 160 16 32 54 54 162 18 144 126 36 36 162 180 108 180 180 18 36 18 54 6 48 42 12 12 54 60 36 60 60 6 12 54 6 48 42 12 12 54 60 36 60 60 6 12 18 144 126 36 36 162 180 108 180 180 18 36 16 14 4 4 18 20 12 20 20 2 4 112 32 32 144 160 96 160 160 16 32 28 28 126 140 84 140 140 14 28 8 36 40 24 40 40 4 8 36 40 24 40 40 4 8 180 108 180 180 18 36 120 200 200 20 40 120 120 12 24 200 20 40 20 40 2632 
