45 10
0 8 1 7 8 12 11 2 11 3 12 1 4 6 9 10 17 1 8 9 16 13 4 2 7 9 18 16 9 6 4 12 6 8 5 14 2 4 16 11 1 12 8 18 17 
8 80 3 7 18 1 16 9 19 1 10 19 14 10 5 13 11 13 12 19 18 8 5 20 9 0 3 13 18 1 9 15 17 0 14 16 8 5 20 7 18 19 17 12 2 
1 3 100 12 1 19 0 8 0 10 17 18 16 10 16 3 16 2 6 14 6 4 18 8 5 14 2 15 17 4 12 11 3 9 3 17 9 15 1 1 17 3 4 7 1 
7 7 12 50 15 7 16 18 8 14 2 14 2 20 16 14 7 11 16 6 12 0 1 7 12 13 20 11 0 6 10 11 17 20 20 9 9 16 17 20 4 15 0 10 3 
8 18 1 15 11 3 12 14 18 4 6 9 11 19 19 8 6 0 13 10 10 13 11 7 5 0 7 5 10 8 1 18 0 11 5 0 11 6 10 20 1 20 0 9 4 
12 1 19 7 3 84 14 14 13 8 2 10 1 15 13 1 12 6 19 16 18 20 18 5 9 15 13 18 6 7 3 17 1 13 10 5 8 9 18 10 16 6 3 3 2 
11 16 0 16 12 14 64 19 8 2 7 12 7 6 20 3 15 6 16 17 4 14 16 2 15 4 0 8 11 4 5 4 14 6 4 13 5 9 13 9 18 9 9 9 5 
2 9 8 18 14 14 19 9 1 6 14 7 14 5 7 7 19 13 9 6 4 14 14 13 6 18 8 1 20 14 6 16 13 15 6 20 0 20 7 4 0 18 15 6 17 
11 19 0 8 18 13 8 1 36 17 4 20 6 20 13 9 17 5 15 13 0 0 20 13 12 4 5 12 7 5 13 8 15 20 12 17 14 16 1 11 12 15 6 4 0 
3 1 10 14 4 8 2 6 17 84 13 13 12 8 15 4 5 14 4 0 1 4 1 12 9 6 14 7 0 1 5 2 18 12 15 11 14 2 2 13 6 10 7 0 0 
12 10 17 2 6 2 7 14 4 13 14 5 18 0 6 0 2 19 10 11 11 2 3 17 5 4 7 9 14 16 1 8 12 12 0 16 5 13 10 19 9 1 16 3 9 
1 19 18 14 9 10 12 7 20 13 5 75 2 15 11 0 11 8 15 3 18 0 12 11 16 9 12 1 10 0 15 15 0 18 13 12 7 7 7 19 0 11 3 13 8 
4 14 16 2 11 1 7 14 6 12 18 2 73 0 1 6 12 16 8 19 14 1 11 12 12 14 5 18 8 3 9 6 10 7 11 6 10 11 8 14 4 3 15 4 12 
6 10 10 20 19 15 6 5 20 8 0 15 0 72 1 11 8 6 3 7 2 20 12 5 18 1 12 5 7 7 1 17 3 6 14 15 14 16 20 16 13 8 20 12 14 
9 5 16 16 19 13 20 7 13 15 6 11 1 1 62 14 16 13 7 13 11 14 2 11 13 4 20 20 1 9 9 17 19 9 12 11 8 2 17 5 20 13 17 3 7 
10 13 3 14 8 1 3 7 9 4 0 0 6 11 14 17 11 15 14 19 10 2 19 9 20 3 2 20 1 5 2 12 13 17 18 18 9 2 15 5 12 3 5 14 15 
17 11 16 7 6 12 15 19 17 5 2 11 12 8 16 11 32 5 13 4 19 11 14 18 20 12 3 3 4 18 9 10 5 19 6 5 12 6 5 19 10 11 19 11 4 
1 13 2 11 0 6 6 13 5 14 19 8 16 6 13 15 5 19 14 13 16 7 4 14 15 8 3 4 5 18 1 12 20 9 8 0 18 16 9 1 0 18 18 9 10 
8 12 6 16 13 19 16 9 15 4 10 15 8 3 7 14 13 14 61 3 3 4 0 9 8 9 3 17 20 8 14 13 20 12 10 3 4 0 3 14 4 5 7 13 2 
9 19 14 6 10 16 17 6 13 0 11 3 19 7 13 19 4 13 3 10 17 13 16 0 7 13 18 17 5 9 12 2 8 8 0 3 4 6 1 6 6 5 20 12 19 
16 18 6 12 10 18 4 4 0 1 11 18 14 2 11 10 19 16 3 17 43 16 1 20 5 6 19 15 16 19 16 19 7 2 8 0 20 13 5 8 2 14 19 4 16 
13 8 4 0 13 20 14 14 0 4 2 0 1 20 14 2 11 7 4 13 16 17 9 11 7 19 0 4 11 0 12 6 13 0 8 12 4 9 6 5 7 17 11 13 4 
4 5 18 1 11 18 16 14 20 1 3 12 11 12 2 19 14 4 0 16 1 9 70 6 4 9 2 6 2 12 19 11 14 0 15 14 14 2 17 4 19 18 2 4 15 
2 20 8 7 7 5 2 13 13 12 17 11 12 5 11 9 18 14 9 0 20 11 6 90 0 1 16 13 16 5 16 0 20 0 3 12 4 15 0 2 3 17 7 17 15 
7 9 5 12 5 9 15 6 12 9 5 16 12 18 13 20 20 15 8 7 5 7 4 0 37 4 7 9 18 0 19 11 0 19 13 13 8 18 9 18 2 13 15 15 16 
9 0 14 13 0 15 4 18 4 6 4 9 14 1 4 3 12 8 9 13 6 19 9 1 4 55 3 0 3 12 18 20 13 6 4 1 18 19 6 1 10 8 1 10 20 
18 3 2 20 7 13 0 8 5 14 7 12 5 12 20 2 3 3 3 18 19 0 2 16 7 3 67 11 16 15 5 8 17 0 4 17 11 5 7 6 16 1 11 17 19 
16 13 15 11 5 18 8 1 12 7 9 1 18 5 20 20 3 4 17 17 15 4 6 13 9 0 11 63 19 6 7 2 3 14 18 1 16 5 2 0 13 4 1 3 14 
9 18 17 0 10 6 11 20 7 0 14 10 8 7 1 1 4 5 20 5 16 11 2 16 18 3 16 19 83 15 6 17 12 9 12 18 4 2 12 6 7 3 9 20 11 
6 1 4 6 8 7 4 14 5 1 16 0 3 7 9 5 18 18 8 9 19 0 12 5 0 12 15 6 15 41 13 18 13 5 2 2 3 11 9 10 6 4 0 5 19 
4 9 12 10 1 3 5 6 13 5 1 15 9 1 9 2 9 1 14 12 16 12 19 16 19 18 5 7 6 13 37 8 13 20 14 16 12 19 9 10 10 20 17 14 19 
12 15 11 11 18 17 4 16 8 2 8 15 6 17 17 12 10 12 13 2 19 6 11 0 11 20 8 2 17 18 8 49 16 9 14 12 15 12 2 1 4 15 20 0 8 
6 17 3 17 0 1 14 13 15 18 12 0 10 3 19 13 5 20 20 8 7 13 14 20 0 13 17 3 12 13 13 16 7 5 6 9 19 7 4 18 0 4 4 15 14 
8 0 9 20 11 13 6 15 20 12 12 18 7 6 9 17 19 9 12 8 2 0 0 0 19 6 0 14 9 5 20 9 5 73 17 7 17 8 19 14 16 1 13 13 11 
5 14 3 20 5 10 4 6 12 15 0 13 11 14 12 18 6 8 10 0 8 8 15 3 13 4 4 18 12 2 14 14 6 17 19 15 20 2 5 10 8 7 3 8 14 
14 16 17 9 0 5 13 20 17 11 16 12 6 15 11 18 5 0 3 3 0 12 14 12 13 1 17 1 18 2 16 12 9 7 15 61 18 0 18 18 19 1 7 9 17 
2 8 9 9 11 8 5 0 14 14 5 7 10 14 8 9 12 18 4 4 20 4 14 4 8 18 11 16 4 3 12 15 19 17 20 18 84 19 7 13 1 6 3 2 19 
4 5 15 16 6 9 9 20 16 2 13 7 11 16 2 2 6 16 0 6 13 9 2 15 18 19 5 5 2 11 19 12 7 8 2 0 19 19 17 7 0 7 1 11 13 
16 20 1 17 10 18 13 7 1 2 10 7 8 20 17 15 5 9 3 1 5 6 17 0 9 6 7 2 12 9 9 2 4 19 5 18 7 17 20 18 1 18 17 8 14 
11 7 1 20 20 10 9 4 11 13 19 19 14 16 5 5 19 1 14 6 8 5 4 2 18 1 6 0 6 10 10 1 18 14 10 18 13 7 18 68 10 1 19 2 17 
1 18 17 4 1 16 18 0 12 6 9 0 4 13 20 12 10 0 4 6 2 7 19 3 2 10 16 13 7 6 10 4 0 16 8 19 1 0 1 10 96 19 19 16 11 
12 19 3 15 20 6 9 18 15 10 1 11 3 8 13 3 11 18 5 5 14 17 18 17 13 8 1 4 3 4 20 15 4 1 7 1 6 7 18 1 19 24 7 17 15 
8 17 4 0 0 3 9 15 6 7 16 3 15 20 17 5 19 18 7 20 19 11 2 7 15 1 11 1 9 0 17 20 4 13 3 7 3 1 17 19 19 7 41 5 6 
18 12 7 10 9 3 9 6 4 0 3 13 4 12 3 14 11 9 13 12 4 13 4 17 15 10 17 3 20 5 14 0 15 13 8 9 2 11 8 2 16 17 5 1 13 
17 2 1 3 4 2 5 17 0 0 9 8 12 14 7 15 4 10 2 19 16 4 15 15 16 20 19 14 11 19 19 8 14 11 14 17 19 13 14 17 11 15 6 13 56 
