36 9
10 14 9 8 11 6 6 13 12 4 14 11 4 1 15 14 18 16 1 19 20 17 6 12 19 7 3 9 2 0 4 17 1 11 1 15 
14 53 12 16 18 11 15 18 9 12 13 14 7 19 13 18 4 11 2 0 8 13 5 0 2 1 20 9 20 5 19 6 15 17 2 11 
9 12 12 1 13 12 3 5 4 1 19 10 18 6 14 0 5 6 7 10 1 20 10 6 5 3 4 8 18 16 9 13 0 19 2 8 
8 16 1 78 8 3 7 9 9 16 11 13 4 15 19 0 16 16 5 13 3 13 6 13 3 10 5 20 13 11 20 11 1 6 12 19 
11 18 13 8 85 4 16 20 4 15 14 2 17 17 12 18 9 1 20 18 19 9 0 9 16 8 11 0 4 16 10 19 18 11 18 15 
6 11 12 3 4 21 14 17 3 12 4 5 3 20 18 6 7 10 14 17 7 6 6 2 9 15 2 11 19 17 17 18 2 8 14 4 
6 15 3 7 16 14 40 1 11 16 12 3 16 2 6 9 4 3 19 10 3 14 6 14 10 11 1 19 2 20 17 0 20 19 7 13 
13 18 5 9 20 17 1 48 17 14 10 12 14 2 3 9 1 2 8 0 4 9 7 6 20 13 14 6 14 16 0 8 5 16 4 12 
12 9 4 9 4 3 11 17 65 20 9 10 1 0 16 6 15 18 12 4 12 18 4 1 14 10 12 14 11 2 19 11 10 0 18 18 
4 12 1 16 15 12 16 14 20 40 2 2 0 15 17 16 16 17 8 9 3 7 18 10 5 14 0 17 15 0 18 11 13 19 2 20 
14 13 19 11 14 4 12 10 9 2 54 7 17 15 9 0 20 20 8 13 12 17 2 0 8 7 0 15 2 3 5 12 3 15 7 19 
11 14 10 13 2 5 3 12 10 2 7 10 9 7 12 7 0 18 5 10 0 6 6 8 7 10 7 12 15 10 14 0 2 19 17 6 
4 7 18 4 17 3 16 14 1 0 17 9 9 8 13 7 17 7 19 14 19 14 20 4 12 17 7 0 13 16 13 3 13 9 9 9 
1 19 6 15 17 20 2 2 0 15 15 7 8 30 10 18 11 11 6 11 13 18 13 15 8 16 15 17 17 3 5 19 12 17 20 16 
15 13 14 19 12 18 6 3 16 17 9 12 13 10 94 14 17 16 14 7 4 3 9 20 1 8 6 14 4 15 8 14 1 9 20 9 
14 18 0 0 18 6 9 9 6 16 0 7 7 18 14 99 15 13 20 15 0 10 17 6 16 5 6 4 13 17 9 18 9 15 11 9 
18 4 5 16 9 7 4 1 15 16 20 0 17 11 17 15 62 6 1 10 6 16 7 1 17 20 8 5 20 7 10 9 10 11 8 14 
16 11 6 16 1 10 3 2 18 17 20 18 7 11 16 13 6 62 12 1 18 12 12 8 3 11 17 20 19 9 4 0 20 18 1 5 
1 2 7 5 20 14 19 8 12 8 8 5 19 6 14 20 1 12 50 7 8 17 0 3 10 5 15 14 4 12 0 15 3 1 16 6 
19 0 10 13 18 17 10 0 4 9 13 10 14 11 7 15 10 1 7 23 2 9 14 18 14 18 2 7 0 6 10 12 6 19 6 19 
20 8 1 3 19 7 3 4 12 3 12 0 19 13 4 0 6 18 8 2 45 0 18 9 11 17 15 15 0 14 7 20 6 12 1 4 
17 13 20 13 9 6 14 9 18 7 17 6 14 18 3 10 16 12 17 9 0 45 11 14 2 6 15 15 3 0 9 10 5 1 18 6 
6 5 10 6 0 6 6 7 4 18 2 6 20 13 9 17 7 12 0 14 18 11 72 9 5 2 1 4 14 4 17 1 2 5 7 8 
12 0 6 13 9 2 14 6 1 10 0 8 4 15 20 6 1 8 3 18 9 14 9 57 2 5 4 16 14 8 1 3 16 4 6 15 
19 2 5 3 16 9 10 20 14 5 8 7 12 8 1 16 17 3 10 14 11 2 5 2 16 12 5 17 18 16 10 20 2 9 2 6 
7 1 3 10 8 15 11 13 10 14 7 10 17 16 8 5 20 11 5 18 17 6 2 5 12 84 18 1 9 7 0 19 17 17 7 16 
3 20 4 5 11 2 1 14 12 0 0 7 7 15 6 6 8 17 15 2 15 15 1 4 5 18 52 13 6 18 15 11 5 2 5 9 
9 9 8 20 0 11 19 6 14 17 15 12 0 17 14 4 5 20 14 7 15 15 4 16 17 1 13 92 6 19 0 2 2 6 13 16 
2 20 18 13 4 19 2 14 11 15 2 15 13 17 4 13 20 19 4 0 0 3 14 14 18 9 6 6 10 17 5 19 3 9 16 3 
0 5 16 11 16 17 20 16 2 0 3 10 16 3 15 17 7 9 12 6 14 0 4 8 16 7 18 19 17 35 1 11 10 18 19 6 
4 19 9 20 10 17 17 0 19 18 5 14 13 5 8 9 10 4 0 10 7 9 17 1 10 0 15 0 5 1 71 0 18 5 10 3 
17 6 13 11 19 18 0 8 11 11 12 0 3 19 14 18 9 0 15 12 20 10 1 3 20 19 11 2 19 11 0 52 1 14 15 13 
1 15 0 1 18 2 20 5 10 13 3 2 13 12 1 9 10 20 3 6 6 5 2 16 2 17 5 2 3 10 18 1 9 11 20 5 
11 17 19 6 11 8 19 16 0 19 15 19 9 17 9 15 11 18 1 19 12 1 5 4 9 17 2 6 9 18 5 14 11 42 2 18 
1 2 2 12 18 14 7 4 18 2 7 17 9 20 20 11 8 1 16 6 1 18 7 6 2 7 5 13 16 19 10 15 20 2 12 5 
15 11 8 19 15 4 13 12 18 20 19 6 9 16 9 9 14 5 6 19 4 6 8 15 6 16 9 16 3 6 3 13 5 18 5 59 
