15 6
36 20 16 5 15 11 16 9 10 3 10 12 5 19 1 
20 52 7 5 19 18 10 16 8 0 14 19 8 15 17 
16 7 19 16 5 6 15 12 10 3 8 15 6 18 16 
5 5 16 15 10 0 5 6 12 19 6 1 2 3 14 
15 19 5 10 27 16 15 7 0 16 14 3 10 11 9 
11 18 6 0 16 4 6 10 10 0 18 4 15 16 8 
16 10 15 5 15 6 67 3 4 10 2 6 13 10 15 
9 16 12 6 7 10 3 69 20 8 4 4 19 8 17 
10 8 10 12 0 10 4 20 17 20 7 0 17 20 5 
3 0 3 19 16 0 10 8 20 10 2 2 6 3 10 
10 14 8 6 14 18 2 4 7 2 62 9 9 19 11 
12 19 15 1 3 4 6 4 0 2 9 4 7 7 5 
5 8 6 2 10 15 13 19 17 6 9 7 38 10 12 
19 15 18 3 11 16 10 8 20 3 19 7 10 10 17 
1 17 16 14 9 8 15 17 5 10 11 5 12 17 87 
