136 17
36 47 9 33 50 28 12 19 13 48 55 22 24 25 8 43 48 17 46 47 31 8 1 23 46 55 15 21 33 13 47 56 79 94 75 50 46 61 92 101 62 67 73 52 91 50 56 38 13 9 27 54 63 24 29 38 17 54 77 65 40 31 55 76 86 47 53 66 45 80 75 52 49 61 94 102 64 69 72 52 90 32 27 44 74 82 43 48 56 34 73 13 19 50 58 21 25 31 9 48 13 48 54 22 25 24 8 42 60 69 29 35 44 22 60 100 62 67 71 51 89 70 75 80 60 98 37 41 21 59 46 26 64 34 72 50 
47 96 38 33 9 19 42 48 33 7 7 32 26 23 41 9 18 44 49 9 29 44 47 41 10 19 32 28 35 45 27 17 46 47 31 8 1 23 46 55 15 21 33 13 47 44 11 22 35 38 33 11 22 23 19 28 36 24 40 43 37 33 46 40 51 30 32 49 42 52 29 5 10 17 47 55 17 21 28 6 45 18 19 23 28 38 7 9 26 21 34 43 32 3 13 27 21 24 38 15 33 9 7 33 27 23 41 8 17 27 19 17 29 33 29 54 15 20 28 7 44 23 29 39 17 54 10 14 26 16 15 21 22 27 37 21 
9 38 35 29 40 19 9 19 5 39 46 14 16 17 4 35 40 18 45 38 26 10 9 21 38 47 8 14 29 15 41 48 72 85 66 42 37 53 84 92 53 58 65 44 82 46 47 31 8 1 23 46 55 15 21 33 13 47 69 59 37 27 52 69 79 41 47 62 42 74 66 43 40 52 85 93 55 60 64 44 82 24 18 37 65 74 34 40 49 27 65 11 13 41 49 12 16 24 4 40 4 39 45 15 16 16 6 34 51 61 21 27 39 18 53 91 53 58 63 42 81 61 66 73 51 90 28 33 12 50 39 17 56 28 65 43 
33 33 29 93 41 22 38 48 23 39 39 37 33 16 33 25 21 18 18 27 4 25 34 12 25 29 20 15 2 22 17 31 48 71 49 31 34 35 70 76 43 46 45 29 64 17 36 12 21 30 6 34 38 20 18 7 16 25 47 31 8 1 23 46 55 15 21 33 13 47 52 38 42 39 74 79 49 52 48 35 66 16 24 15 51 57 26 28 26 12 45 40 15 36 38 29 26 10 25 24 25 40 40 39 35 18 35 25 37 42 17 17 12 10 30 78 47 50 46 33 64 50 53 53 36 71 32 20 24 36 22 20 40 6 42 23 
50 9 40 41 94 23 43 48 37 2 11 31 26 29 43 18 27 50 58 18 37 49 50 48 20 27 37 34 43 50 36 26 54 48 36 16 7 30 47 57 18 24 39 22 51 53 17 30 40 40 40 18 28 28 25 37 42 33 46 52 46 40 55 47 57 39 41 58 51 60 31 8 1 23 46 55 15 21 33 13 47 25 23 32 31 42 16 18 35 29 41 44 37 9 19 28 24 32 41 24 37 1 9 32 27 29 43 16 23 34 26 24 38 40 37 54 14 20 33 14 47 25 31 44 24 58 12 23 29 23 24 26 28 36 45 30 
28 19 19 22 23 63 25 33 14 21 27 18 12 6 22 16 23 26 41 20 18 25 28 25 19 29 13 10 24 27 27 29 56 66 48 23 19 35 64 73 34 39 47 25 64 39 28 17 16 19 19 27 36 4 5 22 18 31 52 46 30 21 43 52 62 29 34 50 35 60 47 24 24 33 66 74 36 41 45 24 63 8 1 23 46 55 15 21 33 13 47 26 14 22 30 10 4 13 18 22 14 22 26 19 14 5 23 15 32 42 5 10 27 17 37 72 34 39 44 23 62 42 47 54 32 71 11 15 7 31 21 2 37 18 48 26 
12 42 9 38 43 25 16 9 15 42 50 12 16 25 5 41 48 27 54 45 36 18 10 31 44 55 18 23 39 23 50 55 81 90 73 48 42 60 89 98 58 64 72 50 89 56 53 40 17 8 32 52 62 22 28 42 23 55 77 68 46 37 61 77 87 50 56 71 52 83 71 47 43 58 89 97 58 64 70 49 88 31 24 46 71 80 40 46 57 36 73 1 23 46 55 15 21 33 13 47 13 41 49 12 16 24 4 40 57 67 28 34 48 28 61 96 57 62 69 48 87 66 71 79 58 96 32 40 18 56 46 24 62 38 73 51 
19 48 19 48 48 33 9 3 24 47 56 16 22 34 15 49 56 36 64 52 45 27 18 40 52 62 27 33 49 32 59 62 89 95 80 55 48 68 94 104 64 70 80 58 96 66 59 49 27 17 42 59 69 31 37 52 32 64 85 78 56 46 71 85 95 60 65 81 61 92 78 53 47 65 94 103 63 69 77 55 94 40 31 55 77 87 48 54 66 44 80 8 32 52 62 22 28 42 23 55 23 46 55 15 21 33 13 47 65 75 37 43 57 37 70 102 62 68 76 55 93 72 77 87 65 103 38 48 27 64 54 32 70 47 81 60 
13 33 5 23 37 14 15 24 46 35 41 15 15 11 10 29 34 16 40 33 21 12 14 18 32 42 3 8 24 15 35 42 67 80 61 36 33 48 79 87 48 53 59 38 77 41 42 26 4 7 17 41 50 10 15 27 9 42 64 54 31 22 46 63 73 36 41 56 37 69 61 38 37 47 80 88 50 55 59 39 77 18 14 31 60 68 29 35 43 21 60 16 8 37 44 10 12 18 4 34 1 35 41 17 16 11 11 29 46 55 15 21 33 13 47 86 49 54 58 37 76 56 61 67 46 85 24 27 7 45 33 12 50 23 59 37 
48 7 39 39 2 21 42 47 35 92 10 30 25 27 41 16 25 48 56 16 35 47 48 46 18 26 35 32 41 48 34 24 53 48 36 15 6 29 48 57 18 24 39 20 51 51 17 28 38 39 38 17 28 26 23 35 40 32 46 50 44 38 53 46 57 37 39 56 49 59 32 7 3 22 47 56 16 22 33 12 48 23 21 30 31 42 14 17 34 27 40 42 35 8 18 27 22 30 39 23 35 1 9 31 25 27 41 15 23 33 24 22 37 38 36 55 15 21 33 13 47 25 31 44 23 58 10 21 27 22 23 24 28 34 44 28 
55 7 46 39 11 27 50 56 41 10 111 39 34 31 49 14 20 51 54 12 35 52 55 48 14 18 40 36 41 53 29 16 43 39 25 8 8 20 38 48 8 14 28 13 41 47 7 27 43 46 39 8 17 31 26 33 43 25 35 43 42 39 48 36 46 33 33 49 46 50 21 3 12 12 39 47 10 14 22 4 38 25 27 26 21 31 13 11 26 27 30 51 39 4 8 35 29 31 45 17 41 12 1 40 34 31 49 14 12 23 27 23 33 40 28 46 8 12 22 6 37 15 21 33 13 47 18 19 33 12 18 29 17 33 34 22 
22 32 14 37 31 18 12 16 15 30 39 31 6 21 14 33 41 32 55 36 33 25 21 34 36 47 18 21 38 30 45 46 74 79 63 38 31 52 78 87 48 53 64 42 80 55 43 35 20 13 32 42 53 17 23 39 25 49 69 64 45 36 59 69 80 46 52 68 51 78 61 36 31 49 78 87 47 53 61 39 77 26 16 41 61 71 31 37 51 31 64 12 23 35 45 8 13 29 17 40 14 30 39 1 5 20 13 31 48 59 23 28 44 28 55 86 46 52 60 38 77 55 61 70 48 87 21 33 13 47 39 18 53 35 66 44 
24 26 16 33 26 12 16 22 15 25 34 6 43 17 17 27 35 31 52 30 29 26 24 32 30 41 16 18 35 30 40 40 68 73 57 32 25 46 72 82 42 48 58 36 74 51 37 30 19 15 28 36 47 13 17 34 23 43 63 59 41 32 55 63 74 41 46 63 47 72 55 30 26 43 72 81 41 47 55 33 72 20 11 35 55 65 25 31 45 26 58 17 20 29 39 4 8 25 18 34 14 24 33 7 1 15 17 25 42 53 17 23 39 25 49 80 40 46 54 32 71 49 55 64 42 81 15 27 9 41 33 13 47 30 60 39 
25 23 17 16 29 6 25 34 11 27 31 21 17 66 21 18 22 20 35 22 12 21 26 18 20 30 9 4 18 21 24 30 55 69 49 25 23 36 67 75 37 42 48 26 65 33 31 14 12 18 12 29 38 3 4 17 12 30 52 43 24 15 38 51 62 25 31 46 29 57 50 28 30 35 70 77 41 45 47 28 65 6 7 20 48 57 18 23 31 10 48 27 8 27 33 13 9 8 15 22 12 28 31 23 18 1 23 17 34 43 4 9 23 10 36 75 39 43 46 26 64 45 50 55 34 73 17 15 8 33 21 4 39 13 47 25 
8 41 4 33 43 22 5 15 10 41 49 14 17 21 27 38 44 21 49 42 31 13 7 25 41 51 13 19 34 18 46 52 77 88 70 45 40 57 87 96 56 62 69 48 86 51 50 36 12 3 27 49 59 19 25 37 17 52 74 64 41 32 56 73 83 46 52 66 46 79 70 46 42 56 88 96 57 63 68 47 85 28 21 42 68 78 38 44 53 31 69 7 18 44 53 14 19 28 8 44 9 41 48 14 17 20 1 37 55 65 25 31 43 23 58 95 56 61 67 46 84 64 70 76 55 94 31 37 15 54 43 21 60 33 69 47 
43 9 35 25 18 16 41 49 29 16 14 33 27 18 38 95 10 37 40 3 21 39 44 34 3 14 28 22 27 39 18 13 42 50 31 7 10 19 49 57 19 24 31 9 48 35 12 13 30 35 25 11 20 19 13 19 30 17 36 35 28 24 37 36 47 21 24 41 33 46 31 13 19 17 51 58 24 27 29 10 47 11 17 14 30 39 1 5 19 13 31 42 26 11 15 26 20 16 34 8 30 17 15 34 28 18 39 1 16 26 14 9 20 26 23 57 22 25 28 8 46 27 32 38 16 55 14 5 23 15 7 17 21 19 33 13 
48 18 40 21 27 23 48 56 34 25 20 41 35 22 44 10 94 38 33 9 19 42 48 33 7 7 32 26 23 41 9 9 33 50 28 12 19 13 48 55 22 24 25 8 43 26 15 10 34 41 24 13 17 25 19 14 32 8 29 25 22 22 27 28 39 12 13 30 25 37 30 21 29 17 52 57 29 31 26 16 44 16 24 6 29 35 12 9 10 13 25 49 29 19 17 33 27 17 38 2 35 27 21 42 37 23 45 11 15 21 19 13 12 27 13 56 27 29 25 14 43 28 32 33 14 51 24 8 29 14 2 23 18 16 25 3 
17 44 18 18 50 26 27 36 16 48 51 32 31 20 21 37 38 18 29 40 19 9 19 5 39 46 14 16 17 4 35 47 66 87 66 44 44 51 86 93 56 61 63 44 81 33 50 28 12 19 13 48 55 22 24 25 8 43 65 49 24 17 39 64 73 33 39 50 28 65 68 49 50 54 89 95 61 65 64 48 82 25 27 32 66 74 37 42 44 25 62 28 12 47 52 26 27 21 14 39 17 48 51 33 32 21 23 37 52 59 24 27 31 10 48 93 59 63 63 46 81 64 69 71 52 89 38 33 22 51 38 24 56 21 60 40 
46 49 45 18 58 41 54 64 40 56 54 55 52 35 49 40 33 29 66 41 22 38 48 23 39 39 37 33 16 33 25 41 47 80 56 45 50 43 78 82 55 57 51 41 68 9 49 27 37 46 23 47 48 38 36 21 31 33 50 28 12 19 13 48 55 22 24 25 8 43 62 53 59 50 84 87 63 64 56 49 73 34 42 27 60 63 42 42 33 29 49 56 32 51 50 47 44 28 41 36 42 57 55 57 53 36 50 41 48 50 36 34 20 27 36 85 61 62 54 47 71 61 64 58 47 76 50 35 42 47 35 39 49 23 44 33 
47 9 38 27 18 20 45 52 33 16 12 36 30 22 42 3 9 40 41 100 23 43 48 37 2 11 31 26 29 43 18 10 39 47 27 4 10 16 45 53 16 20 27 5 44 35 9 15 34 39 28 7 16 23 17 21 34 15 33 34 30 27 37 33 44 21 23 39 34 44 28 12 19 13 48 55 22 24 25 8 43 15 21 14 26 35 4 1 17 15 28 46 29 10 11 29 23 19 37 6 34 18 13 37 31 22 43 4 12 22 18 12 21 29 20 53 20 22 24 6 42 23 28 34 12 51 17 7 27 11 6 21 17 21 30 11 
31 29 26 4 37 18 36 45 21 35 35 33 29 12 31 21 19 19 22 23 56 25 33 14 21 27 18 12 6 22 16 28 47 69 47 27 30 32 67 74 39 43 44 26 62 21 32 9 18 28 5 30 36 16 13 6 14 24 46 33 11 3 26 45 55 15 21 35 17 48 50 34 38 35 71 76 45 48 45 31 64 12 19 13 48 55 22 24 25 8 43 37 13 32 34 25 22 5 23 20 22 36 36 35 31 14 32 21 34 40 13 12 12 9 29 75 43 46 44 29 62 46 50 51 33 70 27 16 20 33 19 16 37 2 41 21 
8 44 10 25 49 25 18 27 12 47 52 25 26 21 13 39 42 9 38 43 25 24 9 15 42 50 12 16 25 5 41 51 73 90 70 47 44 56 89 97 59 64 68 48 86 42 52 33 9 12 20 51 59 21 25 32 10 49 71 57 33 24 48 70 80 40 46 59 37 73 71 50 49 57 91 98 62 66 68 49 86 28 25 38 70 78 39 44 50 29 68 19 13 48 55 22 24 25 8 43 12 47 52 26 27 21 14 39 56 64 25 30 38 16 54 97 60 65 67 48 85 66 71 76 55 94 36 36 19 54 42 23 60 28 66 45 
1 47 9 34 50 28 10 18 14 48 55 21 24 26 7 44 48 19 48 48 33 9 39 24 47 56 16 22 34 15 49 56 80 94 75 51 47 62 93 101 62 68 74 53 91 51 56 39 14 9 28 55 64 24 30 40 18 56 78 66 42 33 57 77 87 48 54 67 47 81 75 52 50 61 94 102 64 69 73 53 91 33 28 45 74 83 43 49 57 35 74 12 20 51 59 21 25 32 10 49 13 48 55 22 24 25 8 43 60 69 30 35 46 24 61 101 63 68 72 52 90 70 75 81 60 99 38 41 21 59 47 26 65 35 73 51 
23 41 21 12 48 25 31 40 18 46 48 34 32 18 25 34 33 5 23 37 14 15 24 27 35 41 15 15 11 10 29 42 60 83 61 41 42 47 81 88 53 57 58 40 76 27 46 23 14 23 9 44 50 21 22 20 8 38 60 44 18 12 33 59 68 28 34 44 22 60 64 46 48 50 85 91 58 61 60 44 78 23 26 28 62 69 34 38 39 21 57 32 12 44 48 27 27 17 17 35 19 46 48 35 33 19 27 34 48 55 22 24 25 8 43 89 56 60 58 42 76 60 65 66 48 84 36 29 22 47 33 22 51 17 55 35 
46 10 38 25 20 19 44 52 32 18 14 36 30 20 41 3 7 39 39 2 21 42 47 35 96 10 30 25 27 41 16 10 38 48 28 6 12 16 47 54 17 22 27 6 44 33 10 13 33 38 26 9 17 22 16 19 32 14 33 32 28 25 35 33 43 19 21 38 32 43 29 14 21 15 50 56 24 26 26 10 44 14 20 12 28 36 5 3 16 14 28 45 28 12 13 29 23 18 36 4 33 19 15 37 31 21 42 5 13 23 16 11 19 28 19 55 22 24 25 8 43 25 29 35 13 52 17 5 26 12 4 20 18 19 29 10 
55 19 47 29 27 29 55 62 42 26 18 47 41 30 51 14 7 46 39 11 27 50 56 41 10 110 39 34 31 49 14 2 28 42 20 11 20 6 40 47 16 18 17 5 35 31 11 18 42 48 32 9 9 32 26 22 40 6 22 25 29 29 31 22 33 17 16 31 31 33 23 19 29 10 45 50 25 25 18 14 36 23 31 13 21 28 15 10 8 21 18 56 36 18 12 40 34 25 46 7 42 28 19 48 42 31 52 15 8 13 26 20 19 35 9 48 23 23 17 12 35 22 24 25 8 43 28 14 36 7 8 30 10 24 19 6 
15 32 8 20 37 13 18 27 3 35 40 18 16 9 13 28 32 14 37 31 18 12 16 15 30 39 44 6 21 14 33 40 64 78 59 35 32 45 77 85 47 52 57 36 75 38 40 23 3 10 14 39 48 9 14 24 7 39 61 51 28 19 43 61 71 33 39 53 34 66 59 37 37 45 79 86 50 54 57 37 75 16 13 29 58 67 28 33 41 19 57 19 5 36 43 12 13 15 6 32 4 35 40 19 18 9 14 27 44 53 13 19 30 10 45 85 48 53 56 36 74 55 60 65 44 83 24 25 8 43 31 11 49 20 57 35 
21 28 14 15 34 10 23 33 8 32 36 21 18 4 19 22 26 16 33 26 12 16 22 15 25 34 6 49 17 17 27 34 58 73 53 30 28 40 72 80 42 47 51 31 69 33 35 17 8 15 10 34 42 6 9 19 8 33 55 45 24 14 38 55 65 27 33 48 29 60 54 33 34 40 74 81 45 50 51 33 69 11 11 23 53 61 23 28 35 13 51 25 3 31 38 14 12 9 12 26 10 32 36 23 19 5 20 22 39 47 8 13 24 7 39 80 44 48 50 31 68 50 55 59 39 77 22 19 8 38 25 8 43 14 51 29 
33 35 29 2 43 24 39 49 24 41 41 38 35 18 34 27 23 17 16 29 6 25 34 11 27 31 21 17 50 21 18 32 48 73 50 33 36 36 71 78 45 48 47 31 65 17 38 14 21 31 6 36 40 22 20 9 16 27 48 32 7 3 22 47 56 16 22 33 12 48 54 40 44 40 76 81 51 54 50 37 67 18 26 17 52 58 28 30 28 14 46 40 16 38 40 31 28 12 26 25 26 42 42 40 36 19 35 27 39 44 19 19 13 11 32 79 49 52 48 35 66 52 55 55 38 73 34 22 25 37 24 22 41 8 43 24 
13 45 15 22 50 27 23 32 15 48 53 30 30 21 18 39 41 4 33 43 22 5 15 10 41 49 14 17 21 16 38 50 70 90 69 46 45 55 88 96 59 63 66 47 84 37 52 31 11 17 17 50 58 22 26 29 9 47 69 54 29 21 43 68 77 37 43 54 33 70 71 50 51 56 91 98 62 67 67 50 85 27 27 36 69 77 39 44 48 28 66 25 13 49 54 25 27 24 12 42 15 49 53 31 31 21 19 39 55 62 25 30 34 13 52 96 61 65 66 48 84 66 71 74 55 92 38 35 22 54 40 24 59 25 64 43 
47 27 41 17 36 27 50 59 35 34 29 45 40 24 46 18 9 35 25 18 16 41 49 29 16 14 33 27 18 38 87 16 31 56 33 21 28 19 54 59 30 32 28 16 47 17 24 10 34 42 21 22 23 28 22 9 31 9 30 19 14 17 18 29 38 3 6 23 17 33 37 30 37 25 59 63 38 39 32 25 50 19 29 4 35 40 20 18 9 14 28 51 28 28 25 37 32 17 38 12 37 36 31 47 41 26 47 19 23 26 22 17 4 25 13 61 36 37 30 23 48 36 39 36 22 55 31 14 32 22 11 27 24 13 25 8 
56 17 48 31 26 29 55 62 42 24 16 46 40 30 52 13 9 47 41 10 28 51 56 42 10 2 40 34 32 50 16 76 29 40 19 9 19 5 39 46 14 16 17 4 35 33 9 19 42 48 33 7 7 32 26 23 41 9 23 27 31 31 33 23 33 19 18 33 33 34 21 18 27 8 43 48 23 23 17 12 35 23 30 15 20 27 14 9 10 22 18 56 37 16 9 39 33 26 46 7 43 26 17 48 42 31 53 15 6 13 26 20 21 36 11 46 21 21 16 11 34 20 22 25 6 42 27 14 36 5 9 30 9 25 20 8 
79 46 72 48 54 56 81 89 67 53 43 74 68 55 77 42 33 66 47 39 47 73 80 60 38 28 64 58 48 70 31 29 67 41 22 38 48 23 39 39 37 33 16 33 25 38 36 41 66 74 53 35 25 58 52 41 62 25 9 19 42 48 33 7 7 32 26 23 41 9 32 46 55 31 48 46 46 42 25 40 32 49 58 35 30 25 43 38 23 45 14 82 60 45 35 67 61 48 70 34 68 54 45 76 70 56 78 43 30 21 52 46 35 57 19 44 44 41 24 39 30 36 34 18 29 31 56 41 62 30 35 56 26 45 9 29 
94 47 85 71 48 66 90 95 80 48 39 79 73 69 88 50 50 87 80 47 69 90 94 83 48 42 78 73 73 90 56 40 41 18 23 43 48 37 2 11 31 26 29 43 18 71 38 60 81 85 74 39 33 70 64 64 81 47 33 56 71 72 69 35 37 58 55 63 72 50 19 42 48 33 7 7 32 26 23 41 9 62 66 56 20 17 50 45 47 62 31 90 77 43 35 74 69 66 84 48 80 49 40 80 74 69 89 51 35 29 65 60 61 76 44 6 33 27 25 42 11 24 18 23 35 17 58 54 73 36 49 67 31 66 37 48 
75 31 66 49 36 48 73 80 61 36 25 63 57 49 70 31 28 66 56 27 47 70 75 61 28 20 59 53 50 69 33 19 22 23 38 25 33 14 21 27 18 12 6 22 16 47 20 38 61 67 52 21 11 51 45 41 60 23 13 33 47 49 45 15 23 35 31 40 48 31 9 29 38 14 28 30 25 20 3 24 17 42 48 33 7 7 32 26 23 41 9 74 56 29 18 57 51 45 65 26 62 37 27 65 59 50 71 32 15 6 45 39 37 55 20 28 24 19 3 25 15 14 11 7 15 23 42 33 55 16 28 49 10 44 15 26 
50 8 42 31 16 23 48 55 36 15 8 38 32 25 45 7 12 44 45 4 27 47 51 41 6 11 35 30 33 46 21 9 38 43 25 85 9 15 42 50 12 16 25 5 41 38 5 19 38 42 32 4 14 26 21 25 37 17 32 35 33 31 39 32 43 24 25 41 37 44 24 9 18 10 44 51 18 20 22 4 40 19 23 18 23 32 7 3 19 19 26 48 33 7 7 32 26 23 41 9 37 16 9 39 33 26 46 7 10 20 21 16 24 33 21 50 16 18 21 2 39 19 24 32 10 48 17 11 30 9 9 24 15 25 29 14 
46 1 37 34 7 19 42 48 33 6 8 31 25 23 40 10 19 44 50 10 30 44 47 42 12 20 32 28 36 45 28 19 48 48 33 9 97 24 47 56 16 22 34 15 49 45 12 23 35 38 33 13 23 23 19 29 36 26 41 45 38 33 47 42 52 31 33 50 43 54 30 5 9 18 47 55 17 22 30 8 46 19 19 24 29 39 8 11 28 22 36 42 32 4 14 26 21 25 37 17 33 7 7 32 26 23 41 9 18 29 20 17 31 34 30 54 15 21 29 8 45 24 29 40 19 55 10 15 25 18 17 21 23 28 39 22 
61 23 53 35 30 35 60 68 48 29 20 52 46 36 57 19 13 51 43 16 32 56 62 47 16 6 45 40 36 55 19 5 23 37 14 15 24 67 35 41 15 15 11 10 29 35 12 23 48 54 38 11 4 38 32 27 46 10 17 25 33 35 33 17 28 21 19 31 35 30 19 22 32 9 40 44 25 23 13 16 31 29 36 19 17 22 20 14 10 27 12 61 42 21 12 45 39 31 52 13 48 31 21 53 47 37 58 20 7 7 32 26 23 41 9 43 23 21 11 16 29 19 20 19 6 37 32 20 42 7 14 36 6 30 14 11 
92 46 84 70 47 64 89 94 79 48 38 78 72 67 87 49 48 86 78 45 67 89 93 81 47 40 77 72 71 88 54 39 39 2 21 42 47 35 15 10 30 25 27 41 16 69 36 58 80 84 72 38 31 68 63 62 79 45 31 54 69 70 67 33 35 57 53 60 70 48 17 41 48 32 9 9 31 25 21 40 7 61 65 54 19 15 49 44 45 60 29 89 75 42 34 73 67 64 83 46 79 48 39 79 73 68 88 50 33 28 63 58 59 75 42 7 32 26 23 41 9 22 17 21 33 16 57 52 71 34 48 66 30 64 35 47 
101 55 92 76 57 73 98 104 87 57 48 87 82 75 96 57 55 93 82 53 74 97 101 88 54 47 85 80 78 96 59 46 39 11 27 50 56 41 10 15 39 34 31 49 14 73 45 65 88 93 79 46 38 77 71 68 87 50 33 56 74 76 70 35 33 62 58 62 75 48 26 51 58 39 17 9 42 36 28 48 10 69 74 60 27 19 57 52 50 68 32 99 83 52 42 82 76 72 91 53 88 58 48 88 82 76 96 58 41 33 71 66 64 82 46 7 42 36 29 49 11 32 26 23 41 9 66 60 80 42 55 74 36 71 37 53 
62 15 53 43 18 34 58 64 48 18 8 48 42 37 56 19 22 56 55 16 39 59 62 53 17 16 47 42 45 59 30 14 37 31 18 12 16 15 30 39 64 6 21 14 33 48 7 30 49 53 44 9 12 38 33 36 49 23 29 40 44 42 48 30 39 33 33 47 47 45 13 11 20 6 32 39 9 9 14 9 29 31 34 28 13 23 19 14 25 32 23 59 45 12 5 42 37 35 52 19 48 20 9 48 43 37 57 19 8 16 33 28 34 46 24 38 7 7 15 10 29 7 13 25 9 39 26 23 41 9 20 35 11 37 28 22 
67 21 58 46 24 39 64 70 53 24 14 53 48 42 62 24 24 61 57 20 43 64 68 57 22 18 52 47 48 63 32 16 33 26 12 16 22 15 25 34 6 53 17 17 27 49 11 34 55 59 48 12 10 43 38 39 54 24 25 39 47 46 48 26 35 35 33 46 49 42 7 17 26 7 27 34 12 9 9 14 24 36 40 31 7 17 24 19 25 36 19 64 50 18 9 48 42 40 58 22 54 26 15 54 48 43 62 24 9 12 38 33 37 50 24 33 11 7 9 15 23 4 7 20 10 33 32 27 46 10 23 41 9 40 25 24 
73 33 65 45 39 47 72 80 59 39 28 64 58 48 69 31 25 63 51 27 44 68 74 58 27 17 57 51 47 66 28 17 16 29 6 25 34 11 27 31 21 17 47 21 18 42 22 35 60 66 49 21 11 50 44 38 57 19 7 27 43 46 39 9 18 31 26 33 43 25 15 31 41 16 34 36 29 26 9 26 21 41 48 30 13 12 32 26 19 38 2 73 54 31 20 57 51 42 63 25 60 40 30 65 59 48 70 32 16 5 44 38 33 52 15 34 28 24 7 26 20 20 17 7 15 26 43 32 54 16 26 48 11 41 9 23 
52 13 44 29 22 25 50 58 38 20 13 42 36 26 48 9 8 44 41 5 26 48 53 40 6 5 36 31 31 47 16 4 33 43 22 5 15 10 41 49 14 17 21 82 38 34 7 17 39 45 31 5 11 28 22 22 38 11 27 30 30 29 35 27 38 20 20 36 33 39 23 14 23 9 45 51 21 23 20 9 38 20 26 14 22 30 10 4 13 19 22 51 34 13 9 35 29 23 42 5 39 22 14 43 37 27 48 10 8 17 23 17 20 33 15 49 19 21 19 7 37 20 24 28 7 46 22 11 32 6 6 26 12 23 24 9 
91 47 82 64 51 64 89 96 77 51 41 80 74 65 86 48 43 81 68 44 62 86 91 76 44 35 75 69 65 84 47 35 25 18 16 41 49 29 16 14 33 27 18 38 18 59 36 53 77 83 67 37 27 67 61 56 76 38 18 42 61 64 56 20 19 49 44 48 61 33 20 44 53 30 25 21 38 32 19 40 9 58 65 48 20 9 48 42 37 56 19 90 72 44 34 73 67 60 81 42 78 53 42 81 75 66 87 48 31 21 61 55 51 70 33 19 37 32 19 41 7 27 21 10 31 7 58 49 71 32 44 65 26 59 23 41 
50 44 46 17 53 39 56 66 41 51 47 55 51 33 51 35 26 33 9 35 21 42 51 27 33 31 38 33 17 37 17 33 38 71 47 38 45 35 69 73 48 49 42 34 59 58 41 22 38 48 23 39 39 37 33 16 33 25 40 19 9 19 5 39 46 14 16 17 4 35 54 47 54 42 75 78 56 57 48 43 64 31 40 21 52 54 36 36 24 26 40 57 33 45 43 47 43 25 43 29 43 52 48 56 52 35 52 36 40 41 33 30 14 28 27 76 54 55 46 41 62 53 55 49 39 67 46 30 41 39 29 37 41 20 35 25 
56 11 47 36 17 28 53 59 42 17 7 43 37 31 50 12 15 50 49 9 32 52 56 46 10 11 40 35 38 52 24 9 36 38 20 5 12 12 36 45 7 11 22 7 36 41 81 23 43 48 37 2 11 31 26 29 43 18 29 36 37 35 42 29 40 27 27 42 41 43 19 9 19 5 39 46 14 16 17 4 35 24 29 21 18 27 12 7 19 25 23 54 38 9 2 37 31 28 46 12 42 18 8 44 38 31 51 13 6 16 27 22 28 39 20 44 12 14 17 4 34 14 19 27 6 43 22 16 35 5 13 29 11 30 27 16 
38 22 31 12 30 17 40 49 26 28 27 35 30 14 36 13 10 28 27 15 9 33 39 23 13 18 23 17 14 31 10 19 41 60 38 19 23 23 58 65 30 34 35 17 53 22 23 38 25 33 14 21 27 18 12 6 22 16 38 29 15 12 26 37 47 11 16 32 20 43 40 26 32 26 62 67 37 39 36 23 54 9 19 5 39 46 14 16 17 4 35 41 19 24 25 27 22 7 29 11 27 30 28 37 31 16 37 14 24 31 12 7 9 17 21 66 35 37 35 21 53 37 41 43 24 61 23 7 22 23 10 17 28 6 33 12 
13 35 8 21 40 16 17 27 4 38 43 20 19 12 12 30 34 12 37 34 18 9 14 14 33 42 3 8 21 11 34 42 66 81 61 38 35 48 80 88 49 55 60 39 77 38 43 25 19 9 15 42 50 12 16 25 5 41 63 52 29 19 44 63 73 34 40 54 34 67 62 40 40 48 82 89 53 57 59 40 78 19 16 31 61 69 30 36 42 21 60 19 5 39 46 14 16 17 4 35 5 38 43 21 20 12 14 30 47 55 16 21 31 10 47 88 51 55 58 39 76 57 62 67 47 85 27 27 11 46 33 14 51 21 59 37 
9 38 1 30 40 19 8 17 7 39 46 13 15 18 3 35 41 19 46 39 28 12 9 23 38 48 10 15 31 17 42 48 74 85 67 42 38 54 84 93 53 59 66 45 83 48 48 33 9 38 24 47 56 16 22 34 15 49 70 61 38 29 53 70 80 43 49 63 43 76 67 43 40 53 85 93 55 60 65 44 83 25 19 39 66 75 35 41 50 28 66 9 15 42 50 12 16 25 5 41 5 39 46 14 16 17 4 35 52 62 22 28 40 20 54 92 53 59 64 43 82 61 67 73 52 91 28 34 12 51 40 18 57 30 66 44 
27 33 23 6 40 19 32 42 17 38 39 32 28 12 27 25 24 13 23 28 5 20 28 9 26 32 14 10 6 17 21 33 53 74 52 32 33 38 72 79 44 48 49 31 67 23 37 14 15 24 11 35 41 15 15 11 10 29 51 37 14 4 29 50 60 20 26 39 19 53 55 38 41 40 76 82 49 52 51 35 69 14 20 19 53 60 26 29 30 12 48 34 9 36 39 24 21 8 19 25 19 39 40 33 30 13 29 25 39 46 14 16 17 4 35 80 47 50 49 33 67 51 55 57 38 75 29 20 19 38 24 16 42 8 46 26 
54 11 46 34 18 27 52 59 41 17 8 42 36 29 49 11 13 48 47 7 30 51 55 44 9 9 39 34 36 50 22 7 35 39 21 4 13 11 38 46 9 12 21 5 37 39 2 21 42 47 35 78 10 30 25 27 41 16 28 34 35 33 40 29 39 25 25 41 39 41 20 10 20 6 40 47 16 18 18 5 36 23 28 19 19 28 11 6 18 23 23 53 37 9 4 36 30 27 45 10 41 19 10 44 38 30 50 12 5 16 25 20 26 37 19 46 14 16 17 4 35 16 20 28 6 44 21 15 34 5 11 28 11 28 26 14 
63 22 55 38 28 36 62 69 50 28 17 53 47 38 59 20 17 55 48 16 36 59 64 50 17 9 48 42 40 58 23 7 25 33 11 14 23 4 31 38 12 10 11 11 27 39 11 27 50 56 41 10 92 39 34 31 49 14 18 29 38 38 38 18 29 26 23 36 40 33 14 20 30 5 36 40 21 19 9 15 27 31 37 22 12 19 21 15 15 30 12 63 45 20 9 46 40 34 54 15 50 29 19 54 48 38 60 21 5 5 34 28 27 44 13 39 19 17 8 15 26 14 16 17 4 35 32 22 43 5 17 37 1 33 16 15 
24 23 15 20 28 4 22 31 10 26 31 17 13 3 19 19 25 22 38 23 16 21 24 21 22 32 9 6 22 22 28 32 58 70 51 26 23 38 68 77 38 43 50 28 67 37 31 18 12 16 15 30 39 29 6 21 14 33 54 47 28 19 42 54 64 29 34 50 33 61 51 28 28 37 70 77 40 45 48 28 66 9 5 23 49 58 19 24 34 13 50 24 9 27 34 9 6 11 14 25 10 26 31 19 14 2 20 18 36 45 5 11 26 13 38 76 39 43 47 27 65 46 51 57 36 74 16 17 4 35 23 2 40 17 50 28 
29 19 21 18 25 5 28 37 15 23 26 23 17 4 25 13 19 24 36 17 13 25 30 22 16 26 14 9 20 26 22 26 52 64 45 21 19 32 63 71 33 38 44 22 61 33 26 12 16 22 15 25 34 6 32 17 17 27 48 41 24 16 37 48 58 23 29 45 30 55 45 24 26 31 65 72 36 40 43 23 61 3 6 18 44 53 13 19 28 8 44 30 12 22 29 15 9 8 20 19 16 24 26 24 19 4 26 13 30 39 0 5 21 14 32 71 34 39 42 22 60 40 46 51 30 69 14 11 10 29 17 4 35 13 44 22 
38 28 33 7 37 22 42 52 27 35 33 39 34 17 37 19 14 25 21 21 6 32 40 20 19 22 24 19 9 29 9 23 41 64 41 25 29 27 62 68 36 39 38 22 56 16 29 6 25 34 11 27 31 21 17 35 21 18 39 26 8 8 20 38 48 8 14 29 13 41 45 33 38 31 67 72 43 45 40 29 58 14 24 8 43 49 21 22 19 9 37 44 20 30 31 31 26 9 30 17 29 36 34 41 36 19 39 20 30 35 17 13 5 16 23 70 41 43 39 27 57 43 46 46 29 64 29 14 25 28 16 21 32 4 35 15 
17 36 13 16 42 18 23 32 9 40 43 25 23 12 17 30 32 8 31 34 14 10 18 8 32 40 7 8 16 9 31 41 62 81 60 37 36 46 79 87 49 54 57 38 76 33 43 22 5 15 10 41 49 14 17 21 9 38 61 47 24 14 39 60 70 30 36 49 29 63 61 41 42 47 82 89 53 57 58 40 76 18 19 28 60 68 30 35 40 19 57 24 4 39 45 19 19 15 9 33 11 40 44 26 25 13 19 30 46 54 16 21 27 5 44 87 52 56 57 39 75 57 62 65 46 83 30 26 14 45 32 16 50 17 56 35 
54 24 47 25 33 31 55 64 42 32 25 49 43 30 52 17 8 43 33 15 24 49 56 38 14 6 39 33 27 47 9 9 25 47 23 17 26 10 45 50 23 24 19 11 38 25 18 16 41 49 29 16 14 33 27 18 38 70 22 18 23 26 24 21 31 11 9 24 25 29 29 26 35 17 50 54 32 32 23 20 40 24 32 10 27 31 19 15 2 20 19 57 35 24 19 41 35 23 45 9 43 33 26 50 45 31 53 19 15 17 27 21 13 33 5 52 30 30 21 19 39 28 30 27 14 46 32 16 37 14 10 31 16 21 17 4 
77 40 69 47 46 52 77 85 64 46 35 69 63 52 74 36 29 65 50 33 46 71 78 60 33 22 61 55 48 69 30 23 9 33 13 32 41 17 31 33 29 25 7 27 18 40 29 38 63 70 51 28 18 54 48 39 61 22 83 23 43 48 37 2 11 31 26 29 43 18 22 38 48 23 39 39 37 33 16 33 25 45 53 32 21 16 37 32 20 42 5 78 57 38 27 62 56 46 67 29 65 47 37 71 65 53 75 38 23 12 48 42 34 55 16 37 36 32 15 33 23 27 25 10 22 26 49 36 58 23 30 52 18 43 5 26 
65 43 59 31 52 46 68 78 54 50 43 64 59 43 64 35 25 49 28 34 33 57 66 44 32 25 51 45 32 54 19 27 19 56 33 35 45 25 54 56 40 39 27 30 42 19 36 29 52 61 37 34 29 47 41 26 47 18 23 45 25 33 14 21 27 18 12 6 22 16 41 45 53 34 61 63 50 48 35 39 48 38 48 23 39 39 37 33 16 33 25 70 46 43 36 56 51 35 56 27 55 52 45 66 60 45 65 37 32 28 41 36 20 42 16 61 48 46 33 37 46 43 43 33 31 49 49 32 51 31 28 46 30 30 19 22 
40 37 37 8 46 30 46 56 31 44 42 45 41 24 41 28 22 24 12 30 11 33 42 18 28 29 28 24 7 29 14 31 42 71 47 33 38 33 69 74 44 47 43 30 61 9 37 15 29 38 14 35 38 28 24 8 24 23 43 25 77 9 15 42 50 12 16 25 5 41 52 41 47 39 74 78 51 53 47 38 64 22 31 16 50 55 30 30 24 17 42 48 23 39 39 37 33 16 33 25 33 45 43 47 43 25 43 29 37 41 24 22 10 18 27 76 49 51 45 36 62 51 53 50 37 69 38 23 32 36 24 28 39 11 38 22 
31 33 27 1 40 21 37 46 22 38 39 36 32 15 32 24 22 17 19 27 3 24 33 12 25 29 19 14 3 21 17 31 48 72 49 31 33 35 70 76 42 46 46 29 64 19 35 12 19 29 4 33 38 19 16 8 14 26 48 33 9 96 24 47 56 16 22 34 15 49 52 37 41 38 74 79 49 51 48 35 66 15 22 16 51 57 25 28 27 11 45 38 14 35 38 28 24 8 24 23 23 39 39 37 33 16 33 25 37 43 16 16 13 9 31 78 47 49 46 33 65 50 53 54 36 72 31 19 22 36 22 19 40 5 43 23 
55 46 52 23 55 43 61 71 46 53 48 59 55 38 56 37 27 39 13 37 26 48 57 33 35 31 43 38 22 43 18 33 33 69 45 39 47 33 67 70 48 48 39 35 56 5 42 26 44 53 29 40 38 42 37 20 39 24 37 14 15 24 47 35 41 15 15 11 10 29 52 49 56 41 73 75 56 56 46 44 61 35 44 22 50 52 38 37 23 29 37 63 38 47 43 51 47 30 48 30 48 54 49 61 56 39 58 38 39 39 37 33 16 33 25 73 54 54 44 42 59 52 54 46 39 63 49 32 46 39 30 41 39 24 32 25 
76 40 69 46 47 52 77 85 63 46 36 69 63 51 73 36 28 64 48 33 45 70 77 59 33 22 61 55 47 68 29 23 7 35 15 32 42 17 33 35 30 26 9 27 20 39 29 37 63 70 50 29 18 54 48 38 60 21 2 21 42 47 35 79 10 30 25 27 41 16 24 39 49 24 41 41 38 35 18 34 27 45 53 32 22 18 38 32 20 41 6 78 57 38 28 62 56 45 67 29 64 48 38 71 65 52 74 38 23 14 48 42 33 54 15 39 37 33 16 33 25 29 26 12 23 28 50 36 58 24 30 52 19 42 3 25 
86 51 79 55 57 62 87 95 73 57 46 80 74 62 83 47 39 73 55 44 55 80 87 68 43 33 71 65 56 77 38 33 7 37 23 43 52 28 35 33 39 35 18 38 19 46 40 47 73 80 60 39 29 64 58 48 70 31 11 27 50 56 41 10 79 39 34 31 49 14 31 49 59 34 44 41 47 43 26 44 28 55 64 42 30 22 48 42 30 52 16 88 67 49 38 73 67 55 77 40 74 58 48 81 75 63 85 48 34 23 58 52 42 64 25 39 46 42 25 44 26 37 33 16 33 25 60 47 69 34 41 63 29 52 14 36 
47 30 41 15 39 29 50 60 36 37 33 46 41 25 46 21 12 33 22 21 15 40 48 28 19 17 33 27 16 37 3 19 32 58 35 24 31 21 57 62 33 35 31 20 49 14 27 11 34 43 20 25 26 29 23 8 30 11 31 18 12 16 15 30 39 75 6 21 14 33 40 33 40 28 62 66 41 42 35 28 52 20 30 7 38 43 22 21 11 15 30 52 28 31 28 38 33 17 38 15 37 38 34 48 43 27 47 22 26 29 23 18 2 24 15 64 39 40 33 26 50 39 42 38 25 57 33 16 33 25 14 28 27 13 26 11 
53 32 47 21 41 34 56 65 41 39 33 52 46 31 52 24 13 39 24 23 21 46 54 34 21 16 39 33 22 43 6 18 26 55 31 25 33 19 53 58 33 33 26 20 44 16 27 16 40 49 26 25 23 34 29 14 36 9 26 12 16 22 15 25 34 6 67 17 17 27 38 34 42 26 59 62 41 41 32 29 48 26 35 11 36 39 25 22 8 21 25 58 34 32 28 44 38 23 44 16 43 41 35 53 48 32 53 25 24 25 29 23 8 30 11 60 39 39 30 27 46 37 39 34 24 52 37 20 39 24 16 33 25 19 21 11 
66 49 62 33 58 50 71 81 56 56 49 68 63 46 66 41 30 50 25 39 35 59 67 44 38 31 53 48 33 54 23 33 23 63 40 41 50 31 60 62 47 46 33 36 48 17 42 32 54 63 39 41 36 50 45 29 49 24 29 6 25 34 11 27 31 21 17 33 21 18 48 51 59 40 68 69 56 55 41 45 54 42 52 28 46 45 42 39 22 37 31 73 48 49 43 60 55 38 58 33 58 58 51 69 64 48 68 42 38 35 45 40 23 43 22 67 54 53 39 43 52 50 50 39 38 55 54 37 54 38 33 49 37 33 25 28 
45 42 42 13 51 35 52 61 37 49 46 51 47 29 46 33 25 28 8 34 17 37 47 22 32 31 34 29 12 33 17 33 41 72 48 37 43 35 70 75 47 49 43 33 61 4 41 20 34 43 19 39 40 33 30 13 29 25 43 22 5 15 10 41 49 14 17 21 67 38 54 46 52 42 76 79 55 56 48 41 65 28 37 19 52 56 34 34 25 22 42 53 29 44 42 43 39 22 38 28 38 50 47 52 48 31 48 34 40 42 30 27 12 23 28 77 53 54 46 39 63 53 56 51 39 69 43 28 37 39 27 33 41 16 38 25 
80 52 74 47 60 60 83 92 69 59 50 78 72 57 79 46 37 65 43 44 48 73 81 60 43 33 66 60 48 70 33 34 9 50 31 44 54 30 48 48 45 42 25 39 33 35 43 43 67 76 53 41 33 61 55 41 63 29 18 16 41 49 29 16 14 33 27 18 38 50 41 52 62 38 57 55 54 51 34 47 41 52 61 37 39 34 48 43 27 47 22 85 61 51 42 70 64 50 71 38 70 61 52 79 74 59 80 48 37 29 55 49 35 57 23 53 52 49 32 46 39 45 43 27 36 39 60 45 65 37 39 59 33 46 16 33 
75 29 66 52 31 47 71 78 61 32 21 61 55 50 70 31 30 68 62 28 50 71 75 64 29 23 59 54 54 71 37 21 32 19 9 24 30 19 17 26 13 7 15 23 20 54 19 40 62 67 55 20 14 51 45 45 61 29 22 41 52 52 52 24 31 40 38 48 54 41 47 25 33 14 21 27 18 12 6 22 16 43 48 37 2 11 31 26 29 43 18 72 57 25 16 56 50 47 65 29 61 33 23 62 56 50 70 32 15 13 46 40 42 57 27 25 17 12 8 23 15 7 2 15 16 26 40 35 54 17 30 48 13 47 24 30 
52 5 43 38 8 24 47 53 38 7 3 36 30 28 46 13 21 49 53 12 34 50 52 46 14 19 37 33 40 50 30 18 46 42 29 9 5 22 41 51 11 17 31 14 44 47 9 26 40 43 38 10 20 28 24 33 41 26 38 45 41 37 49 39 49 33 34 51 46 52 25 87 9 15 42 50 12 16 25 5 41 23 24 26 24 35 12 11 28 26 33 48 37 2 11 31 26 29 43 18 38 9 2 37 31 28 46 12 15 26 25 22 33 38 29 49 10 15 25 7 40 18 24 36 16 51 15 18 31 15 18 26 20 32 36 23 
49 10 40 42 1 24 43 47 37 3 12 31 26 30 42 19 29 50 59 19 38 49 50 48 21 29 37 34 44 51 37 27 55 48 38 18 9 32 48 58 20 26 41 23 53 54 19 32 40 40 41 20 30 28 26 38 42 35 48 53 47 41 56 49 59 40 42 59 52 62 33 9 96 24 47 56 16 22 34 15 49 26 23 33 33 43 17 20 37 30 42 43 38 10 20 28 24 33 41 26 37 2 11 31 26 29 43 18 25 35 26 25 40 40 39 55 15 21 35 16 48 26 32 45 25 59 12 24 29 25 26 26 30 37 46 31 
61 17 52 39 23 33 58 65 47 22 12 49 43 35 56 17 17 54 50 13 35 57 61 50 15 10 45 40 40 56 25 8 31 33 14 10 18 9 32 39 6 7 16 9 30 42 5 26 48 53 40 6 5 37 31 31 47 17 23 34 39 38 41 24 34 28 26 40 42 38 14 15 24 74 35 41 15 15 11 10 29 29 34 23 12 21 18 12 18 28 18 59 43 14 4 43 37 32 51 15 48 24 13 50 44 36 57 18 2 11 31 26 29 43 18 39 14 13 11 10 28 11 15 21 2 38 28 20 40 3 16 35 5 33 22 17 
94 47 85 74 46 66 89 94 80 47 39 78 72 70 88 51 52 89 84 48 71 91 94 85 50 45 79 74 76 91 59 43 48 7 28 44 47 40 9 17 32 27 34 45 25 75 39 62 82 85 76 40 36 70 65 67 82 50 39 61 74 74 73 41 44 62 59 68 76 57 21 42 47 35 4 10 30 25 27 41 16 63 66 58 23 22 51 47 51 64 36 90 78 43 36 74 68 68 85 50 80 48 39 78 73 70 88 52 37 34 65 61 64 78 48 11 31 26 29 43 18 24 20 29 37 24 57 55 73 38 51 68 34 68 43 51 
102 55 93 79 55 74 97 103 88 56 47 87 81 77 96 58 57 95 87 55 76 98 102 91 56 50 86 81 81 98 63 48 46 7 30 51 55 44 9 9 39 34 36 51 21 78 46 67 89 93 82 47 40 77 72 72 89 54 39 63 78 79 75 41 41 66 62 69 79 55 27 50 56 41 10 22 39 34 31 49 14 70 74 63 28 23 58 53 54 70 38 98 84 51 43 82 76 74 92 56 88 57 48 87 82 77 97 59 42 37 73 68 68 84 51 2 40 35 33 50 16 31 26 29 43 18 65 62 81 44 57 75 39 74 44 56 
64 17 55 49 15 36 58 63 50 16 10 47 41 41 57 24 29 61 63 22 45 62 64 58 24 25 50 45 51 62 38 23 46 32 25 18 17 25 31 42 9 12 29 21 38 56 14 37 53 55 49 16 21 40 36 43 53 32 37 50 51 49 56 38 47 41 41 56 55 54 18 12 16 15 30 39 63 6 21 14 33 35 36 36 18 29 23 21 33 37 31 59 49 13 13 43 38 41 55 26 50 17 9 48 42 41 58 24 17 24 37 33 42 50 34 39 2 6 22 16 32 11 16 32 18 43 26 29 43 18 27 38 20 43 37 30 
69 21 60 52 21 41 64 69 55 22 14 53 47 45 63 27 31 65 64 24 48 66 69 61 26 25 54 50 54 67 39 23 42 26 20 20 22 23 25 36 9 9 26 23 32 57 16 39 57 60 52 18 19 45 40 45 57 32 33 48 53 51 56 35 43 42 41 55 56 51 12 16 22 15 25 34 6 53 17 17 27 39 41 37 13 23 27 23 33 40 28 64 53 18 14 48 43 44 59 28 55 23 14 53 48 45 63 27 17 21 41 37 43 54 32 33 6 2 18 18 27 6 11 27 17 37 31 32 48 17 29 43 18 46 34 31 
72 28 64 48 33 45 70 77 59 33 22 61 55 47 68 29 26 64 56 25 45 68 73 60 26 18 57 51 50 67 32 17 25 23 3 22 30 13 21 28 14 9 9 20 19 48 17 36 59 65 51 18 9 48 43 40 58 23 16 35 47 48 46 18 26 35 32 41 48 34 6 25 34 11 27 31 21 17 59 21 18 40 46 32 4 10 29 24 23 39 11 71 54 25 15 55 49 43 63 25 59 34 23 62 56 48 69 30 12 6 43 37 37 53 21 29 20 15 2 22 17 11 8 11 12 26 39 31 52 13 26 46 8 43 18 25 
52 6 44 35 13 24 49 55 39 12 4 39 33 28 47 10 16 48 49 8 31 49 53 44 10 14 37 33 37 50 25 12 40 41 24 4 8 16 40 48 9 14 26 9 40 43 4 23 40 44 35 5 15 28 23 29 40 20 33 39 38 35 44 34 44 28 29 45 41 47 22 5 15 10 41 49 14 17 21 86 38 22 25 22 21 31 10 7 22 23 28 50 36 4 6 33 27 27 43 13 39 14 5 40 34 28 48 10 10 21 24 20 28 37 24 47 12 15 21 2 38 17 22 32 11 47 17 15 31 10 13 26 15 29 31 18 
90 45 82 66 47 63 88 94 77 48 38 77 72 65 85 47 44 82 73 43 64 86 91 78 44 36 75 69 67 85 50 35 32 9 17 40 46 31 7 10 29 24 21 38 9 64 35 54 78 83 69 36 27 66 61 58 76 40 25 48 64 66 61 27 28 52 48 54 65 41 16 41 49 29 16 14 33 27 18 38 36 58 64 50 17 9 47 42 40 57 23 88 73 42 32 72 66 61 81 43 77 49 39 78 72 66 86 48 30 23 61 56 54 72 37 12 33 27 19 39 2 22 16 15 30 11 56 50 70 31 44 64 26 61 29 43 
32 18 24 16 25 8 31 40 18 23 25 26 20 6 28 11 16 25 34 15 12 28 33 23 14 23 16 11 18 27 19 23 49 62 42 19 19 29 61 69 31 36 41 20 58 31 24 9 19 25 14 23 31 9 3 14 18 24 45 38 22 15 35 45 55 20 26 42 28 52 43 23 26 29 63 70 35 39 40 22 58 50 9 15 42 50 12 16 25 5 41 33 14 21 27 18 12 6 22 16 19 24 25 27 22 7 29 11 28 36 3 2 18 15 29 69 33 37 39 20 57 39 43 48 27 66 15 8 13 26 14 7 32 11 41 19 
27 19 18 24 23 1 24 31 14 21 27 16 11 7 21 17 24 27 42 21 19 25 28 26 20 31 13 11 26 27 29 30 58 66 48 23 19 36 65 74 34 40 48 26 65 40 29 19 16 19 20 28 37 5 6 24 19 32 53 48 31 22 44 53 64 30 35 52 37 61 48 24 23 34 66 74 36 41 46 25 64 9 66 24 47 56 16 22 34 15 49 25 14 23 31 9 3 14 18 24 14 21 27 18 12 6 22 16 33 43 7 12 28 18 38 73 35 40 45 24 63 42 48 55 33 72 11 16 6 32 22 3 38 20 49 28 
44 23 37 15 32 23 46 55 31 30 26 41 35 20 42 14 6 32 27 14 13 38 45 28 12 13 29 23 17 36 4 15 35 56 33 18 24 19 54 60 28 31 30 14 48 21 21 5 31 39 19 19 22 23 18 8 28 10 32 23 16 16 22 32 42 7 11 28 19 37 37 26 33 23 58 63 36 37 32 22 50 15 24 28 35 41 15 15 11 10 29 47 25 24 23 33 27 13 35 9 33 31 27 42 37 21 43 15 21 27 18 12 6 22 16 62 33 35 30 20 49 35 38 38 21 56 26 9 28 20 8 22 24 11 28 7 
74 28 65 51 31 46 71 77 60 31 21 61 55 48 68 30 29 66 60 26 48 70 74 62 28 21 58 53 52 69 35 20 30 20 7 23 29 17 19 27 13 7 13 22 20 52 18 39 61 66 53 19 12 49 44 43 60 27 21 39 50 51 50 22 30 38 36 46 52 39 2 24 33 12 23 28 18 13 4 21 17 42 47 35 43 10 30 25 27 41 16 71 56 25 15 55 49 45 64 27 60 33 22 62 56 49 69 31 14 11 44 39 40 55 25 27 18 12 6 22 16 7 4 14 14 26 39 33 53 15 28 47 11 45 22 28 
82 38 74 57 42 55 80 87 68 42 31 71 65 57 78 39 35 74 63 35 55 78 83 69 36 28 67 61 58 77 40 27 25 17 7 32 39 22 15 19 23 17 12 30 9 54 27 46 69 75 60 28 19 58 53 49 68 31 16 39 55 57 52 18 22 43 39 45 56 34 11 35 43 21 22 23 29 23 10 31 9 50 56 41 10 54 39 34 31 49 14 81 64 35 25 65 59 53 73 34 69 43 33 72 66 58 79 40 22 14 53 47 45 63 27 21 28 23 10 32 7 18 12 6 22 16 49 41 62 23 36 56 18 52 20 34 
43 7 34 26 16 15 40 48 29 14 13 31 25 18 38 1 12 37 42 4 22 39 43 34 5 15 28 23 28 39 20 14 43 50 32 7 8 20 49 57 19 24 32 10 48 36 12 14 30 35 26 11 21 19 13 21 30 19 37 37 30 25 38 38 48 22 25 42 34 48 31 12 17 18 51 58 23 27 29 10 47 12 16 15 30 39 36 6 21 14 33 41 26 10 15 25 19 17 33 9 30 15 14 33 27 18 39 0 17 27 14 10 22 27 24 57 21 25 29 8 46 27 32 39 17 56 12 6 22 16 9 16 22 20 34 15 
48 9 40 28 18 21 46 54 35 17 11 37 31 23 44 5 9 42 42 1 24 44 49 38 3 10 33 28 30 44 18 9 38 45 26 3 11 14 44 52 14 19 26 4 42 36 7 16 36 41 29 6 15 24 19 22 35 15 32 33 30 28 37 32 42 21 22 39 34 43 26 11 20 12 47 53 21 23 24 7 42 16 22 15 25 34 6 25 17 17 27 47 31 9 10 31 25 21 39 6 35 18 12 39 33 24 45 6 11 21 19 14 21 31 19 52 19 21 23 5 41 22 27 33 11 50 18 8 28 10 6 22 16 22 29 11 
56 26 49 26 35 33 57 66 43 34 26 51 45 31 53 19 10 44 33 17 25 50 57 39 16 8 41 35 28 48 9 10 23 47 23 19 28 10 45 50 25 25 19 13 37 24 19 17 42 50 30 18 15 34 28 19 40 2 20 16 24 27 23 20 30 11 8 22 25 27 29 28 37 18 51 54 33 33 23 22 40 25 34 11 27 31 21 17 13 21 18 59 37 26 20 43 37 25 47 11 44 35 28 52 47 33 55 21 16 17 28 23 14 34 4 52 32 31 21 21 38 29 31 27 15 45 34 18 39 15 12 33 16 22 16 6 
34 21 27 12 29 13 36 44 21 27 27 31 26 10 31 13 13 25 29 15 8 29 35 21 14 21 19 13 14 28 14 22 45 62 41 19 22 27 60 68 32 36 38 19 56 26 25 4 21 28 12 23 30 13 8 9 19 20 42 33 17 11 29 41 52 15 21 37 22 47 43 26 30 28 64 70 37 40 39 23 57 5 15 10 41 49 14 17 21 45 38 37 15 24 27 23 17 4 25 14 22 28 28 32 27 11 33 13 27 35 8 4 13 14 26 68 35 38 38 21 56 39 43 46 27 64 20 8 18 26 12 12 31 6 38 16 
73 34 65 45 41 47 73 80 60 40 30 64 58 48 69 31 25 62 49 28 43 68 74 57 28 18 57 51 46 66 28 18 14 31 9 26 36 12 29 32 23 19 2 22 19 40 23 35 60 66 48 23 12 50 44 37 57 19 5 25 42 45 37 6 16 30 25 31 42 22 18 33 42 18 36 38 31 28 11 28 23 41 49 29 16 14 33 27 18 38 32 74 54 32 22 58 52 42 63 25 61 42 31 66 60 49 70 33 17 7 44 38 32 52 14 36 30 26 9 27 21 22 20 9 17 27 44 32 54 18 26 48 12 40 6 22 
13 43 11 40 44 26 1 8 16 42 51 12 17 27 7 42 49 28 56 46 37 19 12 32 45 56 19 25 40 25 51 56 82 90 74 48 42 61 89 99 59 64 73 51 90 57 54 41 19 9 34 53 63 24 30 44 24 57 78 70 48 38 63 78 88 52 58 73 53 85 72 48 43 59 90 98 59 64 71 50 88 33 25 47 71 81 41 47 59 37 74 19 24 47 56 16 22 34 15 49 15 42 50 12 16 25 5 41 58 68 30 36 49 29 63 97 58 63 70 49 88 66 72 80 59 97 32 41 19 57 47 25 63 39 74 52 
19 32 13 15 37 14 23 32 8 35 39 23 20 8 18 26 29 12 32 29 13 13 20 12 28 36 5 3 16 13 28 37 60 77 56 33 32 42 75 83 45 50 54 34 72 33 38 19 5 15 9 37 45 9 12 20 4 35 57 46 23 14 38 57 67 28 34 48 29 61 57 37 38 43 78 84 49 53 54 36 73 14 14 25 56 64 26 31 37 15 54 24 30 35 41 15 15 11 10 29 9 36 39 24 21 8 19 25 42 50 12 16 25 5 41 83 47 51 53 34 71 53 58 62 42 80 25 22 10 41 28 11 46 15 53 31 
50 3 41 36 9 22 46 52 37 8 4 35 29 27 44 11 19 47 51 10 32 48 51 44 12 18 36 31 38 49 28 16 45 43 29 7 4 21 42 52 12 18 31 13 44 45 9 24 39 42 36 9 20 27 22 30 39 24 38 43 39 35 47 38 49 31 32 49 44 51 25 2 10 14 43 51 13 18 25 4 42 21 23 24 25 35 10 9 26 24 32 47 35 84 10 30 25 27 41 16 37 9 4 36 30 27 45 10 15 25 23 20 31 36 28 50 12 16 25 5 41 19 25 36 15 51 14 16 29 14 16 24 20 30 36 21 
58 13 49 38 19 30 55 62 44 18 8 45 39 33 53 15 17 52 50 11 34 55 59 48 13 12 43 38 40 54 25 9 35 35 18 7 14 12 34 42 5 9 20 9 34 43 2 25 46 50 39 4 9 34 29 31 45 19 27 36 39 38 43 28 38 28 28 43 42 42 16 11 20 4 36 43 13 14 15 6 32 27 31 23 15 25 15 10 20 27 22 56 41 10 101 39 34 31 49 14 45 20 9 46 40 34 54 15 4 15 29 24 29 41 20 42 11 12 15 7 31 12 16 25 5 41 24 19 37 5 15 32 9 32 26 17 
21 27 12 29 28 10 15 22 10 27 35 8 4 13 14 26 33 26 47 29 25 22 21 27 29 40 12 14 31 25 37 39 67 74 57 32 26 45 73 82 42 48 57 35 73 47 37 27 14 12 24 36 46 9 15 31 19 41 62 56 37 28 51 62 73 38 44 60 43 70 56 31 28 43 74 82 43 48 55 33 72 18 9 33 55 65 25 31 43 23 58 16 15 30 39 24 6 21 14 33 9 27 34 9 6 11 14 25 42 52 15 20 36 21 47 81 42 47 54 32 71 50 56 64 42 81 16 25 5 41 31 10 47 27 58 37 
25 21 16 26 24 4 21 28 12 22 29 13 8 9 19 20 27 27 44 23 22 24 25 27 23 34 13 12 28 27 32 33 61 69 51 26 21 39 67 76 37 42 51 29 67 43 31 22 16 16 21 30 40 6 9 26 19 35 56 51 33 24 47 56 67 33 38 55 39 64 50 26 24 37 68 76 38 43 49 27 66 12 3 27 49 59 19 25 37 17 52 22 15 25 34 6 33 17 17 27 12 22 29 15 9 8 20 19 36 46 9 15 31 19 41 75 37 42 48 26 65 44 50 58 36 75 12 19 5 35 25 5 41 22 52 31 
31 24 24 10 32 13 33 42 18 30 31 29 25 8 28 16 17 21 28 19 5 25 32 17 18 25 15 9 12 24 17 26 48 66 45 23 25 31 64 72 35 40 42 23 60 25 28 7 17 25 8 27 34 11 8 9 15 23 46 35 16 8 30 45 55 17 23 38 22 50 47 29 33 32 68 74 41 44 43 27 61 6 14 13 45 53 17 21 25 4 42 34 11 27 31 21 17 51 21 18 20 30 31 31 26 9 30 17 31 38 7 7 15 10 29 72 39 42 42 25 60 43 47 50 31 68 22 12 16 30 16 11 35 5 41 19 
9 38 4 25 41 18 13 23 4 39 45 17 18 15 8 34 38 14 41 37 23 8 10 17 36 46 6 12 26 12 38 46 70 84 65 41 37 52 83 91 52 58 63 42 81 43 46 29 4 5 19 45 54 14 20 30 9 45 67 56 33 24 48 67 77 38 44 58 38 71 65 43 41 51 85 92 55 59 63 43 81 22 18 35 64 73 33 39 47 25 63 15 10 41 49 14 17 21 11 38 4 39 45 19 19 15 9 33 50 59 19 25 36 15 51 91 53 58 62 42 80 60 66 71 50 89 29 31 12 49 37 16 55 25 63 41 
48 15 40 24 24 22 47 55 34 23 17 40 34 22 44 8 2 39 36 6 20 43 49 35 4 7 32 26 25 42 12 7 34 48 26 9 17 13 46 53 19 22 25 5 42 29 12 11 35 41 25 10 15 25 19 17 33 9 29 27 25 23 30 29 40 15 16 33 28 38 29 18 26 15 50 56 26 28 25 13 43 16 24 9 27 34 9 6 11 14 25 49 29 16 14 33 27 18 38 83 35 24 19 41 35 23 45 9 13 20 19 13 15 28 15 54 24 26 23 11 42 26 30 32 13 50 22 7 29 12 1 23 16 18 25 5 
13 33 4 25 37 14 13 23 1 35 41 14 14 12 9 30 35 17 42 34 22 12 13 19 33 42 4 10 26 15 37 43 68 80 62 37 33 48 79 88 48 54 60 39 78 43 42 27 5 5 19 41 50 10 16 29 11 43 65 55 33 23 48 64 74 37 43 58 38 70 61 38 37 48 80 88 50 55 59 39 77 19 14 33 60 69 30 35 44 22 61 15 9 37 45 9 12 20 4 35 49 35 41 15 15 11 10 29 47 56 16 22 34 15 49 87 49 54 58 38 76 56 62 68 47 85 24 28 7 46 34 13 51 24 60 38 
48 9 39 40 1 22 41 46 35 1 12 30 24 28 41 17 27 48 57 18 36 47 48 46 19 28 35 32 42 49 36 26 54 49 37 16 7 31 48 58 20 26 40 22 53 52 18 30 38 39 39 19 29 26 24 36 40 33 47 52 45 39 54 48 58 38 41 58 50 61 33 9 2 24 48 57 17 23 34 14 49 24 21 31 33 43 15 18 35 28 42 42 36 9 20 27 22 30 39 24 35 94 10 30 25 27 41 16 24 35 24 23 38 38 37 56 16 22 34 15 49 26 32 45 25 59 10 22 27 24 24 24 29 35 45 30 
54 7 45 40 9 26 49 55 41 9 1 39 33 31 48 15 21 51 55 13 36 52 55 48 15 19 40 36 42 53 31 17 45 40 27 9 7 21 39 48 9 15 30 14 42 48 8 28 43 46 40 10 19 31 26 34 44 26 37 45 43 39 49 38 48 34 35 51 47 52 23 2 11 13 39 48 9 14 23 5 39 25 27 27 22 33 14 12 28 28 31 50 39 4 9 34 29 31 45 19 41 10 112 39 34 31 49 14 14 24 27 24 34 40 29 47 8 13 24 7 38 16 22 34 15 49 17 20 33 14 19 28 19 34 35 23 
22 33 15 39 32 19 12 15 17 31 40 1 7 23 14 34 42 33 57 37 35 26 22 35 37 48 19 23 40 31 47 48 76 80 65 39 32 53 79 88 48 54 65 43 81 56 44 37 21 14 33 44 54 19 24 41 26 50 71 66 47 37 61 71 81 48 53 69 52 79 62 37 31 50 78 87 48 53 62 40 78 27 18 42 62 72 33 39 52 32 66 12 24 36 46 9 15 31 19 41 15 30 39 33 6 21 14 33 49 60 24 30 46 30 56 86 47 52 61 39 78 56 62 72 50 88 22 34 15 49 40 20 55 36 67 46 
25 27 16 35 27 14 16 21 16 25 34 5 1 18 17 28 37 32 53 31 31 27 24 33 31 42 18 19 36 31 41 42 70 74 59 33 26 47 73 82 43 48 59 37 75 52 38 31 20 16 30 38 48 14 19 36 25 45 65 60 43 33 56 65 75 43 48 64 48 74 56 31 26 44 73 82 42 48 56 34 72 22 12 37 56 66 27 33 47 27 60 16 21 30 40 6 9 26 19 35 15 25 34 6 44 17 17 27 43 54 19 24 41 27 50 81 41 47 55 33 72 50 56 66 44 82 16 29 11 43 34 15 49 32 61 40 
24 23 16 18 29 5 24 33 11 27 31 20 15 1 20 18 23 21 36 22 14 21 25 19 21 31 9 5 19 21 26 31 56 69 50 26 23 37 68 76 37 43 48 27 66 35 31 16 12 17 13 30 38 2 4 19 13 31 53 45 25 16 39 52 63 27 32 48 31 59 50 28 29 36 70 77 41 45 48 28 66 7 6 21 49 58 18 24 33 11 49 25 8 27 34 11 8 9 15 23 11 27 31 21 17 69 21 18 35 44 4 10 24 11 37 76 39 43 47 27 65 45 50 56 35 74 17 16 6 34 22 3 39 15 49 27 
8 41 6 35 43 23 4 13 11 41 49 13 17 23 1 39 45 23 50 43 32 14 8 27 42 52 14 20 35 19 47 53 78 89 71 46 41 58 88 96 57 62 70 48 87 52 51 37 14 4 29 50 60 20 26 39 19 53 75 65 43 33 58 74 85 47 53 68 48 80 70 46 43 57 88 97 58 63 69 48 86 29 22 43 69 79 39 45 55 33 70 5 19 45 54 14 20 30 9 45 10 41 49 14 17 21 30 38 56 66 26 32 45 24 59 95 56 62 68 47 85 65 70 77 56 95 31 38 16 55 44 22 61 34 70 49 
42 8 34 25 16 15 40 47 29 15 14 31 25 17 37 1 11 37 41 4 21 39 43 34 5 15 27 22 27 39 19 15 43 51 32 7 9 20 50 58 19 24 32 10 48 36 13 14 30 35 25 12 21 18 13 20 30 19 38 37 29 25 38 38 48 22 25 42 34 48 32 12 18 18 52 59 24 27 30 10 48 11 16 15 31 40 0 6 21 13 33 41 25 10 15 25 19 17 33 9 29 16 14 33 27 18 38 98 17 27 13 9 22 26 24 57 22 25 29 8 47 27 32 39 17 56 12 6 22 16 9 16 22 19 34 15 
60 17 51 37 23 32 57 65 46 23 12 48 42 34 55 16 15 52 48 12 34 56 60 48 13 8 44 39 39 55 23 6 30 35 15 10 18 7 33 41 8 9 16 8 31 40 6 24 47 52 39 5 5 36 30 30 46 15 23 32 37 37 39 23 34 26 24 38 40 37 15 15 25 2 37 42 17 17 12 10 30 28 33 21 14 22 17 11 16 27 17 58 42 15 4 42 36 31 50 13 47 24 14 49 43 35 56 17 70 10 30 25 27 41 16 41 15 15 11 10 29 13 16 22 0 38 27 19 39 1 14 34 5 31 21 15 
69 27 61 42 34 42 67 75 55 33 23 59 53 43 65 26 21 59 50 22 40 64 69 55 23 13 53 47 44 62 26 13 21 29 6 20 29 7 28 33 16 12 5 17 21 41 16 31 55 62 46 16 5 45 39 35 54 17 12 28 41 43 39 14 23 29 25 35 42 29 13 26 35 11 34 37 24 21 6 21 23 36 43 27 11 14 27 21 17 35 7 68 50 25 15 52 46 38 59 20 56 35 24 60 54 44 66 27 10 82 39 34 31 49 14 35 23 20 4 20 21 15 15 11 10 29 38 28 49 11 22 43 5 38 12 19 
29 19 21 17 26 5 28 37 15 24 27 23 17 4 25 14 19 24 36 18 13 25 30 22 16 26 13 8 19 25 22 26 52 65 45 21 20 32 63 71 33 38 44 23 61 33 27 12 16 22 14 25 34 5 0 17 16 27 48 41 24 16 37 48 58 23 29 45 30 55 46 25 26 31 65 73 37 41 43 24 61 3 7 18 44 53 14 19 28 8 44 30 12 23 29 15 9 7 19 19 16 24 27 24 19 4 26 13 30 39 31 6 21 14 33 71 35 39 42 22 60 41 46 51 30 69 15 11 10 29 17 4 35 13 44 22 
35 17 27 17 24 10 34 43 21 22 23 28 23 9 31 9 13 27 34 12 12 30 35 24 11 20 19 13 19 30 17 20 46 60 39 16 17 26 58 66 28 33 38 17 55 30 22 7 21 28 16 20 28 11 5 13 21 21 42 36 22 16 33 42 52 18 23 40 27 49 40 22 25 26 61 68 33 37 37 20 56 2 12 12 39 47 10 14 23 4 38 36 16 20 24 20 15 7 25 13 22 23 24 30 24 10 32 9 25 34 6 30 17 17 27 66 31 35 36 18 54 36 41 45 25 63 15 6 16 24 11 10 29 11 38 16 
44 29 39 12 38 27 48 57 33 37 33 44 39 23 43 20 12 31 20 21 12 38 46 25 19 19 30 24 13 34 4 21 35 61 37 24 31 23 59 64 34 37 33 20 51 14 28 9 31 40 17 26 27 26 21 5 27 13 34 20 10 13 16 33 42 2 8 23 12 35 42 33 40 29 64 68 42 43 37 28 54 18 28 6 40 45 22 21 14 13 32 49 25 31 29 36 31 15 36 15 34 38 34 46 41 24 45 22 27 31 21 17 23 21 18 66 40 41 35 26 53 41 43 41 27 59 32 15 31 26 15 25 29 10 29 12 
22 33 18 10 40 17 28 37 13 38 40 28 25 10 23 26 27 10 27 29 9 16 24 8 28 35 10 7 11 13 25 36 57 76 55 33 34 41 75 82 46 50 52 33 70 28 39 17 10 20 4 37 44 13 14 16 5 33 55 42 18 9 33 54 64 24 30 43 23 57 57 38 40 43 78 84 50 54 53 37 72 15 18 22 55 63 27 31 34 14 52 29 5 36 41 21 19 10 15 28 15 38 40 30 27 11 24 26 41 49 14 17 21 20 38 83 48 52 52 35 70 53 58 60 41 78 28 22 15 40 27 15 45 11 50 29 
60 29 53 30 37 37 61 70 47 36 28 55 49 36 58 23 13 48 36 20 29 54 61 43 19 9 45 39 32 52 13 11 19 44 20 21 30 9 42 46 24 24 15 15 33 27 20 21 47 54 35 19 13 38 32 23 44 5 16 16 27 31 25 15 25 15 11 22 28 23 27 29 39 18 48 51 34 32 21 24 37 29 38 16 25 27 24 19 4 26 14 63 41 28 20 47 41 29 51 15 49 37 29 56 50 37 59 24 16 14 33 27 18 38 59 49 32 30 19 22 35 28 29 23 15 41 37 21 43 15 16 37 15 26 11 10 
100 54 91 78 54 72 96 102 86 55 46 86 80 75 95 57 56 93 85 53 75 97 101 89 55 48 85 80 79 96 61 46 44 6 28 50 54 43 7 7 38 33 34 49 19 76 44 66 88 92 80 46 39 76 71 70 87 52 37 61 76 78 73 39 39 64 60 67 77 53 25 49 55 39 11 2 39 33 29 47 12 69 73 62 27 21 57 52 52 68 36 97 83 50 42 81 75 72 91 54 87 56 47 86 81 76 95 57 41 35 71 66 66 83 49 21 39 34 31 49 14 30 25 27 41 16 64 60 79 42 55 74 37 72 42 54 
62 15 53 47 14 34 57 62 49 15 8 46 40 39 56 22 27 59 61 20 43 60 63 56 22 23 48 44 49 61 36 21 44 33 24 16 15 23 32 42 7 11 28 19 37 54 12 35 51 53 47 14 19 39 34 41 52 30 36 48 49 47 54 37 46 39 39 54 53 52 17 10 15 14 31 40 2 6 20 12 33 33 35 33 18 28 21 19 32 35 30 58 47 12 11 42 37 39 53 24 49 16 8 47 41 39 56 22 15 23 35 31 40 48 32 39 61 6 21 14 33 10 16 31 16 43 25 27 41 16 25 36 18 41 36 28 
67 20 58 50 20 39 62 68 54 21 12 52 46 43 61 25 29 63 62 22 46 65 68 60 24 23 53 48 52 65 37 21 41 27 19 18 21 21 26 36 7 7 24 21 32 55 14 37 55 59 50 16 17 43 39 43 56 30 32 46 51 49 54 33 42 40 39 53 54 49 12 15 21 13 26 35 6 2 15 15 27 37 40 35 12 23 25 21 31 38 26 63 51 16 12 47 42 42 58 26 54 22 13 52 47 43 62 25 15 20 39 35 41 52 30 34 6 50 17 17 27 5 10 26 15 37 30 30 46 15 27 41 16 44 32 29 
71 28 63 46 33 44 69 76 58 33 22 60 54 46 67 28 25 63 54 24 44 67 72 58 25 17 56 50 48 66 30 16 24 25 3 21 29 11 23 29 15 9 7 19 19 46 17 35 58 64 49 17 8 47 42 39 57 21 15 33 45 46 44 16 25 33 30 39 46 32 8 25 35 11 29 33 22 18 2 21 19 39 45 30 6 10 29 23 21 38 9 70 53 25 15 54 48 42 62 23 58 34 24 61 55 47 68 29 11 4 42 36 35 52 19 31 21 17 55 21 18 12 10 10 11 27 39 30 51 12 25 45 7 41 16 23 
51 7 42 33 14 23 48 55 37 13 6 38 32 26 46 8 14 46 47 6 29 48 52 42 8 12 36 31 35 48 23 11 39 42 25 2 8 16 41 49 10 15 26 7 41 41 4 21 39 43 33 4 15 27 22 27 39 19 33 37 36 33 42 33 44 26 27 43 39 46 23 7 16 10 43 50 16 18 22 2 39 20 24 20 22 32 8 5 21 21 27 49 34 5 7 32 26 25 42 11 38 15 7 39 33 27 47 8 10 20 22 18 26 35 22 49 14 17 21 83 38 18 23 32 10 48 17 13 30 9 11 25 15 27 30 16 
89 44 81 64 47 62 87 93 76 47 37 77 71 64 84 46 43 81 71 42 62 85 90 76 43 35 74 68 66 84 48 34 30 11 15 39 45 29 9 11 29 23 20 37 7 62 34 53 76 82 67 35 26 65 60 57 75 39 23 46 62 65 59 25 26 50 46 52 63 39 15 40 48 28 18 16 32 27 17 38 2 57 63 49 16 7 46 41 38 56 21 88 71 41 31 71 65 60 80 42 76 49 38 78 72 65 85 47 29 21 60 54 53 70 35 14 33 27 18 38 32 22 16 13 29 10 55 48 69 30 43 63 25 59 27 41 
70 23 61 50 25 42 66 72 56 25 15 55 49 45 64 27 28 64 61 23 46 66 70 60 25 22 55 50 52 66 36 20 36 24 14 19 24 19 22 32 7 4 20 20 27 53 14 37 57 61 51 16 14 46 40 43 57 28 27 43 51 50 52 29 37 39 37 50 53 45 7 18 26 11 24 31 11 6 11 17 22 39 42 35 7 18 27 22 29 39 22 66 53 19 12 50 44 43 60 26 56 26 16 56 50 45 65 27 13 15 41 36 41 53 28 30 10 5 12 18 22 79 6 21 14 33 34 31 49 14 27 43 13 44 28 28 
75 29 66 53 31 47 71 77 61 31 21 61 55 50 70 32 32 69 64 28 50 71 75 65 29 24 60 55 55 71 39 22 34 18 11 24 29 20 17 26 13 7 17 24 21 55 19 41 62 67 55 20 16 51 46 46 62 30 25 43 53 53 54 26 33 42 39 50 56 43 2 24 32 15 20 26 16 11 8 22 16 43 48 38 4 12 32 27 31 43 20 72 58 25 16 56 50 47 66 30 62 32 22 62 56 50 70 32 16 15 46 41 43 58 29 25 16 10 10 23 16 6 68 17 17 27 39 35 54 17 31 49 14 48 26 31 
80 39 73 53 44 54 79 87 67 44 33 70 64 55 76 38 33 71 58 34 51 76 81 66 35 25 65 59 55 74 36 25 18 23 7 32 40 19 21 23 25 20 7 28 10 49 27 43 67 73 57 28 17 57 51 46 65 27 10 33 50 54 46 12 16 38 34 39 51 27 15 36 45 21 29 29 32 27 11 32 15 48 55 38 14 6 39 33 27 46 9 80 62 36 25 64 58 50 71 32 68 45 34 72 66 56 77 39 22 11 51 45 41 60 23 27 31 26 10 32 13 21 17 62 21 18 49 39 61 23 34 55 17 49 14 30 
60 17 51 36 24 32 58 65 46 23 13 48 42 34 55 16 14 52 47 12 33 55 60 48 13 8 44 39 38 55 22 6 29 35 15 10 19 6 33 41 9 10 15 7 31 39 6 24 47 52 38 6 4 36 30 29 46 14 22 31 37 36 39 23 33 25 24 38 39 36 16 16 25 2 37 43 18 17 12 11 30 27 33 21 14 22 17 11 15 27 17 59 42 15 5 42 36 31 50 13 47 25 15 50 44 35 56 17 0 10 30 25 27 41 15 41 16 15 11 10 29 14 17 21 98 38 28 19 39 1 14 34 4 31 20 14 
98 54 90 71 58 71 96 103 85 58 47 87 81 73 94 55 51 89 76 51 70 94 99 84 52 43 83 77 73 92 55 42 31 17 23 48 55 37 16 9 39 33 26 46 7 67 43 61 85 91 75 44 35 74 69 64 83 46 26 49 69 72 63 28 25 57 52 55 69 39 26 51 59 38 24 18 43 37 26 47 11 66 72 56 26 16 56 50 45 64 27 97 80 51 41 81 75 68 89 50 85 59 49 88 82 74 95 56 38 29 69 63 59 78 41 16 43 37 27 48 10 33 27 18 38 29 65 57 78 39 51 72 34 67 31 49 
37 10 28 32 12 11 32 38 24 10 18 21 15 17 31 14 24 38 50 17 27 36 38 36 17 28 24 22 34 38 31 27 56 58 42 17 10 32 57 66 26 32 43 22 58 46 22 23 27 28 29 21 32 16 14 29 30 32 49 49 38 31 49 50 60 33 37 54 43 60 40 15 12 28 57 65 26 31 39 17 56 15 11 26 39 49 12 18 34 20 44 32 25 14 24 16 12 22 29 22 24 10 17 22 16 17 31 12 27 38 15 15 32 28 37 64 25 30 39 17 55 34 39 49 28 65 12 17 17 27 21 14 33 27 47 27 
41 14 33 20 23 15 40 48 27 21 19 33 27 15 37 5 8 33 35 7 16 36 41 29 5 14 25 19 22 35 14 14 41 54 33 11 15 20 52 60 23 27 32 11 49 30 16 7 27 34 20 15 22 17 11 14 26 16 36 32 23 19 32 36 47 16 20 37 28 45 35 18 24 20 55 62 29 32 31 15 50 8 16 9 33 41 6 8 18 8 32 41 22 16 19 25 19 12 31 7 28 22 20 34 29 16 38 6 19 28 11 6 15 22 21 60 27 30 30 13 48 31 35 39 19 57 17 43 21 18 6 15 23 14 33 11 
21 26 12 24 29 7 18 27 7 27 33 13 9 8 15 23 29 22 42 27 20 19 21 22 26 36 8 8 25 22 32 36 62 73 55 30 25 42 71 80 41 46 54 32 71 41 35 22 11 12 19 34 43 4 10 25 14 37 58 51 32 22 46 58 69 33 39 54 37 65 54 31 29 40 73 81 43 48 52 31 70 13 6 28 53 62 22 28 39 18 54 19 10 29 37 5 5 16 12 29 7 27 33 15 11 6 16 22 39 49 10 16 31 15 43 79 41 46 51 30 69 49 54 61 39 78 17 21 28 38 27 6 44 21 54 33 
59 16 50 36 23 31 56 64 45 22 12 47 41 33 54 15 14 51 47 11 33 54 59 47 12 7 43 38 37 54 22 5 30 36 16 9 18 7 34 42 9 10 16 6 32 39 5 23 46 51 38 5 5 35 29 28 45 14 23 31 36 36 39 24 34 25 24 38 39 37 17 15 25 3 38 44 18 17 13 10 31 26 32 20 15 23 16 10 15 26 18 57 41 14 5 41 35 30 49 12 46 24 14 49 43 34 55 16 1 11 29 24 26 40 15 42 16 15 12 9 30 14 17 23 1 39 27 18 38 66 13 32 6 30 21 14 
46 15 39 22 24 21 46 54 33 23 18 39 33 21 43 7 2 38 35 6 19 42 47 33 4 8 31 25 24 40 11 9 35 49 28 9 17 14 48 55 20 23 26 6 44 29 13 10 33 40 24 11 17 23 17 16 32 10 30 28 24 22 30 30 41 14 16 33 27 39 30 18 26 16 51 57 27 29 26 13 44 14 22 8 28 36 9 6 12 12 26 47 28 16 15 31 25 16 37 1 34 24 19 40 34 22 44 9 14 22 17 11 15 27 16 55 25 27 25 11 43 27 31 34 14 51 21 6 27 13 34 21 18 17 27 6 
26 21 17 20 26 2 24 32 12 24 29 18 13 4 21 17 23 24 39 21 16 23 26 22 20 30 11 8 22 24 27 30 56 67 49 24 21 36 66 74 35 41 48 26 65 37 29 17 14 18 16 28 37 2 4 21 16 31 52 46 28 19 41 52 63 28 33 49 33 59 48 26 26 35 68 75 38 43 46 26 64 7 3 22 47 56 16 22 33 12 48 25 11 24 32 10 5 11 16 23 13 24 28 20 15 3 22 16 34 43 4 10 25 15 37 74 36 41 45 25 63 43 49 55 34 72 14 15 6 32 21 34 38 17 48 27 
64 22 56 40 28 37 62 70 50 28 17 53 47 39 60 21 18 56 49 17 37 60 65 51 18 10 49 43 41 59 24 9 26 31 10 15 23 6 30 36 11 9 11 12 26 41 11 28 51 57 42 11 1 40 35 32 50 16 18 30 39 40 39 19 29 27 25 37 41 33 13 20 30 5 34 39 20 18 8 15 26 32 38 24 11 18 22 16 16 31 12 63 46 20 9 47 41 35 55 16 51 29 19 55 49 39 61 22 5 5 35 29 29 45 15 37 18 16 7 15 25 13 14 17 4 34 33 23 44 6 18 38 54 34 17 17 
34 27 28 6 36 18 38 47 23 34 33 35 30 13 33 19 16 21 23 21 2 28 35 17 19 24 20 14 8 25 13 25 45 66 44 25 28 30 64 71 37 40 41 23 59 20 30 6 21 30 8 28 33 17 13 4 17 21 43 30 11 5 24 42 52 13 19 33 16 46 47 32 37 33 68 74 43 46 43 29 61 11 20 11 45 52 20 22 22 6 40 39 15 30 32 27 22 5 25 18 24 35 34 36 32 15 34 19 31 38 13 11 10 11 26 72 41 44 41 27 59 44 48 49 31 67 27 14 21 30 17 17 34 43 38 18 
72 37 65 42 45 48 73 81 59 44 34 66 60 47 69 33 25 60 44 30 41 66 73 55 29 19 57 51 43 64 25 20 9 37 15 29 39 14 35 37 28 25 9 24 23 35 27 33 59 66 46 26 16 50 44 35 56 17 5 19 38 43 32 3 14 26 21 25 38 16 24 36 46 22 43 44 37 34 18 31 29 41 49 28 22 20 34 29 16 38 6 74 53 36 26 58 52 41 63 25 60 45 35 67 61 49 70 34 21 12 44 38 29 50 11 42 36 32 16 30 27 28 26 14 20 31 47 33 54 21 27 48 17 38 36 21 
50 21 43 23 30 26 51 60 37 28 22 44 39 25 47 13 3 40 33 11 21 45 51 35 10 6 35 29 24 43 8 8 29 48 26 14 22 11 47 53 22 24 23 9 41 25 16 12 37 44 26 14 15 28 22 15 35 4 26 22 22 23 25 25 36 11 11 28 25 33 30 23 31 17 51 56 30 31 25 18 43 19 28 7 28 34 15 11 6 16 22 52 31 21 17 37 31 19 41 5 38 30 23 46 40 27 49 15 15 19 22 16 12 29 10 54 28 29 23 16 41 28 31 30 14 49 27 11 33 14 6 27 17 18 21 77 
