55 11
43 13 11 1 12 4 3 4 6 0 19 8 4 17 4 15 19 9 18 7 2 3 2 3 14 15 13 12 15 20 13 1 19 12 19 8 6 19 18 12 5 4 16 20 1 8 20 15 3 11 20 17 14 0 20 
13 70 15 7 12 6 9 2 8 7 12 17 15 5 17 20 1 6 13 8 4 10 16 1 7 3 6 11 0 7 19 1 16 7 16 13 12 14 9 2 11 12 4 9 0 17 16 8 4 3 18 2 1 14 16 
11 15 65 13 10 2 11 8 13 6 0 15 10 18 8 20 13 13 9 5 13 5 2 1 15 18 16 3 17 13 3 2 8 4 10 19 19 5 8 17 14 5 3 11 8 16 14 11 9 6 12 15 13 15 10 
1 7 13 6 6 11 2 20 17 2 17 19 16 7 13 1 1 18 1 15 2 3 6 10 4 16 8 20 19 8 4 15 9 12 14 14 1 20 9 16 4 17 5 9 4 1 0 10 16 3 10 8 1 8 4 
12 12 10 6 57 17 13 19 18 13 12 10 20 10 19 1 0 6 14 7 19 0 9 2 17 2 8 10 5 17 0 10 10 15 4 9 18 6 9 10 5 20 1 12 6 6 1 2 16 4 0 0 2 4 18 
4 6 2 11 17 12 15 0 12 0 10 17 0 4 19 9 10 18 7 20 16 4 6 16 5 9 13 18 18 9 17 13 18 7 14 0 16 3 9 3 4 16 16 17 17 9 3 17 8 0 6 1 7 14 12 
3 9 11 2 13 15 62 20 14 8 18 4 5 6 14 2 2 4 5 7 11 7 13 13 1 4 13 10 9 11 7 0 9 5 8 20 5 8 12 10 18 17 12 19 13 11 2 13 7 20 11 13 8 19 17 
4 2 8 20 19 0 20 96 4 6 7 3 7 17 1 0 1 4 5 9 6 2 20 11 5 19 4 8 0 8 9 14 8 17 14 18 11 10 15 2 6 15 1 20 8 11 17 9 1 11 9 20 18 12 6 
6 8 13 17 18 12 14 4 15 2 18 16 5 18 2 5 16 8 20 17 10 1 18 18 1 16 7 11 10 2 8 2 17 14 4 4 10 14 6 19 14 16 12 9 4 12 4 7 18 3 20 12 12 2 12 
0 7 6 2 13 0 8 6 2 86 12 12 0 10 11 15 18 9 7 12 13 3 7 2 10 19 20 18 20 14 3 9 10 3 10 6 17 14 17 18 16 18 16 0 19 18 4 9 0 9 3 12 14 6 18 
19 12 0 17 12 10 18 7 18 12 33 15 19 11 7 0 3 9 11 15 13 3 8 17 10 11 10 10 18 6 0 18 10 16 19 15 9 15 2 7 6 16 18 4 15 1 11 12 13 15 0 14 0 9 16 
8 17 15 19 10 17 4 3 16 12 15 79 5 4 8 11 13 10 20 5 20 15 7 2 12 20 14 10 6 5 13 14 3 6 2 18 11 5 15 0 12 5 20 14 13 6 4 19 9 15 4 17 18 10 1 
4 15 10 16 20 0 5 7 5 0 19 5 32 10 20 6 11 0 10 15 14 14 17 16 2 12 1 11 3 20 0 17 1 8 1 0 1 1 10 7 6 12 6 18 18 9 16 5 8 11 14 18 2 16 2 
17 5 18 7 10 4 6 17 18 10 11 4 10 97 14 13 16 1 15 7 7 15 16 13 14 3 4 11 11 9 7 9 20 3 15 10 7 11 11 2 4 13 12 16 18 6 14 11 11 0 0 19 17 18 7 
4 17 8 13 19 19 14 1 2 11 7 8 20 14 2 6 7 12 11 3 11 13 5 18 11 4 18 10 4 1 20 14 7 12 14 12 6 6 17 18 15 12 6 4 2 9 1 10 7 18 13 18 8 8 6 
15 20 20 1 1 9 2 0 5 15 0 11 6 13 6 27 8 1 3 11 16 6 14 10 13 19 5 10 17 18 2 11 8 9 4 1 12 16 8 0 2 20 0 1 14 5 12 20 4 2 7 9 15 6 3 
19 1 13 1 0 10 2 1 16 18 3 13 11 16 7 8 15 17 16 9 17 12 11 2 13 11 7 2 6 11 10 2 15 2 20 16 8 3 8 4 15 10 3 20 19 2 10 18 8 10 3 11 12 15 12 
9 6 13 18 6 18 4 4 8 9 9 10 0 1 12 1 17 39 19 18 10 16 13 9 15 12 10 10 16 6 5 18 8 6 7 1 4 17 1 11 15 0 17 16 17 5 8 19 10 6 4 18 19 0 7 
18 13 9 1 14 7 5 5 20 7 11 20 10 15 11 3 16 19 79 12 16 3 6 9 10 17 11 5 4 1 16 1 12 15 9 13 1 8 20 2 17 16 13 15 9 18 17 5 0 14 9 11 12 2 19 
7 8 5 15 7 20 7 9 17 12 15 5 15 7 3 11 9 18 12 22 19 20 1 12 7 10 12 19 14 15 18 2 18 2 9 15 8 2 14 14 1 2 2 15 13 19 19 18 5 20 18 5 8 5 15 
2 4 13 2 19 16 11 6 10 13 13 20 14 7 11 16 17 10 16 19 14 10 13 3 19 6 1 11 9 4 20 5 20 15 6 8 10 3 7 4 11 4 9 13 8 15 10 13 2 13 12 9 5 18 2 
3 10 5 3 0 4 7 2 1 3 3 15 14 15 13 6 12 16 3 20 10 40 17 19 20 5 15 4 15 15 15 12 18 6 18 19 11 4 18 7 1 17 2 17 9 20 9 8 1 13 6 16 8 13 15 
2 16 2 6 9 6 13 20 18 7 8 7 17 16 5 14 11 13 6 1 13 17 86 10 15 10 5 19 13 12 5 9 4 16 0 12 14 18 14 16 1 17 1 7 7 10 9 7 0 13 15 15 20 19 7 
3 1 1 10 2 16 13 11 18 2 17 2 16 13 18 10 2 9 9 12 3 19 10 39 8 17 0 14 1 16 19 9 12 5 14 12 7 20 7 18 20 13 0 10 13 3 1 5 18 2 3 17 14 19 9 
14 7 15 4 17 5 1 5 1 10 10 12 2 14 11 13 13 15 10 7 19 20 15 8 47 14 16 15 6 7 9 9 10 5 12 10 10 16 18 8 4 4 1 2 8 0 10 0 12 13 17 15 7 11 4 
15 3 18 16 2 9 4 19 16 19 11 20 12 3 4 19 11 12 17 10 6 5 10 17 14 60 2 2 10 7 9 14 16 4 8 1 6 6 8 16 1 11 17 20 5 18 7 12 11 7 6 16 19 17 12 
13 6 16 8 8 13 13 4 7 20 10 14 1 4 18 5 7 10 11 12 1 15 5 0 16 2 22 10 10 16 2 11 16 16 2 2 10 14 16 0 8 18 5 4 15 13 14 9 8 11 6 6 13 12 4 
12 11 3 20 10 18 10 8 11 18 10 10 11 11 10 10 2 10 5 19 11 4 19 14 15 2 10 60 11 4 1 15 14 18 16 1 19 20 17 6 12 19 7 3 9 2 0 4 17 1 11 1 15 20 12 
15 0 17 19 5 18 9 0 10 20 18 6 3 11 4 17 6 16 4 14 9 15 13 1 6 10 10 11 66 18 11 15 18 9 12 13 14 7 19 13 18 4 11 2 0 8 13 5 0 2 1 20 9 20 5 
20 7 13 8 17 9 11 8 2 14 6 5 20 9 1 18 11 6 1 15 4 15 12 16 7 7 16 4 18 90 6 15 17 2 11 8 1 13 12 3 5 4 1 19 10 18 6 14 0 5 6 7 10 1 20 
13 19 3 4 0 17 7 9 8 3 0 13 0 7 20 2 10 5 16 18 20 15 5 19 9 9 2 1 11 6 11 6 5 3 4 8 18 16 9 13 0 19 2 8 15 8 3 7 9 9 16 11 13 4 15 
1 1 2 15 10 13 0 14 2 9 18 14 17 9 14 11 2 18 1 2 5 12 9 9 9 14 11 15 15 15 6 76 0 16 16 5 13 3 13 6 13 3 10 5 20 13 11 20 11 1 6 12 19 6 4 
19 16 8 9 10 18 9 8 17 10 10 3 1 20 7 8 15 8 12 18 20 18 4 12 10 16 16 14 18 17 5 0 10 20 4 15 14 2 17 17 12 18 9 1 20 18 19 9 0 9 16 8 11 0 4 
12 7 4 12 15 7 5 17 14 3 16 6 8 3 12 9 2 6 15 2 15 6 16 5 5 4 16 18 9 2 3 16 20 65 10 19 18 11 18 15 9 14 17 3 12 4 5 3 20 18 6 7 10 14 17 
19 16 10 14 4 14 8 14 4 10 19 2 1 15 14 4 20 7 9 9 6 18 0 14 12 8 2 16 12 11 4 16 4 10 47 6 6 2 9 15 2 11 19 17 17 18 2 8 14 4 3 1 11 16 12 
8 13 19 14 9 0 20 18 4 6 15 18 0 10 12 1 16 1 13 15 8 19 12 12 10 1 2 1 13 8 8 5 15 19 6 24 16 2 6 9 4 3 19 10 3 14 6 14 10 11 1 19 2 20 17 
6 12 19 1 18 16 5 11 10 17 9 11 1 7 6 12 8 4 1 8 10 11 14 7 10 6 10 19 14 1 18 13 14 18 6 16 34 20 19 7 13 4 17 14 10 12 14 2 3 9 1 2 8 0 4 
19 14 5 20 6 3 8 10 14 14 15 5 1 11 6 16 3 17 8 2 3 4 18 20 16 6 14 20 7 13 16 3 2 11 2 2 20 79 7 6 20 13 14 6 14 16 0 8 5 16 4 12 14 20 9 
18 9 8 9 9 9 12 15 6 17 2 15 10 11 17 8 8 1 20 14 7 18 14 7 18 8 16 17 19 12 9 13 17 18 9 6 19 7 21 1 0 16 6 15 18 12 4 12 18 4 1 14 10 12 14 
12 2 17 16 10 3 10 2 19 18 7 0 7 2 18 0 4 11 2 14 4 7 16 18 8 16 0 6 13 3 13 6 17 15 15 9 7 6 1 41 2 19 11 10 0 18 18 4 2 2 0 15 17 16 16 
5 11 14 4 5 4 18 6 14 16 6 12 6 4 15 2 15 15 17 1 11 1 1 20 4 1 8 12 18 5 0 13 12 9 2 4 13 20 0 2 37 8 9 3 7 18 10 5 14 0 17 15 0 18 11 
4 12 5 17 20 16 17 15 16 18 16 5 12 13 12 20 10 0 16 2 4 17 17 13 4 11 18 19 4 4 19 3 18 14 11 3 4 13 16 19 8 45 19 2 20 8 7 17 15 9 0 20 20 8 13 
16 4 3 5 1 16 12 1 12 16 18 20 6 12 6 0 3 17 13 2 9 2 1 0 1 17 5 7 11 1 2 10 9 17 19 19 17 14 6 11 9 19 25 17 2 0 8 7 0 15 2 3 5 12 3 
20 9 11 9 12 17 19 20 9 0 4 14 18 16 4 1 20 16 15 15 13 17 7 10 2 20 4 3 2 19 8 5 1 3 17 10 14 6 15 10 3 2 17 94 7 19 11 9 7 12 7 0 18 5 10 
1 0 8 4 6 17 13 8 4 19 15 13 18 18 2 14 19 17 9 13 8 9 7 13 8 5 15 9 0 10 15 20 20 12 17 3 10 14 18 0 7 20 2 7 95 6 6 8 7 10 7 12 15 10 14 
8 17 16 1 6 9 11 11 12 18 1 6 9 6 9 5 2 5 18 19 15 20 10 3 0 18 13 2 8 18 8 13 18 4 18 14 12 16 12 18 18 8 0 19 6 79 2 19 17 6 1 8 13 7 17 
20 16 14 0 1 3 2 17 4 4 11 4 16 14 1 12 10 8 17 19 10 9 9 1 10 7 14 0 13 6 3 11 19 5 2 6 14 0 4 18 10 7 8 11 6 2 69 19 14 19 14 20 4 12 17 
15 8 11 10 2 17 13 9 7 9 12 19 5 11 10 20 18 19 5 18 13 8 7 5 0 12 9 4 5 14 7 20 9 3 8 14 2 8 12 4 5 17 7 9 8 19 19 69 0 13 16 13 3 13 9 
3 4 9 16 16 8 7 1 18 0 13 9 8 11 7 4 8 10 0 5 2 1 0 18 12 11 8 17 0 0 9 11 0 20 14 10 3 5 18 2 14 15 0 7 7 17 14 0 60 9 13 10 18 11 11 
11 3 6 3 4 0 20 11 3 9 15 15 11 0 18 2 10 6 14 20 13 13 13 2 13 7 11 1 2 5 9 1 9 18 4 11 9 16 4 2 0 9 15 12 10 6 19 13 9 64 11 13 18 13 15 
20 18 12 10 0 6 11 9 20 3 0 4 14 0 13 7 3 4 9 18 12 6 15 3 17 6 6 11 1 6 16 6 16 6 3 1 1 4 1 0 17 0 2 7 7 1 14 16 13 11 70 16 15 17 17 
17 2 15 8 0 1 13 20 12 12 14 17 18 19 18 9 11 18 11 5 9 16 15 17 15 16 6 1 20 7 11 12 8 7 1 19 2 12 14 15 15 20 3 0 12 8 20 13 10 13 16 80 5 19 12 
14 1 13 1 2 7 8 18 12 14 0 18 2 17 8 15 12 19 12 8 5 8 20 14 7 19 13 15 9 10 13 19 11 10 11 2 8 14 10 17 0 20 5 18 15 13 4 3 18 18 15 5 61 20 16 
0 14 15 8 4 14 19 12 2 6 9 10 16 18 8 6 15 0 2 5 18 13 19 19 11 17 12 20 20 1 4 6 0 14 16 20 0 20 12 16 18 8 12 5 10 7 12 13 11 13 17 19 20 94 14 
20 16 10 4 18 12 17 6 12 18 16 1 2 7 6 3 12 7 19 15 2 15 7 9 4 12 4 12 5 20 15 4 4 17 12 17 4 9 14 16 11 13 3 10 14 17 17 9 11 15 17 12 16 14 89 
