45 10
67 3 4 10 2 6 13 10 15 5 20 8 4 4 19 8 17 15 20 7 0 17 20 5 10 2 2 6 3 10 5 9 9 19 11 10 7 7 5 20 10 12 17 17 19 
3 42 16 8 0 3 5 18 5 12 9 19 15 1 15 7 18 5 12 13 1 2 10 19 12 20 17 18 20 7 19 13 20 13 6 4 17 11 15 17 2 18 4 20 3 
4 16 79 18 7 6 18 8 13 13 12 11 4 12 2 14 6 3 7 11 12 18 15 3 0 11 14 11 18 19 4 18 3 13 12 3 7 20 4 6 2 8 20 19 20 
10 8 18 72 9 13 3 8 17 19 8 4 6 12 4 12 12 3 5 3 19 19 9 3 19 0 4 4 4 13 19 5 18 10 9 9 6 18 18 18 7 15 8 13 16 
2 0 7 9 74 18 1 13 6 9 1 19 11 3 2 18 10 13 20 13 10 8 12 0 4 19 11 10 3 6 18 0 12 5 19 3 4 17 3 9 11 18 3 6 5 
6 3 6 13 18 90 3 20 16 17 2 14 13 2 10 18 10 6 10 10 14 1 20 3 2 13 14 15 3 2 5 18 6 10 13 1 10 10 0 2 0 19 18 0 9 
13 5 18 3 1 3 28 16 11 9 9 4 3 13 7 20 5 16 8 14 13 2 5 1 16 3 19 3 4 19 10 9 12 11 4 9 20 5 14 9 18 2 10 11 7 
10 18 8 8 13 20 16 20 14 3 16 8 11 17 3 9 0 16 0 3 11 1 7 5 9 17 9 20 0 12 9 16 11 20 2 11 10 11 16 13 12 0 20 9 17 
15 5 13 17 6 16 11 14 84 12 17 20 1 18 12 17 7 12 13 3 15 2 17 17 13 1 10 2 8 5 0 0 2 16 8 3 8 1 5 4 13 7 7 14 10 
5 12 13 19 9 17 9 3 12 66 20 15 8 17 17 14 12 13 2 1 5 9 11 17 13 7 3 0 14 9 9 10 6 9 10 8 5 9 15 14 5 14 3 16 15 
20 9 12 8 1 2 9 16 17 20 7 5 17 13 20 15 16 19 7 0 6 0 13 18 13 7 19 10 0 15 1 4 11 15 17 16 10 12 3 14 8 7 8 9 12 
8 19 11 4 19 14 4 8 20 15 5 49 6 8 12 5 9 0 6 2 16 2 9 2 19 15 0 20 9 11 14 12 10 17 20 9 3 3 0 11 19 9 6 1 4 
4 15 4 6 11 13 3 11 1 8 17 6 11 5 16 18 18 0 5 2 13 16 10 17 18 10 3 7 16 6 9 11 1 9 4 12 14 13 5 4 3 0 20 15 13 
4 1 12 12 3 2 13 17 18 17 13 8 5 52 1 12 4 3 4 6 0 19 8 4 17 4 15 19 9 18 7 2 3 2 3 14 15 13 12 15 20 13 1 19 12 
19 15 2 4 2 10 7 3 12 17 20 12 16 1 1 8 6 19 18 12 5 4 16 20 1 8 20 15 3 11 20 17 14 0 20 15 15 7 12 6 9 2 8 7 12 
8 7 14 12 18 18 20 9 17 14 15 5 18 12 8 89 15 5 17 20 1 6 13 8 4 10 16 1 7 3 6 11 0 7 19 1 16 7 16 13 12 14 9 2 11 
17 18 6 12 10 10 5 0 7 12 16 9 18 4 6 15 8 4 9 0 17 16 8 4 3 18 2 1 14 16 8 13 10 2 11 8 13 6 0 15 10 18 8 20 13 
15 5 3 3 13 6 16 16 12 13 19 0 0 3 19 5 4 54 9 5 13 5 2 1 15 18 16 3 17 13 3 2 8 4 10 19 19 5 8 17 14 5 3 11 8 
20 12 7 5 20 10 8 0 13 2 7 6 5 4 18 17 9 9 59 14 11 9 6 12 15 13 15 10 18 6 11 2 20 17 2 17 19 16 7 13 1 1 18 1 15 
7 13 11 3 13 10 14 3 3 1 0 2 2 6 12 20 0 5 14 32 3 6 10 4 16 8 20 19 8 4 15 9 12 14 14 1 20 9 16 4 17 5 9 4 1 
0 1 12 19 10 14 13 11 15 5 6 16 13 0 5 1 17 13 11 3 57 10 16 3 10 8 1 8 4 2 17 13 19 18 13 12 10 20 10 19 1 0 6 14 7 
17 2 18 19 8 1 2 1 2 9 0 2 16 19 4 6 16 5 9 6 10 92 0 9 2 17 2 8 10 5 17 0 10 10 15 4 9 18 6 9 10 5 20 1 12 
20 10 15 9 12 20 5 7 17 11 13 9 10 8 16 13 8 2 6 10 16 0 35 6 1 2 16 4 0 0 2 4 18 11 15 0 12 0 10 17 0 4 19 9 10 
5 19 3 3 0 3 1 5 17 17 18 2 17 4 20 8 4 1 12 4 3 9 6 5 7 20 16 4 6 16 5 9 13 18 18 9 17 13 18 7 14 0 16 3 9 
10 12 0 19 4 2 16 9 13 13 13 19 18 17 1 4 3 15 15 16 10 2 1 7 37 4 16 16 17 17 9 3 17 8 0 6 1 7 14 12 20 20 14 8 18 
2 20 11 0 19 13 3 17 1 7 7 15 10 4 8 10 18 18 13 8 8 17 2 20 4 4 5 6 14 2 2 4 5 7 11 7 13 13 1 4 13 10 9 11 7 
2 17 14 4 11 14 19 9 10 3 19 0 3 15 20 16 2 16 15 20 1 2 16 16 16 5 21 9 5 8 20 5 8 12 10 18 17 12 19 13 11 2 13 7 20 
6 18 11 4 10 15 3 20 2 0 10 20 7 19 15 1 1 3 10 19 8 8 4 4 16 6 9 46 13 8 19 17 9 4 6 7 3 7 17 1 0 1 4 5 9 
3 20 18 4 3 3 4 0 8 14 0 9 16 9 3 7 14 17 18 8 4 10 0 6 17 14 5 13 78 2 20 11 5 19 4 8 0 8 9 14 8 17 14 18 11 
10 7 19 13 6 2 19 12 5 9 15 11 6 18 11 3 16 13 6 4 2 5 0 16 17 2 8 8 2 32 15 2 6 15 1 20 8 11 17 9 1 11 9 20 18 
5 19 4 19 18 5 10 9 0 9 1 14 9 7 20 6 8 3 11 15 17 17 2 5 9 2 20 19 20 15 35 6 14 2 18 16 5 18 2 5 16 8 20 17 10 
9 13 18 5 0 18 9 16 0 10 4 12 11 2 17 11 13 2 2 9 13 0 4 9 3 4 5 17 11 2 6 78 18 18 1 16 7 11 10 2 8 2 17 14 4 
9 20 3 18 12 6 12 11 2 6 11 10 1 3 14 0 10 8 20 12 19 10 18 13 17 5 8 9 5 6 14 18 58 10 14 6 19 14 16 12 9 4 12 4 7 
19 13 13 10 5 10 11 20 16 9 15 17 9 2 0 7 2 4 17 14 18 10 11 18 8 7 12 4 19 15 2 18 10 98 3 20 12 12 2 12 16 12 12 0 10 
11 6 12 9 19 13 4 2 8 10 17 20 4 3 20 19 11 10 2 14 13 15 15 18 0 11 10 6 4 1 18 1 14 3 5 15 18 9 7 12 13 3 7 2 10 
10 4 3 9 3 1 9 11 3 8 16 9 12 14 15 1 8 19 17 1 12 4 0 9 6 7 18 7 8 20 16 16 6 20 15 65 20 18 20 14 3 9 10 3 10 
7 17 7 6 4 10 20 10 8 5 10 3 14 15 15 16 13 19 19 20 10 9 12 17 1 13 17 3 0 8 5 7 19 12 18 20 31 17 14 17 18 16 18 16 0 
7 11 20 18 17 10 5 11 1 9 12 3 13 13 7 7 6 5 16 9 20 18 0 13 7 13 12 7 8 11 18 11 14 12 9 18 17 95 18 4 9 0 9 3 12 
5 15 4 18 3 0 14 16 5 15 3 0 5 12 12 16 0 8 7 16 10 6 10 18 14 1 19 17 9 17 2 10 16 2 7 20 14 18 68 6 18 12 15 19 11 
20 17 6 18 9 2 9 13 4 14 14 11 4 15 6 13 15 17 13 4 19 9 17 7 12 4 13 1 14 9 5 2 12 12 12 14 17 4 6 80 0 3 9 11 15 
10 2 2 7 11 0 18 12 13 5 8 19 3 20 9 12 10 14 1 17 1 10 0 14 20 13 11 0 8 1 16 8 9 16 13 3 18 9 18 0 2 3 8 17 10 
12 18 8 15 18 19 2 0 7 14 7 9 0 13 2 14 18 5 1 5 0 5 4 0 20 10 2 1 17 11 8 2 4 12 3 9 16 0 12 3 3 11 10 10 18 
17 4 20 8 3 18 10 20 7 3 8 6 20 1 8 9 8 3 18 9 6 20 19 16 14 9 13 4 14 9 20 17 12 12 7 10 18 9 15 9 8 10 31 0 18 
17 20 19 13 6 0 11 9 14 16 9 1 15 19 7 2 20 11 1 4 14 1 9 3 8 11 7 5 18 20 17 14 4 0 2 3 16 3 19 11 17 10 0 70 16 
19 3 20 16 5 9 7 17 10 15 12 4 13 12 12 11 13 8 15 1 7 12 10 9 18 7 20 9 11 18 10 4 7 10 10 10 0 12 11 15 10 18 18 16 85 
