136 17
9 33 39 44 20 32 24 28 24 22 12 23 47 32 22 29 35 40 45 18 31 21 25 20 26 17 22 49 35 24 27 74 78 49 62 50 53 44 55 45 54 83 67 57 59 84 55 68 56 59 50 60 49 60 88 71 62 65 60 73 62 65 56 64 53 66 93 76 67 70 51 42 46 40 32 22 42 62 44 37 47 54 57 51 44 34 54 75 56 50 60 50 45 31 22 45 63 44 38 50 48 34 25 48 66 46 41 53 25 17 42 57 36 33 47 38 38 69 57 46 42 27 59 47 36 32 68 50 43 51 81 71 72 57 54 47 
33 70 6 12 26 22 30 31 37 20 27 21 14 13 11 21 4 6 11 22 18 26 26 34 22 28 17 16 17 12 16 40 45 18 31 21 25 20 26 17 22 49 35 24 27 50 24 37 27 30 25 28 18 28 54 39 29 33 30 43 33 36 30 31 20 34 59 42 33 39 33 34 36 39 2 11 26 30 10 9 29 38 41 40 11 6 33 43 23 20 37 41 44 4 14 31 32 11 14 35 46 6 14 34 35 14 17 38 11 22 35 27 7 17 38 28 5 38 34 22 8 5 27 27 17 4 35 16 11 29 48 38 40 28 20 16 
39 6 80 6 29 22 32 32 40 26 33 23 9 17 17 22 8 4 6 26 18 29 29 37 28 34 20 13 21 18 18 35 39 12 25 16 19 17 24 17 16 44 32 20 21 45 18 31 21 25 20 26 17 22 49 35 24 27 24 37 27 31 26 27 17 28 53 38 28 33 29 33 35 39 8 17 24 24 6 6 27 35 38 38 5 6 29 37 17 14 33 40 44 7 18 29 26 5 11 32 45 6 17 32 29 8 14 35 15 26 35 21 5 17 36 32 5 35 34 23 3 11 25 29 21 7 29 12 5 25 45 34 34 27 15 10 
44 12 6 90 32 23 35 34 43 32 39 26 8 23 23 24 14 8 4 30 20 32 31 40 34 40 24 13 26 24 21 31 35 6 19 11 14 14 25 20 10 40 31 19 15 40 12 25 16 19 16 25 18 16 45 33 21 21 18 31 21 25 20 26 17 22 49 35 24 27 26 32 33 38 14 22 23 18 7 7 24 32 34 36 3 9 24 31 12 8 28 38 43 12 22 28 20 1 11 29 44 10 20 29 23 2 12 31 19 30 34 15 7 18 35 37 10 34 37 27 6 17 25 33 26 12 24 10 1 21 42 31 28 28 11 4 
20 26 29 32 36 13 5 8 11 29 26 6 39 33 21 9 30 32 35 4 13 1 4 7 34 30 9 42 38 26 11 63 67 35 47 34 36 27 52 42 41 73 61 50 44 72 40 52 39 42 32 55 44 46 77 65 53 50 45 57 45 47 38 57 46 50 81 67 57 55 31 21 25 20 26 17 22 49 35 24 27 33 37 30 34 23 35 61 45 35 40 29 25 22 12 25 48 32 23 30 29 22 12 28 50 33 25 33 14 6 21 40 24 15 26 46 31 64 59 46 33 21 54 50 38 22 55 41 30 32 74 63 58 54 43 33 
32 22 22 23 13 62 12 11 20 34 35 8 31 33 24 3 27 27 27 14 4 12 9 19 39 38 11 35 38 28 7 53 56 24 35 22 24 14 47 39 30 63 55 42 33 61 28 40 27 29 19 48 39 34 67 57 45 38 33 45 32 34 25 49 40 38 70 59 47 42 18 12 15 16 23 19 9 38 28 16 14 21 25 20 26 17 22 49 35 24 27 20 21 18 14 13 36 24 12 18 23 16 11 16 38 24 13 21 14 15 13 28 17 5 17 48 27 57 56 44 26 20 48 49 38 18 44 34 21 19 66 54 47 49 35 23 
24 30 32 35 5 12 43 3 8 35 31 9 42 38 26 10 34 36 38 9 14 4 3 6 39 36 13 45 43 31 14 65 69 36 47 35 36 27 56 47 42 75 65 53 46 73 41 53 40 42 32 58 48 47 79 68 56 50 45 57 45 47 37 60 50 51 83 70 59 55 29 18 21 16 30 22 21 50 38 27 25 31 34 26 36 26 34 62 47 37 38 25 20 26 17 22 49 35 24 27 24 25 16 25 51 36 26 30 18 11 18 41 27 16 23 51 35 67 63 51 36 26 58 55 43 26 56 44 33 31 77 66 60 58 46 35 
28 31 32 34 8 11 3 50 9 37 34 10 42 40 28 10 35 36 38 12 14 7 4 9 42 39 15 45 44 33 14 65 68 35 46 33 35 25 57 48 41 74 65 53 44 72 40 51 38 40 30 58 49 46 78 68 56 49 44 55 43 45 35 60 50 50 82 70 58 53 26 15 18 12 31 23 18 49 39 27 23 28 31 23 36 26 31 60 46 36 36 21 17 26 18 19 47 35 23 24 20 26 17 22 49 35 24 27 20 14 14 39 27 15 19 53 36 68 64 52 36 27 58 57 45 27 55 44 32 28 77 65 58 59 46 34 
24 37 40 43 11 20 8 9 41 39 34 17 50 44 32 19 41 44 46 15 23 11 11 4 44 39 20 53 49 37 22 73 77 44 55 43 44 35 63 54 50 83 73 61 54 81 49 60 48 49 40 66 56 55 87 76 64 58 53 65 52 54 45 68 58 59 91 78 67 63 35 23 26 18 37 28 28 58 46 35 32 36 39 31 44 34 40 70 55 45 45 28 21 33 24 28 57 43 32 33 25 33 23 31 58 44 34 36 26 17 22 49 35 24 27 56 43 75 70 58 44 33 65 61 49 34 64 52 41 38 85 74 68 66 54 43 
22 20 26 32 29 34 35 37 39 52 10 27 32 12 11 31 19 25 31 25 30 30 33 35 4 9 23 31 13 7 27 57 62 38 51 42 45 39 35 24 42 65 47 39 47 68 44 57 47 51 44 40 30 48 70 52 45 53 50 63 53 57 50 45 35 54 76 57 50 59 50 47 50 49 18 15 42 50 29 28 46 55 58 55 31 25 52 63 42 40 56 55 54 21 20 47 52 31 32 51 57 25 23 50 55 34 36 54 20 23 48 48 27 31 52 17 22 49 35 24 27 16 39 25 14 21 54 33 31 48 61 53 59 36 38 36 
12 27 33 39 26 35 31 34 34 10 34 27 40 22 16 31 27 33 39 22 32 27 30 30 13 4 23 41 24 15 28 66 71 45 58 47 51 43 45 35 50 74 57 49 55 77 51 64 53 56 49 50 40 56 80 62 54 61 57 70 59 63 55 55 45 62 85 67 60 67 52 47 50 47 25 18 44 57 37 34 49 57 60 55 38 31 55 70 50 47 60 55 52 27 21 48 59 38 36 53 55 30 25 51 62 41 40 56 23 20 47 54 33 33 52 26 30 59 46 35 35 22 49 35 24 27 62 42 38 51 71 63 67 46 47 43 
23 21 23 26 6 8 9 10 17 27 27 45 33 29 18 5 25 27 29 5 7 5 6 13 32 30 4 36 34 22 5 57 61 29 41 28 30 21 47 37 35 67 56 44 38 66 34 46 34 36 27 49 39 40 71 59 48 44 39 52 39 42 33 51 41 45 75 61 51 49 27 20 23 21 20 13 18 43 29 18 23 30 34 28 28 17 31 55 39 30 36 28 26 16 8 21 42 26 17 26 29 16 6 25 44 27 19 30 9 6 20 35 18 9 25 43 26 58 54 42 27 17 48 46 34 17 49 35 24 27 68 57 53 49 37 27 
47 14 9 8 39 31 42 42 50 32 40 33 98 21 25 31 13 7 4 36 27 38 38 46 33 40 30 4 22 25 28 26 31 12 21 18 21 22 17 14 12 35 23 11 17 36 16 26 21 24 24 17 10 18 40 26 15 23 21 32 26 29 27 18 8 24 45 29 19 29 34 40 42 47 15 25 31 18 3 15 32 40 42 45 5 15 32 31 10 14 35 47 51 16 27 36 21 7 19 38 53 16 26 38 25 8 20 40 25 35 42 20 14 26 43 33 9 26 29 20 6 19 17 27 23 16 22 2 10 29 35 24 27 19 6 11 
32 13 17 23 33 33 38 40 44 12 22 29 21 71 12 31 9 14 20 29 29 34 35 40 12 21 25 20 4 8 26 45 50 30 41 34 37 33 23 12 32 53 35 27 37 56 35 47 39 42 38 28 18 38 58 40 33 43 41 53 45 48 43 33 23 44 64 45 39 49 46 46 48 50 11 16 39 39 18 22 42 51 54 53 21 19 46 52 31 31 50 54 55 16 21 44 42 21 27 48 57 19 23 47 45 25 30 51 20 27 47 39 20 29 50 15 12 37 26 14 17 13 27 17 5 16 43 22 23 42 49 41 48 24 27 28 
22 11 17 23 21 24 26 28 32 11 16 18 25 12 49 21 12 17 23 17 19 22 23 28 14 17 13 26 16 4 16 51 56 29 42 32 35 28 33 23 34 60 44 35 39 62 35 48 38 41 34 37 27 40 65 49 40 45 41 54 44 47 40 41 31 46 70 53 45 51 39 36 39 39 9 4 31 41 22 18 35 44 47 44 22 15 41 55 34 31 46 44 44 11 10 36 43 22 21 40 47 14 13 39 46 25 25 43 10 15 37 38 17 20 41 25 15 47 38 26 19 6 36 29 17 11 47 27 22 37 58 49 51 35 31 27 
29 21 22 24 9 3 10 10 19 31 31 5 31 31 21 55 25 26 27 10 3 9 7 16 35 35 8 35 36 25 4 54 58 25 37 24 26 17 46 38 31 64 54 42 35 62 30 42 30 32 22 48 39 36 68 57 45 40 35 47 35 37 28 49 39 41 72 59 48 45 22 15 19 18 21 16 13 39 28 16 18 25 29 24 26 16 26 51 36 26 31 24 24 16 10 17 38 24 13 21 26 15 8 20 40 25 15 25 11 11 16 31 17 5 20 45 25 57 55 43 26 18 47 47 36 17 45 33 22 22 66 55 49 49 35 24 
35 4 8 14 30 27 34 35 41 19 27 25 13 9 12 25 67 6 12 26 22 30 31 37 20 27 21 14 13 11 21 39 44 20 32 24 28 24 22 12 23 47 32 22 29 50 26 38 30 33 29 25 15 29 53 36 27 34 32 44 36 39 34 29 18 35 58 40 32 41 37 38 41 43 4 14 31 31 10 13 34 42 45 45 12 10 37 44 23 22 41 46 48 9 17 36 33 12 18 39 50 11 18 39 36 15 21 42 15 25 40 30 11 22 42 24 3 35 29 17 8 8 24 22 13 8 35 15 13 33 46 36 40 24 19 18 
40 6 4 8 32 27 36 36 44 25 33 27 7 14 17 26 6 78 6 29 22 32 32 40 26 33 23 9 17 17 22 33 38 15 26 20 23 21 20 12 18 42 29 18 23 44 20 32 24 28 24 22 12 23 47 32 22 29 26 38 30 34 29 24 14 30 52 36 27 35 34 37 39 43 8 18 29 25 4 11 31 39 42 43 6 10 33 38 17 17 37 44 48 10 20 34 27 7 16 37 50 10 20 36 30 10 18 39 18 28 39 24 10 22 41 29 2 31 29 19 2 12 21 25 18 9 29 9 9 30 42 31 34 22 14 13 
45 11 6 4 35 27 38 38 46 31 39 29 4 20 23 27 12 6 88 32 23 35 34 43 32 39 26 8 23 23 24 29 33 10 20 15 18 18 21 16 12 38 27 15 17 39 15 26 19 22 20 21 13 17 43 30 18 22 20 32 24 28 24 22 12 23 47 32 22 29 31 36 38 43 13 23 27 19 2 10 29 36 39 41 1 11 29 32 11 12 32 43 47 13 24 32 21 3 15 34 49 12 23 34 24 5 16 36 21 32 38 19 10 22 39 34 8 30 32 22 3 17 21 29 23 13 23 6 6 26 39 28 28 23 9 8 
18 22 26 30 4 14 9 12 15 25 22 5 36 29 17 10 26 29 32 41 13 5 8 11 29 26 6 39 33 21 9 61 65 33 46 33 36 26 48 38 39 70 58 47 43 70 39 51 39 41 32 51 41 44 75 62 51 49 44 57 45 47 38 54 43 50 79 65 54 54 32 24 28 24 22 12 23 47 32 22 29 36 39 33 31 20 36 60 43 34 41 32 30 19 8 27 47 30 22 32 33 20 9 30 49 31 24 35 11 1 25 40 22 15 29 41 28 61 54 42 30 17 50 46 34 19 53 38 28 33 71 60 57 50 41 32 
31 18 18 20 13 4 14 14 23 30 32 7 27 29 19 3 22 22 23 13 65 12 11 20 34 35 8 31 33 24 3 50 54 22 33 21 23 13 43 35 28 60 51 39 31 59 26 39 26 28 19 44 35 32 64 53 42 36 31 44 32 34 25 46 36 37 68 55 44 41 20 17 19 21 18 15 12 36 24 12 17 24 28 24 22 12 23 47 32 22 29 25 26 13 10 16 35 21 9 21 28 12 7 19 37 21 11 24 9 14 18 27 13 2 21 44 22 53 52 40 22 16 44 45 34 14 42 30 18 20 63 51 45 45 31 20 
21 26 29 32 1 12 4 7 11 30 27 5 38 34 22 9 30 32 35 5 12 49 3 8 35 31 9 42 38 26 10 63 67 34 46 33 35 26 52 43 40 72 61 50 44 71 39 51 39 41 31 55 45 45 77 64 53 49 44 57 44 46 37 57 46 50 81 67 56 54 30 20 24 19 26 17 21 48 35 24 26 32 36 29 33 23 34 60 44 35 39 28 24 22 12 23 47 32 22 29 27 22 12 27 49 33 24 32 14 7 20 40 24 14 25 46 31 64 59 47 33 22 54 51 39 22 54 41 30 31 74 63 58 54 43 33 
25 26 29 31 4 9 3 4 11 33 30 6 38 35 23 7 31 32 34 8 11 3 56 9 37 34 10 42 40 28 10 62 65 33 44 31 33 24 52 43 39 71 61 49 42 70 38 49 37 39 29 55 45 44 76 64 53 47 42 54 42 44 34 56 46 48 79 67 56 52 27 17 20 16 26 19 18 47 35 23 23 29 32 26 33 23 31 58 43 33 36 24 21 22 14 20 46 32 21 25 24 22 12 23 47 32 22 29 15 10 17 38 24 13 22 48 31 64 60 48 32 23 54 52 40 23 53 40 29 28 74 62 56 55 42 32 
20 34 37 40 7 19 6 9 4 35 30 13 46 40 28 16 37 40 43 11 20 8 9 49 39 34 17 50 44 32 19 71 75 42 54 41 43 33 60 50 48 80 69 58 52 79 47 59 46 48 39 62 52 53 85 72 61 57 52 64 51 53 44 65 54 58 89 75 65 61 35 24 27 20 33 24 27 56 43 32 32 37 40 32 41 31 40 68 53 43 45 30 24 30 20 29 55 40 30 34 28 30 20 32 57 41 32 37 22 12 23 47 32 22 29 52 39 72 66 54 41 29 62 57 45 30 62 49 38 37 82 71 66 62 51 41 
26 22 28 34 34 39 39 42 44 4 13 32 33 12 14 35 20 26 32 29 34 35 37 39 44 10 27 32 12 11 31 57 62 41 53 44 48 42 33 23 44 64 45 39 49 68 46 59 50 53 47 39 29 50 70 51 45 55 52 65 56 59 53 44 35 56 76 56 51 61 54 51 54 53 20 19 46 51 30 31 50 59 62 59 32 28 55 64 43 42 60 59 59 24 24 51 54 33 35 55 61 28 27 54 57 36 39 58 24 28 52 50 30 35 56 12 23 47 32 22 29 20 37 22 12 24 55 34 34 51 59 52 60 34 39 39 
17 28 34 40 30 38 36 39 39 9 4 30 40 21 17 35 27 33 39 26 35 31 34 34 10 25 27 40 22 16 31 66 71 46 59 49 52 46 43 33 51 74 56 48 56 77 52 65 55 58 51 49 39 57 79 61 54 62 58 71 61 64 57 54 44 63 85 66 59 68 56 50 54 51 26 20 47 58 37 35 52 60 63 59 39 32 58 71 50 48 63 59 56 29 24 51 60 39 39 56 59 32 28 55 63 42 42 59 25 24 51 55 34 36 55 22 31 58 43 33 36 23 47 32 22 29 63 42 39 54 70 62 68 44 47 44 
22 17 20 24 9 11 13 15 20 23 23 4 30 25 13 8 21 23 26 6 8 9 10 17 27 27 47 33 29 18 5 55 59 27 40 28 30 22 43 33 33 64 52 41 37 64 33 46 34 36 28 45 35 39 69 56 45 43 38 51 39 42 34 48 37 44 73 59 48 48 29 24 27 25 16 8 20 42 26 16 25 33 36 32 25 14 32 54 37 28 37 32 31 13 3 24 41 24 16 29 34 14 3 28 44 25 19 33 5 6 24 34 16 10 28 38 22 55 50 37 24 12 45 42 30 13 47 32 22 29 65 54 51 45 35 26 
49 16 13 13 42 35 45 45 53 31 41 36 4 20 26 35 14 9 8 39 31 42 42 50 32 40 33 95 21 25 31 25 30 17 24 22 25 27 12 10 16 33 19 8 21 36 20 29 25 28 28 13 6 21 39 23 13 25 25 35 30 33 32 15 4 26 44 26 19 31 39 45 46 51 17 27 36 20 6 19 37 44 47 49 10 19 37 32 12 19 40 51 56 19 30 41 24 11 23 42 57 19 29 42 28 13 25 44 27 38 47 24 18 30 48 30 11 22 24 16 9 21 12 23 21 19 23 3 14 34 32 22 29 15 8 16 
35 17 21 26 38 38 43 44 49 13 24 34 22 4 16 36 13 17 23 33 33 38 40 44 12 22 29 21 65 12 31 45 51 33 44 37 41 37 21 11 35 52 33 27 40 57 38 49 42 46 42 27 17 40 58 39 33 46 44 55 48 51 47 32 23 46 64 44 39 52 50 50 53 54 15 21 43 41 20 26 47 55 58 57 24 23 50 53 32 35 54 58 60 21 26 49 44 24 31 52 62 23 28 51 48 28 34 55 24 32 52 42 24 34 55 11 15 35 22 10 20 17 25 12 0 20 44 23 26 46 47 41 50 22 29 31 
24 12 18 24 26 28 31 33 37 7 15 22 25 8 4 25 11 17 23 21 24 26 28 32 11 16 18 25 12 45 21 50 56 31 43 34 37 31 31 20 35 59 42 33 40 61 36 49 40 43 37 35 25 41 64 47 39 46 43 55 46 49 42 39 29 47 69 51 44 52 43 41 43 44 10 9 35 42 21 20 39 48 51 49 23 17 44 55 34 32 49 49 49 14 14 40 44 23 24 44 51 17 17 43 47 26 28 47 14 20 42 40 19 24 45 20 15 44 34 22 20 9 34 25 12 13 47 27 23 40 56 47 52 32 31 29 
27 16 18 21 11 7 14 14 22 27 28 5 28 26 16 4 21 22 24 9 3 10 10 19 31 31 5 31 31 21 58 52 56 24 36 23 26 17 42 33 29 61 51 39 33 60 29 41 29 32 23 44 34 35 66 54 42 39 34 47 35 37 29 46 36 40 70 56 45 44 24 20 23 23 17 11 15 38 24 13 20 28 32 28 22 12 27 50 33 24 32 28 28 12 6 20 37 21 12 24 31 11 3 23 39 22 14 28 6 10 21 30 13 5 24 41 21 53 50 38 22 13 44 43 31 12 44 30 19 23 63 52 47 44 32 22 
74 40 35 31 63 53 65 65 73 57 66 57 26 45 51 54 39 33 29 61 50 63 62 71 57 66 55 25 45 50 52 12 6 29 22 32 32 40 26 33 23 9 17 17 22 12 26 22 30 31 37 20 27 21 14 13 11 21 25 24 30 31 36 14 21 21 19 9 6 22 48 59 59 66 41 52 49 17 29 38 48 53 53 60 30 40 43 17 18 29 43 63 70 42 53 53 21 30 41 52 70 41 51 53 23 29 40 53 50 61 61 28 38 49 60 53 36 18 37 37 32 46 21 42 45 42 12 23 32 43 17 7 14 27 20 30 
78 45 39 35 67 56 69 68 77 62 71 61 31 50 56 58 44 38 33 65 54 67 65 75 62 71 59 30 51 56 56 6 24 32 23 35 34 43 32 39 26 8 23 23 24 6 28 21 31 31 39 26 33 22 10 18 17 21 26 22 30 31 37 20 27 21 14 13 11 21 50 61 60 69 46 56 52 19 34 42 50 53 54 61 34 44 44 14 22 32 44 64 72 47 57 55 22 35 44 53 72 45 55 55 22 33 43 54 55 65 63 30 43 52 61 59 41 23 43 43 36 50 28 49 51 47 13 29 36 44 20 12 12 33 24 33 
49 18 12 6 35 24 36 35 44 38 45 29 12 30 29 25 20 15 10 33 22 34 33 42 41 46 27 17 33 31 24 29 32 52 13 5 8 11 29 26 6 39 33 21 9 37 6 19 9 12 11 28 23 11 42 34 22 15 12 25 15 18 14 27 20 16 46 35 23 21 22 30 31 37 20 27 21 14 13 11 21 27 29 33 9 14 19 26 11 1 22 35 41 18 26 25 14 8 12 26 42 15 24 26 17 5 11 27 24 34 32 9 12 20 32 44 17 36 42 33 12 23 28 39 33 18 20 14 7 17 43 31 23 32 12 2 
62 31 25 19 47 35 47 46 55 51 58 41 21 41 42 37 32 26 20 46 33 46 44 54 53 59 40 24 44 43 36 22 23 13 45 12 11 20 34 35 8 31 33 24 3 26 7 6 8 8 16 31 30 3 34 32 21 2 2 12 7 9 14 27 25 3 36 31 19 8 26 37 37 45 33 40 29 6 23 24 26 30 31 37 20 27 21 14 13 11 21 40 48 31 39 31 1 20 24 30 48 28 37 31 4 17 22 30 37 46 39 6 25 31 38 55 29 35 47 41 24 36 32 48 44 31 10 21 20 21 39 27 12 37 16 15 
50 21 16 11 34 22 35 33 43 42 47 28 18 34 32 24 24 20 15 33 21 33 31 41 44 49 28 22 37 34 23 32 35 5 12 60 3 8 35 31 9 42 38 26 10 38 6 18 6 9 6 33 28 12 45 38 26 15 10 23 12 15 9 32 25 16 48 39 27 20 17 26 26 34 23 29 17 16 18 13 16 22 24 28 14 16 14 26 16 4 17 31 37 20 27 21 14 13 11 21 38 17 24 21 16 10 9 22 25 34 28 6 14 19 27 49 22 41 47 38 17 25 34 44 38 20 21 19 11 12 47 35 24 37 17 6 
53 25 19 14 36 24 36 35 44 45 51 30 21 37 35 26 28 23 18 36 23 35 33 43 48 52 30 25 41 37 26 32 34 8 11 3 62 9 37 34 10 42 40 28 10 38 6 16 3 6 5 35 31 11 44 40 28 14 8 21 9 12 6 34 28 14 47 40 27 18 16 26 26 34 27 32 17 15 21 16 15 21 22 27 17 20 12 25 17 6 14 30 37 23 30 20 12 16 14 20 37 20 27 21 14 13 11 21 28 36 28 4 18 21 27 52 25 42 50 41 20 28 36 47 41 23 21 22 14 10 48 36 23 40 19 9 
44 20 17 14 27 14 27 25 35 39 43 21 22 33 28 17 24 21 18 26 13 26 24 33 42 46 22 27 37 31 17 40 43 11 20 8 9 75 39 34 17 50 44 32 19 47 14 25 12 15 6 39 32 20 53 45 33 23 18 30 18 20 12 39 31 24 56 46 34 28 12 18 19 26 22 25 9 24 21 11 10 18 20 22 17 14 12 34 23 11 17 24 30 17 22 14 22 15 6 15 31 14 19 15 23 14 3 17 20 27 21 14 13 11 21 49 22 47 51 40 19 22 39 46 38 18 30 24 12 8 54 42 32 42 23 11 
55 26 24 25 52 47 56 57 63 35 45 47 17 23 33 46 22 20 21 48 43 52 52 60 33 43 43 12 21 31 42 26 32 29 34 35 37 39 41 10 27 32 12 11 31 38 32 38 37 40 41 6 7 31 38 17 16 35 36 44 41 44 44 12 9 36 44 23 22 40 52 57 59 63 26 36 48 29 19 31 50 57 59 62 22 30 49 39 21 31 52 64 68 30 40 53 34 24 36 55 70 31 40 55 37 25 37 57 37 47 59 36 30 42 60 27 21 14 13 11 21 30 4 16 21 29 30 15 27 47 26 20 35 2 18 28 
45 17 17 20 42 39 47 48 54 24 35 37 14 12 23 38 12 12 16 38 35 43 43 50 23 33 33 10 11 20 33 33 39 26 35 31 34 34 10 55 27 40 22 16 31 45 30 40 35 38 37 15 6 31 46 27 22 36 36 46 40 43 41 20 12 37 52 32 28 42 47 50 52 56 16 26 42 31 13 24 44 52 55 56 17 22 45 43 22 28 49 57 61 21 30 47 35 19 29 49 62 23 31 49 39 21 31 52 28 37 52 35 22 34 54 20 12 24 17 6 14 21 14 13 11 21 34 14 21 42 36 29 39 12 19 25 
54 22 16 10 41 30 42 41 50 42 50 35 12 32 34 31 23 18 12 39 28 40 39 48 44 51 33 16 35 35 29 23 26 6 8 9 10 17 27 27 42 33 29 18 5 31 4 14 9 12 15 25 22 6 36 29 17 11 9 20 13 16 16 23 18 12 40 30 17 17 26 35 36 43 24 32 26 8 14 17 25 31 33 37 11 19 22 21 7 5 24 40 47 22 32 30 9 11 18 30 47 20 30 31 12 8 17 31 29 39 37 8 17 26 37 46 20 32 40 33 15 27 26 40 35 22 14 13 11 21 38 25 18 30 9 7 
83 49 44 40 73 63 75 74 83 65 74 67 35 53 60 64 47 42 38 70 60 72 71 80 64 74 64 33 52 59 61 9 8 39 31 42 42 50 32 40 33 28 21 25 31 10 35 30 39 39 47 26 35 30 6 15 20 29 34 31 38 39 45 20 29 29 12 9 15 29 57 68 68 76 50 61 59 26 38 48 57 61 62 69 39 49 52 22 27 38 52 72 79 52 62 62 30 40 50 61 79 50 61 62 31 39 50 62 60 70 70 37 48 58 69 59 44 20 41 43 41 55 27 48 52 51 21 32 42 52 13 11 21 32 29 39 
67 35 32 31 61 55 65 65 73 47 57 56 23 35 44 54 32 29 27 58 51 61 61 69 45 56 52 19 33 42 51 17 23 33 33 38 40 44 12 22 29 21 26 12 31 28 33 36 38 41 44 7 17 30 27 6 12 33 35 40 41 43 45 6 14 33 33 12 16 37 56 63 64 70 36 46 54 27 26 38 54 61 62 67 28 38 52 33 22 34 53 69 74 39 49 58 33 30 42 59 75 39 49 60 35 31 43 61 47 57 65 37 37 49 65 39 30 2 20 23 28 41 8 27 33 39 26 21 33 50 14 10 30 11 21 33 
57 24 20 19 50 42 53 53 61 39 49 44 11 27 35 42 22 18 15 47 39 50 49 58 39 48 41 8 27 33 39 17 23 21 24 26 28 32 11 16 18 25 12 23 21 29 22 27 27 30 32 7 10 20 31 14 6 24 25 33 31 33 34 6 4 25 36 18 12 29 44 51 52 58 25 36 41 18 14 26 42 49 51 55 16 26 40 28 11 22 42 57 62 28 38 46 23 18 30 47 63 27 38 48 26 18 31 49 36 46 53 26 25 37 53 36 19 14 24 20 17 30 8 26 27 27 19 8 21 38 24 14 24 13 9 21 
59 27 21 15 44 33 46 44 54 47 55 38 17 37 39 35 29 23 17 43 31 44 42 52 49 56 37 21 40 40 33 22 24 9 3 10 10 19 31 31 5 31 31 21 42 27 4 9 8 9 15 28 26 1 34 30 18 6 4 15 10 12 15 25 22 7 37 29 17 12 26 36 36 44 29 37 28 5 19 21 26 30 32 38 16 24 21 16 9 8 22 40 48 27 36 31 4 16 21 30 48 25 34 31 7 13 20 31 34 43 39 6 22 29 37 51 25 33 44 37 20 32 29 44 40 27 11 17 16 21 38 26 14 33 13 11 
84 50 45 40 72 61 73 72 81 68 77 66 36 56 62 62 50 44 39 70 59 71 70 79 68 77 64 36 57 61 60 12 6 37 26 38 38 47 38 45 31 10 28 29 27 12 32 23 35 34 43 32 39 26 8 23 23 24 29 22 32 32 40 26 33 23 9 17 17 22 52 64 63 72 52 62 55 23 40 47 53 56 56 64 39 49 47 14 27 36 45 67 75 52 62 58 25 40 49 56 75 50 60 58 25 38 47 56 60 70 66 33 48 57 64 65 46 29 49 49 42 56 33 55 57 52 16 34 41 47 23 18 14 39 30 38 
55 24 18 12 40 28 41 40 49 44 51 34 16 35 35 30 26 20 15 39 26 39 38 47 46 52 33 20 38 36 29 26 28 6 7 6 6 14 32 30 4 35 33 22 4 32 58 13 5 8 11 29 26 6 39 33 21 9 6 19 10 13 12 27 22 10 42 33 21 15 22 32 32 40 26 33 23 9 17 17 22 27 29 34 14 20 18 21 11 4 20 36 44 24 32 27 8 13 17 26 44 21 30 27 11 10 15 27 30 39 34 4 18 24 33 49 23 36 44 37 18 29 30 43 38 24 15 17 13 17 41 29 18 34 13 8 
68 37 31 25 52 40 53 51 60 57 64 46 26 47 48 42 38 32 26 51 39 51 49 59 59 65 46 29 49 49 41 22 21 19 6 18 16 25 38 40 14 30 36 27 9 23 13 45 12 11 20 34 35 8 31 33 24 3 7 6 9 9 17 30 29 2 33 31 20 2 29 41 40 49 39 46 33 9 29 30 30 32 32 40 26 33 23 9 17 17 22 43 52 37 45 35 5 26 29 33 51 34 42 34 2 23 27 32 43 52 43 11 31 37 41 60 35 38 51 46 30 42 35 53 49 37 10 26 26 24 39 28 9 41 21 21 
56 27 21 16 39 27 40 38 48 47 53 34 21 39 38 30 30 24 19 39 26 39 37 46 50 55 34 25 42 40 29 30 31 9 8 6 3 12 37 35 9 39 38 27 8 35 5 12 65 3 8 35 31 9 42 38 26 10 5 17 6 9 7 32 27 11 44 37 25 15 18 29 29 37 29 35 20 13 22 19 18 22 24 30 18 22 13 22 16 7 14 32 40 26 33 23 9 17 17 22 40 23 30 23 10 14 15 22 31 40 31 1 20 24 29 53 27 41 50 42 22 31 35 48 42 26 18 22 16 13 46 34 20 40 19 11 
59 30 25 19 42 29 42 40 49 51 56 36 24 42 41 32 33 28 22 41 28 41 39 48 53 58 36 28 46 43 32 31 31 12 8 9 6 15 40 38 12 39 41 30 9 34 8 11 3 65 9 37 34 10 42 40 28 10 5 15 3 6 6 34 30 10 44 39 27 13 18 30 29 38 32 38 22 14 25 22 19 22 22 29 21 25 12 20 18 10 13 32 40 29 36 24 9 21 20 22 40 26 33 23 9 17 17 22 34 42 32 3 24 26 30 57 30 43 53 45 25 34 38 51 46 29 18 25 19 13 47 35 19 42 21 14 
50 25 20 16 32 19 32 30 40 44 49 27 24 38 34 22 29 24 20 32 19 31 29 39 47 51 28 28 42 37 23 37 39 11 16 6 5 6 41 37 15 47 44 32 15 43 11 20 8 9 81 39 34 17 50 44 32 19 13 25 12 14 6 38 31 19 52 44 32 23 11 21 21 29 27 31 12 20 23 16 10 16 18 22 19 19 8 30 22 10 12 25 32 23 28 15 17 18 12 15 32 19 25 16 18 15 9 16 26 33 23 9 17 17 22 53 26 47 53 43 22 28 40 50 42 23 26 25 15 6 53 41 28 43 23 12 
60 28 26 25 55 48 58 58 66 40 50 49 17 28 37 48 25 22 21 51 44 55 55 62 39 49 45 13 27 35 44 20 26 28 31 33 35 39 6 15 25 26 7 7 28 32 29 34 35 37 39 52 10 27 32 12 11 31 33 39 38 41 42 6 8 32 38 17 16 36 51 57 59 64 29 39 48 25 19 32 49 56 58 62 22 32 47 34 18 29 50 64 69 32 42 53 31 24 36 54 70 32 42 55 34 25 37 56 40 50 59 34 31 43 60 33 23 9 17 17 22 34 1 22 26 32 25 15 27 45 21 14 30 6 16 28 
49 18 17 18 44 39 48 49 56 30 40 39 10 18 27 39 15 12 13 41 35 45 45 52 29 39 35 6 17 25 34 27 33 23 30 28 31 32 7 6 22 35 17 10 26 39 26 35 31 34 34 10 67 27 40 22 16 31 31 40 36 39 38 14 6 32 46 27 22 37 45 50 51 56 19 29 41 26 11 23 42 50 52 55 15 22 43 37 17 25 46 56 61 22 32 46 30 16 28 48 62 23 32 48 34 19 30 50 30 40 52 31 22 34 53 26 13 20 18 11 13 23 9 17 17 22 28 9 19 40 31 23 33 10 13 22 
60 28 22 16 46 34 47 46 55 48 56 40 18 38 40 36 29 23 17 44 32 45 44 53 50 57 39 21 40 41 35 21 22 11 3 12 11 20 31 31 6 30 30 20 1 26 6 8 9 10 17 27 27 47 33 29 18 5 5 14 10 13 16 24 21 6 36 28 16 11 27 38 38 46 30 38 29 3 20 22 27 32 33 39 17 25 22 15 9 10 23 42 49 28 37 32 3 17 23 31 49 26 35 32 7 14 21 32 35 45 40 7 23 30 39 51 26 32 44 38 21 33 28 44 41 28 9 17 17 22 37 25 12 33 13 12 
88 54 49 45 77 67 79 78 87 70 80 71 40 58 65 68 53 47 43 75 64 77 76 85 70 79 69 39 58 64 66 14 10 42 34 45 44 53 38 46 36 6 27 31 34 8 39 31 42 42 50 32 40 33 19 21 25 31 36 31 40 40 48 26 35 31 6 15 20 30 60 71 71 79 55 66 62 29 43 52 60 64 64 71 44 54 54 22 32 42 53 74 82 56 67 65 32 45 54 64 82 55 65 65 32 43 53 64 64 75 73 40 53 62 72 65 50 26 47 49 46 60 33 54 58 56 23 38 46 55 17 17 22 38 34 43 
71 39 35 33 65 57 68 68 76 52 62 59 26 40 49 57 36 32 30 62 53 64 64 72 51 61 56 23 39 47 54 13 18 34 32 38 40 45 17 27 29 15 6 14 30 23 33 33 38 40 44 12 22 29 21 35 12 31 34 37 39 41 45 7 18 31 27 6 13 34 56 64 65 72 40 50 55 26 29 40 55 61 62 67 31 41 52 29 22 35 53 70 76 42 53 59 31 32 44 59 77 42 52 60 33 32 44 61 50 61 66 37 40 52 66 45 34 5 26 29 31 44 13 33 39 42 23 23 35 50 9 5 26 17 22 34 
62 29 24 21 53 45 56 56 64 45 54 48 15 33 40 45 27 22 18 51 42 53 53 61 45 54 45 13 33 39 42 11 17 22 21 26 28 33 16 22 17 20 12 6 18 23 21 24 26 28 32 11 16 18 25 12 35 21 23 28 28 31 33 6 10 21 30 13 6 25 44 52 53 59 30 41 43 15 18 29 43 49 50 55 19 30 40 23 10 22 41 57 64 32 42 47 20 21 32 47 64 31 41 48 23 20 32 49 40 50 54 25 29 40 54 42 24 14 28 26 21 35 12 32 33 31 14 12 23 38 21 9 19 17 10 22 
65 33 27 21 50 38 50 49 58 53 61 44 23 43 45 40 34 29 22 49 36 49 47 57 55 62 43 25 46 46 39 21 21 15 2 15 14 23 35 36 11 29 33 24 6 24 9 3 10 10 19 31 31 5 31 31 21 44 5 9 9 10 16 27 26 1 33 29 17 6 28 40 39 48 35 43 31 5 25 27 29 32 33 40 22 30 23 11 14 14 22 43 51 33 42 34 1 22 27 32 51 30 40 34 2 19 25 32 40 49 42 9 28 34 40 56 31 35 48 42 26 38 32 49 46 33 8 22 22 23 38 26 9 37 17 17 
60 30 24 18 45 33 45 44 53 50 57 39 21 41 41 35 32 26 20 44 31 44 42 52 52 58 38 25 44 43 34 25 26 12 2 10 8 18 36 36 9 34 35 25 4 29 6 7 5 5 13 33 31 5 36 34 23 5 65 13 5 8 11 29 26 6 39 33 21 9 23 35 34 43 32 39 26 8 23 23 24 27 28 35 20 26 18 16 14 10 18 38 46 30 38 29 4 19 22 27 45 27 35 28 5 16 20 27 35 44 37 4 24 29 35 55 29 38 49 42 24 35 33 48 44 30 13 21 19 18 42 30 14 38 17 14 
73 43 37 31 57 45 57 55 65 63 70 52 32 53 54 47 44 38 32 57 44 57 54 64 65 71 51 35 55 55 47 24 22 25 12 23 21 30 44 46 20 31 40 33 15 22 19 6 17 15 25 39 40 14 31 37 28 9 13 47 12 11 20 34 35 8 31 33 24 3 32 45 43 53 45 52 37 14 35 36 34 35 34 43 32 39 26 8 23 23 24 46 55 43 51 38 11 32 35 36 54 40 48 37 8 29 32 35 49 57 47 16 37 42 44 66 41 41 57 52 36 48 40 58 55 43 13 32 32 28 41 31 10 46 27 27 
62 33 27 21 45 32 45 43 52 53 59 39 26 45 44 35 36 30 24 45 32 44 42 51 56 61 39 30 48 46 35 30 30 15 7 12 9 18 41 40 13 38 41 31 10 32 10 9 6 3 12 38 36 10 40 39 28 9 5 12 70 3 8 35 31 9 42 38 26 10 20 32 31 40 35 41 24 13 27 25 21 23 24 31 24 28 14 18 19 13 13 34 43 32 39 26 8 23 23 24 42 29 36 25 7 20 20 23 37 45 34 6 26 29 32 59 32 43 54 47 27 37 39 53 48 32 17 26 22 15 47 35 18 43 22 17 
65 36 31 25 47 34 47 45 54 57 63 42 29 48 47 37 39 34 28 47 34 46 44 53 59 64 42 33 51 49 37 31 31 18 9 15 12 20 44 43 16 39 43 33 12 32 13 9 9 6 14 41 39 13 40 41 31 10 8 11 3 69 9 37 34 10 42 40 28 10 21 33 32 41 38 44 26 15 31 28 22 23 23 31 27 32 15 18 22 16 13 35 43 35 42 27 10 26 26 24 43 32 39 26 8 23 23 24 40 48 35 9 30 32 32 62 36 45 57 50 31 40 41 57 51 35 19 30 25 16 48 36 18 46 25 20 
56 30 26 20 38 25 37 35 45 50 55 33 27 43 40 28 34 29 24 38 25 37 34 44 53 57 34 32 47 42 29 36 37 14 14 9 6 12 44 41 16 45 45 34 15 40 12 17 7 6 6 42 38 16 48 45 33 16 11 20 8 9 86 39 34 17 50 44 32 19 12 24 23 32 32 37 17 19 27 22 13 16 17 23 23 25 6 26 23 13 8 26 35 28 34 18 15 22 18 16 34 25 31 17 15 19 15 16 32 39 26 8 23 23 24 58 31 48 56 47 27 34 42 54 47 29 24 28 20 7 53 41 25 46 25 16 
64 31 27 26 57 49 60 60 68 45 55 51 18 33 41 49 29 24 22 54 46 57 56 65 44 54 48 15 32 39 46 14 20 27 27 32 34 39 12 20 23 20 6 6 25 26 27 30 32 34 38 6 14 24 26 7 6 27 29 34 35 37 39 64 10 27 32 12 11 31 50 57 58 64 32 43 48 21 21 33 48 55 56 61 23 33 46 28 16 28 47 63 69 35 45 53 27 25 37 53 70 34 44 54 29 25 37 55 43 53 59 31 32 44 60 39 26 8 23 23 24 37 7 28 32 34 20 15 27 44 17 8 25 12 15 27 
53 20 17 17 46 40 50 50 58 35 45 41 8 23 31 39 18 14 12 43 36 46 46 54 35 44 37 4 23 29 36 21 27 20 25 25 28 31 9 12 18 29 14 4 22 33 22 29 27 30 31 8 6 21 35 18 10 26 26 35 31 34 34 10 79 27 40 22 16 31 42 49 50 55 21 32 40 20 11 23 41 48 50 53 14 23 40 31 12 21 42 55 60 24 35 45 25 15 27 46 61 24 34 46 28 17 29 48 32 43 51 26 22 35 52 32 15 17 22 17 13 26 8 23 23 24 22 6 18 37 27 18 27 12 9 19 
66 34 28 22 50 38 51 50 59 54 62 45 24 44 46 41 35 30 23 50 37 50 48 58 56 63 44 26 46 47 40 21 21 16 3 16 14 24 36 37 12 29 33 25 7 23 10 2 11 10 19 32 32 6 31 31 21 1 6 8 9 10 17 27 27 53 33 29 18 5 29 40 40 49 36 44 32 6 26 28 30 32 33 40 23 31 23 10 14 15 23 43 51 34 43 35 2 23 28 33 51 31 40 34 2 20 25 33 41 50 43 10 29 35 41 57 32 35 49 43 27 39 33 50 47 34 8 23 23 24 38 26 9 38 18 18 
93 59 53 49 81 70 83 82 91 76 85 75 45 64 70 72 58 52 47 79 68 81 79 89 76 85 73 44 64 69 70 19 14 46 36 48 47 56 44 52 40 12 33 36 37 9 42 33 44 44 52 38 46 36 6 27 30 33 39 31 42 42 50 32 40 33 17 21 25 31 62 74 73 82 60 70 65 32 48 57 63 65 65 73 48 58 56 23 36 45 55 76 85 61 71 68 35 49 58 66 84 59 70 67 34 47 57 66 69 79 76 43 57 66 74 71 55 32 53 55 50 65 39 60 64 61 26 43 51 57 23 23 24 44 38 47 
76 42 38 35 67 59 70 70 78 57 67 61 29 45 53 59 40 36 32 65 55 67 67 75 56 66 59 26 44 51 56 9 13 35 31 39 40 46 23 32 30 9 12 18 29 17 33 31 37 39 44 17 27 28 15 6 13 29 33 33 38 40 44 12 22 29 21 46 12 31 56 65 66 73 44 54 56 25 32 43 55 60 61 67 33 44 51 25 23 35 52 70 77 45 56 60 30 35 46 60 77 45 55 61 31 34 46 60 54 64 67 36 43 54 67 50 38 11 32 35 35 48 18 39 44 45 21 26 37 50 8 4 23 23 24 35 
67 33 28 24 57 47 59 58 67 50 60 51 19 39 45 48 32 27 22 54 44 56 56 65 51 59 48 19 39 44 45 6 11 23 19 27 27 34 22 28 17 15 16 12 17 17 21 20 25 27 32 16 22 16 20 13 6 17 21 24 26 28 32 11 16 18 25 12 47 21 44 53 53 61 35 45 44 13 23 32 43 48 49 55 23 34 39 17 12 23 40 58 65 36 46 48 18 24 35 47 65 34 45 48 20 23 34 48 44 54 55 24 32 43 55 48 29 17 34 32 25 39 17 38 39 35 10 17 26 38 20 8 14 23 13 24 
70 39 33 27 55 42 55 53 63 59 67 49 29 49 51 45 41 35 29 54 41 54 52 61 61 68 48 31 52 52 44 22 21 21 8 20 18 28 40 42 17 29 37 29 12 22 15 2 15 13 23 36 37 11 30 34 25 6 9 3 10 10 19 31 31 5 31 31 21 48 31 43 42 51 41 49 35 10 31 33 32 34 34 42 28 36 25 7 19 20 23 45 54 39 48 37 7 28 32 35 53 36 45 36 4 25 30 34 45 54 45 14 34 39 43 62 37 38 53 48 32 44 37 54 52 39 10 28 28 26 39 28 8 42 23 23 
51 33 29 26 31 18 29 26 35 50 52 27 34 46 39 22 37 34 31 32 20 30 27 35 54 56 29 39 50 43 24 48 50 22 26 17 16 12 52 47 26 57 56 44 26 52 22 29 18 18 11 51 45 27 60 56 44 28 23 32 20 21 12 50 42 29 62 56 44 31 26 12 11 20 34 35 8 31 33 24 3 5 8 11 29 26 6 39 33 21 9 14 22 29 31 6 27 28 18 3 22 26 27 5 27 26 15 5 30 34 14 20 25 19 11 61 35 58 63 53 32 34 51 59 50 30 36 36 25 5 64 52 38 54 35 23 
42 34 33 32 21 12 18 15 23 47 47 20 40 46 36 15 38 37 36 24 17 20 17 24 51 50 24 45 50 41 20 59 61 30 37 26 26 18 57 50 35 68 63 51 36 64 32 41 29 30 21 57 50 38 71 64 52 40 35 45 32 33 24 57 49 40 74 65 53 43 12 10 3 8 35 31 9 42 38 26 10 13 16 8 35 28 18 50 42 29 22 8 11 29 26 6 39 33 21 9 12 27 23 7 39 32 20 12 26 26 2 30 27 16 5 61 38 66 67 56 36 33 57 61 51 30 47 42 30 16 73 61 49 60 42 30 
46 36 35 33 25 15 21 18 26 50 50 23 42 48 39 19 41 39 38 28 19 24 20 27 54 54 27 46 53 43 23 59 60 31 37 26 26 19 59 52 36 68 64 52 36 63 32 40 29 29 21 59 51 38 71 65 53 39 34 43 31 32 23 58 50 40 73 66 53 42 11 3 16 9 37 34 10 42 40 28 10 10 13 5 36 30 17 50 42 30 20 5 11 32 29 5 38 35 23 7 11 29 26 6 39 33 21 9 29 29 4 30 29 19 1 63 40 67 69 58 38 35 59 64 53 32 47 44 32 16 74 62 49 61 43 31 
40 39 39 38 20 16 16 12 18 49 47 21 47 50 39 18 43 43 43 24 21 19 16 20 53 51 25 51 54 44 23 66 69 37 45 34 34 26 63 56 43 76 70 58 44 72 40 49 37 38 29 64 56 46 79 72 59 48 43 53 40 41 32 64 55 49 82 73 61 51 20 8 9 23 39 34 17 50 44 32 19 19 22 13 41 33 26 59 49 37 30 10 5 34 29 14 47 40 27 17 8 33 26 15 47 39 27 19 29 26 6 39 33 21 9 64 43 73 73 61 42 36 64 66 55 35 55 49 37 25 81 69 58 66 49 37 
32 2 8 14 26 23 30 31 37 18 25 20 15 11 9 21 4 8 13 22 18 26 26 33 20 26 16 17 15 10 17 41 46 20 33 23 27 22 26 16 24 50 36 25 29 52 26 39 29 32 27 29 19 30 55 40 30 35 32 45 35 38 32 32 21 36 60 44 35 41 34 35 37 39 59 10 27 32 12 11 31 40 43 42 13 8 35 45 24 22 39 43 45 5 13 33 34 13 15 36 47 8 14 36 37 16 19 39 11 21 36 29 9 18 39 26 6 39 33 21 9 4 28 26 16 4 37 17 13 31 49 39 41 28 22 18 
22 11 17 22 17 19 22 23 28 15 18 13 25 16 4 16 14 18 23 12 15 17 19 24 19 20 8 27 21 9 11 52 56 27 40 29 32 25 36 26 32 61 46 36 37 62 33 46 35 38 31 39 29 38 66 50 41 43 39 52 41 44 37 43 32 44 70 54 45 49 35 31 34 34 10 53 27 40 22 16 31 39 43 40 22 13 37 53 34 29 42 40 39 9 5 31 41 21 18 36 42 12 8 35 44 24 21 39 5 11 33 36 15 16 36 29 16 49 42 29 19 6 39 33 21 9 46 28 20 33 60 50 50 38 32 25 
42 26 24 23 22 9 21 18 28 42 44 18 31 39 31 13 31 29 27 23 12 21 18 27 46 47 20 36 43 35 15 49 52 21 29 17 17 9 48 42 26 59 54 41 28 55 23 33 20 22 12 48 41 29 62 55 43 31 26 37 24 26 17 48 40 32 65 56 44 35 8 9 10 17 27 27 12 33 29 18 5 12 16 14 26 20 13 42 32 20 18 15 20 22 22 5 30 24 12 9 21 19 19 8 31 23 11 12 21 25 11 22 19 10 12 54 29 56 59 48 27 26 48 53 44 23 39 33 21 9 64 52 41 51 33 20 
62 30 24 18 49 38 50 49 58 50 57 43 18 39 41 39 31 25 19 47 36 48 47 56 51 58 42 20 41 42 38 17 19 14 6 16 15 24 29 31 8 26 27 18 5 23 9 9 13 14 20 25 26 3 29 26 15 5 8 14 13 15 19 21 20 6 32 25 13 10 31 42 42 50 32 40 33 78 21 25 31 35 36 43 19 27 26 13 8 13 27 45 53 31 40 36 5 19 26 35 53 28 38 36 8 16 24 36 38 48 44 11 26 34 43 51 27 29 42 37 22 35 26 43 41 30 6 17 19 26 33 21 9 31 12 15 
44 10 6 7 35 28 38 39 46 29 37 29 3 18 22 28 10 4 2 32 24 35 35 43 30 37 26 6 20 21 24 29 34 13 23 18 21 21 19 13 14 38 26 14 19 40 17 29 22 25 23 19 11 20 43 29 18 25 23 35 27 31 27 21 11 26 48 32 23 31 33 38 40 44 12 22 29 21 67 12 31 39 41 43 4 12 32 34 13 14 35 45 49 13 24 34 24 5 17 36 51 12 23 36 27 8 18 39 21 32 40 21 11 23 41 31 6 29 29 20 2 16 19 26 21 13 25 6 8 29 39 28 30 21 9 11 
37 9 6 7 24 16 27 27 35 28 34 18 15 22 18 16 13 11 10 22 12 24 23 32 31 35 16 19 26 20 13 38 42 11 24 13 16 11 31 24 17 48 38 26 21 47 17 30 19 22 16 32 23 22 52 40 29 27 23 36 25 28 22 33 23 28 57 43 32 33 24 26 28 32 11 16 18 25 12 43 21 29 32 32 9 3 24 38 20 13 28 33 37 6 15 23 25 8 5 26 39 3 13 26 28 9 8 29 12 22 28 20 1 11 30 37 11 41 41 29 10 12 31 35 26 6 31 17 6 20 50 39 35 33 19 9 
47 29 27 24 27 14 25 23 32 46 49 23 32 42 35 18 34 31 29 29 17 26 23 32 50 52 25 37 47 39 20 48 50 21 26 16 15 10 50 44 25 57 54 42 26 53 22 30 18 19 10 49 42 27 60 55 43 29 24 34 21 22 13 48 41 30 63 55 43 32 3 10 10 19 31 31 5 31 31 21 19 8 11 12 27 23 8 40 32 20 13 14 21 26 27 5 28 26 15 5 22 23 23 5 28 24 13 8 26 30 13 20 22 15 11 58 32 57 61 50 29 30 49 56 47 26 37 34 23 6 63 51 39 52 33 21 
54 38 35 32 33 21 31 28 36 55 57 30 40 51 44 25 42 39 36 36 24 32 29 37 59 60 33 44 55 48 28 53 53 27 30 22 21 18 57 52 31 61 61 49 30 56 27 32 22 22 16 56 50 32 64 61 49 32 27 35 23 23 16 55 48 32 65 60 48 34 5 13 10 19 40 39 12 35 39 29 8 25 3 8 35 31 9 42 38 26 10 11 20 34 35 8 31 33 24 3 19 31 32 5 31 31 21 0 34 37 14 24 30 23 10 66 40 63 69 58 37 39 56 65 56 35 40 41 31 10 69 56 41 60 40 28 
57 41 38 34 37 25 34 31 39 58 60 34 42 54 47 29 45 42 39 39 28 36 32 40 62 63 36 47 58 51 32 53 54 29 31 24 22 20 59 55 33 62 62 51 32 56 29 32 24 22 18 58 52 33 64 62 50 33 28 34 24 23 17 56 50 33 65 61 49 34 8 16 13 22 43 43 16 36 41 32 11 3 22 9 37 34 10 42 40 28 10 12 22 37 38 12 32 36 27 7 20 34 35 8 31 33 24 3 37 40 17 25 33 26 12 69 43 65 71 61 40 42 58 67 59 38 41 44 33 12 70 58 42 62 42 30 
51 40 38 36 30 20 26 23 31 55 55 28 45 53 44 24 45 43 41 33 24 29 26 32 59 59 32 49 57 49 28 60 61 33 37 28 27 22 62 56 37 69 67 55 38 64 34 40 30 29 22 62 55 39 71 67 55 40 35 43 31 31 23 61 53 40 73 67 55 42 11 8 5 13 42 40 14 43 43 32 12 8 9 41 39 34 17 50 44 32 19 3 12 36 35 9 39 38 27 7 11 34 31 7 39 36 25 7 34 35 8 31 33 24 3 68 44 69 73 62 41 40 62 68 58 37 48 47 35 17 76 63 49 64 46 34 
44 11 5 3 34 26 36 36 44 31 38 28 5 21 22 26 12 6 1 31 22 33 33 41 32 39 25 10 24 23 22 30 34 9 20 14 17 17 22 17 11 39 28 16 16 39 14 26 18 21 19 22 15 17 44 31 19 22 20 32 24 27 23 23 14 23 48 33 23 28 29 35 36 41 13 22 26 19 4 9 27 35 37 39 69 10 27 32 12 11 31 41 46 12 23 31 21 1 13 32 47 11 21 32 24 4 15 35 20 31 37 18 9 21 38 35 8 31 33 24 3 16 22 30 24 12 24 7 4 25 40 29 28 25 9 7 
34 6 6 9 23 17 26 26 34 25 31 17 15 19 15 16 10 10 11 20 12 23 23 31 28 32 14 19 23 17 12 40 44 14 27 16 20 14 30 22 19 49 38 26 24 49 20 33 22 25 19 32 22 25 54 41 30 30 26 39 28 32 25 33 23 31 58 44 34 36 26 28 30 33 8 13 20 27 12 3 23 31 34 34 10 70 27 40 22 16 31 35 38 3 12 25 28 9 7 28 40 0 11 28 31 11 10 31 10 20 29 23 2 12 31 34 10 41 39 28 9 8 31 33 24 3 33 18 8 23 51 40 37 32 20 12 
54 33 29 24 35 22 34 31 40 52 55 31 32 46 41 26 37 33 29 36 23 34 31 40 55 58 32 37 50 44 27 43 44 19 21 14 12 12 49 45 22 52 52 40 21 47 18 23 13 12 8 47 43 22 54 52 40 23 18 26 14 15 6 46 40 23 56 51 39 25 6 18 17 26 35 37 13 26 32 24 8 9 10 17 27 27 17 33 29 18 5 19 28 30 33 12 22 26 19 9 28 27 30 11 22 23 16 9 32 37 20 15 25 22 17 61 34 54 61 52 31 35 48 58 50 30 31 33 24 3 59 47 32 52 31 20 
75 43 37 31 61 49 62 60 70 63 70 55 31 52 55 51 44 38 32 60 47 60 58 68 64 71 54 32 53 55 50 17 14 26 14 26 25 34 39 43 21 22 33 28 16 14 21 9 22 20 30 34 37 15 22 29 23 11 16 8 18 18 26 28 31 10 23 25 17 7 39 50 50 59 45 53 42 13 34 38 40 42 42 50 32 40 33 63 21 25 31 53 61 44 53 45 12 32 38 42 61 41 50 44 11 29 36 42 50 60 53 20 38 45 50 63 40 34 51 48 35 48 35 54 53 43 8 29 32 34 33 24 3 40 24 28 
56 23 17 12 45 35 47 46 55 42 50 39 10 31 34 36 23 17 11 43 32 44 43 53 43 50 37 12 32 34 33 18 22 11 13 16 17 23 21 22 7 27 22 11 9 27 11 17 16 18 22 18 17 9 32 22 10 14 14 23 19 22 23 16 12 14 36 23 12 19 33 42 42 49 24 34 32 8 13 20 32 38 40 44 12 22 29 21 67 12 31 47 53 24 35 36 13 12 22 37 54 23 33 37 16 11 22 38 32 43 44 15 20 31 43 43 19 25 34 28 14 28 19 35 32 24 12 8 14 28 31 19 17 24 3 12 
50 20 14 8 35 24 37 36 45 40 47 30 14 31 31 26 22 17 12 34 22 35 33 43 42 48 28 19 35 32 24 29 32 1 11 4 6 11 31 28 5 38 34 22 8 36 4 17 7 10 10 29 25 10 42 35 22 14 10 23 13 16 13 28 21 15 45 35 23 20 21 29 30 37 22 29 20 13 14 13 20 26 28 32 11 16 18 25 12 48 21 34 41 19 27 24 12 10 12 25 41 16 25 25 15 6 11 26 25 35 32 7 14 20 31 46 19 37 43 34 14 24 30 41 35 19 19 15 8 16 43 31 23 33 13 3 
60 37 33 28 40 27 38 36 45 56 60 36 35 50 46 31 41 37 32 41 29 39 36 45 60 63 37 40 54 49 32 43 44 22 21 17 14 17 52 49 24 52 53 42 22 45 20 22 14 13 12 50 46 23 53 53 41 22 18 24 13 13 8 47 42 23 55 52 40 23 9 22 20 30 39 42 18 27 35 28 13 10 10 19 31 31 5 31 31 21 7 22 31 35 38 16 22 30 24 12 30 31 35 14 21 27 20 11 37 42 24 16 30 27 20 65 38 56 64 55 34 40 50 62 54 35 31 36 27 8 60 48 31 54 33 24 
50 41 40 38 29 20 25 21 28 55 55 28 47 54 44 24 46 44 43 32 25 28 24 30 59 59 32 51 58 49 28 63 64 35 40 31 30 24 64 57 40 72 69 57 40 67 36 43 32 32 25 64 56 42 74 70 57 43 38 46 34 35 26 63 55 43 76 70 58 45 14 8 5 10 43 40 15 45 45 33 14 11 12 3 41 35 19 53 47 34 22 6 9 37 34 10 42 40 28 10 8 35 31 9 42 38 26 10 34 34 7 34 35 24 3 69 45 71 74 63 43 41 64 69 59 38 51 49 37 19 78 66 52 66 48 36 
45 44 44 43 25 21 20 17 21 54 52 26 51 55 44 24 48 48 47 30 26 24 21 24 59 56 31 56 60 49 28 70 72 41 48 37 37 30 68 61 47 79 74 62 48 75 44 52 40 40 32 69 61 49 82 76 64 51 46 55 43 43 35 69 60 51 85 77 65 54 22 11 11 5 45 39 20 53 49 37 21 20 22 12 46 38 28 61 53 41 31 9 16 39 34 17 50 44 32 19 3 38 32 17 50 43 31 20 35 31 9 42 38 26 10 69 48 77 78 66 47 42 68 71 60 40 59 54 41 27 85 73 60 71 54 41 
31 4 7 12 22 18 26 26 33 21 27 16 16 16 11 16 9 10 13 19 13 22 22 30 24 29 13 19 21 14 12 42 47 18 31 20 23 17 30 21 22 52 39 28 27 52 24 37 26 29 23 32 22 28 56 42 32 33 30 43 32 35 28 35 24 34 61 45 36 39 29 29 32 34 5 9 22 31 13 6 26 34 37 36 12 3 30 44 24 19 35 37 39 70 10 27 32 12 11 31 41 3 10 30 35 14 14 34 8 18 31 26 5 13 34 31 9 42 38 26 10 5 31 31 21 0 36 19 11 26 52 41 41 32 22 16 
22 14 18 22 12 14 17 18 24 20 21 8 27 21 10 10 17 20 24 8 10 12 14 20 24 24 3 30 26 14 6 53 57 26 39 27 30 22 40 30 32 62 49 38 36 62 32 45 33 36 28 42 32 37 67 53 42 42 38 51 39 42 34 45 35 43 71 56 46 48 31 26 29 29 13 5 22 40 24 15 27 35 38 35 23 12 33 53 35 27 38 34 34 10 63 27 40 22 16 31 37 12 3 30 43 24 19 34 2 8 27 34 14 11 31 35 19 52 46 34 21 9 42 38 26 10 46 30 20 29 62 52 50 42 33 24 
45 31 29 28 25 13 22 19 28 47 48 21 36 44 36 17 36 34 32 27 16 23 20 29 51 51 24 41 49 40 20 53 55 25 31 21 20 14 53 47 30 62 58 46 31 58 27 35 23 24 15 53 46 32 65 59 47 34 29 38 26 27 18 53 45 35 68 60 48 37 6 6 5 14 33 31 5 36 34 23 5 8 12 9 31 25 12 45 36 24 16 10 17 27 27 18 33 29 18 5 17 25 23 3 33 28 16 8 26 28 8 25 24 15 7 59 35 61 64 53 33 31 53 59 49 28 42 38 26 10 68 56 44 56 37 25 
63 32 26 20 48 36 49 47 57 52 59 42 21 42 43 38 33 27 21 47 35 47 46 55 54 60 41 24 44 44 37 21 22 14 1 14 12 22 34 35 9 30 33 23 4 25 8 5 9 9 17 31 30 3 32 31 20 1 4 11 8 10 15 27 25 2 35 30 18 7 27 39 38 47 34 41 30 5 24 25 28 31 32 39 21 28 22 12 13 12 22 42 50 32 40 33 84 21 25 31 49 29 38 32 3 18 23 31 38 47 41 8 26 33 39 55 30 35 47 41 25 37 31 48 44 32 9 21 21 22 38 26 10 36 16 16 
44 11 5 1 32 24 35 35 43 31 38 26 7 21 22 24 12 7 3 30 21 32 32 40 33 39 24 11 24 23 21 30 35 8 20 13 16 15 24 19 11 40 30 18 16 40 13 26 17 21 18 24 16 17 45 32 21 22 19 32 23 26 22 25 15 23 49 35 24 28 28 33 35 40 13 21 24 19 5 8 26 33 36 38 1 9 26 32 12 10 30 40 44 12 22 29 21 77 12 31 46 10 20 31 24 3 13 33 19 30 35 17 8 19 36 36 9 33 35 25 4 16 24 31 25 11 24 9 3 23 42 30 29 26 10 6 
38 14 11 11 23 12 24 23 32 32 36 17 19 27 21 13 18 16 15 22 9 22 21 30 35 39 16 23 31 24 12 41 44 12 24 11 14 6 36 29 18 50 42 30 21 49 17 29 17 20 12 36 28 23 54 44 32 27 22 35 23 26 18 37 27 28 58 46 35 32 18 21 23 27 15 18 12 26 17 5 15 24 27 27 13 7 19 38 22 12 24 28 32 11 16 18 25 12 53 21 34 7 13 20 27 11 3 23 14 22 23 18 6 8 24 42 17 45 46 35 15 15 36 41 31 11 32 21 9 15 53 42 35 38 22 10 
50 35 32 29 30 18 27 24 33 51 53 26 38 48 40 21 39 37 34 32 21 29 25 34 55 56 29 42 52 44 24 52 53 26 30 21 20 15 55 49 30 61 59 47 30 56 26 33 22 22 15 54 48 31 64 59 47 32 27 36 24 24 16 53 46 33 66 60 47 35 3 9 7 17 36 36 9 35 36 26 5 3 7 7 32 28 9 42 37 25 12 10 19 31 31 5 31 31 21 21 18 28 28 2 31 29 18 3 30 33 11 23 27 19 8 63 38 62 66 56 35 35 54 62 52 31 40 39 28 9 68 56 42 57 38 26 
48 46 45 44 29 23 24 20 25 57 55 29 53 57 47 26 50 50 49 33 28 27 24 28 61 59 34 57 62 51 31 70 72 42 48 38 37 31 70 62 47 79 75 63 48 75 44 51 40 40 32 70 62 49 82 77 64 51 45 54 42 43 34 70 61 51 84 77 65 53 22 12 11 8 47 42 21 53 51 39 22 19 20 11 47 40 28 61 54 41 30 8 3 41 37 17 49 46 34 18 19 39 34 17 50 44 32 19 37 34 10 42 40 28 10 72 50 78 79 68 49 44 70 73 62 42 59 55 43 27 85 73 60 72 54 42 
34 6 6 10 22 16 25 26 33 25 30 16 16 19 14 15 11 10 12 20 12 22 22 30 28 32 14 19 23 17 11 41 45 15 28 17 20 14 31 23 20 50 39 27 25 50 21 34 23 26 19 32 23 26 55 42 31 30 27 40 29 32 25 34 24 31 59 45 34 36 26 27 29 33 8 12 19 28 12 3 23 31 34 34 11 0 27 41 23 16 31 35 38 3 12 25 29 10 7 28 39 75 10 27 32 12 11 31 9 20 29 23 2 11 31 34 10 42 40 28 10 8 32 34 24 3 34 18 8 23 51 40 38 33 21 13 
25 14 17 20 12 11 16 17 23 23 25 6 26 23 13 8 18 20 23 9 7 12 12 20 27 28 3 29 28 17 3 51 55 24 37 24 27 19 40 31 30 61 49 38 34 60 30 42 30 33 25 42 32 35 65 52 41 40 35 48 36 39 31 44 34 40 70 55 45 45 27 23 26 26 14 8 19 38 23 13 23 32 35 31 21 11 30 50 33 25 35 31 32 10 3 23 38 20 13 28 34 10 69 27 40 22 16 31 3 9 24 31 12 8 28 37 19 52 47 35 20 10 42 40 28 10 44 29 19 26 62 51 48 42 31 22 
48 34 32 29 28 16 25 22 31 50 51 25 38 47 39 20 39 36 34 30 19 27 23 32 54 55 28 42 51 43 23 53 55 26 31 21 21 15 55 49 31 62 60 48 31 58 27 34 23 23 16 55 48 32 65 60 48 34 28 37 25 26 17 54 46 34 67 61 48 36 5 7 6 15 36 35 8 36 36 26 5 5 8 7 32 28 11 44 37 25 14 9 17 30 30 3 32 31 20 2 17 27 27 21 33 29 18 5 29 32 9 25 27 18 6 62 37 62 66 55 35 34 55 61 52 31 42 40 28 10 69 57 43 58 39 27 
66 35 29 23 50 38 51 49 58 55 62 44 25 45 46 40 36 30 24 49 37 49 47 57 57 63 44 28 48 47 39 23 22 17 4 16 14 23 37 39 12 31 35 26 7 25 11 2 10 9 18 34 34 7 32 33 23 2 5 8 7 8 15 29 28 2 34 31 20 4 27 39 39 47 37 44 31 8 27 28 28 31 31 39 24 31 22 11 16 15 21 42 50 35 43 33 3 24 27 31 50 32 40 33 84 21 25 31 41 50 41 9 29 35 39 58 33 37 50 45 28 40 34 51 48 35 10 24 24 22 40 28 10 40 20 19 
46 14 8 2 33 24 36 35 44 34 41 27 8 25 25 25 15 10 5 31 21 33 32 41 36 42 25 13 28 26 22 29 33 5 17 10 13 14 25 21 8 39 31 18 13 38 10 23 14 17 15 25 19 14 43 32 20 19 16 29 20 23 19 25 17 20 47 34 23 25 26 32 33 39 16 24 23 16 8 9 24 31 33 36 4 11 23 29 11 6 27 38 43 14 24 28 18 3 11 29 44 12 22 29 21 80 12 31 21 31 34 14 9 19 35 39 12 33 37 28 7 19 25 34 28 14 22 10 3 21 42 30 26 28 10 3 
41 17 14 12 25 13 26 24 34 36 40 19 20 30 25 15 21 18 16 24 11 24 22 32 39 42 19 25 34 28 14 40 43 11 22 9 11 3 37 31 17 50 43 31 20 47 15 27 15 17 9 37 30 21 53 44 32 25 20 32 20 23 15 37 29 25 57 46 34 30 15 20 21 27 19 21 11 24 18 8 13 21 24 25 15 10 16 36 22 11 20 26 31 14 19 16 23 13 3 18 32 11 16 18 25 12 57 21 17 25 22 15 9 9 23 45 19 45 48 37 16 19 37 43 34 14 30 22 10 12 54 42 34 40 22 10 
53 38 35 31 33 21 30 27 36 54 56 30 40 51 43 25 42 39 36 35 24 32 29 37 58 59 33 44 55 47 28 53 54 27 30 22 21 17 57 52 31 62 61 49 31 56 27 32 22 22 16 56 50 32 64 61 49 32 27 35 23 24 16 55 48 33 66 60 48 34 5 12 9 19 39 39 12 36 39 29 8 0 3 7 35 31 9 42 38 26 11 10 20 34 34 8 31 33 23 3 19 31 31 5 31 31 21 21 34 37 13 24 30 23 9 66 40 63 68 58 37 38 56 64 55 34 41 41 30 10 69 57 42 59 40 28 
25 11 15 19 14 14 18 20 26 20 23 9 25 20 10 11 15 18 21 11 9 14 15 22 24 25 5 27 24 14 6 50 55 24 37 25 28 20 37 28 29 60 47 36 34 60 30 43 31 34 26 40 30 35 64 50 40 40 35 49 37 40 32 43 32 41 69 54 44 45 30 26 29 29 11 5 21 38 21 12 26 34 37 34 20 10 32 50 32 25 37 34 35 8 2 26 38 19 14 30 37 9 3 29 41 21 17 34 79 10 27 32 12 11 31 34 17 50 44 32 19 7 39 37 25 8 43 27 18 28 60 49 48 40 30 22 
17 22 26 30 6 15 11 14 17 23 20 6 35 27 15 11 25 28 32 1 14 7 10 12 28 24 6 38 32 20 10 61 65 34 46 34 36 27 47 37 39 70 57 46 43 70 39 52 40 42 33 50 40 45 75 61 50 49 44 57 45 48 39 53 43 50 79 64 54 54 34 26 29 26 21 11 25 48 32 22 30 37 40 35 31 20 37 60 43 35 42 34 31 18 8 28 47 30 22 33 34 20 9 32 50 31 25 37 10 69 27 40 22 16 31 39 27 60 53 41 29 17 50 44 32 19 53 38 28 34 71 60 57 49 41 32 
42 35 35 34 21 13 18 14 22 48 47 20 42 47 37 16 40 39 38 25 18 20 17 23 52 51 24 47 52 42 21 61 63 32 39 28 28 21 59 52 37 70 65 53 39 66 34 43 31 32 23 59 52 40 73 66 54 42 37 47 34 35 26 59 51 43 76 67 55 45 14 2 4 6 36 33 11 44 40 28 13 14 17 8 37 29 20 53 44 32 24 7 9 31 27 8 41 35 23 11 10 29 24 9 41 34 22 13 27 27 34 33 29 18 5 62 39 68 69 57 38 34 59 63 52 32 50 44 32 19 75 63 52 62 44 32 
57 27 21 15 40 28 41 39 49 48 54 35 20 39 38 31 30 24 19 40 27 40 38 47 50 55 34 24 42 40 30 28 30 9 6 6 4 14 36 35 8 37 37 26 6 33 4 11 1 3 9 34 31 7 40 37 25 9 4 16 6 9 8 31 26 10 43 36 24 14 20 30 30 39 29 36 22 11 21 20 20 24 25 31 18 23 15 20 15 7 16 34 42 26 34 25 8 17 18 23 42 23 31 25 9 14 15 24 32 40 33 100 21 25 31 53 26 39 49 41 21 31 34 48 42 26 17 21 16 14 44 32 19 38 17 11 
36 7 5 7 24 17 27 27 35 27 33 18 14 20 17 17 11 10 10 22 13 24 24 32 30 34 16 18 24 19 13 38 43 12 25 14 18 13 30 22 17 48 37 25 22 48 18 31 20 24 17 31 22 23 53 40 29 28 24 37 26 30 23 32 22 29 57 43 32 34 25 27 29 33 9 15 19 26 11 1 22 30 33 33 9 2 25 38 20 14 30 35 38 5 14 24 26 8 6 27 40 2 12 27 29 9 9 30 12 22 29 21 89 12 31 36 10 40 39 28 9 10 31 34 25 5 31 17 6 21 50 38 36 32 19 10 
33 17 17 18 15 5 16 15 24 31 33 9 26 29 20 5 22 22 22 15 2 14 13 22 35 36 10 30 34 24 5 49 52 20 31 19 21 11 42 34 26 58 49 37 29 57 24 37 24 26 17 43 34 30 62 52 40 34 29 42 29 32 23 44 35 35 66 54 43 39 19 16 19 21 18 16 10 34 23 11 15 23 26 24 21 12 22 45 31 20 27 24 26 13 11 15 33 19 8 19 28 11 8 18 35 19 9 23 11 16 18 25 12 65 21 44 22 52 51 39 21 16 43 45 34 13 40 28 17 18 61 50 43 44 30 19 
47 38 36 35 26 17 23 19 27 52 52 25 43 50 41 20 42 41 39 29 21 25 22 29 56 55 28 48 55 45 24 60 61 32 38 27 27 21 60 54 37 69 65 53 37 64 33 41 29 30 22 60 53 39 72 66 54 40 35 44 32 32 24 60 52 41 74 67 55 43 11 5 1 9 39 36 12 43 41 30 11 10 12 3 38 31 17 50 43 31 20 3 10 34 31 7 39 36 24 8 10 31 28 6 39 35 23 9 31 31 5 31 31 21 38 65 41 68 71 60 39 37 60 65 55 34 48 45 33 17 75 63 50 63 44 32 
38 28 32 37 46 48 51 53 56 17 26 43 33 15 25 45 24 29 34 41 44 46 48 52 12 22 38 30 11 20 41 53 59 44 55 49 52 49 27 20 46 59 39 36 51 65 49 60 53 57 53 33 26 51 65 45 42 56 55 66 59 62 58 39 32 57 71 50 48 62 61 61 63 64 26 29 54 51 31 37 58 66 69 68 35 34 61 63 43 46 65 69 69 31 35 59 55 36 42 63 72 34 37 62 58 39 45 66 34 39 62 53 36 44 65 21 27 40 22 16 31 27 32 12 11 31 54 34 38 58 52 48 59 27 39 42 
38 5 5 10 31 27 35 36 43 22 30 26 9 12 15 25 3 2 8 28 22 31 31 39 23 31 22 11 15 15 21 36 41 17 29 22 25 22 21 12 20 44 30 19 25 46 23 35 27 30 26 23 13 26 50 34 24 31 29 41 32 36 31 26 15 32 55 38 29 37 35 38 40 43 6 16 29 27 6 11 32 40 43 44 8 10 34 40 19 19 38 45 48 9 19 35 30 9 17 38 50 10 19 37 33 12 19 40 17 27 39 26 10 22 41 27 55 33 29 18 5 10 22 24 16 8 32 12 11 31 43 33 37 23 16 15 
69 38 35 34 64 57 67 68 75 49 59 58 26 37 47 57 35 31 30 61 53 64 64 72 47 58 55 22 35 44 53 18 23 36 35 41 42 47 14 24 32 20 2 14 33 29 36 38 41 43 47 9 20 32 26 5 14 35 38 41 43 45 48 8 17 35 32 11 17 38 58 66 67 73 39 49 56 29 29 41 57 63 65 69 31 41 54 34 25 37 56 71 77 42 52 61 35 33 45 62 78 42 52 62 37 33 45 63 50 60 68 39 40 52 68 40 33 64 21 25 31 43 10 29 35 41 27 23 35 53 12 11 31 13 23 35 
57 34 34 37 59 56 63 64 70 35 46 54 29 26 38 55 29 29 32 54 52 59 60 66 32 43 50 24 22 34 50 37 43 42 47 47 50 51 13 17 40 41 20 24 44 49 44 51 50 53 53 17 18 44 47 26 28 48 49 57 54 57 56 23 22 49 53 32 34 53 63 67 69 73 33 42 59 42 29 41 61 69 71 73 33 39 61 51 34 43 64 74 78 38 46 64 47 35 46 66 79 40 47 66 50 37 48 68 44 53 69 49 39 51 71 22 29 21 24 12 31 37 16 10 21 38 43 27 38 58 32 30 48 11 31 40 
46 22 23 27 46 44 51 52 58 24 35 42 20 14 26 43 17 19 22 42 40 47 48 54 22 33 37 16 10 22 38 37 43 33 41 38 41 40 11 6 33 43 23 20 37 49 37 46 42 45 43 17 11 38 49 29 26 42 42 52 47 50 47 23 17 43 55 35 32 48 53 56 58 61 21 29 48 37 20 29 50 58 61 62 24 28 52 48 28 34 55 63 66 26 34 53 41 25 35 56 68 28 35 55 45 28 37 58 32 41 57 41 28 39 60 16 18 25 12 22 21 25 16 6 10 26 39 20 27 49 37 32 44 12 24 31 
42 8 3 6 33 26 36 36 44 27 35 27 6 17 19 26 8 2 3 30 22 33 32 41 29 36 24 9 20 20 22 32 36 12 24 17 20 19 21 14 15 41 28 17 20 42 18 30 22 25 22 22 13 21 46 31 21 26 24 36 27 31 27 24 13 27 50 35 25 32 32 36 38 42 9 19 27 22 2 10 29 37 40 41 3 9 31 35 14 14 34 43 47 10 21 33 25 4 15 35 49 10 20 35 28 7 16 37 19 29 38 21 9 21 39 31 5 31 31 21 63 14 21 27 20 10 27 8 6 27 41 30 32 23 12 11 
27 5 11 17 21 20 26 27 33 16 22 17 19 13 6 18 8 12 17 17 16 22 23 29 20 23 12 21 17 9 13 46 50 23 36 25 28 22 30 21 27 55 41 30 32 56 29 42 31 34 28 34 23 33 60 44 35 38 35 48 37 40 34 37 26 39 65 48 39 44 34 33 35 36 4 6 26 35 16 12 30 39 42 40 16 8 35 48 28 24 40 41 42 5 9 31 37 16 15 35 44 8 10 34 40 19 19 38 7 17 34 31 10 16 37 27 10 43 37 25 14 54 33 29 18 5 40 22 16 31 54 44 45 32 26 21 
59 27 25 25 54 48 58 58 65 39 49 48 17 27 36 47 24 21 21 50 44 54 54 62 37 47 45 12 25 34 44 21 28 28 32 34 36 39 4 14 26 27 8 8 29 33 30 35 35 38 40 1 9 28 33 13 12 32 33 40 39 41 42 7 8 33 39 18 17 37 51 57 59 64 28 39 48 26 19 31 49 56 58 62 22 31 48 35 19 30 50 64 68 31 42 53 31 24 36 54 70 32 42 55 34 25 37 56 39 50 59 34 31 43 60 32 22 10 16 16 21 33 81 21 25 31 27 15 27 46 22 16 31 5 16 28 
47 27 29 33 50 49 55 57 61 25 35 46 27 17 29 47 22 25 29 46 45 51 52 57 22 32 42 23 12 25 43 42 49 39 48 44 47 46 16 13 40 48 27 26 44 55 43 53 48 51 50 22 17 44 54 33 32 49 48 58 53 57 54 28 23 50 60 39 38 54 59 61 64 66 26 33 53 43 26 35 56 65 67 68 30 33 58 54 35 41 62 69 71 31 38 59 48 31 41 62 73 34 40 61 51 34 43 64 37 44 63 48 34 45 65 12 24 29 10 6 27 29 21 44 12 31 46 27 34 55 40 37 51 16 31 38 
36 17 21 26 38 38 43 45 49 14 24 34 23 5 17 36 13 18 23 34 34 39 40 45 12 22 30 21 0 12 31 45 51 33 44 38 41 38 21 11 35 52 33 27 40 57 38 49 42 46 42 26 17 41 58 39 33 46 44 55 48 51 47 32 23 47 64 44 39 52 50 51 53 55 16 21 44 41 21 26 47 56 59 58 24 24 50 53 32 35 54 59 60 21 26 49 44 25 31 52 62 24 28 52 48 28 34 55 25 32 52 42 25 34 55 11 16 35 21 10 20 18 25 12 32 21 45 24 27 47 47 40 50 22 29 31 
32 4 7 12 22 18 26 27 34 21 27 17 16 16 11 17 8 9 13 19 14 22 23 30 24 29 13 19 20 13 12 42 47 18 31 20 23 18 29 21 22 51 39 27 27 52 24 37 26 29 23 32 22 28 56 42 31 33 30 43 32 35 29 34 24 34 61 45 35 39 30 30 32 35 4 9 23 30 13 6 26 35 38 37 12 3 30 43 24 19 35 38 40 0 10 28 32 11 11 31 42 3 10 31 35 14 14 34 8 19 32 26 5 13 34 31 8 41 38 26 10 5 31 31 21 63 36 19 11 27 52 41 40 32 22 16 
68 35 29 24 55 44 56 55 64 54 62 49 22 43 47 45 35 29 23 53 42 54 53 62 55 63 47 23 44 47 44 12 13 20 10 21 21 30 30 34 14 21 26 19 11 16 15 10 18 18 26 25 28 9 23 23 14 8 13 13 17 19 24 20 22 8 26 21 10 10 36 47 47 55 37 46 39 6 25 31 37 40 41 48 24 33 31 8 12 19 31 51 59 36 46 42 9 24 32 40 59 34 44 42 10 22 30 41 43 53 50 17 31 40 48 54 32 27 43 39 27 40 27 46 45 36 66 21 25 31 29 18 5 32 16 21 
50 16 12 10 41 34 44 44 52 33 42 35 2 22 27 33 15 9 6 38 30 41 40 49 34 42 32 3 23 27 30 23 29 14 21 19 22 24 15 14 13 32 21 8 17 34 17 26 22 25 25 15 9 17 38 23 12 22 21 32 26 30 28 15 6 23 43 26 17 28 36 42 44 49 17 28 33 17 6 17 34 41 44 47 7 18 33 29 8 15 36 49 54 19 30 38 21 9 21 39 55 18 29 40 24 10 22 41 27 38 44 21 17 28 45 34 12 23 27 20 8 22 15 27 24 19 21 59 12 31 33 22 26 18 5 13 
43 11 5 1 30 21 33 32 41 31 38 24 10 23 22 22 13 9 6 28 18 30 29 38 34 39 22 14 26 23 19 32 36 7 20 11 14 12 27 21 11 42 33 21 16 41 13 26 16 19 15 27 19 17 46 35 23 22 19 32 22 25 20 27 18 23 51 37 26 28 25 30 32 37 13 20 21 19 8 6 23 31 33 35 4 8 24 32 14 8 27 37 41 11 20 26 21 3 9 28 43 8 19 28 24 3 10 30 18 28 32 16 6 17 33 38 11 35 38 27 6 16 27 34 27 11 25 12 36 21 44 33 29 29 13 5 
51 29 25 21 32 19 31 28 38 48 51 27 29 42 37 22 33 30 26 33 20 31 28 37 51 54 29 34 46 40 23 43 44 17 21 12 10 8 47 42 21 52 50 38 21 47 17 24 13 13 6 45 40 22 55 50 38 23 18 28 15 16 7 44 37 24 57 50 38 26 5 16 16 25 31 33 9 26 29 20 6 10 12 17 25 23 3 34 28 16 8 19 27 26 29 10 22 23 15 9 27 23 26 10 22 21 12 10 28 34 19 14 21 18 17 58 31 53 58 49 27 31 46 55 47 27 31 31 21 10 59 46 33 49 29 18 
81 48 45 42 74 66 77 77 85 61 71 68 35 49 58 66 46 42 39 71 63 74 74 82 59 70 65 32 47 56 63 17 20 43 39 47 48 54 26 36 38 13 14 24 38 23 41 39 46 47 53 21 31 37 17 9 21 38 42 41 47 48 53 17 27 38 23 8 20 39 64 73 74 81 49 60 64 33 39 50 63 69 70 76 40 51 59 33 31 43 60 78 85 52 62 68 38 42 53 68 85 51 62 69 40 42 54 69 60 71 75 44 50 61 75 52 43 12 32 37 41 54 22 40 47 52 29 33 44 59 42 12 31 25 31 43 
71 38 34 31 63 54 66 65 74 53 63 57 24 41 49 55 36 31 28 60 51 63 62 71 52 62 54 22 41 47 52 7 12 31 27 35 36 42 20 29 25 11 10 14 26 18 29 28 34 35 41 14 23 25 17 5 9 26 30 31 35 36 41 8 18 26 23 4 8 28 52 61 62 69 39 50 52 21 28 39 51 56 58 63 29 40 47 24 19 31 48 66 73 41 52 56 26 30 42 56 73 40 51 57 28 30 42 57 49 60 63 32 38 50 63 48 33 11 30 32 30 44 16 37 40 41 18 22 33 46 12 51 21 21 19 31 
72 40 34 28 58 47 60 58 68 59 67 53 27 48 51 49 40 34 28 57 45 58 56 66 60 68 51 29 50 52 47 14 12 23 12 24 23 32 35 39 18 21 30 24 14 14 18 9 20 19 28 30 33 12 22 26 19 9 14 10 18 18 25 25 27 9 24 23 14 8 38 49 49 58 41 50 41 9 30 35 39 41 42 49 28 37 32 3 17 23 31 52 60 41 50 44 10 29 35 42 60 38 48 43 10 26 34 42 48 57 52 19 36 43 50 59 37 31 48 44 32 45 31 51 50 40 5 26 29 33 31 21 63 37 21 25 
57 28 27 28 54 49 58 59 66 36 46 49 19 24 35 49 24 22 23 50 45 54 55 62 34 44 45 15 22 32 44 27 33 32 37 37 40 42 2 12 30 32 11 13 33 39 34 41 40 42 43 6 10 33 38 17 17 37 38 46 43 46 46 12 12 38 44 23 23 42 54 60 61 66 28 38 51 31 21 33 52 60 62 64 25 32 52 40 24 33 54 66 71 32 42 56 36 26 38 57 72 33 42 58 40 28 40 59 40 49 62 38 32 44 63 27 23 13 11 12 23 32 5 16 22 32 32 18 29 49 25 21 37 24 21 31 
54 20 15 11 43 35 46 46 54 38 47 37 6 27 31 35 19 14 9 41 31 43 42 51 39 47 35 8 29 31 32 20 24 12 16 17 19 23 18 19 9 29 21 9 13 30 13 21 19 21 23 16 13 13 34 22 10 17 17 27 22 25 25 15 9 18 38 24 13 23 35 42 43 49 22 32 33 12 9 19 33 40 42 46 9 20 31 24 3 13 33 48 54 22 33 37 16 10 22 38 54 21 31 39 20 10 22 40 30 41 44 17 19 30 44 39 16 23 31 24 12 26 16 31 29 22 16 5 13 29 31 19 21 21 62 12 
47 16 10 4 33 23 35 34 43 36 43 27 11 28 27 24 18 13 8 32 20 33 32 41 39 44 26 16 31 29 22 30 33 2 15 6 9 11 28 25 7 39 33 21 11 38 8 21 11 14 12 28 22 12 43 34 22 17 14 27 17 20 16 27 19 18 47 35 24 23 23 30 31 37 18 25 20 15 11 9 21 28 30 34 7 12 20 28 12 3 24 36 41 16 24 25 16 6 10 26 42 13 22 27 19 3 10 28 22 32 32 11 10 19 32 42 15 35 40 31 11 21 28 38 31 16 21 13 5 18 43 31 25 31 12 42 
