66 12
47 21 38 26 37 29 25 15 5 36 42 4 19 12 22 6 26 34 24 16 21 34 22 37 27 27 20 9 31 41 45 42 42 23 3 15 53 52 31 30 14 8 7 42 40 44 47 35 27 41 59 30 17 10 40 49 42 30 22 45 36 2 28 12 25 50 
21 9 24 16 20 8 21 30 20 21 22 23 21 26 22 15 38 53 44 19 10 19 12 22 6 26 34 24 16 21 35 21 25 3 18 16 40 31 11 15 12 29 23 31 19 26 40 38 26 20 41 23 26 15 22 28 53 41 6 33 54 19 26 15 15 30 
38 24 38 12 37 20 45 52 40 3 29 42 23 35 46 35 61 73 62 25 34 4 16 41 24 50 56 45 7 32 12 22 6 26 34 24 16 21 25 9 35 46 36 10 17 40 62 62 50 24 52 45 50 38 7 34 76 64 29 52 75 37 50 26 38 22 
26 16 12 25 35 17 37 41 29 10 31 31 12 23 37 24 50 61 50 13 27 8 4 37 19 41 45 34 7 33 19 26 17 19 22 12 26 30 22 6 26 34 24 16 21 39 57 53 42 27 53 39 39 27 16 37 66 54 22 49 63 25 42 14 32 30 
37 20 37 35 45 18 20 39 34 34 12 38 42 46 23 31 43 63 56 40 15 33 32 4 15 23 42 36 30 8 50 19 35 17 36 37 52 31 12 30 23 44 42 47 22 6 26 34 24 16 21 15 33 28 32 16 53 44 15 15 62 35 22 36 14 28 
29 8 20 17 18 13 26 38 29 17 15 32 26 33 28 23 46 61 53 25 15 16 15 21 4 31 42 32 13 15 32 13 19 7 26 22 35 23 5 12 19 37 31 29 11 22 42 43 32 12 36 26 34 24 16 21 60 48 10 32 62 27 31 22 19 21 
25 21 45 37 20 26 52 20 20 42 31 23 38 37 4 19 23 43 38 35 10 40 33 17 21 4 22 19 37 27 56 35 45 19 25 33 61 48 24 36 12 28 32 53 36 25 22 17 5 33 38 6 14 15 42 35 34 24 16 21 42 23 5 30 7 45 
15 30 52 41 39 38 20 69 11 49 48 11 35 27 16 16 10 23 18 32 24 47 36 37 34 19 4 7 45 45 60 50 55 30 19 31 68 62 38 43 18 12 22 57 50 45 39 22 19 48 59 27 6 14 52 54 26 14 28 42 24 16 21 28 25 60 
5 20 40 29 34 29 20 11 48 38 41 3 23 17 17 5 21 33 23 20 18 36 24 33 26 22 16 4 33 39 48 42 44 22 7 19 56 52 30 32 11 9 12 45 40 41 42 30 22 40 56 26 12 6 41 47 37 26 21 41 34 4 24 16 21 50 
36 21 3 10 34 17 42 49 38 32 27 40 22 34 43 32 58 70 60 23 31 1 13 38 21 47 54 42 4 30 15 20 7 22 32 22 19 21 22 6 32 44 34 12 15 38 59 59 47 22 50 42 47 35 6 32 73 61 26 49 72 34 47 24 35 21 
42 22 29 31 12 15 31 48 41 27 43 45 41 48 34 36 54 72 65 40 23 27 30 17 16 35 52 44 25 4 42 8 25 19 40 38 42 19 11 25 30 50 46 40 12 12 38 47 36 5 22 27 43 35 23 6 65 55 20 26 72 40 34 37 24 16 
4 23 42 31 38 32 23 11 3 40 45 42 24 16 20 8 21 30 20 21 22 38 26 37 29 25 15 5 36 42 49 45 46 25 8 20 58 55 34 34 15 5 11 46 43 44 45 31 25 44 59 29 13 10 44 51 37 26 24 45 32 5 26 17 25 53 
19 21 23 12 42 26 38 35 23 22 41 24 77 12 37 20 45 52 40 3 29 21 11 43 27 42 40 28 20 42 26 37 29 25 15 5 36 42 31 18 25 25 14 24 33 47 60 52 42 38 62 42 35 25 28 47 61 49 27 54 55 19 43 8 34 42 
12 26 35 23 46 33 37 27 17 34 48 16 12 53 35 17 37 41 29 10 31 32 21 47 33 39 31 21 31 48 38 46 41 29 11 12 48 53 37 29 25 15 5 36 42 52 59 48 40 46 67 42 30 22 39 55 53 42 30 56 44 13 41 11 35 52 
22 22 46 37 23 28 4 16 17 43 34 20 37 35 75 18 20 39 34 34 12 42 33 21 24 4 18 16 38 30 57 38 47 21 23 32 63 51 26 37 12 25 30 54 39 29 25 15 5 36 42 10 10 12 44 39 31 20 18 25 38 21 6 29 10 48 
6 15 35 24 31 23 19 16 5 32 36 8 20 17 18 59 26 38 29 17 15 30 19 30 21 22 21 9 28 34 43 36 38 17 5 15 51 46 25 26 8 14 12 40 35 37 42 32 23 35 52 25 15 5 36 42 42 30 16 39 40 4 24 12 19 45 
26 38 61 50 43 46 23 10 21 58 54 21 45 37 20 26 50 20 20 42 31 56 46 40 42 21 5 17 54 50 70 57 64 38 29 41 77 69 45 52 26 22 32 66 57 49 37 17 20 55 62 29 11 23 61 59 15 5 36 42 19 26 22 38 30 67 
34 53 73 61 63 61 43 23 33 70 72 30 52 41 39 38 20 31 11 49 48 68 56 60 58 41 21 29 66 69 78 74 77 54 38 49 87 85 62 65 42 26 38 76 73 69 58 37 40 72 82 49 29 37 74 78 25 23 52 63 5 36 42 47 49 83 
24 44 62 50 56 53 38 18 23 60 65 20 40 29 34 29 20 11 10 38 41 58 46 55 49 37 17 21 56 62 67 65 66 45 27 38 76 76 54 54 34 15 26 64 64 63 56 37 37 64 77 45 24 29 64 71 31 25 44 60 15 25 39 36 42 74 
16 19 25 13 40 25 35 32 20 23 40 21 3 10 34 17 42 49 38 72 27 22 11 42 25 39 36 25 21 41 29 37 30 23 12 2 38 43 30 19 22 23 11 26 33 46 57 49 39 37 61 39 32 22 29 47 58 46 25 52 52 15 40 5 32 42 
21 10 34 27 15 15 10 24 18 31 23 22 29 31 12 15 31 48 41 27 85 29 23 15 11 15 28 20 26 21 45 26 35 8 20 24 50 38 14 25 7 28 27 42 26 22 30 28 16 24 37 12 19 12 32 29 44 33 5 25 48 19 15 22 5 36 
34 19 4 8 33 16 40 47 36 1 27 38 21 32 42 30 56 68 58 22 29 48 12 37 20 45 52 40 3 29 16 20 8 21 30 20 21 22 21 4 30 42 32 13 15 37 58 57 46 22 49 41 45 33 7 32 72 60 24 48 70 32 45 22 34 22 
22 12 16 4 32 15 33 36 24 13 30 26 11 21 33 19 46 56 46 11 23 12 33 35 17 37 41 29 10 31 24 26 20 16 18 9 31 32 20 8 21 30 20 21 22 37 53 49 38 26 52 35 34 23 18 36 61 49 18 46 59 21 38 10 28 31 
37 22 41 37 4 21 17 37 33 38 17 37 43 47 21 30 40 60 55 42 15 37 35 41 18 20 39 34 34 12 54 24 39 19 36 39 56 36 16 34 22 43 42 51 27 8 21 30 20 21 22 11 31 27 36 20 49 40 16 11 59 35 18 37 12 33 
27 6 24 19 15 4 21 34 26 21 16 29 27 33 24 21 42 58 49 25 11 20 17 18 17 26 38 29 17 15 36 16 24 4 24 23 40 27 4 16 15 35 30 33 15 20 38 39 27 14 35 21 30 20 21 22 55 44 6 29 59 25 26 22 14 25 
27 26 50 41 23 31 4 19 22 47 35 25 42 39 4 22 21 41 37 39 15 45 37 20 26 43 20 20 42 31 61 40 50 24 28 37 66 52 28 41 16 29 34 57 41 28 20 12 0 37 41 8 13 17 47 39 30 20 21 22 40 26 1 34 12 50 
20 34 56 45 42 42 22 4 16 54 52 15 40 31 18 21 5 21 17 36 28 52 41 39 38 20 60 11 49 48 64 54 59 34 24 36 72 66 42 48 22 16 27 61 54 48 39 20 20 52 61 28 8 18 57 57 21 10 32 43 20 21 22 32 28 63 
9 24 45 34 36 32 19 7 4 42 44 5 28 21 16 9 17 29 21 25 20 40 29 34 29 20 11 41 38 41 53 45 48 25 12 24 60 56 33 36 13 9 16 50 44 42 41 26 20 43 57 26 8 8 45 50 33 21 23 41 30 9 22 21 22 54 
31 16 7 7 30 13 37 45 33 4 25 36 20 31 38 28 54 66 56 21 26 3 10 34 17 42 49 38 42 27 19 19 10 18 28 19 24 22 18 1 27 40 30 16 14 34 55 54 43 20 47 38 42 30 8 30 69 57 21 45 68 30 42 20 31 22 
41 21 32 33 8 15 27 45 39 30 4 42 42 48 30 34 50 69 62 41 21 29 31 12 15 31 48 41 27 44 45 12 29 18 39 38 46 24 11 27 28 48 45 43 16 8 33 42 31 9 20 23 40 33 26 8 61 51 18 21 69 39 30 37 20 21 
45 35 12 19 50 32 56 60 48 15 42 49 26 38 57 43 70 78 67 29 45 16 24 54 36 61 64 53 19 45 24 35 17 37 41 29 10 31 37 20 45 52 40 3 29 53 74 73 61 37 64 57 59 47 19 47 85 73 40 65 81 44 61 32 50 33 
42 21 22 26 19 13 35 50 42 20 8 45 37 46 38 36 57 74 65 37 26 20 26 24 16 40 54 45 19 12 35 75 18 20 39 34 34 12 12 19 31 50 44 32 5 20 45 52 40 3 29 32 46 36 15 12 70 59 21 33 74 40 39 34 28 9 
42 25 6 17 35 19 45 55 44 7 25 46 29 41 47 38 64 77 66 30 35 8 20 39 24 50 59 48 10 29 17 18 40 26 38 29 17 15 23 12 37 50 41 15 13 37 60 63 51 20 47 45 52 40 3 29 78 66 29 50 78 40 50 30 38 16 
23 3 26 19 17 7 19 30 22 22 19 25 25 29 21 17 38 54 45 23 8 21 16 19 4 24 34 25 18 18 37 20 26 91 20 20 42 31 8 17 12 31 26 34 19 23 37 36 24 18 38 20 26 16 23 26 52 40 3 29 55 21 24 19 12 29 
3 18 34 22 36 26 25 19 7 32 40 8 15 11 23 5 29 38 27 12 20 30 18 36 24 28 24 12 28 39 41 39 38 20 104 11 49 48 29 26 13 12 6 38 37 42 48 37 28 38 57 30 20 10 36 46 45 33 20 45 40 3 29 8 24 47 
15 16 24 12 37 22 33 31 19 22 38 20 5 12 32 15 41 49 38 2 24 20 9 39 23 37 36 24 19 38 29 34 29 20 11 81 38 41 27 17 20 23 12 26 31 43 55 47 37 34 58 37 31 20 27 44 57 45 22 49 52 15 38 3 29 40 
53 40 16 26 52 35 61 68 56 19 42 58 36 48 63 51 77 87 76 38 50 21 31 56 40 66 72 60 24 46 10 34 17 42 49 38 6 27 40 25 51 61 49 12 30 54 77 78 67 37 63 61 66 54 20 45 92 80 45 67 90 52 66 40 55 29 
52 31 21 30 31 23 48 62 52 21 19 55 42 53 51 46 69 85 76 43 38 22 32 36 27 52 66 56 22 24 31 12 15 31 48 41 27 59 24 24 43 60 52 30 12 31 57 65 53 15 37 45 57 47 14 20 82 71 33 45 86 50 52 42 40 3 
31 11 25 22 12 5 24 38 30 22 11 34 31 37 26 25 45 62 54 30 14 21 20 16 4 28 42 33 18 11 37 12 23 8 29 27 40 24 70 18 20 39 34 34 12 17 37 41 29 10 31 22 34 24 20 17 58 47 9 27 62 29 28 26 16 21 
30 15 9 6 30 12 36 43 32 6 25 34 18 29 37 26 52 65 54 19 25 4 8 34 16 41 48 36 1 27 20 19 12 17 26 17 25 24 18 34 26 38 29 17 15 35 54 53 41 21 48 37 41 29 10 31 67 55 20 45 66 28 41 19 30 23 
14 12 35 26 23 19 12 18 11 32 30 15 25 25 12 8 26 42 34 22 7 30 21 22 15 16 22 13 27 28 45 31 37 12 13 20 51 43 20 26 75 20 20 42 31 29 35 27 17 30 44 17 14 5 34 36 41 29 10 31 43 12 17 17 10 41 
8 29 46 34 44 37 28 12 9 44 50 5 25 15 25 14 22 26 15 23 28 42 30 43 35 29 16 9 40 48 52 50 50 31 12 23 61 60 39 38 20 82 11 49 48 50 50 35 29 49 65 35 17 15 48 56 37 27 30 50 29 10 31 20 30 58 
7 23 36 24 42 31 32 22 12 34 46 11 14 5 30 12 32 38 26 11 27 32 20 42 30 34 27 16 30 45 40 44 41 26 6 12 49 52 34 29 20 11 58 38 41 48 54 42 35 43 64 37 25 17 39 52 48 37 27 52 41 8 36 10 31 51 
42 31 10 16 47 29 53 57 45 12 40 46 24 36 54 40 66 76 64 26 42 13 21 51 33 57 61 50 16 43 3 32 15 34 38 26 12 30 34 17 42 49 38 20 27 50 71 70 58 35 62 54 56 44 17 44 82 70 37 62 78 41 58 29 47 31 
40 19 17 21 22 11 36 50 40 15 12 43 33 42 39 35 57 73 64 33 26 15 22 27 15 41 54 44 14 16 29 5 13 19 37 31 30 12 12 15 31 48 41 27 62 24 48 53 42 7 35 34 45 35 10 17 70 59 21 37 74 38 41 31 29 10 
44 26 40 39 6 22 25 45 41 38 12 44 47 52 29 37 49 69 63 46 22 37 37 8 20 28 48 42 34 8 53 20 37 23 42 43 54 31 17 35 29 50 48 50 24 36 26 38 29 17 15 20 39 34 34 12 58 49 21 14 68 42 27 42 20 28 
47 40 62 57 26 42 22 39 42 59 38 45 60 59 25 42 37 58 56 57 30 58 53 21 38 20 39 41 55 33 74 45 60 37 48 55 77 57 37 54 35 50 54 71 48 26 40 20 20 42 31 18 33 37 57 39 39 34 34 12 55 46 18 52 25 54 
35 38 62 53 34 43 17 22 30 59 47 31 52 48 15 32 17 37 37 49 28 57 49 30 39 12 20 26 54 42 73 52 63 36 37 47 78 65 41 53 27 35 42 70 53 38 20 79 11 49 48 19 18 27 60 50 20 14 33 28 34 34 12 44 24 62 
27 26 50 42 24 32 5 19 22 47 36 25 42 40 5 23 20 40 37 39 16 46 38 20 27 0 20 20 43 31 61 40 51 24 28 37 67 53 29 41 17 29 35 58 42 29 20 11 69 38 41 9 13 18 48 40 29 20 21 22 39 26 2 34 12 50 
41 20 24 27 16 12 33 48 40 22 5 44 38 46 36 35 55 72 64 37 24 22 26 21 14 37 52 43 20 9 37 3 20 18 38 34 37 15 10 21 30 49 43 35 7 17 42 49 38 69 27 30 44 35 18 10 67 56 20 30 73 39 36 34 25 12 
59 41 52 53 21 36 38 59 56 50 22 59 62 67 42 52 62 82 77 61 37 49 52 22 35 41 61 57 47 20 64 29 47 38 57 58 63 37 31 48 44 65 64 62 35 15 31 48 41 27 25 32 53 49 45 18 68 61 37 20 81 57 39 57 34 34 
30 23 45 39 15 26 6 27 26 42 27 29 42 42 10 25 29 49 45 39 12 41 35 11 21 8 28 26 38 23 57 32 45 20 30 37 61 45 22 37 17 35 37 54 34 20 18 19 9 30 32 53 20 20 42 31 38 29 17 15 48 29 7 34 7 42 
17 26 50 39 33 34 14 6 12 47 43 13 35 30 10 15 11 29 24 32 19 45 34 31 30 13 8 8 42 40 59 46 52 26 20 31 66 57 34 41 14 17 25 56 45 39 33 18 13 44 53 20 77 11 49 48 26 14 24 35 29 17 15 28 19 55 
10 15 38 27 28 24 15 14 6 35 35 10 25 22 12 5 23 37 29 22 12 33 23 27 20 17 18 8 30 33 47 36 40 16 10 20 54 47 24 29 5 15 17 44 35 34 37 27 18 35 49 20 11 58 38 41 38 26 15 35 38 8 19 17 15 45 
40 22 7 16 32 16 42 52 41 6 23 44 28 39 44 36 61 74 64 29 32 7 18 36 21 47 57 45 8 26 19 15 3 23 36 27 20 14 20 10 34 48 39 17 10 34 57 60 48 18 45 42 49 38 34 27 75 63 26 47 76 38 47 29 35 15 
49 28 34 37 16 21 35 54 47 32 6 51 47 55 39 42 59 78 71 47 29 32 36 20 22 39 57 50 30 8 47 12 29 26 46 44 45 20 17 31 36 56 52 44 17 12 39 50 40 10 18 31 48 41 27 30 69 60 26 26 77 47 38 44 29 17 
42 53 76 66 53 60 34 26 37 73 65 37 61 53 31 42 15 25 31 58 44 72 61 49 55 30 21 33 69 61 85 70 78 52 45 57 92 82 58 67 41 37 48 82 70 58 39 20 29 67 68 38 26 38 75 69 41 11 49 48 20 42 31 54 42 80 
30 41 64 54 44 48 24 14 26 61 55 26 49 42 20 30 5 23 25 46 33 60 49 40 44 20 10 21 57 51 73 59 66 40 33 45 80 71 47 55 29 27 37 70 59 49 34 14 20 56 61 29 14 26 63 60 11 41 38 41 20 30 21 42 31 69 
22 6 29 22 15 10 16 28 21 26 20 24 27 30 18 16 36 52 44 25 5 24 18 16 6 21 32 23 21 18 40 21 29 3 20 22 45 33 9 20 10 30 27 37 21 21 34 33 21 20 37 17 24 15 26 26 49 38 84 27 53 20 21 20 9 31 
45 33 52 49 15 32 21 42 41 49 26 45 54 56 25 39 42 63 60 52 25 48 46 11 29 22 43 41 45 21 65 33 50 29 45 49 67 45 27 45 31 50 52 62 37 14 12 28 22 30 20 15 35 35 47 26 48 41 27 62 61 43 20 47 20 42 
36 54 75 63 62 62 42 24 34 72 72 32 55 44 38 40 19 5 15 52 48 70 59 59 59 40 20 30 68 69 81 74 78 55 40 52 90 86 62 66 43 29 41 78 74 68 55 34 39 73 81 48 29 38 76 77 20 20 53 61 23 38 41 49 48 84 
2 19 37 25 35 27 23 16 4 34 40 5 19 13 21 4 26 36 25 15 19 32 21 35 25 26 21 9 30 39 44 40 40 21 3 15 52 50 29 28 12 10 8 41 38 42 46 34 26 39 57 29 17 8 38 47 42 30 20 43 38 99 27 11 23 48 
28 26 50 42 22 31 5 21 24 47 34 26 43 41 6 24 22 42 39 40 15 45 38 18 26 1 22 22 42 30 61 39 50 24 29 38 66 52 28 41 17 31 36 58 41 27 18 12 2 36 39 7 15 19 47 38 31 21 21 20 41 27 97 35 11 49 
12 15 26 14 36 22 30 28 16 24 37 17 8 11 29 12 38 47 36 5 22 22 10 37 22 34 32 21 20 37 32 34 30 19 8 3 40 42 26 19 17 20 10 29 31 42 52 44 34 34 57 34 28 17 29 44 54 42 20 47 49 11 35 76 27 41 
25 15 38 32 14 19 7 25 21 35 24 25 34 35 10 19 30 49 42 32 5 34 28 12 14 12 28 22 31 20 50 28 38 12 24 29 55 40 16 30 10 30 31 47 29 20 25 24 12 25 34 7 19 15 35 29 42 31 9 20 48 23 11 27 83 38 
50 30 22 30 28 21 45 60 50 21 16 53 42 52 48 45 67 83 74 42 36 22 31 33 25 50 63 54 22 21 33 9 16 29 47 40 29 3 21 23 41 58 51 31 10 28 54 62 50 12 34 42 55 45 15 17 80 69 31 42 84 48 49 41 38 55 
