55 11
20 1 12 6 11 2 0 14 17 20 11 1 8 20 5 9 0 2 8 8 11 19 6 17 9 6 6 16 4 12 12 12 16 12 8 6 15 3 11 6 10 18 20 15 19 9 10 11 18 3 0 11 10 12 10 
1 15 19 20 4 3 11 2 1 19 19 4 7 16 1 11 20 12 8 9 13 8 7 5 16 19 5 16 1 19 19 2 4 0 2 3 4 2 15 5 5 1 13 17 9 6 17 3 3 20 20 0 10 4 19 
12 19 53 17 3 20 11 8 17 8 1 19 2 13 13 15 5 18 7 5 1 14 18 14 2 7 18 7 15 17 16 14 16 14 9 11 0 16 2 14 3 17 14 9 14 1 14 7 20 13 15 15 19 17 0 
6 20 17 64 6 19 9 20 10 3 16 3 16 13 3 4 13 10 8 12 15 6 16 3 15 20 9 9 14 7 17 5 4 0 0 13 16 16 4 10 20 10 20 13 20 11 3 15 16 0 3 2 10 6 4 
11 4 3 6 74 6 4 19 1 6 16 17 9 4 1 6 9 1 12 0 12 15 20 13 7 19 0 0 4 0 0 18 5 4 12 13 7 16 2 12 3 19 5 11 1 5 1 18 7 10 0 8 1 6 0 
2 3 20 19 6 98 6 3 17 4 0 18 16 0 4 20 13 18 2 15 16 8 12 9 14 18 5 4 19 2 16 19 18 20 10 16 3 11 14 3 5 13 1 20 15 4 19 14 17 19 8 4 9 20 10 
0 11 11 9 4 6 7 19 15 4 4 17 12 12 9 11 0 7 11 17 1 2 16 20 11 6 10 20 3 11 15 14 19 9 2 15 5 11 17 4 0 0 5 4 13 3 8 19 7 3 12 17 4 12 8 
14 2 8 20 19 3 19 91 14 6 20 19 10 12 4 3 13 17 6 18 1 12 4 19 10 19 16 18 9 19 19 6 15 4 2 12 17 8 4 4 16 19 13 3 0 3 11 14 4 5 18 18 4 5 12 
17 1 17 10 1 17 15 14 69 3 18 14 3 2 4 16 13 14 7 19 14 3 12 10 4 13 1 12 8 14 15 2 12 20 18 17 18 4 20 15 5 12 19 17 18 8 16 16 17 17 17 10 0 3 5 
20 19 8 3 6 4 4 6 3 78 20 6 16 20 1 13 6 13 6 19 9 10 18 2 6 10 3 10 13 19 2 10 8 2 14 4 9 8 5 19 9 19 13 12 14 20 0 19 1 10 17 7 12 3 2 
11 19 1 16 16 0 4 20 18 20 14 4 1 11 19 0 7 20 19 5 15 7 8 0 13 1 3 18 15 14 3 0 14 6 6 17 7 17 5 0 17 4 2 20 9 20 7 3 2 3 10 8 13 13 16 
1 4 19 3 17 18 17 19 14 6 4 12 1 6 14 8 0 13 7 5 2 8 9 15 3 1 6 4 7 0 4 2 10 7 20 2 15 3 6 17 19 15 0 1 18 19 11 16 14 7 0 7 10 16 17 
8 7 2 16 9 16 12 10 3 16 1 1 93 12 10 1 1 0 4 12 10 5 10 10 19 15 11 7 20 10 0 2 13 20 19 18 3 8 9 4 2 2 1 6 9 5 18 1 2 9 4 17 20 17 0 
20 16 13 13 4 0 12 12 2 20 11 6 12 92 18 4 5 9 1 7 6 15 6 2 2 10 18 6 5 5 19 0 5 6 8 15 11 12 19 10 14 15 11 8 15 12 17 15 13 1 15 4 9 20 18 
5 1 13 3 1 4 9 4 4 1 19 14 10 18 22 17 16 0 17 20 9 5 11 11 11 8 1 16 0 17 20 11 0 11 6 16 11 10 7 14 12 5 5 10 17 17 5 16 5 10 7 9 2 11 16 
9 11 15 4 6 20 11 3 16 13 0 8 1 4 17 64 0 2 0 5 8 8 2 6 20 16 0 10 14 14 3 11 15 11 7 19 7 16 10 19 3 7 7 16 13 17 20 9 19 18 3 3 9 11 16 
0 20 5 13 9 13 0 13 13 6 7 0 1 5 16 0 79 17 8 19 13 0 3 15 12 4 14 4 19 14 6 5 10 9 9 5 6 1 0 9 6 7 19 3 19 19 2 20 3 4 1 6 14 5 12 
2 12 18 10 1 18 7 17 14 13 20 13 0 9 0 2 17 84 1 3 7 20 2 9 11 17 12 18 8 14 2 15 2 19 5 14 16 7 7 18 7 2 20 19 2 17 19 15 14 4 4 13 9 3 9 
8 8 7 8 12 2 11 6 7 6 19 7 4 1 17 0 8 1 49 8 1 1 7 7 1 6 0 9 2 3 17 0 6 16 8 19 20 20 1 0 14 17 19 16 16 8 16 11 15 6 12 4 8 19 7 
8 9 5 12 0 15 17 18 19 19 5 5 12 7 20 5 19 3 8 70 2 17 20 4 11 11 19 2 5 2 13 8 18 20 8 4 6 9 16 14 3 10 7 20 15 20 8 9 7 3 11 9 0 14 15 
11 13 1 15 12 16 1 1 14 9 15 2 10 6 9 8 13 7 1 2 35 4 5 5 4 12 9 1 16 3 2 3 15 0 3 2 8 19 8 4 18 13 9 11 11 20 0 18 9 14 6 20 2 16 9 
19 8 14 6 15 8 2 12 3 10 7 8 5 15 5 8 0 20 1 17 4 99 7 7 1 1 17 11 9 20 17 12 20 6 6 7 2 15 17 9 9 0 3 18 15 18 6 9 5 16 13 17 13 6 20 
6 7 18 16 20 12 16 4 12 18 8 9 10 6 11 2 3 2 7 20 5 7 50 17 10 10 8 16 17 5 3 16 5 13 11 11 16 17 14 18 14 6 19 8 3 2 10 15 14 12 16 20 10 17 20 
17 5 14 3 13 9 20 19 10 2 0 15 10 2 11 6 15 9 7 4 5 7 17 60 1 17 4 9 1 11 10 7 17 20 9 4 17 8 5 15 14 20 7 19 20 2 20 0 8 0 2 2 17 19 18 
9 16 2 15 7 14 11 10 4 6 13 3 19 2 11 20 12 11 1 11 4 1 10 1 13 15 15 16 19 5 8 11 20 14 20 10 16 9 12 19 13 17 7 17 9 11 10 9 19 6 6 3 11 18 9 
6 19 7 20 19 18 6 19 13 10 1 1 15 10 8 16 4 17 6 11 12 1 10 17 15 92 13 11 17 11 5 12 11 9 6 17 15 9 16 7 17 15 19 0 8 15 0 3 19 2 2 7 4 4 3 
6 5 18 9 0 5 10 16 1 3 3 6 11 18 1 0 14 12 0 19 9 17 8 4 15 13 81 10 2 12 16 20 4 5 4 13 20 12 3 18 11 15 18 7 13 18 6 0 16 13 1 11 1 6 18 
16 16 7 9 0 4 20 18 12 10 18 4 7 6 16 10 4 18 9 2 1 11 16 9 16 11 10 46 8 5 3 3 15 0 5 7 12 18 0 15 4 0 0 2 1 0 9 19 18 17 14 6 18 6 18 
4 1 15 14 4 19 3 9 8 13 15 7 20 5 0 14 19 8 2 5 16 9 17 1 19 17 2 8 95 11 14 8 19 19 5 0 18 7 1 10 3 15 14 5 1 6 4 15 5 10 16 7 2 11 15 
12 19 17 7 0 2 11 19 14 19 14 0 10 5 17 14 14 14 3 2 3 20 5 11 5 11 12 5 11 98 10 16 6 5 6 4 12 10 7 1 15 13 11 14 12 14 11 18 6 1 18 8 11 20 14 
12 19 16 17 0 16 15 19 15 2 3 4 0 19 20 3 6 2 17 13 2 17 3 10 8 5 16 3 14 10 18 12 15 10 16 9 7 5 16 0 11 17 4 4 13 2 20 4 3 19 1 2 1 17 17 
12 2 14 5 18 19 14 6 2 10 0 2 2 0 11 11 5 15 0 8 3 12 16 7 11 12 20 3 8 16 12 56 14 9 8 13 1 10 19 12 12 12 13 0 14 8 17 7 13 3 15 19 13 14 7 
16 4 16 4 5 18 19 15 12 8 14 10 13 5 0 15 10 2 6 18 15 20 5 17 20 11 4 15 19 6 15 14 80 9 5 5 10 3 18 13 9 16 7 18 7 1 8 4 13 8 1 6 17 7 14 
12 0 14 0 4 20 9 4 20 2 6 7 20 6 11 11 9 19 16 20 0 6 13 20 14 9 5 0 19 5 10 9 9 30 7 5 7 15 6 7 0 18 1 5 2 15 10 19 12 15 6 3 11 14 4 
8 2 9 0 12 10 2 2 18 14 6 20 19 8 6 7 9 5 8 8 3 6 11 9 20 6 4 5 5 6 16 8 5 7 6 20 14 18 2 17 12 11 17 14 20 11 0 20 4 20 14 10 10 11 17 
6 3 11 13 13 16 15 12 17 4 17 2 18 15 16 19 5 14 19 4 2 7 11 4 10 17 13 7 0 4 9 13 5 5 20 64 0 14 12 8 7 7 9 9 19 19 11 11 18 11 15 13 2 14 13 
15 4 0 16 7 3 5 17 18 9 7 15 3 11 11 7 6 16 20 6 8 2 16 17 16 15 20 12 18 12 7 1 10 7 14 0 25 19 7 7 17 0 12 18 13 0 2 5 8 10 4 9 19 4 20 
3 2 16 16 16 11 11 8 4 8 17 3 8 12 10 16 1 7 20 9 19 15 17 8 9 9 12 18 7 10 5 10 3 15 18 14 19 1 12 20 19 9 13 11 6 9 7 1 3 18 8 18 20 12 9 
11 15 2 4 2 14 17 4 20 5 5 6 9 19 7 10 0 7 1 16 8 17 14 5 12 16 3 0 1 7 16 19 18 6 2 12 7 12 80 3 1 9 12 20 5 10 4 11 14 16 14 8 11 4 1 
6 5 14 10 12 3 4 4 15 19 0 17 4 10 14 19 9 18 0 14 4 9 18 15 19 7 18 15 10 1 0 12 13 7 17 8 7 20 3 20 2 18 5 2 18 3 5 2 0 19 8 9 15 7 15 
10 5 3 20 3 5 0 16 5 9 17 19 2 14 12 3 6 7 14 3 18 9 14 14 13 17 11 4 3 15 11 12 9 0 12 7 17 19 1 2 38 12 14 20 6 2 9 10 4 15 3 14 13 20 11 
18 1 17 10 19 13 0 19 12 19 4 15 2 15 5 7 7 2 17 10 13 0 6 20 17 15 15 0 15 13 17 12 16 18 11 7 0 9 9 18 12 37 16 12 1 7 3 14 0 4 5 8 6 6 7 
20 13 14 20 5 1 5 13 19 13 2 0 1 11 5 7 19 20 19 7 9 3 19 7 7 19 18 0 14 11 4 13 7 1 17 9 12 13 12 5 14 16 48 5 6 12 6 19 15 9 19 18 1 14 0 
15 17 9 13 11 20 4 3 17 12 20 1 6 8 10 16 3 19 16 20 11 18 8 19 17 0 7 2 5 14 4 0 18 5 14 9 18 11 20 2 20 12 5 9 15 1 16 2 6 9 19 3 6 8 17 
19 9 14 20 1 15 13 0 18 14 9 18 9 15 17 13 19 2 16 15 11 15 3 20 9 8 13 1 1 12 13 14 7 2 20 19 13 6 5 18 6 1 6 15 23 20 18 13 16 6 13 0 13 9 3 
9 6 1 11 5 4 3 3 8 20 20 19 5 12 17 17 19 17 8 20 20 18 2 2 11 15 18 0 6 14 2 8 1 15 11 19 0 9 10 3 2 7 12 1 20 57 12 1 12 10 5 17 9 19 2 
10 17 14 3 1 19 8 11 16 0 7 11 18 17 5 20 2 19 16 8 0 6 10 20 10 0 6 9 4 11 20 17 8 10 0 11 2 7 4 5 9 3 6 16 18 12 72 11 13 7 20 20 20 16 11 
11 3 7 15 18 14 19 14 16 19 3 16 1 15 16 9 20 15 11 9 18 9 15 0 9 3 0 19 15 18 4 7 4 19 20 11 5 1 11 2 10 14 19 2 13 1 11 18 6 6 15 9 8 17 2 
18 3 20 16 7 17 7 4 17 1 2 14 2 13 5 19 3 14 15 7 9 5 14 8 19 19 16 18 5 6 3 13 13 12 4 18 8 3 14 0 4 0 15 6 16 12 13 6 66 0 16 0 0 0 19 
3 20 13 0 10 19 3 5 17 10 3 7 9 1 10 18 4 4 6 3 14 16 12 0 6 2 13 17 10 1 19 3 8 15 20 11 10 18 16 19 15 4 9 9 6 10 7 6 0 84 4 7 19 16 12 
0 20 15 3 0 8 12 18 17 17 10 0 4 15 7 3 1 4 12 11 6 13 16 2 6 2 1 14 16 18 1 15 1 6 14 15 4 8 14 8 3 5 19 19 13 5 20 15 16 4 95 20 12 4 17 
11 0 15 2 8 4 17 18 10 7 8 7 17 4 9 3 6 13 4 9 20 17 20 2 3 7 11 6 7 8 2 19 6 3 10 13 9 18 8 9 14 8 18 3 0 17 20 9 0 7 20 74 2 14 10 
10 10 19 10 1 9 4 4 0 12 13 10 20 9 2 9 14 9 8 0 2 13 10 17 11 4 1 18 2 11 1 13 17 11 10 2 19 20 11 15 13 6 1 6 13 9 20 8 0 19 12 2 70 4 11 
12 4 17 6 6 20 12 5 3 3 13 16 17 20 11 11 5 3 19 14 16 6 17 19 18 4 6 6 11 20 17 14 7 14 11 14 4 12 4 7 20 6 14 8 9 19 16 17 0 16 4 14 4 88 6 
10 19 0 4 0 10 8 12 5 2 16 17 0 18 16 16 12 9 7 15 9 20 20 18 9 3 18 18 15 14 17 7 14 4 17 13 20 9 1 15 11 7 0 17 3 2 11 2 19 12 17 10 11 6 4 
