105 15
98 42 6 20 43 28 9 45 26 15 41 26 12 27 6 43 42 26 25 41 21 27 38 10 37 43 22 1 16 37 21 4 40 20 12 34 24 8 20 36 24 20 35 18 22 31 5 32 37 16 40 30 37 3 31 26 11 20 41 18 36 29 28 36 13 33 5 33 25 22 20 22 10 18 11 25 9 13 24 28 0 27 37 14 18 29 41 40 9 28 12 16 11 27 9 15 35 29 15 27 4 20 26 22 17 
42 13 36 36 25 20 35 18 22 31 4 31 37 15 49 86 83 61 67 84 54 69 80 51 76 85 65 43 42 26 25 41 21 27 38 10 37 43 22 77 55 61 78 48 62 73 45 70 79 58 61 62 76 40 64 69 42 63 79 56 46 56 15 47 45 24 38 59 36 60 25 47 53 25 48 62 40 44 62 71 43 67 78 57 27 47 25 50 44 31 55 27 50 64 42 41 68 72 53 41 44 24 67 51 58 
6 36 86 17 38 22 5 40 21 11 35 23 9 21 13 49 47 29 31 47 24 33 44 15 43 49 28 6 15 32 15 6 35 14 11 28 22 9 14 42 26 25 41 21 27 38 10 37 43 22 40 32 42 4 34 32 11 27 45 22 34 30 22 34 14 27 3 35 22 26 14 22 16 12 15 29 8 15 28 35 6 33 43 20 12 29 36 40 12 25 18 11 16 31 9 15 39 35 19 26 8 14 32 25 22 
20 36 17 84 26 16 11 47 14 26 37 37 8 24 25 56 49 24 34 53 41 36 54 29 56 53 38 21 6 19 11 15 44 9 28 33 38 13 22 43 19 28 47 38 30 49 25 51 47 32 26 25 41 21 27 38 10 37 43 22 17 20 21 17 11 17 15 23 5 26 26 11 26 13 31 27 10 32 27 44 20 46 45 28 25 46 47 56 29 39 27 12 31 29 11 32 55 43 35 42 17 25 44 42 27 
43 25 38 26 53 16 33 43 17 40 29 47 32 27 49 82 75 49 61 79 61 62 80 53 80 79 64 44 33 6 22 40 44 23 46 30 51 38 31 68 43 54 73 57 56 74 48 75 73 58 42 48 66 42 50 64 36 63 67 48 25 41 21 27 38 10 37 43 22 52 37 35 52 26 53 52 35 52 53 70 43 71 71 54 37 61 48 68 49 48 53 27 54 54 37 50 76 70 57 56 42 35 69 61 53 
28 20 22 16 16 51 18 33 2 24 21 31 19 12 35 70 64 41 49 67 45 51 66 38 65 68 50 29 22 12 6 25 32 8 29 19 35 25 15 58 35 43 61 40 45 60 32 59 62 43 41 42 57 26 44 52 23 48 59 37 26 36 6 28 26 7 22 39 16 41 21 27 38 10 37 43 22 35 43 56 28 55 60 41 21 45 35 52 33 32 39 11 38 45 24 33 60 56 42 40 28 19 54 44 41 
9 35 5 11 33 18 83 41 17 15 34 27 4 20 16 51 47 27 31 49 29 33 47 19 47 50 31 10 10 27 12 6 37 10 16 29 27 8 15 41 23 25 43 26 27 41 14 42 44 25 36 29 42 9 31 33 8 30 44 21 28 26 20 29 11 23 4 30 17 25 17 17 19 9 20 28 5 21 27 38 10 37 43 22 15 34 39 45 17 29 20 7 21 30 7 21 44 38 24 31 9 16 36 30 23 
45 18 40 47 43 33 41 42 35 30 13 23 44 22 51 86 87 69 71 86 49 73 78 51 72 88 65 45 50 42 35 46 6 37 36 14 30 49 26 82 64 65 80 43 67 72 45 66 82 59 73 71 82 42 72 72 49 63 85 62 60 66 26 61 53 39 42 70 48 66 25 57 55 33 47 69 46 41 68 71 46 65 83 60 27 38 10 37 43 22 57 35 49 71 48 37 61 73 51 32 48 25 66 45 62 
26 22 21 14 17 2 17 35 55 24 23 32 17 13 33 68 63 39 47 66 44 49 64 37 64 66 48 27 20 12 5 24 33 6 28 20 35 24 15 56 33 41 59 40 43 58 31 58 60 42 39 40 55 25 42 50 21 47 57 35 25 34 8 26 24 7 21 37 14 39 21 25 36 9 36 41 20 35 41 55 27 54 58 39 21 45 37 53 32 33 38 10 37 43 22 33 59 55 41 40 26 19 53 44 39 
15 31 11 26 40 24 15 30 24 76 28 11 20 16 21 56 57 41 41 56 23 43 49 21 45 58 35 15 26 36 20 17 24 20 6 21 12 21 10 52 38 36 50 17 38 43 15 39 52 29 52 44 53 12 46 42 23 33 57 34 43 42 20 44 26 31 15 46 31 37 5 33 25 15 18 41 20 13 39 41 16 36 53 30 3 21 25 30 13 13 27 15 19 43 21 10 37 43 22 16 19 6 37 21 32 
41 4 35 37 29 21 34 13 23 28 20 27 37 14 47 84 82 61 66 83 51 68 77 49 74 84 63 41 42 29 25 40 16 27 35 6 33 42 20 76 55 60 76 44 62 71 43 67 78 57 62 62 76 38 64 67 42 61 79 56 48 57 15 49 45 26 37 60 37 60 23 48 51 25 46 62 39 41 62 69 41 65 77 55 24 43 21 46 42 27 53 27 48 64 41 38 64 70 50 37 43 22 65 48 57 
26 31 23 37 47 31 27 23 32 11 27 75 31 20 30 64 67 53 51 64 26 53 55 30 49 67 44 26 38 43 29 29 16 30 14 21 6 33 17 62 50 46 59 19 48 49 25 43 61 38 63 56 64 23 57 51 35 42 67 45 54 54 26 55 38 39 26 58 41 49 11 45 35 25 25 52 31 19 50 49 27 41 62 39 12 15 15 21 21 1 37 26 27 54 33 14 38 51 28 10 31 12 43 22 43 
12 37 9 8 32 19 4 44 17 20 37 31 86 23 17 51 46 24 30 48 33 32 48 22 49 49 31 13 6 25 12 8 40 10 20 31 31 6 18 40 19 24 42 30 26 42 17 44 43 25 31 26 39 13 28 33 5 30 42 19 24 22 21 25 8 22 7 26 13 23 21 13 19 11 23 25 3 24 25 38 12 39 41 22 19 38 42 49 21 33 21 9 23 27 5 25 47 38 27 35 10 20 37 34 22 
27 15 21 24 27 12 20 22 13 16 14 20 23 44 33 70 68 47 51 68 39 53 64 35 61 70 49 27 28 24 13 26 20 15 23 8 25 28 6 62 42 45 62 33 47 58 29 55 64 43 51 49 62 24 51 53 28 47 65 42 38 44 6 39 31 19 22 48 26 46 11 35 37 11 33 48 25 29 48 55 27 52 63 41 12 35 23 41 29 21 39 13 35 50 27 26 53 56 38 29 29 10 52 37 43 
6 49 13 25 49 35 16 51 33 21 47 30 17 33 85 36 36 25 20 35 18 22 31 4 31 37 15 6 20 43 28 9 45 26 15 41 26 12 27 31 25 16 29 18 17 25 5 26 31 9 42 29 33 9 30 21 15 14 37 17 40 30 35 40 16 39 12 34 30 19 25 24 4 25 8 23 14 13 21 22 6 21 32 9 23 29 45 41 9 32 6 23 7 25 13 17 31 22 10 28 7 25 19 20 12 
43 86 49 56 82 70 51 86 68 56 84 64 51 70 36 12 17 38 22 5 40 21 11 35 23 9 21 42 49 76 63 44 80 61 50 77 58 44 63 20 43 28 9 45 26 15 41 26 12 27 57 41 25 46 40 18 47 22 29 35 65 47 71 64 44 73 48 49 61 32 61 49 32 61 39 33 47 45 31 15 42 24 17 29 59 55 79 66 43 65 30 59 37 32 46 49 38 13 35 58 42 62 21 44 29 
42 83 47 49 75 64 47 87 63 57 82 67 46 68 36 17 40 26 16 11 47 14 26 37 37 8 24 42 42 68 58 41 82 56 52 76 62 39 62 6 32 22 11 51 20 27 42 38 7 28 43 28 9 45 26 15 41 26 12 27 54 35 67 53 38 66 45 36 52 23 62 39 32 57 42 22 43 48 21 23 41 34 4 27 60 62 82 74 45 68 30 55 40 21 41 53 50 18 40 63 39 62 30 51 25 
26 61 29 24 49 41 27 69 39 41 61 53 24 47 25 38 26 86 16 33 43 17 40 29 47 32 27 27 19 42 35 23 64 33 39 56 51 20 42 20 6 13 28 43 13 37 30 44 26 25 20 4 17 30 5 20 19 27 18 8 28 9 45 26 15 41 26 12 27 7 44 14 22 35 33 4 22 39 7 31 26 39 22 19 42 55 66 66 35 54 21 33 32 5 20 42 53 28 35 53 22 44 35 46 15 
25 67 31 34 61 49 31 71 47 41 66 51 30 51 20 22 16 16 56 18 33 2 24 21 31 19 12 25 28 54 42 25 65 40 36 60 46 23 45 11 21 6 12 36 4 21 26 30 12 14 36 20 14 29 20 4 25 14 18 12 43 26 51 42 23 51 28 28 38 9 45 26 15 41 26 12 27 33 9 15 25 25 12 11 43 48 66 59 29 52 13 39 25 12 25 37 40 12 25 48 22 45 20 37 8 
41 84 47 53 79 67 49 86 66 56 83 64 48 68 35 5 11 33 18 19 41 17 15 34 27 4 20 41 46 73 61 42 80 59 50 76 59 42 62 14 39 25 6 46 23 18 40 29 7 26 52 36 20 44 35 15 44 22 23 31 61 43 69 60 41 70 46 45 57 28 61 45 31 59 39 29 45 45 26 15 41 26 12 27 59 57 80 68 43 66 29 57 37 28 43 50 41 13 36 59 40 61 23 46 26 
21 54 24 41 61 45 29 49 44 23 51 26 33 39 18 40 47 43 33 41 91 35 30 13 23 44 22 20 37 56 39 25 42 39 16 44 19 29 32 43 43 31 37 6 32 24 15 17 40 19 60 47 47 20 48 31 32 20 51 34 57 48 43 57 34 52 26 52 46 36 28 42 20 35 10 40 30 9 37 25 21 16 43 23 26 15 41 26 12 27 21 34 10 41 30 13 15 28 7 18 24 29 18 4 28 
27 69 33 36 62 51 33 73 49 43 68 53 32 53 22 21 14 17 2 17 35 53 24 23 32 17 13 27 29 55 44 27 67 42 38 62 48 25 47 9 22 8 11 38 6 21 28 31 10 15 37 20 12 31 20 4 27 15 16 14 44 26 53 43 24 53 30 29 40 11 47 28 17 43 28 12 29 35 9 15 27 25 10 13 45 49 68 61 31 54 15 41 26 12 27 39 41 12 27 50 24 47 21 39 10 
38 80 44 54 80 66 47 78 64 49 77 55 48 64 31 11 26 40 24 15 30 24 31 28 11 20 16 37 48 73 59 40 72 57 42 71 49 41 57 27 45 28 15 36 28 6 34 15 19 22 61 44 32 40 44 20 44 17 36 35 66 50 66 65 43 70 43 53 59 33 54 49 28 56 31 36 44 36 33 9 37 14 25 26 52 45 71 55 35 56 26 54 29 36 43 41 26 12 27 48 38 55 12 34 27 
10 51 15 29 53 38 19 51 37 21 49 30 22 35 4 35 37 29 21 34 13 23 28 82 27 37 14 9 24 47 31 13 45 30 15 42 25 16 29 32 29 18 29 14 20 22 6 22 31 8 46 33 35 11 34 21 20 12 39 20 45 34 38 45 21 43 15 38 35 22 26 29 6 28 5 26 18 11 24 20 9 17 33 10 24 26 45 38 8 31 8 26 3 28 18 15 26 21 6 26 12 27 16 17 14 
37 76 43 56 80 65 47 72 64 45 74 49 49 61 31 23 37 47 31 27 23 32 11 27 53 31 20 36 50 74 59 41 66 57 38 67 42 43 54 37 50 34 26 29 34 11 33 6 30 24 67 51 42 38 51 28 46 20 47 40 70 56 64 69 46 70 43 59 62 40 51 53 29 55 28 43 45 32 40 16 37 9 35 29 49 37 64 45 32 50 29 54 26 43 44 36 15 20 23 41 39 51 12 27 32 
43 85 49 53 79 68 50 88 66 58 84 67 49 70 37 9 8 32 19 4 44 17 20 37 31 24 23 43 46 73 61 43 82 59 52 78 61 42 64 12 38 25 8 49 23 22 42 34 6 28 50 34 17 46 33 16 44 25 20 31 60 42 70 59 42 70 47 43 57 27 63 45 32 60 41 28 46 48 26 19 42 30 9 28 61 60 82 71 45 68 30 58 39 26 44 52 45 15 38 62 41 63 26 49 27 
22 65 28 38 64 50 31 65 48 35 63 44 31 49 15 21 24 27 12 20 22 13 16 14 20 23 54 21 31 57 43 24 59 41 29 56 38 25 42 21 30 14 15 26 14 10 20 18 18 6 47 31 25 25 31 9 28 2 30 20 50 35 50 49 27 54 27 39 43 19 40 33 12 40 18 23 28 25 19 6 21 12 21 9 38 37 59 49 22 45 10 39 16 23 26 29 28 7 15 39 21 41 8 26 12 
1 43 6 21 44 29 10 45 27 15 41 26 13 27 6 42 42 27 25 41 20 27 37 9 36 43 21 73 17 38 22 5 40 21 11 35 23 9 21 36 25 20 35 18 22 31 4 31 37 15 41 30 38 3 32 26 12 20 41 19 37 30 29 37 14 34 6 34 26 22 20 22 10 19 10 26 10 12 24 28 1 26 37 14 18 28 40 39 8 28 12 17 10 28 10 14 34 29 14 26 5 20 25 21 17 
16 42 15 6 33 22 10 50 20 26 42 38 6 28 20 49 42 19 28 46 37 29 48 24 50 46 31 17 73 26 16 11 47 14 26 37 37 8 24 36 13 21 40 35 23 42 21 46 40 26 25 20 35 18 22 31 4 31 37 15 20 16 26 20 4 23 12 20 11 19 27 7 20 16 27 20 6 29 21 38 16 41 38 22 26 44 49 55 25 39 21 15 27 22 6 30 51 37 30 41 12 27 38 38 20 
37 26 32 19 6 12 27 42 12 36 29 43 25 24 43 76 68 42 54 73 56 55 73 47 74 73 57 38 26 51 16 33 43 17 40 29 47 32 27 62 36 48 66 51 49 68 42 69 66 51 36 42 60 36 44 57 29 56 61 41 20 35 18 22 31 4 31 37 15 45 33 28 45 20 47 45 29 46 47 64 37 64 64 47 33 57 46 64 44 44 46 21 48 47 30 45 71 63 51 52 35 31 63 56 47 
21 25 15 11 22 6 12 35 5 20 25 29 12 13 28 63 58 35 42 61 39 44 59 31 59 61 43 22 16 16 40 18 33 2 24 21 31 19 12 52 30 36 54 35 38 53 26 53 55 37 37 36 51 20 38 45 17 42 53 31 25 31 10 26 20 12 15 34 13 35 18 22 31 4 31 37 15 30 37 50 21 49 54 34 17 41 36 49 27 30 32 4 32 39 17 28 54 49 35 36 21 16 48 39 34 
4 41 6 15 40 25 6 46 24 17 40 29 8 26 9 44 41 23 25 42 25 27 40 13 41 43 24 5 11 33 18 70 41 17 15 34 27 4 20 36 21 19 36 23 21 34 10 36 37 18 36 26 36 6 28 27 7 23 39 16 32 25 26 32 9 29 3 29 21 20 21 17 12 16 15 23 5 18 22 31 4 31 37 15 19 33 42 44 13 30 14 14 15 25 5 19 39 31 19 30 2 20 29 27 16 
40 21 35 44 44 32 37 6 33 24 16 16 40 20 45 80 82 64 65 80 42 67 72 45 66 82 59 40 47 43 33 41 36 35 30 13 23 44 22 76 60 60 74 36 62 66 40 60 77 54 71 67 78 36 68 66 45 57 81 58 58 63 25 60 49 39 38 67 46 61 20 54 50 30 41 65 42 35 63 65 40 58 77 54 22 31 4 31 37 15 52 32 43 67 44 30 54 67 45 25 43 20 59 39 57 
20 27 14 9 23 8 10 37 6 20 27 30 10 15 26 61 56 33 40 59 39 42 57 30 57 59 41 21 14 17 2 17 35 44 24 23 32 17 13 50 28 34 53 35 36 51 25 52 53 35 36 34 49 19 36 43 15 40 51 29 24 29 12 25 18 12 14 33 12 33 18 20 29 4 30 35 13 29 35 48 20 48 52 32 18 41 37 50 27 31 31 4 31 37 15 28 54 48 34 36 19 17 46 39 32 
12 38 11 28 46 29 16 36 28 6 35 14 20 23 15 50 52 39 36 50 16 38 42 15 38 52 29 11 26 40 24 15 30 24 62 28 11 20 16 47 37 31 44 11 33 36 10 32 47 24 52 42 49 9 44 36 22 27 53 31 45 41 26 46 25 36 14 45 33 34 12 33 20 19 11 38 19 6 36 35 12 29 48 25 10 18 30 28 7 16 22 19 13 40 20 4 31 37 15 15 17 13 30 15 28 
34 10 28 33 30 19 29 14 20 21 6 21 31 8 41 77 76 56 60 76 44 62 71 42 67 78 56 35 37 29 21 34 13 23 28 9 27 37 14 70 51 54 70 38 56 64 36 61 72 50 59 57 71 31 59 61 36 55 73 50 45 53 12 47 40 25 31 56 34 54 16 43 45 20 39 57 34 35 56 63 35 58 71 49 18 37 18 41 35 21 47 22 41 59 36 31 58 64 44 31 37 15 58 41 51 
24 37 22 38 51 35 27 30 35 12 33 6 31 25 26 58 62 51 46 59 19 48 49 25 42 61 38 23 37 47 31 27 23 32 11 27 62 31 20 58 48 42 53 13 44 43 21 36 56 33 63 54 60 20 55 46 34 36 64 42 55 53 30 56 37 43 25 57 43 45 14 44 31 27 20 49 31 13 47 43 24 35 58 35 14 9 21 18 17 7 33 27 22 51 32 9 31 46 23 4 28 16 37 15 39 
8 43 9 13 38 25 8 49 24 21 42 33 6 28 12 44 39 20 23 42 29 25 41 16 43 42 25 9 8 32 19 4 44 17 20 37 31 74 23 33 17 17 35 27 19 35 13 38 36 19 32 22 34 11 24 26 3 24 36 13 28 21 28 28 5 29 6 25 18 17 24 13 13 17 19 20 3 22 19 31 8 33 35 15 22 37 46 48 18 34 14 15 19 22 1 23 43 31 22 35 4 24 31 31 15 
20 22 14 22 31 15 15 26 15 10 20 17 18 6 27 63 62 42 45 62 32 47 57 29 54 64 42 21 24 27 12 20 22 13 16 14 20 23 31 56 38 40 56 27 42 51 22 48 58 36 49 44 57 17 46 47 23 41 59 36 38 41 10 39 26 22 17 45 25 40 6 31 31 8 26 43 20 23 42 49 21 45 57 35 6 30 24 37 22 18 33 10 28 45 22 20 47 50 31 25 23 4 45 31 37 
36 77 42 43 68 58 41 82 56 52 76 62 40 62 31 20 6 20 11 14 43 9 27 32 37 12 21 36 36 62 52 36 76 50 47 70 58 33 56 34 26 16 11 47 14 26 37 37 8 24 38 22 5 40 21 11 35 23 9 21 48 29 61 47 32 60 39 30 46 17 56 33 27 51 37 16 37 44 15 21 36 33 2 22 54 59 77 70 41 64 25 49 36 14 35 48 48 17 36 59 33 56 28 48 19 
24 55 26 19 43 35 23 64 33 38 55 50 19 42 25 43 32 6 21 39 43 22 45 29 50 38 30 25 13 36 30 21 60 28 37 51 48 17 38 26 76 16 33 43 17 40 29 47 32 27 17 6 23 27 8 25 15 30 24 10 22 5 40 21 11 35 23 9 21 11 40 8 23 30 33 9 18 38 12 35 24 42 28 21 39 54 62 65 33 51 22 28 32 11 16 40 55 32 35 52 20 40 38 46 18 
20 61 25 28 54 43 25 65 41 36 60 46 24 45 16 28 22 13 6 25 31 8 28 18 34 25 14 20 21 48 36 19 60 34 31 54 42 17 40 16 16 44 18 33 2 24 21 31 19 12 33 17 17 23 17 9 19 14 21 6 38 21 45 37 16 45 23 25 32 5 40 21 11 35 23 9 21 29 6 19 19 26 17 7 38 45 61 57 25 48 10 33 22 10 19 33 40 16 23 45 17 40 22 35 3 
35 78 41 47 73 61 43 80 59 50 76 59 42 62 29 9 11 28 12 6 37 11 15 29 26 8 15 35 40 66 54 36 74 53 44 70 53 35 56 11 33 18 11 41 17 15 34 27 4 20 47 31 17 38 30 9 38 17 21 25 55 38 63 54 35 64 40 40 51 22 55 39 25 52 33 23 39 40 21 11 35 23 9 21 53 52 74 63 37 60 23 51 31 23 37 44 39 8 30 54 33 55 19 41 20 
18 48 21 38 57 40 26 43 40 17 44 19 30 33 18 45 51 43 36 46 6 38 36 14 29 49 26 18 35 51 35 23 36 35 11 38 13 27 27 47 43 33 41 80 35 30 13 23 44 22 59 47 50 17 48 35 30 24 54 35 55 48 38 55 32 47 23 52 43 37 22 40 21 31 9 41 28 5 38 30 19 22 47 25 21 11 35 23 9 21 23 30 11 43 28 7 20 33 10 13 23 23 24 4 29 
22 62 27 30 56 45 27 67 43 38 62 48 26 47 17 26 20 13 4 23 32 6 28 20 34 23 14 22 23 49 38 21 62 36 33 56 44 19 42 14 17 2 17 35 42 24 23 32 17 13 33 17 15 25 17 8 21 15 19 8 39 22 47 38 18 47 25 25 34 5 42 22 13 37 25 9 22 31 5 18 21 26 15 9 40 46 63 58 27 50 11 35 23 9 21 35 41 15 25 46 19 42 22 36 5 
31 73 38 49 74 60 41 72 58 43 71 49 42 58 25 15 27 37 21 18 24 21 6 22 11 22 10 31 42 68 53 34 66 51 36 64 43 35 51 26 40 24 15 30 24 23 28 11 20 16 57 41 31 34 41 17 38 11 36 30 61 46 60 60 38 64 37 49 54 29 48 44 22 50 25 33 38 30 29 5 31 8 24 20 46 40 65 50 29 50 21 48 23 33 37 35 23 9 21 43 32 49 6 29 23 
5 45 10 25 48 32 14 45 31 15 43 25 17 29 5 41 42 30 26 40 15 28 34 6 33 42 20 4 21 42 26 10 40 25 10 36 21 13 22 37 29 21 34 13 23 28 70 27 37 14 45 34 39 5 35 26 17 18 43 21 42 34 31 42 18 38 10 38 31 24 20 27 10 22 5 28 15 8 26 26 5 23 37 14 18 24 40 36 4 26 12 21 6 30 15 11 29 27 9 23 9 21 22 17 18 
32 70 37 51 75 59 42 66 58 39 67 43 44 55 26 26 38 44 30 29 17 31 15 22 6 34 18 31 46 69 53 36 60 52 32 61 36 38 48 37 47 31 27 23 32 11 27 47 31 20 64 49 42 33 49 27 41 17 46 37 66 53 58 65 41 65 38 56 57 37 44 49 25 49 22 41 40 26 37 16 31 5 36 26 43 31 58 40 26 44 25 48 21 41 40 29 11 20 17 35 34 45 9 21 29 
37 79 43 47 73 62 44 82 60 52 78 61 43 64 31 12 7 26 12 7 40 10 19 31 30 6 18 37 40 66 55 37 77 53 47 72 56 36 58 8 32 19 4 44 17 20 37 31 18 23 45 29 13 40 28 10 38 20 17 25 54 36 64 53 35 64 41 38 51 21 57 38 27 53 36 22 39 43 20 16 36 27 5 22 55 56 77 67 40 63 25 52 34 21 38 47 43 11 34 57 35 57 23 45 21 
16 58 22 32 58 43 25 59 42 29 57 38 25 43 9 27 28 25 14 26 19 15 22 8 24 28 6 15 26 51 37 18 54 35 24 50 33 19 36 24 27 12 20 22 13 16 14 20 23 42 44 29 28 18 29 13 22 4 32 17 46 32 44 45 22 48 21 36 38 17 34 29 6 34 13 21 22 20 18 12 15 15 24 5 32 34 54 45 17 40 4 32 11 22 21 24 28 13 11 34 15 35 12 23 9 
40 61 40 26 42 41 36 73 39 52 62 63 31 51 42 57 43 20 36 52 60 37 61 46 67 50 47 41 25 36 37 36 71 36 52 59 63 32 49 38 17 33 47 59 33 57 45 64 45 44 52 16 33 43 17 40 29 47 32 27 16 11 47 14 26 37 37 8 24 27 53 18 40 40 50 24 32 54 27 51 40 59 40 38 51 69 73 80 49 65 40 38 49 24 31 55 72 48 52 66 36 52 55 62 35 
30 62 32 25 48 42 29 71 40 44 62 56 26 49 29 41 28 4 20 36 47 20 44 33 51 34 31 30 20 42 36 26 67 34 42 57 54 22 44 22 6 17 31 47 17 41 34 49 29 29 16 33 18 33 2 24 21 31 19 12 26 7 46 24 18 41 29 8 27 11 47 14 26 37 37 8 24 42 11 35 29 43 25 23 45 58 68 70 38 57 25 35 36 8 23 45 57 32 39 57 25 46 39 50 19 
37 76 42 41 66 57 42 82 55 53 76 64 39 62 33 25 9 17 14 20 47 12 32 35 42 17 25 38 35 60 51 36 78 49 49 71 60 34 57 5 23 17 17 50 15 31 39 42 13 28 33 18 23 41 17 15 34 27 4 20 45 26 61 43 31 58 40 26 44 16 57 31 29 51 40 14 37 47 14 26 37 37 8 24 55 62 78 73 43 65 27 49 38 12 35 51 53 22 39 62 34 57 33 51 21 
3 40 4 21 42 26 9 42 25 12 38 23 13 24 9 46 45 30 29 44 20 31 40 11 38 46 25 3 18 36 20 6 36 19 9 31 20 11 17 40 27 23 38 17 25 34 5 33 40 18 43 33 41 94 35 30 13 23 44 22 37 32 26 38 16 32 6 36 26 25 16 24 13 16 10 29 11 11 27 31 4 29 41 18 14 26 37 37 8 24 15 15 11 31 11 12 35 32 15 24 7 16 28 21 20 
31 64 34 27 50 44 31 72 42 46 64 57 28 51 30 40 26 5 20 35 48 20 44 34 51 33 31 32 22 44 38 28 68 36 44 59 55 24 46 21 8 17 30 48 17 41 35 49 28 29 17 2 17 35 29 24 23 32 17 13 27 9 48 26 19 43 31 9 29 12 48 16 27 39 38 8 26 44 11 35 31 43 23 24 47 60 70 71 39 59 26 37 37 8 24 47 58 32 40 58 27 48 40 51 20 
26 69 32 38 64 52 33 72 50 42 67 51 33 53 21 18 15 20 4 15 31 4 20 21 28 16 9 26 31 57 45 27 66 43 36 61 46 26 47 11 25 9 9 35 8 17 26 27 10 13 40 24 15 30 24 53 28 11 20 16 47 30 54 46 26 54 30 32 42 13 46 30 16 43 26 16 29 33 13 11 26 21 11 12 44 47 66 58 29 53 14 41 24 16 27 37 37 8 24 48 24 46 17 36 10 
11 42 11 10 36 23 8 49 21 23 42 35 5 28 15 47 41 19 25 44 32 27 44 20 46 44 28 12 4 29 17 7 45 15 22 36 34 3 23 35 15 19 38 30 21 38 17 41 38 22 29 21 34 13 23 28 74 27 37 14 25 19 26 25 3 26 8 23 15 18 25 10 16 16 22 20 3 25 20 34 11 36 36 18 23 40 47 51 21 36 17 14 22 22 2 26 46 33 26 37 8 24 34 34 17 
20 63 27 37 63 48 30 63 47 33 61 42 30 47 14 22 26 27 14 22 20 15 17 12 20 25 2 20 31 56 42 23 57 40 27 55 36 24 41 23 30 14 17 24 15 11 18 17 20 4 47 31 27 23 32 11 27 75 31 20 50 36 49 49 26 53 26 39 42 20 39 33 10 39 16 24 27 23 20 8 20 11 23 9 37 35 57 47 20 43 9 37 14 24 26 27 26 9 13 37 20 39 8 24 12 
41 79 45 43 67 59 44 85 57 57 79 67 42 65 37 29 12 18 18 23 51 16 36 39 47 20 30 41 37 61 53 39 81 51 53 73 64 36 59 9 24 21 21 54 19 36 43 46 17 32 32 19 4 44 17 20 37 31 16 23 45 26 63 43 33 59 42 26 45 19 60 32 33 53 44 16 39 51 17 30 40 42 11 28 58 66 82 77 47 69 31 51 42 14 37 54 57 26 44 66 37 60 37 55 24 
18 56 22 22 48 37 21 62 35 34 56 45 19 42 17 35 27 8 12 31 34 14 35 20 40 31 20 19 15 41 31 16 58 29 31 50 42 13 36 21 10 6 25 35 8 30 21 37 25 17 27 12 20 22 13 16 14 20 23 49 31 15 41 30 11 39 19 19 26 4 37 14 14 30 25 7 16 30 6 25 18 32 22 11 35 46 59 58 26 47 13 28 24 9 14 33 45 23 26 45 14 37 28 37 8 
36 46 34 17 25 26 28 60 25 43 48 54 24 38 40 65 54 28 43 61 57 44 66 45 70 60 50 37 20 20 25 32 58 24 45 45 55 28 38 48 22 38 55 55 39 61 42 66 54 46 16 26 45 37 27 47 25 50 45 31 32 18 33 2 24 21 31 19 12 33 43 17 40 29 47 32 27 49 34 56 36 61 50 40 42 63 61 73 45 55 41 28 47 33 27 49 71 54 51 59 33 41 58 58 38 
29 56 30 20 41 36 26 66 34 42 57 54 22 44 30 47 35 9 26 43 48 26 50 34 56 42 35 30 16 35 31 25 63 29 41 53 53 21 41 29 5 21 38 48 22 46 34 53 36 32 11 7 26 32 9 30 19 36 26 15 18 67 41 17 15 34 27 4 20 16 44 9 28 32 38 14 22 43 17 40 29 47 32 27 42 58 65 70 38 55 28 31 37 15 20 45 60 37 40 56 24 43 44 51 23 
28 15 22 21 21 6 20 26 8 20 15 26 21 6 35 71 67 45 51 69 43 53 66 38 64 70 50 29 26 18 10 26 25 12 26 12 30 28 10 61 40 45 63 38 47 60 31 58 64 44 47 46 61 26 48 54 26 49 63 41 33 41 86 35 30 13 23 44 22 45 16 32 38 10 36 47 24 33 47 57 28 55 63 42 17 40 29 47 32 27 40 12 37 49 26 30 58 57 41 35 29 15 54 42 43 
36 47 34 17 27 28 29 61 26 44 49 55 25 39 40 64 53 26 42 60 57 43 65 45 69 59 49 37 20 22 26 32 60 25 46 47 56 28 39 47 21 37 54 55 38 60 42 65 53 45 14 24 43 38 26 46 25 49 43 30 2 17 35 34 24 23 32 17 13 32 44 16 40 30 47 31 27 49 33 55 36 60 49 40 43 64 63 74 46 56 40 29 47 32 27 50 71 53 51 60 33 42 57 59 37 
13 45 14 11 38 26 11 53 24 26 45 38 8 31 16 44 38 15 23 41 34 24 43 21 46 42 27 14 4 31 20 9 49 18 25 40 37 5 26 32 11 16 35 32 18 38 18 41 35 22 26 18 31 16 19 26 3 26 33 11 24 15 30 24 81 28 11 20 16 15 29 8 16 20 24 17 6 27 16 33 13 36 33 17 27 43 50 54 23 40 17 18 23 19 5 29 47 32 27 40 9 28 34 36 15 
33 24 27 17 10 7 23 39 7 31 26 39 22 19 39 73 66 41 51 70 52 53 70 43 70 70 54 34 23 4 12 29 39 12 36 25 43 29 22 60 35 45 64 47 47 64 38 65 64 48 37 41 58 32 43 54 26 53 59 39 21 34 13 23 28 58 27 37 14 43 28 27 42 16 43 44 25 42 44 60 33 61 62 44 28 52 43 60 39 40 43 17 44 45 27 40 67 60 47 47 32 27 59 51 44 
5 38 3 15 37 22 4 42 21 15 37 26 7 22 12 48 45 26 28 46 26 30 43 15 43 47 27 6 12 31 15 3 38 14 14 31 25 6 17 39 23 23 40 23 25 37 10 38 41 21 37 29 40 6 31 30 8 26 42 19 31 27 23 32 11 27 95 31 20 23 17 19 15 13 16 26 5 17 25 34 6 33 40 19 15 32 39 43 14 28 17 11 17 28 6 18 40 34 20 29 6 17 32 27 20 
33 59 35 23 43 39 30 70 37 46 60 58 26 48 34 49 36 12 28 45 52 29 53 38 59 43 39 34 20 37 34 29 67 33 45 56 57 25 45 30 9 25 40 52 25 49 38 56 38 36 8 8 26 36 9 32 23 39 26 19 19 4 44 17 20 37 31 64 23 19 48 13 32 36 42 16 26 47 19 43 33 51 33 30 46 63 69 74 43 59 32 34 42 17 25 49 64 40 45 60 29 47 47 55 27 
25 36 22 5 22 16 17 48 14 31 37 41 13 26 30 61 52 27 38 57 46 40 59 35 62 57 43 26 11 15 13 21 46 12 33 34 43 18 25 46 21 32 51 43 34 54 31 57 51 38 24 27 44 26 29 42 15 42 45 26 12 20 22 13 16 14 20 23 54 29 30 13 32 16 36 30 16 38 31 49 25 52 48 33 29 51 49 61 34 43 33 15 37 31 17 37 61 48 40 47 23 29 50 47 32 
22 60 26 26 52 41 25 66 39 37 60 49 23 46 19 32 23 7 9 28 36 11 33 22 40 27 19 22 19 45 35 20 61 33 34 54 45 17 40 17 11 5 22 37 5 29 24 37 21 17 27 11 16 25 12 13 18 20 19 4 33 16 45 32 15 43 23 19 29 37 41 17 15 34 27 4 20 33 2 24 21 31 19 12 39 49 62 60 29 50 14 32 26 5 18 36 46 21 28 48 18 41 28 39 8 
20 25 14 26 37 21 17 25 21 5 23 11 21 11 25 61 62 44 45 61 28 47 54 26 51 63 40 20 27 33 18 21 20 18 12 16 14 24 6 56 40 40 55 22 42 48 20 44 57 34 53 47 57 16 48 46 25 39 60 37 43 44 16 44 29 28 17 48 30 41 66 35 30 13 23 44 22 18 43 46 20 42 57 34 2 24 21 31 19 12 32 14 25 46 24 15 42 48 27 19 23 1 42 26 37 
22 47 22 11 35 27 17 57 25 33 48 45 13 35 24 49 39 14 26 45 42 28 49 29 53 45 33 22 7 28 22 17 54 20 33 43 44 13 31 33 8 21 39 40 22 44 27 49 38 29 18 14 31 24 16 30 10 33 32 14 17 9 32 16 8 27 19 13 13 17 35 4 24 23 32 17 13 35 18 39 21 44 35 23 33 51 56 62 31 46 24 21 31 19 12 37 55 37 35 48 17 34 41 44 21 
10 53 16 26 52 38 19 55 36 25 51 35 19 37 4 32 32 22 15 31 20 17 28 6 29 32 12 10 20 45 31 12 50 29 20 45 31 13 31 27 23 11 25 21 13 22 10 25 27 6 40 26 29 13 27 16 16 10 33 14 40 28 38 40 16 42 15 32 32 15 30 24 48 28 11 20 16 17 17 18 10 20 27 4 28 33 50 45 14 36 2 26 10 21 15 21 31 19 12 33 9 30 17 23 8 
18 25 12 13 26 10 9 33 9 15 25 25 11 11 25 61 57 35 41 59 35 43 56 28 55 60 40 19 16 20 4 16 30 4 19 20 27 17 8 51 30 35 52 31 37 50 22 49 53 34 40 37 51 16 39 43 16 39 53 30 29 32 10 30 20 16 13 36 16 34 13 23 28 43 27 37 14 25 36 47 18 45 52 31 13 36 33 45 23 26 30 2 28 39 16 24 50 47 32 31 19 12 44 35 32 
11 48 15 31 53 37 20 47 36 18 46 25 23 33 8 39 42 33 26 39 10 28 31 5 28 41 18 10 27 47 31 15 41 30 11 39 20 19 26 37 33 23 33 9 25 25 5 22 36 13 50 37 40 10 38 26 22 16 44 25 47 38 36 47 24 43 16 42 36 27 23 32 11 27 63 31 20 6 29 23 11 18 38 15 21 21 41 33 4 27 13 26 2 33 20 11 24 26 4 21 14 24 19 12 20 
25 62 29 27 52 43 28 69 41 41 62 52 25 48 23 33 22 4 12 29 40 12 36 26 43 28 23 26 20 45 37 23 65 35 38 57 49 20 43 16 9 9 23 41 9 33 28 41 22 21 24 8 14 29 8 16 20 24 16 7 32 14 47 31 17 44 26 16 30 4 44 17 20 37 31 38 23 37 3 27 25 35 18 16 42 53 66 65 33 54 19 35 30 2 21 40 50 24 32 52 21 44 31 44 12 
9 40 8 10 35 22 5 46 20 20 39 31 3 25 14 47 43 22 27 45 30 29 44 18 45 46 28 10 6 29 15 5 42 13 19 34 31 3 20 37 18 21 39 28 22 38 15 40 39 22 32 24 37 11 26 29 3 27 39 16 27 22 24 27 6 25 5 26 16 20 22 13 16 14 20 23 25 22 22 35 9 36 38 18 20 37 44 48 18 33 17 12 20 25 2 23 44 34 24 34 6 21 34 31 19 
13 44 15 32 52 35 21 41 35 13 41 19 24 29 13 45 48 39 33 45 9 35 36 11 32 48 25 12 29 46 30 18 35 29 6 35 13 22 23 44 38 29 40 5 31 30 8 26 43 20 54 42 47 11 44 33 25 23 51 30 49 43 33 49 27 42 17 47 38 33 18 35 17 25 6 37 22 82 35 30 13 23 44 22 17 15 34 27 4 20 19 25 8 39 23 4 24 32 9 15 18 19 24 9 26 
24 62 28 27 53 43 27 68 41 39 62 50 25 48 21 31 21 7 9 26 37 9 33 24 40 26 19 24 21 47 37 22 63 35 36 56 47 19 42 15 12 6 21 38 5 29 26 37 20 18 27 11 14 27 11 13 20 20 17 6 34 17 47 33 16 44 25 19 31 2 43 18 17 36 29 3 22 35 34 24 23 32 17 13 41 50 64 62 30 52 15 34 27 4 20 38 46 20 29 50 20 43 28 41 9 
28 71 35 44 70 56 38 71 55 41 69 49 38 55 22 15 23 31 15 15 25 15 9 20 16 19 6 28 38 64 50 31 65 48 35 63 43 31 49 21 35 19 11 30 18 5 26 16 16 12 51 35 26 31 35 11 34 8 30 25 56 40 57 55 33 60 34 43 49 24 46 39 18 47 23 27 35 30 24 31 28 11 20 16 45 41 64 52 28 50 17 45 21 27 33 34 27 4 20 43 28 47 7 30 18 
0 43 6 20 43 28 10 46 27 16 41 27 12 27 6 42 41 26 25 41 21 27 37 9 37 42 21 1 16 37 21 4 40 20 12 35 24 8 21 36 24 19 35 19 21 31 5 31 36 15 40 29 37 4 31 26 11 20 40 18 36 29 28 36 13 33 6 33 25 21 20 21 10 18 11 25 9 13 23 28 69 27 37 14 18 29 41 40 9 28 12 17 11 27 9 15 35 29 14 27 4 20 26 22 16 
27 67 33 46 71 55 37 65 54 36 65 41 39 52 21 24 34 39 25 26 16 25 14 17 9 30 12 26 41 64 49 31 58 48 29 58 35 33 45 33 42 26 23 22 26 8 23 5 27 15 59 43 37 29 43 21 36 11 42 32 61 47 55 60 36 61 33 51 52 31 42 44 20 45 18 35 36 23 32 11 27 55 31 20 40 31 57 41 23 43 19 44 17 36 35 27 15 15 14 34 29 42 4 20 24 
37 78 43 45 71 60 43 83 58 53 77 62 41 63 32 17 4 22 12 12 43 10 25 33 35 9 21 37 38 64 54 37 77 52 48 71 58 35 57 2 28 17 9 47 15 24 37 36 5 24 40 25 8 41 23 11 36 23 11 22 50 32 63 49 33 62 40 33 48 19 57 35 27 52 38 18 38 44 17 20 37 31 8 23 55 58 78 70 41 64 25 50 36 17 36 48 47 15 36 59 34 57 27 47 20 
14 57 20 28 54 41 22 60 39 30 55 39 22 41 9 29 27 19 11 27 23 13 26 10 29 28 9 14 22 47 34 15 54 32 25 49 35 15 35 22 21 7 21 25 9 20 14 26 22 5 38 23 24 18 24 12 18 9 28 11 40 27 42 40 17 44 19 30 33 12 34 23 4 31 15 16 18 22 13 16 14 20 23 41 32 37 54 49 18 41 2 30 14 17 17 26 33 15 15 37 12 34 17 27 4 
18 27 12 25 37 21 15 27 21 3 24 12 19 12 23 59 60 42 43 59 26 45 52 24 49 61 38 18 26 33 17 19 22 18 10 18 14 22 6 54 39 38 53 21 40 46 18 43 55 32 51 45 55 14 47 44 23 37 58 35 42 42 17 43 27 28 15 46 29 39 2 33 28 13 21 42 20 17 41 45 18 40 55 32 70 24 23 32 17 13 30 13 23 44 22 14 41 46 26 19 21 2 40 25 35 
29 47 29 46 61 45 34 38 45 21 43 15 38 35 29 55 62 55 48 57 15 49 45 26 37 60 37 28 44 57 41 33 31 41 18 37 9 37 30 59 54 45 52 11 46 40 24 31 56 34 69 58 62 26 60 47 40 35 66 46 63 58 40 64 43 52 32 63 51 49 24 51 33 36 21 53 37 15 50 41 29 31 58 37 24 60 28 11 20 16 35 36 23 54 38 13 23 44 22 5 33 25 34 11 41 
41 25 36 47 48 35 39 10 37 25 21 15 42 23 45 79 82 66 66 80 41 68 71 45 64 82 59 40 49 46 36 42 4 37 30 18 21 46 24 77 62 61 74 35 63 65 40 58 77 54 73 68 78 37 70 66 47 57 82 59 61 65 29 63 50 43 39 69 49 62 21 56 50 33 41 66 44 34 64 64 41 57 78 54 23 28 27 27 37 14 52 35 43 68 45 30 51 67 44 23 44 22 58 37 57 
40 50 40 56 68 52 45 37 53 30 46 21 49 41 41 66 74 66 59 68 26 61 55 38 45 71 49 39 55 64 49 44 31 50 28 41 18 48 37 70 65 57 63 23 58 50 36 40 67 45 80 70 73 37 71 58 51 47 77 58 73 70 47 74 54 60 43 74 61 60 31 62 45 45 33 65 48 27 62 52 40 41 70 49 32 11 27 46 31 20 46 45 35 66 49 25 30 55 33 13 45 33 44 22 53 
9 44 12 29 49 33 17 43 32 13 42 21 21 29 9 43 45 35 29 43 12 31 35 8 32 45 22 8 25 44 27 13 37 27 7 35 17 18 22 41 33 25 37 9 27 29 4 26 40 17 49 38 43 8 39 29 21 20 47 26 45 38 32 46 23 39 14 43 34 29 19 31 14 23 4 33 18 4 30 28 9 23 41 18 17 20 37 31 89 23 15 22 6 35 19 7 27 30 8 19 13 19 23 13 22 
28 31 25 39 48 32 29 22 33 13 27 1 33 21 32 65 68 54 52 66 27 54 56 31 50 68 45 28 39 44 30 30 15 31 16 21 7 34 18 64 51 48 60 21 50 50 26 44 63 40 65 57 65 24 59 53 36 43 69 47 55 55 27 56 40 40 28 59 43 50 12 46 36 26 27 54 33 20 52 50 28 43 64 41 13 16 14 20 23 44 38 27 29 56 35 16 38 53 30 10 32 13 44 23 44 
12 55 18 27 53 39 20 57 38 27 53 37 21 39 6 30 30 21 13 29 21 15 26 8 29 30 10 12 21 46 32 14 52 31 22 47 33 14 33 25 22 10 23 23 11 21 12 25 25 4 40 25 27 15 26 14 17 9 31 13 41 28 40 40 17 43 17 32 33 14 32 24 2 30 13 19 17 19 15 17 12 19 25 2 30 35 52 46 15 38 48 28 11 20 16 23 32 17 13 34 11 32 17 25 6 
16 27 11 12 27 11 7 35 10 15 27 26 9 13 23 59 55 33 39 57 34 41 54 26 54 58 39 17 15 21 4 14 32 4 19 22 27 15 10 49 28 33 51 30 35 48 21 48 52 32 38 35 49 15 37 41 14 37 51 28 28 31 12 29 18 17 11 34 15 32 14 21 26 2 26 35 12 25 34 45 17 44 50 30 13 36 35 45 22 27 28 47 27 37 14 24 49 45 30 32 17 13 43 34 31 
11 50 16 31 54 38 21 49 37 19 48 27 23 35 7 37 40 32 25 37 10 26 29 3 26 39 16 10 27 48 32 15 43 31 13 41 22 19 28 36 32 22 31 11 23 23 6 21 34 11 49 36 38 11 37 24 22 14 42 24 47 37 37 47 23 44 17 42 37 26 25 31 10 28 2 30 20 8 27 21 11 17 36 14 23 23 43 35 6 29 11 27 64 31 20 13 24 24 3 23 14 25 17 13 18 
27 64 31 29 54 45 30 71 43 43 64 54 27 50 25 32 21 5 12 28 41 12 36 28 43 26 23 28 22 47 39 25 67 37 40 59 51 22 45 14 11 10 23 43 9 33 30 41 21 22 24 8 12 31 8 16 22 24 14 9 33 15 49 32 19 45 28 17 31 5 46 19 21 39 33 2 25 39 4 27 27 36 17 17 44 54 68 66 35 56 20 37 31 34 23 42 51 24 33 54 23 46 32 45 13 
9 42 9 11 37 24 7 48 22 21 41 33 5 27 13 46 41 20 25 43 30 27 43 18 44 44 26 10 6 30 17 5 44 15 20 36 32 1 22 35 16 19 37 28 21 37 15 40 38 21 31 23 35 11 24 27 2 26 37 14 27 20 26 27 5 27 6 25 17 18 24 12 15 16 20 21 2 23 20 33 9 35 36 17 22 38 45 49 19 35 16 14 20 23 27 24 44 32 24 35 6 23 33 32 17 
15 41 15 32 50 33 21 37 33 10 38 14 25 26 17 49 53 42 37 50 13 39 41 15 36 52 29 14 30 45 28 19 30 28 4 31 9 23 20 48 40 33 44 7 35 35 11 29 47 24 55 45 51 12 47 37 26 27 54 33 49 45 30 50 29 40 18 49 37 36 15 37 21 24 11 40 23 4 38 34 15 27 48 26 14 13 30 25 7 16 23 24 13 42 24 57 27 37 14 11 20 16 28 11 29 
35 68 39 55 76 60 44 61 59 37 64 38 47 53 31 38 50 53 40 41 15 41 26 26 15 45 28 34 51 71 54 39 54 54 31 58 31 43 47 48 55 40 39 20 41 23 29 11 43 28 72 57 53 35 58 37 46 26 57 45 71 60 58 71 47 67 40 64 61 46 42 55 31 50 24 50 44 24 46 27 35 15 47 33 41 23 51 30 27 38 32 49 24 51 44 27 23 31 20 28 38 43 20 16 37 
29 72 35 43 70 56 38 73 55 43 70 51 38 56 22 13 18 28 12 13 28 12 12 21 20 15 7 29 37 63 49 31 67 48 37 64 46 31 50 17 32 16 8 33 15 9 27 20 11 13 48 32 22 32 32 8 33 9 26 23 54 37 57 53 32 60 34 40 48 21 48 37 19 47 26 24 34 32 20 4 29 15 15 15 46 44 67 55 30 53 17 45 24 24 32 37 31 40 23 46 28 48 11 33 16 
15 53 19 35 57 42 24 51 41 22 50 28 27 38 10 35 40 35 25 36 7 27 27 6 23 38 15 14 30 51 35 19 45 34 15 44 23 22 31 36 35 23 30 10 25 21 9 17 34 11 52 39 39 15 40 24 26 13 44 26 51 40 41 51 27 47 20 45 40 28 27 35 12 32 4 32 24 9 29 20 14 14 36 15 26 22 44 33 8 30 13 30 3 33 24 14 20 23 32 23 18 28 14 11 20 
27 41 26 42 56 40 31 32 40 16 37 10 35 29 28 58 63 53 48 59 18 50 48 26 41 62 39 26 41 52 36 30 25 36 15 31 4 35 25 59 52 45 54 13 46 43 23 35 57 34 66 57 62 24 58 48 37 37 66 45 59 56 35 60 40 47 29 60 47 48 19 48 33 31 21 52 34 15 50 43 27 34 59 37 19 5 23 13 19 10 34 32 23 54 35 11 28 46 23 54 31 20 37 14 41 
4 44 8 17 42 28 9 48 26 19 43 31 10 29 7 42 39 22 22 40 24 24 38 12 39 41 21 5 12 35 21 2 43 19 17 37 28 4 23 33 20 17 33 23 19 32 9 34 35 15 36 25 34 7 27 24 8 20 37 14 33 24 29 33 9 32 6 29 23 18 23 17 9 19 14 21 6 18 20 28 4 29 34 12 21 33 44 45 13 32 11 17 14 23 6 20 38 28 18 31 74 23 27 26 14 
20 24 14 25 35 19 16 25 19 6 22 12 20 10 25 62 62 44 45 61 29 47 55 27 51 63 41 20 27 31 16 20 20 17 13 15 16 24 4 56 40 40 55 23 42 49 21 45 57 35 52 46 57 16 48 46 24 39 60 37 41 43 15 42 28 27 17 47 29 41 1 34 30 12 24 44 21 19 43 47 20 42 57 34 2 25 22 33 19 13 32 13 25 46 23 16 43 48 28 20 23 28 43 27 37 
26 67 32 44 69 54 36 66 53 37 65 43 37 52 19 21 30 35 20 23 18 21 12 16 12 26 8 25 38 63 48 29 59 46 30 58 37 31 45 28 38 22 19 24 22 6 22 9 23 12 55 39 33 28 40 17 34 8 37 28 58 44 54 57 34 59 32 47 50 28 42 41 17 44 19 31 34 24 28 7 26 4 27 17 40 34 58 44 23 44 17 43 17 32 33 28 20 11 14 37 27 43 63 23 20 
22 51 25 42 61 44 30 45 44 21 48 22 34 37 20 44 51 46 37 46 4 39 34 17 27 49 26 21 38 56 39 27 39 39 15 41 15 31 31 48 46 35 41 4 36 29 17 21 45 23 62 50 51 21 51 36 34 24 55 37 58 51 42 59 36 51 27 55 47 39 26 44 23 35 12 44 31 9 41 30 22 20 47 27 25 11 37 22 13 23 25 34 13 45 32 11 16 33 11 14 26 27 23 41 31 
17 58 22 27 53 41 23 62 39 32 57 43 22 43 12 29 25 15 8 26 28 10 27 14 32 27 12 17 20 47 34 16 57 32 28 51 39 15 37 19 18 3 20 29 5 23 18 29 21 9 35 19 21 20 20 10 17 12 24 8 38 23 43 37 15 44 20 27 32 8 37 21 8 32 20 12 19 26 9 18 16 24 20 4 35 41 57 53 22 44 6 31 18 13 17 29 37 16 20 41 14 37 20 31 46 
