28 8
20 13 41 4 34 43 26 6 46 12 44 47 28 45 10 33 47 32 50 74 88 69 46 52 33 75 54 71 
13 12 42 13 45 44 24 10 50 23 55 51 30 46 12 44 47 28 54 81 90 70 57 55 34 82 61 72 
41 42 92 36 35 2 20 36 10 33 41 10 12 6 32 29 8 19 12 44 47 28 39 13 8 44 27 30 
4 13 36 24 32 38 22 3 41 10 42 43 24 41 6 31 43 28 46 71 84 65 44 47 28 72 51 67 
34 45 35 32 88 37 39 35 32 22 10 34 31 41 34 6 43 44 36 46 71 58 12 38 33 47 28 60 
43 44 2 38 37 95 21 38 10 35 43 10 14 4 34 31 6 19 11 44 46 26 40 12 10 44 27 28 
26 24 20 22 39 21 57 21 29 25 48 29 10 22 16 34 23 6 32 62 66 46 47 33 12 63 44 47 
6 10 36 3 35 38 21 26 42 13 45 44 24 41 4 34 43 26 47 73 84 65 47 48 28 74 53 67 
46 50 10 41 32 10 29 42 82 36 35 2 20 13 38 26 14 29 4 34 43 26 32 6 16 34 17 28 
12 23 33 10 22 35 25 13 36 9 32 38 22 39 13 21 41 31 41 62 79 61 34 43 26 64 42 64 
44 55 41 42 10 43 48 45 35 32 68 37 39 47 44 13 49 52 39 41 71 60 4 41 40 43 26 62 
47 51 10 43 34 10 29 44 2 38 37 86 21 12 40 28 13 29 2 33 41 24 34 4 17 34 18 26 
28 30 12 24 31 14 10 24 20 22 39 21 53 17 19 26 19 13 23 53 60 41 38 25 4 53 34 43 
45 46 6 41 41 4 22 41 13 39 47 12 17 85 36 35 2 20 13 45 44 24 44 13 12 45 30 25 
10 12 32 6 34 34 16 4 38 13 44 40 19 36 27 32 38 22 42 69 80 60 45 44 24 70 49 62 
33 44 29 31 6 31 34 34 26 21 13 28 26 35 32 91 37 39 30 42 66 52 13 32 27 44 24 54 
47 47 8 43 43 6 23 43 14 41 49 13 19 2 38 37 88 21 14 45 42 22 46 13 14 45 31 24 
32 28 19 28 44 19 6 26 29 31 52 29 13 20 22 39 21 48 31 63 63 42 51 32 13 63 45 44 
50 54 12 46 36 11 32 47 4 41 39 2 23 13 42 30 14 31 73 32 38 22 35 2 20 32 17 24 
74 81 44 71 46 44 62 73 34 62 41 33 53 45 69 42 45 63 32 71 37 39 36 32 50 2 20 40 
88 90 47 84 71 46 66 84 43 79 71 41 60 44 80 66 42 63 38 37 4 21 66 36 56 35 44 20 
69 70 28 65 58 26 46 65 26 61 60 24 41 24 60 52 22 42 22 39 21 40 56 20 36 38 35 2 
46 57 39 44 12 40 47 47 32 34 4 34 38 44 45 13 46 51 35 36 66 56 64 37 39 38 22 58 
52 55 13 47 38 12 33 48 6 43 41 4 25 13 44 32 13 32 2 32 36 20 37 77 21 32 19 22 
33 34 8 28 33 10 12 28 16 26 40 17 4 12 24 27 14 13 20 50 56 36 39 21 44 50 32 38 
75 82 44 72 47 44 63 74 34 64 43 34 53 45 70 44 45 63 32 2 35 38 38 32 50 75 21 39 
54 61 27 51 28 27 44 53 17 42 26 18 34 30 49 24 31 45 17 20 44 35 22 19 32 21 78 37 
71 72 30 67 60 28 47 67 28 64 62 26 43 25 62 54 24 44 24 40 20 2 58 22 38 39 37 42 
