15 6
4 13 18 1 9 5 0 7 1 8 13 2 14 10 18 
13 53 20 10 10 17 4 7 7 10 11 19 10 6 6 
18 20 95 6 16 12 14 11 7 5 19 14 11 9 10 
1 10 6 71 1 7 8 11 3 18 13 14 13 16 14 
9 10 16 1 13 5 8 19 19 2 12 0 15 0 1 
5 17 12 7 5 76 10 18 4 16 3 13 7 16 18 
0 4 14 8 8 10 87 9 12 0 1 0 3 13 3 
7 7 11 11 19 18 9 69 2 7 11 12 6 14 17 
1 7 7 3 19 4 12 2 82 0 16 8 7 7 15 
8 10 5 18 2 16 0 7 0 60 20 15 14 19 18 
13 11 19 13 12 3 1 11 16 20 4 16 5 20 2 
2 19 14 14 0 13 0 12 8 15 16 82 5 8 1 
14 10 11 13 15 7 3 6 7 14 5 5 68 0 13 
10 6 9 16 0 16 13 14 7 19 20 8 0 10 18 
18 6 10 14 1 18 3 17 15 18 2 1 13 18 23 
