55 11
41 8 13 19 17 16 12 0 19 20 14 5 13 6 7 8 13 14 18 18 9 9 17 6 19 13 12 5 20 8 8 12 8 9 0 4 5 7 4 3 17 18 11 9 12 2 0 4 8 1 11 8 7 18 3 
8 32 8 18 19 1 10 11 14 15 15 13 10 17 7 10 20 12 14 9 10 20 12 0 12 20 15 2 18 4 3 17 10 5 8 16 18 15 14 4 14 13 11 3 18 14 3 14 19 6 3 18 12 17 5 
13 8 65 2 17 2 4 12 12 2 12 15 6 4 18 5 9 11 8 9 13 20 19 8 16 15 10 1 7 6 14 10 18 1 2 12 9 14 5 16 14 8 3 17 19 17 10 12 20 18 20 9 17 1 17 
19 18 2 51 20 2 15 1 9 11 11 1 8 8 16 18 18 6 15 12 19 7 9 11 4 0 8 12 8 4 5 11 4 15 13 20 6 9 2 7 1 8 14 14 0 20 20 13 14 13 0 8 4 6 17 
17 19 17 20 41 5 3 10 6 0 10 12 19 11 14 0 18 3 0 14 14 14 17 8 16 4 18 18 16 7 11 8 4 5 20 17 12 19 4 3 11 9 17 0 0 8 7 14 17 20 7 3 9 9 20 
16 1 2 2 5 82 11 3 4 8 8 0 4 8 14 2 17 11 3 10 11 9 3 3 9 1 4 1 11 16 19 10 15 6 4 20 11 12 17 11 5 18 16 6 5 13 11 1 7 20 10 0 4 15 11 
12 10 4 15 3 11 0 4 19 13 13 16 7 0 13 4 11 0 4 20 19 2 7 2 9 12 4 5 7 11 20 8 16 0 19 9 14 5 8 8 15 13 7 0 10 19 7 12 20 10 19 12 17 1 8 
0 11 12 1 10 3 4 25 8 0 0 12 11 9 5 20 6 19 18 1 8 5 11 13 14 3 20 17 13 17 4 11 15 18 2 12 20 10 14 11 10 0 8 7 14 20 1 14 20 15 17 2 4 14 4 
19 14 12 9 6 4 19 8 25 0 10 13 19 5 20 6 7 6 12 20 3 11 8 16 2 17 2 4 14 2 6 20 11 1 4 5 13 14 17 5 19 13 14 2 7 15 5 4 11 1 20 10 4 17 16 
20 15 2 11 0 8 13 0 0 70 16 11 10 9 14 10 7 6 1 15 1 11 19 8 0 8 10 15 3 6 7 13 18 1 9 5 0 7 1 8 13 2 14 10 18 5 20 10 10 17 4 7 7 10 11 
14 15 12 11 10 8 13 0 10 16 25 10 6 6 11 6 16 12 14 11 7 5 19 14 11 9 10 16 1 7 8 11 3 18 13 14 13 16 14 9 5 8 19 19 2 12 0 15 0 1 9 10 18 4 16 
5 13 15 1 12 0 16 12 13 11 10 12 13 7 16 18 11 9 12 0 1 0 3 13 3 2 2 7 11 12 6 14 17 0 0 16 8 7 7 15 14 20 15 14 19 18 4 16 5 20 2 3 5 8 1 
13 10 6 8 19 4 7 11 19 10 6 13 68 0 13 2 18 8 3 1 19 15 18 17 8 20 9 14 1 10 15 10 19 0 13 8 20 11 12 19 12 1 11 6 5 6 7 9 10 12 17 17 17 7 12 
6 17 4 8 11 8 0 9 5 9 6 7 0 55 9 5 9 10 2 10 14 17 8 1 9 1 14 14 2 17 6 7 20 1 9 6 13 4 12 15 3 7 15 2 20 2 20 3 1 1 6 7 3 7 18 
7 7 18 16 14 14 13 5 20 14 11 16 13 9 38 14 9 4 1 20 15 5 13 9 5 0 8 13 10 2 10 15 15 19 9 3 10 13 10 16 12 0 1 8 12 12 20 11 4 15 11 1 16 0 12 
8 10 5 18 0 2 4 20 6 10 6 18 2 5 14 44 6 17 18 10 5 3 13 15 5 19 6 9 19 14 12 18 19 10 14 2 8 20 5 11 9 5 16 14 20 2 5 9 18 19 14 10 3 4 15 
13 20 9 18 18 17 11 6 7 7 16 11 18 9 9 6 23 7 20 13 10 6 18 9 17 20 8 5 8 0 7 18 0 9 3 16 2 3 9 19 13 2 20 14 11 15 8 14 13 18 11 12 10 0 13 
14 12 11 6 3 11 0 19 6 6 12 9 8 10 4 17 7 100 0 14 17 12 2 3 4 9 10 19 15 20 1 7 9 3 8 8 1 4 6 5 16 4 20 2 9 11 11 0 14 11 3 19 14 11 7 
18 14 8 15 0 3 4 18 12 1 14 12 3 2 1 18 20 0 88 1 6 4 13 13 0 17 13 15 14 7 9 3 16 17 10 7 11 15 18 2 12 9 16 3 7 13 12 13 4 15 0 17 12 1 17 
18 9 9 12 14 10 20 1 20 15 11 0 1 10 20 10 13 14 1 13 15 7 2 11 18 1 15 11 13 19 4 10 17 3 16 5 5 8 18 17 1 12 8 13 12 13 0 1 3 14 15 5 14 9 7 
9 10 13 19 14 11 19 8 3 1 7 1 19 14 15 5 10 17 6 15 40 15 3 2 10 15 0 16 2 2 9 8 20 3 17 16 11 5 3 18 13 7 11 4 3 6 10 15 16 0 6 14 18 3 6 
9 20 20 7 14 9 2 5 11 11 5 0 15 17 5 3 6 12 4 7 15 38 18 15 14 14 5 1 20 4 19 15 1 16 16 10 13 20 16 5 15 11 16 9 10 3 10 12 5 19 1 6 7 5 19 
17 12 19 9 17 3 7 11 8 19 19 3 18 8 13 13 18 2 13 2 3 18 29 10 16 8 0 14 19 8 15 17 14 16 5 6 15 12 10 3 8 15 6 18 16 9 10 0 5 6 12 19 6 1 2 
6 0 8 11 8 3 2 13 16 8 14 13 17 1 9 15 9 3 13 11 2 15 10 7 14 17 16 15 7 0 16 14 3 10 11 9 1 6 10 10 0 18 4 15 16 8 10 3 4 10 2 6 13 10 15 
19 12 16 4 16 9 9 14 2 0 11 3 8 9 5 5 17 4 0 18 10 14 16 14 69 20 8 4 4 19 8 17 15 20 7 0 17 20 5 10 2 2 6 3 10 5 9 9 19 11 10 7 7 5 20 
13 20 15 0 4 1 12 3 17 8 9 2 20 1 0 19 20 9 17 1 15 14 8 17 20 3 12 17 17 19 0 16 8 0 3 5 18 5 12 9 19 15 1 15 7 18 5 12 13 1 2 10 19 12 20 
12 15 10 8 18 4 4 20 2 10 10 2 9 14 8 6 8 10 13 15 0 5 0 16 8 12 91 18 20 7 19 13 20 13 6 4 17 11 15 17 2 18 4 20 3 20 18 7 6 18 8 13 13 12 11 
5 2 1 12 18 1 5 17 4 15 16 7 14 14 13 9 5 19 15 11 16 1 14 15 4 17 18 3 12 2 14 6 3 7 11 12 18 15 3 0 11 14 11 18 19 4 18 3 13 12 3 7 20 4 6 
20 18 7 8 16 11 7 13 14 3 1 11 1 2 10 19 8 15 14 13 2 20 19 7 4 17 20 12 5 8 20 19 20 16 9 13 3 8 17 19 8 4 6 12 4 12 12 3 5 3 19 19 9 3 19 
8 4 6 4 7 16 11 17 2 6 7 12 10 17 2 14 0 20 7 19 2 4 8 0 19 19 7 2 8 10 4 4 4 13 19 5 18 10 9 9 6 18 18 18 7 15 8 13 16 12 18 1 13 6 9 
8 3 14 5 11 19 20 4 6 7 8 6 15 6 10 12 7 1 9 4 9 19 15 16 8 0 19 14 20 4 93 19 11 3 2 18 10 13 20 13 10 8 12 0 4 19 11 10 3 6 18 0 12 5 19 
12 17 10 11 8 10 8 11 20 13 11 14 10 7 15 18 18 7 3 10 8 15 17 14 17 16 13 6 19 4 19 57 4 17 3 9 11 18 3 6 5 18 3 20 16 17 2 14 13 2 10 18 10 6 10 
8 10 18 4 4 15 16 15 11 18 3 17 19 20 15 19 0 9 16 17 20 1 14 3 15 8 20 3 20 4 11 4 72 14 1 20 3 2 13 14 15 3 2 5 18 6 10 13 1 10 10 0 2 0 19 
9 5 1 15 5 6 0 18 1 1 18 0 0 1 19 10 9 3 17 3 3 16 16 10 20 0 13 7 16 13 3 17 14 22 0 9 9 16 11 9 9 4 3 13 7 20 5 16 8 14 13 2 5 1 16 
0 8 2 13 20 4 19 2 4 9 13 0 13 9 9 14 3 8 10 16 17 16 5 11 7 3 6 11 9 19 2 3 1 0 14 19 3 4 19 10 9 12 11 4 9 20 5 14 9 18 2 10 11 7 20 
4 16 12 20 17 20 9 12 5 5 14 16 8 6 3 2 16 8 7 5 16 10 6 9 0 5 4 12 13 5 18 9 20 9 19 65 3 16 8 11 17 3 9 0 16 0 3 11 1 7 5 9 17 9 20 
5 18 9 6 12 11 14 20 13 0 13 8 20 13 10 8 2 1 11 5 11 13 15 1 17 18 17 18 3 18 10 11 3 9 3 3 3 12 9 16 11 20 2 11 10 11 16 13 12 0 20 9 17 3 12 
7 15 14 9 19 12 5 10 14 7 16 7 11 4 13 20 3 4 15 8 5 20 12 6 20 5 11 15 8 10 13 18 2 16 4 16 12 69 20 1 18 12 17 7 12 13 3 15 2 17 17 13 1 10 2 
4 14 5 2 4 17 8 14 17 1 14 7 12 12 10 5 9 6 18 18 3 16 10 10 5 12 15 3 17 9 20 3 13 11 19 8 9 20 58 5 0 0 2 16 8 3 8 1 5 4 13 7 7 14 10 
3 4 16 7 3 11 8 11 5 8 9 15 19 15 16 11 19 5 2 17 18 5 3 10 10 9 17 0 19 9 13 6 14 9 10 11 16 1 5 66 20 15 8 17 17 14 12 13 2 1 5 9 11 17 13 
17 14 14 1 11 5 15 10 19 13 5 14 12 3 12 9 13 16 12 1 13 15 8 0 2 19 2 11 8 6 10 5 15 9 9 17 11 18 0 20 98 3 0 14 9 9 10 6 9 10 8 5 9 15 14 
18 13 8 8 9 18 13 0 13 2 8 20 1 7 0 5 2 4 9 12 7 11 15 18 2 15 18 14 4 18 8 18 3 4 12 3 20 12 0 15 3 71 14 3 16 15 1 5 17 13 20 15 16 19 7 
11 11 3 14 17 16 7 8 14 14 19 15 11 15 1 16 20 20 16 8 11 16 6 4 6 1 4 11 6 18 12 3 2 3 11 9 2 17 2 8 0 14 64 6 0 13 18 13 7 19 10 0 15 1 4 
9 3 17 14 0 6 0 7 2 10 19 14 6 2 8 14 14 2 3 13 4 9 18 15 3 15 20 18 12 18 0 20 5 13 4 0 11 7 16 17 14 3 6 65 15 17 16 10 12 3 14 8 7 8 9 
12 18 19 0 0 5 10 14 7 18 2 19 5 20 12 20 11 9 7 12 3 10 16 16 10 7 3 19 4 7 4 16 18 7 9 16 10 12 8 17 9 16 0 15 44 8 6 8 12 5 9 0 6 2 16 
2 14 17 20 8 13 19 20 15 5 12 18 6 2 12 2 15 11 13 13 6 3 9 8 5 18 20 4 12 15 19 17 6 20 20 0 11 13 3 14 9 15 13 17 8 7 9 2 19 15 0 20 9 11 14 
0 3 10 20 7 11 7 1 5 20 0 4 7 20 20 5 8 11 12 0 10 10 10 10 9 5 18 18 12 8 11 2 10 5 5 3 16 3 8 12 10 1 18 16 6 9 77 10 17 20 9 3 3 0 11 
4 14 12 13 14 1 12 14 4 10 15 16 9 3 11 9 14 0 13 1 15 12 0 3 9 12 7 3 3 13 10 14 13 16 14 11 13 15 1 13 6 5 13 10 8 2 10 5 9 6 1 4 14 5 16 
8 19 20 14 17 7 20 20 11 10 0 5 10 1 4 18 13 14 4 3 16 5 5 4 19 13 6 13 5 16 3 13 1 8 9 1 12 2 5 2 9 17 7 12 12 19 17 9 37 18 0 5 2 13 16 
1 6 18 13 20 20 10 15 1 17 1 20 12 1 15 19 18 11 15 14 0 19 6 10 11 1 18 12 3 12 6 2 10 14 18 7 0 17 4 1 10 13 19 3 5 15 20 6 18 83 17 18 10 3 7 
11 3 20 0 7 10 19 17 20 4 9 2 17 6 11 14 11 3 0 15 6 1 12 2 10 2 8 3 19 18 18 10 10 13 2 5 20 17 13 5 8 20 10 14 9 0 9 1 0 17 89 6 9 11 1 
8 18 9 8 3 0 12 2 10 7 10 3 17 7 1 10 12 19 17 5 14 6 19 6 7 10 13 7 19 1 0 18 0 2 10 9 9 13 7 9 5 15 0 8 0 20 3 4 5 18 6 24 4 12 14 
7 12 17 4 9 4 17 4 4 7 18 5 17 3 16 3 10 14 12 14 18 7 6 13 7 19 13 20 9 13 12 10 2 5 11 17 17 1 7 11 9 16 15 7 6 9 3 14 2 10 9 4 45 5 4 
18 17 1 6 9 15 1 14 17 10 4 8 7 7 0 4 0 11 1 9 3 5 1 10 5 12 12 4 3 6 5 6 0 1 7 9 3 10 14 17 15 19 1 8 2 11 0 5 13 3 11 12 5 24 0 
3 5 17 17 20 11 8 4 16 11 16 1 12 18 12 15 13 7 17 7 6 19 2 15 20 20 11 6 19 9 19 10 19 16 20 20 12 2 10 13 14 7 4 9 16 14 11 16 16 7 1 14 4 0 95 
