21 7
20 36 29 56 25 28 26 20 50 15 31 54 77 51 36 77 44 42 71 73 35 
36 53 16 41 13 49 10 23 41 22 57 20 50 15 31 56 18 47 50 70 42 
29 16 41 31 6 34 12 10 28 13 43 26 48 25 16 50 15 31 44 57 26 
56 41 31 101 38 45 43 36 10 43 54 31 26 37 21 20 23 27 15 31 29 
25 13 6 38 31 36 6 10 35 10 44 28 54 26 22 56 20 37 50 63 31 
28 49 34 45 36 63 41 25 35 29 10 59 71 59 26 64 46 20 61 50 15 
26 10 12 43 6 41 73 16 41 13 49 29 56 25 28 61 23 43 54 69 37 
20 23 10 36 10 25 16 58 31 6 34 36 57 35 17 56 25 28 51 57 22 
50 41 28 10 35 35 41 31 113 38 45 37 36 41 14 29 25 17 25 28 19 
15 22 13 43 10 29 13 6 38 50 36 38 62 36 23 62 29 35 56 64 28 
31 57 43 54 44 10 49 34 45 36 57 68 80 69 36 74 56 29 70 56 25 
54 20 26 31 28 59 29 36 37 38 68 32 31 6 34 41 13 49 34 63 47 
77 50 48 26 54 71 56 57 36 62 80 31 82 38 45 16 33 53 13 49 55 
51 15 25 37 26 59 25 35 41 36 69 6 38 26 36 48 16 52 41 68 49 
36 31 16 21 22 26 28 17 14 23 36 34 45 36 99 41 21 16 36 41 13 
77 56 50 20 56 64 61 56 29 62 74 41 16 48 41 63 38 45 6 34 49 
44 18 15 23 20 46 23 25 25 29 56 13 33 16 21 38 13 36 31 53 34 
42 47 31 27 37 20 43 28 17 35 29 49 53 52 16 45 36 68 42 31 6 
71 50 44 15 50 61 54 51 25 56 70 34 13 41 36 6 31 42 76 36 45 
73 70 57 31 63 50 69 57 28 64 56 63 49 68 41 34 53 31 36 90 38 
35 42 26 29 31 15 37 22 19 28 25 47 55 49 13 49 34 6 45 38 73 
