45 10
100 18 26 46 32 18 32 45 20 32 26 24 21 41 31 9 33 8 27 6 23 24 16 15 21 19 26 11 19 18 25 8 44 46 15 25 11 25 19 14 8 31 33 12 12 
18 65 14 29 19 19 17 27 13 50 44 32 39 59 45 23 51 26 24 21 41 31 9 33 9 25 40 18 5 32 8 16 37 30 12 38 12 10 29 31 16 47 22 25 7 
26 14 52 34 6 15 27 24 7 59 50 46 44 64 57 35 57 32 38 27 46 45 24 40 24 21 41 31 9 33 20 28 50 38 26 37 25 5 28 41 20 48 35 37 14 
46 29 34 48 33 46 15 15 38 75 72 50 68 88 66 49 79 54 32 50 70 48 31 61 26 53 70 41 31 61 21 41 31 9 33 67 37 29 58 57 45 76 21 49 37 
32 19 6 33 43 20 30 21 12 65 56 51 50 70 63 41 63 38 43 32 52 51 29 45 28 26 46 37 14 38 24 34 53 39 32 41 31 9 33 47 25 53 38 43 20 
18 19 15 46 20 83 36 39 8 47 36 41 30 50 49 27 43 21 40 15 32 42 25 27 28 6 26 27 15 17 28 24 55 49 27 21 23 18 13 31 9 33 41 30 12 
32 17 27 15 30 36 63 22 29 60 57 34 53 72 50 33 64 40 18 36 55 32 15 46 10 42 57 26 21 48 8 26 24 14 17 54 21 22 46 41 32 62 9 33 24 
45 27 24 15 21 39 22 18 30 77 71 55 66 86 70 50 78 52 40 47 68 54 32 60 29 45 65 44 26 56 23 42 44 24 35 61 38 21 52 58 41 72 31 51 33 
20 13 7 38 12 8 29 30 66 52 43 41 37 57 51 29 50 25 36 19 39 41 21 32 23 15 34 26 8 26 21 23 50 42 24 30 21 9 21 35 13 41 35 31 9 
32 50 59 75 65 47 60 77 52 36 14 29 19 19 17 27 13 26 46 32 18 32 45 20 50 45 32 34 52 34 55 34 61 72 42 37 39 58 39 19 39 30 57 26 45 
26 44 50 72 56 36 57 71 43 14 53 34 6 15 27 24 7 18 47 23 3 36 41 11 46 32 18 32 45 20 51 31 64 70 40 23 35 50 26 17 30 15 56 26 37 
24 32 46 50 51 41 34 55 41 29 34 93 33 46 15 15 38 26 18 29 34 2 23 27 26 43 44 14 37 39 32 18 32 45 20 46 20 42 42 17 32 46 29 12 32 
21 39 44 68 50 30 53 66 37 19 6 33 65 20 30 21 12 13 45 18 2 35 37 7 42 26 13 29 40 14 46 27 62 67 36 18 32 45 20 16 24 13 53 24 32 
41 59 64 88 70 50 72 86 57 19 15 46 20 36 36 39 8 33 62 38 18 49 57 26 62 45 26 47 60 32 66 46 78 86 55 32 51 65 38 32 45 20 71 40 53 
31 45 57 66 63 49 50 70 51 17 27 15 30 36 64 22 29 29 34 34 29 18 37 26 41 49 43 26 49 41 47 29 46 61 34 47 32 55 45 18 40 42 45 20 43 
9 23 35 49 41 27 33 50 29 27 24 15 21 39 22 90 30 11 23 14 23 16 18 14 23 28 30 7 26 24 28 7 40 46 16 31 12 32 27 8 18 34 32 3 20 
33 51 57 79 63 43 64 78 50 13 7 38 12 8 29 30 41 25 53 30 10 40 48 18 53 39 22 38 52 26 58 38 69 77 46 28 42 57 32 23 37 18 62 32 45 
8 26 32 54 38 21 40 52 25 26 18 26 13 33 29 11 25 29 34 6 15 27 24 7 29 19 19 17 27 13 33 15 51 53 23 20 18 32 16 11 12 23 40 14 19 
27 24 38 32 43 40 18 40 36 46 47 18 45 62 34 23 53 34 58 33 46 15 15 38 14 44 53 17 29 46 19 19 17 27 13 53 17 33 46 30 33 57 11 21 28 
6 21 27 50 32 15 36 47 19 32 23 29 18 38 34 14 30 6 33 39 20 30 21 12 26 14 20 17 21 12 29 14 50 50 21 19 17 27 13 16 6 25 38 17 14 
23 41 46 70 52 32 55 68 39 18 3 34 2 18 29 23 10 15 46 20 38 36 39 8 44 29 14 30 42 16 48 29 63 69 38 19 33 47 22 17 27 13 55 25 34 
24 31 45 48 51 42 32 54 41 32 36 2 35 49 18 16 40 27 15 30 36 34 22 29 25 44 46 14 36 40 31 18 29 42 19 47 19 42 43 19 33 48 27 13 32 
16 9 24 31 29 25 15 32 21 45 41 23 37 57 37 18 48 24 15 21 39 22 54 30 5 30 42 11 14 34 10 10 30 29 3 40 6 19 33 26 19 47 17 18 13 
15 33 40 61 45 27 46 60 32 20 11 27 7 26 26 14 18 7 38 12 8 29 30 26 35 24 17 21 34 14 40 20 55 60 29 20 25 39 19 10 19 19 46 17 27 
21 9 24 26 28 28 10 29 23 50 46 26 42 62 41 23 53 29 14 26 44 25 5 35 68 33 46 15 15 38 6 15 27 24 7 45 11 19 37 31 23 52 13 23 16 
19 25 21 53 26 6 42 45 15 45 32 43 26 45 49 28 39 19 44 14 29 44 30 24 33 12 20 30 21 12 34 26 60 55 31 15 27 24 7 30 11 27 46 31 17 
26 40 41 70 46 26 57 65 34 32 18 44 13 26 43 30 22 19 53 20 14 46 42 17 46 20 31 36 39 8 49 34 70 71 42 6 37 43 13 27 24 7 59 33 33 
11 18 31 41 37 27 26 44 26 34 32 14 29 47 26 7 38 17 17 17 30 14 11 21 15 30 36 55 22 29 21 3 34 39 8 36 6 28 30 15 18 40 24 7 17 
19 5 9 31 14 15 21 26 8 52 45 37 40 60 49 26 52 27 29 21 42 36 14 34 15 21 39 22 49 30 13 19 42 34 17 36 16 6 27 33 15 46 27 28 7 
18 32 33 61 38 17 48 56 26 34 20 39 14 32 41 24 26 13 46 12 16 40 34 14 38 12 8 29 30 14 40 26 62 62 34 7 29 35 6 23 15 15 51 27 24 
25 8 20 21 24 28 8 23 21 55 51 32 46 66 47 28 58 33 19 29 48 31 10 40 6 34 49 21 13 40 67 20 30 21 12 46 15 15 38 36 25 55 14 28 16 
8 16 28 41 34 24 26 42 23 34 31 18 27 46 29 7 38 15 19 14 29 18 10 20 15 26 34 3 19 26 20 93 36 39 8 33 4 25 27 15 15 38 25 8 14 
44 37 50 31 53 55 24 44 50 61 64 32 62 78 46 40 69 51 17 50 63 29 30 55 27 60 70 34 42 62 30 36 31 22 29 70 33 45 63 46 49 74 15 38 43 
46 30 38 9 39 49 14 24 42 72 70 45 67 86 61 46 77 53 27 50 69 42 29 60 24 55 71 39 34 62 21 39 22 30 30 68 35 33 60 54 46 76 15 46 38 
15 12 26 33 32 27 17 35 24 42 40 20 36 55 34 16 46 23 13 21 38 19 3 29 7 31 42 8 17 34 12 8 29 30 77 41 4 22 33 24 20 46 17 15 15 
25 38 37 67 41 21 54 61 30 37 23 46 18 32 47 31 28 20 53 19 19 47 40 20 45 15 6 36 36 7 46 33 70 68 41 40 36 39 8 30 21 12 57 34 30 
11 12 25 37 31 23 21 38 21 39 35 20 32 51 32 12 42 18 17 17 33 19 6 25 11 27 37 6 16 29 15 4 33 35 4 36 60 22 29 20 16 42 21 12 12 
25 10 5 29 9 18 22 21 9 58 50 42 45 65 55 32 57 32 33 27 47 42 19 39 19 24 43 28 6 35 15 25 45 33 22 39 22 43 30 39 20 50 30 34 12 
19 29 28 58 33 13 46 52 21 39 26 42 20 38 45 27 32 16 46 13 22 43 33 19 37 7 13 30 27 6 38 27 63 60 33 8 29 30 25 27 13 20 50 30 21 
14 31 41 57 47 31 41 58 35 19 17 17 16 32 18 8 23 11 30 16 17 19 26 10 31 30 27 15 33 23 36 15 46 54 24 30 20 39 27 72 22 29 39 8 27 
8 16 20 45 25 9 32 41 13 39 30 32 24 45 40 18 37 12 33 6 27 33 19 19 23 11 24 18 15 15 25 15 49 46 20 21 16 20 13 22 79 30 36 20 8 
31 47 48 76 53 33 62 72 41 30 15 46 13 20 42 34 18 23 57 25 13 48 47 19 52 27 7 40 46 15 55 38 74 76 46 12 42 50 20 29 30 17 64 36 39 
33 22 35 21 38 41 9 31 35 57 56 29 53 71 45 32 62 40 11 38 55 27 17 46 13 46 59 24 27 51 14 25 15 15 17 57 21 30 50 39 36 64 45 30 29 
12 25 37 49 43 30 33 51 31 26 26 12 24 40 20 3 32 14 21 17 25 13 18 17 23 31 33 7 28 27 28 8 38 46 15 34 12 34 30 8 20 36 30 58 22 
12 7 14 37 20 12 24 33 9 45 37 32 32 53 43 20 45 19 28 14 34 32 13 27 16 17 33 17 7 24 16 14 43 38 15 30 12 12 21 27 8 39 29 22 61 
