136 17
61 28 16 27 27 31 10 20 22 1 29 31 37 43 36 25 25 28 26 3 17 26 25 8 31 14 36 26 13 6 24 37 3 26 40 31 38 23 27 37 52 50 36 31 3 10 15 31 30 34 14 30 28 47 41 23 18 9 25 14 15 5 24 25 14 9 13 38 32 41 28 9 19 18 4 26 31 35 40 33 23 25 34 24 18 37 47 48 42 36 12 29 8 28 22 42 35 19 13 13 16 26 31 48 43 28 23 3 9 21 29 31 35 28 21 15 38 27 11 4 24 44 45 40 34 12 56 36 33 12 46 41 13 49 36 30 
28 51 12 44 24 11 17 7 23 27 12 11 10 35 30 41 30 42 54 30 21 44 36 34 53 23 39 21 24 26 52 28 26 3 17 26 25 8 31 14 36 26 13 6 24 38 15 17 36 31 20 43 17 39 24 9 9 36 44 27 43 33 45 53 30 25 18 47 45 65 8 19 10 22 30 9 13 7 33 28 41 16 14 6 22 9 27 21 23 17 25 30 24 45 16 37 20 15 15 41 15 37 13 36 23 10 6 31 34 8 18 3 30 26 43 24 40 23 23 25 52 25 18 24 17 28 36 8 7 25 22 15 16 41 44 42 
16 12 57 38 25 20 6 5 22 16 19 15 23 41 34 35 21 30 42 18 10 32 25 21 41 11 31 15 18 16 40 25 15 10 24 21 25 6 22 21 38 33 24 17 13 26 3 17 26 25 8 31 14 36 26 13 6 24 37 21 32 22 37 42 24 12 12 45 41 56 17 7 2 19 17 16 15 20 38 31 35 11 18 11 11 21 31 32 33 26 18 22 11 33 9 32 20 14 9 30 3 26 15 35 27 18 11 20 22 10 15 15 33 27 35 12 33 16 16 15 40 28 29 32 25 21 41 20 16 12 34 27 9 47 42 39 
27 44 38 52 24 39 32 39 22 29 36 52 49 33 28 2 53 55 30 29 43 52 52 33 54 41 64 52 20 23 31 63 25 44 60 58 63 44 55 57 77 70 44 43 28 28 39 55 58 61 41 57 53 74 64 35 36 30 3 17 26 25 8 31 14 36 26 13 6 24 39 34 39 21 31 36 53 48 30 26 5 49 56 38 45 52 69 65 43 40 19 56 36 53 47 69 59 28 30 28 40 54 53 73 65 37 37 27 34 35 54 47 26 23 9 43 66 54 21 24 33 67 62 40 37 17 79 50 51 39 51 49 29 37 12 5 
27 24 25 24 6 16 23 22 5 28 13 35 26 16 9 22 46 53 47 30 35 53 49 36 59 35 57 41 14 21 46 50 24 25 41 46 48 28 48 38 60 50 20 21 25 35 28 40 52 51 33 55 38 61 48 15 20 36 26 15 38 30 29 47 17 32 15 24 23 48 17 26 25 8 31 14 36 26 13 6 24 36 38 18 37 30 51 42 19 16 15 48 31 54 34 58 43 11 17 38 29 50 36 59 47 15 18 30 37 16 39 27 8 2 28 36 58 42 15 22 47 49 40 16 13 17 60 28 31 34 27 25 17 22 21 21 
31 11 20 39 16 34 22 14 17 32 3 21 9 25 20 37 40 51 56 34 30 52 45 39 60 31 49 32 23 27 55 39 28 14 25 37 36 18 42 23 47 34 4 5 28 41 23 28 46 42 29 52 28 50 34 8 14 40 40 26 46 36 43 56 29 32 18 40 40 63 3 25 18 19 35 5 24 10 23 19 38 26 25 8 31 14 36 26 13 6 24 41 31 53 26 48 31 12 17 45 23 46 24 47 32 2 9 35 40 10 29 12 20 18 41 32 51 33 23 27 55 35 23 13 6 27 45 12 16 32 14 10 17 30 38 37 
10 17 6 32 23 22 53 10 19 10 20 21 27 39 32 30 23 30 36 12 12 30 25 17 38 11 34 19 13 10 34 30 9 15 30 25 30 12 24 27 44 40 27 21 7 20 6 23 28 29 9 31 20 41 32 14 8 19 31 16 26 16 31 36 18 9 8 40 36 50 19 3 8 16 12 17 21 24 36 29 29 17 24 14 13 26 38 38 34 28 13 25 8 31 14 36 26 13 6 24 7 27 21 41 34 20 14 14 17 12 21 20 31 25 28 13 35 21 11 9 34 35 35 33 26 15 47 25 22 10 37 31 6 45 38 33 
20 7 5 39 22 14 10 50 20 20 14 13 17 37 30 36 25 36 46 22 15 38 30 27 46 17 35 18 19 19 45 27 19 5 21 24 25 5 27 18 38 31 18 12 17 30 8 17 31 28 14 37 15 38 26 8 3 29 38 22 36 26 39 46 25 18 12 44 41 59 11 12 3 18 22 11 14 14 34 28 36 13 17 6 17 16 30 28 28 21 19 26 17 38 12 35 20 12 9 34 8 31 14 36 26 13 6 24 27 6 16 10 30 24 37 18 37 20 17 18 44 27 25 27 20 22 40 15 12 18 28 22 10 43 41 38 
22 23 22 22 5 17 19 20 17 23 14 33 27 21 14 19 42 49 42 25 31 48 44 30 54 30 53 37 9 16 41 47 18 24 40 43 46 25 43 37 58 49 22 21 19 30 24 37 47 47 28 50 35 58 46 13 17 30 23 10 32 24 26 42 12 27 10 24 22 45 17 22 22 3 26 14 34 26 18 11 21 33 36 17 32 30 50 43 23 19 10 44 26 49 31 54 41 8 13 32 25 46 34 57 45 15 16 25 31 14 36 26 13 6 24 32 54 39 10 17 42 47 40 20 16 12 59 28 30 29 30 27 12 27 21 20 
1 27 16 29 28 32 10 20 23 63 29 31 37 45 38 26 24 27 26 2 15 25 23 7 30 13 35 25 14 7 24 36 4 25 40 30 37 22 25 37 51 49 36 31 3 10 14 30 28 32 13 28 27 46 40 23 18 8 27 15 16 6 25 26 16 7 14 39 34 42 29 8 18 19 3 26 30 35 41 34 24 24 33 24 17 37 46 48 43 36 13 27 7 26 21 40 34 20 14 14 15 25 30 46 42 29 23 4 8 21 28 31 36 29 22 14 36 26 13 6 24 43 45 41 35 14 55 36 32 10 46 41 14 51 37 31 
29 12 19 36 13 3 20 14 14 29 29 23 12 23 18 34 40 50 53 32 30 51 45 37 59 30 49 32 20 25 52 40 26 14 27 38 37 19 41 25 48 36 7 7 26 39 22 29 45 42 28 51 28 51 36 6 13 38 37 23 43 33 40 53 26 30 16 38 37 60 3 24 17 16 32 3 25 12 21 16 35 27 26 8 31 17 38 29 13 7 21 41 29 52 26 48 32 10 15 42 22 46 25 48 34 1 8 33 38 8 29 14 18 15 38 31 51 34 20 25 52 36 26 13 6 24 47 14 18 31 17 13 15 29 35 34 
31 11 15 52 35 21 21 13 33 31 23 73 17 46 41 50 24 37 57 33 19 41 31 36 51 22 30 14 32 31 55 18 31 9 9 17 14 9 25 6 25 18 23 16 28 41 16 7 29 22 19 37 8 28 13 19 16 39 52 35 47 37 53 57 38 26 26 58 55 72 19 22 13 32 32 21 3 14 44 39 49 9 3 16 19 12 17 18 34 27 33 23 25 41 11 26 9 25 22 45 15 32 2 25 12 21 16 35 35 18 8 9 41 37 50 22 31 15 31 30 55 14 15 34 28 36 26 13 6 24 30 23 23 52 55 52 
37 10 23 49 26 9 27 17 27 37 12 17 53 33 29 46 40 52 63 39 32 54 46 44 63 34 48 30 31 34 61 35 35 13 18 34 31 18 41 17 40 25 7 6 33 47 26 24 45 39 31 53 25 45 28 15 18 46 50 34 52 42 52 63 37 35 26 50 49 72 10 29 20 27 40 13 20 3 31 28 47 25 20 13 32 6 29 17 17 12 32 40 34 55 26 44 26 21 24 51 25 47 20 41 25 11 13 41 44 16 25 8 30 28 50 34 49 31 31 34 61 28 14 19 14 35 36 4 11 35 13 6 24 37 47 47 
43 35 41 33 16 25 39 37 21 45 23 46 33 26 6 32 62 70 61 47 51 69 65 52 75 51 72 55 30 37 61 64 40 38 50 61 61 42 63 49 72 58 25 30 41 51 44 53 67 65 48 71 52 75 59 28 35 52 36 31 53 45 41 61 32 49 31 26 29 57 27 42 40 25 48 26 49 34 3 10 35 50 50 31 52 38 61 49 17 20 31 63 48 71 49 72 56 26 33 53 44 66 49 72 57 25 31 46 53 30 53 37 8 15 40 52 74 57 31 38 61 60 47 14 18 32 69 36 41 50 26 29 33 6 24 28 
36 30 34 28 9 20 32 30 14 38 18 41 29 6 12 27 55 63 54 40 44 62 58 45 68 44 66 49 23 30 54 58 33 32 46 55 55 36 57 44 67 54 22 25 34 44 37 47 61 59 42 64 46 69 54 22 28 45 31 24 46 39 35 55 25 42 24 23 26 53 22 36 33 18 41 20 43 30 3 3 30 44 45 25 46 34 57 46 16 17 24 57 41 64 43 66 50 20 26 47 38 60 43 66 53 20 25 39 46 24 47 32 2 8 34 45 67 50 25 31 55 55 43 13 14 26 65 32 36 43 25 26 26 13 21 24 
25 41 35 2 22 37 30 36 19 26 34 50 46 32 27 48 50 52 30 27 41 49 50 30 52 39 61 49 17 20 30 60 23 41 57 55 60 41 52 55 74 67 41 40 25 26 36 52 55 58 38 54 50 71 62 32 33 28 3 14 25 22 8 31 11 34 23 14 8 26 36 31 37 18 28 33 50 46 29 25 3 47 53 35 42 49 67 62 41 38 17 53 33 51 44 66 56 26 27 26 37 51 50 71 62 35 34 25 32 32 51 44 25 21 8 40 63 51 18 22 31 64 59 38 35 14 76 48 48 36 49 47 26 37 13 6 
25 30 21 53 46 40 23 25 42 24 40 24 40 62 55 50 56 12 44 24 11 17 7 23 27 12 11 10 35 30 41 16 27 27 31 10 20 22 1 29 31 37 43 36 25 29 18 18 5 10 13 13 16 23 25 34 27 26 51 38 35 29 49 42 39 16 31 63 58 65 37 20 22 39 22 37 21 37 59 52 48 15 24 32 9 36 31 41 53 46 35 3 17 17 14 17 19 35 29 32 17 7 22 25 30 39 32 26 21 32 16 31 54 48 46 10 12 9 34 28 40 28 39 53 46 37 39 36 30 13 53 46 29 68 60 55 
28 42 30 55 53 51 30 36 49 27 50 37 52 70 63 52 12 33 38 25 20 6 5 22 16 19 15 23 41 34 35 28 31 38 44 22 32 33 12 42 42 50 54 47 29 27 27 31 10 20 22 1 29 31 37 43 36 25 52 42 32 30 49 37 43 21 38 66 60 62 47 27 32 45 24 46 34 48 66 60 50 27 37 42 19 48 43 54 64 57 40 15 22 5 26 25 32 43 36 29 27 5 35 35 42 49 42 27 20 41 29 43 61 55 47 18 16 22 39 33 34 41 52 63 56 41 51 48 42 19 64 57 37 76 64 58 
26 54 42 30 47 56 36 46 42 26 53 57 63 61 54 30 44 38 55 24 39 32 39 22 29 36 52 49 33 28 2 59 28 52 66 53 62 49 45 63 75 75 61 56 29 16 41 56 46 54 38 39 53 67 65 48 44 18 27 31 10 20 22 1 29 31 37 43 36 25 53 35 45 39 25 51 56 61 58 51 26 50 59 49 40 63 71 74 65 59 32 47 32 34 47 61 59 43 39 12 42 40 56 69 68 53 49 22 22 47 53 57 52 46 21 37 54 50 33 28 4 68 71 62 57 30 81 62 59 34 70 66 38 66 42 36 
3 30 18 29 30 34 12 22 25 2 32 33 39 47 40 27 24 25 24 55 16 23 22 5 28 13 35 26 16 9 22 37 6 28 42 31 38 24 25 39 52 50 39 33 6 8 16 32 28 33 14 27 29 46 41 26 21 6 27 17 14 5 25 24 17 8 16 41 35 41 31 10 20 22 1 29 31 37 43 36 25 25 35 26 17 39 47 50 45 39 15 27 8 25 22 41 35 22 16 12 17 24 32 47 44 31 26 2 6 24 30 33 38 31 22 15 36 27 15 8 22 44 47 43 37 15 57 38 34 11 49 43 16 53 38 32 
17 21 10 43 35 30 12 15 31 15 30 19 32 51 44 41 11 20 39 16 63 22 14 17 32 3 21 9 25 20 37 20 18 18 28 14 22 13 12 25 35 36 34 27 15 23 7 16 16 17 2 21 13 30 25 23 16 21 42 27 30 21 41 39 29 8 20 52 48 58 27 9 12 28 15 26 17 29 48 41 39 10 20 22 1 29 31 37 43 36 25 13 8 23 7 25 19 24 18 27 7 16 17 31 29 28 21 19 17 21 14 23 43 37 38 2 23 10 23 19 36 28 34 43 36 26 41 29 23 5 44 37 18 57 50 45 
26 44 32 52 53 52 30 38 48 25 51 41 54 69 62 49 17 6 32 23 22 21 10 19 10 20 21 27 39 32 30 33 29 41 48 28 38 36 17 46 48 55 56 50 28 23 29 36 16 26 23 7 33 38 42 44 38 21 49 40 27 27 45 31 41 21 38 64 57 57 49 27 34 44 22 48 38 51 66 59 47 31 41 44 22 51 49 58 65 58 39 20 22 1 29 31 37 43 36 25 29 10 38 41 47 50 43 25 17 42 33 46 61 54 43 20 22 27 38 31 28 46 56 64 57 39 56 51 45 20 66 60 37 76 62 55 
25 36 25 52 49 45 25 30 44 23 45 31 46 65 58 50 7 5 39 22 14 10 41 20 20 14 13 17 37 30 36 23 27 33 38 17 28 27 7 36 38 44 49 42 25 26 22 26 7 16 16 6 23 28 32 38 31 23 50 38 31 27 47 38 39 17 34 63 58 61 42 22 27 41 21 41 28 43 62 55 48 22 31 37 13 43 38 49 58 51 36 10 18 10 20 22 27 38 31 29 22 1 29 31 37 43 36 25 18 36 23 37 57 50 45 13 14 17 35 29 35 36 46 58 51 37 46 43 36 15 59 52 32 71 61 55 
8 34 21 33 36 39 17 27 30 7 37 36 44 52 45 30 23 22 22 5 17 19 20 44 23 14 33 27 21 14 19 37 12 32 45 31 40 28 24 42 53 53 44 38 11 6 19 34 26 32 16 23 31 46 43 31 25 3 30 22 12 8 27 21 22 10 22 45 38 42 36 14 24 27 4 34 34 41 49 42 28 28 38 31 18 43 49 53 50 44 20 26 10 20 25 40 37 28 21 9 20 21 35 47 46 37 31 6 1 29 31 37 43 36 25 15 34 28 20 13 19 46 50 49 42 20 58 42 38 12 54 48 21 58 43 36 
31 53 41 54 59 60 38 46 54 30 59 51 63 75 68 52 27 16 29 28 32 10 20 23 3 29 31 37 45 38 26 43 35 50 58 38 48 45 28 56 58 65 65 58 34 25 37 46 26 36 32 16 43 47 52 52 46 24 51 45 27 30 46 27 44 28 44 66 60 54 57 35 43 50 27 56 48 60 72 65 49 41 51 52 31 61 59 68 73 66 44 30 29 10 39 41 47 50 44 25 38 20 48 51 57 58 52 29 22 50 43 55 67 60 44 29 31 37 43 36 25 56 66 71 65 43 67 61 55 28 75 68 44 81 64 58 
14 23 11 41 35 31 11 17 30 13 30 22 34 51 44 39 12 19 36 13 3 20 14 14 29 58 23 12 23 18 34 23 15 20 30 17 25 15 13 28 38 39 35 29 13 20 8 19 17 19 2 20 16 33 28 24 17 18 40 26 27 19 38 36 27 5 20 51 46 55 28 8 13 27 12 27 20 30 47 41 37 13 23 23 4 31 34 40 44 37 23 14 5 21 10 27 22 24 17 24 8 15 20 33 32 29 22 16 14 22 17 25 43 36 35 1 24 13 22 17 33 31 37 43 36 25 44 31 25 2 45 39 18 57 48 43 
36 39 31 64 57 49 34 35 53 35 49 30 48 72 66 61 11 15 52 35 21 21 13 33 31 23 63 17 46 41 50 15 38 36 35 13 21 30 9 34 28 38 52 45 36 39 28 23 6 8 24 14 22 16 26 44 37 36 62 49 45 40 60 51 50 27 42 74 69 75 46 31 32 50 33 46 27 44 69 63 59 23 29 41 20 43 31 45 62 56 46 9 28 20 23 10 23 46 39 42 28 12 28 20 31 48 41 37 31 42 22 39 65 58 57 21 1 16 45 40 48 29 44 62 56 48 37 43 36 25 61 54 40 78 71 66 
26 21 15 52 41 32 19 18 37 25 32 14 30 55 49 49 10 23 49 26 9 27 17 27 37 12 17 74 33 29 46 11 27 18 21 6 12 13 10 19 26 28 34 28 24 33 13 8 14 10 11 23 6 21 16 27 20 30 51 35 39 31 50 48 38 17 27 60 56 67 29 18 15 35 25 29 11 27 52 46 48 5 14 24 8 26 23 31 45 38 33 9 17 27 6 17 10 29 24 37 12 17 12 21 20 31 24 28 26 25 6 22 48 42 47 11 18 1 31 27 45 20 29 45 38 35 31 26 20 15 43 36 25 61 57 53 
13 24 18 20 14 23 13 19 9 14 20 32 31 30 23 17 35 41 33 16 25 39 37 21 45 23 46 33 87 6 32 44 9 24 40 39 43 23 37 37 56 50 28 25 11 20 19 35 41 42 22 42 32 54 44 16 15 21 19 3 24 15 21 33 6 20 6 27 23 40 21 15 19 6 17 18 33 30 27 20 17 29 35 18 26 33 49 45 31 26 1 38 19 41 27 50 38 10 9 23 20 38 33 54 45 20 18 15 22 15 33 28 22 15 18 25 48 34 1 8 33 46 42 29 23 4 59 31 31 22 37 33 9 36 25 20 
6 26 16 23 21 27 10 19 16 7 25 31 34 37 30 20 30 34 28 9 20 32 30 14 38 18 41 29 6 73 27 40 3 24 40 35 41 22 32 37 54 50 32 28 5 14 16 33 35 38 17 36 30 51 42 19 16 14 21 8 18 8 21 28 9 14 8 32 27 40 25 10 18 12 10 22 31 32 34 27 19 27 34 21 22 35 48 47 37 31 6 33 13 34 24 45 36 15 10 17 17 32 31 50 44 24 20 9 15 18 31 29 29 22 18 20 43 30 5 1 27 45 44 35 29 6 57 34 31 16 42 37 10 43 30 25 
24 52 40 31 46 55 34 45 41 24 52 55 61 61 54 30 41 35 2 22 37 30 36 19 26 34 50 46 32 27 50 57 26 50 64 50 59 47 42 61 72 73 59 55 28 14 39 54 43 51 36 37 50 64 63 47 43 16 28 31 9 19 23 1 29 29 36 44 37 27 52 33 43 38 23 50 54 59 57 51 27 47 57 48 38 61 69 72 64 59 31 45 30 31 44 58 56 42 37 10 40 37 54 66 66 52 47 20 20 45 51 55 52 46 22 35 51 47 32 27 1 66 69 62 56 29 78 60 57 31 69 65 37 66 43 36 
37 28 25 63 50 39 30 27 47 36 40 18 35 64 58 60 16 28 59 37 20 33 23 37 43 23 15 11 44 40 57 25 38 25 20 6 5 22 16 19 15 23 41 34 35 44 24 11 17 7 23 27 12 11 10 35 30 41 62 47 50 42 61 58 49 28 38 71 67 79 36 29 25 45 36 37 15 32 61 55 59 14 15 32 19 29 16 30 52 45 44 13 29 33 16 8 8 39 34 47 23 23 15 10 15 38 32 39 36 34 10 27 57 52 58 22 16 10 42 39 56 13 28 52 46 46 23 30 24 26 48 41 35 69 68 64 
3 26 15 25 24 28 9 19 18 4 26 31 35 40 33 23 27 31 28 6 18 29 27 12 35 15 38 27 9 3 26 38 88 24 39 32 39 22 29 36 52 49 33 28 2 12 15 31 32 35 15 33 28 48 41 20 16 12 24 11 17 7 23 27 12 11 10 35 30 41 26 9 17 15 7 23 30 33 37 30 21 25 33 21 19 35 47 47 39 33 9 30 10 31 22 43 35 16 11 16 16 29 30 48 43 26 21 6 13 19 29 29 31 24 20 17 40 28 8 1 26 44 44 37 31 9 56 34 31 13 43 38 10 46 33 27 
26 3 10 44 25 14 15 5 24 25 14 9 13 38 32 41 27 38 52 28 18 41 33 32 50 20 36 18 24 24 50 25 24 48 16 23 22 5 28 13 35 26 16 9 22 36 12 14 32 28 17 39 14 36 22 10 8 34 44 27 41 31 45 51 30 22 17 48 46 64 11 17 7 23 27 12 11 10 35 30 41 12 12 7 19 11 26 22 26 20 24 27 21 42 13 34 18 15 14 39 12 34 10 34 21 13 7 29 32 9 15 5 32 27 42 21 37 19 23 24 50 23 19 27 20 27 35 10 7 22 25 19 15 43 45 43 
40 17 24 60 41 25 30 21 40 40 27 9 18 50 46 57 31 44 66 42 28 48 38 45 58 30 35 21 40 40 64 20 39 16 22 22 14 17 32 3 21 9 25 20 37 50 25 12 35 26 28 44 15 28 11 26 24 48 60 44 56 46 61 66 46 35 34 64 62 80 24 31 22 39 41 26 10 15 48 44 57 17 7 23 27 12 11 10 35 30 41 29 34 48 20 28 12 32 31 54 24 39 10 24 7 26 23 44 44 25 15 13 46 43 58 30 36 21 39 39 64 10 8 37 32 44 19 13 9 33 30 23 31 55 61 59 
31 26 21 58 46 37 25 24 43 30 38 17 34 61 55 55 10 22 53 31 14 28 17 31 38 17 13 6 39 35 50 6 32 23 22 35 10 19 10 20 21 27 39 32 30 37 19 10 12 4 17 22 9 16 14 32 26 35 57 41 44 36 55 52 44 22 33 66 62 72 34 24 21 41 29 35 14 31 58 52 54 11 16 30 13 29 21 32 50 43 39 7 23 27 12 11 10 35 30 41 18 17 14 16 19 36 30 33 30 30 9 26 54 48 53 16 14 4 37 33 49 18 31 50 44 41 29 30 23 20 48 41 31 67 63 59 
38 25 25 63 48 36 30 25 46 37 37 14 31 61 55 60 20 32 62 38 22 38 28 40 48 25 21 12 43 41 59 5 39 22 14 10 14 20 20 14 13 17 37 30 36 46 24 8 22 12 24 32 10 14 4 33 28 43 62 46 52 44 62 61 49 30 37 70 66 80 33 30 24 44 37 34 11 28 58 53 59 13 11 30 21 25 10 24 48 41 43 17 30 38 16 13 4 37 34 49 23 27 12 11 10 35 30 41 39 31 9 23 55 50 59 24 21 12 42 39 58 8 23 48 42 46 19 26 20 28 43 37 34 66 67 64 
23 8 6 44 28 18 12 5 25 22 19 9 18 42 36 41 22 33 49 24 13 36 27 28 45 15 30 13 23 22 47 22 22 5 17 19 20 46 23 14 33 27 21 14 19 32 8 11 27 23 12 34 10 33 20 13 8 30 43 27 38 28 44 48 29 18 17 50 47 63 15 14 4 24 24 16 9 15 39 33 40 8 12 11 14 16 25 25 32 25 24 22 17 36 7 29 15 17 14 36 7 28 9 31 21 17 11 26 27 12 11 10 35 30 41 16 32 15 22 21 46 22 22 31 25 27 35 15 10 17 31 24 14 48 47 44 
27 31 22 55 48 42 24 27 43 25 41 25 41 63 57 52 1 12 45 25 12 17 7 24 28 13 9 10 37 32 42 16 29 28 32 10 20 23 55 29 31 37 45 38 26 30 19 19 4 9 15 12 17 22 25 35 28 28 53 39 36 30 51 44 41 18 33 64 59 66 38 22 24 40 24 38 22 38 60 54 50 16 24 33 11 37 31 42 55 48 37 3 18 17 15 16 20 37 30 34 19 7 22 24 30 40 33 28 23 33 17 32 56 49 48 12 11 10 35 30 41 28 40 54 47 38 39 37 31 15 54 47 31 69 62 57 
37 14 21 57 38 23 27 18 37 37 25 6 17 49 44 55 29 42 63 39 25 46 36 42 56 28 34 19 37 37 61 19 36 13 3 20 14 14 29 24 23 12 23 18 34 47 22 10 33 25 25 42 12 28 11 23 21 45 57 41 53 43 58 63 44 32 31 62 60 77 22 28 19 36 38 24 8 14 46 42 55 14 5 20 25 11 13 12 34 28 38 27 31 46 17 28 10 29 28 51 21 37 7 24 8 24 20 41 41 23 12 11 44 40 55 27 34 19 36 36 61 11 10 35 30 41 21 12 7 30 29 23 28 54 59 57 
52 36 38 77 60 47 44 38 58 51 48 25 40 72 67 74 31 42 75 52 35 48 38 53 58 38 28 26 56 54 72 15 52 35 21 21 13 33 31 23 22 17 46 41 50 59 37 21 32 22 37 42 24 12 12 45 41 56 76 60 65 57 75 74 62 44 50 83 80 93 44 43 37 57 51 46 24 37 70 65 73 27 22 42 34 33 11 28 57 52 57 28 44 48 30 17 18 50 47 63 36 38 24 7 14 47 42 54 52 44 23 34 67 62 73 37 27 25 55 53 71 12 28 59 53 59 10 35 30 41 51 45 48 77 80 77 
50 26 33 70 50 34 40 31 49 49 36 18 25 58 54 67 37 50 75 50 36 55 44 53 65 39 38 28 50 50 73 23 49 26 9 27 17 27 37 12 17 20 33 29 46 58 34 19 40 30 37 50 22 27 12 35 34 56 70 53 65 55 71 74 56 43 44 74 72 90 33 40 31 49 50 35 19 24 57 53 67 25 15 32 35 20 7 11 42 38 50 34 43 55 28 30 17 41 40 62 33 44 18 22 7 35 33 53 53 35 22 23 55 52 68 38 39 27 49 49 72 9 12 44 40 53 11 22 19 41 35 30 41 63 71 69 
36 13 24 44 20 4 27 18 22 36 7 23 7 25 22 41 43 54 61 39 34 56 49 44 65 35 52 34 28 32 59 41 33 16 25 39 37 21 45 23 46 33 71 6 32 46 27 30 49 44 32 55 29 51 35 12 18 45 45 30 50 40 48 61 33 36 23 44 43 67 7 30 21 23 39 9 26 9 24 21 43 29 26 12 35 13 36 24 11 5 29 43 35 57 29 49 32 17 22 49 27 50 25 47 32 7 13 40 44 14 30 13 23 22 46 36 53 36 27 32 60 34 21 12 7 31 44 11 17 36 10 5 22 30 41 41 
31 6 17 43 21 5 21 12 21 31 7 16 6 30 25 40 36 47 56 33 27 50 42 38 58 29 45 28 25 28 55 34 28 9 20 32 30 14 38 18 41 29 6 60 27 41 20 23 42 37 26 48 23 45 29 8 12 40 43 28 46 36 45 56 31 30 19 45 44 65 4 24 15 21 34 6 19 5 28 24 41 22 20 6 28 9 31 22 17 11 26 37 29 50 22 43 26 14 17 45 20 43 19 41 27 6 7 35 38 9 24 7 26 23 43 29 46 29 24 27 55 29 19 18 12 29 40 7 11 30 16 10 17 35 42 41 
3 24 13 28 25 28 7 17 19 3 26 28 33 41 34 25 25 29 29 6 15 28 25 11 34 13 36 24 11 5 28 35 2 22 37 30 36 19 26 34 50 46 32 27 82 13 12 29 30 32 12 31 26 46 38 19 15 12 27 13 19 9 25 29 14 8 10 38 33 44 25 6 15 16 7 23 27 31 38 31 24 22 31 20 16 33 44 45 39 32 11 27 7 29 19 40 32 16 10 17 13 27 28 46 40 25 20 7 12 18 27 27 33 26 23 14 37 25 10 3 27 41 42 37 31 12 53 32 29 11 42 37 10 47 35 30 
10 38 26 28 35 41 20 30 30 10 39 41 47 51 44 26 29 27 16 8 23 23 26 6 25 20 39 33 20 14 14 44 12 36 50 37 46 32 30 47 59 58 46 41 13 77 24 39 32 39 22 29 36 52 49 33 28 2 25 20 6 5 22 16 19 15 23 41 34 35 38 18 28 26 8 36 39 45 48 41 23 33 43 34 24 47 55 58 51 46 19 33 15 25 30 46 42 29 23 4 25 27 40 54 52 38 33 6 7 31 37 41 42 35 19 21 41 34 20 14 14 52 55 49 43 18 64 46 42 18 56 51 23 57 39 32 
15 15 3 39 28 23 6 8 24 14 22 16 26 44 37 36 18 27 41 16 7 29 22 19 37 8 28 13 19 16 39 24 15 12 25 19 24 8 19 22 37 34 27 20 12 24 51 16 23 22 5 28 13 35 26 16 9 22 38 22 30 20 38 40 25 10 14 47 43 56 20 6 5 22 16 19 15 23 41 34 35 10 18 15 8 24 31 33 36 29 20 19 9 30 7 30 19 17 11 28 1 23 15 34 28 21 14 18 19 14 14 18 36 30 35 9 30 14 18 15 38 28 30 35 28 22 41 23 18 9 37 31 12 50 44 40 
31 17 17 55 40 28 23 17 37 30 29 7 24 53 47 52 18 31 56 32 16 36 26 34 46 19 23 8 35 33 54 11 31 14 12 10 8 11 19 10 21 19 30 23 29 39 16 40 22 14 17 32 3 21 9 25 20 37 54 38 46 37 54 55 41 24 29 62 58 73 25 22 15 36 31 26 4 21 50 45 52 6 5 22 16 19 15 23 41 34 35 16 24 36 9 19 3 29 25 43 15 26 4 19 12 27 22 34 33 23 2 16 47 42 51 19 24 9 33 32 53 12 20 41 35 38 24 20 13 22 37 30 26 58 59 55 
30 36 26 58 52 46 28 31 47 28 45 29 45 67 61 55 5 10 46 28 16 16 7 26 26 17 6 14 41 35 43 17 32 32 35 12 22 27 4 33 32 40 49 42 30 32 23 22 12 10 19 10 20 21 27 39 32 30 56 43 38 33 53 45 44 21 37 68 63 68 42 25 28 44 26 42 25 42 64 58 53 20 28 37 15 41 33 45 59 52 40 5 22 16 19 15 23 41 34 35 23 6 26 25 32 44 37 30 25 37 20 36 60 53 51 15 8 13 39 33 42 30 43 58 52 42 40 41 34 18 58 51 35 73 65 60 
34 31 25 61 51 42 29 28 47 32 42 22 39 65 59 58 10 20 54 33 17 26 16 32 36 19 8 10 42 38 51 7 35 28 26 4 12 23 9 25 22 30 44 37 32 39 22 14 10 11 20 20 14 13 17 37 30 36 59 45 45 38 58 53 47 25 37 70 65 74 39 27 25 45 31 39 18 36 62 56 57 15 20 34 16 34 23 36 55 48 42 6 25 26 16 7 14 39 34 42 22 16 19 15 23 41 34 35 31 35 13 31 58 52 55 18 9 8 40 36 50 21 35 55 48 44 30 35 28 22 52 45 34 71 67 62 
14 20 8 41 33 29 9 14 28 13 28 19 31 48 42 38 13 22 38 14 2 23 16 16 32 2 24 11 22 17 36 23 15 17 28 17 24 12 15 25 37 37 32 26 12 22 5 17 19 20 44 23 14 33 27 21 14 19 39 25 28 19 38 37 26 6 18 50 45 56 25 7 11 25 13 24 18 28 45 39 36 11 21 20 4 28 33 37 42 35 22 15 6 24 8 28 20 22 15 25 5 18 18 33 30 27 20 17 16 19 15 23 41 34 35 3 26 13 20 16 35 30 34 41 34 24 42 28 23 4 42 36 16 55 47 42 
30 43 31 57 55 52 31 37 50 28 51 37 53 71 64 54 13 1 39 27 21 7 6 23 16 20 14 23 42 36 37 27 33 39 44 22 32 34 12 42 42 50 55 48 31 29 28 32 10 20 23 32 29 31 37 45 38 26 54 44 33 31 51 38 44 22 40 68 62 63 48 28 34 47 25 48 34 49 68 61 52 28 37 43 20 49 43 55 65 58 42 15 23 6 26 25 32 44 38 31 28 5 35 35 42 50 43 29 22 42 29 44 63 56 48 19 15 23 41 34 35 41 52 64 57 42 50 49 43 20 65 58 38 77 66 60 
28 17 14 53 38 28 20 15 35 27 28 8 25 52 46 50 16 29 53 29 13 33 23 31 43 16 22 6 32 30 50 12 28 14 15 9 10 10 17 12 24 22 29 23 26 36 13 3 20 14 14 29 39 23 12 23 18 34 52 36 43 34 51 52 38 21 27 59 56 70 25 19 13 33 28 25 4 21 49 43 49 3 7 20 13 20 18 25 40 34 33 15 21 33 6 20 6 27 23 40 12 24 5 21 15 27 20 31 30 22 1 16 45 40 49 16 24 7 31 29 50 15 23 41 34 35 27 21 14 19 38 31 24 57 57 53 
47 39 36 74 61 50 41 38 58 46 51 28 45 75 69 71 23 31 67 46 30 38 28 46 47 33 16 21 54 51 64 11 48 36 28 16 14 33 22 28 12 27 51 45 46 52 35 21 21 13 33 31 23 31 17 46 41 50 73 57 58 52 71 66 60 38 49 82 78 88 47 40 36 56 45 48 25 42 72 67 70 25 25 44 29 39 20 37 62 56 55 19 38 37 27 6 19 50 46 56 34 28 26 5 22 49 44 49 45 45 22 38 69 63 68 31 16 20 53 49 63 19 36 63 57 57 23 41 34 35 58 51 46 80 79 75 
41 24 26 64 48 34 32 26 46 40 36 13 28 59 54 62 25 37 65 41 25 42 32 43 52 28 26 16 44 42 63 10 41 22 11 14 4 20 25 11 12 12 35 29 38 49 26 9 27 17 27 37 12 17 46 33 29 46 64 47 55 46 64 64 50 33 38 70 67 82 32 32 25 44 40 34 11 25 57 52 61 15 9 29 24 22 6 20 46 40 45 22 33 42 18 18 6 38 35 53 25 32 11 13 5 34 30 44 42 31 11 22 54 50 61 27 26 16 43 41 62 3 19 47 41 47 15 24 18 31 41 34 35 65 68 65 
23 9 13 35 15 8 14 8 13 23 6 19 15 28 22 32 34 43 48 26 23 44 38 31 52 24 44 27 16 19 47 35 20 10 26 32 33 13 35 23 45 35 12 8 19 33 16 25 39 37 21 45 23 46 33 82 6 32 35 19 38 28 37 48 22 24 11 38 36 57 5 17 11 13 26 3 21 13 25 20 33 21 23 3 25 17 36 29 20 13 17 35 23 45 21 43 28 6 9 37 16 39 21 44 32 5 2 27 31 2 24 12 22 17 35 25 45 28 16 19 47 34 26 19 12 20 45 15 16 24 23 17 9 34 35 33 
18 9 6 36 20 14 8 3 17 18 13 16 18 35 28 33 27 36 44 21 16 38 31 25 46 17 37 20 15 16 43 30 16 8 24 26 28 8 28 21 41 34 18 12 15 28 9 20 32 30 14 38 18 41 29 6 69 27 35 19 34 23 36 44 22 17 9 41 38 56 11 11 5 15 21 10 17 16 32 25 33 15 20 6 18 19 33 30 27 20 16 28 16 39 14 37 24 9 6 32 9 32 17 39 29 12 5 22 26 4 19 13 27 22 34 18 39 22 14 16 42 31 27 26 19 19 43 17 15 17 29 23 6 41 38 35 
9 36 24 30 36 40 19 29 30 8 38 39 46 52 45 28 26 25 18 6 21 21 23 3 24 18 36 30 21 14 16 41 12 34 48 35 43 30 28 45 56 56 45 40 12 2 22 37 30 36 19 26 34 50 46 32 27 71 28 21 8 6 24 18 20 13 22 43 36 38 38 16 27 27 6 35 37 43 48 41 25 31 41 33 22 45 53 56 51 45 20 30 13 22 28 44 40 29 23 6 23 25 38 51 49 38 32 5 4 30 35 39 43 36 22 19 38 31 20 13 16 50 53 49 43 19 62 44 41 15 55 50 23 58 41 34 
25 44 37 3 26 40 31 38 23 27 37 52 50 36 31 3 51 52 27 27 42 49 50 30 51 40 62 51 19 21 28 62 24 44 60 57 62 43 53 57 76 70 45 43 27 25 38 54 56 59 39 54 52 73 64 35 35 28 49 16 23 22 5 28 13 35 26 16 9 22 39 32 39 22 29 36 52 49 33 28 2 48 55 38 43 52 69 65 45 42 19 54 34 51 46 67 58 29 29 25 39 52 52 72 65 38 37 25 32 35 53 47 28 24 6 41 64 52 21 23 29 66 62 42 39 16 78 51 51 37 53 50 28 40 15 8 
14 27 21 17 15 26 16 22 10 15 23 35 34 31 24 14 38 42 31 17 27 40 38 22 45 26 49 35 3 8 31 47 11 27 44 41 46 27 39 41 60 53 30 28 13 20 22 38 43 45 25 44 36 57 47 19 19 21 16 79 22 14 17 32 3 21 9 25 20 37 24 17 22 7 18 21 36 33 27 21 13 32 39 22 29 36 52 49 33 28 2 40 21 42 30 52 42 13 13 22 23 40 36 57 48 23 21 16 23 19 37 31 22 15 15 27 50 37 4 9 31 50 46 31 26 1 62 35 34 24 39 36 12 36 22 17 
15 43 32 26 38 46 26 36 32 16 43 47 52 53 46 25 35 32 10 14 30 27 31 12 27 27 45 39 24 18 9 50 17 41 56 44 52 38 36 53 65 65 50 46 19 6 30 46 38 45 28 33 43 58 55 38 34 8 23 22 65 10 19 10 20 21 27 39 32 30 43 24 34 29 14 41 45 50 50 43 21 39 49 39 31 53 61 64 55 50 22 39 22 29 36 52 49 33 28 2 31 33 46 60 58 43 38 12 13 36 43 46 44 38 17 28 46 40 23 18 9 58 61 53 47 20 71 51 48 24 60 56 28 59 38 31 
5 33 22 25 30 36 16 26 24 6 33 37 42 45 39 22 29 30 20 5 21 27 27 8 30 19 40 31 15 8 19 42 7 31 46 36 44 28 30 43 57 55 40 36 9 5 20 37 33 38 19 31 34 52 46 28 23 6 22 14 10 78 20 20 14 13 17 37 30 36 33 14 24 21 6 31 36 40 42 35 20 30 39 29 23 42 52 54 46 40 14 32 13 28 27 46 40 23 18 8 22 29 36 52 49 33 28 2 9 26 35 36 37 30 17 20 41 32 14 8 19 49 51 44 38 13 62 41 38 16 51 45 18 51 35 28 
24 45 37 8 29 43 31 39 26 25 40 53 52 41 35 8 49 49 22 25 41 45 47 27 46 38 60 50 21 21 23 61 23 45 61 55 62 44 51 58 75 71 48 45 25 22 38 54 53 58 38 51 51 71 64 37 36 24 5 17 19 20 44 23 14 33 27 21 14 19 42 32 39 24 26 39 53 51 38 33 5 48 56 39 42 54 69 67 48 45 20 52 32 47 45 66 58 31 30 21 39 49 53 71 65 41 39 23 29 36 52 49 33 28 2 39 61 51 21 22 24 66 64 46 42 17 79 52 52 36 56 53 29 45 20 14 
25 53 42 31 47 56 36 46 42 26 53 57 63 61 55 31 42 37 1 24 39 31 38 21 27 36 51 48 33 28 1 58 27 51 66 52 61 48 44 63 74 74 61 56 29 16 40 55 45 53 37 38 52 66 64 48 44 18 28 32 10 20 23 58 29 31 37 45 38 26 53 34 44 39 24 51 55 60 58 52 27 49 59 49 39 63 71 74 65 60 32 46 31 32 46 60 58 43 39 12 41 39 56 68 68 53 49 22 22 46 53 57 53 47 22 36 52 49 33 28 2 67 71 63 57 30 80 62 58 33 70 66 38 67 44 37 
14 30 24 14 17 29 18 25 12 16 26 38 37 32 25 11 39 43 29 17 29 41 39 22 44 27 50 38 6 9 29 49 12 30 46 44 49 29 41 44 62 56 33 31 14 19 25 41 44 47 26 44 38 60 50 22 22 20 13 3 20 14 14 29 73 23 12 23 18 34 27 19 25 10 19 24 39 36 29 22 10 35 42 25 31 39 55 52 36 31 5 42 22 42 32 54 44 16 15 21 26 41 39 59 51 26 24 16 23 22 39 34 23 17 12 29 52 39 7 10 29 52 49 33 28 2 65 38 37 25 42 39 15 38 21 15 
9 25 12 36 32 32 9 18 27 7 30 26 35 49 42 34 16 21 31 8 8 21 17 10 28 5 27 17 20 14 29 28 11 22 35 22 30 18 18 32 44 43 36 30 8 15 10 24 21 25 6 22 21 38 33 24 17 13 35 21 21 13 33 31 23 105 17 46 41 50 29 6 15 24 7 27 24 32 45 38 32 18 28 23 9 34 39 43 44 37 19 19 1 22 15 32 27 22 15 19 10 18 25 39 36 29 23 10 9 22 22 28 40 33 30 6 29 19 18 12 29 36 41 43 36 20 49 33 28 2 46 40 16 55 44 39 
13 18 12 26 15 18 8 12 10 14 16 26 26 31 24 23 31 38 37 16 20 38 34 22 44 20 42 27 6 8 36 38 10 17 34 33 37 17 33 31 50 44 23 19 10 23 14 29 37 37 18 40 27 49 38 11 9 22 26 9 27 17 27 37 12 17 98 33 29 46 16 11 13 7 17 13 26 24 28 21 23 24 29 13 22 27 43 39 29 23 6 33 16 39 21 44 32 6 3 26 15 35 27 48 39 16 12 17 22 10 28 22 23 16 24 21 44 29 5 9 36 40 36 27 20 9 52 26 24 19 33 28 2 37 30 26 
38 47 45 13 24 40 40 44 24 39 38 58 50 26 23 14 63 66 43 41 52 64 63 45 66 51 74 60 27 32 44 71 35 48 64 66 70 50 64 62 83 74 44 45 38 41 47 62 68 70 50 68 59 82 70 38 41 43 16 25 39 37 21 45 23 46 33 67 6 32 41 43 46 26 42 38 59 50 24 23 17 56 61 41 54 54 74 67 39 39 27 65 46 65 54 77 65 32 36 41 48 65 59 81 70 39 41 39 46 39 61 51 22 22 22 52 76 62 29 34 46 72 64 36 36 26 84 52 54 49 49 49 35 28 2 8 
32 45 41 6 23 40 36 41 22 34 37 55 49 29 26 8 58 60 36 35 48 57 58 38 60 46 69 56 23 27 37 67 30 46 62 62 66 47 59 60 80 72 43 44 33 34 43 58 63 65 45 62 56 78 67 36 38 36 9 20 32 30 14 38 18 41 29 6 57 27 40 38 42 23 36 37 56 49 27 24 11 53 58 39 49 53 72 66 41 39 23 61 40 59 51 73 62 30 32 34 44 59 56 77 68 38 39 33 40 36 57 49 24 22 16 47 70 57 25 29 39 69 63 38 36 21 81 51 52 44 50 49 32 33 6 2 
41 65 56 24 48 63 50 59 45 42 60 72 72 57 53 26 65 62 25 41 58 57 61 42 54 55 75 67 40 40 27 79 41 64 80 72 80 63 66 77 93 90 67 65 44 35 56 73 68 74 56 63 70 88 82 57 56 38 22 37 30 36 19 26 34 50 46 32 27 5 61 50 58 44 43 58 71 70 55 50 24 66 75 59 59 74 88 86 67 64 39 68 49 58 63 82 76 50 49 32 57 63 72 89 84 60 59 39 43 56 71 68 50 47 22 56 76 69 41 41 29 85 83 64 61 36 97 72 71 52 75 73 49 61 33 28 
28 8 17 39 17 3 19 11 17 29 3 19 10 27 22 36 37 47 53 31 27 49 42 36 57 28 46 29 21 25 52 36 26 11 24 34 33 15 38 22 44 33 7 4 25 38 20 25 42 39 25 48 25 47 32 5 11 38 39 24 43 33 42 53 27 29 16 41 40 61 33 22 14 17 32 3 21 9 25 20 37 23 22 5 28 13 35 26 16 9 22 37 27 50 23 45 28 11 14 42 20 43 21 44 30 2 5 32 37 7 26 10 22 19 40 29 48 30 21 25 52 33 23 16 9 25 43 11 14 29 17 12 15 33 38 37 
9 19 7 34 26 25 3 12 22 8 24 22 29 42 36 31 20 27 35 10 9 27 22 14 35 8 31 18 15 10 33 29 9 17 31 24 30 14 22 28 43 40 30 24 6 18 6 22 25 27 7 28 19 40 32 17 11 16 32 17 24 14 32 34 19 6 11 43 38 50 22 47 10 19 10 20 21 27 39 32 30 16 25 17 11 29 38 39 38 31 15 22 5 28 13 35 26 16 9 22 7 24 22 39 34 23 17 12 14 15 20 22 34 28 29 10 33 19 13 9 32 35 36 36 29 17 47 28 24 7 40 34 9 49 40 35 
19 10 2 39 25 18 8 3 22 18 17 13 20 40 33 37 22 32 45 20 12 34 27 24 43 13 32 15 19 18 43 25 17 7 22 21 24 4 24 19 37 31 21 15 15 28 5 15 28 25 11 34 13 36 25 11 5 27 39 22 34 24 39 44 25 15 13 46 42 58 14 10 45 20 20 14 13 17 37 30 36 10 16 9 13 18 30 29 31 24 20 23 14 35 9 32 19 14 9 32 5 28 13 35 26 16 9 22 24 9 14 12 32 27 36 14 34 17 18 17 42 27 26 30 23 22 39 18 14 14 31 25 10 46 43 39 
18 22 19 21 8 19 16 18 3 19 16 32 27 25 18 18 39 45 39 22 28 44 41 27 50 27 50 35 6 12 38 45 15 23 39 41 44 24 40 36 57 49 23 21 16 26 22 36 44 45 25 47 33 56 44 13 15 27 22 7 29 21 24 39 10 24 7 26 23 44 17 19 20 10 23 14 33 27 21 14 19 31 35 16 30 31 49 43 25 21 7 41 23 46 29 52 39 7 10 29 22 43 33 55 45 16 16 21 28 13 35 26 16 9 22 29 51 36 6 13 39 46 40 23 18 9 58 29 29 26 32 29 10 31 23 20 
4 30 17 31 31 35 12 22 26 3 32 32 40 48 41 28 22 24 25 1 15 22 21 4 27 12 33 25 17 10 23 36 7 27 41 29 37 24 24 38 51 50 39 34 7 8 16 31 26 31 13 25 28 45 40 26 21 6 29 18 14 6 26 24 19 7 17 42 36 43 32 10 20 23 57 29 31 37 45 38 26 25 34 27 16 39 46 49 46 39 16 26 7 23 22 39 34 23 17 12 17 22 31 46 43 32 26 3 5 24 29 33 39 32 24 13 35 26 16 9 22 43 46 44 38 17 56 38 34 9 49 44 17 54 40 34 
26 9 16 36 14 5 17 11 14 26 3 21 13 26 20 33 37 46 51 29 26 48 41 34 56 27 46 29 18 22 50 37 23 12 26 35 34 16 38 24 46 35 9 6 23 36 19 26 42 39 24 48 25 48 34 3 10 35 36 21 41 31 39 51 24 27 13 38 37 58 3 20 14 14 29 27 23 12 23 18 34 24 24 5 27 16 37 29 17 10 19 37 26 49 23 45 30 8 12 40 19 42 22 46 32 2 5 30 35 5 26 12 20 16 37 28 48 31 18 22 50 35 26 16 9 22 46 14 16 27 19 15 12 32 35 34 
31 13 15 53 36 24 21 14 34 30 25 3 20 49 43 50 21 34 56 31 17 38 28 34 48 20 27 11 33 31 54 15 30 11 10 14 11 9 22 8 24 19 26 19 27 39 15 4 25 18 18 34 4 25 11 21 17 37 52 36 45 36 53 55 39 24 26 59 56 71 21 21 13 33 31 23 70 17 46 41 50 6 3 18 17 15 16 20 37 30 33 20 24 38 9 23 6 26 23 43 14 29 0 22 12 24 18 34 34 20 5 12 43 38 50 19 28 12 31 30 53 13 18 37 31 36 26 16 9 22 33 26 24 55 56 53 
35 7 20 48 26 10 24 14 26 35 12 14 3 34 30 46 37 48 61 37 29 51 43 41 60 30 44 27 30 32 59 32 33 10 15 31 28 15 38 14 37 24 9 5 31 45 23 21 42 36 28 49 21 42 25 13 16 43 49 33 50 40 51 60 36 32 24 50 49 70 9 27 17 27 37 12 17 52 33 29 46 21 17 11 29 4 27 16 20 14 31 36 32 52 22 40 23 20 22 49 22 44 16 38 22 11 12 38 42 14 22 5 31 28 48 31 45 28 29 32 59 25 13 21 16 34 35 2 8 32 16 9 22 39 47 46 
40 33 38 30 13 23 36 34 18 41 21 44 31 3 3 29 59 66 58 43 48 66 62 49 72 47 69 52 27 34 57 61 37 35 48 58 58 39 60 46 70 57 24 28 38 48 41 50 64 62 45 68 49 72 57 25 32 48 33 27 50 42 38 58 29 45 28 24 27 55 25 39 37 21 45 23 46 33 32 6 32 47 48 28 49 37 59 48 16 18 28 60 44 67 46 69 53 23 30 50 41 63 46 69 55 22 28 43 50 27 50 35 5 12 37 49 71 54 28 35 58 58 45 13 16 29 68 35 39 47 26 27 29 9 22 26 
33 28 31 26 6 19 29 28 11 34 16 39 28 10 3 25 52 60 51 36 41 59 55 42 65 41 63 46 20 27 51 55 30 30 44 52 53 33 54 42 65 53 21 24 31 41 34 45 58 56 39 61 43 67 52 20 25 41 28 21 43 35 33 52 22 38 21 23 24 50 20 32 30 14 38 18 41 29 6 18 27 41 43 23 43 33 55 45 17 16 21 54 37 60 40 63 48 17 23 43 35 56 41 64 51 18 22 36 43 21 44 31 2 5 32 42 64 48 21 28 52 53 42 14 13 22 64 31 35 40 26 26 23 16 20 22 
23 41 35 5 24 38 29 36 21 24 35 49 47 35 30 3 48 50 26 25 39 47 48 28 49 37 59 48 17 19 27 59 21 41 57 54 59 40 50 55 73 67 43 41 24 23 35 52 53 57 36 52 49 70 61 33 33 25 2 13 21 20 5 27 10 32 23 17 11 24 37 30 36 19 26 34 50 46 32 27 45 46 53 35 41 50 66 62 43 40 16 52 31 48 43 64 55 26 26 23 36 49 50 70 62 36 35 22 29 32 50 45 27 23 5 38 61 49 18 20 28 63 59 40 37 13 76 48 48 35 51 48 26 40 16 9 
25 16 11 49 36 26 17 13 33 24 27 9 25 50 44 47 15 27 50 25 10 31 22 28 41 13 23 5 29 27 47 14 25 12 17 11 13 8 16 14 27 25 29 22 22 33 10 6 20 15 11 28 3 25 15 21 15 31 48 32 39 30 48 49 35 18 24 56 53 66 23 16 10 31 25 24 6 21 47 41 46 45 10 19 10 20 21 27 39 32 30 14 17 32 3 21 9 25 20 37 9 22 7 24 18 25 19 28 27 19 4 16 43 38 45 13 24 7 28 25 47 18 24 39 33 32 31 21 14 16 38 31 21 56 54 50 
34 14 18 56 38 25 24 17 36 33 26 3 20 50 45 53 24 37 59 35 20 41 31 38 51 23 29 14 35 34 57 15 33 12 7 16 11 12 24 5 22 15 26 20 31 43 18 5 28 20 21 37 7 25 9 23 20 41 55 39 49 39 56 59 42 28 29 61 58 75 22 25 16 35 34 24 3 17 48 43 53 10 29 20 20 14 13 17 37 30 36 22 27 41 13 24 6 28 26 47 17 32 3 21 9 25 20 37 37 22 7 12 45 40 53 23 30 14 34 33 57 10 15 37 32 39 23 15 9 26 33 26 26 55 58 55 
24 6 11 38 18 8 14 6 17 24 8 16 13 31 25 35 32 42 49 26 22 44 37 31 52 23 41 24 18 21 48 32 21 7 23 30 30 11 33 20 42 32 12 6 20 34 15 22 37 34 20 43 20 44 29 3 6 33 38 22 39 29 39 49 25 23 13 41 39 59 5 17 9 16 27 5 18 11 28 23 35 19 20 35 23 14 33 27 21 14 19 32 22 44 18 40 25 9 10 38 14 38 18 41 29 6 0 28 32 3 21 9 25 20 37 24 43 26 18 20 48 31 24 21 14 22 42 13 13 23 23 17 11 37 38 36 
18 22 11 45 37 31 13 17 32 17 31 19 32 52 46 42 9 19 40 17 1 22 13 18 31 4 20 8 26 22 38 19 19 19 27 13 21 14 11 25 34 35 35 28 16 24 8 16 15 16 4 20 13 29 24 25 18 22 43 29 31 23 42 39 31 9 22 54 49 59 28 11 13 30 16 27 17 29 49 43 41 10 20 23 64 29 31 37 45 38 26 11 9 22 7 23 18 26 19 28 8 14 17 29 28 30 23 20 17 22 13 24 45 38 39 3 21 9 25 20 37 28 34 44 37 28 40 29 23 6 45 38 20 58 51 46 
37 9 21 52 30 14 26 16 30 37 17 12 6 38 34 49 36 48 63 39 29 51 43 43 61 31 43 26 33 35 61 29 35 11 12 29 25 16 37 11 33 20 13 9 33 47 24 19 41 34 28 49 20 39 22 17 19 45 52 36 53 42 54 63 39 34 27 54 53 74 13 29 18 31 39 16 15 4 37 33 50 20 14 14 29 6 23 12 23 18 34 35 33 52 22 38 21 23 25 51 23 43 14 35 19 15 15 41 43 17 21 6 35 32 52 32 44 27 32 35 61 21 9 25 20 37 30 2 6 33 18 12 25 43 52 50 
47 27 31 69 51 36 38 30 50 46 38 17 29 61 57 67 31 43 71 47 31 49 38 49 59 34 31 23 49 48 69 16 47 26 11 21 10 25 31 13 11 7 36 31 44 55 31 15 33 23 33 43 18 20 6 36 33 53 69 52 61 52 69 71 55 39 43 74 72 88 35 38 30 49 46 37 16 27 59 55 66 21 13 33 31 23 43 17 46 41 50 28 39 48 24 22 12 42 39 59 30 38 16 14 4 37 33 50 49 35 17 24 57 53 66 34 32 22 48 47 68 3 17 48 43 52 9 25 20 37 40 34 40 66 72 69 
48 21 32 65 42 26 38 28 43 48 29 18 17 49 46 62 41 54 74 50 37 58 49 53 68 40 45 31 45 47 72 30 47 22 10 32 24 25 42 12 28 11 24 22 45 58 33 23 45 36 37 55 25 37 20 29 30 56 65 49 64 54 67 74 52 43 39 67 66 86 26 39 29 43 49 29 20 16 48 45 62 27 17 27 37 12 17 19 33 29 46 39 43 59 29 38 22 36 36 62 32 49 19 32 14 28 27 52 53 30 25 17 47 45 64 40 46 32 45 46 72 17 3 35 31 49 21 14 15 42 25 20 37 53 64 63 
42 23 33 43 19 13 34 28 23 43 13 34 17 17 16 41 53 64 65 45 43 65 58 50 73 44 62 45 31 37 64 52 39 26 35 50 48 32 55 34 57 42 11 17 39 51 36 41 59 55 42 65 40 62 46 20 27 51 45 33 55 46 48 65 36 44 29 39 41 67 16 38 31 25 46 17 37 20 16 17 43 39 37 21 45 23 46 33 50 6 32 54 43 66 39 60 43 22 29 55 36 60 36 58 42 14 21 46 51 22 41 24 17 20 47 45 64 46 32 37 64 45 31 3 8 35 54 21 28 45 9 12 29 20 37 39 
36 17 26 40 16 6 28 21 19 36 7 27 12 20 17 38 46 57 59 39 36 58 51 44 66 37 56 38 26 31 59 45 33 20 30 43 41 25 48 28 52 38 5 11 32 46 29 34 52 48 35 58 34 56 40 13 20 45 42 28 50 40 45 60 31 37 23 39 39 64 9 31 24 21 39 10 30 14 18 16 40 32 30 14 38 18 41 29 6 41 27 47 36 59 32 54 37 16 22 49 29 53 30 52 37 8 14 40 45 15 35 18 18 17 43 38 57 40 26 32 59 40 27 7 3 30 49 16 21 38 11 9 22 25 36 37 
12 25 18 19 15 24 13 19 10 13 21 33 32 31 24 17 35 40 32 15 25 39 36 20 44 23 46 33 1 6 31 44 9 24 41 39 43 24 37 38 57 50 29 26 11 19 20 35 40 42 22 42 33 55 45 17 16 20 19 2 22 14 20 32 5 19 6 27 23 39 22 15 20 7 16 19 33 31 28 21 16 30 36 19 26 34 50 46 32 27 75 38 18 40 27 50 39 11 10 22 21 38 33 54 46 21 19 14 22 16 34 28 23 16 17 25 48 34 1 7 32 47 43 30 25 3 59 32 31 21 38 34 9 37 25 20 
29 30 22 56 48 41 25 26 44 27 41 23 40 63 57 53 3 15 47 27 13 20 10 26 30 14 9 9 38 33 45 13 30 27 29 7 17 22 3 27 28 34 43 37 27 33 19 16 5 6 15 15 15 19 22 35 28 30 54 40 39 32 52 46 42 19 33 65 61 68 37 22 23 41 26 37 20 36 60 54 52 14 22 32 11 35 28 39 54 47 38 20 20 20 14 13 17 37 30 36 19 10 20 21 27 39 32 30 25 33 14 31 56 49 50 13 10 8 36 31 44 25 37 54 47 39 36 36 29 16 53 46 31 69 63 58 
8 24 11 36 31 31 8 17 26 7 29 25 34 48 41 33 17 22 32 8 8 22 18 10 29 5 28 17 19 13 30 29 10 21 34 23 30 17 18 31 44 43 35 29 7 15 9 24 22 25 6 23 21 38 33 23 16 13 34 21 22 13 32 31 22 1 16 46 40 49 27 5 14 23 7 26 24 32 44 37 31 17 27 22 9 33 39 43 43 36 18 20 38 23 14 33 27 21 14 19 10 19 24 39 36 28 22 10 10 20 21 27 39 32 30 7 30 19 17 11 29 36 40 42 35 19 49 32 28 3 45 39 15 54 43 38 
28 45 33 53 54 53 31 38 49 26 52 41 55 71 64 51 17 5 34 25 23 1 10 20 10 21 20 27 41 34 31 33 31 42 48 27 38 36 17 46 48 55 57 50 29 25 30 36 16 26 24 6 33 37 42 45 39 22 51 42 29 28 47 32 42 22 39 65 59 58 50 28 35 46 23 49 38 52 67 60 48 32 41 44 22 52 48 59 66 59 40 20 23 20 29 31 37 45 38 26 30 10 39 41 47 51 44 26 19 43 33 47 62 55 44 20 21 27 39 32 30 46 56 65 58 40 56 52 46 21 67 60 38 77 63 57 
22 16 9 47 34 26 14 12 31 21 26 11 26 49 43 44 14 26 47 22 7 29 20 25 39 10 23 6 27 24 44 16 22 13 20 12 16 7 15 17 30 28 29 22 19 30 7 9 19 16 8 26 6 27 18 21 14 28 46 30 36 27 45 46 32 15 21 54 51 63 23 13 9 29 22 23 9 22 46 40 43 3 13 18 7 22 24 29 39 32 27 14 14 29 41 23 12 23 18 34 6 21 10 26 21 25 18 25 24 19 7 17 42 36 43 10 24 7 26 23 44 21 27 39 32 30 34 22 16 13 38 32 19 55 52 48 
42 37 32 69 58 48 36 35 54 40 48 26 44 72 66 66 17 25 61 41 25 31 22 40 41 27 10 17 50 45 58 8 43 34 28 11 13 29 16 28 17 30 49 43 40 46 30 19 15 7 28 25 20 6 18 43 37 44 67 52 52 46 66 60 54 32 44 77 73 82 45 35 32 52 39 45 23 40 69 63 64 21 24 40 23 38 22 38 60 54 50 13 33 31 23 43 17 46 41 50 29 21 24 10 23 47 40 43 39 41 19 36 65 59 63 26 10 15 48 44 57 20 37 61 54 52 27 39 32 30 57 50 42 77 75 70 
35 20 20 59 43 31 26 20 41 34 32 9 26 56 50 56 19 32 59 35 19 37 27 37 47 22 23 10 38 36 56 8 35 18 12 10 4 15 20 10 18 17 32 26 32 42 19 3 23 14 20 32 6 19 6 28 24 40 58 42 49 40 58 58 44 27 32 65 62 76 28 26 19 39 34 30 6 23 53 48 55 9 6 25 18 21 12 22 43 37 39 17 27 37 12 17 54 33 29 46 18 27 7 16 10 30 25 37 36 27 5 19 50 45 55 21 24 10 37 35 56 9 20 44 38 41 21 22 15 25 39 32 30 61 62 59 
19 15 14 28 11 12 13 12 8 20 10 25 21 26 20 26 35 43 43 22 24 43 38 28 50 24 46 29 10 15 42 39 16 15 32 35 37 17 37 29 50 41 17 14 16 29 17 29 41 39 22 44 27 50 38 6 9 29 29 13 33 23 31 43 16 22 6 32 30 50 11 16 14 7 23 8 26 20 23 17 26 25 28 9 26 23 42 36 22 16 11 37 21 45 23 46 33 79 6 32 18 40 26 49 37 10 8 23 29 6 28 18 19 12 29 25 47 31 10 15 42 39 33 20 14 14 51 21 22 24 27 22 6 32 30 27 
13 15 9 30 17 17 6 9 13 14 15 22 24 33 26 27 29 36 39 16 18 36 31 21 44 17 39 24 9 10 37 34 11 14 31 30 34 14 30 28 47 40 22 17 10 23 11 25 34 34 15 38 23 46 35 9 6 23 29 13 28 18 30 39 15 15 3 36 32 49 14 9 9 10 17 12 23 22 30 23 26 20 26 10 19 25 39 36 29 22 10 30 14 38 18 41 29 6 65 27 12 33 23 44 35 15 10 17 22 7 24 19 25 19 27 19 41 26 8 10 37 37 33 27 20 13 49 23 21 17 32 27 0 39 33 30 
13 41 30 28 38 45 24 34 32 14 42 45 51 53 47 26 32 29 12 12 27 25 29 9 25 24 42 37 23 17 10 47 16 39 54 41 49 36 34 51 63 62 49 45 17 4 28 43 35 42 25 31 40 56 53 37 32 6 25 22 2 8 21 12 21 19 26 41 34 32 42 22 32 29 12 40 43 49 50 43 23 37 47 38 28 51 59 62 55 49 22 36 19 26 34 50 46 32 27 60 29 30 44 57 56 42 37 10 10 35 41 45 45 38 19 25 43 37 23 17 10 56 59 53 47 20 68 50 46 21 59 54 27 59 39 32 
16 15 3 40 29 23 7 8 25 15 22 15 25 44 38 37 17 27 42 17 7 29 22 20 38 8 28 12 20 17 40 23 16 12 24 18 23 7 19 21 36 33 27 20 13 25 1 15 23 22 5 28 12 34 25 16 9 23 39 23 31 22 39 41 26 10 15 48 44 57 20 7 5 22 17 19 14 22 41 35 36 9 17 14 8 23 30 32 36 29 21 19 10 30 6 29 18 18 12 29 40 23 14 33 27 21 14 19 20 14 13 17 37 30 36 9 29 13 19 16 39 27 30 36 29 23 40 22 17 9 37 30 12 50 45 41 
26 37 26 54 50 46 27 31 46 25 46 32 47 66 60 51 7 5 40 24 16 10 1 21 20 15 12 17 38 32 37 23 29 34 39 17 27 28 7 37 38 44 50 43 27 27 23 26 6 16 18 5 24 28 32 39 32 25 52 40 33 29 49 39 41 18 35 65 59 63 43 24 28 43 22 42 29 44 63 56 49 22 32 38 14 43 38 49 60 53 38 10 19 10 21 21 27 40 33 30 23 41 29 31 37 45 38 26 20 37 24 38 58 52 46 14 13 17 37 30 36 36 47 59 52 39 46 43 37 16 60 53 33 73 62 57 
31 13 15 53 36 24 21 14 34 30 25 2 20 49 43 50 22 35 56 32 17 38 29 35 48 20 28 12 33 31 54 15 30 10 10 14 12 9 22 7 24 18 25 19 28 40 15 4 26 19 18 35 5 26 11 21 17 38 52 36 46 36 53 56 39 25 27 59 56 72 21 22 13 33 31 22 0 16 46 41 50 7 3 18 17 14 16 19 36 30 33 20 24 39 10 24 7 26 23 44 14 29 28 23 12 23 18 34 34 20 6 12 43 38 50 20 29 12 31 30 54 13 17 37 30 36 25 15 8 23 33 26 24 54 56 53 
48 36 35 73 59 47 41 36 57 46 48 25 41 72 66 71 25 35 69 47 31 41 31 47 51 33 20 21 54 50 66 10 48 34 24 16 11 31 24 24 7 22 47 41 46 54 34 19 25 15 33 35 21 5 13 44 39 51 72 57 60 52 71 68 59 39 48 81 77 89 44 39 35 55 46 46 22 38 69 64 70 24 21 41 29 35 14 32 58 52 54 21 39 41 26 10 16 49 44 57 33 31 23 27 17 46 41 50 46 43 20 34 66 61 69 32 20 20 52 49 65 14 31 59 53 56 17 37 30 36 54 47 45 77 78 74 
43 23 27 65 47 32 34 26 45 42 34 12 25 57 53 62 30 42 68 44 29 47 37 46 57 32 31 20 45 44 66 15 43 21 7 19 10 21 30 8 14 7 32 27 40 52 28 12 32 23 30 42 15 22 5 32 29 49 65 48 58 49 65 68 51 36 39 70 68 84 30 34 26 45 43 32 12 22 55 51 62 18 9 29 28 19 4 14 42 37 46 27 36 47 21 23 10 37 35 56 27 37 12 17 34 33 29 46 46 31 15 20 53 49 63 31 32 20 44 43 65 3 14 44 39 48 13 21 16 34 37 30 36 62 67 65 
28 10 18 37 15 2 20 13 15 29 1 21 11 25 20 35 39 49 53 31 28 50 43 37 58 29 48 31 20 24 52 38 26 13 26 36 35 17 40 24 47 35 7 6 25 38 21 27 44 41 27 50 27 49 34 5 12 38 38 23 43 33 41 53 26 29 16 39 38 60 2 23 16 16 32 2 24 11 22 18 36 25 25 6 30 15 37 28 14 8 21 39 28 51 25 47 30 10 15 42 21 45 23 46 33 74 6 32 37 7 28 12 20 17 39 30 49 32 20 25 52 35 25 14 7 24 45 13 16 30 17 12 15 30 36 35 
23 6 11 37 18 9 14 6 16 23 8 16 13 31 25 34 32 42 49 26 21 43 36 31 52 22 41 24 18 20 47 32 21 7 23 30 30 11 33 20 42 33 13 7 20 33 14 22 37 34 20 43 20 44 30 2 5 32 37 21 38 28 39 49 24 23 12 41 39 59 5 17 9 16 26 5 18 12 28 22 35 19 20 0 23 15 33 27 21 14 19 32 22 44 18 40 25 8 10 37 14 38 18 41 29 6 61 27 31 2 22 10 24 20 37 23 43 26 17 20 47 31 24 21 14 22 42 13 13 23 23 17 10 37 38 36 
3 31 20 27 30 35 14 24 25 4 33 35 41 46 39 25 26 27 22 2 19 25 25 6 29 16 37 28 15 9 20 39 6 29 44 33 41 26 28 41 54 53 40 35 7 6 18 34 30 35 17 29 31 49 44 27 22 5 25 16 12 2 23 22 16 10 17 39 33 39 32 12 22 21 3 30 34 38 43 36 22 28 37 28 20 41 50 52 46 40 14 30 10 26 25 43 37 23 17 10 19 26 34 50 46 32 27 72 7 25 32 35 38 31 20 17 38 29 14 8 20 47 49 44 37 14 59 40 36 13 50 44 17 52 37 30 
9 34 22 34 37 40 17 27 31 8 38 35 44 53 46 32 21 20 22 6 17 17 18 1 22 14 31 26 22 15 20 36 13 32 44 30 39 27 23 41 52 53 44 38 12 7 19 33 25 31 16 22 30 45 42 31 26 4 32 23 13 9 29 22 23 9 22 46 40 43 37 14 24 28 5 35 34 42 50 43 29 27 37 32 17 43 49 53 51 45 22 25 10 19 24 39 36 29 22 10 20 20 34 46 46 37 31 7 46 29 31 37 45 38 26 14 33 27 21 14 19 45 50 50 43 21 58 42 38 11 54 49 22 59 44 38 
21 8 10 35 16 10 12 6 14 21 8 18 16 30 24 32 32 41 47 24 21 42 36 29 50 22 42 25 15 18 45 34 19 9 25 30 31 12 33 23 44 35 14 9 18 31 14 23 37 35 19 42 22 45 31 2 4 30 35 19 36 26 36 46 22 22 10 39 36 56 7 15 9 13 24 5 20 14 27 21 32 19 22 3 22 17 35 30 22 15 16 33 20 43 19 41 27 6 7 35 14 37 20 43 31 7 2 25 29 29 23 12 23 18 34 23 43 26 15 18 45 33 27 21 14 19 44 16 15 22 25 19 8 36 36 34 
29 18 15 54 39 29 21 16 36 28 29 8 25 53 47 51 16 29 53 30 14 33 23 31 43 17 22 6 33 31 51 10 29 15 15 9 9 11 17 12 23 22 30 24 27 37 14 2 20 13 15 29 1 22 11 24 19 35 53 37 43 35 52 53 39 22 28 61 57 71 26 20 14 35 29 26 5 22 50 44 50 4 7 21 13 21 17 25 41 35 34 14 21 33 7 19 5 28 24 41 13 24 6 20 15 28 22 32 31 23 66 17 46 41 50 16 23 6 32 30 50 14 23 42 35 36 27 21 14 19 39 32 25 58 58 54 
31 3 15 47 27 12 20 10 26 31 14 9 8 37 32 44 31 43 57 33 23 46 37 37 55 25 39 22 28 29 55 27 29 5 13 26 23 10 32 11 34 23 13 7 27 41 18 16 36 31 23 44 16 38 22 12 13 39 47 31 46 36 49 57 34 28 22 51 49 68 10 22 12 26 33 12 12 5 35 31 45 16 12 9 24 6 24 17 24 18 28 31 27 47 17 36 19 18 19 45 17 38 12 34 20 12 10 35 37 12 17 54 33 29 46 26 40 23 27 29 55 22 14 25 19 32 33 5 4 27 21 14 19 43 48 46 
35 30 33 26 8 20 31 30 13 36 18 41 30 8 2 25 54 61 52 38 43 61 57 43 67 43 65 48 22 29 52 57 31 32 46 54 55 35 56 44 67 55 23 26 33 42 36 47 60 58 41 63 45 69 54 22 27 43 28 22 44 37 33 53 23 40 23 22 24 50 22 34 32 16 39 20 43 31 5 2 27 43 45 25 45 35 57 47 17 18 23 56 39 62 42 65 50 19 25 45 37 58 43 66 53 20 24 38 45 23 46 33 43 6 32 44 66 50 23 30 53 55 44 14 15 24 66 33 37 42 27 27 25 14 19 22 
28 26 27 23 2 18 25 24 6 29 15 37 28 15 8 21 48 55 46 31 37 54 50 36 60 36 58 42 15 22 46 52 24 27 43 48 50 30 49 40 62 52 22 23 26 35 30 42 53 52 34 56 40 63 50 17 22 36 24 15 38 30 28 47 17 33 16 22 22 47 19 28 27 9 32 16 38 28 12 5 23 38 40 20 38 32 53 45 20 17 16 49 32 55 36 59 45 12 19 38 30 52 38 61 49 17 20 31 38 18 41 29 6 29 27 38 60 44 16 23 47 51 42 17 14 17 62 30 33 35 28 27 18 21 19 19 
21 43 35 9 28 41 28 37 24 22 38 50 50 40 34 8 46 47 21 22 38 43 45 25 44 35 57 47 18 18 22 58 20 42 58 53 59 41 48 55 73 68 46 43 23 19 35 51 51 55 35 48 49 68 61 35 34 22 6 15 17 17 2 22 12 30 24 22 16 22 40 29 36 22 24 37 50 48 37 32 5 45 53 37 39 52 66 64 47 43 17 50 30 44 43 63 55 29 27 19 36 46 50 69 63 39 37 20 26 34 50 46 32 27 39 37 59 48 19 19 23 64 61 44 40 14 76 50 49 33 54 51 27 45 21 14 
15 24 12 43 36 32 13 18 32 14 31 22 34 52 45 40 10 18 37 15 2 20 13 15 29 1 21 11 25 20 35 22 17 21 30 16 24 16 12 27 37 38 36 29 14 21 9 19 15 18 3 19 16 31 27 25 18 19 41 27 28 20 39 36 29 6 21 52 47 56 29 10 14 29 13 28 19 31 49 42 38 13 23 24 3 32 34 40 45 38 25 13 7 20 10 26 21 25 19 25 9 14 20 32 31 30 23 17 14 23 16 26 44 38 37 59 23 12 23 18 34 31 37 45 38 26 43 31 25 3 46 40 19 58 50 45 
38 40 33 66 58 51 35 37 54 36 51 31 49 74 67 63 12 16 54 36 23 22 14 34 31 24 1 18 48 43 51 16 40 37 36 14 21 32 11 34 27 39 53 46 37 41 30 24 8 9 26 15 24 16 26 45 39 38 64 50 46 41 61 52 52 29 44 76 70 76 48 33 34 51 35 48 28 45 71 64 61 24 30 43 21 44 32 46 64 57 48 10 30 21 24 10 24 47 41 43 29 13 29 20 32 49 43 38 33 43 23 40 66 60 59 23 62 17 46 41 50 29 44 64 57 49 37 45 38 26 62 55 42 80 73 68 
27 23 16 54 42 33 21 20 39 26 34 15 31 57 50 51 9 22 50 27 10 27 17 28 37 13 16 1 34 30 47 10 28 19 21 4 12 15 10 19 25 27 36 29 25 34 14 9 13 8 13 23 7 20 16 28 22 31 52 37 40 32 51 49 39 19 29 62 57 69 30 19 17 36 26 31 12 28 54 48 49 7 14 26 9 27 22 32 46 40 34 8 19 27 7 15 10 31 26 37 13 17 12 20 20 32 26 29 27 26 6 23 50 44 48 12 17 75 33 29 46 19 29 46 40 36 31 27 21 16 45 38 26 63 59 55 
11 23 16 21 15 23 11 17 10 13 20 31 31 31 25 18 34 39 33 15 23 38 35 20 43 22 45 31 1 5 32 42 8 23 39 37 42 22 35 36 55 49 27 24 10 20 18 33 39 40 20 41 31 53 43 16 14 20 21 4 23 14 21 33 7 18 5 29 25 41 21 13 18 6 16 18 31 29 28 21 18 28 34 18 25 32 48 45 32 26 1 36 17 39 26 48 37 10 8 23 19 37 31 52 44 20 17 14 21 15 32 27 23 16 19 23 46 33 90 6 32 45 42 29 24 4 57 31 30 20 37 33 7 38 26 22 
4 25 15 24 22 27 9 18 17 6 25 30 34 38 31 22 28 33 28 8 19 31 29 13 36 17 40 27 8 1 27 39 1 24 39 33 39 21 30 36 53 49 32 27 3 14 15 32 33 36 16 34 29 49 41 19 16 13 23 9 18 8 22 28 10 12 9 34 29 41 25 9 17 13 9 22 30 32 35 28 20 25 33 20 20 35 47 46 37 32 7 31 11 32 23 44 35 15 10 17 16 30 30 49 43 25 20 8 14 18 30 29 30 23 19 18 41 29 6 76 27 44 43 36 29 8 56 33 31 15 42 37 9 45 32 26 
24 52 40 33 47 55 34 44 42 24 52 55 61 61 55 31 40 34 4 22 36 28 35 19 25 33 48 45 33 27 1 56 26 50 64 49 58 46 41 61 71 72 60 55 27 14 38 53 42 50 35 35 50 63 62 47 42 16 29 31 9 19 24 2 29 29 36 46 39 29 52 32 42 39 22 50 53 59 58 52 28 47 57 48 37 61 68 72 64 59 32 44 29 30 44 57 56 42 37 10 39 36 54 65 65 52 47 20 19 45 50 55 53 47 23 34 50 46 32 27 53 65 69 62 56 29 77 60 56 31 69 65 37 67 45 38 
44 25 28 67 49 35 35 27 47 43 36 14 28 60 55 64 28 41 68 44 28 46 36 46 56 31 29 20 46 45 66 13 44 23 10 18 8 22 28 11 12 9 34 29 41 52 28 12 30 21 30 41 15 19 3 34 31 50 66 50 58 49 66 67 52 36 40 72 69 85 33 35 27 46 43 35 13 25 58 53 63 18 10 31 28 21 3 17 45 40 47 25 36 46 21 20 9 39 37 56 27 36 13 14 3 35 31 47 45 33 14 22 55 51 64 31 29 19 45 44 65 46 17 46 41 50 12 23 18 34 40 33 37 65 69 66 
45 18 29 62 40 23 35 25 40 45 26 15 14 47 43 59 39 52 71 47 34 56 46 50 66 37 44 29 42 44 69 28 44 19 8 31 23 22 40 10 28 12 21 19 42 55 30 20 43 35 34 52 23 36 19 26 27 53 62 46 61 51 64 71 49 41 36 64 63 83 23 36 26 40 46 26 18 13 45 42 59 24 15 24 34 9 17 3 31 27 43 37 40 56 27 37 20 33 33 59 30 47 17 31 14 25 24 49 50 27 23 14 44 42 61 37 44 29 42 43 69 17 25 33 29 46 23 11 12 39 23 18 34 51 61 60 
40 24 32 40 16 13 33 27 20 41 13 34 19 14 13 38 53 63 62 43 43 64 58 49 71 43 62 45 29 35 62 52 37 27 37 50 48 31 54 35 59 44 12 18 37 49 35 41 58 55 41 64 41 63 47 19 26 49 42 31 53 44 46 63 33 43 27 36 38 64 16 36 30 23 44 16 37 21 13 14 40 39 37 21 44 25 48 35 3 7 30 54 42 65 39 61 44 20 27 53 36 59 37 59 44 14 21 44 50 21 42 25 14 17 44 45 64 46 29 36 62 46 33 47 6 32 55 23 28 44 12 14 27 18 34 36 
34 17 25 37 13 6 26 20 16 35 6 28 14 18 14 35 46 56 57 37 36 57 51 42 65 36 56 38 23 29 56 46 31 20 32 44 42 25 47 30 53 40 7 12 31 43 28 35 52 48 34 57 34 57 41 12 19 43 39 26 47 38 42 57 28 36 20 36 36 61 9 29 23 18 38 9 31 16 16 13 37 33 32 14 37 20 43 31 8 3 25 47 35 58 32 54 38 14 20 47 29 52 30 53 39 7 14 37 43 14 35 19 15 14 40 38 57 40 24 29 56 41 29 6 37 27 51 18 23 37 14 12 20 23 33 34 
12 28 21 17 17 27 15 22 12 14 24 36 35 32 26 14 37 41 30 15 26 39 37 20 43 25 48 35 4 6 29 46 9 27 44 41 46 27 38 41 59 53 31 29 12 18 22 38 42 44 24 42 35 57 47 20 19 19 16 1 20 13 17 30 2 20 9 26 21 36 25 17 22 9 17 22 36 34 29 22 13 32 39 22 28 37 52 49 35 30 3 39 19 40 30 52 41 14 13 20 23 39 36 56 48 24 22 14 21 19 36 32 24 17 14 26 49 36 4 8 29 50 46 32 27 69 62 35 34 23 41 37 12 38 23 18 
56 36 41 79 60 45 47 40 59 55 47 26 36 69 65 76 39 51 81 57 41 56 46 58 67 44 37 31 59 57 78 23 56 35 19 29 19 35 39 21 10 11 44 40 53 64 41 24 40 30 42 50 27 23 15 45 43 62 78 62 71 62 79 80 65 49 52 84 81 97 43 47 39 58 56 46 26 35 68 64 76 31 23 42 40 30 9 21 54 49 59 36 49 56 34 27 21 51 49 68 40 46 25 17 13 45 42 59 58 44 27 33 66 62 76 43 37 31 57 56 77 12 23 55 51 62 34 33 29 46 46 41 50 74 81 78 
36 8 20 50 28 12 25 15 28 36 14 13 4 36 32 48 36 48 62 38 29 51 43 42 61 31 43 26 31 34 60 30 34 10 13 30 26 15 37 12 35 22 11 7 32 46 23 20 41 35 28 49 21 41 24 15 17 44 51 35 51 41 52 62 38 33 26 52 51 72 11 28 18 29 38 14 16 2 35 31 48 21 15 13 29 2 25 14 21 16 32 36 32 52 22 39 22 21 23 50 22 43 15 37 21 13 13 40 42 16 21 5 33 30 50 31 45 27 31 33 60 23 11 23 18 35 33 93 6 32 17 10 24 41 50 48 
33 7 16 51 31 16 22 12 30 32 18 6 11 41 36 48 30 42 59 34 23 45 36 38 55 25 36 20 31 31 57 24 31 7 9 23 20 10 31 7 30 19 17 11 29 42 18 13 34 28 23 43 14 34 18 16 15 41 51 34 48 38 52 58 37 28 24 54 52 71 14 24 14 29 34 16 9 8 39 35 48 14 9 13 23 6 20 15 28 21 31 29 28 46 16 32 15 22 21 46 17 37 8 30 16 16 13 36 38 15 14 4 37 33 49 25 38 21 30 31 56 18 12 28 23 34 29 6 83 27 24 17 22 46 52 50 
12 25 12 39 34 32 10 18 29 10 31 24 35 50 43 36 13 19 34 11 5 20 15 12 28 2 25 15 22 16 31 26 13 22 33 20 28 17 15 30 41 41 36 30 11 18 9 22 18 22 4 20 19 35 31 24 17 15 37 24 24 16 36 33 25 2 19 49 44 52 29 7 14 26 9 27 22 32 47 40 35 16 26 23 6 33 37 42 45 38 21 16 3 21 13 30 25 24 17 21 9 16 23 36 34 30 23 13 11 22 19 27 42 35 33 3 26 16 20 15 31 34 39 44 37 23 46 32 27 100 46 40 17 56 46 41 
46 22 34 51 27 14 37 28 30 46 17 30 13 26 25 49 53 64 70 49 44 66 59 54 75 45 61 43 37 42 69 48 43 25 30 48 43 31 54 29 51 35 10 16 42 56 37 37 58 52 42 65 38 58 41 23 29 55 53 39 60 51 56 70 42 46 33 49 50 75 17 40 31 32 49 19 33 16 26 26 51 38 33 23 45 18 40 25 9 11 38 53 45 67 38 57 39 27 32 59 37 60 33 54 37 17 23 50 54 25 39 21 27 28 54 46 62 45 37 42 69 40 23 12 14 41 46 17 24 46 66 6 32 29 46 48 
41 15 27 49 25 10 31 22 27 41 13 23 6 29 26 47 46 57 66 43 37 60 52 48 68 39 54 36 33 37 65 41 38 19 23 41 37 24 47 23 45 30 5 10 37 51 31 30 51 45 36 58 31 51 34 17 23 50 50 36 56 45 53 66 39 40 28 49 49 73 12 34 25 29 44 15 26 9 27 26 48 31 26 17 38 12 34 20 12 9 34 46 39 60 32 50 32 22 27 54 30 53 26 47 30 12 17 44 49 19 32 14 27 27 51 40 55 38 33 37 65 33 18 14 12 37 41 10 17 40 6 58 27 33 46 46 
13 16 9 29 17 17 6 10 12 14 15 23 24 33 26 26 29 37 38 16 18 37 32 21 44 18 40 25 9 10 37 35 10 15 31 31 34 14 31 28 48 41 22 17 10 23 12 26 35 34 16 38 24 46 35 9 6 23 28 12 28 18 29 38 15 16 2 35 32 49 15 9 10 10 17 12 24 22 29 23 26 21 26 11 20 25 40 37 29 22 9 31 15 38 19 42 30 6 0 27 12 33 24 45 36 15 10 17 22 8 25 19 25 18 27 19 42 26 7 9 37 37 34 27 20 12 50 24 22 17 32 27 93 39 33 29 
49 41 47 37 22 30 45 43 27 51 29 52 37 6 13 37 68 76 66 53 57 76 71 58 81 57 78 61 36 43 66 69 46 43 55 67 66 48 69 54 77 63 30 35 47 57 50 58 73 71 55 77 57 80 65 34 41 58 40 36 59 51 45 67 38 55 37 28 33 61 33 49 46 31 54 32 55 39 9 16 40 56 55 37 58 43 66 53 20 25 37 69 54 77 55 77 61 32 39 59 50 73 54 77 62 30 37 52 59 36 58 43 14 21 45 58 80 63 38 45 67 65 51 18 23 38 74 41 46 56 29 33 39 13 27 32 
36 44 42 12 21 38 38 41 21 37 35 55 47 24 21 13 60 64 42 38 50 62 61 43 64 48 71 57 25 30 43 68 33 45 61 63 67 47 62 59 80 71 41 42 35 39 44 59 65 67 47 66 57 79 68 35 38 41 15 22 38 35 20 44 21 44 30 2 6 33 38 40 43 23 40 35 56 47 22 20 16 54 58 38 51 52 72 64 37 36 25 63 43 63 52 75 62 30 33 39 45 62 56 78 67 36 38 37 44 36 58 48 19 19 21 50 73 59 26 32 45 69 61 34 33 23 81 50 52 46 46 46 33 27 65 6 
30 42 39 5 21 37 33 38 20 31 34 52 47 28 24 6 55 58 36 32 45 55 55 36 58 43 66 53 20 25 36 64 27 43 59 59 64 44 57 57 77 69 41 41 30 32 40 55 60 62 42 60 53 75 65 33 35 34 8 17 31 28 14 37 15 39 26 8 2 28 37 35 39 20 34 34 53 46 26 22 9 50 55 36 46 50 69 63 39 37 20 58 38 57 48 70 59 27 30 32 41 57 53 74 65 35 36 30 38 34 54 46 22 19 14 45 68 55 22 26 38 66 60 36 34 18 78 48 50 41 48 46 29 32 6 55 
