78 13
72 38 11 44 11 25 4 39 19 32 12 37 21 26 24 26 19 39 27 23 40 27 44 17 56 17 19 25 53 15 51 28 56 22 18 18 29 22 18 29 15 34 23 26 27 59 21 56 33 61 18 29 22 18 30 16 35 20 19 24 17 7 22 32 24 44 31 48 17 57 33 62 21 10 26 40 67 45 
38 42 33 6 33 35 39 6 35 23 25 26 36 63 30 63 57 73 40 61 58 59 60 26 24 26 19 39 27 23 40 27 44 19 56 52 65 29 55 47 51 48 20 12 34 30 16 39 22 43 52 65 29 55 47 51 49 58 19 54 35 45 36 44 62 62 62 64 23 46 32 50 41 48 41 50 65 52 
11 33 52 39 0 14 16 36 8 35 11 40 30 36 30 36 26 51 36 31 50 38 54 21 55 22 14 34 54 14 56 33 61 24 26 19 39 27 23 40 27 44 24 20 34 59 19 59 36 64 19 40 28 23 40 27 45 28 19 21 26 14 31 41 34 55 42 59 20 62 39 68 31 20 35 49 75 54 
44 6 39 48 39 40 46 9 41 28 32 29 42 69 36 70 64 80 45 67 64 66 65 32 21 32 26 45 27 29 41 32 45 26 62 59 71 34 62 53 57 53 26 19 39 27 23 40 27 44 59 71 35 62 53 57 54 65 25 60 42 51 41 49 69 67 68 69 30 48 36 52 47 55 47 55 67 56 
11 33 0 39 52 14 15 36 9 34 11 40 29 36 30 36 26 50 36 31 50 38 54 20 54 21 14 33 54 14 55 32 61 23 26 19 39 27 22 39 26 43 24 20 34 58 18 59 35 64 19 39 27 23 40 27 44 28 18 21 25 14 30 40 33 54 42 58 19 62 38 67 30 20 35 49 75 53 
25 35 14 40 14 38 30 40 6 45 23 50 43 48 42 49 36 64 50 42 64 52 68 33 59 34 21 48 61 25 66 44 71 34 37 26 52 40 31 53 40 57 34 24 47 64 26 68 45 73 26 53 40 31 54 41 58 39 27 23 40 27 44 54 45 69 56 73 31 73 50 78 45 33 49 63 87 67 
4 39 16 46 15 30 79 39 24 30 14 35 17 23 21 24 19 36 23 22 35 23 39 15 55 16 21 21 52 16 49 26 54 22 17 21 26 19 20 25 12 30 22 27 24 58 23 53 31 58 20 26 20 20 25 12 30 19 20 28 13 9 19 27 23 40 27 44 17 54 31 59 16 10 21 36 64 41 
39 6 36 9 36 40 39 55 40 18 27 20 33 62 27 62 58 72 36 61 54 58 55 24 19 25 21 36 21 24 33 22 37 18 57 55 64 26 57 43 50 44 18 16 30 24 17 32 17 37 55 64 26 57 44 50 44 59 19 57 33 46 33 39 62 58 60 59 23 40 27 44 38 49 38 45 59 47 
19 35 8 41 9 6 24 40 46 42 19 47 38 42 38 43 30 58 45 36 59 46 63 29 59 29 19 43 59 21 63 40 68 31 31 21 46 35 26 48 34 52 31 23 43 64 24 66 42 71 21 47 36 26 49 35 53 34 25 19 35 21 39 49 39 64 50 68 27 70 47 75 40 27 44 58 83 62 
32 23 35 28 34 45 30 18 42 80 23 5 17 50 10 50 50 57 18 51 36 43 37 15 27 14 23 19 22 20 21 5 26 11 47 50 50 11 50 26 38 26 10 23 12 28 19 24 1 29 50 50 11 50 26 38 26 49 17 55 19 39 16 21 51 39 44 41 15 27 8 33 23 40 21 27 44 29 
12 25 11 32 11 23 14 27 19 23 54 28 20 37 19 38 31 50 26 35 43 36 46 10 44 10 7 25 43 3 44 21 49 12 30 28 40 16 30 31 26 35 13 13 24 48 9 47 24 53 28 40 17 30 32 26 35 32 7 32 17 19 21 31 36 47 39 51 8 50 27 56 23 23 26 40 64 44 
37 26 40 29 40 50 35 20 47 5 28 88 20 54 14 53 54 59 19 55 36 46 36 20 25 19 28 21 18 26 16 8 21 16 51 55 54 15 55 27 42 26 15 27 14 25 24 19 4 24 55 53 15 55 27 42 26 53 22 60 23 44 19 21 55 39 47 39 20 22 7 27 25 44 23 25 40 27 
21 36 30 42 29 43 17 33 38 17 20 20 76 33 6 33 35 39 6 35 23 25 26 11 44 11 25 4 39 19 32 12 37 16 32 39 33 7 37 11 21 14 16 29 7 45 23 37 19 42 38 33 7 37 12 21 15 33 20 46 3 27 1 11 34 27 27 30 14 37 14 42 5 26 6 19 46 24 
26 63 36 69 36 48 23 62 42 50 37 54 33 23 39 0 14 16 36 8 35 11 40 38 77 38 45 34 72 40 64 45 69 44 11 25 4 39 19 32 12 37 44 51 40 79 47 70 52 74 25 5 39 19 32 12 37 9 44 34 31 21 34 38 3 38 15 44 39 68 47 73 28 16 33 43 71 48 
24 30 30 36 30 42 21 27 38 10 19 14 6 39 89 39 40 46 9 41 28 32 29 9 38 8 23 9 32 18 27 5 32 11 37 42 40 2 42 16 27 18 11 25 4 39 19 32 12 37 42 39 2 41 17 27 18 39 16 48 8 31 5 13 40 32 33 34 11 33 9 38 12 30 11 21 45 25 
26 63 36 70 36 49 24 62 43 50 38 53 33 0 39 22 14 15 36 9 34 11 40 38 77 38 45 34 72 40 64 45 68 44 11 26 4 39 20 31 12 36 44 51 40 78 47 70 51 74 25 4 39 19 32 12 37 10 44 34 31 22 34 37 4 38 14 43 39 68 47 72 28 16 32 43 71 48 
19 57 26 64 26 36 19 58 30 50 31 54 35 14 40 14 51 30 40 6 45 23 50 35 75 35 38 38 72 34 67 45 72 41 4 11 18 39 5 38 15 43 42 44 42 78 41 72 51 77 11 19 39 5 39 15 44 4 39 19 32 12 37 43 10 49 27 54 36 72 49 77 32 9 37 50 79 55 
39 73 51 80 50 64 36 72 58 57 50 59 39 16 46 15 30 9 39 24 30 14 35 47 84 47 57 38 77 52 66 51 70 54 27 42 11 46 36 33 24 36 54 63 44 84 58 72 58 76 41 11 46 35 33 23 36 25 55 50 38 37 40 39 19 32 12 37 49 68 52 72 34 31 36 41 67 45 
27 40 36 45 36 50 23 36 45 18 26 19 6 36 9 36 40 39 78 40 18 27 20 17 45 17 31 2 38 26 28 13 32 21 37 45 35 11 43 7 26 8 20 35 5 44 29 34 19 38 44 35 11 42 7 25 9 38 25 52 10 33 5 4 38 22 27 25 19 32 12 37 8 31 3 13 40 17 
23 61 31 67 31 42 22 61 36 51 35 55 35 8 41 9 6 24 40 39 42 19 47 37 77 38 42 37 73 38 67 46 72 44 5 17 13 40 11 37 14 42 44 48 42 80 44 73 53 77 17 14 40 11 37 14 42 2 42 25 32 16 37 42 4 46 23 51 39 72 50 77 32 12 37 48 77 54 
40 58 50 64 50 64 35 54 59 36 43 36 23 35 28 34 45 30 18 42 64 23 5 35 61 34 49 19 53 43 38 31 41 39 41 53 32 30 49 11 30 10 39 53 24 59 47 44 37 47 52 31 29 48 11 29 9 41 43 61 25 42 23 14 38 4 20 9 37 39 28 42 19 38 17 12 37 15 
27 59 38 66 38 52 23 58 46 43 36 46 25 11 32 11 23 14 27 19 23 24 28 33 70 33 43 25 64 38 54 38 58 40 19 33 9 32 28 21 11 25 39 49 31 71 44 61 44 65 33 8 32 27 21 11 26 18 41 42 24 25 26 27 15 27 4 32 35 58 39 62 20 19 23 32 60 37 
44 60 54 65 54 68 39 55 63 37 46 36 26 40 29 40 50 35 20 47 5 28 74 37 60 37 52 21 51 46 35 33 38 41 46 58 37 32 54 15 35 11 41 55 25 58 49 42 38 44 57 36 31 54 14 34 11 46 46 66 29 47 25 16 43 3 25 4 40 36 28 39 23 43 19 10 32 12 
17 26 21 32 20 33 15 24 29 15 10 20 11 38 9 38 35 47 17 37 35 33 37 67 39 0 14 16 36 8 35 11 40 6 33 35 39 6 35 23 25 26 6 18 14 42 12 39 16 44 35 39 7 35 24 25 26 35 8 40 10 24 12 22 38 39 36 42 2 41 18 46 16 25 18 30 54 34 
56 24 55 21 54 59 55 19 59 27 44 25 44 77 38 77 75 84 45 77 61 70 60 39 13 39 40 46 9 41 28 32 29 33 73 73 78 38 74 52 65 51 33 35 39 6 35 23 25 26 73 77 38 74 52 65 51 75 36 76 46 63 43 46 77 63 71 63 38 32 32 35 50 65 48 49 53 49 
17 26 22 32 21 34 16 25 29 14 10 19 11 38 8 38 35 47 17 38 34 33 37 0 39 66 14 15 36 9 34 11 40 6 33 36 39 6 36 22 25 25 6 18 13 42 12 38 15 43 35 39 6 35 23 25 26 35 9 41 9 24 11 21 38 39 35 41 3 40 17 46 15 26 17 29 54 33 
19 19 14 26 14 21 21 21 19 23 7 28 25 45 23 45 38 57 31 42 49 43 52 14 40 14 71 30 40 6 45 23 50 12 37 33 47 20 36 37 33 40 13 6 27 45 5 47 24 52 33 47 21 36 37 33 41 39 6 35 23 25 26 36 43 53 47 56 11 51 30 56 29 30 32 44 67 48 
25 39 34 45 33 48 21 36 43 19 25 21 4 34 9 34 38 38 2 37 19 25 21 16 46 15 30 78 39 24 30 14 35 20 34 42 33 11 40 7 23 10 20 34 6 46 28 36 20 40 42 33 10 40 8 23 10 35 24 49 8 30 4 6 35 23 25 26 18 34 14 39 5 28 2 15 42 20 
53 27 54 27 54 61 52 21 59 22 43 18 39 72 32 72 72 77 38 73 53 64 51 36 9 36 40 39 13 40 18 27 20 30 69 71 72 33 72 45 60 43 30 36 33 6 35 14 20 17 71 72 33 72 45 60 43 71 35 75 41 61 38 39 73 55 65 54 35 23 25 26 44 62 41 41 43 40 
15 23 14 29 14 25 16 24 21 20 3 26 19 40 18 40 34 52 26 38 43 38 46 8 41 9 6 24 40 71 42 19 47 9 33 31 42 15 33 31 28 34 10 11 22 45 6 45 21 50 31 42 15 33 32 28 35 35 4 35 17 22 20 30 39 47 41 50 6 48 25 53 23 25 26 39 62 43 
51 40 56 41 55 66 49 33 63 21 44 16 32 64 27 64 67 66 28 67 38 54 35 35 28 34 45 30 18 42 46 23 5 32 64 70 63 29 69 33 53 29 32 44 25 24 40 6 21 10 69 63 29 69 33 53 29 65 38 76 35 58 30 27 66 39 54 37 36 6 18 11 35 58 31 25 26 23 
28 27 33 32 32 44 26 22 40 5 21 8 12 45 5 45 45 51 13 46 31 38 33 11 32 11 23 14 27 19 23 51 28 10 42 47 45 6 46 21 33 21 9 24 7 33 19 27 6 32 46 45 6 46 21 33 22 44 16 52 14 35 11 17 46 35 39 37 12 29 6 34 17 35 16 23 43 26 
56 44 61 45 61 71 54 37 68 26 49 21 37 69 32 68 72 70 32 72 41 58 38 40 29 40 50 35 20 47 5 28 52 37 69 75 67 34 74 37 58 33 37 48 30 25 45 6 26 6 74 67 34 74 37 58 33 70 43 81 40 63 35 31 70 41 58 39 41 3 23 6 40 63 35 28 23 25 
22 19 24 26 23 34 22 18 31 11 12 16 16 44 11 44 41 54 21 44 39 40 41 6 33 6 12 20 30 9 32 10 37 79 39 40 46 9 41 28 32 29 0 14 16 36 8 35 11 40 40 46 10 41 28 32 30 41 6 45 15 30 16 25 44 43 42 46 5 39 17 44 21 32 22 33 54 36 
18 56 26 62 26 37 17 57 31 47 30 51 32 11 37 11 4 27 37 5 41 19 46 33 73 33 37 34 69 33 64 42 69 39 1 14 15 36 9 34 11 40 39 43 39 75 39 69 48 74 14 16 36 8 35 11 40 2 37 23 29 11 33 39 8 45 24 50 34 69 46 74 29 7 34 46 75 51 
18 52 19 59 19 26 21 55 21 50 28 55 39 25 42 26 11 42 45 17 53 33 58 35 73 36 33 42 71 31 70 47 75 40 14 28 30 40 6 45 23 50 41 39 45 77 37 74 51 79 0 31 41 6 45 24 50 16 36 8 35 11 40 48 22 57 38 62 35 75 52 80 37 15 42 56 85 61 
29 65 39 71 39 52 26 64 46 50 40 54 33 4 40 4 18 11 35 13 32 9 37 39 78 39 47 33 72 42 63 45 67 46 15 30 32 39 24 30 14 35 46 54 39 79 49 69 52 73 29 0 39 23 30 13 35 14 46 38 31 25 34 36 8 35 11 40 41 66 47 71 28 19 32 41 69 46 
22 29 27 34 27 40 19 26 35 11 16 15 7 39 2 39 39 46 11 40 30 32 32 6 38 6 20 11 33 15 29 6 34 9 36 40 39 73 40 18 27 20 9 23 7 39 17 34 12 39 40 39 0 39 19 26 21 37 14 46 8 29 7 16 39 34 34 36 8 35 11 40 12 29 13 24 48 28 
18 55 23 62 22 31 20 57 26 50 30 55 37 19 42 20 5 36 43 11 49 28 54 35 74 36 36 40 72 33 69 46 74 41 9 6 24 40 17 42 19 47 41 42 44 78 39 74 51 79 5 25 40 0 42 19 48 10 38 14 34 11 39 46 16 53 33 58 36 74 51 79 35 11 40 54 82 59 
29 47 40 53 39 53 25 43 48 26 31 27 11 32 16 31 38 33 7 37 11 21 15 23 52 22 37 7 45 31 33 21 37 28 34 45 30 18 42 70 23 5 27 41 13 52 35 39 27 43 44 30 18 41 0 22 5 35 31 53 14 33 11 6 34 16 20 19 25 36 19 41 8 30 5 11 40 17 
15 51 27 57 26 40 12 50 34 38 26 42 21 12 27 12 15 24 26 14 30 11 35 25 65 25 33 23 60 28 53 33 58 32 11 23 14 27 19 23 23 28 32 40 28 66 34 59 39 63 22 14 27 18 24 0 29 12 32 31 19 14 23 28 12 34 16 39 27 58 36 63 18 8 23 35 64 40 
34 48 44 53 43 57 30 44 52 26 35 26 14 37 18 36 43 36 8 42 10 25 11 26 51 25 40 10 43 34 29 21 33 29 40 50 35 20 47 5 28 81 29 43 14 50 37 36 27 39 49 34 19 46 4 28 0 40 34 58 17 38 14 4 39 14 24 16 28 32 18 36 13 35 8 6 35 11 
23 20 24 26 24 34 22 18 31 10 13 15 16 44 11 44 42 54 20 44 39 39 41 6 33 6 13 20 30 10 32 9 37 0 39 41 46 9 41 27 32 29 79 14 15 36 9 34 11 40 40 46 9 41 28 32 29 41 6 45 15 30 16 25 44 43 42 45 5 38 16 43 21 32 22 32 53 35 
26 12 20 19 20 24 27 16 23 23 13 27 29 51 25 51 44 63 35 48 53 49 55 18 35 18 6 34 36 11 44 24 48 14 43 39 54 23 42 41 40 43 14 81 30 40 6 45 23 50 39 54 23 42 41 40 44 46 9 41 28 32 29 39 50 57 52 60 15 50 30 55 34 36 35 47 67 50 
27 34 34 39 34 47 24 30 43 12 24 14 7 40 4 40 42 44 5 42 24 31 25 14 39 13 27 6 33 22 25 7 30 16 39 45 39 7 44 13 28 14 15 30 92 39 24 30 14 35 45 39 6 44 13 28 14 40 21 52 10 33 5 9 41 28 32 29 16 30 7 35 11 33 8 16 40 20 
59 30 59 27 58 64 58 24 64 28 48 25 45 79 39 78 78 84 44 80 59 71 58 42 6 42 45 46 6 45 24 33 25 36 75 77 79 39 78 52 66 50 36 40 39 19 40 18 27 20 76 79 39 77 52 66 50 77 40 80 47 66 44 46 79 61 72 60 41 28 32 29 50 68 48 47 48 46 
21 16 19 23 18 26 23 17 24 19 9 24 23 47 19 47 41 58 29 44 47 44 49 12 35 12 5 28 35 6 40 19 45 8 39 37 49 17 39 35 34 37 9 6 24 40 83 42 19 47 37 49 18 39 35 35 38 42 3 40 22 29 23 33 46 51 47 54 9 46 25 51 28 32 29 41 62 44 
56 39 59 40 59 68 53 32 66 24 47 19 37 70 32 70 72 72 34 73 44 61 42 39 23 38 47 36 14 45 6 27 6 35 69 74 69 34 74 39 59 36 34 45 30 18 42 56 23 5 74 69 33 73 39 59 36 70 41 79 40 63 36 33 71 46 60 44 39 9 22 12 41 63 37 32 29 30 
33 22 36 27 35 45 31 17 42 1 24 4 19 52 12 51 51 58 19 53 37 44 38 16 25 15 24 20 20 21 21 6 26 11 48 51 52 12 51 27 39 27 11 23 14 27 19 23 65 28 51 52 12 51 27 39 27 50 17 56 20 40 18 22 52 41 46 42 16 27 9 32 24 41 22 28 44 29 
61 43 64 44 64 73 58 37 71 29 53 24 42 74 37 74 77 76 38 77 47 65 44 44 26 43 52 40 17 50 10 32 6 40 74 79 73 39 79 43 63 39 40 50 35 20 47 5 28 59 79 73 38 78 43 63 39 75 46 85 45 68 40 37 76 48 64 46 44 9 27 9 45 67 41 35 28 32 
18 52 19 59 19 26 20 55 21 50 28 55 38 25 42 25 11 41 44 17 52 33 57 35 73 35 33 42 71 31 69 46 74 40 14 0 29 40 5 44 22 49 40 39 45 76 37 74 51 79 29 30 40 6 45 23 50 15 36 9 34 11 40 48 21 57 37 62 35 75 51 80 37 14 42 56 84 61 
29 65 40 71 39 53 26 64 47 50 40 53 33 5 39 4 19 11 35 14 31 8 36 39 77 39 47 33 72 42 63 45 67 46 16 31 0 39 25 30 14 34 46 54 39 79 49 69 52 73 30 31 39 24 30 14 35 14 46 39 31 26 34 36 9 34 11 40 41 66 47 71 28 20 31 40 68 45 
22 29 28 35 27 40 20 26 36 11 17 15 7 39 2 39 39 46 11 40 29 32 31 7 38 6 21 10 33 15 29 6 34 10 36 41 39 0 40 18 27 19 9 23 6 39 18 33 12 38 40 39 72 40 18 27 20 38 14 47 8 29 6 15 40 33 34 36 9 34 11 40 12 29 12 23 47 27 
18 55 23 62 23 31 20 57 26 50 30 55 37 19 41 19 5 35 42 11 48 27 54 35 74 35 36 40 72 33 69 46 74 41 8 6 23 39 0 41 18 46 41 42 44 77 39 73 51 78 6 24 40 18 42 19 47 9 38 14 33 11 38 45 15 53 32 58 36 74 51 79 34 11 40 53 82 58 
30 47 40 53 40 54 25 44 49 26 32 27 12 32 17 32 39 33 7 37 11 21 14 24 52 23 37 8 45 32 33 21 37 28 35 45 30 19 42 0 24 4 28 41 13 52 35 39 27 43 45 30 18 42 69 23 5 36 32 53 14 34 12 6 35 15 21 19 26 36 19 40 9 31 6 11 40 16 
16 51 27 57 27 41 12 50 35 38 26 42 21 12 27 12 15 23 25 14 29 11 34 25 65 25 33 23 60 28 53 33 58 32 11 24 13 26 19 22 0 28 32 40 28 66 35 59 39 63 23 14 27 19 23 22 28 12 32 32 19 14 23 28 13 34 15 38 27 57 36 62 17 9 22 34 63 40 
35 49 45 54 44 58 30 44 53 26 35 26 15 37 18 37 44 36 9 42 9 26 11 26 51 26 41 10 43 35 29 22 33 30 40 50 35 21 48 5 29 0 29 44 14 50 38 36 27 39 50 35 20 47 5 28 80 41 35 58 18 39 14 5 40 13 24 15 29 32 18 36 13 36 9 6 34 11 
20 58 28 65 28 39 19 59 34 49 32 53 33 9 39 10 4 25 38 2 41 18 46 35 75 35 39 35 71 35 65 44 70 41 2 16 14 37 10 35 12 40 41 46 40 77 42 70 50 75 15 14 38 9 36 12 41 60 39 24 30 14 35 40 6 45 23 50 36 70 48 75 30 9 35 47 75 52 
19 19 19 25 18 27 20 19 25 17 7 22 20 44 16 44 39 55 25 42 43 41 46 8 36 9 6 24 35 4 38 16 43 6 37 36 46 14 38 31 32 34 6 9 21 40 3 41 17 46 36 46 14 38 32 32 35 39 81 40 18 27 20 30 43 48 43 50 6 45 23 50 24 30 26 38 60 41 
24 54 21 60 21 23 28 57 19 55 32 60 46 34 48 34 19 50 52 25 61 42 66 40 76 41 35 49 75 35 76 52 81 45 23 8 38 46 14 53 31 58 45 41 52 80 40 79 56 85 9 39 47 14 53 32 58 24 40 12 42 19 47 56 30 66 47 71 40 81 58 87 45 23 50 64 92 69 
17 35 26 42 25 40 13 33 35 19 17 23 3 31 8 31 32 38 10 32 25 24 29 10 46 9 23 8 41 17 35 14 40 15 29 35 31 8 34 14 19 17 15 28 10 47 22 40 20 45 34 31 8 33 14 19 18 30 18 42 90 23 5 14 31 30 26 33 12 40 17 45 6 22 9 23 50 28 
7 45 14 51 14 27 9 46 21 39 19 44 27 21 31 22 12 37 33 16 42 25 47 24 63 24 25 30 61 22 58 35 63 30 11 11 25 29 11 33 14 38 30 32 33 66 29 63 40 68 11 26 29 11 34 14 39 14 27 19 23 46 28 37 19 47 30 52 25 63 40 69 25 6 31 45 73 50 
22 36 31 41 30 44 19 33 39 16 21 19 1 34 5 34 37 40 5 37 23 26 25 12 43 11 26 4 38 20 30 11 35 16 33 40 34 7 39 11 23 14 16 29 5 44 23 36 18 40 40 34 6 38 12 23 14 35 20 47 5 28 100 10 36 27 28 30 14 35 13 40 6 27 6 18 45 23 
32 44 41 49 40 54 27 39 49 21 31 21 11 38 13 37 43 39 4 42 14 27 16 22 46 21 36 6 39 30 27 17 31 25 39 48 36 16 46 6 28 4 25 39 9 46 33 33 22 37 48 36 15 45 6 28 5 40 30 56 14 37 10 79 40 18 27 20 24 30 14 35 11 34 6 8 36 13 
24 62 34 69 33 45 23 62 39 51 36 55 34 3 40 4 10 19 38 4 38 15 43 38 77 38 43 35 73 39 66 46 70 44 8 22 8 39 16 34 12 39 44 50 41 79 46 71 52 76 21 9 40 15 35 13 40 6 43 30 31 19 36 40 49 42 19 47 39 70 49 75 30 14 35 46 74 51 
44 62 55 67 54 69 40 58 64 39 47 39 27 38 32 38 49 32 22 46 4 27 3 39 63 39 53 23 55 47 39 35 41 43 45 57 35 34 53 16 34 14 43 57 28 61 51 46 41 48 57 34 33 53 15 34 13 45 48 66 30 47 27 18 42 60 23 5 42 39 31 42 24 42 21 14 35 15 
31 62 42 68 42 56 27 60 50 44 39 47 27 15 33 14 27 12 27 23 20 4 25 36 71 35 47 25 65 41 54 39 58 42 24 38 11 34 33 20 16 24 42 52 32 72 47 60 46 64 37 11 34 32 21 15 24 23 43 47 26 30 28 27 19 23 28 28 38 57 39 61 21 24 24 30 57 35 
48 64 59 69 58 73 44 59 68 41 51 39 30 44 34 43 54 37 25 51 9 32 4 42 63 41 56 26 54 50 37 37 39 46 50 62 40 36 58 19 39 16 45 60 29 60 54 44 42 46 62 40 36 58 19 38 15 50 50 71 33 52 30 20 47 5 28 70 44 37 32 39 28 47 24 14 30 14 
17 23 20 30 19 31 17 23 27 15 8 20 14 39 11 39 36 49 19 39 37 35 40 2 38 3 11 18 35 6 36 12 41 5 34 35 41 8 36 25 27 28 5 15 16 41 9 39 16 44 35 41 9 36 26 27 29 36 6 40 12 25 14 24 39 42 38 44 80 42 19 47 18 27 20 32 56 36 
57 46 62 48 62 73 54 40 70 27 50 22 37 68 33 68 72 68 32 72 39 58 36 41 32 40 51 34 23 48 6 29 3 39 69 75 66 35 74 36 58 32 38 50 30 28 46 9 27 9 75 66 34 74 36 57 32 70 45 81 40 63 35 30 70 39 57 37 42 37 23 5 40 63 35 27 20 23 
33 32 39 36 38 50 31 27 47 8 27 7 14 47 9 47 49 52 12 50 28 39 28 18 32 17 30 14 25 25 18 6 23 17 46 52 47 11 51 19 36 18 16 30 7 32 25 22 9 27 51 47 11 51 19 36 18 48 23 58 17 40 13 14 49 31 39 32 19 23 54 28 19 40 15 18 37 20 
62 50 68 52 67 78 59 44 75 33 56 27 42 73 38 72 77 72 37 77 42 62 39 46 35 46 56 39 26 53 11 34 6 44 74 80 71 40 79 41 63 36 43 55 35 29 51 12 32 9 80 71 40 79 40 62 36 75 50 87 45 69 40 35 75 42 61 39 47 5 28 41 45 68 40 30 18 27 
21 41 31 47 30 45 16 38 40 23 23 25 5 28 12 28 32 34 8 32 19 20 23 16 50 15 29 5 44 23 35 17 40 21 29 37 28 12 35 8 18 13 21 34 11 50 28 41 24 45 37 28 12 34 9 17 13 30 24 45 6 25 6 11 30 24 21 28 18 40 19 45 84 23 5 19 47 24 
10 48 20 55 20 33 10 49 27 40 23 44 26 16 30 16 9 31 31 12 38 19 43 25 65 26 30 28 62 25 58 35 63 32 7 15 19 29 11 30 8 35 32 36 33 68 32 63 41 67 14 20 29 11 31 9 36 9 30 23 22 6 27 34 14 42 24 47 27 63 40 68 23 38 28 42 70 47 
26 41 35 47 35 49 21 38 44 21 26 23 6 33 11 32 37 36 3 37 17 23 19 18 48 17 32 2 41 26 31 16 35 22 34 42 32 13 40 5 23 8 22 35 8 48 29 37 22 41 42 31 12 40 6 22 9 35 26 50 9 31 6 6 35 21 24 24 20 35 15 40 5 28 94 14 42 19 
40 50 49 55 49 63 36 45 58 27 40 25 19 43 21 43 50 41 13 48 12 32 10 30 49 29 44 15 41 39 25 23 28 33 46 56 41 24 54 11 35 6 32 47 16 47 41 32 28 35 56 40 23 53 11 34 6 47 38 64 23 45 18 8 46 14 30 14 32 27 18 30 19 42 14 47 28 5 
67 65 75 67 75 87 64 59 83 44 64 40 46 71 45 71 79 67 40 77 37 60 32 54 53 54 67 42 43 62 26 43 23 54 75 85 69 48 82 40 64 35 53 67 40 48 62 29 44 28 84 68 47 82 40 63 34 75 60 92 50 73 45 36 74 35 57 30 56 20 37 18 47 70 42 28 10 23 
45 52 54 56 53 67 41 47 62 29 44 27 24 48 25 48 55 45 17 54 15 37 12 34 49 33 48 20 40 43 23 26 25 36 51 61 46 28 59 17 40 11 35 50 20 46 44 30 29 32 61 45 27 58 16 40 11 52 41 69 28 50 23 13 51 15 35 14 36 23 20 27 24 47 19 5 23 57 
