36 9
84 49 45 30 8 17 37 11 41 6 11 33 26 39 30 55 42 37 33 71 40 33 12 18 43 16 3 8 32 0 19 33 21 26 15 35 
49 82 36 39 45 47 12 41 42 42 57 74 71 53 70 6 11 33 26 39 30 33 38 40 7 35 52 52 23 48 66 44 64 38 62 41 
45 36 13 15 36 31 36 33 66 42 56 78 72 72 75 41 42 58 49 75 57 11 33 26 39 30 48 42 45 45 63 63 66 55 60 62 
30 39 15 23 21 15 34 19 58 28 42 63 57 62 61 46 41 51 43 75 52 6 19 11 39 18 33 26 39 30 48 54 52 46 45 54 
8 45 36 21 66 8 34 4 46 9 20 42 35 46 39 52 40 41 35 72 43 25 6 9 41 10 11 7 32 9 26 39 30 31 23 40 
17 47 31 15 8 53 38 8 53 18 28 49 42 54 47 53 44 48 41 77 49 20 11 6 44 13 19 11 38 17 33 47 38 39 30 48 
37 12 36 34 34 38 78 31 32 30 44 62 59 42 58 18 6 23 15 41 22 29 28 31 6 24 40 41 11 36 53 33 51 26 49 30 
11 41 33 19 4 8 31 61 44 10 23 45 38 46 42 48 37 39 32 69 41 21 3 7 37 6 14 11 30 11 30 38 33 30 26 39 
41 42 66 58 46 53 32 44 98 36 39 45 47 12 41 45 30 8 17 37 11 57 42 50 34 41 42 49 21 40 47 8 40 14 43 6 
6 42 42 28 9 18 30 10 36 90 15 36 31 36 33 49 35 32 26 65 34 30 8 17 37 11 10 13 25 6 24 29 25 21 20 30 
11 57 56 42 20 28 44 23 39 15 61 21 15 34 19 63 49 39 36 74 42 45 23 30 51 27 8 17 37 11 9 31 10 26 5 34 
33 74 78 63 42 49 62 45 45 36 21 17 8 34 4 80 64 49 50 82 53 66 45 52 67 48 30 38 52 33 17 37 11 37 19 41 
26 71 72 57 35 42 59 38 47 31 15 8 34 38 8 77 62 49 49 83 53 60 39 45 65 42 23 30 50 27 8 38 7 37 11 42 
39 53 72 62 46 54 42 46 12 36 34 34 38 74 31 56 41 20 26 49 23 62 44 52 45 44 39 47 30 38 39 8 32 17 37 11 
30 70 75 61 39 47 58 42 41 33 19 4 8 31 23 76 60 45 46 78 49 63 42 49 63 45 27 35 48 30 16 33 8 33 17 37 
55 6 41 46 52 53 18 48 45 49 63 80 77 56 76 72 15 36 31 36 33 39 45 47 12 41 59 59 28 55 72 48 70 43 68 45 
42 11 42 41 40 44 6 37 30 35 49 64 62 41 60 15 79 21 15 34 19 36 34 38 4 31 45 47 12 41 58 33 55 27 54 29 
37 33 58 51 41 48 23 39 8 32 39 49 49 20 45 36 21 91 8 34 4 49 36 43 25 35 39 45 13 37 47 12 41 12 43 8 
33 26 49 43 35 41 15 32 17 26 36 50 49 26 46 31 15 8 94 38 8 40 29 36 19 27 35 39 4 32 45 17 41 12 41 14 
71 39 75 75 72 77 41 69 37 65 74 82 83 49 78 36 34 34 38 25 31 70 66 72 36 64 73 77 39 70 82 45 76 47 78 41 
40 30 57 52 43 49 22 41 11 34 42 53 53 23 49 33 19 4 8 31 83 49 38 45 23 36 42 47 12 39 50 16 45 16 47 12 
33 33 11 6 25 20 29 21 57 30 45 66 60 62 63 39 36 49 40 70 49 31 21 15 34 19 36 31 36 33 52 53 55 45 48 52 
12 38 33 19 6 11 28 3 42 8 23 45 39 44 42 45 34 36 29 66 38 21 73 8 34 4 15 13 26 12 31 36 33 28 27 36 
18 40 26 11 9 6 31 7 50 17 30 52 45 52 49 47 38 43 36 72 45 15 8 62 38 8 21 15 33 18 36 44 40 36 33 44 
43 7 39 39 41 44 6 37 34 37 51 67 65 45 63 12 4 25 19 36 23 34 34 38 72 31 47 48 15 43 60 36 57 31 56 33 
16 35 30 18 10 13 24 6 41 11 27 48 42 44 45 41 31 35 27 64 36 19 4 8 31 67 19 17 24 15 35 36 36 28 31 36 
3 52 48 33 11 19 40 14 42 10 8 30 23 39 27 59 45 39 35 73 42 36 15 21 47 19 43 8 34 4 15 34 19 28 12 36 
8 52 42 26 7 11 41 11 49 13 17 38 30 47 35 59 47 45 39 77 47 31 13 15 48 17 8 31 38 8 21 41 26 34 19 43 
32 23 45 39 32 38 11 30 21 25 37 52 50 30 48 28 12 13 4 39 12 36 26 33 15 24 34 38 69 31 46 21 42 15 42 19 
0 48 45 30 9 17 36 11 40 6 11 33 27 38 30 55 41 37 32 70 39 33 12 18 43 15 4 8 31 38 19 32 21 26 15 34 
19 66 63 48 26 33 53 30 47 24 9 17 8 39 16 72 58 47 45 82 50 52 31 36 60 35 15 21 46 19 17 38 8 34 4 41 
33 44 63 54 39 47 33 38 8 29 31 37 38 8 33 48 33 12 17 45 16 53 36 44 36 36 34 41 21 32 38 69 31 8 35 4 
21 64 66 52 30 38 51 33 40 25 10 11 7 32 8 70 55 41 41 76 45 55 33 40 57 36 19 26 42 21 8 31 8 29 8 34 
26 38 55 46 31 39 26 30 14 21 26 37 37 17 33 43 27 12 12 47 16 45 28 36 31 28 28 34 15 26 34 8 29 76 31 8 
15 62 60 45 23 30 49 26 43 20 5 19 11 37 17 68 54 43 41 78 47 48 27 33 56 31 12 19 42 15 4 35 8 31 17 38 
35 41 62 54 40 48 30 39 6 30 34 41 42 11 37 45 29 8 14 41 12 52 36 44 33 36 36 43 19 34 41 4 34 8 38 62 
