55 11
29 21 36 27 37 29 24 8 31 30 18 25 17 24 24 13 23 26 17 47 39 45 15 35 21 17 28 52 61 33 49 21 35 47 52 25 40 16 26 37 38 49 19 39 50 27 24 54 46 12 28 36 26 10 48 
21 36 19 9 23 42 11 26 44 32 14 5 5 9 43 8 39 45 27 25 17 24 24 13 23 26 17 31 42 31 29 4 33 35 32 28 19 13 31 27 37 31 3 40 40 33 45 69 55 14 35 29 47 27 57 
36 19 51 10 6 46 12 44 47 28 33 14 24 12 52 25 57 54 33 18 19 12 31 16 42 32 11 17 24 24 13 23 26 17 15 28 9 32 30 13 30 12 20 32 23 33 57 71 53 33 34 17 58 37 55 
27 9 10 35 13 41 4 34 43 26 24 5 14 2 45 15 47 46 26 22 18 19 24 13 32 25 9 25 34 24 22 13 26 25 24 24 13 23 26 17 30 22 9 33 30 29 49 67 51 23 31 20 50 29 53 
37 23 6 13 49 42 13 45 44 24 37 18 27 14 51 27 59 52 31 23 25 18 29 22 46 30 9 21 25 19 17 27 21 12 17 25 14 36 26 7 24 13 23 26 17 29 56 67 48 36 31 12 57 36 50 
29 42 46 41 42 49 36 35 2 20 46 43 41 38 14 37 46 13 15 62 58 58 18 54 51 15 34 63 67 25 59 45 24 45 60 17 53 45 16 37 24 56 39 24 44 13 23 26 17 40 12 33 22 18 19 
24 11 12 4 13 36 27 32 38 22 25 8 15 2 41 14 46 42 22 26 22 23 19 18 33 21 6 29 37 20 25 15 22 24 27 20 17 23 22 15 26 24 10 29 29 24 45 63 46 23 26 17 46 25 48 
8 26 44 34 45 35 32 46 37 39 18 31 22 31 27 19 14 29 25 52 43 51 23 40 18 25 36 58 68 42 55 25 43 55 58 33 46 17 35 45 46 56 24 48 58 35 24 59 53 13 36 45 26 17 55 
31 44 47 43 44 2 38 37 53 21 48 45 44 40 15 39 48 14 17 64 60 60 20 56 53 18 36 65 69 26 61 47 25 46 62 19 55 47 17 38 25 57 41 24 45 15 24 24 15 43 13 34 23 21 17 
30 32 28 26 24 20 22 39 21 35 42 31 33 25 31 30 53 31 14 46 44 41 15 40 49 14 18 45 48 5 41 36 5 25 41 5 37 40 5 17 7 37 29 9 24 6 38 43 24 37 7 13 38 23 26 
18 14 33 24 37 46 25 18 48 42 43 19 9 23 42 11 26 44 32 36 27 37 29 24 8 31 30 44 56 42 43 11 44 49 46 37 33 1 39 40 48 45 14 50 54 40 42 72 62 5 42 42 44 28 64 
25 5 14 5 18 43 8 31 45 31 19 73 10 6 46 12 44 47 28 21 15 20 25 10 27 27 14 27 37 29 24 8 31 30 27 28 14 18 30 23 35 26 6 37 36 32 49 70 55 19 35 26 50 29 57 
17 5 24 14 27 41 15 22 44 33 9 10 54 13 41 4 34 43 26 30 21 29 23 18 18 26 21 36 47 34 34 3 36 39 37 29 24 8 31 30 40 36 4 42 44 33 42 68 55 9 35 32 44 24 57 
24 9 12 2 14 38 2 31 40 25 23 6 13 75 42 13 45 44 24 24 20 21 21 15 31 23 8 28 36 23 24 13 25 26 27 22 16 22 24 17 29 24 8 31 30 27 46 65 49 21 29 20 47 26 51 
24 43 52 45 51 14 41 27 15 31 42 46 41 42 59 36 35 2 20 67 61 64 21 56 45 20 41 70 76 36 66 44 36 56 68 27 59 41 26 46 37 64 40 37 56 24 8 31 30 37 24 43 7 16 32 
13 8 25 15 27 37 14 19 39 30 11 12 4 13 36 49 32 38 22 33 25 32 19 21 19 21 19 39 49 31 36 8 33 39 39 25 27 10 28 29 37 37 5 39 43 29 38 64 51 8 31 30 39 20 53 
23 39 57 47 59 46 46 14 48 53 26 44 34 45 35 32 17 37 39 63 54 63 37 51 21 39 50 70 81 56 68 36 57 70 71 47 58 27 48 60 61 70 37 62 73 48 29 67 64 24 50 59 31 30 66 
26 45 54 46 52 13 42 29 14 31 44 47 43 44 2 38 37 63 21 68 63 65 22 58 47 21 42 71 77 37 67 46 36 56 69 27 60 43 27 47 37 65 42 37 56 25 9 29 29 39 24 44 8 18 30 
17 27 33 26 31 15 22 25 17 14 32 28 26 24 20 22 39 21 61 48 43 45 2 39 38 0 21 50 56 18 46 30 19 36 48 8 39 30 9 27 22 44 24 23 37 9 25 42 29 27 11 24 26 8 31 
47 25 18 22 23 62 26 52 64 46 36 21 30 24 67 33 63 68 48 38 10 6 46 12 44 47 28 9 23 42 11 26 44 32 14 45 9 36 47 31 48 17 28 50 38 50 70 88 71 39 52 35 71 51 73 
39 17 19 18 25 58 22 43 60 44 27 15 21 20 61 25 54 63 43 10 19 13 41 4 34 43 26 19 32 42 19 18 44 36 23 42 11 26 44 32 48 24 20 50 42 47 63 85 69 30 49 36 65 44 71 
45 24 12 19 18 58 23 51 60 41 37 20 29 21 64 32 63 65 45 6 13 46 42 13 45 44 24 6 19 37 6 27 39 26 9 41 5 37 43 25 42 11 26 44 32 45 68 84 66 39 47 30 69 48 68 
15 24 31 24 29 18 19 23 20 15 29 25 23 21 21 19 37 22 2 46 41 42 85 36 35 2 20 48 55 19 44 27 20 36 46 9 37 28 11 26 23 43 21 24 37 11 26 44 32 24 13 24 27 7 34 
35 13 16 13 22 54 18 40 56 40 24 10 18 15 56 21 51 58 39 12 4 13 36 23 32 38 22 20 32 37 19 14 40 33 23 38 9 24 40 28 43 23 16 46 39 42 59 80 64 26 44 32 60 40 66 
21 23 42 32 46 51 33 18 53 49 8 27 18 31 45 19 21 47 38 44 34 45 35 32 53 37 39 52 64 50 51 19 52 58 54 44 41 9 46 49 56 53 23 58 62 47 42 76 67 11 49 50 44 32 69 
17 26 32 25 30 15 21 25 18 14 31 27 26 23 20 21 39 21 0 47 43 44 2 38 37 89 21 50 56 18 46 29 19 36 47 8 39 30 9 26 22 44 23 23 37 9 26 42 30 26 11 24 26 8 32 
28 17 11 9 9 34 6 36 36 18 30 14 21 8 41 19 50 42 21 28 26 24 20 22 39 21 64 29 35 15 25 21 17 19 26 17 19 29 19 9 21 23 16 23 23 21 46 60 42 28 23 11 47 26 44 
52 31 17 25 21 63 29 58 65 45 44 27 36 28 70 39 70 71 50 9 19 6 48 20 52 50 29 20 13 41 4 34 43 26 6 46 12 44 47 28 45 10 33 47 32 50 74 88 69 46 52 33 75 54 71 
61 42 24 34 25 67 37 68 69 48 56 37 47 36 76 49 81 77 56 23 32 19 55 32 64 56 35 13 12 42 13 45 44 24 10 50 23 55 51 30 46 12 44 47 28 54 81 90 70 57 55 34 82 61 72 
33 31 24 24 19 25 20 42 26 5 42 29 34 23 36 31 56 37 18 42 42 37 19 37 50 18 15 41 42 92 36 35 2 20 36 10 33 41 10 12 6 32 29 8 19 12 44 47 28 39 13 8 44 27 30 
49 29 13 22 17 59 25 55 61 41 43 24 34 24 66 36 68 67 46 11 19 6 44 19 51 46 25 4 13 36 24 32 38 22 3 41 10 42 43 24 41 6 31 43 28 46 71 84 65 44 47 28 72 51 67 
21 4 23 13 27 45 15 25 47 36 11 8 3 13 44 8 36 46 30 26 18 27 27 14 19 29 21 34 45 35 32 88 37 39 35 32 22 10 34 31 41 34 6 43 44 36 46 71 58 12 38 33 47 28 60 
35 33 26 26 21 24 22 43 25 5 44 31 36 25 36 33 57 36 19 44 44 39 20 40 52 19 17 43 44 2 38 37 95 21 38 10 35 43 10 14 4 34 31 6 19 11 44 46 26 40 12 10 44 27 28 
47 35 17 25 12 45 24 55 46 25 49 30 39 26 56 39 70 56 36 32 36 26 36 33 58 36 19 26 24 20 22 39 21 57 21 29 25 48 29 10 22 16 34 23 6 32 62 66 46 47 33 12 63 44 47 
52 32 15 24 17 60 27 58 62 41 46 27 37 27 68 39 71 69 48 14 23 9 46 23 54 47 26 6 10 36 3 35 38 21 26 42 13 45 44 24 41 4 34 43 26 47 73 84 65 47 48 28 74 53 67 
25 28 28 24 25 17 20 33 19 5 37 28 29 22 27 25 47 27 8 45 42 41 9 38 44 8 17 46 50 10 41 32 10 29 42 82 36 35 2 20 13 38 26 14 29 4 34 43 26 32 6 16 34 17 28 
40 19 9 13 14 53 17 46 55 37 33 14 24 16 59 27 58 60 39 9 11 5 37 9 41 39 19 12 23 33 10 22 35 25 13 36 9 32 38 22 39 13 21 41 31 41 62 79 61 34 43 26 64 42 64 
16 13 32 23 36 45 23 17 47 40 1 18 8 22 41 10 27 43 30 36 26 37 28 24 9 30 29 44 55 41 42 10 43 48 45 35 32 68 37 39 47 44 13 49 52 39 41 71 60 4 41 40 43 26 62 
26 31 30 26 26 16 22 35 17 5 39 30 31 24 26 28 48 27 9 47 44 43 11 40 46 9 19 47 51 10 43 34 10 29 44 2 38 37 86 21 12 40 28 13 29 2 33 41 24 34 4 17 34 18 26 
37 27 13 17 7 37 15 45 38 17 40 23 30 17 46 29 60 47 27 31 32 25 26 28 49 26 9 28 30 12 24 31 14 10 24 20 22 39 21 53 17 19 26 19 13 23 53 60 41 38 25 4 53 34 43 
38 37 30 30 24 24 26 46 25 7 48 35 40 29 37 37 61 37 22 48 48 42 23 43 56 22 21 45 46 6 41 41 4 22 41 13 39 47 12 17 85 36 35 2 20 13 45 44 24 44 13 12 45 30 25 
49 31 12 22 13 56 24 56 57 37 45 26 36 24 64 37 70 65 44 17 24 11 43 23 53 44 23 10 12 32 6 34 34 16 4 38 13 44 40 19 36 27 32 38 22 42 69 80 60 45 44 24 70 49 62 
19 3 20 9 23 39 10 24 41 29 14 6 4 8 40 5 37 42 24 28 20 26 21 16 23 23 16 33 44 29 31 6 31 34 34 26 21 13 28 26 35 32 91 37 39 30 42 66 52 13 32 27 44 24 54 
39 40 32 33 26 24 29 48 24 9 50 37 42 31 37 39 62 37 23 50 50 44 24 46 58 23 23 47 47 8 43 43 6 23 43 14 41 49 13 19 2 38 37 88 21 14 45 42 22 46 13 14 45 31 24 
50 40 23 30 17 44 29 58 45 24 54 36 44 30 56 43 73 56 37 38 42 32 37 39 62 37 23 32 28 19 28 44 19 6 26 29 31 52 29 13 20 22 39 21 48 31 63 63 42 51 32 13 63 45 44 
27 33 33 29 29 13 24 35 15 6 40 32 33 27 24 29 48 25 9 50 47 45 11 42 47 9 21 50 54 12 46 36 11 32 47 4 41 39 2 23 13 42 30 14 31 73 32 38 22 35 2 20 32 17 24 
24 45 57 49 56 23 45 24 24 38 42 49 42 46 8 38 29 9 25 70 63 68 26 59 42 26 46 74 81 44 71 46 44 62 73 34 62 41 33 53 45 69 42 45 63 32 71 37 39 36 32 50 2 20 40 
54 69 71 67 67 26 63 59 24 43 72 70 68 65 31 64 67 29 42 88 85 84 44 80 76 42 60 88 90 47 84 71 46 66 84 43 79 71 41 60 44 80 66 42 63 38 37 4 21 66 36 56 35 44 20 
46 55 53 51 48 17 46 53 15 24 62 55 55 49 30 51 64 29 29 71 69 66 32 64 67 30 42 69 70 28 65 58 26 46 65 26 61 60 24 41 24 60 52 22 42 22 39 21 40 56 20 36 38 35 2 
12 14 33 23 36 40 23 13 43 37 5 19 9 21 37 8 24 39 27 39 30 39 24 26 11 26 28 46 57 39 44 12 40 47 47 32 34 4 34 38 44 45 13 46 51 35 36 66 56 64 37 39 38 22 58 
28 35 34 31 31 12 26 36 13 7 42 35 35 29 24 31 50 24 11 52 49 47 13 44 49 11 23 52 55 13 47 38 12 33 48 6 43 41 4 25 13 44 32 13 32 2 32 36 20 37 77 21 32 19 22 
36 29 17 20 12 33 17 45 34 13 42 26 32 20 43 30 59 44 24 35 36 30 24 32 50 24 11 33 34 8 28 33 10 12 28 16 26 40 17 4 12 24 27 14 13 20 50 56 36 39 21 44 50 32 38 
26 47 58 50 57 22 46 26 23 38 44 50 44 47 7 39 31 8 26 71 65 69 27 60 44 26 47 75 82 44 72 47 44 63 74 34 64 43 34 53 45 70 44 45 63 32 2 35 38 38 32 50 75 21 39 
10 27 37 29 36 18 25 17 21 23 28 29 24 26 16 20 30 18 8 51 44 48 7 40 32 8 26 54 61 27 51 28 27 44 53 17 42 26 18 34 30 49 24 31 45 17 20 44 35 22 19 32 21 78 37 
48 57 55 53 50 19 48 55 17 26 64 57 57 51 32 53 66 30 31 73 71 68 34 66 69 32 44 71 72 30 67 60 28 47 67 28 64 62 26 43 25 62 54 24 44 24 40 20 2 58 22 38 39 37 42 
