66 12
51 13 15 26 25 20 34 31 17 29 12 14 15 21 0 6 23 8 18 14 35 2 25 13 7 31 17 18 22 26 12 14 12 20 23 5 14 21 26 21 46 26 33 38 34 20 35 31 18 29 13 29 26 12 23 16 35 38 45 34 18 31 4 29 31 25 
13 29 13 15 14 11 22 22 7 16 21 25 28 25 12 19 22 13 26 15 46 15 21 0 6 23 8 18 14 35 10 12 16 10 20 12 1 33 16 12 38 13 29 29 37 10 23 22 8 16 21 17 19 7 10 26 22 31 35 34 5 18 15 22 38 28 
15 13 30 28 15 9 34 18 21 25 27 29 25 34 15 19 34 7 33 26 50 14 34 13 12 36 8 30 27 41 21 0 6 23 8 18 14 35 28 25 51 23 41 42 47 9 34 18 21 26 28 30 12 19 21 31 31 44 47 46 15 24 19 35 46 38 
26 15 28 43 21 22 9 29 8 9 28 34 40 25 25 31 17 28 31 18 52 28 14 14 20 10 20 19 5 40 15 27 31 6 33 23 14 43 0 6 23 8 18 14 35 21 9 29 8 9 27 3 29 14 8 34 13 17 19 29 12 17 26 9 39 26 
25 14 15 21 1 6 23 8 18 13 35 39 39 39 25 31 34 21 41 29 60 26 32 14 19 31 8 32 23 50 24 15 21 20 16 27 14 47 21 21 43 13 39 34 51 6 23 8 18 14 35 21 9 21 13 40 17 38 37 47 10 9 29 30 53 42 
20 11 9 22 6 12 26 11 17 17 31 34 33 36 20 25 32 14 37 26 55 20 32 11 14 32 2 30 23 45 21 8 15 19 11 22 11 41 23 21 46 16 39 36 48 0 27 11 18 18 31 23 8 18 14 35 22 40 40 45 9 15 24 31 49 39 
34 22 34 9 23 26 47 30 17 9 37 43 49 33 34 40 25 35 40 27 61 37 21 22 28 14 25 27 14 48 24 33 38 15 38 32 21 52 8 15 21 10 23 13 43 25 0 29 16 8 36 6 32 23 12 43 8 18 14 35 18 16 35 14 48 34 
31 22 18 29 8 11 30 16 27 21 42 46 43 47 31 36 43 25 48 37 67 32 41 22 26 40 14 40 32 57 32 18 24 28 15 33 22 53 30 30 51 21 47 42 59 11 30 0 27 22 42 29 6 29 21 47 23 47 44 56 18 14 35 39 60 50 
17 7 21 8 18 17 17 27 37 13 21 26 32 21 16 23 15 20 25 12 46 20 14 7 11 15 15 14 6 34 7 20 23 2 27 15 6 35 9 4 31 10 21 21 33 17 17 26 0 13 20 11 25 6 7 26 19 23 28 28 8 19 18 14 35 23 
29 16 25 9 13 17 9 21 13 29 34 39 44 33 28 35 26 28 38 25 59 31 24 15 22 19 17 27 14 47 20 24 30 12 29 27 15 48 9 13 30 2 28 21 44 16 9 20 13 0 34 8 23 19 6 40 6 26 23 38 10 8 30 18 48 35 
12 21 27 28 35 31 37 42 21 34 71 6 17 10 12 12 16 21 6 10 25 14 20 21 16 28 28 11 23 14 13 27 25 22 35 9 21 15 28 22 42 31 26 35 21 31 37 42 21 34 0 31 38 15 28 6 40 34 44 23 26 39 8 27 18 14 
14 25 29 34 39 34 43 46 26 39 6 26 13 15 14 11 22 22 7 16 21 15 26 25 20 34 31 17 29 12 19 29 25 28 37 12 25 9 34 28 49 37 32 42 24 34 43 46 26 40 6 37 41 20 33 2 46 40 50 28 30 44 10 33 19 19 
15 28 25 40 39 33 49 43 32 44 17 13 30 28 15 9 34 18 21 25 27 13 36 28 22 44 31 28 36 24 26 25 20 34 31 17 29 12 41 35 59 41 43 51 37 33 50 44 32 44 18 43 38 26 38 15 50 50 59 41 33 46 14 42 31 32 
21 25 34 25 39 36 33 47 21 33 10 15 28 52 21 22 9 29 8 9 28 23 13 24 22 22 33 6 19 15 15 34 34 21 43 16 24 22 25 20 34 31 17 29 12 35 34 47 21 34 9 28 44 17 29 14 39 26 38 13 28 40 17 21 14 4 
0 12 15 25 25 20 34 31 16 28 12 14 15 21 51 6 23 8 18 13 35 3 24 13 6 30 17 17 22 26 12 15 13 19 23 4 13 21 26 20 46 26 32 37 33 20 34 31 17 29 12 28 26 11 22 16 35 37 44 33 18 31 4 29 31 25 
6 19 19 31 31 25 40 36 23 35 12 11 9 22 6 40 26 11 17 17 31 4 29 19 13 35 23 21 27 24 17 19 15 25 26 8 20 16 32 26 51 32 36 43 33 25 41 36 23 35 12 34 31 17 29 12 41 42 50 35 24 37 6 34 30 26 
23 22 34 17 34 32 25 43 15 26 16 22 34 9 23 26 69 30 17 9 37 26 4 21 21 13 30 5 12 24 12 33 34 15 42 18 21 30 17 13 26 24 9 20 18 32 25 42 15 26 16 20 41 14 22 22 31 17 29 12 24 34 20 12 22 9 
8 13 7 28 21 14 35 25 20 28 21 22 18 29 8 11 30 63 27 21 42 7 31 13 9 35 13 25 26 34 18 7 4 22 15 13 14 28 29 24 51 26 39 42 42 15 36 25 20 29 21 30 20 16 23 23 34 43 48 41 17 29 12 34 40 33 
18 26 33 31 41 37 40 48 25 38 6 7 21 8 18 17 17 27 35 13 21 20 21 26 22 30 34 13 26 8 18 33 31 26 41 15 26 14 32 25 43 36 26 37 16 37 40 48 25 39 5 34 44 20 33 6 44 34 46 20 31 44 14 29 12 11 
14 15 26 18 29 26 27 37 12 25 10 16 25 9 13 17 9 21 13 58 34 17 11 15 13 18 23 4 13 22 5 25 25 13 34 9 15 25 18 12 33 23 18 26 22 26 27 37 12 25 9 21 34 7 20 16 31 25 34 20 19 31 11 17 23 12 
35 46 50 52 60 55 61 67 46 59 25 21 27 28 35 31 37 42 21 34 25 35 41 46 41 50 52 33 47 13 38 50 46 47 57 33 46 15 53 46 61 57 44 57 26 55 61 67 46 60 25 55 62 40 54 20 65 53 66 34 51 65 31 49 17 29 
2 15 14 28 26 20 37 32 20 31 14 15 13 23 3 4 26 7 20 17 35 26 28 15 9 34 18 21 25 27 15 14 11 22 22 7 16 21 29 23 49 28 35 41 36 21 37 32 20 31 15 31 26 15 25 16 37 41 48 36 20 33 6 32 33 27 
25 21 34 14 32 32 21 41 14 24 20 26 36 13 24 29 4 31 21 11 41 28 31 21 22 9 29 8 9 28 13 33 35 12 41 20 20 34 14 11 22 22 7 16 21 31 21 41 14 23 19 16 40 14 20 25 28 14 25 15 22 31 22 8 26 13 
13 0 13 14 14 11 22 22 7 15 21 25 28 24 13 19 21 13 26 15 46 15 21 29 6 23 8 18 13 35 9 13 16 9 20 13 0 34 15 11 38 13 28 28 37 11 22 22 7 16 21 17 19 7 9 26 22 30 34 34 5 18 15 21 38 28 
7 6 12 20 19 14 28 26 11 22 16 20 22 22 6 13 21 9 22 13 41 9 22 6 22 26 11 17 17 31 9 12 13 14 20 7 7 28 20 15 42 19 30 33 35 14 28 26 12 22 16 22 22 7 16 21 28 34 39 34 11 24 9 25 35 26 
31 23 36 10 31 32 14 40 15 19 28 34 44 22 30 35 13 35 30 18 50 34 9 23 26 45 30 17 9 37 18 36 39 13 43 27 22 43 10 11 15 18 9 7 29 31 14 39 15 19 27 11 39 19 18 34 22 7 16 21 22 27 29 1 35 21 
17 8 8 20 8 2 25 14 15 17 28 31 31 33 17 23 30 13 34 23 52 18 29 8 11 30 44 27 21 42 18 7 13 17 13 19 9 39 21 19 44 15 36 35 46 2 26 14 15 17 28 22 11 16 13 32 22 38 39 43 7 16 21 29 46 36 
18 18 30 19 32 30 27 40 14 27 11 17 28 6 17 21 5 25 13 4 33 21 8 18 17 17 27 15 13 21 8 29 30 14 38 13 18 26 19 13 31 24 15 24 19 29 28 40 14 27 10 21 38 11 22 16 32 22 33 16 22 33 15 16 21 9 
22 14 27 5 23 23 14 32 6 14 23 29 36 19 22 27 12 26 26 13 47 25 9 13 17 9 21 13 32 34 10 27 30 4 34 19 13 38 5 2 24 12 15 15 30 23 14 31 6 14 22 8 31 10 11 29 19 17 22 24 14 22 22 7 34 21 
26 35 41 40 50 45 48 57 34 47 14 12 24 15 26 24 24 34 8 22 13 27 28 35 31 37 42 21 34 42 27 41 38 35 49 23 35 13 40 34 49 45 31 44 15 45 49 57 34 47 14 42 53 29 42 11 53 40 53 22 40 53 22 36 7 16 
12 10 21 15 24 21 24 32 7 20 13 19 26 15 12 17 12 18 18 5 38 15 13 9 9 18 18 8 10 27 56 21 22 9 29 8 9 28 15 9 34 18 21 25 27 20 24 32 7 21 13 18 29 2 15 19 27 25 33 25 13 26 11 17 29 18 
14 12 0 27 15 8 33 18 20 24 27 29 25 34 15 19 33 7 33 25 50 14 33 13 12 36 7 29 27 41 21 31 6 23 8 18 13 35 28 24 51 23 41 41 47 9 34 18 21 25 27 29 12 19 20 30 30 44 47 46 14 23 19 34 46 38 
12 16 6 31 21 15 38 24 23 30 25 25 20 34 13 15 34 4 31 25 46 11 35 16 13 39 13 30 30 38 22 6 18 26 11 17 17 31 32 28 54 28 43 45 46 15 39 24 24 31 25 34 18 21 25 27 36 47 51 46 19 30 17 38 44 38 
20 10 23 6 20 19 15 28 2 12 22 28 34 21 19 25 15 22 26 13 47 22 12 9 14 13 17 14 4 35 9 23 26 68 30 17 9 37 6 2 28 10 19 19 32 19 15 28 2 12 22 9 27 8 7 28 18 21 25 27 10 19 20 11 35 23 
23 20 8 33 16 11 38 15 27 29 35 37 31 43 23 26 42 15 41 34 57 22 41 20 20 43 13 38 34 49 29 8 11 30 36 27 21 42 34 32 57 28 49 48 56 12 39 15 28 30 36 35 9 27 26 38 34 51 52 54 21 25 27 42 54 46 
5 12 18 23 27 22 32 33 15 27 9 12 17 16 4 8 18 13 15 9 33 7 20 13 7 27 19 13 19 23 8 18 17 17 27 42 13 21 24 17 42 25 28 34 29 22 32 33 15 28 9 26 29 9 21 13 34 34 42 29 18 31 3 25 27 20 
14 1 14 14 14 11 21 22 6 15 21 25 29 24 13 20 21 14 26 15 46 16 20 0 7 22 9 18 13 35 9 13 17 9 21 13 51 34 14 10 37 12 27 28 37 11 22 22 7 15 21 16 20 7 9 26 21 30 34 34 4 18 16 21 38 27 
21 33 35 43 47 41 52 53 35 48 15 9 12 22 21 16 30 28 14 25 15 21 34 34 28 43 39 26 38 13 28 35 31 37 42 21 34 55 43 37 57 46 40 50 28 42 52 53 35 49 15 46 48 29 42 9 55 48 59 34 39 52 18 42 21 25 
26 16 28 0 21 23 8 30 9 9 28 34 41 25 26 32 17 29 32 18 53 29 14 15 20 10 21 19 5 40 15 28 32 6 34 24 14 43 42 6 23 8 18 13 35 22 9 29 8 9 28 2 30 14 8 34 13 17 19 29 13 18 27 9 40 26 
21 12 25 6 21 21 15 30 4 13 22 28 35 20 20 26 13 24 25 12 46 23 11 11 15 11 19 13 2 34 9 24 28 2 32 17 10 37 6 44 26 11 17 17 31 21 15 30 3 13 21 9 29 8 9 28 19 19 24 25 12 21 20 10 34 21 
46 38 51 23 43 46 21 51 31 30 42 49 59 34 46 51 26 51 43 33 61 49 22 38 42 15 44 31 24 49 34 51 54 28 57 42 37 57 23 26 18 30 17 9 37 45 21 51 30 29 42 22 52 34 31 48 29 8 9 28 36 37 45 16 45 32 
26 13 23 8 13 16 10 21 10 2 31 37 41 31 26 32 24 26 36 23 57 28 22 13 19 18 15 24 12 45 18 23 28 10 28 25 12 46 8 11 30 59 27 21 42 15 10 21 10 3 31 8 22 16 3 37 9 25 24 37 8 9 28 17 46 33 
33 29 41 18 39 39 23 47 21 28 26 32 43 17 32 36 9 39 26 18 44 35 7 28 30 9 36 15 15 31 21 41 43 19 49 28 27 40 18 17 17 27 17 13 21 38 23 47 21 28 25 20 47 22 26 31 31 9 22 12 29 36 30 9 28 15 
38 29 42 14 34 36 13 42 21 21 35 42 51 29 37 43 20 42 37 26 57 41 16 28 33 7 35 24 15 44 25 41 45 19 48 34 28 50 13 17 9 21 13 19 34 36 13 42 21 21 35 13 43 26 22 41 21 5 9 25 27 29 37 8 41 28 
34 37 47 35 51 48 43 59 33 44 21 24 37 12 33 33 18 42 16 22 26 36 21 37 35 29 46 19 30 15 27 47 46 32 56 29 37 28 35 31 37 42 21 34 56 48 43 59 33 44 21 37 57 30 40 22 49 29 43 9 41 52 29 28 8 9 
20 10 9 21 6 0 25 11 17 16 31 34 33 35 20 25 32 15 37 26 55 21 31 11 14 31 2 29 23 45 20 9 15 19 12 22 11 42 22 21 45 15 38 36 48 13 26 11 17 17 31 23 8 18 13 35 22 39 40 45 9 14 24 30 49 39 
35 23 34 9 23 27 0 30 17 9 37 43 50 34 34 41 25 36 40 27 61 37 21 22 28 14 26 28 14 49 24 34 39 15 39 32 22 52 9 15 21 10 23 13 43 26 46 30 17 9 37 6 32 23 13 43 8 18 13 35 19 16 35 14 48 34 
31 22 18 29 8 11 29 0 26 20 42 46 44 47 31 36 42 25 48 37 67 32 41 22 26 39 14 40 31 57 32 18 24 28 15 33 22 53 29 30 51 21 47 42 59 11 30 17 27 21 42 29 6 29 21 47 23 46 44 55 18 13 35 38 60 50 
18 8 21 8 18 18 16 27 0 13 21 26 32 21 17 23 15 20 25 12 46 20 14 7 12 15 15 14 6 34 7 21 24 2 28 15 7 35 8 3 30 10 21 21 33 17 17 27 37 13 21 10 26 6 7 27 19 23 27 28 8 19 18 13 35 23 
29 16 26 9 14 18 8 22 13 0 34 40 44 34 29 35 26 29 39 25 60 31 23 16 22 19 17 27 14 47 21 25 31 12 30 28 15 49 9 13 29 3 28 21 44 17 9 21 13 27 34 8 23 19 6 40 6 25 23 38 11 8 31 18 48 35 
13 21 28 27 35 31 36 42 20 34 0 6 18 9 12 12 16 21 5 9 25 15 19 21 16 27 28 10 22 14 13 27 25 22 36 9 21 15 28 21 42 31 25 35 21 31 37 42 21 34 71 30 38 14 28 6 40 33 43 23 26 39 8 26 18 13 
29 17 30 3 21 23 6 29 11 8 31 37 43 28 28 34 20 30 34 21 55 31 16 17 22 11 22 21 8 42 18 29 34 9 35 26 16 46 2 9 22 8 20 13 37 23 6 29 10 8 30 53 30 17 9 37 11 17 17 31 14 16 29 10 42 29 
26 19 12 29 9 8 32 6 25 23 38 41 38 44 26 31 41 20 44 34 62 26 40 19 22 39 11 38 31 53 29 12 18 27 9 29 20 48 30 29 52 22 47 43 57 8 32 6 26 23 38 30 23 27 21 42 26 47 46 54 17 17 31 38 57 47 
12 7 19 14 21 18 23 29 6 19 15 20 26 17 11 17 14 16 20 7 40 15 14 7 7 19 16 11 10 29 2 19 21 8 27 9 7 29 14 8 34 16 22 26 30 18 23 29 6 19 14 17 27 35 13 21 25 26 33 27 11 24 12 17 31 20 
23 10 21 8 13 14 12 21 7 6 28 33 38 29 22 29 22 23 33 20 54 25 20 9 16 18 13 22 11 42 15 20 25 7 26 21 9 42 8 9 31 3 26 22 40 13 13 21 7 6 28 9 21 13 35 34 12 25 26 35 5 11 24 17 43 31 
16 26 31 34 40 35 43 47 26 40 6 2 15 14 16 12 22 23 6 16 20 16 25 26 21 34 32 16 29 11 19 30 27 28 38 13 26 9 34 28 48 37 31 41 22 35 43 47 27 40 6 37 42 21 34 62 46 39 50 26 31 45 11 33 17 17 
35 22 31 13 17 22 8 23 19 6 40 46 50 39 35 41 31 34 44 31 65 37 28 22 28 22 22 32 19 53 27 30 36 18 34 34 21 55 13 19 29 9 31 21 49 22 8 23 19 6 40 11 26 25 12 46 60 27 21 42 17 9 37 21 53 40 
38 31 44 17 38 40 18 47 23 26 34 40 50 26 37 42 17 43 34 25 53 41 14 30 34 7 38 22 17 40 25 44 47 21 51 34 30 48 17 19 8 25 9 5 29 39 18 46 23 25 33 17 47 26 25 39 27 34 13 21 30 34 36 9 37 24 
45 35 47 19 37 40 14 44 28 23 44 50 59 38 44 50 29 48 46 34 66 48 25 34 39 16 39 33 22 53 33 47 51 25 52 42 34 59 19 24 9 24 22 9 43 40 13 44 27 23 43 17 46 33 26 50 21 13 18 34 32 30 45 17 50 37 
34 34 46 29 47 45 35 56 28 38 23 28 41 13 33 35 12 41 20 20 34 36 15 34 34 21 43 16 24 22 25 46 46 27 54 29 34 34 29 25 28 37 12 25 9 45 35 55 28 38 23 31 54 27 35 26 42 21 34 74 37 46 30 21 17 9 
18 5 15 12 10 9 18 18 8 10 26 30 33 28 18 24 24 17 31 19 51 20 22 5 11 22 7 22 14 40 13 14 19 10 21 18 4 39 13 12 36 8 29 27 41 9 19 18 8 11 26 14 17 11 5 31 17 30 32 37 54 13 21 21 42 31 
31 18 24 17 9 15 16 14 19 8 39 44 46 40 31 37 34 29 44 31 65 33 31 18 24 27 16 33 22 53 26 23 30 19 25 31 18 52 18 21 37 9 36 29 52 14 16 13 19 8 39 16 17 24 11 45 9 34 30 46 13 42 34 27 55 42 
4 15 19 26 29 24 35 35 18 30 8 10 14 17 4 6 20 12 14 11 31 6 22 15 9 29 21 15 22 22 11 19 17 20 27 3 16 18 27 20 45 28 30 37 29 24 35 35 18 31 8 29 31 12 24 11 37 36 45 30 21 34 85 28 27 21 
29 22 35 9 30 31 14 39 14 18 27 33 42 21 29 34 12 34 29 17 49 32 8 21 25 1 29 16 7 36 17 34 38 11 42 25 21 42 9 10 16 17 9 8 28 30 14 38 13 18 26 10 38 17 17 33 21 9 17 21 21 27 28 26 34 21 
31 38 46 39 53 49 48 60 35 48 18 19 31 14 31 30 22 40 12 23 17 33 26 38 35 35 46 21 34 7 29 46 44 35 54 27 38 21 40 34 45 46 28 41 8 49 48 60 35 48 18 42 57 31 43 17 53 37 50 17 42 55 27 34 42 13 
25 28 38 26 42 39 34 50 23 35 14 19 32 4 25 26 9 33 11 12 29 27 13 28 26 21 36 9 21 16 18 38 38 23 46 20 27 25 26 21 32 33 15 28 9 39 34 50 23 35 13 29 47 20 31 17 40 24 37 9 31 42 21 21 13 68 
