21 7
67 7 3 6 11 0 7 19 1 16 7 16 13 12 14 9 2 11 12 4 9 
7 64 17 16 8 4 3 18 2 1 14 16 8 13 10 2 11 8 13 6 0 
3 17 64 10 18 8 20 13 13 9 5 13 5 2 1 15 18 16 3 17 13 
6 16 10 59 2 8 4 10 19 19 5 8 17 14 5 3 11 8 16 14 11 
11 8 18 2 4 6 12 15 13 15 10 18 6 11 2 20 17 2 17 19 16 
0 4 8 8 6 36 13 1 1 18 1 15 2 3 6 10 4 16 8 20 19 
7 3 20 4 12 13 3 4 15 9 12 14 14 1 20 9 16 4 17 5 9 
19 18 13 10 15 1 4 5 1 0 10 16 3 10 8 1 8 4 2 17 13 
1 2 13 19 13 1 15 1 51 18 13 12 10 20 10 19 1 0 6 14 7 
16 1 9 19 15 18 9 0 18 92 0 9 2 17 2 8 10 5 17 0 10 
7 14 5 5 10 1 12 10 13 0 64 15 4 9 18 6 9 10 5 20 1 
16 16 13 8 18 15 14 16 12 9 15 86 6 6 1 2 16 4 0 0 2 
13 8 5 17 6 2 14 3 10 2 4 6 10 18 11 15 0 12 0 10 17 
12 13 2 14 11 3 1 10 20 17 9 6 18 47 4 19 9 10 18 7 20 
14 10 1 5 2 6 20 8 10 2 18 1 11 4 38 4 6 16 5 9 13 
9 2 15 3 20 10 9 1 19 8 6 2 15 19 4 70 18 9 17 13 18 
2 11 18 11 17 4 16 8 1 10 9 16 0 9 6 18 63 14 0 16 3 
11 8 16 8 2 16 4 4 0 5 10 4 12 10 16 9 14 27 3 4 16 
12 13 3 16 17 8 17 2 6 17 5 0 0 18 5 17 0 3 59 17 17 
4 6 17 14 19 20 5 17 14 0 20 0 10 7 9 13 16 4 17 18 3 
9 0 13 11 16 19 9 13 7 10 1 2 17 20 13 18 3 16 17 3 94 
