36 9
71 11 6 9 7 1 3 18 8 18 20 12 9 8 3 1 9 12 20 5 10 4 11 14 16 14 8 11 4 1 0 2 18 5 2 18 
11 69 5 2 0 19 8 9 15 7 15 3 12 14 20 6 2 9 10 4 15 3 14 13 20 11 10 16 12 1 7 3 14 0 4 5 
6 5 5 6 6 7 18 5 6 12 6 19 15 9 19 18 1 14 0 0 15 1 16 2 6 9 19 3 6 8 17 6 20 18 13 16 
9 2 6 59 13 0 13 9 3 2 12 1 12 10 5 17 9 19 2 0 11 13 7 20 20 20 16 11 3 6 6 15 9 8 17 2 
7 0 6 13 66 0 16 0 0 0 19 4 4 7 19 16 12 18 20 12 4 17 8 2 14 10 17 4 11 8 6 4 4 5 18 8 
1 19 7 0 0 42 9 15 15 2 18 3 17 20 3 6 20 1 15 8 14 12 2 13 20 0 5 13 16 4 10 19 13 6 20 1 
3 8 18 13 16 9 35 6 10 17 2 10 8 11 1 2 3 3 11 9 3 9 6 20 15 10 9 9 14 19 4 11 5 5 10 15 
18 9 5 9 0 15 6 43 2 15 20 12 9 0 13 3 5 8 15 18 8 1 9 18 10 5 7 16 13 19 9 5 15 0 17 1 
8 15 6 3 0 15 10 2 78 14 18 16 2 20 15 10 13 16 9 17 1 8 9 1 20 13 9 5 20 3 2 4 14 17 19 9 
18 7 12 2 0 2 17 15 14 70 6 4 11 15 17 13 20 20 15 4 20 2 9 6 15 17 4 17 17 7 5 3 12 10 13 0 
20 15 6 12 19 18 2 20 18 6 65 1 14 10 4 13 5 18 3 6 0 2 15 2 1 4 19 7 18 20 3 0 11 12 0 3 
12 3 19 1 4 3 10 12 16 4 1 79 10 20 5 9 4 20 17 5 3 10 19 13 20 18 13 9 15 1 8 13 12 20 17 0 
9 12 15 12 4 17 8 9 2 11 14 10 95 9 12 7 17 1 16 0 11 16 14 18 12 1 15 2 13 12 15 19 9 10 5 12 
8 14 9 10 7 20 11 0 20 15 10 20 9 99 9 17 0 14 2 7 18 9 7 12 19 14 16 16 10 20 2 18 13 14 8 3 
3 20 19 5 19 3 1 13 15 17 4 5 12 9 73 1 1 12 10 12 1 13 19 8 17 17 0 4 9 7 19 12 3 9 20 11 
1 6 18 17 16 6 2 3 10 13 13 9 7 17 1 38 16 1 20 12 18 5 3 5 14 13 3 9 0 11 10 16 1 9 18 8 
9 2 1 9 12 20 3 5 13 20 5 4 17 0 1 16 25 19 0 17 12 1 19 20 0 8 14 7 20 1 9 17 13 7 9 19 
12 9 14 19 18 1 3 8 16 20 18 20 1 14 12 1 19 96 4 20 3 15 5 9 3 17 17 15 18 3 4 2 20 2 20 9 
20 10 0 2 20 15 11 15 9 15 3 17 16 2 10 20 0 4 13 6 4 15 3 19 6 20 14 16 2 17 3 3 14 3 4 4 
5 4 0 0 12 8 9 18 17 4 6 5 0 7 12 12 17 20 6 59 1 18 2 18 20 5 2 7 12 20 10 12 4 13 18 12 
10 15 15 11 4 14 3 8 1 20 0 3 11 18 1 18 12 3 4 1 96 9 15 16 10 15 6 15 10 10 12 6 14 2 10 5 
4 3 1 13 17 12 9 1 8 2 2 10 16 9 13 5 1 15 15 18 9 13 6 14 3 14 2 18 2 4 10 10 19 4 14 18 
11 14 16 7 8 2 6 9 9 9 15 19 14 7 19 3 19 5 3 2 15 6 86 3 6 13 10 20 8 2 9 13 8 17 19 7 
14 13 2 20 2 13 20 18 1 6 2 13 18 12 8 5 20 9 19 18 16 14 3 94 18 10 1 11 16 13 7 11 5 2 6 4 
16 20 6 20 14 20 15 10 20 15 1 20 12 19 17 14 0 3 6 20 10 3 6 18 84 1 8 12 11 9 14 0 19 10 4 17 
14 11 9 20 10 0 10 5 13 17 4 18 1 14 17 13 8 17 20 5 15 14 13 10 1 54 8 9 5 9 6 7 9 2 20 7 
8 10 19 16 17 5 9 7 9 4 19 13 15 16 0 3 14 17 14 2 6 2 10 1 8 8 45 18 8 9 20 19 5 13 5 18 
11 16 3 11 4 13 9 16 5 17 7 9 2 16 4 9 7 15 16 7 15 18 20 11 12 9 18 69 3 18 15 13 0 16 3 10 
4 12 6 3 11 16 14 13 20 17 18 15 13 10 9 0 20 18 2 12 10 2 8 16 11 5 8 3 58 9 5 3 5 18 4 6 
1 1 8 6 8 4 19 19 3 7 20 1 12 20 7 11 1 3 17 20 10 4 2 13 9 9 9 18 9 40 8 16 4 20 2 19 
0 7 17 6 6 10 4 9 2 5 3 8 15 2 19 10 9 4 3 10 12 10 9 7 14 6 20 15 5 8 26 4 18 11 1 15 
2 3 6 15 4 19 11 5 4 3 0 13 19 18 12 16 17 2 3 12 6 10 13 11 0 7 19 13 3 16 4 25 13 17 9 11 
18 14 20 9 4 13 5 15 14 12 11 12 9 13 3 1 13 20 14 4 14 19 8 5 19 9 5 0 5 4 18 13 94 5 1 4 
5 0 18 8 5 6 5 0 17 10 12 20 10 14 9 9 7 2 3 13 2 4 17 2 10 2 13 16 18 20 11 17 5 98 11 4 
2 4 13 17 18 20 10 17 19 13 0 17 5 8 20 18 9 20 4 18 10 14 19 6 4 20 5 3 4 2 1 9 1 11 97 15 
18 5 16 2 8 1 15 1 9 0 3 0 12 3 11 8 19 9 4 12 5 18 7 4 17 7 18 10 6 19 15 11 4 4 15 14 
