55 11
10 10 0 2 9 0 19 0 13 16 19 14 17 9 1 6 18 5 13 15 6 2 19 1 4 2 9 20 18 7 19 8 9 6 20 12 0 3 20 15 7 20 19 11 16 20 10 5 11 1 13 14 11 15 11 
10 71 5 5 16 15 0 11 2 7 11 3 20 11 15 4 18 3 18 16 18 13 0 3 16 13 9 13 17 3 1 7 10 19 12 10 17 6 4 4 8 5 5 0 8 6 12 18 15 0 4 5 11 13 18 
0 5 20 18 5 3 13 5 5 19 5 17 6 13 0 20 6 20 3 11 9 12 18 8 10 17 20 2 11 6 4 12 12 17 12 3 0 5 2 3 2 6 4 10 3 3 7 3 17 1 1 0 3 1 6 
2 5 18 29 16 20 14 11 8 4 3 1 7 15 18 11 0 1 11 3 10 13 15 2 1 17 8 7 0 16 12 0 18 17 18 19 6 0 18 1 4 10 10 6 13 15 14 8 14 19 11 3 14 18 12 
9 16 5 16 40 14 16 9 6 3 11 16 4 7 16 16 8 18 10 9 16 11 1 9 6 1 9 16 1 19 6 4 2 13 12 8 9 20 1 13 14 17 4 16 20 12 4 16 7 12 6 2 11 14 15 
0 15 3 20 14 71 5 18 10 10 0 7 19 14 12 17 14 13 4 3 0 12 11 4 15 12 1 6 16 1 12 19 7 12 3 18 16 10 16 4 4 1 11 0 8 13 0 20 20 18 18 0 6 18 2 
19 0 13 14 16 5 55 14 1 9 3 11 18 1 18 6 20 0 7 0 3 5 9 2 8 6 17 12 19 6 4 4 6 17 19 19 12 0 16 11 3 14 3 19 20 11 19 16 3 13 10 18 5 7 0 
0 11 5 11 9 18 14 68 9 2 7 10 20 6 0 5 5 6 6 3 16 9 20 5 2 1 13 15 20 11 4 15 1 12 1 6 9 2 18 3 10 9 5 2 17 13 14 16 16 8 14 7 6 7 4 
13 2 5 8 6 10 1 9 80 13 17 4 3 0 16 5 9 6 20 20 18 9 0 2 2 2 6 1 17 16 1 8 19 7 6 19 3 19 10 9 6 12 4 16 10 2 15 3 11 16 9 10 19 13 1 
16 7 19 4 3 10 9 2 13 85 7 15 20 18 8 17 16 10 17 7 3 15 11 17 0 15 7 13 5 6 16 6 1 20 3 2 11 10 8 9 1 14 11 10 19 16 14 5 19 20 13 12 1 5 4 
19 11 5 3 11 0 3 7 17 7 37 15 16 18 2 18 14 19 8 17 19 16 3 5 6 16 0 4 1 9 3 5 8 19 9 10 1 6 16 16 15 13 15 15 17 7 0 17 3 16 17 20 8 11 13 
14 3 17 1 16 7 11 10 4 15 15 25 6 11 13 13 11 17 7 0 20 15 13 11 14 15 17 13 1 13 0 5 15 14 0 10 11 1 19 18 6 14 3 6 15 11 16 10 1 17 16 0 0 16 6 
17 20 6 7 4 19 18 20 3 20 16 6 9 17 20 16 6 8 17 13 10 1 4 9 17 2 13 5 20 20 17 13 12 10 13 6 2 15 7 17 18 6 2 9 15 14 8 10 16 17 14 16 13 1 9 
9 11 13 15 7 14 1 6 0 18 18 11 17 98 0 12 9 9 4 9 14 3 11 8 16 5 20 16 15 9 20 10 8 8 8 8 17 16 14 6 12 6 14 17 5 9 11 19 9 2 17 4 5 7 10 
1 15 0 18 16 12 18 0 16 8 2 13 20 0 64 1 10 6 13 2 8 18 10 11 18 9 19 13 10 18 18 5 9 3 19 6 7 17 17 20 8 6 20 14 3 18 20 4 10 5 14 15 6 19 14 
6 4 20 11 16 17 6 5 5 17 18 13 16 12 1 2 1 18 10 19 9 6 5 8 14 15 1 9 5 20 9 7 0 2 7 3 7 2 12 12 20 13 18 4 7 18 0 18 10 1 7 9 17 2 0 
18 18 6 0 8 14 20 5 9 16 14 11 6 9 10 1 72 7 10 18 10 2 19 4 9 10 20 17 9 12 1 15 1 18 17 10 16 6 2 1 13 10 7 6 19 11 8 8 4 20 7 12 17 2 4 
5 3 20 1 18 13 0 6 6 10 19 17 8 9 6 18 7 85 2 8 18 19 20 4 10 17 5 12 5 5 17 15 14 19 0 19 13 18 8 15 8 18 5 12 20 18 5 12 7 11 9 17 15 14 4 
13 18 3 11 10 4 7 6 20 17 8 7 17 4 13 10 10 2 57 20 18 8 3 18 15 17 11 8 1 1 1 6 13 20 0 16 5 8 7 11 6 19 6 15 18 17 15 14 9 7 12 1 7 15 12 
15 16 11 3 9 3 0 3 20 7 17 0 13 9 2 19 18 8 20 99 16 11 2 9 18 20 11 17 1 1 6 20 1 5 5 17 19 11 1 17 5 18 11 18 1 9 17 20 11 8 19 17 11 2 6 
6 18 9 10 16 0 3 16 18 3 19 20 10 14 8 9 10 18 18 16 68 4 11 20 17 7 14 9 7 13 4 19 9 4 18 7 14 1 12 19 9 16 11 7 17 7 3 10 9 6 10 2 6 0 6 
2 13 12 13 11 12 5 9 9 15 16 15 1 3 18 6 2 19 8 11 4 64 16 8 17 15 11 2 16 15 15 10 16 12 20 4 2 13 7 7 11 0 10 10 8 9 6 8 19 15 17 20 7 13 1 
19 0 18 15 1 11 9 20 0 11 3 13 4 11 10 5 19 20 3 2 11 16 74 16 15 11 7 10 11 16 13 10 5 14 9 12 15 8 16 3 9 16 7 8 10 11 0 17 0 15 20 4 11 7 10 
1 3 8 2 9 4 2 5 2 17 5 11 9 8 11 8 4 4 18 9 20 8 16 58 9 11 20 2 9 7 6 12 10 4 0 11 20 20 15 16 13 2 17 9 12 16 0 17 7 14 17 20 20 16 3 
4 16 10 1 6 15 8 2 2 0 6 14 17 16 18 14 9 10 15 18 17 17 15 9 69 0 17 13 14 0 2 8 17 2 7 10 9 15 6 8 13 3 16 7 14 1 20 2 2 7 11 4 9 20 0 
2 13 17 17 1 12 6 1 2 15 16 15 2 5 9 15 10 17 17 20 7 15 11 11 0 51 1 11 13 5 17 15 5 16 4 20 9 18 9 10 15 18 8 20 11 15 6 9 9 6 16 3 18 4 2 
9 9 20 8 9 1 17 13 6 7 0 17 13 20 19 1 20 5 11 11 14 11 7 20 17 1 29 4 10 12 5 1 13 7 3 0 0 11 13 20 7 3 20 17 13 16 3 7 1 6 1 2 18 10 13 
20 13 2 7 16 6 12 15 1 13 4 13 5 16 13 9 17 12 8 17 9 2 10 2 13 11 4 63 8 3 18 8 20 14 4 7 1 19 15 16 7 12 12 3 4 12 15 10 14 20 3 18 11 18 4 
18 17 11 0 1 16 19 20 17 5 1 1 20 15 10 5 9 5 1 1 7 16 11 9 14 13 10 8 83 0 8 18 2 13 11 2 19 4 15 0 3 16 7 2 2 5 5 20 10 19 13 10 19 18 19 
7 3 6 16 19 1 6 11 16 6 9 13 20 9 18 20 12 5 1 1 13 15 16 7 0 5 12 3 0 13 0 17 8 8 13 9 4 11 13 0 12 9 0 18 12 20 14 4 3 1 20 10 16 2 14 
19 1 4 12 6 12 4 4 1 16 3 0 17 20 18 9 1 17 1 6 4 15 13 6 2 17 5 18 8 0 16 1 1 17 3 4 0 14 6 4 16 13 5 20 9 16 20 6 18 10 13 8 17 11 13 
8 7 12 0 4 19 4 15 8 6 5 5 13 10 5 7 15 15 6 20 19 10 10 12 8 15 1 8 18 17 1 30 20 10 15 4 2 3 16 9 6 4 12 4 13 15 1 4 4 15 9 15 18 3 0 
9 10 12 18 2 7 6 1 19 1 8 15 12 8 9 0 1 14 13 1 9 16 5 10 17 5 13 20 2 8 1 20 97 18 14 8 5 17 2 1 12 19 20 11 3 6 14 6 1 20 6 18 18 3 0 
6 19 17 17 13 12 17 12 7 20 19 14 10 8 3 2 18 19 20 5 4 12 14 4 2 16 7 14 13 8 17 10 18 91 2 17 18 18 6 0 6 11 2 17 14 15 14 17 14 15 17 13 9 10 17 
20 12 12 18 12 3 19 1 6 3 9 0 13 8 19 7 17 0 0 5 18 20 9 0 7 4 3 4 11 13 3 15 14 2 6 4 0 12 13 14 20 14 16 20 9 12 2 19 14 5 10 13 12 11 16 
12 10 3 19 8 18 19 6 19 2 10 10 6 8 6 3 10 19 16 17 7 4 12 11 10 20 0 7 2 9 4 4 8 17 4 44 20 16 8 14 0 16 7 11 14 12 2 9 7 9 16 12 2 9 7 
0 17 0 6 9 16 12 9 3 11 1 11 2 17 7 7 16 13 5 19 14 2 15 20 9 9 0 1 19 4 0 2 5 18 0 20 82 15 1 19 13 13 2 5 16 14 6 4 20 18 4 7 17 1 0 
3 6 5 0 20 10 0 2 19 10 6 1 15 16 17 2 6 18 8 11 1 13 8 20 15 18 11 19 4 11 14 3 17 18 12 16 15 32 10 17 13 20 14 4 6 19 8 17 8 10 5 7 2 4 1 
20 4 2 18 1 16 16 18 10 8 16 19 7 14 17 12 2 8 7 1 12 7 16 15 6 9 13 15 15 13 6 16 2 6 13 8 1 10 54 20 16 20 0 16 6 16 15 19 8 10 19 7 7 18 12 
15 4 3 1 13 4 11 3 9 9 16 18 17 6 20 12 1 15 11 17 19 7 3 16 8 10 20 16 0 0 4 9 1 0 14 14 19 17 20 67 20 9 11 2 14 8 2 8 15 8 2 11 13 2 14 
7 8 2 4 14 4 3 10 6 1 15 6 18 12 8 20 13 8 6 5 9 11 9 13 13 15 7 7 3 12 16 6 12 6 20 0 13 13 16 20 71 2 16 0 3 7 1 7 15 20 2 8 12 6 13 
20 5 6 10 17 1 14 9 12 14 13 14 6 6 6 13 10 18 19 18 16 0 16 2 3 18 3 12 16 9 13 4 19 11 14 16 13 20 20 9 2 63 7 16 15 16 13 8 14 16 17 1 10 2 19 
19 5 4 10 4 11 3 5 4 11 15 3 2 14 20 18 7 5 6 11 11 10 7 17 16 8 20 12 7 0 5 12 20 2 16 7 2 14 0 11 16 7 88 16 4 8 12 10 9 12 13 18 19 18 8 
11 0 10 6 16 0 19 2 16 10 15 6 9 17 14 4 6 12 15 18 7 10 8 9 7 20 17 3 2 18 20 4 11 17 20 11 5 4 16 2 0 16 16 47 15 9 14 16 2 15 7 13 8 17 19 
16 8 3 13 20 8 20 17 10 19 17 15 15 5 3 7 19 20 18 1 17 8 10 12 14 11 13 4 2 12 9 13 3 14 9 14 16 6 6 14 3 15 4 15 70 13 13 13 10 18 7 8 11 18 11 
20 6 3 15 12 13 11 13 2 16 7 11 14 9 18 18 11 18 17 9 7 9 11 16 1 15 16 12 5 20 16 15 6 15 12 12 14 19 16 8 7 16 8 9 13 65 4 3 3 19 3 10 6 17 15 
10 12 7 14 4 0 19 14 15 14 0 16 8 11 20 0 8 5 15 17 3 6 0 0 20 6 3 15 5 14 20 1 14 14 2 2 6 8 15 2 1 13 12 14 13 4 56 5 10 12 2 6 1 7 7 
5 18 3 8 16 20 16 16 3 5 17 10 10 19 4 18 8 12 14 20 10 8 17 17 2 9 7 10 20 4 6 4 6 17 19 9 4 17 19 8 7 8 10 16 13 3 5 16 19 8 19 7 9 6 18 
11 15 17 14 7 20 3 16 11 19 3 1 16 9 10 10 4 7 9 11 9 19 0 7 2 9 1 14 10 3 18 4 1 14 14 7 20 8 8 15 15 14 9 2 10 3 10 19 28 9 7 6 14 5 3 
1 0 1 19 12 18 13 8 16 20 16 17 17 2 5 1 20 11 7 8 6 15 15 14 7 6 6 20 19 1 10 15 20 15 5 9 18 10 10 8 20 16 12 15 18 19 12 8 9 85 3 15 18 16 15 
13 4 1 11 6 18 10 14 9 13 17 16 14 17 14 7 7 9 12 19 10 17 20 17 11 16 1 3 13 20 13 9 6 17 10 16 4 5 19 2 2 17 13 7 7 3 2 19 7 3 68 3 5 15 8 
14 5 0 3 2 0 18 7 10 12 20 0 16 4 15 9 12 17 1 17 2 20 4 20 4 3 2 18 10 10 8 15 18 13 13 12 7 7 7 11 8 1 18 13 8 10 6 7 6 15 3 68 11 5 2 
11 11 3 14 11 6 5 6 19 1 8 0 13 5 6 17 17 15 7 11 6 7 11 20 9 18 18 11 19 16 17 18 18 9 12 2 17 2 7 13 12 10 19 8 11 6 1 9 14 18 5 11 8 13 19 
15 13 1 18 14 18 7 7 13 5 11 16 1 7 19 2 2 14 15 2 0 13 7 16 20 4 10 18 18 2 11 3 3 10 11 9 1 4 18 2 6 2 18 17 18 17 7 6 5 16 15 5 13 68 1 
11 18 6 12 15 2 0 4 1 4 13 6 9 10 14 0 4 4 12 6 6 1 10 3 0 2 13 4 19 14 13 0 0 17 16 7 0 1 12 14 13 19 8 19 11 15 7 18 3 15 8 2 19 1 56 
