66 12
27 11 0 0 19 17 18 7 6 6 7 12 11 3 11 13 5 18 11 4 18 10 4 1 20 14 7 12 14 12 6 6 17 18 15 12 6 4 2 9 1 10 7 18 13 18 8 8 6 20 8 1 3 11 16 6 14 10 13 19 5 10 17 18 2 11 
11 81 9 4 1 12 16 8 0 2 20 0 1 14 5 12 20 4 2 7 9 15 6 3 2 17 16 9 17 12 11 2 13 11 7 2 6 11 10 2 15 2 20 16 8 3 8 4 15 10 3 20 19 2 10 18 8 10 3 11 12 15 12 0 19 18 
0 9 70 16 13 9 15 12 10 10 16 6 5 18 8 6 7 1 4 17 1 11 15 0 17 16 17 5 8 19 10 6 4 18 19 0 7 5 12 16 3 6 9 10 17 11 5 4 1 16 1 12 15 9 13 1 8 20 2 17 16 13 15 9 18 17 
0 4 16 95 0 14 9 11 12 2 19 3 19 20 1 12 7 10 12 19 14 15 18 2 18 2 9 15 8 2 14 14 1 2 2 15 13 19 19 18 5 20 18 5 8 5 15 9 10 13 3 19 6 1 11 9 4 20 5 20 15 6 8 10 3 7 
19 1 13 0 6 11 4 9 13 8 15 10 13 2 13 12 9 5 18 2 19 17 19 20 5 15 4 15 15 15 12 18 6 18 19 11 4 18 7 1 17 2 17 9 20 9 8 1 13 6 16 8 13 15 1 10 15 10 5 19 13 12 5 9 4 16 
17 12 9 14 11 96 12 14 18 14 16 1 17 1 7 7 10 9 7 0 13 15 15 20 19 7 7 8 17 0 14 1 16 19 9 12 5 14 12 7 20 7 18 20 13 0 10 13 3 1 5 18 2 3 17 14 19 9 9 14 16 15 6 7 9 9 
18 16 15 9 4 12 6 5 12 10 10 16 18 8 4 4 1 2 8 0 10 0 12 13 17 15 7 11 4 19 2 2 10 7 9 14 16 4 8 1 6 6 8 16 1 11 17 20 5 18 7 12 11 7 6 16 19 17 12 13 10 10 16 2 11 16 
7 8 12 11 9 14 5 6 2 2 10 14 16 0 8 18 5 4 15 13 14 9 8 11 6 6 13 12 4 14 11 4 1 15 14 18 16 1 19 20 17 6 12 19 7 3 9 2 0 4 17 1 11 1 15 20 12 16 18 11 15 18 9 12 13 14 
6 0 10 12 13 18 12 2 68 19 13 18 4 11 2 0 8 13 5 0 2 1 20 9 20 5 19 6 15 17 2 11 8 1 13 12 3 5 4 1 19 10 18 6 14 0 5 6 7 10 1 20 10 6 5 3 4 8 18 16 9 13 0 19 2 8 
6 2 10 2 8 14 10 2 19 78 8 3 7 9 9 16 11 13 4 15 19 0 16 16 5 13 3 13 6 13 3 10 5 20 13 11 20 11 1 6 12 19 6 4 16 20 4 15 14 2 17 17 12 18 9 1 20 18 19 9 0 9 16 8 11 0 
7 20 16 19 15 16 10 10 13 8 23 16 10 19 18 11 18 15 9 14 17 3 12 4 5 3 20 18 6 7 10 14 17 7 6 6 2 9 15 2 11 19 17 17 18 2 8 14 4 3 1 11 16 12 3 16 2 6 9 4 3 19 10 3 14 6 
12 0 6 3 10 1 16 14 18 3 16 61 10 11 1 19 2 20 17 0 20 19 7 13 4 17 14 10 12 14 2 3 9 1 2 8 0 4 9 7 6 20 13 14 6 14 16 0 8 5 16 4 12 14 20 9 10 1 0 16 6 15 18 12 4 12 
11 1 5 19 13 17 18 16 4 7 10 10 36 4 1 14 10 12 14 11 2 19 11 10 0 18 18 4 2 2 0 15 17 16 16 17 8 9 3 7 18 10 5 14 0 17 15 0 18 11 13 19 2 20 8 7 17 15 9 0 20 20 8 13 12 17 
3 14 18 20 2 1 8 0 11 9 19 11 4 21 0 8 7 0 15 2 3 5 12 3 15 7 19 11 9 7 12 7 0 18 5 10 0 6 6 8 7 10 7 12 15 10 14 0 2 19 17 6 1 8 13 7 17 7 19 14 19 14 20 4 12 17 
11 5 8 1 13 7 4 8 2 9 18 1 1 0 69 0 13 16 13 3 13 9 9 9 13 10 18 11 11 6 11 13 18 13 15 8 16 15 17 17 3 5 19 12 17 20 16 14 14 17 16 14 7 4 3 9 20 1 8 6 14 4 15 8 14 1 
13 12 6 12 12 7 4 18 0 16 11 19 14 8 0 2 20 9 8 15 13 20 15 0 10 17 6 16 5 6 4 13 17 9 18 9 15 11 9 1 6 1 10 6 16 7 1 17 20 8 5 20 7 10 9 10 11 8 14 0 12 1 18 12 12 8 
5 20 7 7 9 10 1 5 8 11 18 2 10 7 13 20 62 11 17 20 19 9 4 0 20 18 1 5 19 7 8 17 0 3 10 5 15 14 4 12 0 15 3 1 16 6 20 2 9 14 18 14 18 2 7 0 6 10 12 6 19 6 19 5 0 18 
18 4 1 10 5 9 2 4 13 13 15 20 12 0 16 9 11 53 11 17 15 15 0 14 7 20 6 12 1 4 12 11 14 2 6 15 15 3 0 9 10 5 1 18 6 3 9 5 2 1 4 14 4 17 1 2 5 7 8 10 2 5 4 16 14 8 
11 2 4 12 18 7 8 15 5 4 9 17 14 15 13 8 17 11 96 3 16 4 6 15 17 12 5 17 18 16 10 20 2 9 2 6 2 18 1 9 7 0 19 17 17 7 16 8 13 6 18 15 11 5 2 5 9 10 6 19 0 2 2 6 13 16 
4 7 17 19 2 0 0 13 0 15 14 0 11 2 3 15 20 17 3 10 17 5 19 3 9 16 3 9 1 11 10 18 19 6 0 0 18 5 10 3 16 1 14 15 13 6 11 20 5 3 2 18 9 5 14 8 14 9 14 10 12 16 1 13 10 3 
18 9 1 14 19 13 10 14 2 19 17 20 2 3 13 13 19 15 16 17 91 7 17 15 2 5 7 19 14 3 5 10 7 17 19 11 15 6 4 7 6 10 7 13 3 20 1 5 16 20 16 14 1 0 12 20 14 4 10 15 6 4 11 13 0 6 
10 15 11 15 17 15 0 9 1 0 3 19 19 5 9 20 9 15 4 5 7 14 13 9 7 9 7 9 1 1 3 4 4 8 13 12 4 18 5 10 1 14 3 11 19 19 15 16 0 19 20 3 4 5 14 8 10 8 18 12 11 3 6 15 1 3 
4 6 15 18 19 15 12 8 20 16 12 7 11 12 9 15 4 0 6 19 17 13 82 15 12 17 15 16 1 1 9 10 16 19 11 13 3 7 6 12 13 3 1 16 19 12 9 2 15 0 5 14 20 16 12 20 8 5 10 14 20 3 16 4 5 0 
1 3 0 2 20 20 13 11 9 16 4 13 10 3 9 0 0 14 15 3 15 9 15 29 14 20 8 18 13 7 8 16 4 14 8 19 5 13 10 4 14 12 7 3 8 14 5 6 19 11 9 1 6 1 1 12 12 15 6 8 10 18 17 20 17 1 
20 2 17 18 5 19 17 6 20 5 5 4 0 15 13 10 20 7 17 9 2 7 12 14 84 4 13 7 6 7 9 11 2 13 18 8 10 11 0 15 19 15 3 17 2 20 16 15 17 18 15 6 16 8 4 18 9 11 17 20 7 13 4 12 20 15 
14 17 16 2 15 7 15 6 5 13 3 17 18 7 10 17 18 20 12 16 5 9 17 20 4 80 13 10 15 9 6 15 9 5 14 11 9 11 9 5 14 6 4 14 20 12 2 3 7 14 5 11 15 6 18 10 8 11 11 12 11 6 13 16 1 15 
7 16 17 9 4 7 7 13 19 3 20 14 18 19 18 6 1 6 5 3 7 7 15 8 13 13 90 20 16 16 15 5 12 10 5 6 4 6 3 20 13 5 0 1 1 14 10 7 16 13 1 9 2 19 16 12 5 8 12 4 7 2 3 15 17 12 
12 9 5 15 15 8 11 12 6 13 18 10 4 11 11 16 5 12 17 9 19 9 16 18 7 10 20 64 13 3 9 4 10 4 8 2 12 1 3 3 18 4 4 15 19 10 20 6 9 15 10 2 13 0 8 8 10 0 13 14 20 10 1 15 16 17 
14 17 8 8 15 17 4 4 15 6 6 12 2 9 11 5 19 1 18 1 14 1 1 13 6 15 16 13 78 16 4 4 5 3 8 19 6 13 4 14 8 14 6 8 17 1 17 19 7 4 5 13 7 8 17 18 1 9 2 17 19 17 15 14 10 19 
12 12 19 2 15 0 19 14 17 13 7 14 2 7 6 6 7 4 16 11 3 1 1 7 7 9 16 3 16 33 18 15 2 15 4 8 6 16 12 18 4 19 7 16 2 0 18 8 19 13 17 17 8 13 7 13 16 16 17 3 6 10 6 5 9 15 
6 11 10 14 12 14 2 11 2 3 10 2 0 12 11 4 8 12 10 10 5 3 9 8 9 6 15 9 4 18 83 10 2 20 12 19 0 6 9 11 5 9 4 17 19 17 5 10 13 3 9 6 16 9 12 13 19 19 3 11 1 12 2 12 9 13 
6 2 6 14 18 1 2 4 11 10 14 3 15 7 13 13 17 11 20 18 10 4 10 16 11 15 5 4 4 15 10 29 3 19 6 2 1 17 19 7 3 6 15 19 18 8 8 10 13 12 3 20 6 14 7 20 11 15 1 13 19 14 4 16 1 1 
17 13 4 1 6 16 10 1 8 5 17 9 17 0 18 17 0 14 2 19 7 4 16 4 2 9 12 10 5 2 2 3 81 5 8 1 13 5 20 4 3 19 10 9 7 19 15 19 1 15 8 18 15 6 1 8 14 7 7 10 2 5 20 17 10 0 
18 11 18 2 18 19 7 15 1 20 7 1 16 18 13 9 3 2 9 6 17 8 19 14 13 5 10 4 3 15 20 19 5 38 18 14 5 7 2 8 8 15 12 10 3 11 10 19 15 15 17 11 9 13 3 2 19 5 19 15 13 1 4 13 4 5 
15 7 19 2 19 9 9 14 13 13 6 2 16 5 15 18 10 6 2 0 19 13 11 8 18 14 5 8 8 4 12 6 8 18 42 19 4 12 17 9 19 11 8 15 17 15 12 8 9 6 4 10 13 3 3 13 11 7 12 0 19 0 16 6 10 9 
12 2 0 15 11 12 14 18 12 11 6 8 17 10 8 9 5 15 6 0 11 12 13 19 8 11 6 2 19 8 19 2 1 14 19 98 20 17 5 18 8 11 16 8 2 7 15 4 0 1 1 12 15 0 11 8 12 5 2 2 1 14 0 13 11 19 
6 6 7 13 4 5 16 16 3 20 2 0 8 0 16 15 15 15 2 18 15 4 3 5 10 9 4 12 6 6 0 1 13 5 4 20 24 18 6 2 10 5 16 14 5 10 7 17 11 14 7 7 4 9 2 20 18 10 1 18 2 19 13 4 20 19 
4 11 5 19 18 14 4 1 5 11 9 4 9 6 15 11 14 3 18 5 6 18 7 13 11 11 6 1 13 16 6 17 5 7 12 17 18 71 1 9 14 14 2 5 6 4 6 17 8 13 19 16 4 17 18 3 3 11 19 6 11 17 15 6 15 10 
2 10 12 19 7 12 8 19 4 1 15 9 3 6 17 9 4 0 1 10 4 5 6 10 0 9 3 3 4 12 9 19 20 2 17 5 6 1 18 11 19 20 9 0 5 16 15 8 10 2 20 16 12 11 7 16 20 4 16 9 10 4 1 18 7 18 
9 2 16 18 1 7 1 20 1 6 2 7 7 8 17 1 12 9 9 3 7 10 12 4 15 5 20 3 14 18 11 7 4 8 9 18 2 9 11 11 18 19 17 6 1 17 9 13 12 14 11 16 12 7 5 13 6 1 19 3 16 18 20 16 10 5 
1 15 3 5 17 20 6 17 19 12 11 6 18 7 3 6 0 10 7 16 6 1 13 14 19 14 13 18 8 4 5 3 3 8 19 8 10 14 19 18 69 18 7 9 18 12 0 13 9 20 16 9 19 12 12 13 17 16 8 11 13 0 6 0 8 7 
10 2 6 20 2 7 6 6 10 19 19 20 10 10 5 1 15 5 0 1 10 14 3 12 15 6 5 4 14 19 9 6 19 15 11 11 5 14 20 19 18 83 0 17 16 9 4 18 11 16 19 4 13 18 14 14 17 8 19 13 8 7 3 8 9 2 
7 20 9 18 17 18 8 12 18 6 17 13 5 7 19 10 3 1 19 14 7 3 1 7 3 4 0 4 6 7 4 15 10 12 8 16 16 2 9 17 7 0 13 9 12 6 13 8 7 10 18 16 6 17 10 18 3 0 18 5 13 17 10 16 9 12 
18 16 10 5 9 20 16 19 6 4 17 14 14 12 12 6 1 18 17 15 13 11 16 3 17 14 1 15 8 16 17 19 9 10 15 8 14 5 0 6 9 17 9 75 9 7 9 4 13 1 6 4 17 14 14 6 2 11 4 10 1 5 10 8 4 20 
13 8 17 8 20 13 1 7 14 16 18 6 0 15 17 16 16 6 17 13 3 19 19 8 2 20 1 19 17 2 19 18 7 3 17 2 5 6 5 1 18 16 12 9 11 13 4 17 13 1 12 13 6 5 11 16 3 11 11 2 20 9 8 19 6 19 
18 3 11 5 9 0 11 3 0 20 2 14 17 10 20 7 6 3 7 6 20 19 12 14 20 12 14 10 1 0 17 8 19 11 15 7 10 4 16 17 12 9 6 7 13 52 10 4 14 17 13 19 15 13 14 1 10 2 0 13 9 0 15 11 9 17 
8 8 5 15 8 10 17 9 5 4 8 16 15 14 16 1 20 9 16 11 1 15 9 5 16 2 10 20 17 18 5 8 15 10 12 15 7 6 15 9 0 4 13 9 4 10 10 0 4 0 13 16 3 6 5 16 8 9 20 18 14 4 12 1 7 12 
8 4 4 9 1 13 20 2 6 15 14 0 0 0 14 17 2 5 8 20 5 16 2 6 15 3 7 6 19 8 10 10 19 19 8 4 17 17 8 13 13 18 8 4 17 4 0 43 2 18 4 11 1 5 7 14 14 9 17 9 9 3 5 18 1 2 
6 15 1 10 13 3 5 0 7 14 4 8 18 2 14 20 9 2 13 5 16 0 15 19 17 7 16 9 7 19 13 13 1 15 9 0 11 8 10 12 9 11 7 13 13 14 4 2 98 11 15 7 18 14 13 5 19 15 8 14 0 5 3 12 0 7 
20 10 16 13 6 1 18 4 10 2 3 5 11 19 17 8 14 1 6 3 20 19 0 11 18 14 13 15 4 13 3 12 15 15 6 1 14 13 2 14 20 16 10 1 1 17 0 18 11 72 15 19 4 9 2 12 18 12 0 20 5 2 16 13 2 10 
8 3 1 3 16 5 7 17 1 17 1 16 13 17 16 5 18 4 18 2 16 20 5 9 15 5 1 10 5 17 9 3 8 17 4 1 7 19 20 11 16 19 18 6 12 13 13 4 15 15 44 6 10 17 20 16 0 2 11 16 17 17 0 19 17 10 
1 20 12 19 8 18 12 1 20 17 11 4 19 6 14 20 14 14 15 18 14 3 14 1 6 11 9 2 13 17 6 20 18 11 10 12 7 16 16 16 9 4 16 4 13 19 16 11 7 19 6 3 14 8 4 18 0 3 4 18 10 10 18 17 7 18 
3 19 15 6 13 2 11 11 10 12 16 12 2 1 7 7 18 4 11 9 1 4 20 6 16 15 2 13 7 8 16 6 15 9 13 15 4 4 12 12 19 13 6 17 6 15 3 1 18 4 10 14 71 11 18 20 18 2 16 4 16 19 7 9 2 12 
11 2 9 1 15 3 7 1 6 18 12 14 20 8 4 10 2 17 5 5 0 5 16 1 8 6 19 0 8 13 9 14 6 13 3 0 9 17 11 7 12 18 17 14 5 13 6 5 14 9 17 8 11 47 7 18 4 9 2 1 17 17 18 11 16 4 
16 10 13 11 1 17 6 15 5 9 3 20 8 13 3 9 7 1 2 14 12 14 12 1 4 18 16 8 17 7 12 7 1 3 3 11 2 18 7 5 12 14 10 14 11 14 5 7 13 2 20 4 18 7 1 10 14 18 8 12 16 0 7 15 12 20 
6 18 1 9 10 14 16 20 3 1 16 9 7 7 9 10 0 2 5 8 20 8 20 12 18 10 12 8 18 13 13 20 8 2 13 8 20 3 16 13 13 14 18 6 16 1 16 14 5 12 16 18 20 18 10 20 9 12 17 16 13 18 5 9 0 12 
14 8 8 4 15 19 19 12 4 20 2 10 17 17 20 11 6 5 9 14 14 10 8 12 9 8 5 10 1 16 19 11 14 19 11 12 18 3 20 6 17 17 3 2 3 10 8 14 19 18 0 0 18 4 14 9 32 16 20 11 17 11 6 14 4 5 
10 10 20 20 10 9 17 16 8 18 6 1 15 7 1 8 10 7 10 9 4 8 5 15 11 11 8 0 9 16 19 15 7 5 7 5 10 11 4 1 16 8 0 11 11 2 9 9 15 12 2 3 2 9 18 12 16 86 7 19 20 19 7 11 5 11 
13 3 2 5 5 9 12 18 18 19 9 0 9 19 8 14 12 8 6 14 10 18 10 6 17 11 12 13 2 17 3 1 7 19 12 2 1 19 16 19 8 19 18 4 11 0 20 17 8 0 11 4 16 2 8 17 20 7 87 5 4 10 15 4 11 5 
19 11 17 20 19 14 13 11 16 9 4 16 0 14 6 0 6 10 19 10 15 12 14 8 20 12 4 14 17 3 11 13 10 15 0 2 18 6 9 3 11 13 5 10 2 13 18 9 14 20 16 18 4 1 12 16 11 19 5 90 2 4 7 4 0 3 
5 12 16 15 13 16 10 15 9 0 3 6 20 19 14 12 19 2 0 12 6 11 20 10 7 11 7 20 19 6 1 19 2 13 19 1 2 11 10 16 13 8 13 1 20 9 14 9 0 5 17 10 16 17 16 13 17 20 4 2 14 6 2 5 10 17 
10 15 13 6 12 15 10 18 13 9 19 15 20 14 4 1 6 5 2 16 4 3 3 18 13 6 2 10 17 10 12 14 5 1 0 14 19 17 4 18 0 7 17 5 9 0 4 3 5 2 17 10 19 17 0 18 11 19 10 4 6 4 4 10 1 1 
17 12 15 8 5 6 16 9 0 16 10 18 8 20 15 18 19 4 2 1 11 6 16 17 4 13 3 1 15 6 2 4 20 4 16 0 13 15 1 20 6 3 10 10 8 15 12 5 3 16 0 18 7 18 7 5 6 7 15 7 2 4 34 1 5 0 
18 0 9 10 9 7 2 12 19 8 3 12 13 4 8 12 5 16 6 13 13 15 4 20 12 16 15 15 14 5 12 16 17 13 6 13 4 6 18 16 0 8 16 8 19 11 1 18 12 13 19 17 9 11 15 9 14 11 4 4 5 10 1 68 15 4 
2 19 18 3 4 9 11 13 2 11 14 4 12 12 14 12 0 14 13 10 0 1 5 17 20 1 17 16 10 9 9 1 10 4 10 11 20 15 7 10 8 9 9 4 6 9 7 1 0 2 17 7 2 16 12 0 4 5 11 0 10 1 5 15 24 12 
11 18 17 7 16 9 16 14 8 0 6 12 17 17 1 8 18 8 16 3 6 3 0 1 15 15 12 17 19 15 13 1 0 5 9 19 19 10 18 5 7 2 12 20 19 17 12 2 7 10 10 18 12 4 20 12 5 11 5 3 17 1 0 4 12 100 
