136 17
28 39 53 47 28 39 17 19 27 46 10 23 32 46 30 38 27 39 35 18 34 20 21 17 36 14 23 24 32 16 31 74 61 43 43 23 25 44 57 25 28 43 66 53 45 85 66 72 48 51 65 83 45 55 69 85 70 73 64 74 50 53 62 82 45 57 68 79 63 73 58 34 37 44 64 28 42 50 59 43 56 51 54 56 76 44 58 63 66 52 70 36 33 52 28 39 41 42 27 48 36 55 29 41 43 45 30 50 62 27 40 49 59 43 55 46 59 68 77 61 74 32 34 39 23 41 48 49 35 55 62 47 62 62 67 52 
39 55 32 43 36 55 48 48 35 48 42 49 43 29 22 49 14 27 43 43 60 58 58 42 49 54 58 48 27 28 54 39 35 18 34 20 21 17 36 14 23 24 32 16 31 67 51 65 44 46 49 69 37 50 56 61 45 63 60 77 59 61 59 77 52 65 67 63 51 74 69 56 57 49 65 50 60 57 47 38 64 75 76 67 82 68 78 76 63 56 83 68 55 65 62 70 63 44 42 69 56 67 62 70 64 46 43 70 63 48 58 56 46 36 63 58 70 71 65 54 78 63 56 37 35 62 66 50 45 73 53 45 71 41 60 52 
53 32 79 19 30 42 51 49 30 27 49 47 33 7 22 36 42 14 30 44 54 65 63 44 37 63 61 46 21 36 48 27 9 14 14 31 28 15 4 33 25 10 22 23 8 35 18 34 20 21 17 36 14 23 24 32 16 31 32 50 40 40 30 46 34 42 38 31 19 45 48 48 47 30 38 44 47 37 16 17 42 62 61 47 56 56 62 54 34 34 60 66 47 47 64 65 52 25 36 56 46 47 62 64 51 25 34 55 36 43 46 35 14 16 41 41 49 44 33 24 51 61 47 21 33 50 51 26 34 56 23 22 48 9 30 28 
47 43 19 71 19 23 39 36 20 7 40 33 17 15 23 17 47 15 14 32 36 53 50 33 19 53 47 32 18 32 31 47 27 26 8 31 28 28 20 37 24 20 42 40 13 39 20 25 1 4 21 36 6 8 22 43 30 25 18 34 20 21 17 36 14 23 24 32 16 31 29 31 29 11 22 28 28 17 13 4 23 42 42 27 39 38 43 35 21 14 41 49 30 27 49 47 33 7 22 36 28 28 47 46 32 6 20 36 20 28 27 15 13 6 21 21 30 28 30 14 35 45 30 8 24 32 32 7 17 36 15 2 29 24 20 9 
28 36 30 19 37 18 20 18 1 18 20 16 6 23 14 13 35 17 8 14 25 34 32 14 13 34 30 15 11 14 19 57 40 27 17 18 16 29 34 25 13 24 50 42 22 58 39 44 19 23 39 55 18 27 41 61 46 45 35 48 25 27 34 54 18 32 40 51 35 46 34 20 21 17 36 14 23 24 32 16 31 38 39 32 50 31 41 41 38 25 48 36 19 30 33 35 26 14 6 32 19 32 31 35 27 17 6 33 35 13 21 22 32 16 29 23 36 42 49 33 48 31 19 11 4 25 29 21 9 36 34 19 37 38 39 24 
39 55 42 23 18 69 24 21 20 17 29 16 12 36 32 6 53 32 12 21 14 36 32 22 5 39 28 15 28 31 10 70 51 44 27 36 34 45 44 43 31 38 64 58 34 60 43 39 23 24 43 55 27 26 42 66 54 43 30 35 11 14 30 47 10 18 32 52 38 36 18 8 6 12 27 11 5 13 36 24 17 20 21 17 36 14 23 24 32 16 31 26 8 12 29 24 10 16 14 14 6 15 26 22 9 17 12 15 27 12 4 12 36 25 16 7 20 30 47 32 36 23 7 21 21 8 11 19 9 18 34 21 22 47 35 20 
17 48 51 39 20 24 41 3 21 36 7 7 21 44 31 25 40 37 25 6 17 14 11 7 23 15 10 8 30 19 15 76 60 45 38 27 28 46 54 33 29 43 69 58 42 78 60 61 39 42 59 75 39 46 61 81 67 64 53 60 35 39 52 70 32 43 56 71 55 60 42 18 21 32 51 13 26 37 52 37 42 34 37 41 61 27 41 48 55 39 54 21 17 36 14 23 24 32 16 31 20 39 14 24 27 35 19 34 50 12 24 36 52 37 41 31 44 55 68 52 60 16 18 32 17 25 31 39 23 38 54 38 47 59 57 41 
19 48 49 36 18 21 3 42 18 33 9 4 18 42 30 22 40 35 22 5 15 16 14 6 20 18 11 5 28 19 12 74 58 44 35 27 27 45 52 33 28 41 67 57 40 76 57 58 36 39 57 72 37 43 58 79 64 61 49 57 32 35 49 67 29 40 52 68 53 57 39 15 18 29 48 10 23 33 50 34 39 32 34 38 57 25 38 45 52 36 51 20 14 33 15 22 21 29 13 28 17 36 14 23 24 32 16 31 47 9 21 32 50 34 37 28 41 52 65 49 57 15 15 29 15 22 28 36 20 35 51 35 43 57 54 38 
27 35 30 20 1 20 21 18 34 19 20 17 8 23 13 15 33 16 10 14 26 35 32 14 15 34 30 16 10 13 20 56 39 26 17 16 14 27 33 23 11 23 49 40 21 59 39 45 20 23 39 56 19 28 42 61 46 46 37 49 27 29 35 55 20 33 41 52 36 48 36 22 22 18 38 16 25 26 33 17 33 39 40 34 52 33 43 42 39 26 50 37 20 31 34 37 27 15 7 34 21 33 32 36 28 18 8 35 36 14 23 24 32 16 31 24 37 43 50 34 50 32 21 12 3 27 31 22 11 38 35 19 39 38 40 25 
46 48 27 7 18 17 36 33 19 73 38 29 14 22 26 12 50 21 10 30 30 49 46 30 14 50 43 27 21 32 26 54 35 32 14 33 31 34 27 40 26 26 49 47 20 43 26 25 6 7 26 39 12 10 25 49 37 28 17 30 13 14 16 35 7 17 22 36 21 28 22 25 23 4 18 24 21 10 18 10 16 35 35 20 34 31 35 28 20 8 35 43 24 20 44 41 26 4 19 29 22 21 42 39 25 1 16 28 17 24 20 8 19 12 15 14 23 24 32 16 31 39 24 10 23 25 25 3 12 29 18 4 23 31 21 5 
10 42 49 40 20 29 7 9 20 38 29 13 23 42 27 28 33 35 27 8 24 16 15 7 27 14 15 14 28 14 21 73 58 42 37 23 24 43 53 27 25 40 66 54 41 79 60 64 40 43 60 76 39 47 62 81 66 65 55 64 40 43 54 73 35 48 59 72 56 64 48 24 27 35 55 18 31 41 53 37 46 41 43 46 66 34 47 53 58 43 60 27 22 42 20 30 30 34 18 37 25 45 21 31 33 37 21 40 53 17 30 39 53 37 45 36 49 59 70 54 65 23 24 32 16 31 37 41 26 44 55 39 52 58 59 43 
23 49 47 33 16 16 7 4 17 29 13 46 15 40 29 18 43 34 19 6 12 20 17 8 15 22 14 1 27 20 7 73 56 44 33 28 28 45 50 35 27 40 67 57 38 72 54 54 33 36 54 68 34 39 54 76 62 57 45 52 28 31 45 63 25 35 48 65 49 53 35 11 14 25 44 5 18 29 47 31 34 28 30 33 53 21 34 40 48 32 47 19 9 29 16 20 17 26 11 24 12 32 15 21 20 29 13 27 43 5 17 28 47 32 33 24 36 47 61 45 53 14 11 27 15 18 24 32 16 31 47 32 39 55 50 34 
32 43 33 17 6 12 21 18 8 14 23 15 48 26 20 7 41 21 3 15 21 35 32 16 6 36 29 14 16 20 15 60 42 32 18 24 22 34 35 31 19 27 54 47 24 57 38 40 18 20 38 53 19 24 39 61 47 42 31 42 19 21 31 50 13 26 35 50 34 41 28 15 15 12 31 11 17 18 31 16 25 32 33 26 44 25 35 34 34 19 41 32 14 23 31 32 20 10 5 26 14 25 29 31 21 13 2 27 30 10 15 17 31 17 23 16 29 36 46 30 43 28 14 12 10 19 23 17 3 30 32 16 31 40 35 20 
46 29 7 15 23 36 44 42 23 22 42 40 26 65 16 30 37 6 24 37 47 57 55 36 31 56 53 39 14 29 41 34 16 11 8 24 21 13 11 27 18 5 27 24 2 41 22 36 16 18 21 41 10 21 27 39 23 34 31 49 36 36 30 47 29 39 38 35 22 45 45 42 41 25 36 37 41 33 18 12 39 56 56 43 55 51 57 51 34 30 57 59 41 43 57 58 46 20 29 50 40 43 55 57 45 21 28 50 35 36 40 31 17 10 37 36 46 43 36 25 50 54 41 14 26 44 46 23 27 51 24 18 45 16 31 25 
30 22 22 23 14 32 31 30 13 26 27 29 20 16 33 27 24 9 20 25 39 44 42 24 27 41 41 28 5 14 33 45 31 14 15 9 6 15 27 14 2 13 38 27 16 57 37 48 24 27 36 56 18 31 41 55 39 47 41 57 37 39 40 59 30 43 47 51 35 54 47 35 35 27 44 29 37 35 32 18 42 52 53 45 61 46 56 53 44 34 60 49 33 43 45 49 40 22 20 47 34 45 44 49 41 24 21 48 42 27 36 33 31 17 40 36 48 50 50 36 57 44 34 15 14 40 44 28 23 50 36 24 49 32 43 31 
38 49 36 17 13 6 25 22 15 12 28 18 7 30 27 62 48 26 6 20 18 38 35 21 2 40 31 16 22 27 14 64 45 38 21 31 29 39 38 38 26 32 58 52 27 55 38 36 17 19 38 51 21 22 37 61 48 39 27 36 12 15 27 45 7 19 30 48 33 35 21 13 11 8 26 12 11 12 30 18 18 26 27 19 38 20 29 27 30 14 34 31 12 16 32 29 16 10 11 20 10 18 30 28 15 12 8 21 25 13 10 10 31 19 17 9 22 30 44 28 36 27 12 15 17 14 17 15 4 23 30 15 24 41 32 16 
27 14 42 47 35 53 40 40 33 50 33 43 41 37 24 48 79 32 43 36 55 48 48 35 48 42 49 43 29 22 49 53 47 28 39 17 19 27 46 10 23 32 46 30 38 77 59 72 48 51 58 78 42 55 64 72 57 70 65 81 60 62 64 83 53 66 71 72 58 78 69 52 54 50 68 45 57 58 55 42 66 71 72 67 85 64 75 76 68 58 83 61 50 65 54 63 59 46 39 66 52 67 54 64 60 48 41 67 67 43 55 57 53 41 64 58 71 74 73 60 81 56 52 39 32 58 64 53 44 71 60 48 72 51 67 55 
39 27 14 15 17 32 37 35 16 21 35 34 21 6 9 26 32 107 19 30 42 51 49 30 27 49 47 33 7 22 36 39 23 11 7 18 15 13 18 22 11 6 33 26 6 47 28 39 17 19 27 46 10 23 32 46 30 38 33 50 34 35 32 51 27 38 40 41 26 47 43 37 36 23 37 32 37 31 22 11 38 52 53 41 55 46 54 49 36 29 56 53 35 40 50 53 41 18 23 46 35 41 49 52 41 19 22 47 36 31 36 29 21 9 36 33 44 44 41 28 51 48 36 11 19 40 43 22 23 48 28 17 44 23 34 25 
35 43 30 14 8 12 25 22 10 10 27 19 3 24 20 6 43 19 94 19 23 39 36 20 7 40 33 17 15 23 17 58 39 31 16 26 23 33 32 33 20 26 52 46 22 53 35 36 14 16 35 49 16 20 35 57 44 38 28 39 17 19 27 46 10 23 32 46 30 38 26 18 17 8 28 14 17 15 27 13 22 33 33 24 42 27 35 33 30 16 40 35 17 22 35 34 22 7 9 27 16 24 33 33 22 10 6 27 26 14 16 14 27 14 21 15 27 33 43 27 40 31 17 9 13 20 23 14 3 29 28 12 29 36 32 16 
18 43 44 32 14 21 6 5 14 30 8 6 15 37 25 20 36 30 19 56 18 20 18 1 18 20 16 6 23 14 13 69 53 39 31 22 23 40 48 29 23 36 63 52 36 72 53 56 33 36 53 69 33 40 54 75 60 58 47 56 31 34 46 65 27 39 50 65 49 56 39 17 19 27 46 10 23 32 46 30 38 34 36 38 57 27 40 45 49 34 52 25 15 33 20 26 23 26 10 30 17 36 19 27 25 29 13 32 45 8 21 31 46 30 36 28 41 50 62 46 56 20 16 25 10 23 29 33 17 37 47 31 43 53 51 35 
34 60 54 36 25 14 17 15 26 30 24 12 21 47 39 18 55 42 23 18 79 24 21 20 17 29 16 12 36 32 6 81 63 53 39 40 39 54 56 47 38 48 75 67 45 74 57 53 36 38 57 69 39 40 56 80 67 57 44 47 24 27 44 60 24 31 46 66 52 49 28 5 8 26 41 10 11 26 49 36 29 17 19 27 46 10 23 32 46 30 38 12 6 22 16 11 7 29 19 14 8 25 13 10 10 31 19 17 40 12 11 26 50 37 29 20 29 43 62 46 47 9 6 33 25 9 15 33 20 21 49 34 32 60 50 34 
20 58 65 53 34 36 14 16 35 49 16 20 35 57 44 38 48 51 39 20 24 34 3 21 36 7 7 21 44 31 25 89 74 58 52 39 40 59 68 44 42 57 82 70 56 92 74 74 53 56 74 89 53 59 75 96 81 77 66 71 47 50 65 83 45 54 68 85 69 72 52 28 31 46 63 25 35 49 66 51 53 39 42 51 71 34 47 57 68 52 62 19 27 46 10 23 32 46 30 38 30 49 13 26 35 49 33 41 62 25 34 48 66 51 52 43 54 66 82 66 71 17 28 46 31 33 40 52 36 45 67 52 57 73 70 54 
21 58 63 50 32 32 11 14 32 46 15 17 32 55 42 35 48 49 36 18 21 3 38 18 33 9 4 18 42 30 22 88 72 57 49 38 39 58 66 43 40 55 80 69 54 90 71 71 50 53 71 86 51 56 72 93 78 74 63 68 44 47 62 80 42 51 65 82 67 69 49 25 28 43 60 22 32 46 64 48 50 36 39 48 67 31 44 53 65 49 59 17 24 43 7 21 29 43 28 35 27 46 10 23 32 46 30 38 59 22 31 45 64 48 49 40 50 63 79 63 68 14 25 43 29 30 36 49 33 42 65 49 54 71 67 51 
17 42 44 33 14 22 7 6 14 30 7 8 16 36 24 21 35 30 20 1 20 21 18 54 19 20 17 8 23 13 15 69 53 38 31 21 21 39 47 27 22 36 62 51 35 72 53 56 33 36 53 69 33 40 55 75 60 58 48 57 33 36 47 66 28 40 52 65 49 57 41 18 21 28 47 12 25 33 46 30 39 36 38 39 59 29 42 46 50 35 53 26 17 35 21 28 25 27 11 32 19 38 20 29 27 30 14 34 46 10 23 32 46 30 38 29 42 52 63 47 57 21 18 25 10 25 31 34 18 38 48 32 45 52 52 36 
36 49 37 19 13 5 23 20 15 14 27 15 6 31 27 2 48 27 7 18 17 36 33 19 92 38 29 14 22 26 12 65 46 38 23 31 29 40 39 38 26 33 59 53 29 57 40 38 19 21 40 53 23 24 39 63 50 41 30 37 13 16 29 47 9 21 32 50 35 37 22 11 10 10 28 10 10 13 32 20 20 25 26 20 39 19 28 28 32 16 35 29 10 17 30 28 14 12 9 19 9 19 28 26 14 14 7 20 27 10 9 12 33 21 18 10 23 32 46 30 38 25 10 16 16 13 16 17 4 23 32 17 25 43 34 18 
14 54 63 53 34 39 15 18 34 50 14 22 36 56 41 40 42 49 40 20 29 7 9 20 38 20 13 23 42 27 28 86 72 56 51 35 37 56 67 39 39 55 79 66 55 93 74 76 54 57 73 90 53 60 75 95 80 78 68 75 50 53 67 85 47 58 71 86 70 75 56 32 35 47 66 28 39 51 67 51 56 45 48 55 75 39 52 61 70 54 67 26 30 50 17 30 37 47 31 43 34 53 19 32 40 50 34 46 65 27 38 50 66 51 55 46 58 70 83 67 75 23 32 46 30 38 44 54 38 51 68 52 61 72 72 56 
23 58 61 47 30 28 10 11 30 43 15 14 29 53 41 31 49 47 33 16 16 7 4 17 29 13 47 15 40 29 18 86 70 56 47 38 39 57 64 43 39 53 79 69 52 86 68 68 47 50 68 82 48 53 68 91 76 71 59 64 40 43 58 75 38 47 61 79 64 65 45 20 23 39 56 19 28 42 61 46 46 32 35 44 63 26 39 49 61 45 55 13 19 38 4 17 24 40 25 30 23 42 6 19 27 43 27 33 55 18 27 41 61 46 45 35 46 59 75 59 64 10 21 41 27 26 32 46 30 38 61 46 49 69 64 48 
24 48 46 32 15 15 8 5 16 27 14 1 14 39 28 16 43 33 17 6 12 21 18 8 14 23 15 64 26 20 7 72 55 43 32 28 28 44 49 35 27 39 66 56 37 71 52 53 32 34 53 67 33 38 53 75 61 55 44 51 27 30 43 61 23 34 47 64 48 52 34 10 13 24 42 4 17 28 45 30 33 28 30 32 52 21 34 39 46 30 46 20 8 28 18 21 17 24 9 24 11 31 16 21 19 27 12 26 41 3 16 27 45 30 32 23 35 46 60 44 51 15 10 26 14 17 23 31 15 30 46 30 38 53 49 33 
32 27 21 18 11 28 30 28 10 21 28 27 16 14 5 22 29 7 15 23 36 44 42 23 22 42 40 26 92 16 30 46 30 16 11 13 10 18 25 19 6 13 39 31 13 53 34 43 19 22 33 52 14 26 37 53 37 42 36 51 32 34 35 54 25 37 42 47 31 49 41 31 31 21 39 25 33 30 28 13 37 48 49 40 55 42 51 48 39 29 55 47 30 38 43 47 36 17 17 42 30 39 42 46 37 19 17 43 37 24 31 28 27 12 35 31 43 45 46 31 52 42 30 10 12 36 39 23 18 45 32 19 43 30 38 26 
16 28 36 32 14 31 19 19 13 32 14 20 20 29 14 27 22 22 23 14 32 31 30 13 26 27 29 20 16 61 27 58 45 28 26 8 9 28 41 14 11 27 51 39 29 69 50 57 32 36 49 67 29 40 53 69 53 57 49 62 39 42 48 68 33 46 54 63 47 61 48 30 31 31 51 23 35 38 43 28 45 48 50 46 65 41 53 55 52 39 62 39 28 43 34 41 36 28 17 43 30 46 33 42 38 31 19 45 49 21 33 37 43 27 44 36 50 56 61 46 63 34 29 23 10 36 41 35 23 48 47 32 51 46 52 38 
31 54 48 31 19 10 15 12 20 26 21 7 15 41 33 14 49 36 17 13 6 25 22 15 12 28 18 7 30 27 76 75 57 46 33 34 33 48 50 41 32 42 69 61 39 69 52 50 31 33 52 65 34 36 52 75 62 53 41 46 22 25 41 57 20 29 43 62 47 47 27 3 6 22 38 4 11 24 44 31 28 21 23 26 46 14 27 33 43 27 39 17 2 21 18 17 9 24 12 17 5 24 16 16 12 26 13 19 37 6 9 23 45 31 27 17 29 41 58 42 46 13 3 27 19 10 16 29 14 23 44 29 32 54 46 30 
74 39 27 47 57 70 76 74 56 54 73 73 60 34 45 64 53 39 58 69 81 89 88 69 65 86 86 72 46 58 75 65 19 30 42 51 49 30 27 49 47 33 7 22 36 43 36 55 48 48 35 48 42 49 43 29 22 49 56 74 68 68 54 64 62 69 62 43 41 68 75 76 75 58 63 71 75 64 40 45 69 90 89 74 80 84 90 81 58 61 86 93 75 75 90 92 80 53 63 84 74 75 88 91 79 53 62 83 61 70 74 63 38 44 68 69 76 68 49 48 75 88 75 48 59 78 79 54 61 84 46 50 75 25 52 55 
61 35 9 27 40 51 60 58 39 35 58 56 42 16 31 45 47 23 39 53 63 74 72 53 46 72 70 55 30 45 57 19 86 19 23 39 36 20 7 40 33 17 15 23 17 32 19 37 28 28 17 35 23 29 25 25 9 32 36 55 48 48 35 48 42 49 43 29 22 49 56 57 56 38 43 53 56 44 21 26 49 70 70 54 61 65 70 61 39 41 67 75 56 55 73 74 61 34 45 64 55 55 71 73 60 33 44 64 42 52 55 43 19 25 48 49 56 49 33 29 56 70 56 30 42 59 60 34 43 64 27 30 55 6 33 35 
43 18 14 26 27 44 45 44 26 32 42 44 32 11 14 38 28 11 31 39 53 58 57 38 38 56 56 43 16 28 46 30 19 73 18 20 18 1 18 20 16 6 23 14 13 49 32 47 27 29 31 50 20 33 38 44 29 44 43 60 45 47 41 59 38 49 49 45 32 56 55 48 48 35 48 42 49 43 29 22 49 64 65 53 66 58 66 61 46 41 68 63 46 52 60 63 53 29 34 58 46 53 59 63 53 31 33 59 46 41 47 41 27 20 48 45 56 54 47 36 61 58 47 23 29 52 55 34 34 60 35 29 56 23 42 36 
43 34 14 8 17 27 38 35 17 14 37 33 18 8 15 21 39 7 16 31 39 52 49 31 23 51 47 32 11 26 33 42 23 18 110 24 21 20 17 29 16 12 36 32 6 42 23 32 9 12 22 40 3 16 26 43 29 31 26 43 27 28 24 44 21 31 32 36 20 39 36 34 33 17 30 30 33 24 17 4 31 48 48 35 48 42 49 43 29 22 49 51 33 34 50 50 37 12 22 42 32 35 48 49 37 12 20 42 28 29 31 23 16 2 29 28 37 36 35 21 44 46 33 6 21 36 38 15 19 43 21 10 37 21 27 17 
23 20 31 31 18 36 27 27 16 33 23 28 24 24 9 31 17 18 26 22 40 39 38 21 31 35 38 28 13 8 34 51 39 20 24 96 3 21 36 7 7 21 44 31 25 66 47 56 32 35 46 65 27 40 50 64 48 56 50 64 43 45 48 68 36 49 55 60 45 62 52 36 38 33 52 30 41 41 41 27 49 55 56 50 68 48 59 59 53 41 66 48 35 48 42 49 43 29 22 49 36 50 42 49 44 32 24 51 50 28 39 40 40 25 47 41 54 58 59 45 65 43 36 23 15 42 47 36 27 54 45 32 55 41 51 39 
25 21 28 28 16 34 28 27 14 31 24 28 22 21 6 29 19 15 23 23 39 40 39 21 29 37 39 28 10 9 33 49 36 18 21 3 96 18 33 9 4 18 42 30 22 63 43 53 29 32 42 62 24 37 47 61 45 53 47 61 40 43 45 65 34 47 52 57 41 59 50 35 36 31 49 29 39 39 38 24 46 54 55 48 65 47 57 57 50 39 64 48 34 46 43 49 42 26 21 48 35 48 42 49 43 29 22 49 47 27 37 37 37 22 44 39 51 55 56 42 62 43 35 20 14 41 45 33 25 52 42 29 53 38 48 36 
44 17 15 28 29 45 46 45 27 34 43 45 34 13 15 39 27 13 33 40 54 59 58 39 40 56 57 44 18 28 48 30 20 1 20 21 18 70 19 20 17 8 23 13 15 51 34 49 29 31 32 52 22 35 39 45 29 46 44 62 47 48 43 60 40 51 51 46 34 58 56 49 49 36 49 43 50 44 31 24 51 66 66 55 68 59 68 63 47 42 70 64 48 54 61 65 54 31 35 60 48 55 60 64 55 32 35 60 48 42 49 43 29 22 49 47 58 56 48 38 63 59 48 24 30 53 56 35 36 62 37 30 58 24 44 37 
57 36 4 20 34 44 54 52 33 27 53 50 35 11 27 38 46 18 32 48 56 68 66 47 39 67 64 49 25 41 50 27 7 18 17 36 33 19 96 38 29 14 22 26 12 31 14 32 21 21 13 32 16 22 21 28 12 28 30 48 41 40 28 43 35 42 36 27 16 43 48 50 49 31 36 47 49 37 14 19 42 63 63 47 55 58 63 54 32 34 60 68 49 48 67 67 54 27 39 57 48 48 65 66 53 26 37 56 35 46 48 36 12 18 41 42 49 43 29 22 49 63 49 23 37 52 53 27 36 57 21 23 48 5 28 28 
25 14 33 37 25 43 33 33 23 40 27 35 31 27 14 38 10 22 33 29 47 44 43 27 38 39 43 35 19 14 41 49 40 20 29 7 9 20 38 85 13 23 42 27 28 69 50 62 38 41 49 69 32 45 55 65 49 61 55 70 50 52 54 73 43 56 61 63 49 68 59 43 45 40 58 36 48 48 45 32 55 62 63 57 74 55 66 66 58 48 73 54 42 55 48 55 50 35 29 56 43 57 48 56 51 38 31 58 56 35 46 46 44 31 54 48 61 64 64 50 71 49 43 29 22 49 54 42 34 61 50 38 62 43 57 45 
28 23 25 24 13 31 29 28 11 26 25 27 19 18 2 26 23 11 20 23 38 42 40 22 26 39 39 27 6 11 32 47 33 16 16 7 4 17 29 13 98 15 40 29 18 58 39 49 25 28 38 57 19 32 43 57 41 48 42 57 37 39 41 60 30 43 48 52 37 55 46 34 34 27 45 27 36 35 33 19 42 51 52 45 61 44 55 53 45 34 60 47 32 42 43 48 39 22 19 46 33 44 42 48 40 25 20 47 43 26 35 33 32 18 40 35 48 51 52 37 58 42 33 16 12 39 43 29 22 49 38 25 49 34 44 31 
43 24 10 20 24 38 43 41 23 26 40 40 27 5 13 32 32 6 26 36 48 57 55 36 33 55 53 39 13 27 42 33 17 6 12 21 18 8 14 23 15 86 26 20 7 45 27 41 21 23 26 45 14 26 32 42 26 39 36 54 39 40 35 52 32 43 43 40 27 50 48 43 43 29 41 38 44 36 23 16 43 59 59 47 59 53 61 55 39 34 61 60 42 46 57 59 48 23 30 53 41 47 55 58 48 24 29 53 39 37 42 35 22 14 41 39 49 48 41 30 55 55 42 17 25 47 49 27 29 55 29 22 49 19 36 29 
66 32 22 42 50 64 69 67 49 49 66 67 54 27 38 58 46 33 52 63 75 82 80 62 59 79 79 66 39 51 69 7 15 23 36 44 42 23 22 42 40 26 59 16 30 44 34 53 43 43 33 48 37 45 41 32 21 48 52 71 63 63 51 63 56 64 59 43 38 65 71 69 69 53 59 65 69 59 36 40 65 84 84 69 77 79 85 76 55 56 82 86 68 70 83 86 74 48 56 78 68 70 82 85 73 48 55 78 57 64 68 58 35 38 63 64 72 65 48 45 72 81 68 42 52 72 74 49 55 79 43 45 71 22 49 50 
53 16 23 40 42 58 58 57 40 47 54 57 47 24 27 52 30 26 46 52 67 70 69 51 53 66 69 56 31 39 61 22 23 14 32 31 30 13 26 27 29 20 16 45 27 55 41 58 41 43 39 58 34 46 47 46 32 54 55 73 60 61 53 69 53 64 62 52 43 69 69 62 62 49 61 56 64 57 40 36 64 79 79 67 79 73 81 75 58 55 82 77 61 67 73 77 67 44 48 73 61 68 72 77 68 45 48 73 59 55 62 55 38 35 62 60 70 67 55 48 74 72 61 37 42 66 69 48 49 75 46 43 70 29 54 49 
45 31 8 13 22 34 42 40 21 20 41 38 24 2 16 27 38 6 22 36 45 56 54 35 29 55 52 37 13 29 39 36 17 13 6 25 22 15 12 28 18 7 30 27 99 40 21 34 14 16 20 40 7 19 26 40 24 32 29 47 33 34 27 46 27 36 36 35 20 43 42 40 39 23 34 35 39 30 17 10 36 54 54 40 52 48 55 48 32 28 55 57 39 40 55 56 43 18 27 48 38 41 53 55 43 18 26 48 32 35 38 28 15 8 35 34 43 41 35 23 48 52 39 12 25 42 44 20 25 49 22 16 43 17 29 22 
85 67 35 39 58 60 78 76 59 43 79 72 57 41 57 55 77 47 53 72 74 92 90 72 57 93 86 71 53 69 69 43 32 49 42 66 63 51 31 69 58 45 44 55 40 39 19 23 39 36 20 7 40 33 17 15 23 17 30 42 51 49 30 27 49 47 33 7 22 36 54 68 66 47 37 67 63 48 26 42 48 74 72 53 49 71 70 56 30 44 59 86 68 57 88 84 68 46 62 69 65 55 85 82 66 43 59 67 36 67 63 47 26 42 48 55 53 40 13 27 43 83 67 47 63 67 64 40 56 65 25 40 51 26 25 39 
66 51 18 20 39 43 60 57 39 26 60 54 38 22 37 38 59 28 35 53 57 74 71 53 40 74 68 52 34 50 52 36 19 32 23 47 43 34 14 50 39 27 34 41 21 19 61 18 20 18 1 18 20 16 6 23 14 13 19 37 36 35 18 28 33 35 25 13 5 31 42 51 49 30 27 49 47 33 7 22 36 60 59 41 44 56 58 46 21 29 51 69 51 43 70 67 52 28 43 54 48 42 68 65 51 25 40 53 25 49 46 32 7 23 35 39 42 32 14 12 38 65 50 27 43 51 49 23 38 52 10 22 40 12 15 23 
72 65 34 25 44 39 61 58 45 25 64 54 40 36 48 36 72 39 36 56 53 74 71 56 38 76 68 53 43 57 50 55 37 47 32 56 53 49 32 62 49 41 53 58 34 23 18 84 24 21 20 17 29 16 12 36 32 6 8 19 29 26 9 11 29 24 9 17 15 13 30 48 45 28 13 49 42 26 18 29 25 51 49 30 27 49 47 33 7 22 36 65 48 34 68 62 47 30 45 46 45 32 66 60 44 26 42 44 13 49 42 26 19 31 25 33 30 16 10 11 20 62 47 33 48 45 42 22 38 42 11 25 27 30 5 20 
48 44 20 1 19 23 39 36 20 6 40 33 18 16 24 17 48 17 14 33 36 53 50 33 19 54 47 32 19 32 31 48 28 27 9 32 29 29 21 38 25 21 43 41 14 39 20 24 102 3 21 36 7 7 21 44 31 25 17 33 19 20 16 35 14 22 23 32 16 30 28 30 29 10 20 28 28 16 13 5 22 42 41 26 38 37 42 34 20 13 40 49 30 27 49 47 33 7 22 36 28 27 47 45 32 5 20 35 19 28 27 15 13 7 20 21 29 27 29 13 34 45 29 9 24 31 31 6 17 36 14 2 28 24 19 8 
51 46 21 4 23 24 42 39 23 7 43 36 20 18 27 19 51 19 16 36 38 56 53 36 21 57 50 34 22 36 33 48 28 29 12 35 32 31 21 41 28 23 43 43 16 36 18 21 3 98 18 33 9 4 18 42 30 22 14 31 19 19 13 32 15 21 20 29 13 27 27 32 30 11 18 31 29 16 11 8 21 43 42 26 36 38 42 33 17 13 39 51 32 27 52 49 34 9 25 37 30 27 49 47 33 7 22 36 16 31 28 15 11 10 20 22 28 25 26 10 32 47 31 12 27 32 32 6 19 36 11 4 27 23 16 6 
65 49 17 21 39 43 59 57 39 26 60 54 38 21 36 38 58 27 35 53 57 74 71 53 40 73 68 53 33 49 52 35 17 31 22 46 42 32 13 49 38 26 33 39 20 20 1 20 21 18 60 19 20 17 8 23 13 15 21 38 37 36 19 30 33 36 26 14 6 33 43 51 49 30 28 49 48 34 7 22 37 61 60 42 45 57 59 47 23 30 52 70 51 44 70 68 53 28 43 55 49 43 68 66 51 26 40 54 27 49 47 33 7 22 36 40 43 34 16 13 39 66 50 27 43 51 50 24 38 53 11 22 41 10 17 24 
83 69 36 36 55 55 75 72 56 39 76 68 53 41 56 51 78 46 49 69 69 89 86 69 53 90 82 67 52 67 65 48 35 50 40 65 62 52 32 69 57 45 48 58 40 7 18 17 36 33 19 54 38 29 14 22 26 12 25 35 45 43 24 19 45 41 26 5 20 29 47 63 61 43 30 63 58 42 23 39 42 68 66 47 42 66 64 50 24 38 52 81 63 51 84 79 63 42 58 63 61 49 81 76 61 39 55 61 30 64 58 42 24 40 42 49 47 33 7 22 36 78 62 44 60 61 58 36 52 59 21 37 44 28 19 34 
45 37 14 6 18 27 39 37 19 12 39 34 19 10 18 21 42 10 16 33 39 53 51 33 23 53 48 33 14 29 34 42 23 20 3 27 24 22 16 32 19 14 37 34 7 40 20 29 7 9 20 38 99 13 23 42 27 28 23 40 26 26 21 41 19 29 29 33 17 36 35 34 33 15 27 30 32 23 14 3 29 47 47 33 45 42 48 41 26 20 47 52 33 33 51 50 37 11 23 41 32 33 49 49 36 11 21 41 25 30 31 21 13 2 27 27 36 34 32 18 41 47 33 7 22 36 37 13 19 42 18 8 35 20 24 15 
55 50 23 8 27 26 46 43 28 10 47 39 24 21 31 22 55 23 20 40 40 59 56 40 24 60 53 38 26 40 36 49 29 33 16 40 37 35 22 45 32 26 45 46 19 33 16 16 7 4 17 29 13 95 15 40 29 18 10 27 20 19 8 28 16 19 16 26 11 23 26 35 32 14 15 34 30 16 10 13 20 43 42 25 33 39 42 31 13 12 37 53 34 27 55 51 36 13 29 37 32 26 52 49 34 10 26 36 13 34 30 15 11 14 19 22 27 21 22 6 28 49 34 16 31 34 33 7 22 36 8 8 25 24 12 6 
69 56 24 22 41 42 61 58 42 25 62 54 39 27 41 37 64 32 35 54 56 75 72 55 39 75 68 53 37 53 52 43 25 38 26 50 47 39 21 55 43 32 41 47 26 17 6 12 21 18 8 14 23 15 66 26 20 7 15 31 34 32 14 22 31 31 19 10 5 25 38 50 48 29 22 49 45 30 9 25 32 57 56 37 38 54 55 42 16 26 46 69 50 40 70 66 51 28 44 52 48 39 68 64 49 25 41 50 21 50 45 30 10 25 31 37 38 27 9 9 32 65 49 29 45 49 47 22 38 49 7 22 36 18 9 21 
85 61 32 43 61 66 81 79 61 49 81 76 61 39 55 61 72 46 57 75 80 96 93 75 63 95 91 75 53 69 75 29 25 44 43 64 61 45 28 65 57 42 32 46 40 15 23 36 44 42 23 22 42 40 26 14 16 30 41 56 60 58 40 42 56 58 45 19 29 49 65 74 72 53 48 72 71 56 30 44 59 83 82 64 63 80 81 68 42 52 72 93 74 66 93 91 76 51 65 78 72 65 91 89 74 49 63 76 47 72 70 55 30 44 58 63 65 52 27 35 57 89 73 49 64 74 73 47 61 75 33 45 62 22 36 46 
70 45 16 30 46 54 67 64 46 37 66 62 47 23 39 48 57 30 44 60 67 81 78 60 50 80 76 61 37 53 62 22 9 29 29 48 45 29 12 49 41 26 21 32 24 23 14 32 31 30 13 26 27 29 20 16 45 27 34 51 49 48 32 42 45 49 40 21 19 46 56 61 60 41 41 58 59 46 19 30 50 73 72 54 58 68 72 60 36 42 65 80 61 56 79 78 64 38 51 67 59 56 77 77 63 36 49 66 40 58 58 45 18 30 48 52 56 47 26 27 53 75 60 35 49 62 62 36 47 65 24 33 54 7 30 36 
73 63 31 25 45 43 64 61 46 28 65 57 42 34 47 39 70 38 38 58 57 77 74 58 41 78 71 55 42 57 53 49 32 44 31 56 53 46 28 61 48 39 48 54 32 17 13 6 25 22 15 12 28 18 7 30 27 72 13 25 33 31 12 15 33 29 15 11 12 19 36 51 49 31 19 51 46 30 15 29 30 56 54 35 33 54 53 39 12 26 42 69 51 39 72 67 51 31 47 51 49 37 69 64 49 28 44 49 18 52 46 30 17 30 30 37 36 22 4 11 27 66 50 34 49 49 46 24 40 47 10 26 33 25 7 22 
64 60 32 18 35 30 53 49 37 17 55 45 31 31 41 27 65 33 28 47 44 66 63 48 30 68 59 44 36 49 41 56 36 43 26 50 47 44 30 55 42 36 52 55 29 30 19 8 17 14 21 25 23 10 15 41 34 13 38 18 20 18 1 18 20 16 6 23 14 13 23 39 36 20 7 40 33 17 15 23 17 43 41 22 24 41 40 27 3 14 31 57 39 26 60 54 38 21 37 38 36 24 57 51 36 18 33 36 6 40 33 18 17 24 17 24 23 12 17 7 19 53 38 26 40 36 33 14 29 34 9 17 21 30 5 11 
74 77 50 34 48 35 60 57 49 30 64 52 42 49 57 36 81 50 39 56 47 71 68 57 37 75 64 51 51 62 46 74 55 60 43 64 61 62 48 70 57 54 71 73 47 42 37 19 33 31 38 35 40 27 31 56 51 25 18 47 24 21 20 17 29 16 12 36 32 6 19 43 40 31 12 47 35 24 34 39 18 39 36 20 7 40 33 17 15 23 17 58 44 25 63 54 39 35 47 36 41 22 60 51 36 32 44 33 14 48 36 25 36 41 19 28 18 6 29 26 1 56 42 41 52 38 32 28 39 29 27 32 14 48 21 25 
50 59 40 20 25 11 35 32 27 13 40 28 19 36 37 12 60 34 17 31 24 47 44 33 13 50 40 27 32 39 22 68 48 45 27 43 40 47 41 50 37 39 63 60 33 51 36 29 19 19 37 45 26 20 34 60 49 33 20 24 78 3 21 36 7 7 21 44 31 25 9 19 16 10 16 22 12 3 30 23 6 23 22 7 26 20 22 16 22 7 23 36 20 7 40 33 17 15 23 17 17 7 37 30 15 15 20 16 16 23 13 4 31 25 5 4 10 19 38 24 24 33 18 22 29 16 13 13 15 16 27 17 12 43 26 13 
53 61 40 21 27 14 39 35 29 14 43 31 21 36 39 15 62 35 19 34 27 50 47 36 16 53 43 30 34 42 25 68 48 47 28 45 43 48 40 52 39 40 63 61 34 49 35 26 20 19 36 43 26 19 32 58 48 31 18 21 3 73 18 33 9 4 18 42 30 22 8 22 19 12 13 25 15 3 29 24 3 25 23 6 23 22 23 14 19 6 21 39 23 8 43 36 20 17 26 19 20 7 40 33 17 15 23 17 13 26 16 5 30 26 2 7 9 16 36 23 21 36 21 24 31 18 15 13 18 17 25 18 9 43 24 12 
62 59 30 17 34 30 52 49 35 16 54 45 31 30 40 27 64 32 27 46 44 65 62 47 29 67 58 43 35 48 41 54 35 41 24 48 45 43 28 54 41 35 51 53 27 30 18 9 16 13 19 24 21 8 14 40 32 12 1 20 21 18 40 19 20 17 8 23 13 15 24 39 36 19 8 39 33 17 14 21 18 44 42 23 26 41 41 28 4 14 32 57 39 26 59 54 38 20 36 38 36 25 57 51 36 17 33 36 7 40 33 17 15 23 17 24 24 14 17 6 21 53 38 25 39 36 34 13 28 35 8 16 22 28 5 10 
82 77 46 36 54 47 70 67 55 35 73 63 50 47 59 45 83 51 46 65 60 83 80 66 47 85 75 61 54 68 57 64 48 59 44 68 65 60 43 73 60 52 63 69 46 27 28 11 35 32 30 19 41 28 22 42 42 15 18 17 36 33 19 14 38 29 14 22 26 12 34 55 52 38 19 57 48 33 29 41 30 55 52 34 23 54 49 34 15 31 35 72 56 39 76 68 53 40 55 51 53 36 73 65 50 37 52 48 20 58 49 34 31 42 31 40 33 17 15 23 17 69 54 44 59 51 47 32 47 45 23 35 29 41 16 30 
45 52 34 14 18 10 32 29 20 7 35 25 13 29 30 7 53 27 10 27 24 45 42 28 9 47 38 23 25 33 20 62 42 38 21 36 34 40 35 43 30 32 56 53 27 49 33 29 14 15 33 45 19 16 31 56 45 33 20 29 7 9 20 38 80 13 23 42 27 28 16 18 16 3 19 19 14 5 26 17 12 28 27 15 32 23 28 23 23 7 30 37 18 13 39 34 19 9 17 22 16 14 36 32 18 8 14 21 18 20 13 4 26 18 10 7 18 23 37 22 30 33 17 15 23 17 17 9 10 22 24 12 19 38 25 10 
57 65 42 23 32 18 43 40 33 17 48 35 26 39 43 19 66 38 23 39 31 54 51 40 21 58 47 34 37 46 29 69 49 49 31 49 47 51 42 56 43 43 64 64 36 47 35 24 22 21 36 41 29 19 31 58 49 29 16 16 7 4 17 29 13 66 15 40 29 18 7 26 23 15 10 30 19 7 29 27 1 26 25 6 18 25 23 12 17 8 18 42 27 10 47 39 24 20 30 22 24 7 44 36 21 18 27 19 11 31 20 9 30 29 2 11 7 12 34 22 17 40 26 27 36 22 17 15 23 17 25 20 6 43 22 14 
68 67 38 24 40 32 56 52 41 22 59 48 35 38 47 30 71 40 32 50 46 68 65 52 32 71 61 47 42 54 43 62 43 49 32 55 52 51 36 61 48 43 59 62 36 33 25 9 23 20 26 26 29 16 19 45 40 15 6 12 21 18 8 14 23 15 35 26 20 7 21 40 37 23 4 42 34 19 22 29 16 42 40 21 18 41 38 23 3 16 26 58 41 25 61 54 39 26 40 37 38 23 58 52 36 23 37 35 5 43 34 20 24 30 17 25 21 7 19 14 13 55 40 32 45 37 33 19 33 32 15 23 17 36 9 16 
79 63 31 32 51 52 71 68 52 36 72 65 50 35 51 48 72 41 46 65 66 85 82 65 50 86 79 64 47 63 62 43 29 45 36 60 57 46 27 63 52 40 43 52 35 7 13 17 32 29 14 5 33 26 10 19 21 11 23 36 44 42 23 22 42 40 26 31 16 30 47 61 58 40 30 60 56 40 19 35 41 67 65 46 43 64 63 50 23 36 53 79 61 50 81 76 61 39 55 61 58 48 78 74 59 36 52 59 29 60 55 40 20 36 41 47 46 33 7 19 37 75 60 40 56 59 57 33 48 58 17 33 44 23 17 32 
63 51 19 16 35 38 55 53 36 21 56 49 34 22 35 33 58 26 30 49 52 69 67 49 35 70 64 48 31 47 47 41 22 32 20 45 41 34 16 49 37 27 38 43 20 22 5 15 16 13 6 20 17 11 5 29 19 12 14 32 31 30 13 26 27 29 20 16 46 27 36 46 44 25 21 45 42 27 3 19 30 54 53 35 39 51 53 41 16 23 46 64 46 38 65 62 47 23 39 49 43 37 63 60 45 21 36 47 20 45 41 26 5 20 29 34 36 27 14 7 33 60 45 24 40 45 44 18 33 47 4 17 35 15 11 17 
73 74 45 31 46 36 60 57 48 28 64 53 41 45 54 35 78 47 38 56 49 72 69 57 37 75 65 52 49 61 47 68 49 56 39 62 59 58 43 68 55 50 65 69 43 36 31 13 30 27 33 29 36 23 25 49 46 19 13 6 25 22 15 12 28 18 7 30 27 35 22 44 41 29 10 47 37 23 29 36 19 43 40 22 13 43 37 22 10 21 23 60 45 27 65 56 42 33 46 39 42 24 62 54 39 30 43 36 11 48 38 25 30 37 20 29 21 6 22 21 7 58 44 38 51 40 35 25 38 33 22 29 17 43 15 23 
58 69 48 29 34 18 42 39 36 22 48 35 28 45 47 21 69 43 26 39 28 52 49 41 22 56 45 34 41 48 27 75 56 55 36 52 50 56 48 59 46 48 71 69 42 54 42 30 28 27 43 47 35 26 38 65 56 36 23 19 9 8 24 34 16 7 21 47 36 22 36 24 21 20 17 29 16 12 36 32 6 20 18 1 18 20 16 6 23 14 13 38 25 6 44 34 20 25 31 16 22 3 41 31 17 24 29 14 17 31 18 13 37 34 7 11 1 16 40 29 19 36 24 32 38 19 13 21 25 11 32 26 4 50 29 20 
34 56 48 31 20 8 18 15 22 25 24 11 15 42 35 13 52 37 18 17 5 28 25 18 11 32 20 10 31 30 3 76 57 48 34 36 35 49 50 43 34 43 69 62 40 68 51 48 30 32 51 63 34 35 50 74 61 51 39 43 19 22 39 55 18 26 40 61 46 44 24 41 3 21 36 7 7 21 44 31 25 18 20 23 43 11 23 29 41 25 36 18 1 18 20 16 6 23 14 13 2 21 18 15 8 25 14 15 35 8 6 21 44 32 24 15 26 38 56 41 43 14 1 27 21 6 13 27 14 20 43 28 29 54 44 28 
37 57 47 29 21 6 21 18 22 23 27 14 15 41 35 11 54 36 17 19 8 31 28 21 10 35 23 13 31 31 6 75 56 48 33 38 36 49 49 45 34 43 69 62 39 66 49 45 29 30 49 61 33 32 48 72 60 49 36 40 16 19 36 52 16 23 37 58 44 41 21 3 37 18 33 9 4 18 42 30 22 17 18 20 39 10 21 26 38 22 33 20 4 15 23 18 5 22 15 11 1 18 20 16 6 23 14 13 32 10 3 18 42 31 21 12 22 35 53 38 40 17 3 26 22 4 10 25 13 17 40 27 25 53 41 26 
44 49 30 11 17 12 32 29 18 4 35 25 12 25 27 8 50 23 8 27 26 46 43 28 10 47 39 24 21 31 22 58 38 35 17 33 31 36 31 40 27 29 53 49 23 47 30 28 10 11 30 43 15 14 29 53 41 31 20 31 10 12 19 38 3 15 23 40 25 29 20 21 18 3 19 20 17 8 23 13 15 31 31 18 34 27 32 26 22 8 33 39 20 17 41 37 22 5 17 25 18 18 38 35 21 5 13 25 18 20 16 6 23 14 13 11 21 25 36 20 31 35 20 12 21 21 21 6 9 26 22 8 21 35 24 8 
64 65 38 22 36 27 51 48 38 18 55 44 31 36 44 26 68 37 28 46 41 63 60 47 28 66 56 42 39 51 38 63 43 48 30 52 49 49 36 58 45 41 59 61 34 37 27 13 20 18 28 30 27 15 22 48 41 19 7 12 16 13 8 19 19 10 4 30 21 10 17 36 33 19 36 38 29 14 22 26 12 37 35 16 18 36 33 20 6 12 24 53 36 20 56 49 34 23 36 32 33 18 53 47 31 20 33 30 1 39 29 15 24 28 12 20 16 6 23 14 13 50 35 29 41 32 28 15 28 28 17 20 14 37 12 13 
28 50 44 28 14 11 13 10 16 24 18 5 11 37 29 12 45 32 14 10 10 25 22 12 10 28 19 4 25 23 4 71 53 42 30 30 29 43 47 36 27 38 65 56 35 67 49 49 28 31 49 63 30 34 49 72 58 51 40 47 22 25 39 57 19 30 42 60 45 47 29 7 9 20 38 41 13 23 42 27 28 25 27 28 47 18 30 35 42 26 41 21 5 23 20 21 13 21 8 20 7 26 18 20 15 24 9 22 37 1 11 22 42 28 27 18 31 41 56 40 47 16 6 23 14 13 19 27 11 26 42 27 33 51 44 29 
42 60 47 28 23 5 26 23 25 21 31 18 17 41 37 11 57 37 17 23 11 35 32 25 10 39 28 17 33 35 11 75 56 49 33 41 39 50 49 48 36 44 69 64 39 63 47 42 28 29 48 58 32 30 45 71 59 46 33 35 12 15 33 48 14 19 34 56 42 37 16 7 4 17 29 13 33 15 40 29 18 15 15 15 35 9 18 22 34 19 28 23 9 10 27 20 5 21 18 9 6 13 24 18 4 22 16 10 29 15 1 15 41 30 17 8 18 31 50 36 35 20 7 27 25 3 6 23 14 13 38 26 21 52 38 24 
50 57 37 17 24 13 37 33 26 10 41 29 18 33 35 12 58 31 15 32 26 49 46 33 13 51 42 28 30 38 24 64 44 43 24 41 39 44 37 48 35 36 59 57 30 48 33 26 16 16 34 42 23 16 30 56 46 30 17 24 3 3 17 33 5 7 19 40 27 23 12 21 18 8 14 23 15 13 26 20 7 27 26 10 26 23 25 18 19 4 25 39 22 10 42 36 20 13 23 21 19 10 39 34 18 12 20 20 13 24 15 1 27 22 5 6 13 18 35 21 24 36 20 20 28 19 16 10 15 19 23 14 13 40 23 10 
59 47 16 13 32 36 52 50 33 18 53 47 31 18 32 30 55 22 27 46 49 66 64 46 32 67 61 45 28 43 44 40 21 29 17 41 38 31 14 45 33 23 36 40 17 26 7 18 13 11 7 23 14 10 9 30 19 15 15 34 30 29 14 29 26 29 22 19 3 29 36 44 42 23 22 42 40 26 47 16 30 53 52 35 40 49 52 41 18 22 46 62 43 37 63 60 45 20 36 47 41 36 60 58 44 18 33 46 21 42 39 25 1 16 28 32 36 28 18 8 35 58 43 20 36 44 43 16 30 46 6 15 35 14 13 16 
43 38 17 4 16 24 37 34 17 10 37 31 16 12 18 18 42 11 13 30 36 51 48 30 20 51 46 30 13 28 31 45 26 22 4 27 24 24 19 32 19 16 40 36 10 42 22 29 5 8 22 39 3 13 25 44 30 29 23 39 23 24 21 41 17 27 29 35 19 36 32 31 30 13 26 27 29 20 16 29 27 44 44 31 44 39 45 38 26 18 45 49 30 30 48 47 34 8 20 38 29 31 46 46 33 8 18 38 24 27 28 19 15 1 25 24 33 32 33 18 40 44 30 4 20 33 34 11 16 39 19 6 33 23 24 13 
56 64 42 23 31 17 42 39 33 16 46 34 25 39 42 18 66 38 22 38 29 53 50 39 20 56 46 33 37 45 28 69 49 49 31 49 46 51 42 55 42 43 65 64 36 48 36 25 22 21 37 42 29 20 32 59 50 30 17 18 6 3 18 30 12 1 16 41 30 19 6 25 22 15 12 28 18 7 30 27 27 25 23 5 19 24 22 11 18 8 18 41 26 8 45 37 22 20 29 20 23 6 42 35 19 18 26 18 12 30 18 8 31 28 1 10 6 13 35 23 18 38 24 27 35 20 16 16 22 16 26 20 6 44 23 14 
51 75 62 42 38 20 34 32 39 35 41 28 32 56 52 26 71 52 33 34 17 39 36 36 25 45 32 28 48 48 21 90 70 64 48 55 54 66 63 62 51 59 84 79 54 74 60 51 42 43 61 68 47 43 57 83 73 56 43 39 23 25 44 55 28 26 42 67 54 43 20 18 17 31 37 25 15 27 53 44 25 49 3 21 36 7 7 21 44 31 25 21 20 17 29 16 12 36 32 6 18 19 26 13 11 36 31 7 37 27 16 28 54 45 26 21 21 37 61 48 38 22 19 42 39 12 10 37 29 9 50 40 25 66 49 37 
54 76 61 42 39 21 37 34 40 35 43 30 33 56 53 27 72 53 33 36 19 42 39 38 26 48 35 30 49 50 23 89 70 65 48 56 55 66 63 63 52 59 84 79 54 72 59 49 41 42 60 66 47 42 56 82 72 54 41 36 22 23 42 52 27 25 40 65 53 40 18 20 18 31 35 27 15 26 52 44 23 3 42 18 33 9 4 18 42 30 22 24 21 15 32 20 13 36 33 6 20 17 29 16 12 36 32 6 36 29 17 27 53 45 24 20 19 34 59 46 36 25 20 42 41 13 10 36 30 7 49 39 22 65 47 36 
56 67 47 27 32 17 41 38 34 20 46 33 26 43 45 19 67 41 24 38 27 51 48 39 20 55 44 32 40 46 26 74 54 53 35 50 48 55 47 57 45 47 69 67 40 53 41 30 26 26 42 47 33 25 37 64 54 35 22 20 7 6 23 34 15 6 21 46 35 22 1 23 20 18 16 28 15 10 35 31 5 21 18 40 19 20 17 8 23 13 15 38 24 5 43 34 19 23 30 16 21 2 40 31 16 22 27 14 17 29 16 12 36 32 6 10 3 16 40 28 20 36 23 30 36 18 12 20 23 11 31 24 5 49 28 19 
76 82 56 39 50 36 61 57 52 34 66 53 44 55 61 38 85 55 42 57 46 71 67 59 39 75 63 52 55 65 46 80 61 66 48 68 65 68 55 74 61 59 77 79 52 49 44 27 38 36 45 42 45 33 38 63 58 33 24 7 26 23 26 23 32 18 18 43 39 13 18 43 39 34 18 47 35 26 40 44 19 36 33 19 34 38 29 14 22 26 12 56 44 24 62 51 38 38 49 34 41 21 59 48 35 36 46 30 20 49 36 28 42 45 21 29 16 12 36 32 6 54 42 45 55 37 31 32 41 26 34 37 14 55 28 30 
44 68 56 38 31 14 27 25 33 31 34 21 25 51 46 20 64 46 27 27 10 34 31 29 19 39 26 21 42 41 14 84 65 58 42 48 47 59 58 55 44 53 79 73 48 71 56 49 37 38 57 66 42 39 54 80 68 54 41 40 20 22 41 54 23 25 41 64 51 43 20 11 10 27 36 18 9 23 49 39 24 7 9 20 38 59 13 23 42 27 28 17 13 15 24 13 5 31 25 4 11 18 21 10 5 32 25 7 36 20 10 24 50 40 24 17 22 37 59 45 40 16 12 36 32 6 7 32 23 11 47 35 25 62 46 33 
58 78 62 43 41 23 41 38 43 35 47 34 35 57 56 29 75 54 35 40 23 47 44 42 28 52 39 34 51 53 27 90 70 66 49 59 57 68 63 66 55 61 85 81 55 70 58 47 42 42 59 64 48 42 55 81 72 53 40 33 22 23 41 49 28 23 38 63 53 37 16 23 21 32 33 30 18 25 52 45 22 7 4 17 29 13 33 15 40 29 18 29 25 15 37 24 17 37 36 10 23 16 34 21 15 37 35 8 34 32 20 27 53 47 23 21 17 32 57 46 32 29 24 43 43 17 12 36 32 6 48 40 20 66 46 35 
63 76 54 35 41 24 48 45 42 28 53 40 34 51 53 27 76 49 33 45 32 57 53 46 28 61 49 39 48 55 33 81 61 61 43 59 57 63 54 66 53 55 76 75 48 56 46 33 34 33 47 50 41 31 42 68 60 39 27 17 16 14 28 34 23 12 23 50 41 22 6 29 26 26 20 35 22 18 41 38 11 21 18 8 14 23 15 24 26 20 7 41 31 11 48 37 24 31 38 19 28 9 44 34 21 30 35 16 21 36 23 20 42 40 13 18 5 17 43 33 17 40 29 38 44 23 16 27 31 12 36 32 6 55 32 26 
66 63 34 21 38 32 55 52 39 20 58 48 34 34 44 30 68 36 30 49 46 68 65 50 32 70 61 46 39 52 43 58 39 46 29 53 50 47 32 58 45 39 55 58 32 30 21 7 20 17 23 24 26 13 16 42 36 12 3 15 22 19 4 15 23 17 3 23 16 10 23 41 38 22 6 42 34 19 18 26 18 44 42 23 22 42 40 26 72 16 30 58 41 27 61 55 40 24 39 39 38 24 59 52 37 21 36 36 6 43 35 19 20 27 18 26 23 10 17 10 17 55 40 29 43 38 34 16 32 34 12 20 20 32 6 14 
52 56 34 14 25 16 39 36 26 8 43 32 19 30 34 14 58 29 16 34 30 52 49 35 16 54 45 30 29 39 27 61 41 41 22 41 39 42 34 48 34 34 56 55 28 44 29 22 13 13 30 38 20 12 26 52 42 26 14 23 7 6 14 31 7 8 16 36 23 21 14 25 22 8 12 26 19 4 22 18 8 31 30 13 26 27 29 20 16 65 27 43 25 14 45 40 24 12 24 25 22 14 43 38 22 10 21 24 10 27 19 3 23 20 7 10 15 17 31 17 23 39 24 19 29 23 20 7 16 23 19 12 15 36 19 6 
70 83 60 41 48 31 54 51 50 35 60 47 41 57 60 34 83 56 40 52 38 62 59 53 35 67 55 46 55 62 39 86 67 68 49 66 64 70 60 73 60 61 82 82 55 59 51 36 40 39 52 52 47 37 46 72 65 42 31 17 23 21 32 35 30 18 26 53 46 23 13 36 33 33 24 41 28 25 46 45 18 25 22 15 12 28 18 7 30 27 12 46 37 18 53 41 30 38 45 24 34 16 50 38 27 37 42 21 25 43 30 27 48 47 20 25 12 19 46 38 17 45 36 45 51 29 23 34 38 16 41 39 12 61 36 32 
36 68 66 49 36 26 21 20 37 43 27 19 32 59 49 31 61 53 35 25 12 19 17 26 29 26 13 20 47 39 17 93 75 63 51 48 48 64 68 54 47 60 86 77 57 86 69 65 49 51 70 81 52 53 69 93 80 69 57 58 36 39 57 72 37 42 58 79 64 60 38 18 20 39 53 21 23 39 62 49 41 21 24 38 56 17 29 41 58 43 46 6 18 33 9 4 18 42 30 22 21 36 7 7 21 44 31 25 52 22 23 39 62 49 41 32 39 54 74 59 57 5 19 45 34 20 25 46 32 29 61 47 43 72 62 47 
33 55 47 30 19 8 17 14 20 24 22 9 14 41 33 12 50 35 17 15 6 27 24 17 10 30 19 8 30 28 2 75 56 46 33 35 34 48 49 42 32 42 68 61 39 68 51 48 30 32 51 63 33 34 50 74 61 51 39 44 20 23 39 56 18 27 41 61 46 45 25 1 4 20 36 5 9 22 43 30 26 20 21 24 44 13 25 31 41 25 37 18 42 19 20 17 8 23 13 15 3 22 17 16 10 25 13 17 36 7 7 21 44 31 25 15 27 39 56 41 44 14 1 26 19 8 14 27 13 21 43 28 30 54 44 29 
52 65 47 27 30 12 36 33 31 20 42 29 23 43 43 16 65 40 22 33 22 46 43 35 17 50 38 28 38 43 21 75 55 52 34 48 46 54 48 55 42 46 70 67 40 57 43 34 27 27 44 51 33 27 40 66 56 39 26 25 7 8 26 39 13 10 25 50 38 27 6 18 15 17 20 23 10 10 37 30 8 17 15 5 24 15 15 11 27 14 18 33 19 72 38 29 14 22 26 12 16 3 35 26 11 22 24 9 21 25 12 12 38 32 9 7 7 21 44 31 25 30 18 29 33 12 7 21 20 9 33 25 10 50 32 20 
28 62 64 49 33 29 14 15 34 44 20 16 31 57 45 32 54 50 35 20 16 10 7 21 30 17 4 18 43 34 18 90 73 60 50 42 43 61 67 48 43 57 83 73 55 88 70 68 49 52 70 84 51 55 70 93 79 72 60 63 40 43 59 76 39 47 61 81 65 65 44 20 23 41 56 20 27 42 63 48 45 29 32 43 62 24 37 48 61 45 53 9 20 38 14 13 23 42 27 28 23 41 3 16 26 44 30 32 56 21 27 42 63 48 45 36 45 59 76 61 63 7 21 44 31 25 31 47 32 36 63 48 48 71 65 49 
39 70 65 47 35 24 23 22 37 41 30 20 32 58 49 29 63 53 34 26 11 23 21 28 28 30 17 21 47 41 17 92 74 63 50 49 49 65 67 55 48 59 86 77 56 84 67 62 47 49 68 79 50 51 66 91 78 67 54 54 33 36 54 68 34 39 54 76 62 56 34 16 18 37 49 21 20 36 60 47 37 16 20 34 51 13 24 37 55 40 41 4 17 29 13 15 15 40 29 18 19 32 10 3 18 42 30 21 49 22 21 36 61 48 37 29 36 50 71 57 54 7 17 44 35 17 21 44 31 25 59 45 39 71 59 44 
41 63 52 33 26 10 24 21 27 26 30 17 20 46 40 16 59 41 22 23 7 32 29 25 14 37 24 17 36 36 9 80 61 53 37 43 42 54 54 50 39 48 74 67 43 68 52 47 33 34 53 63 37 36 51 76 64 51 38 39 17 20 38 53 19 24 39 61 47 42 20 6 5 22 34 13 5 20 45 34 22 12 13 19 38 5 17 24 40 24 30 18 8 14 23 15 43 26 20 7 6 17 20 13 3 27 19 9 34 15 6 21 46 35 22 13 21 36 56 41 39 16 7 31 27 1 7 28 18 14 44 31 25 57 44 29 
42 44 25 7 14 16 32 29 15 4 34 26 10 20 22 10 46 18 7 26 29 46 43 27 12 47 40 24 17 28 24 53 34 29 12 29 26 31 27 35 22 23 48 44 18 46 28 30 7 9 28 42 11 13 28 51 38 31 21 35 15 17 20 40 9 20 26 39 23 33 25 23 22 5 23 21 21 13 20 8 20 36 36 23 38 31 37 31 24 12 38 42 23 22 42 40 26 88 16 30 21 23 40 38 25 3 13 30 21 21 20 11 21 9 18 16 26 28 36 20 35 37 22 7 18 25 26 7 9 31 21 5 27 31 25 10 
27 42 36 22 6 14 16 13 7 19 18 11 5 29 20 11 39 23 9 10 19 30 28 11 9 31 25 9 17 17 12 63 45 34 22 22 21 35 39 29 19 30 56 48 27 62 43 45 22 25 43 58 23 29 44 65 51 47 37 47 23 26 36 55 17 30 40 55 39 46 31 14 15 17 36 8 18 23 36 20 29 32 33 30 49 25 36 38 39 24 45 30 13 26 27 29 20 16 62 27 13 29 26 29 21 19 3 28 35 7 16 21 36 21 28 20 33 41 52 36 47 25 13 16 7 20 25 23 7 32 37 21 35 44 41 25 
48 69 56 36 32 14 31 28 34 29 37 24 26 50 47 20 66 46 27 30 14 38 35 32 19 43 30 24 42 43 17 84 64 58 42 49 48 60 57 56 46 53 78 73 48 69 54 46 36 37 55 63 41 37 52 78 67 51 38 36 17 19 38 51 22 22 37 61 49 39 16 13 11 25 32 20 9 21 47 38 20 6 6 16 34 4 10 19 39 25 24 22 15 12 28 18 7 30 27 50 13 14 25 15 5 30 26 3 33 22 10 22 48 39 21 15 18 33 56 42 36 21 14 36 34 7 4 31 23 7 45 34 21 60 44 31 
36 56 46 28 19 6 20 17 21 22 25 12 14 40 34 10 52 35 16 17 8 30 27 19 9 34 23 11 30 30 5 74 55 46 32 36 35 48 48 43 33 41 68 61 38 65 48 45 28 30 49 61 32 32 48 72 59 49 36 41 17 20 36 53 16 24 38 58 43 42 22 2 1 18 33 7 6 19 41 29 23 18 20 21 41 11 23 28 38 22 34 21 3 16 23 19 6 21 13 13 37 19 20 17 8 23 13 15 33 9 4 18 42 30 22 12 24 36 53 38 41 17 1 25 20 6 12 25 12 19 40 26 27 52 41 26 
55 67 47 28 32 15 39 36 33 21 45 32 25 43 45 18 67 41 24 36 25 49 46 38 19 53 42 31 39 46 24 75 55 53 35 50 48 55 48 57 44 47 70 68 41 55 42 32 27 27 43 49 33 26 39 65 56 37 24 22 7 7 25 36 14 7 23 48 37 24 3 21 18 18 18 26 13 10 36 31 6 19 17 2 21 18 16 9 24 14 16 36 22 3 41 32 17 23 29 14 19 66 38 29 14 22 26 12 18 28 15 12 37 33 7 9 4 18 42 30 22 34 21 30 35 16 10 21 22 10 32 25 7 50 30 20 
29 62 62 47 31 26 14 14 32 42 21 15 29 55 44 30 54 49 33 19 13 13 10 20 28 19 6 16 42 33 16 88 71 59 48 42 42 60 65 48 42 55 82 72 53 85 68 66 47 49 68 81 49 52 68 91 77 69 57 60 37 40 57 73 36 44 58 78 63 62 41 18 20 38 53 18 24 39 60 46 42 26 29 40 59 21 34 44 59 43 50 7 17 35 3 10 20 40 26 25 20 38 18 13 23 42 27 28 53 18 24 39 61 46 42 33 42 56 74 58 60 4 18 42 30 22 28 45 30 33 60 45 45 70 62 46 
41 70 64 46 35 22 24 23 36 39 31 21 31 57 49 28 64 52 33 27 10 26 23 29 26 32 19 21 46 42 16 91 73 63 49 49 49 64 66 56 48 58 85 77 55 82 65 60 45 47 66 76 49 49 64 89 77 64 51 51 30 33 51 65 32 36 52 74 60 54 31 15 16 35 47 20 18 34 58 46 35 13 16 31 48 10 21 34 52 38 38 7 16 26 16 3 13 38 29 15 17 29 13 9 15 40 29 18 47 22 18 34 59 47 35 27 33 48 69 54 51 9 16 43 35 14 18 42 30 22 57 43 36 70 57 42 
43 64 51 32 27 9 27 24 28 25 33 20 21 45 41 15 60 41 22 25 10 35 32 27 14 40 27 19 37 38 12 79 60 53 37 44 43 55 53 51 40 48 73 68 43 66 51 44 32 33 51 61 36 34 49 74 63 49 36 36 15 17 36 50 18 21 36 59 45 39 17 8 6 21 31 15 4 18 44 33 19 11 12 16 35 5 15 21 37 22 27 21 10 11 26 18 3 25 21 5 8 14 23 15 37 26 20 7 31 17 5 18 44 35 19 11 18 33 53 39 36 19 9 31 29 2 4 27 18 11 42 30 22 56 41 27 
45 46 25 6 17 17 35 32 18 1 37 29 13 21 24 12 48 19 10 29 31 49 46 30 14 50 43 27 19 31 26 53 33 31 12 32 29 32 26 38 25 24 48 45 18 43 25 26 5 7 26 39 11 10 25 49 36 28 18 32 15 15 17 37 8 18 23 36 21 30 24 25 23 5 20 24 22 12 18 8 18 36 36 22 36 32 37 30 21 10 37 44 25 22 44 42 27 3 19 30 23 22 42 40 26 84 16 30 18 24 21 10 18 10 16 16 25 26 33 17 33 39 24 9 21 26 26 4 12 31 18 3 25 30 22 7 
30 43 34 20 6 12 19 16 8 16 21 13 2 28 21 8 41 22 6 13 19 33 30 14 7 34 27 12 17 19 13 62 44 33 20 24 22 35 37 31 20 29 55 48 26 59 40 42 20 22 40 55 21 26 41 63 49 44 33 44 20 23 33 52 14 27 37 52 36 43 29 14 14 13 33 9 16 20 33 18 26 31 32 27 46 25 35 35 36 21 42 31 13 24 30 30 19 13 3 26 13 26 27 29 20 16 60 27 32 9 15 18 33 18 25 17 30 38 49 33 44 26 13 14 9 19 23 19 4 30 34 18 32 42 38 22 
50 70 55 36 33 15 34 31 35 28 40 27 27 50 48 21 67 47 27 32 17 41 38 34 20 46 33 26 43 45 19 83 64 59 42 51 49 60 56 58 47 53 78 73 48 67 53 44 35 36 54 61 41 36 50 76 66 49 36 33 16 17 36 48 21 19 35 59 47 36 14 15 13 25 30 22 10 20 46 38 18 7 6 14 30 7 8 16 36 24 21 25 17 9 32 21 9 30 28 3 15 12 28 18 7 30 27 44 30 24 12 21 47 39 18 14 15 30 53 41 33 24 16 36 35 9 4 30 24 4 43 33 18 59 42 30 
62 63 36 20 35 27 50 47 36 17 53 43 30 35 42 25 67 36 26 45 40 62 59 46 27 65 55 41 37 49 37 61 42 46 28 50 47 48 35 56 43 39 57 59 32 36 25 13 19 16 27 30 25 13 21 47 40 18 6 14 16 13 7 20 18 11 5 29 20 11 17 35 32 18 1 37 29 13 21 24 12 37 36 17 20 36 34 21 6 10 25 52 36 21 56 49 34 21 35 33 33 18 53 47 31 18 32 30 39 38 29 14 22 26 12 20 17 8 23 13 15 49 34 27 39 32 28 14 27 28 15 18 15 35 11 11 
27 48 43 28 13 12 12 9 14 24 17 5 10 36 27 13 43 31 14 8 12 25 22 10 10 27 18 3 24 21 6 70 52 41 29 28 27 42 46 35 26 37 64 55 35 67 49 49 28 31 49 64 30 34 50 72 58 52 40 48 23 26 40 58 20 31 43 60 45 48 31 8 10 20 39 1 15 24 42 27 30 27 29 29 49 20 32 36 43 27 43 22 7 25 21 22 15 21 7 22 9 28 18 22 17 24 9 24 38 41 13 23 42 27 28 19 32 43 56 41 48 17 8 23 13 15 21 27 11 28 42 27 35 51 45 29 
40 58 46 27 21 4 24 21 23 20 30 17 15 40 36 10 55 36 16 21 11 34 31 23 9 38 27 16 31 33 9 74 55 47 31 39 37 49 48 46 35 42 68 62 38 63 46 42 27 28 47 58 31 30 45 70 58 46 33 36 13 16 33 49 13 20 34 55 41 38 18 6 3 16 29 11 1 15 39 28 18 16 17 16 36 10 20 23 35 19 30 23 7 12 27 21 6 20 16 10 4 15 24 18 5 21 15 12 29 13 35 15 40 29 18 8 19 32 50 36 36 20 6 25 23 4 8 23 13 15 38 25 22 51 38 23 
49 56 35 15 22 12 36 32 24 8 39 28 17 31 33 10 57 29 14 31 26 48 45 32 12 50 41 27 28 37 23 63 43 41 23 40 37 43 36 46 33 35 58 55 28 47 32 26 15 15 33 42 21 15 30 55 45 30 18 25 4 5 17 34 4 9 20 40 26 25 13 21 18 6 15 22 15 1 25 19 8 28 27 12 28 24 27 20 19 3 27 39 21 12 42 36 21 11 21 22 18 12 39 34 18 10 18 21 14 23 15 16 26 20 7 7 14 19 35 20 26 35 20 18 27 19 17 9 14 21 23 13 15 38 23 9 
59 46 14 13 32 36 52 50 32 19 53 47 31 17 31 31 53 21 27 46 50 66 64 46 33 66 61 45 27 43 45 38 19 27 16 40 37 29 12 44 32 22 35 38 15 26 7 19 13 11 7 24 13 11 10 30 18 17 17 36 31 30 15 31 26 30 24 20 5 30 37 44 42 23 24 42 41 27 1 15 31 54 53 36 42 50 53 42 20 23 48 62 44 38 63 61 46 21 36 48 42 37 61 59 44 18 33 47 22 42 40 26 46 16 30 33 38 30 19 9 37 58 43 20 36 44 44 17 30 47 8 15 36 13 15 17 
43 36 16 6 16 25 37 34 16 12 37 32 17 10 17 19 41 9 14 30 37 51 48 30 21 51 46 30 12 27 31 44 25 20 2 25 22 22 18 31 18 14 38 35 8 42 23 31 7 10 22 40 2 14 25 44 30 30 24 41 25 26 23 42 18 29 30 36 20 37 34 32 31 14 28 28 30 22 16 1 28 45 45 32 45 40 47 40 27 20 47 49 31 32 48 48 35 9 21 39 30 33 46 47 35 10 18 39 26 27 29 20 16 26 27 25 35 34 34 19 41 45 31 4 20 34 35 13 17 40 20 8 35 23 26 15 
55 63 41 21 29 16 41 37 31 15 45 33 23 37 40 17 64 36 21 36 29 52 49 38 18 55 45 32 35 44 27 68 48 48 29 47 44 49 41 54 40 41 63 62 35 48 35 25 20 20 36 42 27 19 31 58 48 30 17 19 5 2 17 31 10 2 17 41 29 20 7 24 21 13 12 27 17 5 28 25 1 26 24 6 21 24 23 13 18 7 20 41 25 9 45 37 22 18 28 21 22 7 42 35 19 16 25 18 12 28 18 7 30 27 30 9 8 14 35 22 19 38 23 25 33 20 16 14 20 17 25 19 8 43 23 13 
46 58 41 21 23 7 31 28 24 14 36 24 16 36 36 9 58 33 15 28 20 43 40 29 10 46 35 23 31 36 17 69 49 45 28 41 39 47 42 48 35 39 64 60 34 55 39 33 21 22 40 49 27 22 37 63 52 37 24 28 4 7 24 40 7 11 25 47 34 29 11 15 12 11 20 18 8 6 32 24 10 21 20 10 29 17 21 18 26 10 25 32 15 7 36 29 13 16 20 15 12 9 33 27 11 16 17 14 20 19 8 7 33 25 9 76 13 23 42 27 28 29 14 22 26 12 10 16 13 15 30 19 15 45 30 16 
59 70 49 30 36 20 44 41 37 23 49 36 29 46 48 22 71 44 27 41 29 54 50 42 23 58 46 35 43 50 29 76 56 56 37 54 51 58 49 61 48 49 72 70 43 53 42 30 29 28 43 47 36 27 38 65 56 36 23 18 10 9 24 33 18 7 21 46 36 21 1 26 22 21 16 31 18 13 36 33 6 21 19 3 16 22 17 5 23 15 12 39 27 7 45 36 21 26 33 18 24 4 42 33 18 25 30 15 17 32 19 14 38 35 8 13 58 15 40 29 18 38 25 33 39 20 14 22 26 12 32 27 3 51 29 21 
68 71 44 28 42 30 55 52 43 24 59 47 36 43 50 30 74 44 33 50 43 66 63 52 32 70 59 46 45 56 41 68 49 54 36 58 55 56 43 64 51 48 65 67 41 40 32 16 27 25 34 33 34 21 27 52 47 22 12 6 19 16 14 17 23 12 7 33 27 6 16 38 35 25 6 41 31 18 28 32 13 37 34 16 12 37 32 17 10 17 19 54 39 21 59 50 36 28 41 33 36 18 56 48 33 26 38 30 8 43 32 19 30 34 14 23 15 29 26 20 7 52 38 35 46 34 29 21 33 27 22 26 12 43 17 19 
77 65 33 30 49 47 68 65 50 32 70 61 46 36 50 44 73 41 43 62 62 82 79 63 46 83 75 60 46 61 58 49 33 47 35 59 56 48 29 64 52 41 48 55 35 13 14 10 29 26 16 7 32 22 9 27 26 4 17 29 38 36 17 15 37 34 19 7 14 22 40 56 53 36 23 56 50 35 18 33 35 61 59 40 36 59 57 43 17 31 46 74 56 44 76 71 56 36 52 56 53 42 74 69 53 33 49 53 23 56 50 35 19 34 35 42 40 26 45 16 30 71 55 38 54 54 51 29 45 52 14 30 37 26 12 27 
61 54 24 14 33 32 52 49 34 16 54 45 30 25 36 28 60 28 27 46 46 66 63 47 30 67 59 44 31 46 42 48 29 36 21 45 42 38 22 50 37 30 45 48 23 27 12 11 13 10 13 22 18 6 9 35 27 11 7 26 24 23 6 23 22 22 14 19 7 21 29 41 38 20 14 40 36 21 8 18 23 48 46 28 32 45 46 33 10 17 38 59 41 31 61 57 41 20 36 42 38 30 58 54 39 17 33 41 13 41 36 20 9 19 22 27 29 20 16 53 27 55 40 22 38 39 37 13 29 40 2 14 27 22 6 12 
74 78 51 35 48 36 60 57 50 31 65 53 43 50 57 36 81 51 40 56 47 71 68 57 38 75 64 51 52 63 46 75 56 61 44 65 62 63 49 71 58 55 72 74 48 43 38 20 34 32 39 36 41 28 32 57 53 27 19 1 24 21 21 17 30 17 13 37 33 7 19 43 40 31 13 47 35 24 35 40 18 38 36 20 6 40 32 17 17 23 17 57 44 25 63 54 39 35 47 36 41 22 60 51 36 33 44 33 15 48 36 26 37 41 19 28 18 7 30 27 24 56 43 42 53 38 32 28 40 29 29 33 14 49 22 26 
32 63 61 45 31 23 16 15 32 39 23 14 28 54 44 27 56 48 31 20 9 17 14 21 25 23 10 15 42 34 13 88 70 58 46 43 43 59 63 49 42 55 81 72 52 83 65 62 45 47 66 78 47 49 65 89 75 66 53 56 33 36 53 69 33 40 55 75 60 58 36 14 17 35 50 16 20 36 58 44 38 22 25 36 54 16 29 40 55 39 45 5 14 30 7 7 16 37 25 21 17 34 4 9 19 39 26 24 49 17 20 35 58 45 38 29 38 52 71 55 56 26 15 40 29 18 23 42 27 28 57 43 41 68 59 43 
34 56 47 30 19 7 18 15 21 24 24 11 14 41 34 12 52 36 17 16 6 28 25 18 10 32 21 10 30 29 3 75 56 47 33 36 35 48 49 43 33 42 68 61 39 67 50 47 29 31 50 62 33 34 49 73 60 50 38 42 18 21 38 54 17 26 40 60 45 44 24 1 3 20 35 6 7 20 43 30 24 19 20 23 42 12 24 29 40 24 36 19 1 18 21 17 7 22 13 14 1 21 18 16 9 24 13 16 34 8 6 20 43 31 23 14 25 38 55 40 43 15 47 26 20 7 13 26 13 20 42 27 28 53 43 28 
39 37 21 8 11 21 32 29 12 10 32 27 12 14 15 15 39 11 9 25 33 46 43 25 16 46 41 26 10 23 27 48 30 23 6 23 20 24 23 29 16 17 42 37 12 47 27 33 9 12 27 44 7 16 29 49 35 34 26 41 22 24 25 44 15 27 32 40 24 38 32 27 26 12 29 23 27 20 20 4 27 42 42 30 45 36 43 38 29 19 45 45 26 29 44 44 31 7 16 36 25 30 42 43 31 9 14 36 27 23 25 18 20 4 25 22 33 35 38 22 42 40 26 84 16 30 32 13 13 37 23 9 34 27 28 15 
23 35 33 24 4 21 17 15 3 23 16 15 10 26 14 17 32 19 13 10 25 31 29 10 16 30 27 14 12 10 19 59 42 29 21 15 14 30 37 22 12 25 52 42 25 63 43 48 24 27 43 60 22 31 45 64 49 49 40 52 29 31 39 59 23 36 45 56 40 51 38 21 22 21 41 14 25 28 36 20 35 39 41 36 55 32 43 44 43 29 51 34 19 33 31 35 27 18 7 34 20 35 30 35 29 21 9 35 39 13 23 27 36 20 33 26 39 46 54 38 53 29 20 16 55 27 32 26 13 39 39 23 41 42 43 28 
41 62 50 32 25 8 25 22 27 25 31 18 19 44 40 14 58 40 20 23 9 33 30 25 13 38 26 17 36 36 10 78 59 52 36 42 41 53 52 49 39 47 72 66 42 67 51 45 31 32 51 61 36 34 49 74 62 49 36 38 16 18 36 51 17 22 37 59 45 40 19 6 4 21 32 13 3 19 44 33 20 12 13 18 37 6 17 23 38 23 29 20 8 12 25 17 1 25 20 7 6 16 22 14 2 26 19 9 32 15 4 19 44 34 20 12 20 34 54 39 38 18 7 30 27 57 6 27 17 13 42 29 23 56 42 27 
48 66 51 32 29 11 31 28 31 25 37 24 23 46 44 17 64 43 23 29 15 40 36 31 16 44 32 23 39 41 16 79 60 55 38 47 45 56 53 54 43 49 74 69 44 64 49 42 31 32 50 58 37 33 47 73 62 46 33 32 13 15 34 47 17 17 33 57 44 35 13 13 10 21 28 19 6 16 43 34 16 10 10 12 31 7 12 16 34 20 23 25 14 7 31 21 7 26 25 4 12 10 28 18 4 26 23 4 28 21 8 17 44 35 16 10 14 29 51 37 32 23 13 32 32 6 31 26 20 7 40 29 18 56 39 26 
49 50 26 7 21 19 39 36 22 3 41 32 17 23 28 15 53 22 14 33 33 52 49 34 17 54 46 31 23 35 29 54 34 34 15 36 33 35 27 42 29 27 49 48 20 40 23 22 6 6 24 36 13 7 22 47 36 24 14 28 13 13 13 32 9 15 19 33 18 25 21 27 25 6 15 27 23 10 16 11 16 37 36 20 32 32 36 27 16 7 34 46 27 21 47 44 28 7 23 31 25 21 45 42 27 4 19 30 14 27 23 9 17 13 14 16 22 21 29 13 28 42 26 13 26 27 26 80 16 30 15 5 22 29 18 2 
35 45 34 17 9 9 23 20 11 12 26 16 3 27 23 4 44 23 3 17 20 36 33 18 4 38 30 15 18 23 14 61 43 34 19 27 25 36 36 34 22 29 55 49 25 56 38 38 17 19 38 52 19 22 38 61 47 40 29 39 15 18 28 47 10 23 33 48 33 38 25 14 13 9 28 11 14 15 30 16 22 29 30 23 41 23 32 31 32 16 38 32 13 20 32 31 18 9 7 23 12 22 30 30 18 12 4 24 27 11 13 14 30 17 20 13 26 33 45 29 40 27 13 13 13 17 20 16 59 27 31 15 28 40 34 18 
55 73 56 36 36 18 38 35 38 29 44 31 30 51 50 23 71 48 29 37 21 45 42 38 23 51 38 30 45 48 23 84 64 60 43 54 52 62 57 61 49 55 79 75 49 65 52 42 36 36 53 59 42 36 49 75 65 47 34 29 16 17 35 45 22 17 32 58 47 33 11 20 17 26 28 26 13 19 46 39 16 9 7 11 26 11 6 12 34 23 16 29 21 9 36 25 14 31 32 7 19 10 33 22 11 31 30 4 28 28 15 21 47 40 17 15 12 27 52 40 29 28 20 37 39 13 7 30 27 36 42 34 15 59 40 29 
62 53 23 15 34 34 54 51 35 18 55 47 32 24 36 30 60 28 28 47 49 67 65 48 32 68 61 46 32 47 44 46 27 35 21 45 42 37 21 50 38 29 43 46 22 25 10 11 14 11 11 21 18 8 7 33 24 10 9 27 27 25 8 23 24 25 15 17 4 22 32 43 40 22 17 42 38 23 6 19 26 50 49 31 34 47 48 36 12 19 41 61 43 33 63 59 44 21 37 45 40 32 60 57 42 18 34 43 15 42 38 23 8 20 25 30 32 22 14 2 29 57 42 23 39 42 40 15 31 42 53 16 30 20 7 14 
47 45 22 2 19 21 38 35 19 4 39 32 16 18 24 15 48 17 12 31 34 52 49 32 17 52 46 30 19 32 29 50 30 29 10 32 29 30 23 38 25 22 45 43 16 40 22 25 2 4 22 37 8 8 22 45 33 26 17 32 17 18 16 35 12 20 23 33 17 29 26 28 27 8 20 27 26 14 15 6 20 40 39 24 37 35 40 32 20 12 39 47 28 25 48 45 31 5 21 34 26 25 45 43 30 3 18 33 18 27 25 13 15 8 19 19 27 26 30 14 33 43 27 9 23 29 29 5 15 34 16 41 27 26 20 7 
62 71 48 29 37 22 47 43 39 23 52 39 31 45 49 24 72 44 29 43 32 57 54 45 25 61 49 38 43 51 32 75 55 56 37 55 53 58 48 62 49 49 71 70 43 51 40 27 28 27 41 44 35 25 36 62 54 33 21 14 12 9 22 29 19 6 17 44 35 17 4 29 25 21 14 33 21 13 35 33 6 25 22 5 14 25 20 6 20 15 12 43 30 10 48 39 25 27 35 21 27 7 45 36 22 25 32 18 15 35 22 15 36 35 8 15 3 12 37 27 14 41 28 34 41 23 18 22 28 15 30 27 14 49 26 20 
62 41 9 24 38 47 59 57 38 31 58 55 40 16 32 41 51 23 36 53 60 73 71 52 43 72 69 53 30 46 54 25 6 23 21 41 38 24 5 43 34 19 22 29 17 26 12 30 24 23 10 28 20 24 18 22 7 25 30 48 43 43 28 41 38 43 36 23 15 43 50 54 53 35 37 51 52 40 14 23 44 66 65 49 55 62 66 55 32 36 61 72 54 50 71 71 57 31 44 60 52 50 70 70 56 30 42 59 35 51 51 38 13 23 43 45 51 43 26 22 49 68 53 27 42 56 56 29 40 59 20 26 49 32 27 30 
67 60 30 20 39 35 57 54 40 21 59 50 35 31 43 32 67 34 32 51 50 70 67 52 34 72 64 49 38 52 46 52 33 42 27 51 48 44 28 57 44 36 49 54 29 25 15 5 19 16 17 19 24 12 9 36 30 7 5 21 26 24 5 16 25 22 9 17 11 15 29 44 41 24 12 44 38 23 13 24 23 49 47 28 28 46 46 32 6 19 36 62 44 32 65 59 44 25 41 44 41 30 62 57 41 22 38 42 11 45 38 23 15 26 23 30 29 17 12 6 22 59 43 28 43 42 39 18 34 40 7 20 26 27 60 16 
52 52 28 9 24 20 41 38 25 5 43 34 20 25 31 16 55 25 16 35 34 54 51 36 18 56 48 33 26 38 30 55 35 36 17 39 36 37 28 45 31 29 50 49 22 39 23 20 8 6 24 34 15 6 21 46 36 22 11 25 13 12 10 30 10 14 16 32 17 23 20 28 26 8 13 29 24 10 16 13 14 37 36 19 30 33 35 26 14 6 32 47 29 20 49 44 29 10 25 31 26 20 46 42 27 7 22 30 11 29 23 9 17 15 13 16 21 19 27 12 26 43 28 15 28 27 26 2 18 29 14 7 20 30 16 54 
