36 9
38 18 45 29 27 22 44 46 22 27 17 21 20 25 28 41 35 4 2 30 33 57 42 37 67 70 23 18 49 52 41 50 52 45 47 71 
18 45 39 20 40 37 45 48 19 19 1 39 38 31 33 27 17 21 20 25 28 46 44 39 64 66 28 24 45 48 57 58 60 54 56 73 
45 39 54 18 43 44 20 20 58 19 38 57 59 28 26 22 39 44 48 15 12 17 21 20 25 28 27 29 6 9 62 41 42 39 40 38 
29 20 18 34 38 37 29 32 39 3 19 46 47 23 24 14 22 30 32 7 9 27 29 25 43 46 21 20 25 28 58 47 49 44 45 55 
27 40 43 38 42 4 29 32 49 34 39 19 23 15 16 52 55 22 27 33 33 59 27 24 57 59 17 18 44 45 20 25 28 20 23 53 
22 37 44 37 4 40 33 35 45 33 35 15 19 16 18 51 52 18 22 33 34 60 30 27 60 62 17 17 46 47 21 30 32 25 28 57 
44 45 20 29 29 33 50 2 63 27 44 48 51 19 16 40 52 41 45 22 20 36 2 6 27 29 20 25 17 17 46 21 21 20 20 28 
46 48 20 32 32 35 2 56 65 30 47 50 54 22 19 41 54 44 48 25 22 36 5 9 25 27 23 28 17 17 48 21 21 20 20 25 
22 19 58 39 49 45 63 65 36 39 20 40 37 45 48 45 29 27 22 44 46 65 61 56 83 86 43 38 64 67 62 72 74 67 69 90 
27 19 19 3 34 33 27 30 39 91 18 43 44 20 20 18 24 27 30 5 8 29 27 22 44 46 17 16 25 28 54 44 46 41 42 53 
17 1 38 19 39 35 44 47 20 18 59 38 37 29 32 27 18 20 19 23 26 45 43 38 62 65 27 22 44 46 56 56 59 52 54 71 
21 39 57 46 19 15 48 50 40 43 38 54 4 29 32 60 56 18 19 44 45 72 45 42 75 77 29 27 59 61 22 44 46 39 42 73 
20 38 59 47 23 19 51 54 37 44 37 4 45 33 35 60 55 17 18 46 47 74 49 45 78 81 32 29 62 64 27 48 51 44 46 77 
25 31 28 23 15 16 19 22 45 20 29 29 33 88 2 37 43 21 26 18 18 44 17 12 45 48 2 7 29 32 35 27 29 22 24 46 
28 33 26 24 16 18 16 19 48 20 32 32 35 2 93 38 44 24 29 18 18 43 14 10 43 45 5 9 27 29 36 25 27 20 22 44 
41 27 22 14 52 51 40 41 45 18 27 60 60 37 38 78 18 43 44 20 20 20 40 37 45 48 35 34 29 31 72 59 61 56 58 61 
35 17 39 22 55 52 52 54 29 24 18 56 55 43 44 18 40 38 37 29 32 39 52 47 63 66 40 37 45 48 73 69 71 65 67 77 
4 21 44 30 22 18 41 44 27 27 20 18 17 21 24 43 38 81 4 29 32 57 39 34 66 68 20 16 48 51 37 45 48 40 43 68 
2 20 48 32 27 22 45 48 22 30 19 19 18 26 29 44 37 4 74 33 35 59 43 39 70 72 25 20 52 55 40 50 53 45 48 73 
30 25 15 7 33 33 22 25 44 5 23 44 46 18 18 20 29 29 33 91 2 27 22 18 39 42 16 16 20 23 53 40 42 37 38 48 
33 28 12 9 33 34 20 22 46 8 26 45 47 18 18 20 32 32 35 2 97 26 20 16 36 39 17 18 17 20 54 39 40 36 37 45 
57 46 17 27 59 60 36 36 65 29 45 72 74 44 43 20 39 57 59 27 26 37 38 37 29 32 43 44 20 20 79 58 58 56 56 48 
42 44 21 29 27 30 2 5 61 27 43 45 49 17 14 40 52 39 43 22 20 38 86 4 29 32 18 23 19 19 44 20 20 18 18 29 
37 39 20 25 24 27 6 9 56 22 38 42 45 12 10 37 47 34 39 18 16 37 4 89 33 35 14 18 19 21 43 22 24 20 20 34 
67 64 25 43 57 60 27 25 83 44 62 75 78 45 43 45 63 66 70 39 36 29 29 33 40 2 46 50 18 15 73 43 42 44 43 20 
70 66 28 46 59 62 29 27 86 46 65 77 81 48 45 48 66 68 72 42 39 32 32 35 2 41 48 52 21 18 75 44 43 46 44 20 
23 28 27 21 17 17 20 23 43 17 27 29 32 2 5 35 40 20 25 16 17 43 18 14 46 48 76 4 29 32 37 29 32 25 27 48 
18 24 29 20 18 17 25 28 38 16 22 27 29 7 9 34 37 16 20 16 18 44 23 18 50 52 4 74 33 35 38 34 36 29 32 53 
49 45 6 25 44 46 17 17 64 25 44 59 62 29 27 29 45 48 52 20 17 20 19 19 18 21 29 33 59 2 62 38 38 37 37 32 
52 48 9 28 45 47 17 17 67 28 46 61 64 32 29 31 48 51 55 23 20 20 19 21 15 18 32 35 2 64 64 38 38 37 37 29 
41 57 62 58 20 21 46 48 62 54 56 22 27 35 36 72 73 37 40 53 54 79 44 43 73 75 37 38 62 64 9 33 35 29 32 65 
50 58 41 47 25 30 21 21 72 44 56 44 48 27 25 59 69 45 50 40 39 58 20 22 43 44 29 34 38 38 33 59 2 4 2 32 
52 60 42 49 28 32 21 21 74 46 59 46 51 29 27 61 71 48 53 42 40 58 20 24 42 43 32 36 38 38 35 2 64 7 4 29 
45 54 39 44 20 25 20 20 67 41 52 39 44 22 20 56 65 40 45 37 36 56 18 20 44 46 25 29 37 37 29 4 7 66 2 35 
47 56 40 45 23 28 20 20 69 42 54 42 46 24 22 58 67 43 48 38 37 56 18 20 43 44 27 32 37 37 32 2 4 2 71 33 
71 73 38 55 53 57 28 25 90 53 71 73 77 46 44 61 77 68 73 48 45 48 29 34 20 20 48 53 32 29 65 32 29 35 33 5 
