66 12
33 18 12 28 28 25 19 31 18 25 19 17 25 25 25 28 28 29 9 41 7 16 10 41 41 13 13 26 35 12 36 18 25 40 40 7 50 18 9 1 45 54 20 40 35 49 10 10 36 35 22 19 4 34 44 17 48 11 51 26 23 43 38 25 17 26 
18 35 30 41 10 10 37 44 10 38 25 16 41 43 14 23 45 46 11 53 24 25 25 25 28 28 29 9 41 7 54 18 29 57 57 22 64 36 16 19 62 70 32 58 49 35 19 19 18 36 6 28 22 18 47 4 65 29 67 44 35 61 52 35 17 42 
12 30 51 25 40 36 9 27 30 19 24 25 16 15 35 35 17 19 20 35 8 17 11 52 50 9 11 37 34 24 25 25 28 28 29 9 41 7 19 11 34 47 20 29 31 60 16 17 48 37 34 19 8 44 44 29 37 1 41 16 21 31 33 23 26 17 
28 41 25 51 50 51 18 3 34 43 18 46 39 16 52 56 35 17 36 58 21 42 17 66 68 34 15 50 59 33 25 46 52 41 27 31 62 20 25 28 28 29 9 41 7 76 37 21 59 62 42 44 25 60 69 43 31 23 59 16 5 42 11 48 27 39 
28 10 40 50 50 10 47 53 16 48 33 23 51 53 16 27 56 56 21 62 35 34 35 17 24 38 39 5 48 17 65 25 35 68 68 33 73 46 25 29 72 79 41 68 58 28 28 29 9 41 7 37 32 14 52 12 76 39 76 54 44 71 61 43 24 52 
25 10 36 51 10 56 44 54 20 39 35 14 43 50 5 16 50 54 16 52 32 25 34 16 17 32 37 5 38 17 61 15 25 62 65 27 64 43 26 25 70 79 42 62 59 25 21 29 14 30 14 28 29 9 41 7 73 35 68 51 45 65 62 34 27 45 
19 37 9 18 47 44 57 20 35 25 25 34 20 6 43 44 16 10 28 39 12 26 13 60 59 17 10 45 41 30 17 34 37 25 20 18 43 1 23 18 25 37 17 25 23 68 25 20 56 46 41 28 15 53 52 37 29 9 41 7 17 27 25 31 30 20 
31 44 27 3 53 54 20 58 38 45 21 49 40 16 55 59 35 16 39 59 23 44 20 70 71 36 17 53 61 37 24 49 54 40 25 34 62 21 28 31 26 25 12 41 4 79 40 25 62 64 46 46 28 63 71 46 28 25 59 16 9 41 7 50 30 40 
18 10 30 34 16 20 35 38 18 43 16 25 44 40 25 34 47 43 16 59 22 31 22 33 38 31 25 17 49 7 52 27 37 58 55 25 68 34 11 19 58 63 25 59 42 44 24 14 25 46 8 35 22 28 56 15 62 28 70 41 29 61 45 41 7 45 
25 38 19 43 48 39 25 45 43 83 42 25 6 30 36 30 15 32 27 16 26 13 30 54 48 11 30 43 17 36 34 24 19 25 37 18 25 23 34 24 43 60 39 25 48 59 19 34 53 25 44 11 23 46 28 35 46 20 28 31 40 29 50 9 42 7 
19 25 24 18 33 35 25 21 16 42 15 35 41 27 38 45 40 30 24 59 16 35 13 50 53 31 14 34 54 17 39 35 44 50 42 25 66 25 10 19 45 47 10 51 25 60 29 9 42 54 25 38 19 44 63 28 48 22 65 28 13 52 29 44 9 41 
17 16 25 46 23 14 34 49 25 25 35 36 30 41 10 10 37 44 10 38 25 12 28 28 25 19 31 18 25 19 51 1 12 49 54 16 49 33 24 18 60 72 38 49 53 34 9 26 28 20 22 14 21 21 30 12 63 25 54 42 41 52 56 19 29 31 
25 41 16 39 51 43 20 40 44 6 41 30 24 25 40 36 9 27 30 19 24 18 28 58 53 12 27 47 24 37 28 28 25 19 31 18 25 19 34 24 37 54 36 19 44 64 22 33 57 31 46 16 23 51 34 38 40 18 26 25 37 23 45 15 42 1 
25 43 15 16 53 50 6 16 40 30 27 41 25 56 50 51 18 3 34 43 18 33 18 67 66 24 15 51 47 36 12 41 43 24 15 24 46 8 28 25 19 31 18 25 19 75 31 25 62 52 46 34 21 59 58 43 22 15 42 1 17 26 20 37 34 24 
25 14 35 52 16 5 43 55 25 36 38 10 40 50 57 10 47 53 16 48 33 22 35 18 15 29 38 11 32 20 60 12 20 59 64 26 59 42 28 25 69 80 44 59 60 25 19 31 18 25 19 24 29 10 35 10 72 34 64 51 47 63 63 29 31 42 
28 23 35 56 27 16 44 59 34 30 45 10 36 51 10 50 44 54 20 39 35 18 38 25 18 27 41 22 23 28 60 10 12 55 63 26 51 43 34 28 69 82 48 55 64 28 19 36 28 14 29 19 31 18 25 19 72 35 57 52 51 59 67 22 39 37 
28 45 17 35 56 50 16 35 47 15 40 37 9 18 47 44 38 20 35 25 25 25 27 65 61 18 26 53 33 41 19 36 33 12 22 23 27 15 36 27 28 46 34 12 38 72 28 34 63 40 51 25 25 58 43 44 31 18 25 19 33 15 39 24 43 7 
29 46 19 17 56 54 10 16 43 32 30 44 27 3 53 54 20 62 38 45 21 36 21 70 69 27 18 55 50 39 9 44 46 24 12 28 46 11 31 28 16 28 20 24 18 78 35 28 65 55 49 37 25 63 60 46 19 19 42 2 18 25 19 40 37 26 
9 11 20 36 21 16 28 39 16 27 24 10 30 34 16 20 35 38 37 43 16 15 19 32 32 17 22 18 33 9 45 11 21 47 48 12 53 27 13 9 53 63 28 47 44 40 8 15 28 30 17 18 12 25 40 9 57 19 56 35 31 50 47 25 19 31 
41 53 35 58 62 52 39 59 59 16 59 38 19 43 48 39 25 45 43 50 42 28 46 64 57 28 46 57 18 52 44 36 28 28 46 34 12 38 51 40 52 71 55 28 62 67 35 51 66 28 60 24 40 58 25 49 54 36 19 44 56 31 64 18 59 19 
7 24 8 21 35 32 12 23 22 26 16 25 24 18 33 35 25 21 16 42 38 21 4 48 48 14 6 33 39 18 29 25 31 36 33 10 49 12 11 7 37 47 14 36 28 57 16 9 43 41 28 24 4 41 49 25 41 6 49 19 16 38 31 29 18 25 
16 25 17 42 34 25 26 44 31 13 35 12 18 33 22 18 25 36 15 28 21 60 25 40 36 9 27 30 19 24 41 10 10 37 44 10 38 25 25 15 50 64 35 37 48 46 7 26 40 19 31 3 17 33 28 21 54 18 42 34 37 41 51 10 32 19 
10 25 11 17 35 34 13 20 22 30 13 28 28 18 35 38 27 21 19 46 4 25 83 50 51 18 3 34 43 18 30 28 35 38 33 14 53 13 10 10 37 44 10 38 25 59 20 7 44 44 28 28 8 43 53 26 40 9 52 19 12 40 28 33 16 28 
41 25 52 66 17 16 60 70 33 54 50 28 58 67 18 25 65 70 32 64 48 40 50 21 10 47 53 16 48 33 78 30 36 77 81 43 76 59 41 42 86 95 57 78 74 10 37 44 10 38 25 42 45 7 48 23 89 51 82 68 61 81 77 46 41 60 
41 28 50 68 24 17 59 71 38 48 53 25 53 66 15 18 61 69 32 57 48 36 51 10 21 44 54 20 39 35 76 26 30 73 79 41 69 58 43 41 85 96 59 73 76 10 34 46 20 29 30 37 44 10 38 25 88 50 75 67 63 77 79 40 45 55 
13 28 9 34 38 32 17 36 31 11 31 19 12 24 29 27 18 27 17 28 14 9 18 47 44 74 20 35 25 25 32 18 19 30 35 6 36 16 23 12 41 55 29 30 40 54 10 22 45 28 34 10 11 40 35 26 44 10 38 25 30 33 42 14 30 13 
13 29 11 15 39 37 10 17 25 30 14 31 27 15 38 41 26 18 22 46 6 27 3 53 54 20 89 38 45 21 27 31 37 36 30 16 52 11 13 13 34 41 9 36 22 62 22 10 47 46 31 29 10 46 54 29 37 9 51 16 10 38 25 34 19 28 
26 9 37 50 5 5 45 53 17 43 34 18 47 51 11 22 53 55 18 57 33 30 34 16 20 35 38 21 43 16 63 20 30 65 66 30 68 44 25 27 71 79 41 65 58 26 24 28 10 36 9 32 30 10 47 9 74 37 72 52 44 68 61 38 25 48 
35 41 34 59 48 38 41 61 49 17 54 25 24 47 32 23 33 50 33 18 39 19 43 48 39 25 45 43 77 42 52 23 12 41 55 29 30 40 44 34 61 78 54 41 65 50 25 45 51 10 48 15 35 41 10 37 64 35 37 48 55 44 67 10 51 25 
12 7 24 33 17 17 30 37 7 36 17 19 37 36 20 28 41 39 9 52 18 24 18 33 35 25 21 16 42 50 47 20 30 52 51 18 61 30 8 13 55 62 24 53 41 42 17 11 26 39 10 28 16 26 49 10 58 23 63 37 28 55 44 34 10 38 
36 54 25 25 65 61 17 24 52 34 39 51 28 12 60 60 19 9 45 44 29 41 30 78 76 32 27 63 52 47 50 50 51 18 3 34 43 18 40 36 9 27 30 19 24 85 41 37 73 59 58 42 32 70 63 54 12 26 37 11 27 18 24 43 46 27 
18 18 25 46 25 15 34 49 27 24 35 1 28 41 12 10 36 44 11 36 25 10 28 30 26 18 31 20 23 20 50 81 10 47 53 16 48 33 25 18 59 71 38 48 53 36 9 27 30 19 24 12 20 22 29 13 62 25 52 42 41 51 56 18 30 30 
25 29 28 52 35 25 37 54 37 19 44 12 25 43 20 12 33 46 21 28 31 10 35 36 30 19 37 30 12 30 51 10 72 44 54 20 39 35 34 25 60 75 45 44 59 40 15 35 39 9 35 9 27 30 19 24 63 29 45 44 47 48 61 10 40 26 
40 57 28 41 68 62 25 40 58 25 50 49 19 24 59 55 12 24 47 28 36 37 38 77 73 30 36 65 41 52 18 47 44 18 20 35 25 25 47 39 25 45 42 0 42 83 40 45 75 50 63 36 36 69 50 56 27 30 19 24 41 3 42 34 54 17 
40 57 29 27 68 65 20 25 55 37 42 54 31 15 64 63 22 12 48 46 33 44 33 81 79 35 30 66 55 51 3 53 54 20 54 38 45 21 43 39 6 25 32 20 25 89 44 40 76 62 61 45 36 73 65 57 9 29 38 14 30 19 24 46 49 30 
7 22 9 31 33 27 18 34 25 18 25 16 18 24 26 26 23 28 12 34 10 10 14 43 41 6 16 30 29 18 34 16 20 35 38 60 43 16 16 6 43 55 25 35 38 51 7 16 40 30 28 13 6 36 38 21 46 9 44 25 27 38 41 19 24 19 
50 64 41 62 73 64 43 62 68 25 66 49 25 46 59 51 27 46 53 12 49 38 53 76 69 36 52 68 30 61 43 48 39 25 45 43 38 42 59 49 50 70 61 25 65 79 45 58 78 40 70 35 48 69 36 60 52 43 9 46 61 27 66 30 67 24 
18 36 7 20 46 43 1 21 34 23 25 33 19 8 42 43 15 11 27 38 12 25 13 59 58 16 11 44 40 30 18 33 35 25 21 16 42 49 23 17 26 39 18 25 25 67 23 20 55 44 40 26 14 52 50 36 30 7 40 9 18 27 27 29 30 19 
9 16 19 25 25 26 23 28 11 34 10 24 34 28 28 34 36 31 13 51 11 25 10 41 43 23 13 25 44 8 40 25 34 47 43 16 59 23 101 10 47 53 16 48 33 51 18 3 34 43 18 29 11 35 53 18 50 17 60 29 19 50 36 35 7 35 
1 19 11 28 29 25 18 31 19 24 19 18 24 25 25 28 27 28 9 40 7 15 10 42 41 12 13 27 34 13 36 18 25 39 39 6 49 17 10 102 44 54 20 39 35 50 9 10 37 34 23 18 3 34 43 18 47 10 50 26 23 42 38 24 18 25 
45 62 34 28 72 70 25 26 58 43 45 60 37 19 69 69 28 16 53 52 37 50 37 86 85 41 34 71 61 55 9 59 60 25 6 43 50 26 47 44 37 20 35 25 25 94 50 44 81 68 65 51 41 78 71 62 3 34 43 18 32 23 23 52 52 36 
54 70 47 29 79 79 37 25 63 60 47 72 54 31 80 82 46 28 63 71 47 64 44 95 96 55 41 79 78 62 27 71 75 45 25 55 70 39 53 54 20 6 38 45 21 104 62 50 88 83 71 66 51 88 89 71 18 46 63 30 34 43 18 68 56 53 
20 32 20 9 41 42 17 12 25 39 10 38 36 18 44 48 34 20 28 55 14 35 10 57 59 29 9 41 54 24 30 38 45 42 32 25 61 18 16 20 35 38 69 43 16 67 30 13 50 55 33 38 18 51 63 34 38 18 59 19 3 44 20 43 18 36 
40 58 29 41 68 62 25 41 59 25 51 49 19 25 59 55 12 24 47 28 36 37 38 78 73 30 36 65 41 53 19 48 44 0 20 35 25 25 48 39 25 45 43 87 42 84 41 45 76 50 63 36 37 70 51 56 26 30 18 24 42 3 42 34 55 18 
35 49 31 7 58 59 23 4 42 48 25 53 44 19 60 64 38 18 44 62 28 48 25 74 76 40 22 58 65 41 24 53 59 42 25 38 65 25 33 35 25 21 16 42 36 84 44 29 67 68 50 50 32 67 75 51 27 30 61 18 13 42 3 54 34 43 
49 35 60 76 28 25 68 79 44 59 60 34 64 75 25 28 72 78 40 67 57 46 59 10 10 54 62 26 50 42 85 36 40 83 89 51 79 67 51 50 94 104 67 84 84 21 44 54 20 39 35 47 53 16 48 33 97 59 86 76 70 87 87 51 51 65 
10 19 16 37 28 21 25 40 24 19 29 9 22 31 19 19 28 35 8 35 16 7 20 37 34 10 22 24 25 17 41 9 15 40 44 7 45 23 18 9 50 62 30 41 44 44 95 20 35 25 25 10 12 29 34 16 53 16 48 33 32 44 47 17 25 23 
10 19 17 21 29 29 20 25 14 34 9 26 33 25 31 36 34 28 15 51 9 26 7 44 46 22 10 28 45 11 37 27 35 45 40 16 58 20 3 10 44 50 13 45 29 54 20 107 38 45 21 29 10 38 54 21 47 15 59 26 16 48 33 35 9 34 
36 18 48 59 9 14 56 62 25 53 42 28 57 62 18 28 63 65 28 66 43 40 44 10 20 45 47 10 51 26 73 30 39 75 76 40 78 55 34 37 81 88 50 76 67 20 35 38 32 43 16 42 40 10 53 19 84 47 82 63 53 79 70 48 33 58 
35 36 37 62 41 30 46 64 46 25 54 20 31 52 25 14 40 55 30 28 41 19 44 38 29 28 46 36 10 39 59 19 9 50 62 30 40 44 43 34 68 83 55 50 68 39 25 45 43 96 42 17 36 33 10 31 71 38 47 53 57 53 71 16 49 33 
22 6 34 42 7 14 41 46 8 44 25 22 46 46 19 29 51 49 17 60 28 31 28 25 30 34 31 9 48 10 58 24 35 63 61 28 70 40 18 23 65 71 33 63 50 35 25 21 16 42 66 35 26 20 53 10 69 33 72 47 37 66 53 41 16 48 
19 28 19 44 37 28 28 46 35 11 38 14 16 34 24 19 25 37 18 24 24 3 28 42 37 10 29 32 15 28 42 12 9 36 45 13 35 26 29 18 51 66 38 36 50 47 10 29 42 17 35 88 20 35 25 25 54 20 39 35 40 39 53 6 36 18 
4 22 8 25 32 29 15 28 22 23 19 21 23 21 29 31 25 25 12 40 4 17 8 45 44 11 10 30 35 16 32 20 27 36 36 6 48 14 11 3 41 51 18 37 32 53 12 10 40 36 26 20 108 38 45 21 44 7 48 22 20 39 35 25 19 23 
34 18 44 60 14 9 53 63 28 46 44 21 51 59 10 18 58 63 25 58 41 33 43 7 10 40 46 10 41 26 70 22 30 69 73 36 69 52 35 34 78 88 51 70 67 16 29 38 10 33 20 35 38 41 43 16 82 44 74 60 54 73 71 39 35 52 
44 47 44 69 52 41 52 71 56 28 63 30 34 58 35 25 43 60 40 25 49 28 53 48 38 35 54 47 10 49 63 29 19 50 65 38 36 50 53 43 71 89 63 51 75 48 34 54 53 10 53 25 45 43 79 42 74 45 44 59 65 54 77 20 59 35 
17 4 29 43 12 7 37 46 15 35 28 12 38 43 10 19 44 46 9 49 25 21 26 23 25 26 29 9 37 10 54 13 24 56 57 21 60 36 18 18 62 71 34 56 51 33 16 21 19 31 10 25 21 16 42 71 66 28 64 44 37 59 54 31 20 39 
48 65 37 31 76 73 29 28 62 46 48 63 40 22 72 72 31 19 57 54 41 54 40 89 88 44 37 74 64 58 12 62 63 27 9 46 52 30 50 47 3 18 38 26 27 97 53 47 84 71 69 54 44 82 74 66 40 38 45 21 35 25 25 55 55 39 
11 29 1 23 39 35 9 25 28 20 22 25 18 15 34 35 18 19 19 36 6 18 9 51 50 10 9 37 35 23 26 25 29 30 29 9 43 7 17 10 34 46 18 30 30 59 16 15 47 38 33 20 7 44 45 28 38 70 43 16 20 32 32 25 25 18 
51 67 41 59 76 68 41 59 70 28 65 54 26 42 64 57 25 42 56 19 49 42 52 82 75 38 51 72 37 63 37 52 45 19 38 44 9 40 60 50 43 63 59 18 61 86 48 59 82 47 72 39 48 74 44 64 45 43 50 42 58 20 61 35 68 25 
26 44 16 16 54 51 7 16 41 31 28 42 25 1 51 52 19 2 35 44 19 34 19 68 67 25 16 52 48 37 11 42 44 24 14 25 46 9 29 26 18 30 19 24 18 76 33 26 63 53 47 35 22 60 59 44 21 16 42 50 17 25 20 38 35 25 
23 35 21 5 44 45 17 9 29 40 13 41 37 17 47 51 33 18 31 56 16 37 12 61 63 30 10 44 55 28 27 41 47 41 30 27 61 18 19 23 32 34 3 42 13 70 32 16 53 57 37 40 20 54 65 37 35 20 58 17 76 43 16 45 21 37 
43 61 31 42 71 65 27 41 61 29 52 52 23 26 63 59 15 25 50 31 38 41 40 81 77 33 38 68 44 55 18 51 48 3 19 38 27 27 50 42 23 43 44 3 42 87 44 48 79 53 66 39 39 73 54 59 25 32 20 25 43 90 42 38 57 21 
38 52 33 11 61 62 25 7 45 50 29 56 45 20 63 67 39 19 47 64 31 51 28 77 79 42 25 61 67 44 24 56 61 42 24 41 66 27 36 38 23 18 20 42 3 87 47 33 70 71 53 53 35 71 77 54 25 32 61 20 16 42 43 56 38 45 
25 35 23 48 43 34 31 50 41 9 44 19 15 37 29 22 24 40 25 18 29 10 33 46 40 14 34 38 10 34 43 18 10 34 46 19 30 29 35 24 52 68 43 34 54 51 17 35 48 16 41 6 25 39 20 31 55 25 35 38 45 38 56 86 42 16 
17 17 26 27 24 27 30 30 7 42 9 29 42 34 31 39 43 37 19 59 18 32 16 41 45 30 19 25 51 10 46 30 40 54 49 24 67 30 7 18 52 56 18 55 34 51 25 9 33 49 16 36 19 35 59 20 55 25 68 35 21 57 38 42 33 43 
26 42 17 39 52 45 20 40 45 7 41 31 1 24 42 37 7 26 31 19 25 19 28 60 55 13 28 48 25 38 27 30 26 17 30 19 24 19 35 25 36 53 36 18 43 65 23 34 58 33 48 18 23 52 35 39 39 18 25 25 37 21 45 16 43 85 
