105 15
50 9 11 15 27 14 23 17 31 6 19 9 9 22 24 13 23 39 17 39 11 38 31 38 23 28 39 13 17 32 12 33 17 29 31 32 19 30 32 18 34 12 32 4 35 19 30 15 16 32 47 25 44 7 47 26 41 27 20 44 41 61 23 63 42 58 44 35 60 38 3 42 21 35 22 16 38 22 60 42 57 42 36 59 24 18 20 6 19 22 39 57 44 32 60 42 28 34 42 40 36 56 23 42 36 
9 48 15 23 36 20 32 13 40 10 28 18 3 32 25 20 31 48 25 47 11 47 33 45 30 28 46 13 23 39 17 39 11 38 31 38 23 28 39 27 43 22 41 5 45 23 38 24 17 40 56 34 53 17 57 33 50 37 26 53 50 70 33 73 49 67 53 42 69 47 12 52 27 44 31 20 47 30 70 49 65 51 42 67 34 17 28 14 14 30 47 66 53 40 69 48 33 35 49 48 41 65 27 51 42 
11 15 27 12 28 7 27 10 29 18 25 10 17 26 36 25 32 47 26 48 22 44 42 47 33 39 47 24 27 41 23 43 26 36 42 43 31 41 42 23 39 17 39 11 38 31 38 23 28 39 51 28 50 14 50 36 48 34 31 50 45 66 30 67 50 64 50 44 66 44 10 44 32 42 28 27 44 30 65 52 64 50 46 66 27 29 30 17 29 30 46 62 48 39 64 52 39 46 52 48 47 64 35 49 46 
15 23 12 47 16 6 16 23 17 21 15 6 24 15 37 22 25 37 21 40 26 33 41 40 28 40 39 27 24 33 22 36 32 27 44 38 29 44 36 13 28 9 29 18 26 29 29 16 29 29 39 17 39 11 38 31 38 23 28 39 33 55 20 54 42 53 39 37 55 33 12 32 27 32 18 26 33 23 53 45 54 39 40 55 16 32 24 17 34 22 36 50 36 30 52 46 35 47 44 39 42 53 33 39 40 
27 36 28 16 79 22 6 39 8 30 10 19 36 6 40 25 19 25 20 29 34 18 40 31 25 42 29 34 25 24 27 30 43 16 46 33 31 49 30 10 13 14 17 31 9 31 19 16 35 17 23 5 24 19 21 26 23 12 27 23 17 39 11 38 31 38 23 28 39 19 24 15 26 19 11 29 18 17 36 35 39 26 33 40 3 39 21 24 43 17 24 34 20 20 36 38 32 49 35 26 36 39 33 25 33 
14 20 7 6 22 35 22 17 22 21 20 7 22 21 38 25 29 43 25 45 25 39 43 44 32 41 44 27 27 38 24 41 31 32 45 41 31 44 40 19 34 13 35 16 32 31 34 21 30 34 45 23 45 13 44 35 43 29 31 45 39 61 25 60 47 59 45 41 61 39 11 38 31 38 23 28 39 27 59 50 60 45 45 61 22 32 28 18 33 27 42 56 42 36 58 50 38 48 49 44 45 59 35 45 44 
23 32 27 16 6 22 79 37 14 25 4 16 31 0 34 19 13 21 13 25 28 17 34 26 18 36 24 28 18 19 21 24 38 11 40 27 24 43 24 4 12 10 13 28 12 25 14 10 29 13 24 2 23 15 24 20 21 7 21 23 18 39 5 40 27 37 23 23 39 17 21 19 20 16 4 22 17 11 38 31 38 23 28 39 3 33 15 19 38 11 20 35 21 15 37 32 25 42 30 23 30 37 27 23 27 
17 13 10 23 39 17 37 22 40 22 34 20 17 36 38 31 40 56 34 56 25 54 47 55 41 42 56 27 34 49 29 50 24 46 44 49 36 41 50 33 49 27 49 13 48 36 47 32 31 48 61 39 60 23 61 44 58 43 38 60 55 77 39 77 59 74 60 52 76 54 17 55 38 52 37 32 54 39 75 60 74 59 54 75 38 31 38 23 28 39 56 72 58 49 75 59 45 48 59 57 53 73 40 59 53 
31 40 29 17 8 22 14 40 76 35 18 22 40 14 47 32 27 32 27 37 39 25 48 39 33 50 36 40 32 32 34 38 48 24 54 41 38 56 38 17 20 19 25 35 13 39 27 23 41 25 27 13 29 24 23 34 30 20 35 29 22 43 19 39 38 42 29 36 43 25 28 17 34 26 18 36 25 25 39 43 45 32 41 45 11 45 29 30 49 25 31 38 23 28 39 45 40 56 43 33 44 44 41 32 41 
6 10 18 21 30 21 25 22 35 62 21 15 7 25 17 10 21 38 15 37 4 38 25 35 20 21 36 6 13 29 7 29 12 29 24 28 14 23 29 20 35 16 32 8 37 13 28 16 9 31 47 27 44 11 49 23 41 28 16 44 42 61 24 65 39 57 44 32 60 38 9 44 17 35 23 10 38 21 61 39 55 42 32 58 27 11 18 5 13 21 38 57 45 30 61 38 23 28 39 39 31 55 17 41 32 
19 28 25 15 10 20 4 34 18 21 76 14 27 4 29 15 10 22 9 24 24 19 30 25 15 32 24 24 14 17 17 22 33 11 36 24 20 39 22 1 15 7 14 24 16 21 13 5 24 14 27 6 25 11 28 17 23 9 17 25 21 42 5 44 26 39 25 21 41 19 17 23 16 17 3 18 19 8 41 30 39 25 26 41 7 28 11 15 33 8 21 38 25 15 41 31 22 38 29 23 28 39 23 24 25 
9 18 10 6 19 7 16 20 22 15 14 47 19 16 31 17 22 36 17 38 20 33 36 37 25 34 37 21 19 31 17 33 27 26 38 34 24 38 33 13 29 7 29 13 28 24 27 13 24 28 41 18 40 6 40 27 38 23 23 39 35 56 19 57 40 54 39 34 56 34 6 35 23 32 17 21 33 20 55 42 54 39 37 55 17 26 20 11 28 20 36 52 38 29 54 43 31 41 42 38 38 53 28 39 37 
9 3 17 24 36 22 31 17 40 7 27 19 56 31 21 17 29 45 23 44 7 45 29 42 27 25 43 10 20 37 14 36 8 36 27 34 20 24 36 26 42 21 39 6 44 19 36 23 13 39 54 34 51 16 56 30 48 35 23 51 49 68 31 71 46 64 51 39 67 46 12 51 24 42 29 17 45 28 68 46 63 49 39 65 33 13 25 12 11 28 45 65 52 38 68 44 30 31 46 46 38 62 23 48 39 
22 32 26 15 6 21 0 36 14 25 4 16 31 78 34 19 13 22 13 25 28 17 34 26 18 36 25 28 18 19 21 24 37 12 40 27 24 43 24 4 13 10 14 27 12 25 14 10 29 13 24 2 24 15 25 20 22 8 21 23 18 40 5 41 27 38 23 23 39 18 20 19 20 16 4 22 17 11 38 31 38 24 28 39 3 32 15 19 38 11 21 35 22 16 38 33 25 42 31 23 30 38 27 23 28 
24 25 36 37 40 38 34 38 47 17 29 31 21 34 19 15 23 36 20 32 13 40 10 28 18 3 32 11 15 27 14 23 17 31 6 19 9 9 22 30 39 29 33 25 44 8 29 24 7 33 50 36 45 25 54 19 41 33 14 44 46 59 30 67 34 55 45 27 59 40 26 51 15 36 30 11 40 24 62 31 52 40 24 55 37 7 20 20 14 24 37 58 49 30 62 28 15 10 31 36 21 51 8 40 24 
13 20 25 22 25 25 19 31 32 10 15 17 17 19 15 23 12 28 7 27 10 29 18 25 10 17 26 9 3 19 2 19 20 20 21 18 6 23 19 15 27 14 23 17 31 6 19 9 9 22 39 21 35 11 42 13 31 20 6 35 34 51 17 56 29 48 35 22 51 30 15 38 7 26 16 3 29 12 52 29 46 32 23 48 22 13 8 7 19 12 28 48 37 21 52 28 14 24 29 29 22 45 10 32 22 
23 31 32 25 19 29 13 40 27 21 10 22 29 13 23 12 30 16 6 16 23 17 21 15 6 24 15 22 9 8 15 12 32 7 28 14 14 33 11 11 15 15 10 28 21 15 6 8 21 10 27 14 23 17 31 6 19 9 9 22 22 39 8 44 18 35 23 12 38 17 23 27 8 13 8 14 17 1 40 20 34 20 15 36 16 25 3 17 31 2 16 36 26 9 40 21 12 30 20 17 17 33 15 19 15 
39 48 47 37 25 43 21 56 32 38 22 36 45 22 36 28 16 54 22 6 39 8 30 10 19 36 6 38 25 9 31 14 48 10 39 19 28 45 14 24 11 29 7 44 19 29 9 24 36 8 15 21 9 33 22 17 4 13 24 9 14 23 17 31 6 19 9 9 22 7 39 22 22 5 19 29 8 17 25 13 17 3 15 19 23 40 20 34 47 17 1 21 16 7 25 17 21 40 13 1 20 17 27 3 15 
17 25 26 21 20 25 13 34 27 15 9 17 23 13 20 7 6 22 28 22 17 22 21 20 7 22 21 16 5 14 9 16 27 13 26 16 11 30 15 10 20 11 16 22 24 11 12 4 16 15 32 15 28 12 35 10 25 13 7 28 27 45 10 49 24 41 28 17 44 23 17 31 6 19 9 9 22 5 45 25 40 26 20 42 16 20 3 11 26 5 22 42 30 15 45 25 14 29 25 23 20 39 13 25 19 
39 47 48 40 29 45 25 56 37 37 24 38 44 25 32 27 16 6 22 46 37 14 25 4 16 31 0 35 23 7 29 9 46 13 35 13 25 41 10 26 17 31 11 44 25 26 10 24 33 12 21 24 15 33 29 14 11 17 21 15 20 27 19 36 2 23 15 4 26 14 39 28 20 10 21 27 14 17 31 6 19 9 9 22 26 37 19 33 44 17 7 26 23 9 30 10 17 34 6 5 14 19 24 9 9 
11 11 22 26 34 25 28 25 39 4 24 20 7 28 13 10 23 39 17 37 34 40 22 34 20 17 36 2 13 30 8 29 9 30 20 27 12 19 28 23 37 20 33 11 40 12 30 18 6 33 50 30 46 15 52 23 42 30 16 45 44 62 27 67 39 58 46 32 61 40 14 47 17 36 25 10 40 23 63 39 56 43 32 59 31 6 19 9 9 22 39 59 48 32 63 37 22 24 38 39 30 56 15 42 31 
38 47 44 33 18 39 17 54 25 38 19 33 45 17 40 29 17 8 22 14 40 62 35 18 22 40 14 39 26 14 32 20 49 9 44 24 31 49 20 20 4 26 6 43 11 32 11 22 38 7 9 15 6 30 15 20 5 10 26 6 6 23 14 27 15 20 6 16 22 0 36 14 25 4 16 31 0 17 23 21 21 7 22 22 17 42 21 33 49 17 6 19 9 9 22 24 26 45 21 9 26 20 31 7 22 
31 33 42 41 40 43 34 47 48 25 30 36 29 34 10 18 21 30 21 25 22 35 13 21 15 7 25 19 16 21 19 16 27 27 9 11 11 16 15 31 35 32 29 33 42 11 25 25 16 29 45 35 39 30 51 15 35 30 13 39 42 52 29 61 27 48 39 21 52 36 32 48 14 31 29 15 35 23 56 23 44 34 16 47 37 17 19 25 24 23 31 52 45 26 56 19 9 9 22 30 12 43 8 34 15 
38 45 47 40 31 44 26 55 39 35 25 37 42 26 28 25 15 10 20 4 34 18 21 38 14 27 4 32 21 7 27 5 43 14 30 9 22 37 6 26 20 31 14 42 28 23 11 23 30 14 26 26 19 32 33 11 15 19 18 19 24 31 20 41 6 27 20 3 31 18 38 32 17 14 22 24 18 17 35 5 23 13 5 26 28 33 17 31 41 17 11 31 27 10 35 6 13 30 4 9 9 22 20 13 5 
23 30 33 28 25 32 18 41 33 20 15 25 27 18 18 10 6 19 7 16 20 22 15 14 18 19 16 18 7 9 13 9 29 12 22 9 9 27 8 16 21 19 15 27 27 10 11 11 17 15 32 20 27 19 36 3 23 15 4 26 27 42 14 49 19 38 27 12 42 22 24 33 3 18 14 10 22 7 44 19 36 23 13 38 21 20 4 17 27 7 19 40 31 12 44 18 6 24 18 19 13 35 9 22 12 
28 28 39 40 42 41 36 42 50 21 32 34 25 36 3 17 24 36 22 31 17 40 7 27 19 19 31 15 17 27 17 22 21 31 4 18 11 9 21 32 40 31 34 29 46 11 29 26 11 34 50 37 45 28 55 19 40 34 15 45 46 59 32 67 33 54 45 27 58 41 30 52 16 36 31 14 40 25 62 30 50 40 23 54 39 11 21 23 17 25 36 58 50 31 62 26 14 6 29 36 19 50 9 40 22 
39 46 47 39 29 44 24 56 36 36 24 37 43 25 32 26 15 6 21 0 36 14 25 4 16 31 45 35 23 7 29 9 45 12 34 13 25 41 9 25 17 30 11 43 25 26 10 24 33 11 21 24 15 33 29 13 11 16 20 15 20 27 19 37 3 23 15 4 27 14 38 28 19 10 21 26 14 16 31 7 19 9 9 23 26 36 18 33 43 17 7 27 23 8 31 10 16 34 6 5 13 19 23 9 9 
13 13 24 27 34 27 28 27 40 6 24 21 10 28 11 9 22 38 16 35 2 39 19 32 18 15 35 30 12 28 7 27 10 29 18 25 10 17 26 23 36 20 32 13 40 10 28 18 3 32 49 30 45 16 52 21 41 30 14 44 43 61 26 66 38 57 45 30 60 39 15 47 15 35 25 8 39 22 62 37 55 41 30 57 31 5 18 10 9 21 38 58 47 30 62 35 20 22 36 38 28 54 13 41 29 
17 23 27 24 25 27 18 34 32 13 14 19 20 18 15 3 9 25 5 23 13 26 16 21 7 17 23 12 47 16 6 16 23 17 21 15 6 24 15 15 24 15 20 20 29 6 16 9 11 19 36 20 32 13 40 10 28 18 3 32 31 48 15 54 26 44 32 19 48 27 17 36 4 23 14 4 26 9 50 26 42 29 19 45 21 15 5 10 22 9 25 46 35 18 49 25 11 24 25 25 19 42 8 28 19 
32 39 41 33 24 38 19 49 32 29 17 31 37 19 27 19 8 9 14 7 30 14 21 7 9 27 7 28 16 73 22 6 39 8 30 10 19 36 6 19 15 24 8 36 22 19 4 17 27 8 23 19 18 26 29 7 13 12 14 17 20 32 13 40 10 28 18 3 32 14 31 27 13 9 15 20 14 10 35 12 26 13 9 29 21 30 11 26 37 10 9 31 23 5 35 13 12 31 11 9 13 25 18 13 9 
12 17 23 22 27 24 21 29 34 7 17 17 14 21 14 2 15 31 9 29 8 32 19 27 13 17 29 7 6 22 41 22 17 22 21 20 7 22 21 17 29 15 25 15 33 7 22 11 7 25 42 23 38 11 44 16 34 22 9 37 36 54 19 59 32 50 38 25 53 32 13 40 10 28 18 3 32 15 55 32 48 35 25 51 24 11 11 6 16 14 31 51 40 24 55 30 16 24 31 31 24 48 11 34 24 
33 39 43 36 30 41 24 50 38 29 22 33 36 24 23 19 12 14 16 9 29 20 16 5 9 22 9 27 16 6 22 65 37 14 25 4 16 31 0 23 21 27 15 37 29 17 11 20 24 15 29 25 23 28 35 6 19 18 13 23 26 36 19 45 11 32 23 5 36 20 33 34 12 16 20 19 20 13 40 10 28 18 3 32 27 27 12 26 35 14 15 36 29 11 40 9 7 25 9 13 6 28 14 18 3 
17 11 26 32 43 31 38 24 48 12 33 27 8 37 17 20 32 48 27 46 9 49 27 43 29 21 45 10 23 39 17 37 27 40 22 34 20 17 36 33 47 28 43 15 50 20 39 28 12 42 59 40 55 23 62 32 52 40 24 55 54 71 36 76 48 68 55 41 71 50 20 57 26 46 35 19 49 32 73 47 65 52 39 68 40 10 28 18 3 32 48 69 57 41 72 44 30 25 46 49 37 65 23 52 39 
29 38 36 27 16 32 11 46 24 29 11 26 36 12 31 20 7 10 13 13 30 9 27 14 12 31 12 29 17 8 22 14 40 80 35 18 22 40 14 13 8 19 3 34 15 22 3 13 29 2 19 11 15 22 23 12 12 4 17 15 14 31 6 36 15 28 15 11 31 10 28 20 15 6 8 21 9 7 32 19 28 13 17 29 13 32 11 24 39 8 10 28 18 3 32 21 18 37 19 11 20 27 22 13 17 
31 31 42 44 46 45 40 44 54 24 36 38 27 40 6 21 28 39 26 35 20 44 9 30 22 4 34 18 21 30 21 25 22 35 20 21 15 7 25 36 43 35 38 32 50 15 33 30 14 37 54 41 48 32 59 23 44 38 19 48 50 62 36 71 36 58 48 30 61 44 33 56 20 40 35 18 44 29 65 32 53 43 25 57 43 13 25 27 18 29 40 61 53 34 65 28 18 3 32 39 21 53 13 43 25 
32 38 43 38 33 41 27 49 41 28 24 34 34 27 19 18 14 19 16 13 27 24 11 9 9 18 13 25 15 10 20 4 34 18 21 57 14 27 4 25 25 28 19 36 33 15 15 21 22 19 34 27 28 28 40 7 23 21 11 27 31 41 21 50 15 36 28 9 40 25 33 38 11 20 22 17 24 15 44 12 32 22 5 36 29 25 13 26 32 16 19 40 34 15 44 10 4 21 12 18 3 32 11 22 4 
19 23 31 29 31 31 24 36 38 14 20 24 20 24 9 6 14 28 11 25 12 31 11 22 9 11 25 10 6 19 7 16 20 22 15 14 36 19 16 21 29 20 24 22 35 0 20 15 7 24 41 26 36 18 45 11 32 23 4 36 36 52 21 58 28 48 36 20 51 31 21 41 6 27 20 3 31 15 54 26 45 32 19 48 27 11 10 13 18 14 29 50 40 22 53 24 10 18 26 28 17 44 3 32 19 
30 28 41 44 49 44 43 41 56 23 39 38 24 43 9 23 33 45 30 41 19 49 16 37 27 9 41 17 24 36 22 31 17 40 7 27 19 7 31 39 48 37 43 30 54 18 38 33 15 42 59 45 54 33 64 29 50 42 23 54 55 68 40 76 43 64 54 36 68 50 33 60 25 45 39 20 49 34 71 39 60 49 32 64 46 12 29 27 13 34 46 67 59 40 71 36 24 10 39 45 28 60 18 49 32 
32 39 42 36 30 40 24 50 38 29 22 33 36 24 22 19 11 14 15 10 28 20 15 6 8 21 9 26 15 6 21 0 36 14 25 4 16 31 64 23 21 27 15 36 29 16 11 19 24 15 29 24 23 27 36 5 19 18 12 23 27 37 18 46 12 33 24 5 36 20 33 34 11 16 19 18 20 13 40 10 29 18 4 32 26 27 12 26 34 13 15 36 30 11 40 9 7 25 10 14 6 28 14 18 3 
18 27 23 13 10 19 4 33 17 20 1 13 26 4 30 15 11 24 10 26 23 20 31 26 16 32 25 23 15 19 17 23 33 13 36 25 21 39 23 25 16 6 16 23 17 21 15 6 24 15 28 7 27 10 29 18 25 10 17 26 22 43 6 45 28 41 26 23 43 21 16 24 16 19 4 18 20 9 42 31 41 26 27 42 7 28 12 14 33 9 23 39 26 17 42 32 23 39 31 25 29 40 23 26 27 
34 43 39 28 13 34 12 49 20 35 15 29 42 13 39 27 15 11 20 17 37 4 35 20 21 40 17 36 24 15 29 21 47 8 43 25 29 48 21 16 57 22 6 39 8 30 10 19 36 6 12 11 11 27 15 20 10 6 25 10 7 27 10 29 18 25 10 17 26 5 33 12 23 6 12 29 4 14 26 24 25 12 24 26 12 40 19 30 46 15 10 23 10 10 25 27 26 45 23 13 28 25 30 11 24 
12 22 17 9 14 13 10 27 19 16 7 7 21 10 29 14 15 29 11 31 20 26 32 31 19 31 30 20 15 24 15 27 28 19 35 28 20 37 27 6 22 14 22 17 22 21 20 7 22 21 34 12 33 5 35 21 31 16 18 32 28 49 12 51 33 47 32 27 49 27 10 29 18 25 10 17 26 14 48 36 47 32 31 48 12 25 14 10 29 13 29 45 32 22 48 36 25 38 35 30 32 46 24 32 31 
32 41 39 29 17 35 13 49 25 32 14 29 39 14 33 23 10 7 16 11 33 6 29 14 15 34 11 32 20 8 25 15 43 3 38 19 24 43 15 16 6 22 54 37 14 25 4 16 31 0 16 13 12 25 21 14 9 6 19 12 12 28 9 33 13 25 12 11 28 7 31 19 18 3 11 24 6 10 29 18 25 10 17 26 15 35 14 27 42 11 7 25 15 3 29 21 20 39 18 9 21 24 24 10 17 
4 5 11 18 31 16 28 13 35 8 24 13 6 27 25 17 28 44 22 44 11 43 33 42 27 29 43 13 20 36 15 37 15 34 32 36 22 30 36 23 39 17 37 21 40 22 34 20 17 36 51 30 49 12 52 30 46 32 24 49 46 66 28 68 46 63 49 39 65 43 7 47 25 40 26 19 43 27 65 47 62 47 40 64 29 18 25 10 17 26 44 62 49 36 65 45 31 35 46 45 39 61 26 47 40 
35 45 38 26 9 32 12 48 13 37 16 28 44 12 44 31 21 19 24 25 40 11 42 28 27 46 25 40 29 22 33 29 50 15 50 33 35 54 29 17 8 22 14 40 59 35 18 22 40 14 14 10 16 27 12 27 16 11 30 15 8 30 14 28 26 29 15 25 29 12 33 7 29 14 15 34 11 20 27 32 31 19 32 31 10 44 24 32 50 20 18 25 10 17 26 35 33 51 32 21 35 31 36 19 31 
19 23 31 29 31 31 25 36 39 13 21 24 19 25 8 6 15 29 11 26 12 32 11 23 10 11 26 10 6 19 7 17 20 22 15 15 0 18 16 21 30 21 25 22 35 36 21 15 7 25 42 27 37 18 46 12 33 24 5 37 37 52 21 59 28 48 37 21 52 32 21 42 7 28 21 3 32 15 54 27 45 33 20 48 28 10 11 13 17 15 29 50 41 23 54 25 10 17 26 29 18 45 4 33 19 
30 38 38 29 19 34 14 47 27 28 13 27 36 14 29 19 6 9 12 10 30 11 25 11 11 29 10 28 16 4 22 11 39 3 33 15 20 38 11 15 10 20 4 34 18 21 50 14 27 4 21 14 16 23 26 9 12 7 15 16 17 32 9 38 13 28 16 8 31 11 29 23 14 7 10 20 11 7 33 16 27 13 14 29 16 31 10 24 38 8 9 29 20 2 33 18 15 34 16 10 17 26 20 12 14 
15 24 23 16 16 21 10 32 23 16 5 13 23 10 24 9 8 24 4 24 18 22 25 23 11 26 24 18 9 17 11 20 28 13 30 21 15 33 19 6 19 7 16 20 22 15 14 21 19 16 31 12 29 9 33 14 26 12 12 28 26 45 8 48 27 42 28 20 45 23 15 29 11 20 7 12 22 7 45 29 41 27 24 43 13 22 7 10 28 6 23 42 29 16 45 29 18 33 28 25 25 41 17 26 23 
16 17 28 29 35 30 29 31 41 9 24 24 13 29 7 9 21 36 16 33 6 38 16 30 17 11 33 3 11 27 7 24 12 29 14 22 7 15 24 24 36 22 31 17 40 7 27 19 35 31 48 31 44 18 52 19 40 29 12 43 43 59 26 65 36 55 44 28 59 38 19 47 13 34 25 7 38 21 61 34 53 40 27 56 32 3 17 12 10 21 36 57 47 29 61 32 17 18 33 36 25 52 10 39 26 
32 40 39 29 17 34 13 48 25 31 14 28 39 13 33 22 10 8 15 12 33 7 29 14 15 34 11 32 19 8 25 15 42 2 37 19 24 42 15 15 6 21 0 36 14 25 4 16 31 53 16 12 12 25 21 14 9 5 19 12 12 29 9 34 13 26 12 11 28 7 31 19 18 3 11 24 7 10 30 18 25 11 17 27 15 35 14 26 42 10 7 26 16 3 29 21 19 38 18 9 21 25 24 10 17 
47 56 51 39 23 45 24 61 27 47 27 41 54 24 50 39 27 15 32 21 50 9 45 26 32 50 21 49 36 23 42 29 59 19 54 34 41 59 29 28 12 34 16 51 14 42 21 31 48 16 32 22 6 39 8 30 10 19 36 6 6 16 23 17 21 15 6 24 15 9 45 11 35 14 25 41 9 26 13 28 19 12 31 17 23 52 31 42 58 27 14 11 3 19 13 32 36 55 28 16 35 18 41 12 31 
25 34 28 17 5 23 2 39 13 27 6 18 34 2 36 21 14 21 15 24 30 15 35 26 20 37 24 30 20 19 23 25 40 11 41 27 26 45 24 7 11 12 13 30 10 27 14 12 31 12 22 12 22 17 22 21 20 7 22 21 16 38 6 38 26 36 21 23 37 16 23 17 21 15 6 24 15 12 36 31 36 22 28 37 2 35 16 21 40 12 20 33 19 15 35 33 26 44 30 22 31 36 28 22 28 
44 53 50 39 24 45 23 60 29 44 25 40 51 24 45 35 23 9 28 15 46 6 39 19 27 45 15 45 32 18 38 23 55 15 48 28 36 54 23 27 11 33 12 49 16 37 16 29 44 12 6 22 32 37 14 25 4 16 31 0 8 16 20 22 15 14 0 18 16 6 43 15 30 9 22 37 6 23 17 21 15 6 24 15 23 48 27 39 54 23 8 13 8 14 16 25 30 49 21 10 29 14 36 6 24 
7 17 14 11 19 13 15 23 24 11 11 6 16 15 25 11 17 33 12 33 15 30 30 32 19 28 33 16 13 26 11 28 23 22 32 28 18 33 27 10 27 5 25 12 27 18 23 9 18 25 39 17 37 46 40 22 34 20 17 36 33 53 16 56 36 51 37 29 53 31 6 34 17 28 14 14 30 16 53 37 50 36 32 52 17 21 15 6 24 15 32 50 36 25 52 37 25 35 37 34 32 50 22 35 31 
47 57 50 38 21 44 24 61 23 49 28 40 56 25 54 42 31 22 35 29 52 15 51 33 36 55 29 52 40 29 44 35 62 23 59 40 45 64 36 29 15 35 21 52 12 46 26 33 52 21 8 22 14 40 34 35 18 22 40 14 9 21 25 16 29 22 13 31 21 15 45 6 39 19 26 45 15 30 16 35 26 20 37 24 23 55 34 44 61 30 21 15 6 24 15 39 41 60 35 24 42 26 46 20 37 
26 33 36 31 26 35 20 44 34 23 17 27 30 20 19 13 6 17 10 14 23 20 15 11 3 19 13 21 10 7 16 6 32 12 23 7 11 29 5 18 20 21 14 30 27 12 9 14 19 14 30 21 25 22 35 43 21 15 7 25 26 40 14 47 16 36 25 9 39 21 27 32 6 16 15 13 20 8 42 16 33 21 10 36 22 23 6 20 30 8 17 38 30 11 42 15 6 24 15 17 11 32 10 20 9 
41 50 48 38 23 43 21 58 30 41 23 38 48 22 41 31 19 4 25 11 42 5 35 15 23 40 11 41 28 13 34 19 52 12 44 23 32 50 19 25 10 31 9 46 16 33 12 26 40 9 10 20 4 34 18 21 30 14 27 4 10 19 18 26 11 16 4 14 19 5 40 18 26 6 20 33 5 19 21 17 16 2 20 17 22 44 23 36 50 20 4 17 12 10 21 21 26 44 17 6 24 15 32 2 20 
27 37 34 23 12 29 7 43 20 28 9 23 35 8 33 20 9 13 13 17 30 10 30 19 15 34 16 30 18 12 22 18 40 4 38 21 23 42 18 10 6 16 6 32 11 24 7 12 29 5 19 7 16 20 22 15 14 12 19 16 13 33 4 36 19 30 16 15 32 10 26 18 17 8 6 22 10 8 33 23 30 16 21 32 9 33 12 23 39 8 13 29 17 8 32 25 21 39 23 15 24 30 24 15 21 
20 26 31 28 27 31 21 38 35 16 17 23 23 21 14 6 9 24 7 21 16 26 13 18 4 15 20 14 3 14 9 13 24 17 19 11 4 23 12 17 25 18 19 24 30 5 15 12 12 19 36 22 31 17 40 7 27 19 49 31 32 47 16 53 23 43 31 16 46 26 21 37 1 22 16 6 26 10 49 23 40 27 16 43 24 16 6 14 23 10 24 45 35 17 48 21 7 21 22 24 15 40 6 27 15 
44 53 50 39 23 45 23 60 29 44 25 39 51 23 44 35 22 9 28 15 45 6 39 19 26 45 15 44 32 17 37 23 55 15 48 27 36 54 23 26 10 32 12 49 15 37 16 28 43 12 6 21 0 36 14 25 4 16 31 31 7 16 20 22 15 14 0 18 16 5 43 15 30 9 22 36 6 22 17 21 15 6 24 16 23 47 26 39 54 23 8 13 8 14 17 25 30 49 21 10 29 15 36 6 24 
41 50 45 33 17 39 18 55 22 42 21 35 49 18 46 34 22 14 27 20 44 6 42 24 27 46 20 43 31 20 36 26 54 14 50 31 36 55 27 22 7 28 12 46 8 37 17 26 43 12 6 16 8 33 9 26 10 13 32 7 45 22 17 22 21 20 7 22 21 6 39 8 30 10 19 36 6 21 19 27 23 12 29 22 17 47 26 36 53 22 13 17 3 15 19 31 32 51 27 15 33 22 37 12 29 
61 70 66 55 39 61 39 77 43 61 42 56 68 40 59 51 39 23 45 27 62 23 52 31 42 59 27 61 48 32 54 36 71 31 62 41 52 68 37 43 27 49 28 66 30 52 32 45 59 29 16 38 16 53 21 40 19 33 47 16 22 13 37 14 25 4 16 31 0 22 60 26 45 25 39 52 23 39 8 30 10 19 36 6 39 63 42 56 70 39 23 6 19 30 8 35 44 61 30 23 40 10 51 19 36 
23 33 30 20 11 25 5 39 19 24 5 19 31 5 30 17 8 17 10 19 27 14 29 20 14 32 19 26 15 13 19 19 36 6 36 21 21 40 18 6 10 12 9 28 14 21 9 8 26 9 23 6 20 16 25 14 18 4 16 20 17 37 78 40 22 34 20 17 36 14 22 20 15 12 2 19 14 6 37 25 34 20 22 36 8 30 10 19 36 6 16 33 21 10 36 27 20 38 25 18 25 34 22 19 22 
63 73 67 54 38 60 40 77 39 65 44 57 71 41 67 56 44 31 49 36 67 27 61 41 49 67 37 66 54 40 59 45 76 36 71 50 58 76 46 45 29 51 33 68 28 59 38 48 65 34 17 38 22 56 16 47 26 36 53 22 22 14 40 16 35 18 22 40 14 26 61 22 52 31 42 58 27 44 6 41 24 27 46 20 39 69 48 59 76 44 30 10 19 36 6 46 52 71 42 32 50 24 58 27 46 
42 49 50 42 31 47 27 59 38 39 26 40 46 27 34 29 18 6 24 2 39 15 27 6 19 33 3 38 26 10 32 11 48 15 36 15 28 43 12 28 18 33 13 46 26 28 13 27 36 13 21 26 15 36 29 16 11 19 23 15 21 25 22 35 61 21 15 7 25 14 41 29 22 12 23 29 15 19 29 6 17 9 11 20 28 39 21 36 46 20 8 25 23 11 29 10 19 36 6 5 15 16 26 9 11 
58 67 64 53 38 59 37 74 42 57 39 54 64 38 55 48 35 19 41 23 58 20 48 27 38 54 23 57 44 28 50 32 68 28 58 36 48 64 33 41 25 47 25 63 29 48 28 42 55 26 15 36 14 51 22 36 16 30 43 14 20 4 34 18 21 21 14 27 4 20 57 26 42 22 36 49 20 36 11 26 6 15 32 2 37 59 39 53 66 36 19 8 19 26 11 30 40 57 26 19 36 6 47 16 32 
44 53 50 39 23 45 23 60 29 44 25 39 51 23 45 35 23 9 28 15 46 6 39 20 27 45 15 45 32 18 38 23 55 15 48 28 36 54 24 26 10 32 12 49 15 37 16 28 44 12 6 21 0 37 13 25 4 16 31 0 7 16 20 22 15 14 38 19 16 5 43 15 30 9 22 37 6 23 17 22 16 6 25 16 23 47 26 39 54 23 8 13 8 14 17 26 30 49 22 10 29 15 36 6 25 
35 42 44 37 28 41 23 52 36 32 21 34 39 23 27 22 12 9 17 4 32 16 21 3 12 27 4 30 19 3 25 5 41 11 30 9 20 36 5 23 17 27 11 39 25 21 8 20 28 11 24 23 18 29 31 9 14 15 16 18 22 31 17 40 7 27 19 73 31 16 35 30 15 12 19 22 16 13 35 8 24 13 6 27 25 32 14 29 39 14 10 31 25 8 35 9 12 30 7 8 10 23 19 13 6 
60 69 66 55 39 61 39 76 43 60 41 56 67 39 59 51 38 22 44 26 61 22 52 31 42 58 27 60 48 32 53 36 71 31 61 40 51 68 36 43 26 49 28 65 29 52 31 45 59 28 15 37 16 53 21 39 19 32 46 16 21 0 36 14 25 4 16 31 13 22 59 26 45 25 38 52 22 39 7 30 10 18 36 6 39 62 42 55 69 39 22 5 19 29 8 34 43 61 30 22 40 10 50 19 36 
38 47 44 33 19 39 17 54 25 38 19 34 46 18 40 30 17 7 23 14 40 0 36 18 22 41 14 39 27 14 32 20 50 10 44 25 31 50 20 21 5 27 7 43 12 32 11 23 38 7 9 16 6 31 15 21 5 10 26 5 6 22 14 26 14 20 5 16 22 44 37 14 25 4 16 31 0 17 22 21 20 7 22 21 17 42 21 33 49 18 6 19 9 9 22 24 26 45 20 9 26 20 31 7 22 
3 12 10 12 24 11 21 17 28 9 17 6 12 20 26 15 23 39 17 39 14 36 32 38 24 30 38 15 17 31 13 33 20 28 33 33 21 33 33 16 33 10 31 7 33 21 29 15 19 31 45 23 43 6 45 27 40 26 21 43 39 60 22 61 41 57 43 35 59 37 35 40 22 34 20 17 36 22 59 43 56 42 37 58 22 21 20 7 22 21 38 56 42 31 58 42 29 37 42 40 37 56 25 41 36 
42 52 44 32 15 38 19 55 17 44 23 35 51 19 51 38 27 22 31 28 47 14 48 32 33 52 28 47 36 27 40 34 57 20 56 38 41 60 34 24 12 29 19 47 7 42 23 29 47 19 11 17 15 34 6 32 18 18 37 15 8 26 20 22 29 26 15 30 26 14 40 45 35 18 22 40 14 26 22 35 30 20 36 28 17 51 31 39 57 26 21 20 7 22 21 38 38 57 35 23 40 29 42 20 36 
21 27 32 27 26 31 20 38 34 17 16 23 24 20 15 7 8 22 6 20 17 25 14 17 3 16 19 15 4 13 10 12 26 15 20 11 6 25 11 16 23 18 18 25 29 7 14 11 13 18 35 21 30 17 39 6 26 17 1 30 30 45 15 52 22 42 30 15 45 25 22 35 42 21 15 7 25 9 47 22 39 26 15 42 23 17 5 15 24 9 22 43 34 15 47 20 7 22 21 22 15 38 7 26 14 
35 44 42 32 19 38 16 52 26 35 17 32 42 16 36 26 13 5 19 10 36 4 31 14 18 36 10 35 23 9 28 16 46 6 40 20 27 45 16 19 6 25 3 40 14 28 7 20 34 3 14 15 9 28 19 16 6 8 22 9 10 25 12 31 12 22 9 12 25 4 34 18 21 41 14 27 4 13 26 17 22 7 18 23 17 38 17 30 45 14 4 22 13 5 26 21 22 41 17 7 22 21 27 7 18 
22 31 28 18 11 23 4 37 18 23 3 17 29 4 30 16 8 19 9 21 25 16 29 22 14 31 21 25 14 15 18 20 35 8 35 22 20 39 19 4 12 10 11 26 15 21 10 7 25 11 25 6 22 14 26 15 20 6 16 22 19 39 2 42 23 36 22 19 38 16 20 22 15 14 14 19 16 6 38 27 36 22 23 38 7 29 10 17 35 6 18 35 22 12 38 28 21 38 27 20 26 36 22 21 23 
16 20 27 26 29 28 22 32 36 10 18 21 17 22 11 3 14 29 9 27 10 31 15 24 10 14 26 8 4 20 3 19 19 21 18 17 3 20 18 18 29 17 24 19 34 3 20 12 7 24 41 24 37 14 45 13 33 22 6 36 36 52 19 58 29 49 37 22 52 31 17 40 7 27 19 45 31 14 54 29 46 33 22 49 25 10 10 10 17 14 29 50 40 22 54 27 12 21 28 30 20 46 7 33 21 
38 47 44 33 18 39 17 54 25 38 19 33 45 17 40 29 17 8 22 14 40 0 35 18 22 40 14 39 26 14 32 20 49 9 44 24 31 49 20 20 4 26 6 43 11 32 11 22 38 7 9 15 6 30 15 20 5 10 26 6 6 23 14 27 15 20 6 16 22 0 36 14 25 4 16 31 43 17 23 21 21 7 22 22 17 42 21 33 49 17 6 19 9 9 22 24 26 45 21 9 26 20 31 7 22 
22 30 30 23 17 27 11 39 25 21 8 20 28 11 24 12 1 17 5 17 23 17 23 17 7 25 16 22 9 10 15 13 32 7 29 15 15 34 13 9 14 14 10 27 20 15 7 7 21 10 26 12 23 16 30 8 19 8 10 22 21 39 6 44 19 36 23 13 39 17 22 26 9 13 6 14 17 74 40 22 34 20 17 36 14 25 4 16 31 0 16 36 25 9 39 22 14 31 21 18 19 34 16 20 17 
60 70 65 53 36 59 38 75 39 61 41 55 68 38 62 52 40 25 45 31 63 23 56 35 44 62 31 62 50 35 55 40 73 32 65 44 54 71 40 42 26 48 29 65 27 54 33 45 61 30 13 36 17 53 16 42 21 33 49 17 19 8 37 6 29 11 17 35 7 22 59 22 47 26 38 54 23 40 28 35 18 22 40 14 37 65 44 56 72 40 25 4 16 31 0 40 47 66 36 26 45 18 53 22 41 
42 49 52 45 35 50 31 60 43 39 30 42 46 31 31 29 20 13 25 6 39 21 23 5 19 30 7 37 26 12 32 10 47 19 32 12 26 39 10 31 24 36 18 47 32 27 16 29 34 18 28 31 21 37 35 16 17 23 23 21 27 30 25 41 6 26 22 8 30 21 43 35 22 17 27 29 21 22 35 50 21 15 7 25 33 37 22 36 44 22 14 31 29 15 35 4 16 31 0 11 10 20 24 15 7 
57 65 64 54 39 60 38 74 45 55 39 54 63 38 52 46 34 17 40 19 56 21 44 23 36 50 19 55 42 26 48 28 65 28 53 32 45 60 29 41 25 47 25 62 31 45 27 41 53 25 19 36 15 50 26 33 16 30 40 15 23 10 34 24 17 6 16 24 10 20 56 30 39 22 36 46 21 34 18 21 8 14 27 4 38 56 37 51 63 35 18 14 22 25 18 25 36 53 21 16 31 0 43 15 28 
42 51 50 39 26 45 23 59 32 42 25 39 49 24 40 32 20 3 26 9 43 7 34 13 23 40 9 41 29 13 35 18 52 13 43 22 32 49 18 26 12 32 10 47 19 33 13 27 40 11 12 22 6 36 20 21 2 16 27 6 12 19 20 27 9 15 6 13 18 7 42 20 26 7 22 33 7 20 22 15 14 33 19 16 24 44 23 37 51 21 3 17 14 11 21 19 25 43 15 4 23 14 31 0 19 
36 42 46 40 33 45 28 54 41 32 26 37 39 28 24 23 15 15 20 9 32 22 16 5 13 23 9 30 19 9 25 3 39 17 25 5 19 32 4 27 24 31 17 40 32 20 14 24 27 17 31 28 24 32 37 10 20 21 16 24 29 36 22 46 11 32 25 6 36 22 37 36 15 18 23 22 22 17 40 7 27 19 63 31 30 30 16 30 37 18 16 36 31 14 40 5 9 25 6 14 4 27 16 18 0 
59 67 66 55 40 61 39 75 45 58 41 55 65 39 55 48 36 19 42 22 59 22 47 26 38 54 23 57 45 29 51 32 68 29 57 36 48 64 32 42 26 48 26 64 31 48 29 43 56 27 17 37 15 52 24 36 17 32 43 16 22 6 36 20 20 2 16 27 6 21 58 28 42 23 38 49 22 36 14 25 4 16 31 1 39 59 40 53 66 37 20 10 21 27 14 29 39 56 25 19 35 4 46 16 31 
24 34 27 16 3 22 3 38 11 27 7 17 33 3 37 22 16 23 16 26 31 17 37 28 21 39 26 31 21 21 24 27 40 13 43 29 27 46 26 7 12 12 15 29 10 28 16 13 32 15 23 2 23 17 23 22 22 9 24 23 17 39 8 39 28 37 23 25 39 17 22 17 23 17 7 25 17 14 37 33 38 24 30 39 80 35 18 22 40 14 22 34 20 17 36 35 28 45 32 24 33 38 30 24 30 
18 17 29 32 39 32 33 31 45 11 28 26 13 32 7 13 25 40 20 37 6 42 17 33 20 11 36 5 15 30 11 27 10 32 13 25 11 12 27 28 40 25 35 18 44 10 31 22 3 35 52 35 48 21 55 23 44 33 16 47 47 63 30 69 39 59 47 32 62 42 21 51 17 38 29 10 42 25 65 37 56 44 30 59 35 44 21 15 7 25 40 61 50 33 64 34 20 17 36 40 27 56 13 43 29 
20 28 30 24 21 28 15 38 29 18 11 20 25 15 20 8 3 20 3 19 19 21 19 17 4 21 18 18 5 11 11 12 28 11 25 13 10 29 12 12 19 14 14 25 24 11 10 7 17 14 31 16 27 15 34 6 23 12 6 26 26 42 10 48 21 39 26 14 42 21 20 31 5 17 10 10 21 4 44 22 37 23 16 40 18 21 69 14 27 4 19 40 29 12 43 22 11 27 21 20 17 36 12 23 16 
6 14 17 17 24 18 19 23 30 5 15 11 12 19 20 7 17 34 11 33 9 33 25 31 17 23 33 10 10 26 6 26 18 24 27 26 13 27 26 14 30 10 27 10 32 13 24 10 12 26 42 21 39 6 44 20 36 23 14 39 36 56 19 59 36 53 39 29 55 33 7 39 15 30 17 10 33 16 56 36 51 37 30 53 22 15 14 41 19 16 33 52 40 26 55 35 22 30 36 34 29 51 17 36 29 
19 14 29 34 43 33 38 28 49 13 33 28 11 38 14 19 31 47 26 44 9 49 24 41 27 17 43 9 22 37 16 35 3 39 18 32 18 13 34 33 46 29 42 17 50 17 38 28 10 42 58 40 54 24 61 30 50 39 23 54 53 70 36 76 46 66 54 39 69 49 22 57 24 45 35 17 49 31 72 44 63 51 37 66 40 7 27 19 35 31 47 68 57 40 71 42 27 22 44 47 34 63 20 50 36 
22 30 30 22 17 27 11 39 25 21 8 20 28 11 24 12 2 17 5 17 22 17 23 17 7 25 17 21 9 10 14 14 32 8 29 16 14 34 13 9 15 13 11 26 20 15 8 6 21 10 27 12 23 15 30 8 20 8 10 23 22 39 6 44 20 36 23 14 39 18 21 26 9 14 6 14 17 0 40 22 35 21 18 37 14 25 4 16 31 73 17 36 25 10 40 23 14 31 22 18 19 34 16 20 17 
39 47 46 36 24 42 20 56 31 38 21 36 45 21 37 28 16 1 22 7 39 6 31 11 19 36 7 38 25 9 31 15 48 10 40 19 29 46 15 23 10 29 7 44 18 29 9 23 36 7 14 20 8 32 21 17 4 13 24 8 13 23 16 30 8 19 8 10 22 6 38 21 22 4 18 29 6 16 25 14 18 3 16 20 22 40 19 33 47 17 71 21 15 7 25 18 22 40 14 2 20 17 28 3 16 
57 66 62 50 34 56 35 72 38 57 38 52 65 35 58 48 36 21 42 26 59 19 52 31 40 58 27 58 46 31 51 36 69 28 61 40 50 67 36 39 23 45 25 62 25 50 29 42 57 26 11 33 13 50 15 38 17 29 45 13 17 6 33 10 25 8 13 31 5 19 56 20 43 22 35 50 19 36 4 31 14 17 36 10 34 61 40 52 68 36 21 36 14 27 4 35 43 61 31 22 40 14 49 18 36 
44 53 48 36 20 42 21 58 23 45 25 38 52 22 49 37 26 16 30 23 48 9 45 27 31 50 23 47 35 23 40 29 57 18 53 34 40 59 30 26 10 32 15 49 10 41 20 29 47 16 3 19 8 36 6 30 12 17 35 8 3 19 21 19 23 19 8 25 19 9 42 7 34 13 22 40 9 25 16 29 22 14 31 21 20 50 29 40 57 25 15 14 44 19 16 33 35 54 29 18 36 22 40 14 31 
32 40 39 30 20 36 15 49 28 30 15 29 38 16 30 21 9 7 15 9 32 9 26 10 12 31 8 30 18 5 24 11 41 3 34 15 22 40 11 17 10 22 3 36 17 23 2 16 29 3 19 15 14 25 24 11 10 8 17 14 15 30 10 36 11 26 14 8 29 9 31 22 15 5 12 22 9 9 31 15 25 11 14 27 17 33 12 26 40 10 7 27 19 81 31 17 16 35 15 8 18 24 22 10 14 
60 69 64 52 36 58 37 75 39 61 41 54 68 38 62 52 40 25 45 30 63 22 56 35 44 62 31 62 49 35 55 40 72 32 65 44 53 71 40 42 25 48 29 65 26 54 33 45 61 29 13 35 16 52 15 42 21 32 48 17 19 8 36 6 29 11 17 35 8 22 58 21 47 26 38 54 22 39 0 35 18 21 40 14 36 64 43 55 71 40 25 4 16 31 28 40 47 65 35 26 45 18 53 22 40 
42 48 52 46 38 50 32 59 45 38 31 43 44 33 28 28 21 17 25 10 37 24 19 6 18 26 10 35 25 13 30 9 44 21 28 10 24 36 9 32 27 36 21 45 35 25 18 29 32 21 32 33 25 37 39 15 21 25 21 25 31 35 27 46 10 30 26 9 34 24 42 38 20 21 28 27 24 22 40 4 25 19 5 29 35 34 22 35 42 23 18 35 33 17 40 42 14 27 4 15 7 25 21 19 5 
28 33 39 35 32 38 25 45 40 23 22 31 30 25 15 14 12 21 14 17 22 26 9 13 6 14 16 20 11 12 16 7 30 18 18 4 10 24 7 23 26 25 20 31 33 10 15 18 17 19 36 26 30 25 41 6 26 21 7 30 32 44 20 52 19 40 30 12 43 26 29 38 7 22 21 12 26 14 47 16 36 25 9 39 28 20 11 22 27 14 22 43 35 16 47 14 31 19 16 21 7 36 7 25 9 
34 35 46 47 49 48 42 48 56 28 38 41 31 42 10 24 30 40 29 34 24 45 9 30 24 6 34 22 24 31 24 25 25 37 3 21 18 10 25 39 45 38 39 35 51 17 34 33 18 38 55 44 49 35 60 24 44 39 21 49 51 61 38 71 36 57 49 30 61 45 37 57 22 41 38 21 45 31 66 31 53 43 25 56 45 17 27 30 22 31 40 61 54 35 65 27 19 14 31 39 21 52 15 43 25 
42 49 52 44 35 49 30 59 43 39 29 42 46 31 31 29 20 13 25 6 38 21 22 4 18 29 6 36 25 11 31 9 46 19 32 12 26 39 10 31 23 35 18 46 32 26 16 28 33 18 28 30 21 37 35 15 17 23 22 21 27 30 25 42 6 26 22 7 30 20 42 35 21 17 27 28 21 21 36 0 21 15 6 25 32 36 21 36 44 22 14 31 29 15 35 4 16 31 50 11 10 21 23 15 7 
40 48 48 39 26 44 23 57 33 39 23 38 46 23 36 29 17 1 23 5 39 9 30 9 19 36 5 38 25 9 31 13 49 11 39 18 28 45 14 25 13 30 9 45 21 29 10 25 36 9 16 22 10 34 24 17 6 15 24 10 15 23 18 32 5 19 10 8 22 9 40 23 22 7 20 30 9 18 26 11 16 4 14 19 24 40 20 34 47 18 2 22 18 8 26 15 21 39 11 29 19 16 27 4 14 
36 41 47 42 36 45 30 53 44 31 28 38 38 30 21 22 17 20 20 14 30 26 12 9 13 19 13 28 19 13 24 6 37 20 21 3 17 28 6 29 28 32 21 39 35 18 17 25 25 21 35 31 29 32 42 11 24 24 15 29 33 40 25 50 15 36 29 10 40 26 37 40 15 22 26 20 26 19 45 10 31 23 4 35 33 27 17 29 34 19 20 40 36 18 45 7 7 21 10 19 55 31 14 23 4 
56 65 64 53 39 59 37 73 44 55 39 53 62 38 51 45 33 17 39 19 56 20 43 22 35 50 19 54 42 25 48 28 65 27 53 32 44 60 28 40 25 46 24 61 31 45 26 41 52 25 18 36 14 50 26 32 15 30 40 15 22 10 34 24 16 6 15 23 10 20 56 29 38 21 36 46 20 34 18 20 0 14 27 4 38 56 36 51 63 34 17 14 22 24 18 25 36 52 21 16 31 8 43 14 27 
23 27 35 33 33 35 27 40 41 17 23 28 23 27 8 10 15 27 13 24 15 31 8 20 9 9 23 13 8 18 11 14 23 22 13 11 3 18 14 23 30 24 24 26 36 4 20 17 10 24 41 28 36 22 46 10 32 24 6 36 37 51 22 58 26 47 36 19 50 31 25 42 7 27 22 7 31 16 53 24 43 31 16 46 30 13 12 17 20 16 28 49 40 22 53 21 7 15 23 27 14 43 38 31 16 
42 51 49 39 25 45 23 59 32 41 24 39 48 23 40 32 19 3 25 9 42 7 34 13 22 40 9 41 28 13 34 18 52 13 43 22 32 49 18 26 11 32 10 47 19 33 12 26 39 10 12 22 6 35 20 20 2 15 27 6 12 19 19 27 9 16 6 13 19 7 41 20 26 7 21 33 7 20 22 15 15 0 18 16 24 43 23 36 50 20 3 18 14 10 22 19 25 43 15 4 23 14 31 32 19 
36 42 46 40 33 44 27 53 41 32 25 37 39 28 24 22 15 15 19 9 31 22 15 5 12 22 9 29 19 9 24 3 39 17 25 4 19 32 3 27 24 31 17 40 31 19 14 23 26 17 31 28 24 31 37 9 20 21 15 24 29 36 22 46 11 32 25 6 36 22 36 36 14 18 23 21 22 17 41 7 28 19 0 31 30 29 16 29 36 17 16 36 31 14 40 5 9 25 7 14 4 27 16 19 63 
