105 15
36 16 32 15 32 22 26 12 6 30 21 30 19 14 20 40 31 26 38 29 26 18 26 34 45 32 13 51 24 42 43 42 32 15 42 42 51 40 27 41 57 63 61 52 35 58 62 71 60 45 16 46 27 34 33 20 39 51 38 19 43 52 36 19 55 45 51 44 38 50 48 35 45 56 67 54 36 41 23 52 50 59 48 37 23 38 45 55 43 25 20 30 41 28 8 47 54 45 37 64 52 35 62 44 33 
16 41 19 31 17 22 10 12 23 14 15 27 14 6 18 34 43 10 40 20 29 31 13 33 45 32 14 40 31 26 38 29 26 18 26 34 45 32 13 42 42 56 48 45 31 44 53 64 51 33 14 52 28 43 47 18 44 55 44 29 32 36 22 4 38 32 40 30 21 43 47 40 35 53 65 52 32 31 17 36 40 50 38 22 30 25 41 53 40 20 8 32 44 31 17 34 43 32 21 60 47 27 58 38 25 
32 19 81 42 28 18 14 20 38 23 12 16 13 26 15 18 47 10 31 6 25 38 6 23 33 23 20 20 30 18 22 11 11 21 15 15 27 14 6 31 26 38 29 26 18 26 34 45 32 13 16 47 22 41 53 17 38 47 39 33 12 25 6 15 32 14 20 12 20 24 33 35 15 37 49 36 18 12 12 24 20 31 18 7 30 6 26 37 25 11 12 26 34 27 26 15 23 13 16 43 30 10 41 22 10 
15 31 42 62 48 27 41 22 12 46 30 35 29 30 27 45 18 39 36 37 25 8 39 35 44 33 22 59 20 56 46 54 39 21 55 48 54 46 39 40 68 66 69 57 39 69 67 74 65 53 26 38 29 26 18 26 34 45 32 13 52 66 48 33 69 56 59 55 53 56 47 30 53 57 66 55 40 49 31 65 58 64 56 49 20 48 47 56 45 33 32 29 38 27 16 57 61 55 51 65 55 42 63 48 40 
32 17 28 48 52 38 14 29 37 4 30 41 30 18 34 46 61 18 56 32 46 49 22 48 59 47 31 45 48 20 50 31 38 35 24 43 55 42 23 56 40 66 51 54 45 44 61 72 59 39 31 69 44 60 64 35 61 71 61 47 38 29 26 18 26 34 45 32 13 51 60 57 42 65 77 64 45 39 32 31 47 58 45 25 47 30 53 65 52 34 22 49 59 48 34 38 49 36 17 71 58 38 69 50 37 
22 22 18 27 38 76 25 12 27 34 8 8 8 27 4 18 28 21 18 12 7 21 18 12 23 10 9 32 12 36 20 29 12 7 34 21 28 19 18 20 43 40 42 30 12 43 40 48 38 27 8 31 6 23 34 3 23 33 22 15 26 44 25 20 50 31 32 30 35 29 26 18 26 34 45 32 13 22 7 42 31 37 29 26 12 24 22 33 20 7 16 10 21 10 14 31 34 29 32 42 30 15 40 21 13 
26 10 14 41 14 25 58 19 33 9 17 27 16 16 20 31 50 3 42 18 32 39 8 34 45 33 20 33 36 15 35 20 24 24 16 30 41 28 8 42 33 52 40 40 30 35 48 59 46 26 18 56 31 48 55 21 48 58 47 36 25 26 14 7 28 23 33 21 12 38 46 43 29 51 63 50 30 26 18 26 34 45 32 13 35 17 39 51 38 20 9 35 45 35 25 26 37 24 11 57 44 24 55 36 23 
12 12 20 22 29 12 19 52 18 26 9 19 7 15 9 28 31 16 29 17 18 20 16 24 35 22 2 39 19 33 31 31 20 6 32 30 39 28 16 32 46 51 49 40 24 47 50 59 48 33 4 40 18 31 36 8 33 44 32 17 31 43 26 11 47 34 39 32 31 38 38 28 33 46 57 44 24 29 10 42 38 46 36 26 18 26 34 45 32 13 9 21 33 20 6 35 41 33 29 53 41 23 51 32 21 
6 23 38 12 37 27 33 18 37 36 28 36 26 19 26 46 29 32 41 35 30 18 33 38 49 36 19 58 26 48 48 49 38 20 49 48 56 46 33 45 64 68 67 58 40 65 68 76 65 51 23 47 32 35 31 25 42 53 40 20 50 59 43 26 61 52 58 50 44 56 52 38 52 61 71 59 41 47 29 59 57 64 55 43 26 44 50 60 48 31 26 34 45 32 13 54 60 52 44 69 57 41 67 49 39 
30 14 23 46 4 34 9 26 36 53 26 37 26 16 30 41 58 13 51 27 42 46 18 44 55 43 28 41 44 17 45 27 34 32 20 39 51 38 18 52 37 61 47 49 40 40 56 68 55 35 27 65 40 56 62 31 57 67 57 43 33 27 21 14 26 30 41 28 11 47 56 53 38 61 72 59 40 35 28 29 42 54 41 21 44 26 49 61 48 29 18 45 55 44 31 34 45 32 13 66 53 34 65 45 32 
21 15 12 30 30 8 17 9 28 26 68 11 2 21 4 19 35 13 25 7 15 26 10 18 29 16 8 30 19 28 23 23 11 9 26 20 30 18 10 26 38 42 39 31 16 38 40 50 38 23 5 39 14 31 41 5 31 41 30 21 22 37 18 12 42 26 30 24 27 29 31 26 24 38 49 36 16 19 1 35 29 37 27 19 19 18 26 37 24 4 8 18 29 18 15 26 32 24 24 45 32 13 43 23 11 
30 27 16 35 41 8 27 19 36 37 11 90 13 33 10 10 33 23 15 10 10 28 19 7 18 6 17 25 17 34 12 25 6 15 31 13 20 12 19 15 38 32 35 22 4 37 32 40 30 20 14 30 7 25 40 10 22 31 22 22 20 41 23 24 49 26 26 26 36 21 19 18 19 26 38 25 5 15 9 39 23 29 22 24 17 20 15 26 13 7 19 10 18 11 22 25 26 24 32 34 21 8 32 13 7 
19 14 13 29 30 8 16 7 26 26 2 13 64 19 4 21 35 13 26 9 16 25 11 19 30 18 6 32 19 29 24 24 13 8 27 22 32 20 11 27 39 44 41 33 17 40 42 52 40 25 3 39 14 31 40 5 31 42 31 20 24 38 19 11 43 27 32 26 27 31 32 27 26 39 51 38 18 21 3 37 31 39 29 20 19 19 27 39 26 6 7 19 29 18 13 28 34 26 25 47 34 15 45 25 13 
14 6 26 30 18 27 16 15 19 16 21 33 19 27 23 41 44 17 44 27 33 31 20 38 50 37 18 47 33 31 44 36 32 21 32 41 51 39 20 47 49 63 55 51 37 51 60 71 58 40 19 56 33 45 47 23 48 60 47 31 39 41 29 11 42 38 47 36 26 49 52 44 42 59 71 58 38 38 23 42 47 57 45 29 33 32 47 59 46 26 14 37 48 36 18 41 50 39 26 66 53 34 65 45 32 
20 18 15 27 34 4 20 9 26 30 4 10 4 23 33 19 31 17 22 10 12 23 14 15 27 14 6 32 15 32 22 26 12 6 30 21 30 19 14 24 41 42 41 31 15 41 41 50 39 25 4 35 10 27 37 1 27 38 27 18 24 41 22 15 46 29 32 27 31 30 29 23 26 37 48 35 15 21 3 39 31 38 29 22 15 21 25 36 23 5 11 15 26 14 13 29 34 27 28 44 32 15 42 23 13 
40 34 18 45 46 18 31 28 46 41 19 10 21 41 19 64 42 28 18 14 20 38 23 12 16 13 26 16 26 34 4 21 8 25 30 5 10 4 23 15 32 22 26 12 6 30 21 30 19 14 23 34 16 33 49 20 26 32 27 32 14 39 22 30 47 22 17 22 37 10 16 24 11 19 31 18 5 9 18 35 14 18 13 23 27 18 8 19 7 15 26 18 20 20 32 19 17 19 33 25 12 7 24 4 8 
31 43 47 18 61 28 50 31 29 58 35 33 35 44 31 42 31 48 27 41 22 12 46 30 35 29 30 59 16 64 42 57 39 26 62 47 49 45 46 32 72 59 69 53 36 71 62 67 60 54 32 22 26 12 6 30 21 30 19 14 53 72 54 43 78 60 59 58 62 52 39 20 53 48 55 46 37 49 35 71 57 59 55 54 16 52 41 47 40 36 41 24 28 22 26 59 59 58 60 56 49 42 54 43 41 
26 10 10 39 18 21 3 16 32 13 13 23 13 17 17 28 48 64 38 14 29 37 4 30 41 30 18 31 33 16 32 18 20 21 16 26 38 25 5 39 32 49 38 37 27 34 45 56 43 24 15 52 27 45 53 18 44 54 44 33 22 26 12 6 30 21 30 19 14 35 42 40 26 47 59 46 27 23 15 26 31 42 29 12 32 15 36 47 34 16 7 32 42 31 23 24 34 22 12 53 40 20 52 32 19 
38 40 31 36 56 18 42 29 41 51 25 15 26 44 22 18 27 38 45 25 12 27 34 8 8 8 27 35 15 49 16 38 20 23 46 23 22 22 34 5 51 32 44 27 13 49 35 40 33 32 26 15 11 15 33 21 8 16 9 22 32 56 37 37 64 40 36 39 51 26 12 6 30 21 30 19 14 27 23 53 32 33 31 38 16 34 15 20 13 22 33 7 3 9 29 38 35 37 47 30 22 22 27 18 22 
29 20 6 37 32 12 18 17 35 27 7 10 9 27 10 14 41 14 25 53 19 33 9 17 27 16 16 22 24 24 18 16 6 16 22 13 24 11 9 25 31 36 32 24 12 31 33 43 31 16 12 40 15 34 47 11 32 41 32 27 14 32 13 16 39 19 22 17 26 22 28 28 16 33 45 32 12 12 6 30 21 30 19 14 24 11 21 33 20 5 12 20 28 20 22 19 24 17 22 40 26 7 38 18 5 
26 29 25 25 46 7 32 18 30 42 15 10 16 33 12 20 22 29 12 19 24 18 26 9 19 7 15 36 6 43 21 35 16 11 41 24 29 22 25 15 49 40 46 32 13 48 41 48 39 31 15 23 3 15 29 11 15 26 15 12 30 51 32 27 58 37 36 36 43 30 22 11 30 31 41 29 14 26 14 49 34 38 32 33 6 30 21 30 19 14 23 4 15 2 17 36 37 35 40 39 29 19 37 22 18 
18 31 38 8 49 21 39 20 18 46 26 28 25 31 23 38 12 37 27 33 18 13 36 28 36 26 19 53 12 54 39 49 33 16 52 42 47 40 36 32 64 58 63 50 32 64 60 66 58 48 22 30 22 18 15 21 26 37 24 6 47 63 45 32 68 52 54 50 51 49 39 22 47 49 58 47 33 43 26 62 52 57 50 45 12 44 40 48 38 28 30 21 30 19 14 52 55 50 49 57 47 36 55 41 34 
26 13 6 39 22 18 8 16 33 18 10 19 11 20 14 23 46 4 34 9 26 36 60 26 37 26 16 27 30 18 27 16 15 19 16 22 33 20 0 34 30 44 35 32 22 32 41 52 39 20 13 49 23 41 51 15 40 50 40 31 19 27 10 8 32 19 27 17 17 30 38 36 22 43 55 42 22 18 11 26 27 38 25 10 30 12 31 43 30 12 6 28 38 28 22 21 30 19 14 49 36 16 47 28 14 
34 33 23 35 48 12 34 24 38 44 18 7 19 38 15 12 30 30 8 17 9 28 26 43 11 2 21 28 15 41 11 30 12 18 38 16 19 15 26 8 43 30 38 22 6 42 32 38 30 25 19 23 6 21 37 15 15 24 16 22 24 48 29 30 55 32 29 31 43 21 14 12 23 22 33 20 6 20 16 45 26 29 25 30 16 26 12 21 10 14 26 6 11 8 25 30 29 29 39 30 19 14 28 13 13 
45 45 33 44 59 23 45 35 49 55 29 18 30 50 27 16 35 41 8 27 19 36 37 11 61 13 33 31 23 50 13 38 21 30 46 21 16 21 36 3 48 24 40 21 14 46 28 32 27 30 31 19 17 23 41 27 14 15 15 30 30 55 38 42 64 38 32 38 53 21 4 14 27 13 22 11 14 26 27 52 29 26 28 39 24 34 10 12 9 25 37 15 6 17 36 35 30 35 49 21 15 22 19 14 23 
32 32 23 33 47 10 33 22 36 43 16 6 18 37 14 13 29 30 8 16 7 26 26 2 13 39 19 30 13 41 13 31 12 16 38 18 21 16 25 9 44 32 40 24 7 43 34 40 32 26 18 23 4 19 35 13 15 24 15 20 25 48 29 29 56 33 30 32 42 23 15 11 24 24 35 22 8 21 15 45 28 31 26 30 14 27 14 23 12 13 25 4 12 6 23 31 30 30 39 32 21 15 30 15 14 
13 14 20 22 31 9 20 2 19 28 8 17 6 18 6 26 30 18 27 16 15 19 16 21 33 19 28 38 16 34 29 31 19 4 33 28 37 26 16 29 46 49 48 38 21 46 48 57 46 32 3 38 15 28 35 6 30 42 29 15 30 44 26 13 48 34 38 32 32 37 35 26 32 43 54 41 22 28 9 43 37 45 35 26 16 26 32 42 30 12 11 19 30 18 6 35 40 33 30 51 38 21 49 30 19 
51 40 20 59 45 32 33 39 58 41 30 25 32 47 32 16 59 31 35 22 36 53 27 28 31 30 38 39 42 28 18 14 20 38 23 12 16 13 26 31 17 22 10 12 23 14 15 27 14 6 35 50 32 49 65 33 43 47 44 48 8 28 19 36 38 12 1 14 33 10 29 41 6 27 37 27 22 10 29 24 2 13 3 20 43 15 21 28 22 26 33 35 36 36 45 8 3 9 29 29 19 17 29 17 19 
24 31 30 20 48 12 36 19 26 44 19 17 19 33 15 26 16 33 15 24 6 12 30 15 23 13 16 42 63 48 27 41 22 12 46 30 35 29 30 19 55 45 52 38 20 54 47 53 45 38 17 22 10 12 23 14 15 27 14 6 37 56 37 30 62 43 43 42 47 36 27 11 36 36 46 34 21 32 19 54 40 44 39 38 0 36 27 35 25 19 26 9 18 7 15 42 43 41 44 44 35 25 42 28 24 
42 26 18 56 20 36 15 33 48 17 28 34 29 31 32 34 64 16 49 24 43 54 18 41 50 41 34 28 48 35 38 14 29 37 4 30 41 30 18 49 19 50 31 38 36 23 43 55 42 23 31 65 40 59 69 33 57 65 57 50 22 10 12 23 14 15 27 14 6 36 50 53 26 52 63 52 36 25 29 11 29 41 28 11 48 16 42 53 42 29 23 45 53 45 40 20 31 18 4 56 44 28 55 38 27 
43 38 22 46 50 20 35 31 48 45 23 12 24 44 22 4 42 32 16 18 21 39 27 11 13 13 29 18 27 38 44 25 12 27 34 8 8 8 27 13 35 19 28 11 7 33 20 28 18 17 26 31 17 31 49 23 24 29 26 33 17 42 26 34 51 25 19 25 41 10 12 23 14 15 27 14 6 13 21 39 16 17 15 27 27 22 4 15 3 18 30 18 18 20 34 22 18 22 37 22 9 11 20 1 12 
42 29 11 54 31 29 20 31 49 27 23 25 24 36 26 21 57 18 38 16 35 49 16 30 38 31 31 14 41 14 25 20 19 33 9 17 27 16 16 37 14 35 19 24 25 15 29 41 28 8 28 54 31 50 63 28 46 53 47 44 8 17 6 25 26 3 13 1 19 22 37 43 12 38 49 38 24 12 23 14 15 27 14 6 41 5 29 39 28 21 23 35 41 36 38 6 17 4 15 42 30 16 41 24 17 
32 26 11 39 38 12 24 20 38 34 11 6 13 32 12 8 39 20 20 6 16 33 15 12 21 12 19 20 22 29 12 19 24 18 26 9 19 7 15 19 32 31 30 19 7 31 29 38 27 15 15 36 13 31 45 13 27 35 28 27 14 36 17 22 43 20 20 20 31 18 22 24 14 27 39 26 7 10 9 33 19 26 17 18 23 14 15 27 14 6 18 16 23 17 25 19 22 18 27 34 21 3 32 12 1 
15 18 21 21 35 7 24 6 20 32 9 15 8 21 6 25 26 21 23 16 11 16 19 18 30 16 4 38 12 37 27 33 18 46 36 28 36 26 19 26 47 47 48 37 19 48 47 56 45 32 5 34 12 24 31 5 26 38 25 12 31 46 28 17 51 35 38 34 35 36 32 22 32 41 52 39 20 28 10 45 37 44 35 28 12 27 29 40 27 12 14 15 27 14 6 36 40 34 33 49 37 21 47 29 19 
42 26 15 55 24 34 16 32 49 20 26 31 27 32 30 30 62 16 46 22 41 52 16 38 46 38 33 23 46 4 34 9 26 36 29 26 37 26 16 45 16 45 27 34 32 19 39 51 38 18 30 62 38 56 67 31 54 61 54 48 17 10 8 23 17 11 22 9 10 32 46 50 22 48 59 47 32 21 27 10 25 37 24 7 46 12 38 48 38 26 23 42 49 42 39 15 27 14 6 52 40 24 51 34 24 
42 34 15 48 43 21 30 30 48 39 20 13 22 41 21 5 47 26 23 13 24 42 22 16 21 18 28 12 30 30 8 17 9 28 26 31 11 2 21 20 27 22 22 10 10 25 19 30 17 9 25 39 20 37 53 22 31 37 32 36 9 34 19 30 43 17 12 17 34 8 20 29 6 22 33 21 10 5 19 31 10 16 8 20 31 14 12 22 12 16 26 23 25 24 34 14 12 14 30 27 14 6 25 7 9 
51 45 27 54 55 28 41 39 56 51 30 20 32 51 30 10 49 38 22 24 29 47 33 19 16 21 37 16 35 41 8 27 19 36 37 11 54 13 33 18 34 11 24 5 16 31 12 19 10 18 34 36 25 38 56 31 30 31 31 41 19 44 30 41 53 27 17 27 45 5 13 29 15 11 22 11 15 16 28 40 13 10 14 31 35 26 7 12 9 26 37 26 23 28 43 23 14 23 41 15 3 17 14 6 19 
40 32 14 46 42 19 28 28 46 38 18 12 20 39 19 4 45 25 22 11 22 40 20 15 21 16 26 13 29 30 8 16 7 26 26 2 13 28 19 20 28 24 23 12 9 26 22 32 19 10 23 38 19 36 52 20 31 36 31 34 9 34 18 28 43 17 14 17 33 10 20 28 7 23 34 22 8 4 17 31 11 18 10 19 29 14 12 23 12 14 24 21 25 23 32 15 14 14 29 28 15 4 27 8 6 
27 13 6 39 23 18 8 16 33 18 10 19 11 20 14 23 46 5 34 9 25 36 0 26 36 25 16 26 30 18 27 16 15 19 16 21 33 19 13 34 30 44 35 32 22 31 40 51 38 19 13 48 23 41 51 15 40 50 40 31 18 27 9 9 32 19 26 17 17 30 37 36 21 42 54 41 22 18 11 26 27 37 25 10 30 11 30 42 29 12 7 28 37 28 23 21 29 19 14 48 35 15 47 27 14 
41 42 31 40 56 20 42 32 45 52 26 15 27 47 24 15 32 39 5 25 15 32 34 8 3 9 29 31 19 49 13 37 19 26 45 20 18 20 34 85 48 27 41 22 12 46 30 35 29 30 28 18 14 20 38 23 12 16 13 26 29 54 36 39 62 38 32 37 51 22 7 11 27 16 26 14 12 25 24 51 29 28 28 37 20 33 10 15 9 22 34 11 4 13 32 35 31 34 47 25 17 20 23 14 21 
57 42 26 68 40 43 33 46 64 37 38 38 39 49 41 32 72 32 51 31 49 64 30 43 48 44 46 17 55 19 35 14 32 47 16 27 34 28 30 48 56 38 14 29 37 4 30 41 30 18 42 66 45 64 78 42 59 64 60 59 18 14 20 38 23 12 16 13 26 28 46 56 20 45 54 45 36 23 37 9 20 29 20 20 55 19 38 46 39 36 37 49 53 50 52 13 20 14 23 46 37 29 46 34 30 
63 56 38 66 66 40 52 51 68 61 42 32 44 63 42 22 59 49 32 36 40 58 44 30 24 32 49 22 45 50 19 35 31 47 45 22 11 24 44 27 38 37 25 12 27 34 8 8 8 27 46 42 36 47 65 42 38 36 40 52 28 50 40 52 60 34 23 35 55 14 20 38 23 12 16 13 26 26 40 46 20 9 21 41 46 35 18 13 20 37 48 36 31 38 54 30 18 31 50 8 10 29 8 18 31 
61 48 29 69 51 42 40 49 67 47 39 35 41 55 41 26 69 38 44 32 46 63 35 38 40 40 48 10 52 31 28 19 30 48 27 22 24 23 35 41 14 25 28 19 33 9 17 27 16 16 44 59 42 59 75 43 52 55 54 58 17 28 26 44 38 17 9 19 38 18 37 51 16 34 41 34 32 20 38 23 12 16 13 26 53 23 30 35 31 36 41 45 46 46 54 13 9 16 34 33 26 27 33 26 29 
52 45 26 57 54 30 40 40 58 49 31 22 33 51 31 12 53 37 27 24 32 50 32 22 21 24 38 12 38 38 11 24 19 37 34 10 5 12 32 22 29 12 19 41 18 26 9 19 7 15 35 41 28 42 60 32 34 36 36 44 16 40 28 41 49 23 13 24 43 2 18 33 11 15 25 15 17 14 29 36 9 6 10 29 38 23 12 16 13 26 37 29 27 31 44 19 9 20 38 18 7 17 17 9 19 
35 31 18 39 45 12 30 24 40 40 16 4 17 37 15 6 36 27 13 12 13 32 22 6 14 7 21 23 20 36 7 25 7 19 32 10 16 9 22 12 37 27 33 18 77 36 28 36 26 19 19 29 10 27 42 15 21 29 22 26 18 42 24 28 50 26 23 25 38 17 15 18 17 22 33 20 1 14 14 39 21 25 19 25 20 21 10 21 8 11 23 12 16 13 26 24 23 23 34 29 17 8 27 9 8 
58 44 26 69 44 43 35 47 65 40 38 37 40 51 41 30 71 34 49 31 48 64 32 42 46 43 46 14 54 23 33 15 31 48 19 25 31 26 31 46 4 34 9 26 36 47 26 37 26 16 43 64 44 63 77 42 57 61 58 59 17 18 22 40 28 12 13 14 30 25 44 54 18 41 50 42 35 22 37 14 17 25 17 22 54 20 36 42 36 36 38 47 51 49 53 12 16 13 26 42 33 28 42 31 30 
62 53 34 67 61 40 48 50 68 56 40 32 42 60 41 21 62 45 35 33 41 60 41 32 28 34 48 15 47 43 20 29 29 47 39 19 12 22 40 30 30 8 17 9 28 26 24 11 2 21 45 48 38 51 69 42 42 42 44 54 22 43 35 49 53 28 16 29 49 11 25 42 18 18 24 19 27 22 39 38 14 3 15 35 48 30 20 20 22 36 45 38 35 40 54 23 12 25 45 16 13 26 16 19 28 
71 64 45 74 72 48 59 59 76 68 50 40 52 71 50 30 67 56 40 43 48 66 52 38 32 40 57 27 53 55 28 41 38 56 51 30 19 32 51 35 41 8 27 19 36 37 11 33 13 33 54 49 45 55 73 51 45 42 47 60 34 54 46 60 64 39 28 41 61 21 28 46 30 18 18 20 35 33 48 50 25 14 27 47 54 42 26 20 28 45 56 44 38 46 62 35 23 36 56 12 19 36 13 26 38 
60 51 32 65 59 38 46 48 65 55 38 30 40 58 39 19 60 43 33 31 39 58 39 30 27 32 46 14 45 42 18 28 27 45 38 17 10 19 38 29 30 8 16 7 26 26 2 13 27 19 43 46 36 49 67 40 41 41 42 52 21 42 33 47 52 26 15 28 47 9 23 40 16 17 24 18 25 20 37 37 12 1 14 34 46 29 18 19 20 34 43 36 33 38 52 22 10 23 43 16 12 24 16 17 26 
45 33 13 53 39 27 26 33 51 35 23 20 25 40 25 14 54 24 32 16 31 48 20 25 30 26 32 6 38 23 17 8 15 32 18 9 18 10 19 30 18 27 16 15 19 16 21 33 19 53 28 48 28 46 61 27 41 46 41 42 1 25 13 29 35 8 6 9 28 13 29 38 3 30 40 29 18 5 22 21 7 18 5 14 38 9 21 30 21 20 26 31 34 32 38 5 10 5 23 33 21 12 32 16 13 
16 14 16 26 31 8 18 4 23 27 5 14 3 19 4 23 32 15 26 12 15 22 13 19 31 18 3 35 17 31 26 28 15 5 30 25 34 23 13 28 42 46 44 35 19 43 45 54 43 28 96 38 14 29 37 4 30 41 30 18 27 41 22 12 46 30 35 29 30 33 33 26 29 41 52 39 20 24 6 40 34 42 32 23 17 22 29 40 27 8 9 18 29 17 10 31 37 29 27 48 36 18 46 27 16 
46 52 47 38 69 31 56 40 47 65 39 30 39 56 35 34 22 52 15 40 23 30 49 23 19 23 38 50 22 65 31 54 36 34 62 39 36 38 48 18 66 42 59 41 29 64 48 49 46 48 38 54 25 12 27 34 8 8 8 27 48 72 53 51 79 56 51 55 66 41 22 12 46 30 35 29 30 43 37 69 48 46 47 54 22 50 29 29 28 36 47 20 13 21 38 53 49 53 62 37 34 38 36 33 37 
27 28 22 29 44 6 31 18 32 40 14 7 14 33 10 16 26 27 11 15 3 22 23 6 17 4 15 32 10 40 17 31 13 12 38 20 25 19 23 14 45 36 42 28 10 44 38 45 36 28 14 25 82 19 33 9 17 27 16 16 27 48 29 26 55 33 33 32 41 27 20 12 26 29 39 27 11 22 12 46 30 35 29 30 10 27 18 28 16 11 22 4 15 4 18 32 33 31 37 37 26 16 35 19 14 
34 43 41 26 60 23 48 31 35 56 31 25 31 45 27 33 12 45 15 34 15 18 41 21 23 19 28 49 12 59 31 50 31 24 56 37 38 36 41 20 64 47 59 42 27 63 51 55 49 46 29 12 19 45 18 26 9 19 7 15 45 67 48 42 74 52 50 51 59 42 27 9 44 36 43 34 27 41 30 65 47 48 46 49 12 46 30 35 29 30 38 15 16 14 27 51 49 50 56 44 37 34 42 33 33 
33 47 53 18 64 34 55 36 31 62 41 40 40 47 37 49 6 53 33 47 29 15 51 37 41 35 35 65 23 69 49 63 45 31 67 53 56 52 51 38 78 65 75 60 42 77 69 73 67 61 37 27 33 18 25 36 28 36 26 19 60 78 59 48 83 66 66 64 67 59 45 27 59 55 61 53 43 55 41 77 63 66 62 60 22 58 48 53 46 42 46 30 35 29 30 65 66 64 65 63 55 49 61 50 47 
20 18 17 26 35 3 21 8 25 31 5 10 5 23 1 20 30 18 21 11 11 21 15 15 27 13 6 33 14 33 23 28 13 5 31 22 31 20 15 23 42 42 43 32 15 42 42 51 40 27 4 34 9 26 36 92 26 37 26 16 25 42 23 16 48 30 33 29 32 30 29 22 27 37 48 35 16 22 5 41 32 39 30 24 14 22 25 36 23 6 12 14 25 13 12 30 35 29 30 44 32 16 42 24 14 
39 44 38 34 61 23 48 33 42 57 31 22 31 48 27 26 21 44 8 32 15 26 40 15 14 15 30 43 15 57 24 46 27 26 54 31 30 31 40 12 59 38 52 34 21 57 42 45 41 41 30 8 17 9 28 26 61 11 2 21 40 63 45 43 71 48 44 47 58 34 17 4 38 27 33 25 22 35 29 61 41 40 39 46 16 42 22 25 21 28 39 12 7 13 31 46 43 45 54 35 29 30 33 26 29 
51 55 47 45 71 33 58 44 53 67 41 31 42 60 38 32 30 54 16 41 26 37 50 24 15 24 42 47 27 65 29 53 35 38 61 37 31 36 50 16 64 36 55 36 29 61 42 42 41 46 41 8 27 19 36 37 11 70 13 33 46 71 53 53 79 54 48 54 67 37 18 16 43 24 27 23 29 41 39 68 44 41 44 54 28 49 25 22 25 38 49 23 12 24 43 51 46 51 63 30 29 37 29 30 37 
38 44 39 32 61 22 47 32 40 57 30 22 31 47 27 27 19 44 9 32 15 24 40 16 15 15 29 44 14 57 26 47 28 25 54 32 31 31 40 13 60 40 54 36 22 58 44 47 42 41 30 8 16 7 26 26 2 13 58 19 41 64 45 42 71 48 45 48 57 35 19 4 39 29 35 27 23 36 29 61 42 42 41 46 14 42 24 27 22 28 38 12 9 12 30 46 44 46 54 37 30 30 35 27 30 
19 29 33 13 47 15 36 17 20 43 21 22 20 31 18 32 14 33 22 27 12 6 31 22 30 20 15 48 6 50 33 44 27 12 48 36 41 34 31 26 59 52 58 44 26 59 54 60 52 42 18 27 16 15 19 16 21 33 19 60 41 59 40 29 64 47 48 45 48 43 34 17 42 43 52 41 27 37 21 57 46 51 44 41 6 39 34 42 32 22 26 15 25 13 12 46 49 45 46 51 41 30 49 35 29 
43 32 12 52 38 26 25 31 50 33 22 20 24 39 24 14 53 22 32 14 30 47 19 24 30 25 30 8 37 22 17 8 14 31 17 9 19 9 18 29 18 28 17 16 18 17 22 34 21 1 27 48 27 45 60 25 40 46 41 41 77 25 12 27 34 8 8 8 27 14 29 37 4 30 41 30 18 4 21 21 8 20 7 12 37 7 21 31 21 19 24 30 34 31 37 5 11 4 22 34 22 11 33 16 12 
52 36 25 66 29 44 26 43 59 27 37 41 38 41 41 39 72 26 56 32 51 63 27 48 55 48 44 28 56 10 42 17 36 46 10 34 44 34 27 54 14 50 28 40 42 18 43 54 42 25 41 72 48 67 78 42 63 71 64 59 25 28 19 33 9 17 27 16 16 38 54 60 29 55 65 55 42 29 37 4 30 41 30 18 56 21 46 56 46 37 33 52 58 53 50 21 31 20 14 58 47 33 57 42 34 
36 22 6 48 26 25 14 26 43 21 18 23 19 29 22 22 54 12 37 13 32 45 10 29 38 29 26 19 37 12 26 6 17 28 8 19 30 18 9 36 20 40 26 28 24 22 35 46 33 13 22 53 29 48 59 23 45 53 45 40 12 19 59 18 26 9 19 7 15 26 38 41 16 41 52 40 24 14 18 17 20 32 19 1 37 4 30 41 30 18 16 33 41 34 32 12 23 10 10 46 33 16 44 26 15 
19 4 15 33 18 20 7 11 26 14 12 24 11 11 15 30 43 6 37 16 27 32 8 30 42 29 13 36 30 23 34 25 22 17 23 30 41 28 9 39 38 52 44 41 28 40 49 60 47 29 12 51 26 42 48 16 43 53 42 29 27 33 18 75 36 28 36 26 19 38 43 38 31 50 61 48 28 27 14 33 36 46 34 18 29 20 38 49 36 16 4 30 41 30 18 30 39 28 18 56 43 23 54 35 21 
55 38 32 69 26 50 28 47 61 26 42 49 43 42 46 47 78 30 64 39 58 68 32 55 64 56 48 38 62 14 51 26 43 51 17 43 53 43 32 62 23 60 38 49 50 28 53 64 52 35 46 79 55 74 83 48 71 79 71 64 34 9 26 36 8 26 37 26 16 48 63 67 38 65 75 64 50 38 43 14 40 51 39 25 62 29 55 65 55 43 37 59 67 59 54 30 41 30 18 67 56 42 67 51 42 
45 32 14 56 34 31 23 34 52 30 26 26 27 38 29 22 60 21 40 19 37 52 19 32 38 33 34 12 43 15 25 3 20 35 11 17 27 17 19 38 12 34 17 23 26 12 28 39 26 8 30 56 33 52 66 30 48 54 48 47 8 17 9 28 26 61 11 2 21 21 37 45 12 38 49 38 25 12 25 13 14 25 13 9 43 7 29 39 29 24 26 37 42 38 40 4 16 3 17 41 30 18 40 25 19 
51 40 20 59 45 32 33 39 58 41 30 26 32 47 32 17 59 30 36 22 36 54 27 29 32 30 38 1 43 27 19 13 20 38 22 12 17 14 26 32 16 23 9 13 23 13 16 28 15 6 35 51 33 50 66 33 44 48 45 48 8 27 19 36 37 11 83 13 33 11 30 41 6 28 38 28 22 10 29 23 3 14 4 19 43 15 22 29 23 26 32 35 37 37 45 7 4 8 28 30 20 17 30 18 19 
44 30 12 55 32 30 21 32 50 28 24 26 26 36 27 22 58 19 39 17 36 50 17 31 38 32 32 14 42 14 25 1 20 34 9 17 27 17 17 37 13 35 19 24 25 14 29 41 28 9 29 55 32 51 64 29 47 54 48 45 8 16 7 26 26 2 13 60 19 22 37 44 12 39 49 38 25 12 24 13 15 27 14 7 42 6 29 39 29 22 24 36 42 37 39 6 17 4 15 42 30 17 41 25 18 
38 21 20 53 13 35 12 31 44 11 27 36 27 26 31 37 62 14 51 26 43 51 17 43 53 42 32 33 47 6 41 19 31 35 10 34 45 33 17 51 26 55 38 43 38 30 49 61 47 28 30 66 41 59 67 32 58 67 57 48 27 16 15 19 16 21 33 19 36 41 53 53 31 56 68 55 38 29 28 18 35 47 33 14 47 19 45 56 44 29 21 45 54 45 37 25 37 24 4 61 48 30 60 41 30 
50 43 24 56 51 29 38 38 56 47 29 21 31 49 30 10 52 35 26 22 30 49 30 21 21 23 37 10 36 36 10 22 18 36 32 8 5 10 30 22 28 14 18 2 17 25 11 21 9 13 33 41 27 42 59 30 34 37 35 43 14 38 26 38 48 21 11 22 41 50 19 33 9 17 27 16 16 12 27 34 8 8 8 27 37 21 11 17 13 24 34 28 27 30 42 17 9 18 36 20 8 15 19 8 17 
48 47 33 47 60 26 46 38 52 56 31 19 32 52 29 16 39 42 12 28 22 39 38 14 4 15 35 29 27 50 12 37 22 32 46 20 13 20 37 7 46 20 37 18 15 44 25 28 23 29 33 22 20 27 45 29 17 18 19 34 29 54 38 43 63 37 30 37 53 19 24 18 26 9 19 7 15 25 29 51 26 23 26 39 27 34 8 8 8 27 39 18 10 20 39 34 28 34 49 17 11 22 15 12 23 
35 40 35 30 57 18 43 28 38 53 26 18 27 44 23 24 20 40 6 28 11 22 36 12 14 11 26 41 11 53 23 43 24 22 50 29 29 28 36 11 56 38 51 33 18 54 42 46 40 38 26 12 12 9 27 22 4 16 4 17 37 60 41 38 67 45 41 44 53 33 18 55 36 28 36 26 19 32 25 57 39 39 37 42 12 38 21 26 20 24 34 8 8 8 27 43 41 42 50 36 28 26 34 24 26 
45 35 15 53 42 26 29 33 52 38 24 19 26 42 26 11 53 26 30 16 30 47 22 23 27 24 32 6 36 26 14 12 14 32 22 6 15 7 21 27 20 23 16 11 17 18 18 30 16 3 29 46 26 44 59 27 38 43 39 42 4 29 16 31 38 12 6 12 31 9 26 36 69 26 37 26 16 4 23 25 5 15 3 17 37 12 18 27 18 20 27 29 32 30 39 8 8 8 27 30 18 11 28 13 13 
56 53 37 57 65 34 51 46 61 61 38 26 39 59 37 19 48 47 21 33 31 49 43 22 13 24 43 27 36 52 15 38 27 41 48 22 11 23 42 16 45 12 34 15 22 41 18 18 17 30 41 30 29 36 55 37 27 24 29 43 30 55 41 50 65 38 28 39 56 17 9 28 26 16 11 2 21 27 36 51 25 17 25 42 37 37 12 1 13 33 45 27 20 29 48 34 25 35 52 8 8 27 6 15 28 
67 65 49 66 77 45 63 57 71 72 49 38 51 71 48 31 55 59 30 45 41 58 55 33 22 35 54 37 46 63 27 49 39 52 59 33 22 34 54 26 54 16 41 25 33 50 24 18 24 40 52 35 39 43 61 48 33 27 35 52 41 65 52 61 75 49 38 49 68 27 19 36 37 11 16 13 33 38 47 61 35 25 35 53 46 48 23 12 25 45 57 37 27 39 58 44 34 45 63 8 19 38 8 27 40 
54 52 36 55 64 32 50 44 59 59 36 25 38 58 35 18 46 46 19 32 29 47 42 20 11 22 41 27 34 52 14 38 26 39 47 21 11 22 41 14 45 13 34 15 20 42 19 20 18 29 39 29 27 34 53 35 25 23 27 41 30 55 40 48 64 38 28 38 55 16 7 26 26 2 13 17 19 26 34 51 25 18 25 41 35 36 10 1 12 32 44 25 18 27 46 34 25 34 51 10 8 25 8 14 27 
36 32 18 40 45 13 30 24 41 40 16 5 18 38 15 5 37 27 14 12 14 33 22 6 14 8 22 22 21 36 6 24 7 20 32 10 15 8 22 12 36 26 32 17 1 35 27 35 25 18 20 30 11 27 43 16 22 29 23 27 18 42 24 28 50 25 22 25 38 16 15 19 16 21 33 19 54 13 14 39 20 24 18 25 21 20 9 21 7 12 24 12 16 14 27 23 22 23 34 28 16 8 26 8 8 
41 31 12 49 39 22 26 29 47 35 19 15 21 38 21 9 49 23 27 12 26 43 18 20 26 21 28 10 32 25 13 12 10 28 21 5 16 4 18 25 23 26 20 14 14 22 22 33 20 5 24 43 22 41 55 22 35 41 36 37 4 29 14 27 38 12 10 12 29 12 25 32 4 27 38 26 13 38 18 26 9 19 7 15 33 9 17 27 16 16 23 25 29 27 34 10 12 9 25 31 18 6 30 12 8 
23 17 12 31 32 7 18 10 29 28 1 9 3 23 3 18 35 15 23 6 14 26 11 16 27 15 9 29 19 29 21 23 9 10 27 19 28 17 11 24 37 40 38 29 14 37 39 48 37 22 6 37 12 30 41 5 29 39 29 21 21 37 18 14 43 25 29 24 28 27 29 25 23 36 47 34 14 18 66 36 28 36 26 19 19 17 24 35 22 2 9 17 27 16 16 26 31 24 25 43 30 12 41 22 10 
52 36 24 65 31 42 26 42 59 29 35 39 37 42 39 35 71 26 53 30 49 62 26 45 52 45 43 24 54 11 39 14 33 45 10 31 40 31 26 51 9 46 23 36 39 14 38 50 37 21 40 69 46 65 77 41 61 68 61 57 21 4 17 33 14 13 23 13 18 34 51 57 25 51 61 51 39 26 36 19 26 37 26 16 54 19 43 52 43 35 33 50 56 50 49 17 27 16 16 53 43 31 53 38 31 
50 40 20 58 47 31 34 38 57 42 29 23 31 47 31 14 57 31 32 21 34 52 27 26 29 28 37 2 40 29 16 15 19 37 25 10 13 11 27 29 20 20 12 9 21 17 14 25 12 7 34 48 30 47 63 32 41 44 42 46 8 30 20 36 40 14 3 15 35 8 26 39 5 25 35 25 20 9 28 26 34 11 2 21 41 16 19 25 19 25 33 33 34 34 44 9 3 11 30 27 16 16 26 14 18 
59 50 31 64 58 37 45 46 64 54 37 29 39 57 38 18 59 42 33 30 38 57 38 29 26 31 45 13 44 41 17 27 26 44 37 16 10 18 37 28 29 9 16 6 25 25 3 14 1 18 42 46 35 48 66 39 40 41 42 51 20 41 32 46 51 25 14 27 47 8 23 39 15 17 25 18 24 19 36 37 11 54 13 33 45 27 17 19 19 33 42 35 33 37 51 21 9 22 42 17 11 23 16 16 25 
48 38 18 56 45 29 32 36 55 41 27 22 29 45 29 13 55 29 31 19 32 50 25 25 28 26 35 3 39 28 15 14 17 35 24 8 14 10 25 28 20 21 13 10 19 17 15 27 14 5 32 47 29 46 62 30 39 44 41 44 7 30 19 34 39 13 4 14 33 8 26 37 3 25 35 25 18 7 26 26 2 13 33 19 39 14 18 26 19 23 31 31 33 33 42 9 5 9 29 28 17 14 27 14 16 
37 22 7 49 25 26 13 26 43 21 19 24 20 29 22 23 54 12 38 14 33 45 10 30 39 30 26 20 38 11 27 6 18 28 7 20 31 19 10 37 20 41 26 29 25 22 35 47 34 14 23 54 30 49 60 24 46 54 46 41 12 18 1 18 25 9 19 7 14 27 39 42 17 42 53 41 25 15 19 16 21 33 19 32 38 5 31 42 31 19 17 34 41 34 33 13 24 11 9 47 34 17 45 27 16 
23 30 30 20 47 12 35 18 26 44 19 17 19 33 15 27 16 32 16 24 6 12 30 16 24 14 16 43 0 48 27 41 23 12 46 31 35 29 30 20 55 46 53 38 20 54 48 54 46 38 17 22 10 12 22 14 16 28 14 6 37 56 37 29 62 43 43 42 47 37 27 12 37 37 46 35 21 33 19 54 41 45 39 38 37 36 28 36 26 19 26 9 19 7 15 42 43 41 44 45 35 26 43 29 24 
38 25 6 48 30 24 17 26 44 26 18 20 19 32 21 18 52 15 34 11 30 44 12 26 34 27 26 15 36 16 22 5 14 27 12 14 26 14 11 33 19 35 23 23 21 20 30 42 29 9 22 50 27 46 58 22 42 49 42 39 7 21 4 20 29 7 15 6 19 21 34 38 12 37 48 36 20 9 17 19 16 27 14 5 36 52 26 37 26 16 18 31 37 31 33 9 19 7 15 41 28 12 40 22 12 
45 41 26 47 53 22 39 34 50 49 26 15 27 47 25 8 41 36 15 21 21 40 31 12 10 14 32 21 27 42 4 29 15 29 38 12 7 12 30 10 38 18 30 12 10 36 20 26 18 21 29 29 18 30 48 25 22 25 24 34 21 46 30 38 55 29 22 29 45 11 8 21 18 12 23 10 9 17 24 43 19 17 18 31 28 26 19 11 2 21 33 18 15 20 36 26 20 26 41 19 7 15 17 4 16 
55 53 37 56 65 33 51 45 60 61 37 26 39 59 36 19 47 47 20 33 30 48 43 21 12 23 42 28 35 53 15 39 27 40 48 22 12 23 42 15 46 13 35 16 21 42 20 20 19 30 40 29 28 35 53 36 25 22 27 42 31 56 41 49 65 39 29 39 56 17 8 26 27 1 12 1 21 27 35 52 25 19 26 42 36 37 11 38 13 33 45 26 18 28 47 35 26 35 52 9 9 26 7 15 28 
43 40 25 45 52 20 38 32 48 48 24 13 26 46 23 7 40 34 13 20 19 38 30 10 9 12 30 22 25 42 3 28 14 27 38 12 9 12 29 9 39 20 31 13 8 36 22 28 20 21 27 28 16 29 46 23 21 25 22 32 21 46 30 36 55 29 23 29 44 13 8 20 18 13 25 12 7 16 22 43 19 19 19 31 26 26 2 13 15 19 32 16 14 18 34 26 21 26 40 21 9 14 19 5 15 
25 20 11 33 34 7 20 13 31 29 4 7 6 26 5 15 36 16 22 5 14 28 12 14 25 13 12 26 19 29 18 21 6 12 26 16 26 14 12 22 36 37 36 26 11 36 36 45 34 20 8 36 11 30 42 6 28 38 28 22 19 37 18 16 43 24 26 22 29 24 27 24 20 33 45 32 12 16 2 35 25 33 23 19 19 16 21 33 19 30 12 16 25 16 18 24 28 22 26 40 27 9 38 19 7 
20 8 12 32 22 16 9 9 26 18 8 19 7 14 11 26 41 7 33 12 23 30 6 26 37 25 11 33 26 23 30 23 18 14 23 26 37 24 7 34 37 48 41 37 23 38 45 56 43 26 9 47 22 38 46 12 39 49 38 26 24 33 16 4 37 26 32 24 21 34 39 34 27 45 57 44 24 23 9 33 33 42 31 17 26 18 33 45 32 12 72 26 37 26 16 28 36 26 19 52 39 19 50 30 17 
30 32 26 29 49 10 35 21 34 45 18 10 19 37 15 18 24 32 7 20 4 21 28 6 15 4 19 35 9 45 18 35 16 15 42 23 26 21 28 11 49 36 45 29 12 47 38 44 36 31 18 20 4 15 30 14 12 23 12 15 30 52 33 30 59 37 35 36 45 28 18 8 29 27 37 25 12 25 17 50 33 35 31 34 9 31 18 26 16 16 26 56 11 2 21 36 35 35 42 36 26 19 34 19 18 
41 44 34 38 59 21 45 33 45 55 29 18 29 48 26 20 28 42 3 28 15 30 38 11 6 12 30 36 18 53 18 41 23 27 49 25 23 25 37 4 53 31 46 27 16 51 35 38 33 34 29 13 15 16 35 25 7 12 9 25 34 58 41 41 67 42 37 42 54 27 10 8 32 20 27 18 16 29 27 56 34 33 33 41 19 37 15 18 14 25 37 11 72 13 33 40 36 39 50 28 21 25 26 19 25 
28 31 27 27 48 10 35 20 32 44 18 11 18 36 14 20 22 31 9 20 2 19 28 8 17 6 18 36 7 45 20 36 17 14 42 24 28 23 28 13 50 38 46 31 13 49 40 46 38 32 17 21 4 14 29 13 13 24 12 13 31 53 34 30 59 38 37 37 45 30 20 8 30 29 39 27 14 27 16 50 34 37 33 34 7 31 20 28 18 16 26 2 13 52 19 37 37 36 42 38 28 20 36 21 19 
8 17 26 16 34 14 25 6 13 31 15 22 13 18 13 32 26 23 29 22 17 14 22 25 36 23 6 45 15 40 34 38 25 6 39 34 43 32 23 32 52 54 54 44 26 53 54 62 52 38 10 38 18 27 30 12 31 43 30 12 37 50 32 18 54 40 45 39 37 42 39 27 39 48 58 46 27 34 16 49 44 51 42 33 15 33 36 47 34 18 16 21 33 19 38 41 47 40 36 56 44 28 54 36 26 
47 34 15 57 38 31 26 35 54 34 26 25 28 41 29 19 59 24 38 19 36 52 21 30 35 31 35 8 42 20 22 6 19 36 15 14 23 15 21 35 13 30 13 19 24 12 23 35 22 5 31 53 32 51 65 30 46 51 46 46 5 21 12 30 30 4 7 6 25 17 34 43 8 34 44 34 23 10 26 17 9 21 9 13 42 9 26 35 26 24 28 36 40 37 41 53 11 2 21 37 26 16 36 21 18 
54 43 23 61 49 34 37 41 60 45 32 26 34 50 34 17 59 34 35 24 37 55 30 29 30 30 40 3 43 31 18 17 22 40 27 12 14 14 29 31 20 18 9 9 23 16 12 23 10 10 37 49 33 49 66 35 43 46 44 49 11 31 23 39 41 16 4 17 37 9 28 41 8 25 34 25 22 12 31 27 3 9 5 24 43 19 20 26 21 28 36 35 36 37 47 11 74 13 33 26 17 19 26 16 21 
45 32 13 55 36 29 24 33 52 32 24 24 26 39 27 19 58 22 37 17 35 50 19 29 35 30 33 9 41 18 22 4 18 34 14 14 23 14 19 34 14 31 16 20 23 13 25 36 23 5 29 53 31 50 64 29 45 51 46 45 4 20 10 28 30 3 8 4 24 18 34 42 8 35 45 34 23 9 24 16 11 22 9 11 41 7 26 35 26 22 26 35 39 36 40 2 13 52 19 38 26 15 37 21 16 
37 21 16 51 17 32 11 29 44 13 24 32 25 26 28 33 60 12 47 22 40 49 14 39 49 39 30 29 44 4 37 15 27 33 6 30 41 29 14 47 23 50 34 38 34 26 45 56 43 23 27 62 37 56 65 30 54 63 54 46 22 14 10 18 18 17 28 15 4 36 49 50 27 52 63 51 34 25 25 16 30 42 29 9 44 15 41 52 40 26 19 42 50 42 36 21 33 19 33 56 44 26 55 37 26 
64 60 43 65 71 42 57 53 69 66 45 34 47 66 44 25 56 53 30 40 39 57 49 30 21 32 51 29 44 56 22 42 34 49 52 27 15 28 48 25 46 8 33 18 29 42 16 12 16 33 48 37 37 44 63 44 35 30 37 51 34 58 46 56 67 41 30 42 61 20 17 36 30 8 8 10 28 31 43 53 27 17 28 47 45 41 19 9 21 40 52 36 28 38 56 37 26 38 56 23 13 33 2 21 34 
52 47 30 55 58 30 44 41 57 53 32 21 34 53 32 12 49 40 22 26 29 47 36 19 15 21 38 19 35 44 9 30 21 37 40 14 3 15 35 17 37 10 26 7 17 33 13 19 12 21 36 34 26 37 55 32 29 29 30 41 22 47 33 43 56 30 20 30 48 8 11 28 18 8 19 8 16 18 30 43 16 11 17 34 35 28 7 9 9 27 39 26 21 28 44 26 17 26 44 13 4 19 11 8 21 
35 27 10 42 38 15 24 23 41 34 13 8 15 34 15 7 42 20 22 7 19 36 16 14 22 15 21 17 25 28 11 16 3 21 24 6 17 4 15 20 29 29 27 17 8 28 26 36 24 12 18 38 16 34 49 16 30 37 30 30 11 33 16 23 42 18 17 17 30 15 22 26 11 27 38 25 8 6 12 31 16 23 14 17 26 12 15 26 14 9 19 19 25 20 28 16 19 15 26 33 19 43 31 11 2 
62 58 41 63 69 40 55 51 67 65 43 32 45 65 42 24 54 52 27 38 37 55 47 28 19 30 49 29 42 55 20 41 32 47 51 25 14 27 47 23 46 8 33 17 27 42 16 13 16 32 46 36 35 42 61 42 33 29 35 49 33 57 44 54 67 40 30 41 60 19 15 34 28 6 8 8 26 30 41 53 26 16 27 45 43 40 17 7 19 38 50 34 26 36 54 36 26 37 55 2 11 31 26 19 33 
44 38 22 48 50 21 36 32 49 45 23 13 25 45 23 4 43 32 18 18 22 41 28 13 14 15 30 17 28 38 1 24 12 29 34 7 6 8 27 14 34 18 26 9 9 31 19 26 17 16 27 33 19 33 50 24 26 30 27 35 16 42 26 35 51 25 18 25 41 8 12 24 13 15 27 14 8 12 22 38 14 16 14 27 29 22 4 15 5 19 30 19 19 21 36 21 16 21 37 21 8 11 19 66 13 
33 25 10 40 37 13 23 21 39 32 11 7 13 32 13 8 41 19 22 5 18 34 14 13 23 14 19 19 24 27 12 17 1 19 24 9 19 6 14 21 30 31 29 19 8 30 28 38 26 13 16 37 14 33 47 14 29 37 30 29 12 34 15 21 42 19 19 18 30 17 23 26 13 28 40 27 8 8 10 31 18 25 16 16 24 12 16 28 15 7 17 18 25 19 26 18 21 16 26 34 21 2 33 13 39 
