120 16
36 16 32 15 32 22 26 12 6 30 21 30 19 14 34 20 40 31 26 38 29 26 18 26 34 45 32 13 43 51 24 42 43 42 32 15 42 42 51 40 27 53 41 57 63 61 52 35 58 62 71 60 45 73 16 46 27 34 33 20 39 51 38 19 44 43 52 36 19 55 45 51 44 38 58 50 48 35 45 56 67 54 36 65 41 23 52 50 59 48 37 63 23 38 45 55 43 25 55 20 30 41 28 8 38 47 54 45 37 60 64 52 35 64 62 44 73 33 62 47 
16 41 19 31 17 22 10 12 23 14 15 27 14 6 22 18 34 43 10 40 20 29 31 13 33 45 32 14 37 40 31 26 38 29 26 18 26 34 45 32 13 43 42 42 56 48 45 31 44 53 64 51 33 63 14 52 28 43 47 18 44 55 44 29 44 32 36 22 4 38 32 40 30 21 44 43 47 40 35 53 65 52 32 59 31 17 36 40 50 38 22 51 30 25 41 53 40 20 47 8 32 44 31 17 34 34 43 32 21 46 60 47 27 56 58 38 67 25 54 36 
32 19 81 42 28 18 14 20 38 23 12 16 13 26 2 15 18 47 10 31 6 25 38 6 23 33 23 20 20 20 30 18 22 11 11 21 15 15 27 14 6 23 31 26 38 29 26 18 26 34 45 32 13 43 16 47 22 41 53 17 38 47 39 33 33 12 25 6 15 32 14 20 12 20 27 24 33 35 15 37 49 36 18 41 12 12 24 20 31 18 7 31 30 6 26 37 25 11 29 12 26 34 27 26 20 15 23 13 16 28 43 30 10 37 41 22 48 10 35 16 
15 31 42 62 48 27 41 22 12 46 30 35 29 30 43 27 45 18 39 36 37 25 8 39 35 44 33 22 47 59 20 56 46 54 39 21 55 48 54 46 39 61 40 68 66 69 57 39 69 67 74 65 53 79 26 38 29 26 18 26 34 45 32 13 43 52 66 48 33 69 56 59 55 53 69 56 47 30 53 57 66 55 40 68 49 31 65 58 64 56 49 71 20 48 47 56 45 33 59 32 29 38 27 16 41 57 61 55 51 70 65 55 42 69 63 48 76 40 67 55 
32 17 28 48 52 38 14 29 37 4 30 41 30 18 30 34 46 61 18 56 32 46 49 22 48 59 47 31 48 45 48 20 50 31 38 35 24 43 55 42 23 48 56 40 66 51 54 45 44 61 72 59 39 67 31 69 44 60 64 35 61 71 61 47 59 38 29 26 18 26 34 45 32 13 43 51 60 57 42 65 77 64 45 68 39 32 31 47 58 45 25 54 47 30 53 65 52 34 56 22 49 59 48 34 47 38 49 36 17 46 71 58 38 64 69 50 75 37 62 42 
22 22 18 27 38 76 25 12 27 34 8 8 8 27 18 4 18 28 21 18 12 7 21 18 12 23 10 9 21 32 12 36 20 29 12 7 34 21 28 19 18 34 20 43 40 42 30 12 43 40 48 38 27 52 8 31 6 23 34 3 23 33 22 15 23 26 44 25 20 50 31 32 30 35 44 29 26 18 26 34 45 32 13 43 22 7 42 31 37 29 26 44 12 24 22 33 20 7 33 16 10 21 10 14 15 31 34 29 32 44 42 30 15 42 40 21 51 13 40 28 
26 10 14 41 14 25 58 19 33 9 17 27 16 16 17 20 31 50 3 42 18 32 39 8 34 45 33 20 34 33 36 15 35 20 24 24 16 30 41 28 8 36 42 33 52 40 40 30 35 48 59 46 26 56 18 56 31 48 55 21 48 58 47 36 45 25 26 14 7 28 23 33 21 12 35 38 46 43 29 51 63 50 30 55 26 18 26 34 45 32 13 43 35 17 39 51 38 20 43 9 35 45 35 25 33 26 37 24 11 37 57 44 24 51 55 36 62 23 49 29 
12 12 20 22 29 12 19 52 18 26 9 19 7 15 22 9 28 31 16 29 17 18 20 16 24 35 22 2 31 39 19 33 31 31 20 6 32 30 39 28 16 41 32 46 51 49 40 24 47 50 59 48 33 61 4 40 18 31 36 8 33 44 32 17 35 31 43 26 11 47 34 39 32 31 47 38 38 28 33 46 57 44 24 54 29 10 42 38 46 36 26 51 18 26 34 45 32 13 43 9 21 33 20 6 26 35 41 33 29 48 53 41 23 52 51 32 62 21 50 35 
6 23 38 12 37 27 33 18 37 36 28 36 26 19 40 26 46 29 32 41 35 30 18 33 38 49 36 19 48 58 26 48 48 49 38 20 49 48 56 46 33 60 45 64 68 67 58 40 65 68 76 65 51 79 23 47 32 35 31 25 42 53 40 20 48 50 59 43 26 61 52 58 50 44 65 56 52 38 52 61 71 59 41 71 47 29 59 57 64 55 43 69 26 44 50 60 48 31 60 26 34 45 32 13 43 54 60 52 44 66 69 57 41 70 67 49 79 39 68 53 
30 14 23 46 4 34 9 26 36 53 26 37 26 16 26 30 41 58 13 51 27 42 46 18 44 55 43 28 44 41 44 17 45 27 34 32 20 39 51 38 18 44 52 37 61 47 49 40 40 56 68 55 35 63 27 65 40 56 62 31 57 67 57 43 54 33 27 21 14 26 30 41 28 11 40 47 56 53 38 61 72 59 40 64 35 28 29 42 54 41 21 50 44 26 49 61 48 29 52 18 45 55 44 31 43 34 45 32 13 43 66 53 34 59 65 45 71 32 58 38 
21 15 12 30 30 8 17 9 28 26 68 11 2 21 13 4 19 35 13 25 7 15 26 10 18 29 16 8 22 30 19 28 23 23 11 9 26 20 30 18 10 32 26 38 42 39 31 16 38 40 50 38 23 51 5 39 14 31 41 5 31 41 30 21 29 22 37 18 12 42 26 30 24 27 39 29 31 26 24 38 49 36 16 45 19 1 35 29 37 27 19 41 19 18 26 37 24 4 33 8 18 29 18 15 18 26 32 24 24 39 45 32 13 43 43 23 53 11 41 25 
30 27 16 35 41 8 27 19 36 37 11 90 13 33 15 10 10 33 23 15 10 10 28 19 7 18 6 17 12 25 17 34 12 25 6 15 31 13 20 12 19 26 15 38 32 35 22 4 37 32 40 30 20 44 14 30 7 25 40 10 22 31 22 22 17 20 41 23 24 49 26 26 26 36 38 21 19 18 19 26 38 25 5 35 15 9 39 23 29 22 24 37 17 20 15 26 13 7 25 19 10 18 11 22 7 25 26 24 32 38 34 21 8 34 32 13 43 7 32 21 
19 14 13 29 30 8 16 7 26 26 2 13 64 19 14 4 21 35 13 26 9 16 25 11 19 30 18 6 24 32 19 29 24 24 13 8 27 22 32 20 11 34 27 39 44 41 33 17 40 42 52 40 25 53 3 39 14 31 40 5 31 42 31 20 30 24 38 19 11 43 27 32 26 27 40 31 32 27 26 39 51 38 18 47 21 3 37 31 39 29 20 43 19 19 27 39 26 6 36 7 19 29 18 13 20 28 34 26 25 41 47 34 15 45 45 25 55 13 43 27 
14 6 26 30 18 27 16 15 19 16 21 33 19 27 29 23 41 44 17 44 27 33 31 20 38 50 37 18 43 47 33 31 44 36 32 21 32 41 51 39 20 50 47 49 63 55 51 37 51 60 71 58 40 70 19 56 33 45 47 23 48 60 47 31 49 39 41 29 11 42 38 47 36 26 51 49 52 44 42 59 71 58 38 66 38 23 42 47 57 45 29 58 33 32 47 59 46 26 54 14 37 48 36 18 40 41 50 39 26 53 66 53 34 63 65 45 73 32 61 43 
34 22 2 43 30 18 17 22 40 26 13 15 14 29 86 16 15 47 13 30 6 25 39 9 21 31 22 21 18 18 30 19 19 10 9 22 16 13 24 11 9 20 29 25 35 27 23 16 25 31 42 29 11 40 18 45 21 40 53 17 37 45 38 34 31 9 26 7 18 34 12 17 11 22 26 21 31 33 12 35 46 33 16 38 9 12 24 18 28 16 8 29 30 5 23 34 22 11 26 15 25 33 26 28 18 13 21 11 18 26 40 27 8 34 38 19 45 8 32 13 
20 18 15 27 34 4 20 9 26 30 4 10 4 23 16 33 19 31 17 22 10 12 23 14 15 27 14 6 22 32 15 32 22 26 12 6 30 21 30 19 14 34 24 41 42 41 31 15 41 41 50 39 25 52 4 35 10 27 37 1 27 38 27 18 26 24 41 22 15 46 29 32 27 31 42 30 29 23 26 37 48 35 15 45 21 3 39 31 38 29 22 43 15 21 25 36 23 5 34 11 15 26 14 13 17 29 34 27 28 42 44 32 15 43 42 23 53 13 41 27 
40 34 18 45 46 18 31 28 46 41 19 10 21 41 15 19 64 42 28 18 14 20 38 23 12 16 13 26 2 16 26 34 4 21 8 25 30 5 10 4 23 17 15 32 22 26 12 6 30 21 30 19 14 34 23 34 16 33 49 20 26 32 27 32 16 14 39 22 30 47 22 17 22 37 32 10 16 24 11 19 31 18 5 25 9 18 35 14 18 13 23 27 27 18 8 19 7 15 14 26 18 20 20 32 5 19 17 19 33 30 25 12 7 24 24 4 33 8 22 13 
31 43 47 18 61 28 50 31 29 58 35 33 35 44 47 31 42 31 48 27 41 22 12 46 30 35 29 30 43 59 16 64 42 57 39 26 62 47 49 45 46 60 32 72 59 69 53 36 71 62 67 60 54 75 32 22 26 12 6 30 21 30 19 14 34 53 72 54 43 78 60 59 58 62 72 52 39 20 53 48 55 46 37 61 49 35 71 57 59 55 54 70 16 52 41 47 40 36 54 41 24 28 22 26 37 59 59 58 60 72 56 49 42 63 54 43 69 41 62 55 
26 10 10 39 18 21 3 16 32 13 13 23 13 17 13 17 28 48 64 38 14 29 37 4 30 41 30 18 30 31 33 16 32 18 20 21 16 26 38 25 5 33 39 32 49 38 37 27 34 45 56 43 24 53 15 52 27 45 53 18 44 54 44 33 41 22 26 12 6 30 21 30 19 14 34 35 42 40 26 47 59 46 27 52 23 15 26 31 42 29 12 41 32 15 36 47 34 16 39 7 32 42 31 23 29 24 34 22 12 36 53 40 20 48 52 32 59 19 46 26 
38 40 31 36 56 18 42 29 41 51 25 15 26 44 30 22 18 27 38 45 25 12 27 34 8 8 8 27 18 35 15 49 16 38 20 23 46 23 22 22 34 35 5 51 32 44 27 13 49 35 40 33 32 48 26 15 11 15 33 21 8 16 9 22 7 32 56 37 37 64 40 36 39 51 50 26 12 6 30 21 30 19 14 34 27 23 53 32 33 31 38 45 16 34 15 20 13 22 28 33 7 3 9 29 13 38 35 37 47 49 30 22 22 36 27 18 42 22 35 32 
29 20 6 37 32 12 18 17 35 27 7 10 9 27 6 10 14 41 14 25 53 19 33 9 17 27 16 16 17 22 24 24 18 16 6 16 22 13 24 11 9 24 25 31 36 32 24 12 31 33 43 31 16 44 12 40 15 34 47 11 32 41 32 27 27 14 32 13 16 39 19 22 17 26 32 22 28 28 16 33 45 32 12 39 12 6 30 21 30 19 14 34 24 11 21 33 20 5 27 12 20 28 20 22 15 19 24 17 22 32 40 26 7 36 38 18 46 5 34 18 
26 29 25 25 46 7 32 18 30 42 15 10 16 33 25 12 20 22 29 12 19 24 18 26 9 19 7 15 22 36 6 43 21 35 16 11 41 24 29 22 25 37 15 49 40 46 32 13 48 41 48 39 31 54 15 23 3 15 29 11 15 26 15 12 18 30 51 32 27 58 37 36 36 43 49 30 22 11 30 31 41 29 14 42 26 14 49 34 38 32 33 47 6 30 21 30 19 14 34 23 4 15 2 17 15 36 37 35 40 49 39 29 19 43 37 22 50 18 41 32 
18 31 38 8 49 21 39 20 18 46 26 28 25 31 39 23 38 12 37 27 33 18 13 36 28 36 26 19 40 53 12 54 39 49 33 16 52 42 47 40 36 55 32 64 58 63 50 32 64 60 66 58 48 72 22 30 22 18 15 21 26 37 24 6 35 47 63 45 32 68 52 54 50 51 65 49 39 22 47 49 58 47 33 60 43 26 62 52 57 50 45 65 12 44 40 48 38 28 52 30 21 30 19 14 34 52 55 50 49 65 57 47 36 62 55 41 68 34 60 49 
26 13 6 39 22 18 8 16 33 18 10 19 11 20 9 14 23 46 4 34 9 26 36 60 26 37 26 16 26 27 30 18 27 16 15 19 16 22 33 20 0 30 34 30 44 35 32 22 32 41 52 39 20 50 13 49 23 41 51 15 40 50 40 31 37 19 27 10 8 32 19 27 17 17 32 30 38 36 22 43 55 42 22 47 18 11 26 27 38 25 10 38 30 12 31 43 30 12 35 6 28 38 28 22 25 21 30 19 14 34 49 36 16 44 47 28 54 14 42 23 
34 33 23 35 48 12 34 24 38 44 18 7 19 38 21 15 12 30 30 8 17 9 28 26 43 11 2 21 13 28 15 41 11 30 12 18 38 16 19 15 26 29 8 43 30 38 22 6 42 32 38 30 25 44 19 23 6 21 37 15 15 24 16 22 11 24 48 29 30 55 32 29 31 43 43 21 14 12 23 22 33 20 6 32 20 16 45 26 29 25 30 39 16 26 12 21 10 14 24 26 6 11 8 25 6 30 29 29 39 42 30 19 14 34 28 13 41 13 32 25 
45 45 33 44 59 23 45 35 49 55 29 18 30 50 31 27 16 35 41 8 27 19 36 37 11 61 13 33 15 31 23 50 13 38 21 30 46 21 16 21 36 31 3 48 24 40 21 14 46 28 32 27 30 41 31 19 17 23 41 27 14 15 15 30 1 30 55 38 42 64 38 32 38 53 47 21 4 14 27 13 22 11 14 26 26 27 52 29 26 28 39 40 24 34 10 12 9 25 22 37 15 6 17 36 12 35 30 35 49 45 21 15 22 29 19 14 34 23 28 29 
32 32 23 33 47 10 33 22 36 43 16 6 18 37 22 14 13 29 30 8 16 7 26 26 2 13 39 19 14 30 13 41 13 31 12 16 38 18 21 16 25 31 9 44 32 40 24 7 43 34 40 32 26 46 18 23 4 19 35 13 15 24 15 20 12 25 48 29 29 56 33 30 32 42 44 23 15 11 24 24 35 22 8 34 21 15 45 28 31 26 30 41 14 27 14 23 12 13 26 25 4 12 6 23 8 31 30 30 39 43 32 21 15 36 30 15 43 14 34 26 
13 14 20 22 31 9 20 2 19 28 8 17 6 18 21 6 26 30 18 27 16 15 19 16 21 33 19 28 29 38 16 34 29 31 19 4 33 28 37 26 16 40 29 46 49 48 38 21 46 48 57 46 32 59 3 38 15 28 35 6 30 42 29 15 32 30 44 26 13 48 34 38 32 32 47 37 35 26 32 43 54 41 22 52 28 9 43 37 45 35 26 50 16 26 32 42 30 12 41 11 19 30 18 6 24 35 40 33 30 48 51 38 21 50 49 30 60 19 48 34 
43 37 20 47 48 21 34 31 48 44 22 12 24 43 18 22 2 43 30 18 17 22 40 26 13 15 14 29 68 16 28 36 2 23 11 28 32 6 8 6 25 16 15 33 19 26 10 8 30 19 27 17 15 32 26 34 18 33 50 23 26 31 28 34 15 15 40 24 33 49 23 17 23 40 32 8 14 24 12 17 28 15 7 22 11 20 37 14 16 13 25 26 28 20 6 16 6 18 12 29 19 20 21 35 6 20 16 20 35 30 23 9 10 21 21 1 30 11 19 14 
51 40 20 59 45 32 33 39 58 41 30 25 32 47 18 32 16 59 31 35 22 36 53 27 28 31 30 38 16 39 42 28 18 14 20 38 23 12 16 13 26 2 31 17 22 10 12 23 14 15 27 14 6 22 35 50 32 49 65 33 43 47 44 48 32 8 28 19 36 38 12 1 14 33 16 10 29 41 6 27 37 27 22 24 10 29 24 2 13 3 20 11 43 15 21 28 22 26 14 33 35 36 36 45 22 8 3 9 29 13 29 19 17 18 29 17 30 19 17 4 
24 31 30 20 48 12 36 19 26 44 19 17 19 33 30 15 26 16 33 15 24 6 12 30 15 23 13 16 28 42 63 48 27 41 22 12 46 30 35 29 30 43 19 55 45 52 38 20 54 47 53 45 38 60 17 22 10 12 23 14 15 27 14 6 22 37 56 37 30 62 43 43 42 47 55 36 27 11 36 36 46 34 21 48 32 19 54 40 44 39 38 54 0 36 27 35 25 19 40 26 9 18 7 15 21 42 43 41 44 55 44 35 25 49 42 28 56 24 47 38 
42 26 18 56 20 36 15 33 48 17 28 34 29 31 19 32 34 64 16 49 24 43 54 18 41 50 41 34 36 28 48 35 38 14 29 37 4 30 41 30 18 30 49 19 50 31 38 36 23 43 55 42 23 48 31 65 40 59 69 33 57 65 57 50 50 22 10 12 23 14 15 27 14 6 22 36 50 53 26 52 63 52 36 52 25 29 11 29 41 28 11 34 48 16 42 53 42 29 41 23 45 53 45 40 38 20 31 18 4 26 56 44 28 46 55 38 58 27 45 25 
43 38 22 46 50 20 35 31 48 45 23 12 24 44 19 22 4 42 32 16 18 21 39 27 11 13 13 29 2 18 27 38 44 25 12 27 34 8 8 8 27 18 13 35 19 28 11 7 33 20 28 18 17 33 26 31 17 31 49 23 24 29 26 33 13 17 42 26 34 51 25 19 25 41 34 10 12 23 14 15 27 14 6 22 13 21 39 16 17 15 27 28 27 22 4 15 3 18 13 30 18 18 20 34 5 22 18 22 37 32 22 9 11 22 20 1 30 12 20 16 
42 29 11 54 31 29 20 31 49 27 23 25 24 36 10 26 21 57 18 38 16 35 49 16 30 38 31 31 23 14 41 14 25 20 19 33 9 17 27 16 16 17 37 14 35 19 24 25 15 29 41 28 8 35 28 54 31 50 63 28 46 53 47 44 38 8 17 6 25 26 3 13 1 19 16 22 37 43 12 38 49 38 24 38 12 23 14 15 27 14 6 22 41 5 29 39 28 21 26 23 35 41 36 38 26 6 17 4 15 17 42 30 16 32 41 24 44 17 31 11 
32 26 11 39 38 12 24 20 38 34 11 6 13 32 9 12 8 39 20 20 6 16 33 15 12 21 12 19 11 20 22 29 12 19 24 18 26 9 19 7 15 22 19 32 31 30 19 7 31 29 38 27 15 40 15 36 13 31 45 13 27 35 28 27 21 14 36 17 22 43 20 20 20 31 32 18 22 24 14 27 39 26 7 33 10 9 33 19 26 17 18 32 23 14 15 27 14 6 22 18 16 23 17 25 9 19 22 18 27 32 34 21 3 31 32 12 41 1 29 16 
15 18 21 21 35 7 24 6 20 32 9 15 8 21 22 6 25 26 21 23 16 11 16 19 18 30 16 4 28 38 12 37 27 33 18 46 36 28 36 26 19 40 26 47 47 48 37 19 48 47 56 45 32 59 5 34 12 24 31 5 26 38 25 12 29 31 46 28 17 51 35 38 34 35 48 36 32 22 32 41 52 39 20 50 28 10 45 37 44 35 28 50 12 27 29 40 27 12 40 14 15 27 14 6 22 36 40 34 33 49 49 37 21 49 47 29 58 19 47 34 
42 26 15 55 24 34 16 32 49 20 26 31 27 32 16 30 30 62 16 46 22 41 52 16 38 46 38 33 32 23 46 4 34 9 26 36 29 26 37 26 16 26 45 16 45 27 34 32 19 39 51 38 18 44 30 62 38 56 67 31 54 61 54 48 47 17 10 8 23 17 11 22 9 10 19 32 46 50 22 48 59 47 32 48 21 27 10 25 37 24 7 30 46 12 38 48 38 26 36 23 42 49 42 39 34 15 27 14 6 22 52 40 24 42 51 34 53 24 40 21 
42 34 15 48 43 21 30 30 48 39 20 13 22 41 13 21 5 47 26 23 13 24 42 22 16 21 18 28 6 12 30 30 8 17 9 28 26 31 11 2 21 13 20 27 22 22 10 10 25 19 30 17 9 31 25 39 20 37 53 22 31 37 32 36 21 9 34 19 30 43 17 12 17 34 27 8 20 29 6 22 33 21 10 25 5 19 31 10 16 8 20 23 31 14 12 22 12 16 13 26 23 25 24 34 10 14 12 14 30 25 27 14 6 22 25 7 32 9 20 8 
51 45 27 54 55 28 41 39 56 51 30 20 32 51 24 30 10 49 38 22 24 29 47 33 19 16 21 37 8 16 35 41 8 27 19 36 37 11 54 13 33 15 18 34 11 24 5 16 31 12 19 10 18 25 34 36 25 38 56 31 30 31 31 41 17 19 44 30 41 53 27 17 27 45 32 5 13 29 15 11 22 11 15 14 16 28 40 13 10 14 31 23 35 26 7 12 9 26 5 37 26 23 28 43 13 23 14 23 41 29 15 3 17 14 14 6 22 19 12 16 
40 32 14 46 42 19 28 28 46 38 18 12 20 39 11 19 4 45 25 22 11 22 40 20 15 21 16 26 6 13 29 30 8 16 7 26 26 2 13 28 19 14 20 28 24 23 12 9 26 22 32 19 10 33 23 38 19 36 52 20 31 36 31 34 21 9 34 18 28 43 17 14 17 33 27 10 20 28 7 23 34 22 8 27 4 17 31 11 18 10 19 25 29 14 12 23 12 14 15 24 21 25 23 32 9 15 14 14 29 26 28 15 4 24 27 8 34 6 22 10 
27 13 6 39 23 18 8 16 33 18 10 19 11 20 9 14 23 46 5 34 9 25 36 0 26 36 25 16 25 26 30 18 27 16 15 19 16 21 33 19 13 29 34 30 44 35 32 22 31 40 51 38 19 49 13 48 23 41 51 15 40 50 40 31 36 18 27 9 9 32 19 26 17 17 31 30 37 36 21 42 54 41 22 47 18 11 26 27 37 25 10 37 30 11 30 42 29 12 35 7 28 37 28 23 24 21 29 19 14 33 48 35 15 43 47 27 54 14 41 22 
53 43 23 61 48 34 36 41 60 44 32 26 34 50 20 34 17 60 33 35 24 37 55 30 29 31 31 40 16 2 43 30 18 17 22 40 26 13 15 14 29 45 31 19 19 9 10 23 15 12 24 11 9 19 37 50 33 50 66 35 43 46 44 49 31 11 30 22 39 40 15 3 16 36 17 9 28 41 8 26 35 26 23 22 12 31 26 3 10 5 23 10 44 18 21 27 22 28 12 35 36 36 37 47 23 10 1 12 32 14 27 18 19 15 27 17 27 21 14 6 
41 42 31 40 56 20 42 32 45 52 26 15 27 47 29 24 15 32 39 5 25 15 32 34 8 3 9 29 15 31 19 49 13 37 19 26 45 20 18 20 34 31 85 48 27 41 22 12 46 30 35 29 30 43 28 18 14 20 38 23 12 16 13 26 2 29 54 36 39 62 38 32 37 51 47 22 7 11 27 16 26 14 12 29 25 24 51 29 28 28 37 41 20 33 10 15 9 22 23 34 11 4 13 32 10 35 31 34 47 45 25 17 20 32 23 14 37 21 30 29 
57 42 26 68 40 43 33 46 64 37 38 38 39 49 25 41 32 72 32 51 31 49 64 30 43 48 44 46 33 17 55 19 35 14 32 47 16 27 34 28 30 19 48 56 38 14 29 37 4 30 41 30 18 30 42 66 45 64 78 42 59 64 60 59 49 18 14 20 38 23 12 16 13 26 2 28 46 56 20 45 54 45 36 40 23 37 9 20 29 20 20 17 55 19 38 46 39 36 31 37 49 53 50 52 37 13 20 14 23 7 46 37 29 32 46 34 44 30 32 18 
63 56 38 66 66 40 52 51 68 61 42 32 44 63 35 42 22 59 49 32 36 40 58 44 30 24 32 49 19 22 45 50 19 35 31 47 45 22 11 24 44 19 27 38 37 25 12 27 34 8 8 8 27 18 46 42 36 47 65 42 38 36 40 52 25 28 50 40 52 60 34 23 35 55 36 14 20 38 23 12 16 13 26 2 26 40 46 20 9 21 41 23 46 35 18 13 20 37 9 48 36 31 38 54 25 30 18 31 50 32 8 10 29 7 8 18 10 31 6 24 
61 48 29 69 51 42 40 49 67 47 39 35 41 55 27 41 26 69 38 44 32 46 63 35 38 40 40 48 26 10 52 31 28 19 30 48 27 22 24 23 35 9 41 14 25 28 19 33 9 17 27 16 16 17 44 59 42 59 75 43 52 55 54 58 41 17 28 26 44 38 17 9 19 38 11 18 37 51 16 34 41 34 32 27 20 38 23 12 16 13 26 2 53 23 30 35 31 36 19 41 45 46 46 54 32 13 9 16 34 7 33 26 27 19 33 26 29 29 18 14 
52 45 26 57 54 30 40 40 58 49 31 22 33 51 23 31 12 53 37 27 24 32 50 32 22 21 24 38 10 12 38 38 11 24 19 37 34 10 5 12 32 10 22 29 12 19 41 18 26 9 19 7 15 22 35 41 28 42 60 32 34 36 36 44 22 16 40 28 41 49 23 13 24 43 28 2 18 33 11 15 25 15 17 14 14 29 36 9 6 10 29 18 38 23 12 16 13 26 2 37 29 27 31 44 16 19 9 20 38 25 18 7 17 12 17 9 22 19 9 12 
35 31 18 39 45 12 30 24 40 40 16 4 17 37 16 15 6 36 27 13 12 13 32 22 6 14 7 21 8 23 20 36 7 25 7 19 32 10 16 9 22 23 12 37 27 33 18 77 36 28 36 26 19 40 19 29 10 27 42 15 21 29 22 26 14 18 42 24 28 50 26 23 25 38 37 17 15 18 17 22 33 20 1 30 14 14 39 21 25 19 25 34 20 21 10 21 8 11 20 23 12 16 13 26 2 24 23 23 34 36 29 17 8 30 27 9 38 8 28 19 
58 44 26 69 44 43 35 47 65 40 38 37 40 51 25 41 30 71 34 49 31 48 64 32 42 46 43 46 30 14 54 23 33 15 31 48 19 25 31 26 31 15 46 4 34 9 26 36 47 26 37 26 16 26 43 64 44 63 77 42 57 61 58 59 46 17 18 22 40 28 12 13 14 30 2 25 44 54 18 41 50 42 35 36 22 37 14 17 25 17 22 12 54 20 36 42 36 36 27 38 47 51 49 53 36 12 16 13 26 2 42 33 28 28 42 31 39 30 28 16 
62 53 34 67 61 40 48 50 68 56 40 32 42 60 31 41 21 62 45 35 33 41 60 41 32 28 34 48 19 15 47 43 20 29 29 47 39 19 12 22 40 12 30 30 8 17 9 28 26 24 11 2 21 13 45 48 38 51 69 42 42 42 44 54 29 22 43 35 49 53 28 16 29 49 28 11 25 42 18 18 24 19 27 10 22 39 38 14 3 15 35 15 48 30 20 20 22 36 7 45 38 35 40 54 26 23 12 25 45 24 16 13 26 2 16 19 14 28 1 18 
71 64 45 74 72 48 59 59 76 68 50 40 52 71 42 50 30 67 56 40 43 48 66 52 38 32 40 57 27 27 53 55 28 41 38 56 51 30 19 32 51 24 35 41 8 27 19 36 37 11 33 13 33 15 54 49 45 55 73 51 45 42 47 60 33 34 54 46 60 64 39 28 41 61 39 21 28 46 30 18 18 20 35 6 33 48 50 25 14 27 47 25 54 42 26 20 28 45 16 56 44 38 46 62 33 35 23 36 56 34 12 19 36 8 13 26 2 38 10 30 
60 51 32 65 59 38 46 48 65 55 38 30 40 58 29 39 19 60 43 33 31 39 58 39 30 27 32 46 17 14 45 42 18 28 27 45 38 17 10 19 38 11 29 30 8 16 7 26 26 2 13 27 19 14 43 46 36 49 67 40 41 41 42 52 28 21 42 33 47 52 26 15 28 47 28 9 23 40 16 17 24 18 25 10 20 37 37 12 1 14 34 15 46 29 18 19 20 34 5 43 36 33 38 52 24 22 10 23 43 24 16 12 24 4 16 17 16 26 2 17 
45 33 13 53 39 27 26 33 51 35 23 20 25 40 11 25 14 54 24 32 16 31 48 20 25 30 26 32 15 6 38 23 17 8 15 32 18 9 18 10 19 9 30 18 27 16 15 19 16 21 33 19 53 29 28 48 28 46 61 27 41 46 41 42 31 1 25 13 29 35 8 6 9 28 18 13 29 38 3 30 40 29 18 29 5 22 21 7 18 5 14 18 38 9 21 30 21 20 17 26 31 34 32 38 19 5 10 5 23 17 33 21 12 24 32 16 35 13 22 2 
73 63 43 79 67 52 56 61 79 63 51 44 53 70 40 52 34 75 53 48 44 54 72 50 44 41 46 59 32 22 60 48 33 35 40 59 44 31 25 33 49 19 43 30 18 17 22 40 26 13 15 14 29 5 56 61 50 64 82 53 55 55 57 66 42 31 45 42 58 54 33 23 35 54 28 23 38 55 27 30 33 32 39 18 32 50 40 22 15 24 42 14 60 38 33 32 35 47 20 55 51 48 53 65 38 29 19 31 50 23 26 26 37 12 27 31 16 40 13 26 
16 14 16 26 31 8 18 4 23 27 5 14 3 19 18 4 23 32 15 26 12 15 22 13 19 31 18 3 26 35 17 31 26 28 15 5 30 25 34 23 13 37 28 42 46 44 35 19 43 45 54 43 28 56 96 38 14 29 37 4 30 41 30 18 30 27 41 22 12 46 30 35 29 30 43 33 33 26 29 41 52 39 20 49 24 6 40 34 42 32 23 46 17 22 29 40 27 8 38 9 18 29 17 10 22 31 37 29 27 44 48 36 18 47 46 27 57 16 45 30 
46 52 47 38 69 31 56 40 47 65 39 30 39 56 45 35 34 22 52 15 40 23 30 49 23 19 23 38 34 50 22 65 31 54 36 34 62 39 36 38 48 50 18 66 42 59 41 29 64 48 49 46 48 61 38 54 25 12 27 34 8 8 8 27 18 48 72 53 51 79 56 51 55 66 66 41 22 12 46 30 35 29 30 43 43 37 69 48 46 47 54 59 22 50 29 29 28 36 41 47 20 13 21 38 28 53 49 53 62 64 37 34 38 48 36 33 51 37 47 48 
27 28 22 29 44 6 31 18 32 40 14 7 14 33 21 10 16 26 27 11 15 3 22 23 6 17 4 15 18 32 10 40 17 31 13 12 38 20 25 19 23 33 14 45 36 42 28 10 44 38 45 36 28 50 14 25 82 19 33 9 17 27 16 16 17 27 48 29 26 55 33 33 32 41 46 27 20 12 26 29 39 27 11 39 22 12 46 30 35 29 30 43 10 27 18 28 16 11 30 22 4 15 4 18 12 32 33 31 37 45 37 26 16 40 35 19 47 14 38 28 
34 43 41 26 60 23 48 31 35 56 31 25 31 45 40 27 33 12 45 15 34 15 18 41 21 23 19 28 33 49 12 59 31 50 31 24 56 37 38 36 41 50 20 64 47 59 42 27 63 51 55 49 46 64 29 12 19 45 18 26 9 19 7 15 22 45 67 48 42 74 52 50 51 59 64 42 27 9 44 36 43 34 27 49 41 30 65 47 48 46 49 60 12 46 30 35 29 30 43 38 15 16 14 27 27 51 49 50 56 63 44 37 34 52 42 33 57 33 50 46 
33 47 53 18 64 34 55 36 31 62 41 40 40 47 53 37 49 6 53 33 47 29 15 51 37 41 35 35 50 65 23 69 49 63 45 31 67 53 56 52 51 66 38 78 65 75 60 42 77 69 73 67 61 82 37 27 33 18 25 36 28 36 26 19 40 60 78 59 48 83 66 66 64 67 78 59 45 27 59 55 61 53 43 67 55 41 77 63 66 62 60 76 22 58 48 53 46 42 61 46 30 35 29 30 43 65 66 64 65 78 63 55 49 70 61 50 75 47 68 61 
20 18 17 26 35 3 21 8 25 31 5 10 5 23 17 1 20 30 18 21 11 11 21 15 15 27 13 6 23 33 14 33 23 28 13 5 31 22 31 20 15 35 23 42 42 43 32 15 42 42 51 40 27 53 4 34 9 26 36 92 26 37 26 16 26 25 42 23 16 48 30 33 29 32 43 30 29 22 27 37 48 35 16 45 22 5 41 32 39 30 24 44 14 22 25 36 23 6 35 12 14 25 13 12 18 30 35 29 30 43 44 32 16 44 42 24 53 14 42 28 
39 44 38 34 61 23 48 33 42 57 31 22 31 48 37 27 26 21 44 8 32 15 26 40 15 14 15 30 26 43 15 57 24 46 27 26 54 31 30 31 40 43 12 59 38 52 34 21 57 42 45 41 41 55 30 8 17 9 28 26 61 11 2 21 13 40 63 45 43 71 48 44 47 58 58 34 17 4 38 27 33 25 22 40 35 29 61 41 40 39 46 53 16 42 22 25 21 28 35 39 12 7 13 31 21 46 43 45 54 57 35 29 30 43 33 26 47 29 42 40 
51 55 47 45 71 33 58 44 53 67 41 31 42 60 45 38 32 30 54 16 41 26 37 50 24 15 24 42 31 47 27 65 29 53 35 38 61 37 31 36 50 46 16 64 36 55 36 29 61 42 42 41 46 55 41 8 27 19 36 37 11 70 13 33 15 46 71 53 53 79 54 48 54 67 63 37 18 16 43 24 27 23 29 37 41 39 68 44 41 44 54 55 28 49 25 22 25 38 36 49 23 12 24 43 27 51 46 51 63 61 30 29 37 43 29 30 43 37 41 45 
38 44 39 32 61 22 47 32 40 57 30 22 31 47 38 27 27 19 44 9 32 15 24 40 16 15 15 29 28 44 14 57 26 47 28 25 54 32 31 31 40 44 13 60 40 54 36 22 58 44 47 42 41 57 30 8 16 7 26 26 2 13 58 19 14 41 64 45 42 71 48 45 48 57 59 35 19 4 39 29 35 27 23 41 36 29 61 42 42 41 46 54 14 42 24 27 22 28 37 38 12 9 12 30 22 46 44 46 54 58 37 30 30 45 35 27 49 30 43 41 
19 29 33 13 47 15 36 17 20 43 21 22 20 31 34 18 32 14 33 22 27 12 6 31 22 30 20 15 34 48 6 50 33 44 27 12 48 36 41 34 31 49 26 59 52 58 44 26 59 54 60 52 42 66 18 27 16 15 19 16 21 33 19 60 29 41 59 40 29 64 47 48 45 48 59 43 34 17 42 43 52 41 27 54 37 21 57 46 51 44 41 59 6 39 34 42 32 22 46 26 15 25 13 12 28 46 49 45 46 59 51 41 30 56 49 35 63 29 54 43 
44 44 33 43 59 23 45 35 48 54 29 17 30 49 31 26 16 34 41 7 27 18 35 37 11 1 12 32 15 32 22 50 13 38 21 29 47 21 17 21 36 31 2 49 25 41 22 14 46 29 33 28 31 42 30 18 17 22 40 26 13 15 14 29 87 31 55 38 41 64 39 33 39 53 48 22 5 13 28 14 23 12 14 27 26 27 52 29 27 28 39 41 23 34 10 13 9 25 22 37 14 5 16 35 12 36 31 35 49 46 22 16 22 30 20 14 35 23 29 30 
43 32 12 52 38 26 25 31 50 33 22 20 24 39 9 24 14 53 22 32 14 30 47 19 24 30 25 30 15 8 37 22 17 8 14 31 17 9 19 9 18 11 29 18 28 17 16 18 17 22 34 21 1 31 27 48 27 45 60 25 40 46 41 41 31 77 25 12 27 34 8 8 8 27 18 14 29 37 4 30 41 30 18 30 4 21 21 8 20 7 12 19 37 7 21 31 21 19 19 24 30 34 31 37 19 5 11 4 22 18 34 22 11 25 33 16 37 12 24 4 
52 36 25 66 29 44 26 43 59 27 37 41 38 41 26 41 39 72 26 56 32 51 63 27 48 55 48 44 40 28 56 10 42 17 36 46 10 34 44 34 27 30 54 14 50 28 40 42 18 43 54 42 25 45 41 72 48 67 78 42 63 71 64 59 55 25 28 19 33 9 17 27 16 16 17 38 54 60 29 55 65 55 42 52 29 37 4 30 41 30 18 30 56 21 46 56 46 37 42 33 52 58 53 50 43 21 31 20 14 21 58 47 33 45 57 42 57 34 44 27 
36 22 6 48 26 25 14 26 43 21 18 23 19 29 7 22 22 54 12 37 13 32 45 10 29 38 29 26 24 19 37 12 26 6 17 28 8 19 30 18 9 22 36 20 40 26 28 24 22 35 46 33 13 42 22 53 29 48 59 23 45 53 45 40 38 12 19 59 18 26 9 19 7 15 22 26 38 41 16 41 52 40 24 42 14 18 17 20 32 19 1 29 37 4 30 41 30 18 30 16 33 41 34 32 26 12 23 10 10 24 46 33 16 37 44 26 49 15 36 16 
19 4 15 33 18 20 7 11 26 14 12 24 11 11 18 15 30 43 6 37 16 27 32 8 30 42 29 13 33 36 30 23 34 25 22 17 23 30 41 28 9 39 39 38 52 44 41 28 40 49 60 47 29 58 12 51 26 42 48 16 43 53 42 29 41 27 33 18 75 36 28 36 26 19 40 38 43 38 31 50 61 48 28 55 27 14 33 36 46 34 18 46 29 20 38 49 36 16 43 4 30 41 30 18 30 30 39 28 18 42 56 43 23 52 54 35 63 21 50 32 
55 38 32 69 26 50 28 47 61 26 42 49 43 42 34 46 47 78 30 64 39 58 68 32 55 64 56 48 49 38 62 14 51 26 43 51 17 43 53 43 32 40 62 23 60 38 49 50 28 53 64 52 35 54 46 79 55 74 83 48 71 79 71 64 64 34 9 26 36 8 26 37 26 16 26 48 63 67 38 65 75 64 50 62 38 43 14 40 51 39 25 40 62 29 55 65 55 43 52 37 59 67 59 54 52 30 41 30 18 30 67 56 42 55 67 51 67 42 54 37 
45 32 14 56 34 31 23 34 52 30 26 26 27 38 12 29 22 60 21 40 19 37 52 19 32 38 33 34 23 12 43 15 25 3 20 35 11 17 27 17 19 15 38 12 34 17 23 26 12 28 39 26 8 33 30 56 33 52 66 30 48 54 48 47 39 8 17 9 28 26 61 11 2 21 13 21 37 45 12 38 49 38 25 37 12 25 13 14 25 13 9 19 43 7 29 39 29 24 25 26 37 42 38 40 27 4 16 3 17 14 41 30 18 30 40 25 42 19 29 10 
51 40 20 59 45 32 33 39 58 41 30 26 32 47 17 32 17 59 30 36 22 36 54 27 29 32 30 38 17 1 43 27 19 13 20 38 22 12 17 14 26 3 32 16 23 9 13 23 13 16 28 15 6 23 35 51 33 50 66 33 44 48 45 48 33 8 27 19 36 37 11 83 13 33 15 11 30 41 6 28 38 28 22 25 10 29 23 3 14 4 19 11 43 15 22 29 23 26 15 32 35 37 37 45 23 7 4 8 28 13 30 20 17 19 30 18 30 19 17 4 
44 30 12 55 32 30 21 32 50 28 24 26 26 36 11 27 22 58 19 39 17 36 50 17 31 38 32 32 23 14 42 14 25 1 20 34 9 17 27 17 17 16 37 13 35 19 24 25 14 29 41 28 9 35 29 55 32 51 64 29 47 54 48 45 39 8 16 7 26 26 2 13 60 19 14 22 37 44 12 39 49 38 25 38 12 24 13 15 27 14 7 21 42 6 29 39 29 22 26 24 36 42 37 39 26 6 17 4 15 16 42 30 17 32 41 25 44 18 30 11 
38 21 20 53 13 35 12 31 44 11 27 36 27 26 22 31 37 62 14 51 26 43 51 17 43 53 42 32 40 33 47 6 41 19 31 35 10 34 45 33 17 36 51 26 55 38 43 38 30 49 61 47 28 54 30 66 41 59 67 32 58 67 57 48 53 27 16 15 19 16 21 33 19 36 29 41 53 53 31 56 68 55 38 57 29 28 18 35 47 33 14 40 47 19 45 56 44 29 46 21 45 54 45 37 40 25 37 24 4 33 61 48 30 52 60 41 63 30 50 30 
58 44 27 69 43 44 35 47 65 40 39 38 40 51 26 42 32 72 34 50 32 49 65 32 43 47 44 47 32 16 55 22 34 16 32 48 19 27 32 27 31 17 47 2 36 11 28 37 2 28 39 28 18 28 43 66 46 64 78 43 58 63 59 59 48 18 17 22 40 26 13 15 14 29 61 27 45 56 20 43 52 43 36 38 23 38 12 19 27 19 22 14 55 21 37 44 38 37 29 38 49 52 50 54 37 13 18 14 26 4 44 35 29 30 44 33 41 31 30 18 
50 43 24 56 51 29 38 38 56 47 29 21 31 49 21 30 10 52 35 26 22 30 49 30 21 21 23 37 8 10 36 36 10 22 18 36 32 8 5 10 30 9 22 28 14 18 2 17 25 11 21 9 13 23 33 41 27 42 59 30 34 37 35 43 22 14 38 26 38 48 21 11 22 41 27 50 19 33 9 17 27 16 16 17 12 27 34 8 8 8 27 18 37 21 11 17 13 24 4 34 28 27 30 42 15 17 9 18 36 24 20 8 15 13 19 8 24 17 11 11 
48 47 33 47 60 26 46 38 52 56 31 19 32 52 31 29 16 39 42 12 28 22 39 38 14 4 15 35 14 29 27 50 12 37 22 32 46 20 13 20 37 28 7 46 20 37 18 15 44 25 28 23 29 38 33 22 20 27 45 29 17 18 19 34 5 29 54 38 43 63 37 30 37 53 45 19 24 18 26 9 19 7 15 22 25 29 51 26 23 26 39 37 27 34 8 8 8 27 18 39 18 10 20 39 13 34 28 34 49 43 17 11 22 26 15 12 30 23 24 28 
35 40 35 30 57 18 43 28 38 53 26 18 27 44 33 23 24 20 40 6 28 11 22 36 12 14 11 26 24 41 11 53 23 43 24 22 50 29 29 28 36 41 11 56 38 51 33 18 54 42 46 40 38 55 26 12 12 9 27 22 4 16 4 17 13 37 60 41 38 67 45 41 44 53 56 33 18 55 36 28 36 26 19 40 32 25 57 39 39 37 42 51 12 38 21 26 20 24 34 34 8 8 8 27 18 43 41 42 50 54 36 28 26 43 34 24 48 26 41 38 
45 35 15 53 42 26 29 33 52 38 24 19 26 42 12 26 11 53 26 30 16 30 47 22 23 27 24 32 12 6 36 26 14 12 14 32 22 6 15 7 21 8 27 20 23 16 11 17 18 18 30 16 3 27 29 46 26 44 59 27 38 43 39 42 28 4 29 16 31 38 12 6 12 31 20 9 26 36 69 26 37 26 16 26 4 23 25 5 15 3 17 17 37 12 18 27 18 20 14 27 29 32 30 39 17 8 8 8 27 18 30 18 11 21 28 13 32 13 19 2 
56 53 37 57 65 34 51 46 61 61 38 26 39 59 35 37 19 48 47 21 33 31 49 43 22 13 24 43 17 27 36 52 15 38 27 41 48 22 11 23 42 26 16 45 12 34 15 22 41 18 18 17 30 30 41 30 29 36 55 37 27 24 29 43 14 30 55 41 50 65 38 28 39 56 43 17 9 28 26 16 11 2 21 13 27 36 51 25 17 25 42 33 37 37 12 1 13 33 14 45 27 20 29 48 19 34 25 35 52 40 8 8 27 18 6 15 20 28 17 28 
67 65 49 66 77 45 63 57 71 72 49 38 51 71 46 48 31 55 59 30 45 41 58 55 33 22 35 54 28 37 46 63 27 49 39 52 59 33 22 34 54 35 26 54 16 41 25 33 50 24 18 24 40 33 52 35 39 43 61 48 33 27 35 52 23 41 65 52 61 75 49 38 49 68 52 27 19 36 37 11 16 13 33 15 38 47 61 35 25 35 53 40 46 48 23 12 25 45 23 57 37 27 39 58 30 44 34 45 63 49 8 19 38 23 8 27 18 40 23 38 
54 52 36 55 64 32 50 44 59 59 36 25 38 58 33 35 18 46 46 19 32 29 47 42 20 11 22 41 15 27 34 52 14 38 26 39 47 21 11 22 41 26 14 45 13 34 15 20 42 19 20 18 29 32 39 29 27 34 53 35 25 23 27 41 12 30 55 40 48 64 38 28 38 55 43 16 7 26 26 2 13 17 19 14 26 34 51 25 18 25 41 33 35 36 10 1 12 32 14 44 25 18 27 46 17 34 25 34 51 40 10 8 25 20 8 14 22 27 18 27 
36 32 18 40 45 13 30 24 41 40 16 5 18 38 16 15 5 37 27 14 12 14 33 22 6 14 8 22 7 22 21 36 6 24 7 20 32 10 15 8 22 23 12 36 26 32 17 1 35 27 35 25 18 39 20 30 11 27 43 16 22 29 23 27 14 18 42 24 28 50 25 22 25 38 36 16 15 19 16 21 33 19 54 29 13 14 39 20 24 18 25 33 21 20 9 21 7 12 19 24 12 16 14 27 2 23 22 23 34 35 28 16 8 29 26 8 37 8 27 18 
65 59 41 68 68 43 55 54 71 64 45 35 47 66 38 45 25 61 52 34 39 42 60 47 32 26 34 52 22 24 48 52 22 38 33 50 48 25 14 27 47 22 29 40 2 27 14 30 36 10 6 10 29 18 49 43 39 49 67 45 40 37 41 54 27 30 52 42 55 62 37 25 38 57 38 17 22 40 26 13 15 14 29 37 29 43 48 22 11 24 43 25 48 38 20 14 22 40 12 51 38 32 41 57 27 32 21 34 53 34 7 13 32 8 8 21 8 33 8 27 
41 31 12 49 39 22 26 29 47 35 19 15 21 38 9 21 9 49 23 27 12 26 43 18 20 26 21 28 11 10 32 25 13 12 10 28 21 5 16 4 18 12 25 23 26 20 14 14 22 22 33 20 5 32 24 43 22 41 55 22 35 41 36 37 26 4 29 14 27 38 12 10 12 29 23 12 25 32 4 27 38 26 13 29 38 18 26 9 19 7 15 22 33 9 17 27 16 16 17 23 25 29 27 34 14 10 12 9 25 22 31 18 6 25 30 12 36 8 23 6 
23 17 12 31 32 7 18 10 29 28 1 9 3 23 12 3 18 35 15 23 6 14 26 11 16 27 15 9 20 29 19 29 21 23 9 10 27 19 28 17 11 31 24 37 40 38 29 14 37 39 48 37 22 50 6 37 12 30 41 5 29 39 29 21 27 21 37 18 14 43 25 29 24 28 38 27 29 25 23 36 47 34 14 43 18 66 36 28 36 26 19 40 19 17 24 35 22 2 32 9 17 27 16 16 17 26 31 24 25 39 43 30 12 41 41 22 51 10 39 24 
52 36 24 65 31 42 26 42 59 29 35 39 37 42 24 39 35 71 26 53 30 49 62 26 45 52 45 43 37 24 54 11 39 14 33 45 10 31 40 31 26 26 51 9 46 23 36 39 14 38 50 37 21 40 40 69 46 65 77 41 61 68 61 57 52 21 4 17 33 14 13 23 13 18 12 34 51 57 25 51 61 51 39 48 26 36 19 26 37 26 16 26 54 19 43 52 43 35 38 33 50 56 50 49 40 17 27 16 16 17 53 43 31 41 53 38 52 31 40 23 
50 40 20 58 47 31 34 38 57 42 29 23 31 47 18 31 14 57 31 32 21 34 52 27 26 29 28 37 14 2 40 29 16 15 19 37 25 10 13 11 27 3 29 20 20 12 9 21 17 14 25 12 7 22 34 48 30 47 63 32 41 44 42 46 29 8 30 20 36 40 14 3 15 35 19 8 26 39 5 25 35 25 20 22 9 28 26 34 11 2 21 13 41 16 19 25 19 25 11 33 33 34 34 44 20 9 3 11 30 16 27 16 16 17 26 14 28 18 15 4 
59 50 31 64 58 37 45 46 64 54 37 29 39 57 28 38 18 59 42 33 30 38 57 38 29 26 31 45 16 13 44 41 17 27 26 44 37 16 10 18 37 10 28 29 9 16 6 25 25 3 14 1 18 15 42 46 35 48 66 39 40 41 42 51 27 20 41 32 46 51 25 14 27 47 27 8 23 39 15 17 25 18 24 11 19 36 37 11 54 13 33 15 45 27 17 19 19 33 4 42 35 33 37 51 23 21 9 22 42 23 17 11 23 5 16 16 17 25 3 16 
48 38 18 56 45 29 32 36 55 41 27 22 29 45 16 29 13 55 29 31 19 32 50 25 25 28 26 35 13 3 39 28 15 14 17 35 24 8 14 10 25 5 28 20 21 13 10 19 17 15 27 14 5 24 32 47 29 46 62 30 39 44 41 44 28 7 30 19 34 39 13 4 14 33 19 8 26 37 3 25 35 25 18 24 7 26 26 2 13 33 19 14 39 14 18 26 19 23 12 31 31 33 33 42 18 9 5 9 29 17 28 17 14 18 27 14 30 16 17 2 
37 22 7 49 25 26 13 26 43 21 19 24 20 29 8 22 23 54 12 38 14 33 45 10 30 39 30 26 25 20 38 11 27 6 18 28 7 20 31 19 10 23 37 20 41 26 29 25 22 35 47 34 14 42 23 54 30 49 60 24 46 54 46 41 39 12 18 1 18 25 9 19 7 14 22 27 39 42 17 42 53 41 25 43 15 19 16 21 33 19 32 29 38 5 31 42 31 19 31 17 34 41 34 33 27 13 24 11 9 24 47 34 17 38 45 27 50 16 36 17 
63 51 31 71 54 44 43 51 69 50 41 37 43 58 29 43 27 70 41 45 34 47 65 38 39 40 41 50 26 11 54 34 28 22 32 50 30 23 23 25 37 10 41 17 23 2 18 34 12 15 25 15 18 14 46 59 43 60 76 44 53 55 54 59 41 19 30 29 46 40 19 11 21 40 14 18 37 51 17 33 40 33 33 25 22 40 26 13 15 14 29 34 54 25 30 34 31 38 19 44 46 46 47 56 33 16 10 18 36 9 32 26 28 17 32 27 27 30 16 16 
23 30 30 20 47 12 35 18 26 44 19 17 19 33 30 15 27 16 32 16 24 6 12 30 16 24 14 16 28 43 0 48 27 41 23 12 46 31 35 29 30 44 20 55 46 53 38 20 54 48 54 46 38 60 17 22 10 12 22 14 16 28 14 6 23 37 56 37 29 62 43 43 42 47 55 37 27 12 37 37 46 35 21 48 33 19 54 41 45 39 38 54 37 36 28 36 26 19 40 26 9 19 7 15 22 42 43 41 44 55 45 35 26 50 43 29 56 24 48 39 
38 25 6 48 30 24 17 26 44 26 18 20 19 32 5 21 18 52 15 34 11 30 44 12 26 34 27 26 20 15 36 16 22 5 14 27 12 14 26 14 11 18 33 19 35 23 23 21 20 30 42 29 9 38 22 50 27 46 58 22 42 49 42 39 34 7 21 4 20 29 7 15 6 19 21 21 34 38 12 37 48 36 20 38 9 17 19 16 27 14 5 25 36 52 26 37 26 16 26 18 31 37 31 33 22 9 19 7 15 22 41 28 12 33 40 22 45 12 31 12 
45 41 26 47 53 22 39 34 50 49 26 15 27 47 23 25 8 41 36 15 21 21 40 31 12 10 14 32 6 21 27 42 4 29 15 29 38 12 7 12 30 21 10 38 18 30 12 10 36 20 26 18 21 33 29 29 18 30 48 25 22 25 24 34 10 21 46 30 38 55 29 22 29 45 37 11 8 21 18 12 23 10 9 20 17 24 43 19 17 18 31 30 28 26 19 11 2 21 13 33 18 15 20 36 7 26 20 26 41 35 19 7 15 22 17 4 28 16 20 19 
55 53 37 56 65 33 51 45 60 61 37 26 39 59 34 36 19 47 47 20 33 30 48 43 21 12 23 42 16 28 35 53 15 39 27 40 48 22 12 23 42 27 15 46 13 35 16 21 42 20 20 19 30 32 40 29 28 35 53 36 25 22 27 42 13 31 56 41 49 65 39 29 39 56 44 17 8 26 27 1 12 1 21 14 27 35 52 25 19 26 42 34 36 37 11 38 13 33 15 45 26 18 28 47 18 35 26 35 52 41 9 9 26 20 7 15 22 28 19 28 
43 40 25 45 52 20 38 32 48 48 24 13 26 46 22 23 7 40 34 13 20 19 38 30 10 9 12 30 6 22 25 42 3 28 14 27 38 12 9 12 29 22 9 39 20 31 13 8 36 22 28 20 21 35 27 28 16 29 46 23 21 25 22 32 9 21 46 30 36 55 29 23 29 44 38 13 8 20 18 13 25 12 7 22 16 22 43 19 19 19 31 31 26 26 2 13 15 19 14 32 16 14 18 34 5 26 21 26 40 36 21 9 14 24 19 5 31 15 22 20 
25 20 11 33 34 7 20 13 31 29 4 7 6 26 11 5 15 36 16 22 5 14 28 12 14 25 13 12 18 26 19 29 18 21 6 12 26 16 26 14 12 28 22 36 37 36 26 11 36 36 45 34 20 47 8 36 11 30 42 6 28 38 28 22 25 19 37 18 16 43 24 26 22 29 37 24 27 24 20 33 45 32 12 40 16 2 35 25 33 23 19 38 19 16 21 33 19 30 29 12 16 25 16 18 14 24 28 22 26 37 40 27 9 38 38 19 48 7 36 22 
55 47 29 59 56 33 43 43 60 52 33 25 36 54 26 34 14 54 39 28 27 34 52 35 24 22 26 41 12 14 40 41 13 26 22 40 36 13 5 15 35 12 23 31 9 19 2 20 27 7 16 5 17 20 38 41 30 43 61 35 35 36 37 46 22 19 42 30 43 52 25 15 26 46 29 4 18 34 14 14 23 14 19 12 17 32 38 11 4 12 31 19 40 26 13 15 14 29 44 39 31 28 33 47 18 21 11 22 41 26 15 7 20 9 15 11 19 22 7 15 
20 8 12 32 22 16 9 9 26 18 8 19 7 14 15 11 26 41 7 33 12 23 30 6 26 37 25 11 29 33 26 23 30 23 18 14 23 26 37 24 7 35 34 37 48 41 37 23 38 45 56 43 26 55 9 47 22 38 46 12 39 49 38 26 37 24 33 16 4 37 26 32 24 21 38 34 39 34 27 45 57 44 24 51 23 9 33 33 42 31 17 44 26 18 33 45 32 12 39 72 26 37 26 16 26 28 36 26 19 40 52 39 19 48 50 30 59 17 46 28 
30 32 26 29 49 10 35 21 34 45 18 10 19 37 25 15 18 24 32 7 20 4 21 28 6 15 4 19 19 35 9 45 18 35 16 15 42 23 26 21 28 36 11 49 36 45 29 12 47 38 44 36 31 51 18 20 4 15 30 14 12 23 12 15 14 30 52 33 30 59 37 35 36 45 49 28 18 8 29 27 37 25 12 38 25 17 50 33 35 31 34 46 9 31 18 26 16 16 31 26 56 11 2 21 13 36 35 35 42 48 36 26 19 40 34 19 47 18 38 31 
41 44 34 38 59 21 45 33 45 55 29 18 29 48 33 26 20 28 42 3 28 15 30 38 11 6 12 30 20 36 18 53 18 41 23 27 49 25 23 25 37 36 4 53 31 46 27 16 51 35 38 33 34 48 29 13 15 16 35 25 7 12 9 25 5 34 58 41 41 67 42 37 42 54 52 27 10 8 32 20 27 18 16 32 29 27 56 34 33 33 41 46 19 37 15 18 14 25 28 37 11 72 13 33 15 40 36 39 50 50 28 21 25 36 26 19 40 25 34 34 
28 31 27 27 48 10 35 20 32 44 18 11 18 36 26 14 20 22 31 9 20 2 19 28 8 17 6 18 21 36 7 45 20 36 17 14 42 24 28 23 28 37 13 50 38 46 31 13 49 40 46 38 32 53 17 21 4 14 29 13 13 24 12 13 16 31 53 34 30 59 38 37 37 45 50 30 20 8 30 29 39 27 14 41 27 16 50 34 37 33 34 47 7 31 20 28 18 16 33 26 2 13 52 19 14 37 37 36 42 49 38 28 20 42 36 21 49 19 40 33 
8 17 26 16 34 14 25 6 13 31 15 22 13 18 28 13 32 26 23 29 22 17 14 22 25 36 23 6 35 45 15 40 34 38 25 6 39 34 43 32 23 47 32 52 54 54 44 26 53 54 62 52 38 65 10 38 18 27 30 12 31 43 30 12 35 37 50 32 18 54 40 45 39 37 54 42 39 27 39 48 58 46 27 57 34 16 49 44 51 42 33 56 15 33 36 47 34 18 47 16 21 33 19 38 29 41 47 40 36 54 56 44 28 56 54 36 65 26 54 40 
38 34 20 41 47 15 33 26 43 43 18 7 20 40 18 17 5 37 29 13 15 15 34 25 6 12 8 24 6 22 21 38 5 26 9 22 34 10 13 9 24 23 10 37 25 32 16 2 36 26 33 24 19 38 22 28 12 27 43 18 21 27 22 28 12 19 43 26 30 52 27 23 26 40 37 15 13 18 17 19 30 17 2 27 14 17 40 20 23 18 27 33 22 22 7 18 5 14 18 26 13 15 14 29 81 24 22 24 36 36 26 14 10 28 24 7 36 10 26 19 
47 34 15 57 38 31 26 35 54 34 26 25 28 41 13 29 19 59 24 38 19 36 52 21 30 35 31 35 20 8 42 20 22 6 19 36 15 14 23 15 21 10 35 13 30 13 19 24 12 23 35 22 5 29 31 53 32 51 65 30 46 51 46 46 36 5 21 12 30 30 4 7 6 25 13 17 34 43 8 34 44 34 23 32 10 26 17 9 21 9 13 16 42 9 26 35 26 24 21 28 36 40 37 41 24 53 11 2 21 13 37 26 16 26 36 21 38 18 25 6 
54 43 23 61 49 34 37 41 60 45 32 26 34 50 21 34 17 59 34 35 24 37 55 30 29 30 30 40 16 3 43 31 18 17 22 40 27 12 14 14 29 1 31 20 18 9 9 23 16 12 23 10 10 19 37 49 33 49 66 35 43 46 44 49 31 11 31 23 39 41 16 4 17 37 18 9 28 41 8 25 34 25 22 21 12 31 27 3 9 5 24 10 43 19 20 26 21 28 11 36 35 36 37 47 22 11 74 13 33 15 26 17 19 14 26 16 26 21 13 7 
45 32 13 55 36 29 24 33 52 32 24 24 26 39 11 27 19 58 22 37 17 35 50 19 29 35 30 33 20 9 41 18 22 4 18 34 14 14 23 14 19 12 34 14 31 16 20 23 13 25 36 23 5 31 29 53 31 50 64 29 45 51 46 45 35 4 20 10 28 30 3 8 4 24 14 18 34 42 8 35 45 34 23 34 9 24 16 11 22 9 11 18 41 7 26 35 26 22 22 26 35 39 36 40 24 2 13 52 19 14 38 26 15 28 37 21 39 16 26 7 
37 21 16 51 17 32 11 29 44 13 24 32 25 26 18 28 33 60 12 47 22 40 49 14 39 49 39 30 35 29 44 4 37 15 27 33 6 30 41 29 14 32 47 23 50 34 38 34 26 45 56 43 23 50 27 62 37 56 65 30 54 63 54 46 49 22 14 10 18 18 17 28 15 4 26 36 49 50 27 52 63 51 34 53 25 25 16 30 42 29 9 36 44 15 41 52 40 26 41 19 42 50 42 36 36 21 33 19 33 29 56 44 26 47 55 37 59 26 46 26 
60 46 28 70 46 44 37 48 66 43 39 38 41 53 26 42 30 72 36 49 32 49 65 34 42 45 43 48 30 13 55 26 32 17 32 49 22 25 29 26 33 14 45 7 32 7 25 36 2 24 34 24 17 23 44 64 45 63 78 43 57 61 58 59 46 18 21 24 42 30 14 13 16 33 4 24 43 54 18 40 49 40 35 34 22 39 17 16 23 17 24 9 55 22 35 41 36 37 26 40 48 50 49 54 36 13 15 14 29 53 40 32 29 26 40 31 37 30 26 16 
64 60 43 65 71 42 57 53 69 66 45 34 47 66 40 44 25 56 53 30 40 39 57 49 30 21 32 51 23 29 44 56 22 42 34 49 52 27 15 28 48 27 25 46 8 33 18 29 42 16 12 16 33 26 48 37 37 44 63 44 35 30 37 51 22 34 58 46 56 67 41 30 42 61 44 20 17 36 30 8 8 10 28 7 31 43 53 27 17 28 47 32 45 41 19 9 21 40 15 52 36 28 38 56 26 37 26 38 56 40 23 13 33 15 2 21 13 34 15 31 
52 47 30 55 58 30 44 41 57 53 32 21 34 53 27 32 12 49 40 22 26 29 47 36 19 15 21 38 9 19 35 44 9 30 21 37 40 14 3 15 35 18 17 37 10 26 7 17 33 13 19 12 21 26 36 34 26 37 55 32 29 29 30 41 16 22 47 33 43 56 30 20 30 48 35 8 11 28 18 8 19 8 16 13 18 30 43 16 11 17 34 26 35 28 7 9 9 27 7 39 26 21 28 44 14 26 17 26 44 32 13 4 19 14 11 8 21 21 13 19 
35 27 10 42 38 15 24 23 41 34 13 8 15 34 8 15 7 42 20 22 7 19 36 16 14 22 15 21 10 17 25 28 11 16 3 21 24 6 17 4 15 19 20 29 29 27 17 8 28 26 36 24 12 37 18 38 16 34 49 16 30 37 30 30 22 11 33 16 23 42 18 17 17 30 29 15 22 26 11 27 38 25 8 32 6 12 31 16 23 14 17 28 26 12 15 26 14 9 20 19 19 25 20 28 10 16 19 15 26 29 33 19 43 29 31 11 39 2 27 13 
64 56 37 69 64 42 51 52 70 59 43 34 45 63 34 43 24 63 48 36 36 43 62 44 34 29 36 50 21 18 49 46 22 32 31 49 42 22 14 24 43 15 32 32 7 19 12 30 28 2 8 4 24 12 47 48 40 52 70 44 43 43 45 56 30 25 45 37 52 55 30 19 32 52 30 13 26 43 21 18 23 20 29 8 25 41 41 17 5 18 38 17 50 33 22 20 24 38 9 48 40 36 42 56 28 26 14 28 47 26 15 14 29 26 15 21 11 31 2 21 
62 58 41 63 69 40 55 51 67 65 43 32 45 65 38 42 24 54 52 27 38 37 55 47 28 19 30 49 21 29 42 55 20 41 32 47 51 25 14 27 47 27 23 46 8 33 17 27 42 16 13 16 32 27 46 36 35 42 61 42 33 29 35 49 20 33 57 44 54 67 40 30 41 60 44 19 15 34 28 6 8 8 26 8 30 41 53 26 16 27 45 32 43 40 17 7 19 38 15 50 34 26 36 54 24 36 26 37 55 40 2 11 31 15 26 19 14 33 15 30 
44 38 22 48 50 21 36 32 49 45 23 13 25 45 19 23 4 43 32 18 18 22 41 28 13 14 15 30 1 17 28 38 1 24 12 29 34 7 6 8 27 17 14 34 18 26 9 9 31 19 26 17 16 31 27 33 19 33 50 24 26 30 27 35 14 16 42 26 35 51 25 18 25 41 33 8 12 24 13 15 27 14 8 21 12 22 38 14 16 14 27 27 29 22 4 15 5 19 11 30 19 19 21 36 7 21 16 21 37 31 21 8 11 21 19 66 29 13 19 15 
73 67 48 76 75 51 62 62 79 71 53 43 55 73 45 53 33 69 59 42 46 50 68 54 41 34 43 60 30 30 56 58 30 44 41 58 53 32 22 34 54 27 37 44 10 29 22 38 39 14 2 16 35 16 57 51 47 57 75 53 47 43 49 63 35 37 57 49 63 67 42 30 44 63 41 24 30 48 32 20 18 22 37 8 36 51 52 28 17 30 50 27 56 45 28 22 31 48 19 59 47 40 49 65 36 38 26 39 59 37 13 21 39 11 14 29 30 41 13 33 
33 25 10 40 37 13 23 21 39 32 11 7 13 32 8 13 8 41 19 22 5 18 34 14 13 23 14 19 11 19 24 27 12 17 1 19 24 9 19 6 14 21 21 30 31 29 19 8 30 28 38 26 13 40 16 37 14 33 47 14 29 37 30 29 23 12 34 15 21 42 19 19 18 30 31 17 23 26 13 28 40 27 8 33 8 10 31 18 25 16 16 30 24 12 16 28 15 7 22 17 18 25 19 26 10 18 21 16 26 30 34 21 2 31 33 13 41 39 29 14 
62 54 35 67 62 40 49 50 68 58 41 32 43 61 32 41 22 62 46 35 34 41 60 42 32 28 34 48 19 17 47 45 20 31 29 47 40 20 12 22 41 14 30 32 6 18 9 28 28 1 10 2 22 13 45 47 38 50 68 42 42 41 43 54 29 24 44 36 50 54 29 17 30 50 30 11 24 41 19 17 23 18 27 8 23 39 40 15 3 17 36 16 48 31 20 19 22 36 7 46 38 34 40 54 26 25 13 26 46 26 15 13 27 2 15 19 13 29 29 19 
47 36 16 55 42 28 29 35 53 38 25 21 27 43 13 27 13 55 26 32 18 32 49 23 25 29 26 34 14 4 38 25 16 11 16 34 21 8 16 10 22 6 29 18 24 14 12 19 16 18 30 17 2 26 30 48 28 46 61 28 40 45 41 43 30 4 27 16 32 37 10 4 11 30 18 11 28 38 2 28 38 27 18 27 6 24 23 4 16 2 17 16 39 12 19 28 20 22 15 28 31 34 33 40 19 6 7 7 26 16 31 19 13 21 30 15 33 14 19 59 
