28 8
41 8 13 19 17 16 12 0 19 20 14 5 13 6 7 8 13 14 18 18 9 9 17 6 19 13 12 5 
8 23 8 8 12 8 9 0 4 5 7 4 3 17 18 11 9 12 2 0 4 8 1 11 8 7 18 3 
13 8 32 8 18 19 1 10 11 14 15 15 13 10 17 7 10 20 12 14 9 10 20 12 0 12 20 15 
19 8 8 99 18 4 3 17 10 5 8 16 18 15 14 4 14 13 11 3 18 14 3 14 19 6 3 18 
17 12 18 18 39 17 5 0 2 17 2 4 12 12 2 12 15 6 4 18 5 9 11 8 9 13 20 19 
16 8 19 4 17 80 16 15 10 1 7 6 14 10 18 1 2 12 9 14 5 16 14 8 3 17 19 17 
12 9 1 3 5 16 1 12 20 18 20 9 17 1 17 9 20 2 15 1 9 11 11 1 8 8 16 18 
0 0 10 17 0 15 12 84 6 15 12 19 7 9 11 4 0 8 12 8 4 5 11 4 15 13 20 6 
19 4 11 10 2 10 20 6 69 2 7 1 8 14 14 0 20 20 13 14 13 0 8 4 6 17 16 5 
20 5 14 5 17 1 18 15 2 64 10 6 0 10 12 19 11 14 0 18 3 0 14 14 14 17 8 16 
14 7 15 8 2 7 20 12 7 10 89 18 18 16 7 11 8 4 5 20 17 12 19 4 3 11 9 17 
5 4 15 16 4 6 9 19 1 6 18 57 0 8 7 14 17 20 7 3 9 9 20 15 11 3 4 8 
13 3 13 18 12 14 17 7 8 0 18 0 22 0 4 8 14 2 17 11 3 10 11 9 3 3 9 1 
6 17 10 15 12 10 1 9 14 10 16 8 0 53 1 11 16 19 10 15 6 4 20 11 12 17 11 5 
7 18 17 14 2 18 17 11 14 12 7 7 4 1 19 16 6 5 13 11 1 7 20 10 0 4 15 11 
8 11 7 4 12 1 9 4 0 19 11 14 8 11 16 0 4 19 13 13 16 7 0 13 4 11 0 4 
13 9 10 14 15 2 20 0 20 11 8 17 14 16 6 4 6 19 2 7 2 9 12 4 5 7 11 20 
14 12 20 13 6 12 2 8 20 14 4 20 2 19 5 19 19 71 16 0 19 9 14 5 8 8 15 13 
18 2 12 11 4 9 15 12 13 0 5 7 17 10 13 13 2 16 65 0 10 19 7 12 20 10 19 12 
18 0 14 3 18 14 1 8 14 18 20 3 11 15 11 13 7 0 0 48 1 8 11 8 0 0 12 11 
9 4 9 18 5 5 9 4 13 3 17 9 3 6 1 16 2 19 10 1 96 5 20 6 19 18 1 8 
9 8 10 14 9 16 11 5 0 0 12 9 10 4 7 7 9 9 19 8 5 47 11 13 14 3 20 17 
17 1 20 3 11 14 11 11 8 14 19 20 11 20 20 0 12 14 7 11 20 11 90 17 4 11 15 18 
6 11 12 14 8 8 1 4 4 14 4 15 9 11 10 13 4 5 12 8 6 13 17 18 12 20 10 14 
19 8 0 19 9 3 8 15 6 14 3 11 3 12 0 4 5 8 20 0 19 14 4 12 13 10 0 8 
13 7 12 6 13 17 8 13 17 17 11 3 3 17 4 11 7 8 10 0 18 3 11 20 10 98 14 20 
12 18 20 3 20 19 16 20 16 8 9 4 9 11 15 0 11 15 19 12 1 20 15 10 0 14 42 14 
5 3 15 18 19 17 18 6 5 16 17 8 1 5 11 4 20 13 12 11 8 17 18 14 8 20 14 47 
