66 12
47 15 16 7 12 12 3 4 12 15 10 14 20 3 18 11 18 4 2 0 8 18 2 13 11 2 19 4 15 0 3 16 7 2 2 5 5 20 10 19 13 10 19 18 19 4 0 17 8 8 13 9 4 11 13 0 12 9 0 18 12 20 14 4 3 1 
15 10 10 16 2 14 2 1 1 17 3 4 0 14 6 4 16 13 5 20 9 16 20 6 18 10 13 8 17 11 13 8 20 10 15 4 2 3 16 9 6 4 12 4 13 15 1 4 4 15 9 15 18 3 0 1 18 14 8 5 17 2 1 12 19 20 
16 10 62 3 6 14 6 1 20 6 18 18 3 0 16 2 17 18 18 6 0 6 11 2 17 14 15 14 17 14 15 17 13 9 10 17 18 4 0 12 13 14 20 14 16 20 9 12 2 19 14 5 10 13 12 11 16 0 20 16 8 14 0 16 7 11 
7 16 3 77 12 2 9 7 9 16 12 2 9 7 0 15 1 19 13 13 2 5 16 14 6 4 20 18 4 7 17 1 0 5 10 17 13 20 14 4 6 19 8 17 8 10 5 7 2 4 1 16 20 16 20 0 16 6 16 15 19 8 10 19 7 7 
12 2 6 12 93 12 4 20 9 11 2 14 8 2 8 15 8 2 11 13 2 14 0 2 16 0 3 7 1 7 15 20 2 8 12 6 13 17 7 16 15 16 13 8 14 16 17 1 10 2 19 14 16 4 8 12 10 9 12 13 18 19 18 8 5 15 
12 14 14 2 12 9 14 16 2 15 7 13 8 17 19 4 13 13 13 10 18 7 8 11 18 11 1 4 3 3 19 3 10 6 17 15 13 5 10 12 2 6 1 7 7 0 19 8 19 7 9 6 18 8 9 7 6 14 5 3 10 3 15 18 16 15 
3 2 6 9 4 14 68 3 5 15 8 7 11 5 2 9 13 19 2 1 2 19 15 3 3 11 20 0 11 13 2 1 17 20 17 6 5 4 17 16 9 20 3 1 8 8 5 3 15 4 6 14 11 0 17 0 5 5 7 14 10 8 14 0 0 13 
4 1 1 7 20 16 3 52 20 12 4 5 18 10 3 6 9 16 13 17 8 9 9 11 13 4 9 7 8 10 20 15 2 20 19 19 1 12 8 1 7 8 12 11 2 11 3 12 1 4 6 9 10 17 1 8 9 16 13 4 2 7 9 18 16 9 
12 1 20 9 9 2 5 20 14 4 12 6 8 5 14 2 4 16 11 1 12 8 18 17 19 3 7 18 1 16 9 19 1 10 19 14 10 5 13 11 13 12 19 18 8 5 20 9 0 3 13 18 1 9 15 17 0 14 16 8 5 20 7 18 19 17 
15 17 6 16 11 15 15 12 4 30 2 10 12 1 19 0 8 0 10 17 18 16 10 16 3 16 2 6 14 6 4 18 8 5 14 2 15 17 4 12 11 3 9 3 17 9 15 1 1 17 3 4 7 1 2 15 7 16 18 8 14 2 14 2 20 16 
10 3 18 12 2 7 8 4 12 2 22 7 11 16 6 12 0 1 7 12 13 20 11 0 6 10 11 17 20 20 9 9 16 17 20 4 15 0 10 3 5 3 12 14 18 4 6 9 11 19 19 8 6 0 13 10 10 13 11 7 5 0 7 5 10 8 
14 4 18 2 14 13 7 5 6 10 7 96 18 0 11 5 0 11 6 10 20 1 20 0 9 4 15 14 14 13 8 2 10 1 15 13 1 12 6 19 16 18 20 18 5 9 15 13 18 6 7 3 17 1 13 10 5 8 9 18 10 16 6 3 3 2 
20 0 3 9 8 8 11 18 8 12 11 18 64 19 8 2 7 12 7 6 20 3 15 6 16 17 4 14 16 2 15 4 0 8 11 4 5 4 14 6 4 13 5 9 13 9 18 9 9 9 5 11 1 6 14 7 14 5 7 7 19 13 9 6 4 14 
3 14 0 7 2 17 5 10 5 1 16 0 19 25 13 6 18 8 1 20 14 6 16 13 15 6 20 0 20 7 4 0 18 15 6 17 16 17 4 20 6 20 13 9 17 5 15 13 0 0 20 13 12 4 5 12 7 5 13 8 15 20 12 17 14 16 
18 6 16 0 8 19 2 3 14 19 6 11 8 13 68 11 12 15 6 4 0 14 13 13 12 8 15 4 5 14 4 0 1 4 1 12 9 6 14 7 0 1 5 2 18 12 15 11 14 2 2 13 6 10 7 0 0 14 5 18 0 6 0 2 19 10 
11 4 2 15 15 4 9 6 2 0 12 5 2 6 11 37 11 2 3 17 5 4 7 9 14 16 1 8 12 12 0 16 5 13 10 19 9 1 16 3 9 3 2 15 11 0 11 8 15 3 18 0 12 11 16 9 12 1 10 0 15 15 0 18 13 12 
18 16 17 1 8 13 13 9 4 8 0 0 7 18 12 11 21 7 7 19 0 11 3 13 8 17 0 1 6 12 16 8 19 14 1 11 12 12 14 5 18 8 3 9 6 10 7 11 6 10 11 8 14 4 3 15 4 12 10 1 11 8 6 3 7 2 
4 13 18 19 2 13 19 16 16 0 1 11 12 8 15 2 7 66 12 5 18 1 12 5 7 7 1 17 3 6 14 15 14 16 20 16 13 8 20 12 14 2 14 16 13 7 13 11 14 2 11 13 4 20 20 1 9 9 17 19 9 12 11 8 2 17 
2 5 18 13 11 13 2 13 11 10 7 6 7 1 6 3 7 12 84 20 13 17 3 7 15 11 15 14 19 10 2 19 9 20 3 2 20 1 5 2 12 13 17 18 18 9 2 15 5 12 3 5 14 15 20 5 13 4 19 11 14 18 20 12 3 3 
0 20 6 13 13 10 1 17 1 17 12 10 6 20 4 17 19 5 20 4 18 9 10 5 19 6 5 12 6 5 19 10 11 19 11 4 16 14 13 16 7 4 14 15 8 3 4 5 18 1 12 20 9 8 0 18 16 9 1 0 18 18 9 10 15 3 
8 9 0 2 2 18 2 8 12 18 13 20 20 14 0 5 0 18 13 18 43 4 0 9 8 9 3 17 20 8 14 13 20 12 10 3 4 0 3 14 4 5 7 13 2 1 17 13 16 0 7 13 18 17 5 9 12 2 8 8 0 3 4 6 1 6 
18 16 6 5 14 7 19 9 8 16 20 1 3 6 14 4 11 1 17 9 4 56 5 20 12 19 11 16 1 20 5 6 19 15 16 19 16 19 7 2 8 0 20 13 5 8 2 14 19 4 16 6 9 11 7 19 0 4 11 0 12 6 13 0 8 12 
2 20 11 16 0 8 15 9 18 10 11 20 15 16 13 7 3 12 3 10 0 5 13 9 6 5 7 17 11 13 4 19 6 4 9 2 6 2 12 19 11 14 0 15 14 14 2 17 4 19 18 2 4 15 10 0 1 16 13 16 5 16 0 20 0 3 
13 6 2 14 2 11 3 11 17 16 0 0 6 13 13 9 13 5 7 5 9 20 9 2 4 15 0 2 3 17 7 17 15 12 4 7 9 18 0 19 11 0 19 13 13 8 18 9 18 2 13 15 15 16 14 3 0 3 12 18 20 13 6 4 1 18 
11 18 17 6 16 18 3 13 19 3 6 9 16 15 12 14 8 7 15 19 8 12 6 4 9 6 1 10 8 1 10 20 4 11 16 15 5 8 17 0 4 17 11 5 7 6 16 1 11 17 19 2 19 6 7 2 3 14 18 1 16 5 2 0 13 4 
2 10 14 4 0 11 11 4 3 16 10 4 17 6 8 16 17 7 11 6 9 19 5 15 6 72 3 14 1 15 6 17 12 9 12 18 4 2 12 6 7 3 9 20 11 19 13 18 13 5 2 2 3 11 9 10 6 4 0 5 19 5 8 13 20 14 
19 13 15 20 3 1 20 9 7 2 11 15 4 20 15 1 0 1 15 5 3 11 7 0 1 3 3 12 19 9 10 10 20 17 14 19 17 16 9 14 12 15 12 2 1 4 15 20 0 8 19 5 6 9 19 7 4 18 0 4 4 15 14 11 17 7 
4 8 14 18 7 4 0 7 18 6 17 14 14 0 4 8 1 17 14 12 17 16 17 2 10 14 12 37 8 19 14 16 1 13 13 11 5 15 20 2 5 10 8 7 3 8 14 10 18 0 18 18 19 1 7 9 17 16 19 7 13 1 6 3 2 19 
15 17 17 4 1 3 11 8 1 14 20 14 16 20 5 12 6 3 19 6 20 1 11 3 8 1 19 8 19 17 7 0 7 1 11 13 6 18 1 18 17 8 14 13 10 1 19 2 17 20 19 19 16 11 6 7 17 15 13 5 6 6 13 17 16 2 
0 11 14 7 7 3 13 10 16 6 20 13 2 7 14 12 12 6 10 5 8 20 13 17 1 15 9 19 17 80 3 9 8 17 18 9 12 12 20 13 6 9 12 18 7 20 5 2 16 16 15 15 3 5 2 0 12 7 13 20 0 2 2 10 1 0 
3 13 15 17 15 19 2 20 9 4 9 8 15 4 4 0 16 14 2 19 14 5 4 7 10 6 10 14 7 3 32 17 18 1 2 0 12 15 2 17 4 6 10 16 16 10 9 9 7 11 1 9 5 2 6 2 7 19 17 10 19 12 0 4 6 19 
16 8 17 1 20 3 1 15 19 18 9 2 4 0 0 16 8 15 19 10 13 6 19 17 20 17 10 16 0 9 17 64 10 8 11 0 9 12 16 13 2 15 12 6 16 13 6 9 19 19 8 3 2 15 7 15 6 13 18 14 6 15 18 8 8 13 
7 20 13 0 2 10 17 2 1 8 16 10 0 18 1 5 19 14 9 11 20 19 6 15 4 12 20 1 7 8 18 10 86 18 7 5 20 15 8 5 13 10 15 10 20 12 4 1 11 13 13 13 8 10 19 16 20 17 7 5 4 18 17 19 17 10 
2 10 9 5 8 6 20 20 10 5 17 1 8 15 4 13 14 16 20 19 12 15 4 12 11 9 17 13 1 17 1 8 18 28 16 10 18 11 4 3 1 14 19 12 11 12 12 0 17 8 11 18 18 3 19 20 3 14 3 13 16 6 15 13 1 2 
2 15 10 10 12 17 17 19 19 14 20 15 11 6 1 10 1 20 3 11 10 16 9 4 16 12 14 13 11 18 2 11 7 16 50 12 17 14 4 9 16 20 20 9 20 4 3 1 16 1 9 13 18 12 4 15 6 14 4 13 12 4 18 10 5 3 
5 4 17 17 6 15 6 19 14 2 4 13 4 17 12 19 11 16 2 4 3 19 2 7 15 18 19 11 13 9 0 0 5 10 12 21 6 5 14 14 6 14 5 19 20 14 17 8 6 3 11 13 0 15 20 18 15 19 18 4 20 6 18 13 14 10 
5 2 18 13 13 13 5 1 10 15 15 1 5 16 9 9 12 13 20 16 4 16 6 9 5 4 17 5 6 12 12 9 20 18 17 6 51 1 8 13 15 16 8 14 16 4 18 11 3 2 12 13 17 1 3 9 3 20 20 15 8 15 10 0 10 7 
20 3 4 20 17 5 4 12 5 17 0 12 4 17 6 1 12 8 1 14 0 19 2 18 8 2 16 15 18 12 15 12 15 11 14 5 1 86 3 1 14 13 15 4 9 3 0 16 8 4 17 5 6 7 9 16 8 5 9 18 8 9 11 16 8 4 
10 16 0 14 7 10 17 8 13 4 10 6 14 4 14 16 14 20 5 13 3 7 12 0 17 12 9 20 1 20 2 16 8 4 4 14 8 3 20 4 17 6 10 0 2 18 0 5 8 10 14 10 9 15 10 5 19 4 18 3 10 12 12 3 20 16 
19 9 12 4 16 12 16 1 11 12 3 19 6 20 7 3 5 12 2 16 14 2 19 19 0 6 14 2 18 13 17 13 5 3 9 14 13 1 4 60 16 14 14 18 6 19 5 8 4 13 16 5 17 20 6 13 16 15 10 14 8 16 9 5 8 19 
13 6 13 6 15 2 9 7 13 11 5 16 4 6 0 9 18 14 12 7 4 8 11 11 4 7 12 5 17 6 4 2 13 1 16 6 15 14 17 16 53 5 9 8 17 6 15 15 6 19 18 7 9 2 9 4 9 19 13 19 10 18 13 16 18 15 
10 4 14 19 16 6 20 8 12 3 3 18 13 20 1 3 8 2 13 4 5 0 14 0 17 3 15 10 8 9 6 15 10 14 20 14 16 13 6 14 5 51 0 16 4 1 1 6 14 7 9 14 15 1 3 16 18 8 3 8 15 2 0 9 10 7 
19 12 20 8 13 1 3 12 19 9 12 20 5 13 5 2 3 14 17 14 7 20 0 19 11 9 12 8 14 12 10 12 15 19 20 5 8 15 10 14 9 0 61 16 15 7 16 11 10 6 20 18 9 14 14 17 5 2 4 4 15 3 8 13 7 10 
18 4 14 17 8 7 1 11 18 3 14 18 9 9 2 15 9 16 18 15 13 13 15 13 5 20 2 7 13 18 16 6 10 12 9 19 14 4 0 18 8 16 16 75 15 15 4 6 0 16 13 1 18 16 12 16 12 0 11 6 5 3 6 4 12 3 
19 13 16 8 14 7 8 2 8 17 18 5 13 17 18 11 6 13 18 8 2 5 14 13 7 11 1 3 10 7 16 16 20 11 20 20 16 9 2 6 17 4 15 15 58 2 14 11 5 5 7 20 9 12 2 11 14 8 20 12 0 18 18 17 10 2 
4 15 20 10 16 0 8 11 5 9 4 9 9 5 12 0 10 7 9 3 1 8 14 8 6 19 4 8 1 20 10 13 12 12 4 14 4 3 18 19 6 1 7 15 2 38 5 13 10 12 19 7 7 19 13 18 16 0 16 1 17 17 11 2 10 4 
0 1 9 5 17 19 5 3 20 15 6 15 18 15 15 11 7 13 2 4 17 2 2 18 16 13 15 14 19 5 9 6 4 12 3 17 18 0 0 5 15 1 16 4 14 5 96 18 14 17 4 7 2 4 3 12 2 8 9 9 2 19 18 9 9 7 
17 4 12 7 1 8 3 12 9 1 9 13 9 13 11 8 11 11 15 5 13 14 17 9 1 18 20 10 2 2 9 9 1 0 1 8 11 16 5 8 15 6 11 6 11 13 18 59 19 6 13 8 16 4 5 6 10 15 14 11 6 1 16 1 4 20 
8 4 2 2 10 19 15 1 0 1 11 18 9 0 14 15 6 14 5 18 16 19 4 18 11 13 0 18 17 16 7 19 11 17 16 6 3 8 8 4 6 14 10 0 5 10 14 19 66 16 20 5 2 6 13 4 9 12 20 15 20 17 10 12 11 20 
8 15 19 4 2 7 4 4 3 17 19 6 9 0 2 3 10 2 12 1 0 4 19 2 17 5 8 0 20 16 11 19 13 8 1 3 2 4 10 13 19 7 6 16 5 12 17 6 16 1 10 11 8 19 7 14 12 18 15 15 14 15 2 1 10 4 
13 9 14 1 19 9 6 6 13 3 19 7 5 20 2 18 11 11 3 12 7 16 18 13 19 2 19 18 19 15 1 8 13 11 9 11 12 17 14 16 18 9 20 13 7 19 4 13 20 10 4 15 9 3 3 17 12 10 6 14 6 19 8 5 11 4 
9 15 5 16 14 6 14 9 18 4 8 3 11 13 13 0 8 13 5 20 13 6 2 15 2 2 5 18 19 15 9 3 13 18 13 13 13 5 10 5 7 14 18 1 20 7 7 8 5 11 15 77 11 19 6 16 10 6 8 2 15 12 1 3 3 6 
4 18 10 20 16 18 11 10 1 7 6 17 1 12 6 12 14 4 14 9 18 9 4 15 19 3 6 19 16 3 5 2 8 18 18 0 17 6 9 17 9 15 9 18 9 7 2 16 2 8 9 11 3 12 4 3 13 17 7 0 12 19 15 2 16 0 
11 3 13 16 4 8 0 17 9 1 0 1 6 4 10 11 4 20 15 8 17 11 15 16 6 11 9 1 11 5 2 15 10 3 12 15 1 7 15 20 2 1 14 16 12 19 4 4 6 19 3 19 12 76 1 4 16 9 8 10 7 5 6 9 6 16 
13 0 12 20 8 9 17 1 15 2 13 13 14 5 7 16 3 20 20 0 5 7 10 14 7 9 19 7 6 2 6 7 19 19 4 20 3 9 10 6 9 3 14 12 2 13 3 5 13 7 3 6 4 1 84 20 11 1 17 16 15 19 19 17 2 6 
0 1 11 0 12 7 0 8 17 15 10 10 7 12 0 9 15 1 5 18 9 19 0 3 2 10 7 9 7 0 2 15 16 20 15 18 9 16 5 13 4 16 17 16 11 18 12 6 4 14 17 16 3 4 20 51 3 13 3 15 9 8 14 17 11 16 
12 18 16 16 10 6 5 9 0 7 10 5 14 7 0 12 4 9 13 16 12 0 1 0 3 6 4 17 17 12 7 6 20 3 6 15 3 8 19 16 9 18 5 12 14 16 2 10 9 12 12 10 13 16 11 3 61 8 10 5 6 12 8 18 14 7 
9 14 0 6 9 14 5 16 14 16 13 8 5 5 14 1 12 9 4 9 2 4 16 3 14 4 18 16 15 7 19 13 17 14 14 19 20 5 4 15 19 8 2 0 8 0 8 15 12 18 10 6 17 9 1 13 8 0 6 13 14 17 16 12 20 1 
0 8 20 16 12 5 7 13 16 18 11 9 7 13 5 10 10 17 19 1 8 11 13 12 18 0 0 19 13 13 17 18 7 3 4 18 20 9 18 10 13 3 4 11 20 16 9 14 20 15 6 8 7 8 17 3 10 6 47 20 9 15 13 4 10 14 
18 5 16 15 13 3 14 4 8 8 7 18 7 8 18 0 1 19 11 0 8 0 16 18 1 5 4 7 5 20 10 14 5 13 13 4 15 18 3 14 19 8 4 6 12 1 9 11 15 15 14 2 0 10 16 15 5 13 20 0 20 3 12 18 19 0 
12 17 8 19 18 10 10 2 5 14 5 10 19 15 0 15 11 9 14 18 0 12 5 20 16 19 4 13 6 0 19 6 4 16 12 20 8 8 10 8 10 15 15 5 0 17 2 6 20 14 6 15 12 7 15 9 6 14 9 20 35 16 12 18 1 2 
20 2 14 8 19 3 8 7 20 2 0 16 13 20 6 15 8 12 18 18 3 6 16 13 5 5 15 1 6 2 12 15 18 6 4 6 15 9 12 16 18 2 3 3 18 17 19 1 17 15 19 12 19 5 19 8 12 17 15 3 16 23 6 14 5 7 
14 1 0 10 18 15 14 9 7 14 7 6 9 12 0 0 6 11 20 9 4 13 0 6 2 8 14 6 13 2 0 18 17 15 18 18 10 11 12 9 13 0 8 6 18 11 18 16 10 2 8 1 15 6 19 14 8 16 13 12 12 6 68 19 6 10 
4 12 16 19 8 18 0 18 18 2 5 3 6 17 2 18 3 8 12 10 6 0 20 4 0 13 11 3 17 10 4 8 19 13 10 13 0 16 3 5 16 9 13 4 17 2 9 1 12 1 5 3 2 9 17 17 18 12 4 18 18 14 19 93 14 18 
3 19 7 7 5 16 0 16 19 20 10 3 4 14 19 13 7 2 3 15 1 8 0 1 13 20 17 2 16 1 6 8 17 1 5 14 10 8 20 8 18 10 7 12 10 10 9 4 11 10 11 3 16 6 2 11 14 20 10 19 1 5 6 14 0 12 
1 20 11 7 15 15 13 9 17 16 8 2 14 16 10 12 2 17 3 3 6 12 3 18 4 14 7 19 2 0 19 13 10 2 3 10 7 4 16 19 15 7 10 3 2 4 7 20 20 4 4 6 0 16 6 16 7 1 14 0 2 7 10 18 12 25 
