55 11
77 24 39 32 39 22 29 36 52 49 25 20 6 5 22 16 19 15 23 38 18 28 26 8 36 39 45 33 43 34 24 47 55 58 33 15 25 30 46 42 25 27 40 54 52 7 31 37 41 21 41 34 52 55 64 
24 51 16 23 22 5 28 13 35 26 38 22 30 20 38 40 25 10 14 20 6 5 22 16 19 15 23 10 18 15 8 24 31 33 19 9 30 7 30 19 1 23 15 34 28 19 14 14 18 9 30 14 28 30 41 
39 16 40 22 14 17 32 3 21 9 54 38 46 37 54 55 41 24 29 25 22 15 36 31 26 4 21 6 5 22 16 19 15 23 16 24 36 9 19 3 15 26 4 19 12 33 23 2 16 19 24 9 12 20 24 
32 23 22 12 10 19 10 20 21 27 56 43 38 33 53 45 44 21 37 42 25 28 44 26 42 25 42 20 28 37 15 41 33 45 5 22 16 19 15 23 23 6 26 25 32 25 37 20 36 15 8 13 30 43 40 
39 22 14 10 11 20 20 14 13 17 59 45 45 38 58 53 47 25 37 39 27 25 45 31 39 18 36 15 20 34 16 34 23 36 6 25 26 16 7 14 22 16 19 15 23 31 35 13 31 18 9 8 21 35 30 
22 5 17 19 20 44 23 14 33 27 39 25 28 19 38 37 26 6 18 25 7 11 25 13 24 18 28 11 21 20 4 28 33 37 15 6 24 8 28 20 5 18 18 33 30 16 19 15 23 3 26 13 30 34 42 
29 28 32 10 20 23 32 29 31 37 54 44 33 31 51 38 44 22 40 48 28 34 47 25 48 34 49 28 37 43 20 49 43 55 15 23 6 26 25 32 28 5 35 35 42 22 42 29 44 19 15 23 41 52 50 
36 13 3 20 14 14 29 39 23 12 52 36 43 34 51 52 38 21 27 25 19 13 33 28 25 4 21 3 7 20 13 20 18 25 15 21 33 6 20 6 12 24 5 21 15 30 22 1 16 16 24 7 15 23 27 
52 35 21 21 13 33 31 23 31 17 73 57 58 52 71 66 60 38 49 47 40 36 56 45 48 25 42 25 25 44 29 39 20 37 19 38 37 27 6 19 34 28 26 5 22 45 45 22 38 31 16 20 19 36 23 
49 26 9 27 17 27 37 12 17 46 64 47 55 46 64 64 50 33 38 32 32 25 44 40 34 11 25 15 9 29 24 22 6 20 22 33 42 18 18 6 25 32 11 13 5 42 31 11 22 27 26 16 3 19 15 
25 38 54 56 59 39 54 52 73 64 49 16 23 22 5 28 13 35 26 39 32 39 22 29 36 52 49 48 55 38 43 52 69 65 54 34 51 46 67 58 39 52 52 72 65 32 35 53 47 41 64 52 66 62 78 
20 22 38 43 45 25 44 36 57 47 16 79 22 14 17 32 3 21 9 24 17 22 7 18 21 36 33 32 39 22 29 36 52 49 40 21 42 30 52 42 23 40 36 57 48 23 19 37 31 27 50 37 50 46 62 
6 30 46 38 45 28 33 43 58 55 23 22 65 10 19 10 20 21 27 43 24 34 29 14 41 45 50 39 49 39 31 53 61 64 39 22 29 36 52 49 31 33 46 60 58 13 36 43 46 28 46 40 58 61 71 
5 20 37 33 38 19 31 34 52 46 22 14 10 78 20 20 14 13 17 33 14 24 21 6 31 36 40 30 39 29 23 42 52 54 32 13 28 27 46 40 22 29 36 52 49 9 26 35 36 20 41 32 49 51 62 
22 38 54 53 58 38 51 51 71 64 5 17 19 20 44 23 14 33 27 42 32 39 24 26 39 53 51 48 56 39 42 54 69 67 52 32 47 45 66 58 39 49 53 71 65 29 36 52 49 39 61 51 66 64 79 
16 40 55 45 53 37 38 52 66 64 28 32 10 20 23 58 29 31 37 53 34 44 39 24 51 55 60 49 59 49 39 63 71 74 46 31 32 46 60 58 41 39 56 68 68 22 46 53 57 36 52 49 67 71 80 
19 25 41 44 47 26 44 38 60 50 13 3 20 14 14 29 73 23 12 27 19 25 10 19 24 39 36 35 42 25 31 39 55 52 42 22 42 32 54 44 26 41 39 59 51 23 22 39 34 29 52 39 52 49 65 
15 10 24 21 25 6 22 21 38 33 35 21 21 13 33 31 23 105 17 29 6 15 24 7 27 24 32 18 28 23 9 34 39 43 19 1 22 15 32 27 10 18 25 39 36 9 22 22 28 6 29 19 36 41 49 
23 14 29 37 37 18 40 27 49 38 26 9 27 17 27 37 12 17 98 16 11 13 7 17 13 26 24 24 29 13 22 27 43 39 33 16 39 21 44 32 15 35 27 48 39 22 10 28 22 21 44 29 40 36 52 
38 20 25 42 39 25 48 25 47 32 39 24 43 33 42 53 27 29 16 33 22 14 17 32 3 21 9 23 22 5 28 13 35 26 37 27 50 23 45 28 20 43 21 44 30 37 7 26 10 29 48 30 33 23 43 
18 6 22 25 27 7 28 19 40 32 32 17 24 14 32 34 19 6 11 22 47 10 19 10 20 21 27 16 25 17 11 29 38 39 22 5 28 13 35 26 7 24 22 39 34 14 15 20 22 10 33 19 35 36 47 
28 5 15 28 25 11 34 13 36 25 39 22 34 24 39 44 25 15 13 14 10 45 20 20 14 13 17 10 16 9 13 18 30 29 23 14 35 9 32 19 5 28 13 35 26 24 9 14 12 14 34 17 27 26 39 
26 22 36 44 45 25 47 33 56 44 22 7 29 21 24 39 10 24 7 17 19 20 10 23 14 33 27 31 35 16 30 31 49 43 41 23 46 29 52 39 22 43 33 55 45 28 13 35 26 29 51 36 46 40 58 
8 16 31 26 31 13 25 28 45 40 29 18 14 6 26 24 19 7 17 32 10 20 23 57 29 31 37 25 34 27 16 39 46 49 26 7 23 22 39 34 17 22 31 46 43 5 24 29 33 13 35 26 43 46 56 
36 19 26 42 39 24 48 25 48 34 36 21 41 31 39 51 24 27 13 3 20 14 14 29 27 23 12 24 24 5 27 16 37 29 37 26 49 23 45 30 19 42 22 46 32 35 5 26 12 28 48 31 35 26 46 
39 15 4 25 18 18 34 4 25 11 52 36 45 36 53 55 39 24 26 21 21 13 33 31 23 70 17 6 3 18 17 15 16 20 20 24 38 9 23 6 14 29 0 22 12 34 20 5 12 19 28 12 13 18 26 
45 23 21 42 36 28 49 21 42 25 49 33 50 40 51 60 36 32 24 9 27 17 27 37 12 17 52 21 17 11 29 4 27 16 36 32 52 22 40 23 22 44 16 38 22 42 14 22 5 31 45 28 25 13 35 
33 10 6 20 15 11 28 3 25 15 48 32 39 30 48 49 35 18 24 23 16 10 31 25 24 6 21 45 10 19 10 20 21 27 14 17 32 3 21 9 9 22 7 24 18 27 19 4 16 13 24 7 18 24 31 
43 18 5 28 20 21 37 7 25 9 55 39 49 39 56 59 42 28 29 22 25 16 35 34 24 3 17 10 29 20 20 14 13 17 22 27 41 13 24 6 17 32 3 21 9 37 22 7 12 23 30 14 10 15 23 
34 15 22 37 34 20 43 20 44 29 38 22 39 29 39 49 25 23 13 5 17 9 16 27 5 18 11 19 20 35 23 14 33 27 32 22 44 18 40 25 14 38 18 41 29 32 3 21 9 24 43 26 31 24 42 
24 8 16 15 16 4 20 13 29 24 43 29 31 23 42 39 31 9 22 28 11 13 30 16 27 17 29 10 20 23 64 29 31 37 11 9 22 7 23 18 8 14 17 29 28 17 22 13 24 3 21 9 28 34 40 
47 24 19 41 34 28 49 20 39 22 52 36 53 42 54 63 39 34 27 13 29 18 31 39 16 15 4 20 14 14 29 6 23 12 35 33 52 22 38 21 23 43 14 35 19 43 17 21 6 32 44 27 21 9 30 
55 31 15 33 23 33 43 18 20 6 69 52 61 52 69 71 55 39 43 35 38 30 49 46 37 16 27 21 13 33 31 23 43 17 28 39 48 24 22 12 30 38 16 14 4 49 35 17 24 34 32 22 3 17 9 
58 33 23 45 36 37 55 25 37 20 65 49 64 54 67 74 52 43 39 26 39 29 43 49 29 20 16 27 17 27 37 12 17 19 39 43 59 29 38 22 32 49 19 32 14 53 30 25 17 40 46 32 17 3 21 
33 19 16 5 6 15 15 15 19 22 54 40 39 32 52 46 42 19 33 37 22 23 41 26 37 20 36 14 22 32 11 35 28 39 20 20 20 14 13 17 19 10 20 21 27 25 33 14 31 13 10 8 25 37 36 
15 9 24 22 25 6 23 21 38 33 34 21 22 13 32 31 22 1 16 27 5 14 23 7 26 24 32 17 27 22 9 33 39 43 20 38 23 14 33 27 10 19 24 39 36 10 20 21 27 7 30 19 36 40 49 
25 30 36 16 26 24 6 33 37 42 51 42 29 28 47 32 42 22 39 50 28 35 46 23 49 38 52 32 41 44 22 52 48 59 20 23 20 29 31 37 30 10 39 41 47 19 43 33 47 20 21 27 46 56 56 
30 7 9 19 16 8 26 6 27 18 46 30 36 27 45 46 32 15 21 23 13 9 29 22 23 9 22 3 13 18 7 22 24 29 14 14 29 41 23 12 6 21 10 26 21 24 19 7 17 10 24 7 21 27 34 
46 30 19 15 7 28 25 20 6 18 67 52 52 46 66 60 54 32 44 45 35 32 52 39 45 23 40 21 24 40 23 38 22 38 13 33 31 23 43 17 29 21 24 10 23 39 41 19 36 26 10 15 20 37 27 
42 19 3 23 14 20 32 6 19 6 58 42 49 40 58 58 44 27 32 28 26 19 39 34 30 6 23 9 6 25 18 21 12 22 17 27 37 12 17 54 18 27 7 16 10 36 27 5 19 21 24 10 9 20 21 
25 1 15 23 22 5 28 12 34 25 39 23 31 22 39 41 26 10 15 20 7 5 22 17 19 14 22 9 17 14 8 23 30 32 19 10 30 6 29 18 40 23 14 33 27 20 14 13 17 9 29 13 27 30 40 
27 23 26 6 16 18 5 24 28 32 52 40 33 29 49 39 41 18 35 43 24 28 43 22 42 29 44 22 32 38 14 43 38 49 10 19 10 21 21 27 23 41 29 31 37 20 37 24 38 14 13 17 36 47 46 
40 15 4 26 19 18 35 5 26 11 52 36 46 36 53 56 39 25 27 21 22 13 33 31 22 0 16 7 3 18 17 14 16 19 20 24 39 10 24 7 14 29 28 23 12 34 20 6 12 20 29 12 13 17 25 
54 34 19 25 15 33 35 21 5 13 72 57 60 52 71 68 59 39 48 44 39 35 55 46 46 22 38 24 21 41 29 35 14 32 21 39 41 26 10 16 33 31 23 27 17 46 43 20 34 32 20 20 14 31 17 
52 28 12 32 23 30 42 15 22 5 65 48 58 49 65 68 51 36 39 30 34 26 45 43 32 12 22 18 9 29 28 19 4 14 27 36 47 21 23 10 27 37 12 17 34 46 31 15 20 31 32 20 3 14 13 
7 19 33 25 31 16 22 30 45 42 32 23 13 9 29 22 23 9 22 37 14 24 28 5 35 34 42 27 37 32 17 43 49 53 25 10 19 24 39 36 20 20 34 46 46 46 29 31 37 14 33 27 45 50 58 
31 14 23 37 35 19 42 22 45 31 35 19 36 26 36 46 22 22 10 7 15 9 13 24 5 20 14 19 22 3 22 17 35 30 33 20 43 19 41 27 14 37 20 43 31 29 29 23 12 23 43 26 33 27 44 
37 14 2 20 13 15 29 1 22 11 53 37 43 35 52 53 39 22 28 26 20 14 35 29 26 5 22 4 7 21 13 21 17 25 14 21 33 7 19 5 13 24 6 20 15 31 23 66 17 16 23 6 14 23 27 
41 18 16 36 31 23 44 16 38 22 47 31 46 36 49 57 34 28 22 10 22 12 26 33 12 12 5 16 12 9 24 6 24 17 31 27 47 17 36 19 17 38 12 34 20 37 12 17 54 26 40 23 22 14 33 
21 9 19 15 18 3 19 16 31 27 41 27 28 20 39 36 29 6 21 29 10 14 29 13 28 19 31 13 23 24 3 32 34 40 13 7 20 10 26 21 9 14 20 32 31 14 23 16 26 59 23 12 31 37 43 
41 30 24 8 9 26 15 24 16 26 64 50 46 41 61 52 52 29 44 48 33 34 51 35 48 28 45 24 30 43 21 44 32 46 10 30 21 24 10 24 29 13 29 20 32 33 43 23 40 23 62 17 29 44 37 
34 14 9 13 8 13 23 7 20 16 52 37 40 32 51 49 39 19 29 30 19 17 36 26 31 12 28 7 14 26 9 27 22 32 8 19 27 7 15 10 13 17 12 20 20 27 26 6 23 12 17 75 19 29 31 
52 28 12 30 21 30 41 15 19 3 66 50 58 49 66 67 52 36 40 33 35 27 46 43 35 13 25 18 10 31 28 21 3 17 25 36 46 21 20 9 27 36 13 14 3 45 33 14 22 31 29 19 46 17 12 
55 30 20 43 35 34 52 23 36 19 62 46 61 51 64 71 49 41 36 23 36 26 40 46 26 18 13 24 15 24 34 9 17 3 37 40 56 27 37 20 30 47 17 31 14 50 27 23 14 37 44 29 17 25 23 
64 41 24 40 30 42 50 27 23 15 78 62 71 62 79 80 65 49 52 43 47 39 58 56 46 26 35 31 23 42 40 30 9 21 36 49 56 34 27 21 40 46 25 17 13 58 44 27 33 43 37 31 12 23 34 
