21 7
8 9 14 10 7 6 1 15 1 11 19 8 0 8 10 15 3 6 7 13 18 
9 53 9 5 0 7 1 8 13 2 14 10 18 5 20 10 10 17 4 7 7 
14 9 36 11 19 10 6 6 11 6 16 12 14 11 7 5 19 14 11 9 10 
10 5 11 71 1 7 8 11 3 18 13 14 13 16 14 9 5 8 19 19 2 
7 0 19 1 17 0 15 0 1 9 10 18 4 16 3 13 7 16 18 11 9 
6 7 10 7 0 65 0 1 0 3 13 3 2 2 7 11 12 6 14 17 0 
1 1 6 8 15 0 91 16 8 7 7 15 14 20 15 14 19 18 4 16 5 
15 8 6 11 0 1 16 9 2 3 5 8 1 8 0 13 2 18 8 3 1 
1 13 11 3 1 0 8 2 16 15 18 17 8 20 9 14 1 10 15 10 19 
11 2 6 18 9 3 7 3 15 77 13 8 20 11 12 19 12 1 11 6 5 
19 14 16 13 10 13 7 5 18 13 98 7 9 10 12 17 17 17 7 12 2 
8 10 12 14 18 3 15 8 17 8 7 35 5 9 10 2 10 14 17 8 1 
0 18 14 13 4 2 14 1 8 20 9 5 7 1 14 14 2 17 6 7 20 
8 5 11 16 16 2 20 8 20 11 10 9 1 1 9 6 13 4 12 15 3 
10 20 7 14 3 7 15 0 9 12 12 10 14 9 76 15 2 20 2 20 3 
15 10 5 9 13 11 14 13 14 19 17 2 14 6 15 14 1 6 7 3 7 
3 10 19 5 7 12 19 2 1 12 17 10 2 13 2 1 2 12 14 9 4 
6 17 14 8 16 6 18 18 10 1 17 14 17 4 20 6 12 14 20 15 5 
7 4 11 19 18 14 4 8 15 11 7 17 6 12 2 7 14 20 31 9 5 
13 7 9 19 11 17 16 3 10 6 12 8 7 15 20 3 9 15 9 98 8 
18 7 10 2 9 0 5 1 19 5 2 1 20 3 3 7 4 5 5 8 15 
