21 7
41 8 13 19 17 16 12 0 19 20 14 5 13 6 7 8 13 14 18 18 9 
8 60 17 6 19 13 12 5 20 8 8 12 8 9 0 4 5 7 4 3 17 
13 17 76 11 9 12 2 0 4 8 1 11 8 7 18 3 7 8 18 19 1 
19 6 11 95 11 14 15 15 13 10 17 7 10 20 12 14 9 10 20 12 0 
17 19 9 11 52 20 15 2 18 4 3 17 10 5 8 16 18 15 14 4 14 
16 13 12 14 20 25 11 3 18 14 3 14 19 6 3 18 12 17 5 0 2 
12 12 2 15 15 11 61 2 4 12 12 2 12 15 6 4 18 5 9 11 8 
0 5 0 15 2 3 2 21 13 20 19 8 16 15 10 1 7 6 14 10 18 
19 20 4 13 18 18 4 13 4 2 12 9 14 5 16 14 8 3 17 19 17 
20 8 8 10 4 14 12 20 2 1 12 20 18 20 9 17 1 17 9 20 2 
14 8 1 17 3 3 12 19 12 12 19 1 9 11 11 1 8 8 16 18 18 
5 12 11 7 17 14 2 8 9 20 1 78 15 12 19 7 9 11 4 0 8 
13 8 8 10 10 19 12 16 14 18 9 15 32 8 4 5 11 4 15 13 20 
6 9 7 20 5 6 15 15 5 20 11 12 8 98 9 2 7 1 8 14 14 
7 0 18 12 8 3 6 10 16 9 11 19 4 9 79 20 20 13 14 13 0 
8 4 3 14 16 18 4 1 14 17 1 7 5 2 20 63 4 6 17 16 5 
13 5 7 9 18 12 18 7 8 1 8 9 11 7 20 4 64 10 6 0 10 
14 7 8 10 15 17 5 6 3 17 8 11 4 1 13 6 10 72 19 11 14 
18 4 18 20 14 5 9 14 17 9 16 4 15 8 14 17 6 19 51 18 3 
18 3 19 12 4 0 11 10 19 20 18 0 13 14 13 16 0 11 18 77 14 
9 17 1 0 14 2 8 18 17 2 18 8 20 14 0 5 10 14 3 14 52 
