153 18
40 31 38 28 35 46 14 9 46 31 31 32 36 27 32 6 21 16 17 8 25 26 6 18 27 11 19 26 17 11 13 26 3 48 38 51 57 28 26 52 40 33 28 43 33 39 16 34 46 49 63 32 23 63 48 46 44 54 44 49 11 39 40 54 22 14 55 39 39 39 45 36 40 2 29 59 33 35 50 41 30 23 43 33 39 27 38 40 32 70 56 52 48 61 51 56 20 47 11 40 25 25 27 30 21 25 12 16 28 15 13 17 19 9 14 25 13 57 58 58 63 54 59 21 46 42 42 48 38 43 4 31 51 49 42 45 17 30 48 43 45 25 29 44 49 11 36 40 8 26 8 32 8 
31 33 17 16 11 19 18 24 32 19 34 42 24 25 23 36 12 20 18 26 25 9 36 44 28 26 41 51 27 34 29 56 29 17 8 25 26 6 18 27 11 19 26 17 11 13 26 3 25 18 36 13 8 44 28 36 41 34 29 31 21 15 9 28 15 17 39 24 36 43 30 27 28 30 13 27 15 27 21 9 8 16 12 1 7 32 14 13 1 47 31 36 38 37 29 33 11 19 30 27 17 33 42 21 24 21 41 15 19 17 31 41 17 25 19 50 23 42 51 56 48 43 45 27 29 39 45 33 30 30 29 15 60 44 44 43 43 30 50 51 49 53 38 36 37 29 21 34 37 21 32 19 34 
38 17 35 9 28 9 23 35 14 8 23 33 9 16 11 44 17 33 20 29 41 13 43 54 19 27 38 48 24 34 28 64 37 16 12 39 25 22 34 14 9 7 16 7 6 5 39 20 8 25 26 6 18 27 11 19 26 17 11 13 26 3 23 16 15 26 21 7 22 31 13 13 11 35 8 33 33 44 16 20 10 15 15 16 16 47 31 7 16 32 18 18 21 23 13 18 20 12 41 11 13 25 35 11 20 14 50 23 10 23 31 40 18 28 23 61 35 24 34 40 31 26 28 23 12 24 32 16 15 13 33 6 48 28 30 28 43 19 36 39 36 52 29 19 19 30 5 19 40 13 34 8 43 
28 16 9 17 27 18 15 27 19 3 17 26 9 8 6 35 9 26 10 20 36 8 34 46 11 18 29 39 15 25 19 55 28 24 16 42 33 19 30 24 16 4 9 16 7 13 32 20 17 30 35 5 13 35 20 22 25 25 16 21 17 12 25 26 6 18 27 11 19 26 17 11 13 26 3 39 30 41 25 23 8 5 21 17 19 42 31 15 16 41 27 24 24 32 22 27 13 21 33 13 3 17 27 4 11 5 41 15 2 15 21 30 9 19 14 52 28 30 36 39 37 29 33 14 18 22 28 20 14 16 24 3 43 28 27 26 33 13 33 35 33 43 22 21 23 20 8 18 30 4 24 4 35 
35 11 28 27 50 28 25 26 42 30 44 52 35 35 34 39 21 20 26 32 20 19 38 44 38 33 49 58 35 40 37 56 32 23 17 16 29 8 12 36 20 31 37 27 22 24 24 8 35 17 43 24 16 53 38 47 52 44 39 41 26 25 8 36 25 22 49 35 47 54 41 39 39 34 24 26 6 18 27 11 19 26 17 11 13 26 3 23 11 55 39 46 49 46 39 42 18 26 30 38 27 42 51 32 33 31 42 21 29 23 39 48 26 31 27 49 23 52 62 67 59 54 56 37 40 50 56 44 41 41 34 26 71 55 55 54 50 40 61 62 60 59 48 47 48 36 32 45 42 31 38 30 36 
46 19 9 18 28 52 31 41 18 18 32 42 18 26 20 52 24 38 28 38 45 20 51 61 28 36 48 57 33 43 37 72 44 8 11 36 16 25 38 8 8 16 26 2 12 6 45 20 8 19 17 13 24 25 10 25 33 16 16 14 34 6 21 8 23 33 22 14 30 39 17 22 18 44 16 25 34 46 7 18 16 23 11 18 14 51 30 6 18 27 11 19 26 17 11 13 26 3 47 18 22 35 44 20 29 24 57 30 20 31 40 49 27 37 31 68 41 25 38 45 31 29 29 32 15 31 40 19 22 19 42 15 56 34 38 35 52 29 43 48 44 61 38 25 23 39 14 26 49 23 43 17 51 
14 18 23 15 25 31 12 12 33 17 23 28 23 16 19 20 6 13 4 7 24 11 20 31 18 7 23 33 11 15 11 40 13 34 24 41 43 16 21 38 25 19 18 29 19 24 19 21 32 36 49 17 10 50 35 35 36 40 31 36 2 24 28 39 8 4 42 26 30 33 32 24 28 12 15 46 25 32 36 28 15 9 29 20 25 29 29 26 19 56 42 39 37 47 37 42 7 33 18 27 11 19 26 17 11 13 26 3 15 2 13 23 5 6 2 37 14 45 49 50 51 43 47 13 33 33 36 35 27 31 11 17 48 40 35 37 25 21 42 40 40 35 25 34 37 10 23 30 19 14 13 18 20 
9 24 35 27 26 41 12 36 46 29 35 38 36 28 32 12 17 6 16 12 16 21 12 20 30 15 28 36 21 19 19 31 6 42 32 42 51 20 16 49 34 32 30 39 29 35 7 26 44 42 59 29 17 62 46 47 47 52 43 48 10 35 32 50 21 8 54 38 42 44 44 36 40 9 26 51 23 25 45 33 25 21 36 26 32 18 29 36 26 68 53 51 49 58 48 53 15 42 6 40 23 30 34 30 23 26 16 11 27 11 19 26 17 11 13 26 3 57 61 62 63 55 59 24 45 45 47 47 39 43 11 29 57 52 46 48 26 32 53 49 50 35 35 46 50 16 35 42 18 27 15 31 9 
46 32 14 19 42 18 33 46 55 16 20 29 9 19 14 53 28 45 29 37 54 26 52 64 20 34 40 48 29 39 33 72 46 27 26 53 34 37 48 16 23 14 18 18 20 19 52 35 10 38 26 19 31 17 9 6 15 9 3 6 36 17 37 19 25 37 8 8 14 23 1 10 5 44 20 44 47 59 25 34 24 24 29 31 30 61 45 21 31 26 18 6 7 19 10 15 32 22 52 6 22 25 33 15 25 20 59 34 18 34 35 42 28 37 32 71 47 11 19 26 17 11 13 26 3 13 23 1 8 2 41 17 39 16 22 17 46 18 25 31 27 53 26 7 5 36 11 10 46 19 40 15 53 
31 19 8 3 30 18 17 29 16 23 15 25 6 8 4 37 12 29 13 22 39 11 37 48 11 20 30 39 16 26 20 57 30 24 17 44 33 22 33 22 16 2 8 16 8 12 35 22 15 31 34 6 16 32 17 19 22 23 13 18 20 11 27 24 8 21 24 8 17 24 14 8 10 29 6 40 33 44 24 25 10 8 22 19 21 45 33 15 18 39 26 21 21 30 20 25 16 21 36 10 6 17 27 2 12 6 43 18 2 18 22 31 12 21 16 55 31 27 33 37 34 26 30 14 15 19 26 17 11 13 26 3 42 25 25 24 35 12 31 33 30 43 21 18 20 22 5 15 32 5 26 1 37 
31 34 23 17 44 32 23 35 20 15 39 9 14 8 12 37 23 37 20 23 48 24 37 49 5 20 20 27 13 21 17 55 33 39 33 59 48 35 44 34 32 16 7 30 24 28 42 37 27 47 46 22 28 38 28 17 13 30 20 26 25 27 42 37 19 28 28 19 8 9 20 11 16 29 21 56 46 55 39 41 25 17 38 34 37 53 48 30 33 46 37 26 19 39 29 35 27 36 40 16 16 6 13 13 12 12 43 26 15 25 18 22 19 23 21 56 37 30 27 27 35 25 30 10 22 11 12 22 11 17 26 19 26 17 11 13 26 3 18 17 16 33 6 15 21 19 18 11 28 12 23 15 39 
32 42 33 26 52 42 28 38 29 25 9 53 24 17 21 37 30 41 26 25 53 32 37 49 14 22 15 20 17 20 18 52 34 49 42 67 58 43 50 44 41 26 16 40 34 38 45 46 37 57 55 31 35 46 37 25 17 39 29 35 29 36 51 46 26 33 36 28 15 8 29 20 26 30 30 65 53 61 49 50 34 25 47 42 46 57 55 40 42 55 47 34 26 48 39 44 33 45 42 25 24 9 6 22 18 20 43 32 24 30 18 18 26 26 26 55 41 37 31 27 41 31 37 15 32 17 11 30 21 26 27 29 19 21 12 17 21 13 17 11 13 26 3 23 29 21 27 19 26 21 24 25 40 
36 24 9 9 35 18 23 36 9 6 14 24 35 10 4 43 19 36 19 27 45 17 42 54 11 25 32 41 20 30 24 62 36 25 21 48 34 28 40 20 19 5 9 16 13 15 42 28 13 35 31 11 22 27 14 12 17 17 7 13 26 13 31 22 15 27 18 4 12 21 8 4 4 34 12 42 39 50 25 29 16 14 25 24 25 51 39 17 24 34 23 15 14 26 15 21 23 21 42 3 12 18 27 6 16 10 49 25 8 24 26 34 18 27 22 61 37 21 27 31 27 20 23 17 10 14 22 11 5 7 31 9 38 19 21 19 38 11 26 30 26 46 21 11 13 26 3 10 36 9 31 5 43 
27 25 16 8 35 26 16 28 19 8 8 17 10 23 5 33 14 30 12 18 40 15 33 45 3 15 22 31 9 20 14 53 27 32 25 50 41 27 36 29 24 9 2 24 16 21 35 29 22 39 41 14 19 37 24 19 19 28 17 23 18 19 34 32 10 21 28 14 14 18 18 8 14 25 12 48 38 47 32 32 16 9 30 25 28 46 39 23 25 44 33 25 21 36 26 32 18 29 34 13 7 9 18 5 6 3 40 19 6 18 16 24 11 18 14 52 30 30 32 34 36 27 32 7 20 17 21 21 11 16 22 11 35 23 19 20 27 5 26 26 25 36 13 17 22 16 12 13 26 3 21 8 34 
32 23 11 6 34 20 19 32 14 4 12 21 4 5 27 38 16 32 15 23 42 15 38 50 8 20 28 37 15 25 20 58 32 27 21 48 36 26 37 23 20 4 5 18 13 16 38 27 16 35 35 10 19 31 18 15 18 22 12 17 22 15 31 26 11 23 23 8 13 20 13 5 8 29 10 44 37 48 27 29 14 10 26 23 25 48 38 18 23 39 27 20 17 30 20 26 20 24 38 8 8 14 24 2 11 6 44 21 5 20 22 30 14 22 18 56 33 25 30 33 32 23 27 13 14 15 22 16 8 11 27 8 37 21 21 19 33 8 27 29 26 42 18 14 17 22 6 11 32 5 26 3 39 
6 36 44 35 39 52 20 12 53 37 37 37 43 33 38 53 27 19 24 15 25 32 0 11 34 18 24 29 24 17 20 20 7 54 44 54 62 32 28 59 46 39 35 50 39 45 16 39 53 54 70 38 29 70 55 53 51 60 51 56 17 45 44 60 29 19 62 46 46 45 52 42 47 8 36 63 35 35 56 45 36 29 48 38 44 25 42 46 38 77 62 59 55 67 57 63 26 53 10 47 31 31 32 37 27 32 6 22 35 21 19 21 25 15 21 18 15 64 65 64 70 61 66 27 53 49 48 54 45 50 11 38 56 55 48 51 19 36 55 49 51 26 35 51 56 17 43 47 11 33 13 38 3 
21 12 17 9 21 24 6 17 28 12 23 30 19 14 16 27 7 16 5 14 26 4 26 37 17 13 28 38 14 21 16 47 20 27 17 37 36 12 21 31 18 14 16 22 12 17 23 16 26 30 42 11 4 44 28 31 33 34 26 30 9 17 22 33 4 8 37 21 28 33 27 21 23 19 8 39 23 32 29 22 8 5 22 13 19 32 25 19 13 50 35 34 33 40 31 36 4 26 23 23 7 21 29 14 12 11 33 6 11 6 19 28 4 13 7 44 18 40 46 48 46 39 42 15 27 31 35 30 24 26 18 11 49 37 34 35 31 19 41 40 40 40 26 30 33 16 17 27 25 11 20 13 26 
16 20 33 26 20 38 13 6 45 29 37 41 36 30 32 19 16 63 17 16 11 19 18 24 32 19 34 42 24 25 23 36 12 38 28 35 46 14 9 46 31 31 32 36 27 32 6 21 41 36 56 27 14 60 44 48 49 50 42 46 12 32 26 47 20 9 53 37 44 47 44 37 40 15 25 45 16 19 41 28 23 21 32 21 27 16 23 32 21 65 50 50 50 55 46 51 13 38 10 39 23 33 38 30 25 27 22 11 27 12 24 32 18 15 15 30 3 56 62 64 63 56 59 27 44 47 49 47 40 43 17 28 61 53 49 50 33 34 56 53 53 42 38 46 49 21 34 43 24 27 21 30 16 
17 18 20 10 26 28 4 16 29 13 20 26 19 12 15 24 5 17 76 9 28 9 23 35 14 8 23 33 9 16 11 44 17 31 22 42 41 17 24 34 23 15 14 26 15 21 23 21 28 35 46 14 9 46 31 31 32 36 27 32 6 21 27 36 5 8 38 22 26 30 28 20 24 15 11 44 27 35 33 27 13 5 27 19 24 33 30 23 18 52 38 35 33 43 33 38 7 30 22 23 7 17 24 13 8 9 30 6 11 5 13 23 1 8 3 41 18 41 44 46 47 39 43 11 29 29 32 31 23 27 13 13 45 36 31 33 26 17 38 37 36 35 22 29 33 11 19 26 20 10 15 14 24 
8 26 29 20 32 38 7 12 37 22 23 25 27 18 23 15 14 16 9 57 27 18 15 27 19 3 17 26 9 8 6 35 9 41 31 48 50 23 26 44 32 24 20 35 25 31 20 29 38 44 55 24 17 54 40 38 36 45 35 40 5 31 35 46 14 9 46 31 31 32 36 27 32 6 21 53 31 36 43 35 22 14 36 27 33 31 36 33 27 61 48 43 39 52 42 47 14 40 17 31 16 18 22 21 12 17 21 10 19 9 7 16 10 1 6 33 15 49 50 50 54 46 50 12 37 34 35 39 30 34 4 23 45 40 34 37 18 21 41 37 38 27 22 36 40 4 27 32 11 18 6 23 16 
25 25 41 36 20 45 24 16 54 39 48 53 45 40 42 25 26 11 28 27 71 28 25 26 42 30 44 52 35 35 34 39 21 42 34 31 49 19 7 53 37 40 42 43 35 39 9 25 49 38 61 35 23 68 52 58 60 59 52 55 23 40 28 54 31 20 62 46 54 58 53 47 49 25 34 46 14 9 46 31 31 32 36 27 32 6 21 39 26 72 56 59 60 63 54 58 22 44 15 49 34 44 49 40 36 37 26 21 37 22 35 42 29 26 26 30 12 65 72 74 72 65 68 38 53 57 60 56 50 53 27 37 72 64 60 61 42 45 67 64 64 51 49 57 59 32 43 54 33 38 31 40 21 
26 9 13 8 19 20 11 21 26 11 24 32 17 15 15 32 4 19 9 18 28 92 31 41 18 18 32 42 18 26 20 52 24 22 13 35 31 11 22 27 14 12 17 17 7 13 26 13 22 26 38 7 5 41 25 30 33 31 23 27 14 13 19 28 6 13 34 18 28 34 25 19 21 24 5 35 22 33 24 18 4 7 18 10 14 34 23 14 9 46 31 31 32 36 27 32 6 21 27 21 7 23 32 13 15 12 37 10 10 10 23 32 8 17 12 48 21 37 44 48 44 37 40 18 24 30 36 28 22 24 22 8 51 36 35 34 35 20 41 42 40 45 28 29 31 21 15 26 30 11 24 12 31 
6 36 43 34 38 51 20 12 52 37 37 37 42 33 38 0 26 18 23 15 25 31 29 12 33 17 23 28 23 16 19 20 6 53 43 54 62 31 27 58 45 39 34 49 39 44 16 38 52 53 69 38 28 69 54 52 50 60 50 55 17 44 44 60 28 18 61 45 45 44 51 42 47 8 35 63 35 35 55 45 35 29 48 37 43 25 41 46 37 76 62 58 54 67 56 62 25 53 9 46 31 31 32 36 27 32 6 21 34 20 19 21 25 15 20 19 15 64 64 63 69 60 65 27 52 48 47 54 44 49 10 37 55 55 47 51 19 36 54 48 50 26 35 51 55 17 42 46 11 33 13 38 3 
18 44 54 46 44 61 31 20 64 48 49 49 54 45 50 11 37 24 35 27 26 41 12 19 46 29 35 38 36 28 32 12 17 62 53 58 70 39 31 69 55 50 47 59 49 55 19 46 63 61 79 48 38 81 66 65 62 71 62 67 28 55 51 70 40 28 73 57 58 57 63 54 58 20 46 70 39 35 65 53 45 40 56 46 52 23 46 56 46 87 72 70 66 78 68 73 35 62 14 58 42 43 43 48 39 43 6 31 46 31 31 32 36 27 32 6 21 75 77 76 81 73 77 39 64 61 60 66 57 61 23 48 67 67 59 63 29 48 66 60 62 34 47 63 67 29 54 59 22 44 25 49 11 
27 28 19 11 38 28 18 30 20 11 5 14 11 3 8 34 17 32 14 19 42 18 33 46 92 16 20 29 9 19 14 53 28 35 28 53 44 30 38 31 27 12 2 26 19 24 37 32 24 42 43 17 22 38 25 19 17 29 19 24 20 22 37 34 13 23 28 16 12 15 19 9 15 25 15 51 40 49 35 35 19 12 33 28 31 48 42 26 28 46 35 26 20 37 27 33 21 31 35 14 11 6 16 8 7 6 40 21 9 20 15 22 13 19 16 52 32 31 31 32 36 27 32 6 21 15 18 21 11 17 22 14 32 21 17 18 26 2 24 23 22 34 10 17 22 16 14 12 26 7 21 11 35 
11 26 27 18 33 36 7 15 34 20 20 22 25 15 20 18 13 19 8 3 30 18 17 29 16 62 15 25 6 8 4 37 12 40 31 49 49 24 28 42 31 22 17 34 24 30 23 29 35 43 53 22 17 52 38 35 33 42 32 38 6 29 35 44 12 11 43 28 28 29 33 24 29 9 19 53 33 38 41 35 21 12 36 27 32 34 36 31 26 59 46 40 36 50 40 45 14 38 20 28 14 15 19 19 9 14 24 11 17 9 6 15 9 3 6 36 18 46 47 47 52 43 47 9 35 31 32 36 27 32 6 21 42 37 31 34 17 18 38 34 35 27 19 33 37 3 25 29 12 15 6 21 19 
19 41 38 29 49 48 23 28 40 30 20 15 32 22 28 24 28 34 23 17 44 32 23 35 20 15 62 9 14 8 12 37 23 53 45 65 63 40 43 52 45 31 22 46 37 42 36 45 45 58 64 35 33 57 46 38 32 49 39 45 22 41 51 54 26 27 48 36 28 24 40 29 35 19 32 67 48 53 54 50 35 25 50 42 47 46 52 44 42 66 55 46 39 58 48 54 30 51 31 35 26 14 9 27 18 24 29 27 28 25 9 3 24 18 21 40 32 50 46 42 55 45 50 15 41 31 26 41 31 37 16 33 32 36 27 32 6 21 33 25 28 13 14 35 41 12 34 31 12 25 12 30 27 
26 51 48 39 58 57 33 36 48 39 27 20 41 31 37 29 38 42 33 26 52 42 28 38 29 25 9 64 24 17 21 37 30 63 54 74 72 49 51 61 54 41 31 55 46 52 43 54 54 68 72 44 42 65 55 45 38 57 47 53 31 51 60 63 36 36 55 45 35 28 48 38 44 26 42 77 57 61 64 60 45 35 59 52 57 53 62 54 51 74 64 53 46 66 57 62 40 60 37 43 36 22 14 37 28 33 32 36 37 35 19 9 33 27 31 42 39 57 51 46 61 51 57 25 50 37 31 49 39 45 24 42 31 42 31 37 9 29 36 27 32 6 21 42 48 22 43 38 18 34 20 40 32 
17 27 24 15 35 33 11 21 29 16 13 17 20 9 15 24 14 24 9 9 35 18 23 36 9 6 14 24 73 10 4 43 19 39 30 52 48 27 32 38 30 18 11 31 22 28 29 31 32 44 50 20 19 47 33 29 26 38 27 33 12 27 36 40 11 16 38 24 21 22 28 18 24 15 18 53 36 43 40 36 20 11 35 28 32 40 39 30 27 54 42 35 30 46 35 41 17 36 26 23 12 8 15 14 4 10 30 15 13 13 6 15 9 10 9 42 24 40 40 40 46 37 41 3 30 24 25 31 21 26 13 18 37 31 25 27 18 12 32 28 29 28 13 27 32 6 21 22 16 11 11 17 25 
11 34 34 25 40 43 15 19 39 26 21 20 30 20 25 17 21 25 16 8 35 26 16 28 19 8 8 17 10 54 5 33 14 48 39 57 57 32 34 48 39 28 21 41 31 37 27 37 42 51 60 30 25 57 44 38 34 48 38 43 14 36 43 51 20 18 48 34 30 28 38 28 34 10 27 61 40 44 49 43 29 20 44 35 40 38 44 39 35 65 52 45 40 56 46 51 22 46 22 33 21 15 15 24 14 20 22 19 24 17 3 7 17 9 14 34 23 50 49 47 55 46 51 12 40 33 31 41 31 36 8 28 39 39 31 35 9 21 37 32 34 19 18 36 41 5 31 32 6 21 3 27 19 
13 29 28 19 37 37 11 19 33 20 17 18 24 14 20 20 16 23 11 6 34 20 19 32 14 4 12 21 4 5 64 38 16 42 33 53 52 28 32 43 34 22 15 35 26 31 27 33 36 46 54 24 21 51 38 33 30 42 32 38 11 31 39 45 15 15 42 28 25 25 33 23 28 12 21 56 37 42 43 38 24 14 38 30 35 38 40 33 30 59 46 39 35 50 40 46 18 40 23 28 15 11 15 19 8 14 26 15 18 13 2 12 12 7 9 38 22 45 45 44 50 41 46 7 34 28 28 35 25 31 9 22 38 35 28 31 15 16 35 30 32 24 16 31 36 2 25 27 12 15 6 21 21 
26 56 64 55 56 72 40 31 72 57 55 52 62 53 58 20 47 36 44 35 39 52 20 12 53 37 37 37 43 33 38 13 27 73 64 70 82 51 44 79 66 59 54 70 59 65 31 58 73 73 90 58 48 90 75 72 68 80 70 76 38 65 63 80 49 39 81 66 64 61 71 62 67 28 56 82 52 47 76 64 56 49 68 58 63 35 59 66 57 97 83 78 74 87 77 83 46 73 26 66 51 49 46 56 47 52 14 42 55 41 37 34 45 35 41 9 33 84 83 80 89 80 85 46 72 67 64 74 64 69 31 58 68 73 64 68 31 55 70 63 66 32 51 70 75 36 63 65 27 53 32 58 21 
3 29 37 28 32 44 13 6 46 30 33 34 36 27 32 7 20 12 17 9 21 24 6 17 28 12 23 30 19 14 16 27 42 46 36 48 55 25 22 51 38 33 29 42 32 38 12 31 45 47 62 31 21 63 48 47 46 53 44 49 10 38 37 53 22 11 55 39 41 41 45 36 41 4 28 56 29 31 48 38 28 22 41 31 36 23 35 39 30 70 55 52 49 60 50 55 18 46 7 40 24 27 30 30 22 26 13 14 28 13 16 21 18 9 14 24 9 58 60 60 64 55 59 22 46 44 44 48 39 43 7 31 54 50 44 46 21 31 51 46 48 29 32 45 50 13 36 41 12 27 11 32 6 
48 17 16 24 23 8 34 42 27 24 39 49 25 32 27 54 27 38 31 41 42 22 53 62 35 40 53 63 39 48 42 73 46 35 9 28 9 23 35 14 8 23 33 9 16 11 44 17 16 11 19 18 24 32 19 34 42 24 25 23 36 12 15 14 27 34 30 22 38 47 26 30 26 46 21 16 29 42 4 12 18 28 6 16 10 49 24 9 16 32 17 28 35 23 19 20 27 5 48 26 27 41 51 27 35 29 59 31 25 33 45 54 30 40 34 68 41 33 47 54 39 38 37 38 23 39 48 28 31 28 45 20 64 43 47 43 57 36 51 56 52 67 45 34 32 43 22 35 52 29 47 24 52 
38 8 12 16 17 11 24 32 26 17 33 42 21 25 21 44 17 28 22 31 34 13 43 53 28 31 45 54 30 39 33 64 36 9 33 27 18 15 27 19 3 17 26 9 8 6 35 9 17 14 27 10 15 36 20 31 38 27 23 24 27 8 11 19 18 24 32 19 34 42 24 25 23 36 12 23 23 35 12 8 9 19 5 7 4 41 20 5 7 38 22 29 33 28 22 25 18 10 38 23 18 34 43 20 26 22 49 22 18 23 36 45 21 30 25 59 31 35 46 52 41 37 38 30 23 36 43 27 27 25 35 13 59 40 42 40 48 29 47 50 48 58 38 32 31 34 17 31 43 21 37 17 42 
51 25 39 42 16 36 41 42 53 44 59 67 48 50 48 54 37 35 42 48 31 35 54 58 53 49 65 74 52 57 53 70 48 28 27 22 28 25 26 42 30 44 52 35 35 34 39 21 44 17 45 37 32 60 46 59 66 52 51 50 43 36 16 42 41 39 58 46 61 68 52 52 51 50 38 19 18 24 32 19 34 42 24 25 23 36 12 32 25 60 45 56 61 51 47 48 34 33 45 51 42 58 67 46 49 47 57 38 44 39 55 65 42 47 43 62 38 61 73 79 67 65 65 53 50 63 70 54 54 53 51 40 86 68 69 67 66 55 75 77 75 76 63 59 59 52 45 58 59 46 54 44 51 
57 26 25 33 29 16 43 51 34 33 48 58 34 41 36 62 36 46 41 50 49 31 62 70 44 49 63 72 48 57 52 82 55 9 18 28 39 31 41 18 18 32 42 18 26 20 52 24 23 12 17 28 33 34 25 40 49 29 32 29 46 21 20 16 37 43 35 30 46 55 33 38 34 55 30 11 35 47 9 18 28 37 14 24 18 55 29 18 24 32 19 34 42 24 25 23 36 12 56 34 36 50 60 36 44 39 67 41 35 42 54 64 40 49 43 76 49 37 52 60 42 43 42 47 30 47 56 34 39 35 54 30 72 50 55 51 67 45 59 64 60 76 54 41 38 52 30 43 62 38 56 33 61 
28 6 22 19 8 25 16 20 37 22 35 43 28 27 26 32 12 14 17 23 19 11 31 39 30 24 40 49 27 32 28 51 25 23 15 25 31 37 12 33 17 23 28 23 16 19 20 6 30 22 42 17 7 49 33 41 45 40 34 36 18 20 12 34 16 14 44 29 39 45 35 31 32 26 16 31 11 22 27 13 13 18 17 7 13 26 12 19 7 53 37 41 43 43 35 39 9 25 24 32 19 34 42 24 25 23 36 12 21 14 30 39 17 22 18 45 17 47 55 59 54 48 50 28 34 42 48 38 34 35 26 19 62 48 46 46 41 32 53 53 52 51 39 40 42 27 26 38 34 23 29 23 29 
26 18 34 30 12 38 21 16 48 33 44 50 40 36 37 28 21 9 24 26 7 22 27 31 38 28 43 51 32 34 32 44 22 35 27 26 41 12 49 46 29 35 38 36 28 32 12 17 43 30 54 29 17 62 46 52 55 52 45 48 21 33 21 46 25 16 56 40 49 54 47 42 44 25 28 39 8 11 38 23 24 27 29 19 24 14 14 31 19 65 49 53 54 55 47 51 17 37 18 43 28 41 47 35 32 32 31 17 32 19 34 42 24 25 23 36 12 59 67 70 66 60 62 35 46 52 56 50 45 47 27 31 69 58 55 56 43 41 62 61 61 52 46 51 53 30 37 48 34 33 31 34 24 
52 27 14 24 36 8 38 49 16 22 34 44 20 29 23 59 31 46 34 44 53 27 58 69 31 42 52 61 38 48 43 79 51 14 19 42 18 33 46 64 16 20 29 9 19 14 53 28 7 25 11 20 31 17 6 22 32 10 15 10 41 13 28 2 29 40 16 15 29 39 15 23 18 50 22 29 42 54 11 25 23 29 19 26 22 59 38 14 26 19 3 15 23 9 6 6 33 10 55 18 27 38 47 24 34 28 64 37 24 37 45 53 33 43 37 75 48 19 34 42 24 25 23 36 12 30 40 16 23 18 48 20 55 32 38 34 57 31 41 48 43 66 41 24 20 44 17 26 54 27 48 21 58 
40 11 9 16 20 8 25 34 23 16 32 41 19 24 20 46 18 31 23 32 37 14 45 55 27 31 45 54 30 39 34 66 38 8 3 30 18 17 29 16 38 15 25 6 8 4 37 12 14 15 25 10 17 32 17 29 36 24 20 21 28 6 13 16 19 26 29 16 32 40 22 23 21 38 12 23 26 38 10 11 10 19 6 10 7 43 23 2 10 35 19 26 31 26 19 21 19 7 40 21 18 33 43 19 26 21 51 23 17 24 36 46 22 32 26 61 34 32 43 49 38 35 35 29 20 34 42 24 25 23 36 12 58 38 40 38 49 28 46 49 46 58 38 29 28 34 15 29 44 20 38 16 44 
33 19 7 4 31 16 19 32 14 2 16 26 5 9 4 39 14 31 15 24 40 12 39 50 12 22 31 41 18 28 22 59 33 23 17 44 32 23 35 20 15 68 9 14 8 12 37 23 13 31 32 6 17 30 15 17 21 20 11 16 22 10 27 22 10 23 22 6 16 24 13 8 9 31 7 39 34 45 23 25 11 10 21 19 21 46 34 14 19 37 24 19 19 28 17 23 18 19 38 8 8 18 28 4 13 8 45 20 4 20 24 33 14 24 18 57 32 25 32 36 32 25 28 16 13 19 26 15 10 12 28 4 42 24 25 23 36 12 30 33 30 45 22 16 18 24 3 14 34 6 28 1 39 
28 26 16 9 37 26 18 30 18 8 7 16 9 2 5 35 16 32 14 20 42 17 34 47 2 17 22 31 11 21 15 54 29 33 26 52 42 28 38 29 25 9 84 24 17 21 37 30 22 40 41 15 21 36 23 17 17 27 16 22 20 20 35 31 12 23 26 13 12 16 17 7 13 26 13 48 39 49 33 33 18 11 31 26 29 48 40 23 26 43 32 24 19 35 25 31 20 29 36 12 9 9 18 5 7 5 41 21 7 20 17 24 13 20 16 53 32 29 30 32 35 25 30 8 19 15 19 19 10 15 24 12 34 21 18 18 28 3 24 25 23 36 12 16 20 18 12 12 27 5 22 8 36 
43 17 7 16 27 2 29 39 18 16 30 40 16 24 18 50 22 36 26 35 43 17 49 59 26 34 46 55 31 41 35 70 42 9 9 35 18 23 36 9 6 14 24 49 10 4 43 19 8 19 20 11 21 26 11 24 32 17 15 15 32 4 20 10 21 31 22 12 28 38 16 20 17 41 14 26 32 44 8 17 13 21 11 16 13 50 29 4 16 29 13 20 26 19 12 15 24 5 45 17 20 33 42 18 27 22 55 28 18 28 38 47 24 35 29 66 39 25 38 45 32 29 29 30 14 30 39 19 21 18 40 13 55 34 37 34 50 27 42 46 43 59 36 25 23 36 12 25 46 21 41 15 49 
33 11 6 7 22 12 19 29 20 8 24 34 13 16 13 39 12 27 15 25 35 7 39 49 19 24 37 46 22 31 26 59 32 16 8 35 26 16 28 19 8 8 17 10 50 5 33 14 14 23 30 2 12 33 17 25 30 24 17 20 21 5 18 21 11 20 27 12 25 33 19 16 16 31 4 31 27 38 17 16 4 11 13 11 12 41 25 7 10 38 23 24 27 28 19 24 14 14 35 16 10 25 35 11 18 13 45 18 9 18 28 38 14 24 19 56 29 30 39 44 37 32 34 21 18 28 35 22 19 19 29 5 50 33 34 32 41 20 39 42 39 50 30 24 25 26 9 23 36 12 31 9 38 
39 13 5 13 24 6 24 35 19 12 28 38 15 21 16 45 17 32 21 31 39 13 44 55 24 30 42 52 28 37 31 65 38 11 6 34 20 19 32 14 4 12 21 4 5 47 38 16 11 19 24 7 17 30 14 25 32 20 16 17 27 1 17 15 17 26 25 12 27 36 18 19 16 37 10 27 29 41 12 15 9 17 10 12 11 45 26 2 12 33 18 22 27 24 15 19 19 8 41 16 16 30 40 15 24 18 51 23 14 24 34 43 20 30 24 61 34 28 39 45 35 31 32 27 16 29 38 20 20 19 35 9 53 34 36 34 46 24 41 45 42 56 34 25 24 32 11 25 42 17 36 12 44 
16 26 39 32 24 45 19 7 52 35 42 45 42 35 38 16 23 6 23 20 9 26 16 19 37 23 36 43 29 27 27 31 12 44 35 39 52 20 12 53 37 37 37 43 33 38 73 27 48 42 62 33 21 67 51 54 55 57 49 53 17 39 32 54 27 14 60 44 49 51 50 43 46 16 31 50 20 18 47 34 29 27 38 28 34 11 27 39 28 72 56 57 56 62 53 58 19 45 6 46 30 37 42 36 30 32 18 17 33 17 27 34 24 19 21 24 5 63 68 69 69 62 65 32 50 52 54 53 46 49 19 34 65 59 54 56 34 40 61 57 58 42 42 53 56 24 41 49 25 33 23 37 12 
34 3 20 20 8 20 21 26 35 22 37 46 28 29 27 39 16 21 21 29 25 13 38 46 32 29 45 54 31 37 33 58 31 17 9 21 24 6 17 28 12 23 30 19 14 16 27 25 27 15 36 16 12 45 30 40 45 36 31 33 24 17 6 29 19 20 41 27 40 47 33 31 31 33 16 24 13 25 21 6 12 20 11 3 6 32 11 15 4 48 32 38 41 38 31 34 14 19 31 30 21 37 45 25 28 25 43 18 22 20 35 45 21 28 23 52 24 44 54 59 51 46 48 31 32 42 49 36 34 34 32 19 64 48 48 46 47 34 54 55 53 57 42 39 40 32 24 38 40 25 35 23 36 
46 25 8 17 35 8 32 44 10 15 27 37 13 22 16 53 26 41 28 38 49 22 52 63 24 35 45 54 32 42 36 73 45 16 17 44 23 30 43 7 14 13 22 8 14 11 48 27 19 27 18 15 27 19 3 17 26 9 8 6 35 9 28 9 23 35 14 8 23 33 9 16 11 44 17 33 40 52 14 25 18 23 19 23 21 56 37 12 23 24 10 12 18 14 4 9 29 11 50 11 21 31 40 17 27 21 59 32 18 32 38 46 27 37 31 70 44 17 30 37 24 21 21 30 7 24 33 11 16 12 42 14 49 26 32 28 50 24 35 41 37 59 34 18 15 38 10 19 48 20 42 14 52 
49 18 25 30 17 19 36 42 38 31 47 57 35 39 35 54 30 36 35 44 38 26 53 61 42 43 58 68 44 51 46 73 47 11 14 17 12 22 30 25 15 31 40 19 23 19 42 15 27 56 28 25 26 42 30 44 52 35 35 34 39 21 9 24 32 35 41 32 47 56 36 38 36 48 27 9 23 35 14 8 23 33 9 16 11 44 17 17 17 42 27 39 46 34 31 31 29 16 46 36 32 48 58 34 40 36 58 33 32 35 49 59 34 43 37 66 39 44 57 64 50 49 48 44 34 49 57 39 40 38 47 28 73 53 56 53 61 43 61 65 61 71 53 44 43 46 31 44 55 35 50 32 52 
63 36 26 35 43 17 49 59 26 34 46 55 31 41 35 70 42 56 46 55 61 38 69 79 43 53 64 72 50 60 54 90 62 19 27 45 17 42 54 11 25 32 41 20 30 24 62 36 18 28 19 31 41 18 18 32 42 18 26 20 52 24 34 9 41 51 23 27 40 50 26 35 29 61 34 28 49 61 15 31 34 41 25 34 29 68 44 23 35 14 8 23 33 9 16 11 44 17 65 30 39 50 59 36 46 40 75 48 36 48 57 65 44 55 49 86 59 24 40 49 28 32 28 48 23 40 50 26 34 29 59 32 65 41 48 43 69 43 51 58 53 77 52 34 29 56 29 37 66 39 60 33 69 
32 13 6 5 24 13 17 29 19 6 22 31 11 14 10 38 11 27 14 24 35 7 38 48 17 22 35 44 20 30 24 58 31 18 10 37 28 17 29 20 10 6 15 11 2 7 33 16 15 25 31 47 12 33 17 23 28 23 16 19 20 6 20 22 9 20 27 11 23 31 18 15 15 30 2 33 28 39 19 18 4 9 15 12 14 42 27 9 12 39 24 24 25 29 19 24 14 16 35 14 8 23 33 9 16 11 44 17 7 17 26 36 13 23 17 55 29 30 38 43 36 31 33 19 17 26 33 21 17 18 28 2 48 31 31 30 39 18 37 40 37 48 27 23 24 25 8 21 35 10 29 7 37 
23 8 18 13 16 24 10 17 31 16 28 35 22 19 19 29 4 14 9 17 23 5 28 38 22 17 33 42 19 25 21 48 21 24 15 32 33 7 17 31 17 17 21 21 12 17 21 12 27 26 41 12 70 46 29 35 38 36 28 32 12 17 18 32 9 9 39 23 32 38 30 24 26 21 10 36 18 28 27 18 8 10 19 10 15 29 20 18 9 50 35 36 37 41 32 36 3 24 23 26 11 26 34 17 17 15 34 7 14 8 23 33 9 16 11 44 17 42 49 52 49 42 45 20 29 35 40 33 27 29 21 13 54 41 39 39 35 24 46 45 44 45 31 34 36 20 20 31 29 15 23 17 27 
63 44 27 35 53 25 50 62 17 32 38 46 27 37 31 70 44 60 46 54 68 41 69 81 38 52 57 65 47 57 51 90 63 32 36 60 34 49 62 17 32 30 36 26 33 30 67 45 19 42 18 33 46 29 16 20 29 9 19 14 53 28 46 18 41 53 9 23 30 38 18 28 23 61 35 45 59 71 28 43 37 41 36 42 39 75 55 30 42 9 15 11 20 9 14 11 47 27 68 23 38 43 51 33 43 37 76 50 35 50 53 60 44 54 49 88 62 8 23 33 9 16 11 44 17 28 37 16 26 20 59 33 51 27 36 30 64 36 36 45 40 71 44 22 16 53 27 27 63 36 58 31 70 
48 28 11 20 38 10 35 46 9 17 28 37 14 24 18 55 28 44 31 40 52 25 54 66 25 38 46 55 33 44 38 75 48 19 20 46 25 33 46 6 17 15 23 11 17 14 51 30 3 30 18 17 29 16 17 15 25 6 8 4 37 12 31 9 26 37 11 9 23 32 8 17 11 46 20 35 43 55 16 28 21 25 22 26 24 59 40 15 26 21 9 9 17 12 2 7 31 14 52 12 23 32 41 19 29 23 61 35 20 35 40 48 29 39 34 72 47 14 28 35 21 19 18 31 5 23 33 9 16 11 44 17 48 25 31 27 52 25 34 41 36 60 34 17 13 39 12 19 50 22 44 16 55 
46 36 19 22 47 25 35 47 6 19 17 25 12 19 15 53 31 48 31 38 58 30 52 65 19 35 38 45 29 38 33 72 47 34 31 59 40 41 52 22 29 17 17 24 25 25 54 40 17 44 32 23 35 20 15 46 9 14 8 12 37 23 43 25 27 39 10 12 9 18 7 11 8 44 24 50 52 63 31 40 28 26 35 36 36 64 51 27 36 29 24 9 2 24 16 21 35 29 53 9 24 23 30 17 25 21 59 37 20 36 35 40 30 38 34 71 49 12 14 20 17 8 12 26 10 8 18 6 8 6 41 21 33 9 16 11 44 17 18 26 21 51 23 2 3 35 15 6 45 20 40 18 54 
44 41 26 25 52 33 36 47 15 22 13 17 17 19 18 51 33 49 32 36 60 33 50 62 17 33 32 38 26 34 30 68 46 42 38 66 49 45 55 32 36 21 17 32 30 32 55 45 26 52 42 28 38 29 25 9 66 24 17 21 37 30 49 34 29 40 20 19 5 9 16 13 15 42 28 58 56 66 40 47 32 28 42 41 42 65 56 34 41 38 34 19 9 33 26 30 37 37 53 15 26 19 23 20 24 22 57 38 23 37 31 35 31 36 34 69 50 20 14 14 23 13 19 23 19 2 8 16 11 14 39 26 23 4 7 1 38 15 9 16 11 44 17 8 13 33 21 7 41 22 37 21 52 
54 34 17 25 44 16 40 52 9 23 30 39 17 28 22 60 34 50 36 45 59 31 60 71 29 42 49 57 38 48 42 80 53 24 27 52 29 40 52 10 24 20 27 17 24 20 57 36 9 35 18 23 36 9 6 14 24 19 10 4 43 19 37 12 31 43 6 14 23 33 9 19 14 51 25 39 49 61 21 34 28 31 28 33 31 65 47 21 33 16 10 5 15 9 5 6 38 19 58 14 29 35 43 23 33 28 66 40 25 40 44 51 35 44 39 78 53 8 23 32 14 14 12 35 7 23 32 8 18 12 49 23 47 23 31 25 55 28 33 40 35 63 36 16 11 44 17 20 54 27 49 21 60 
44 29 11 16 39 16 31 43 3 13 20 29 7 17 12 51 26 42 27 35 52 23 50 62 19 32 39 47 27 38 32 70 44 25 23 51 32 34 45 15 20 11 16 15 17 16 49 31 8 35 26 16 28 19 8 8 17 10 33 5 33 14 34 17 22 34 11 5 14 24 1 9 3 42 17 41 44 56 23 31 21 21 26 28 27 58 42 18 28 27 17 8 10 19 9 15 29 20 49 4 19 24 33 13 23 18 57 32 15 31 34 41 25 35 30 69 44 14 22 29 20 14 16 25 2 15 24 4 8 3 39 14 40 18 23 19 45 18 27 33 28 53 26 9 8 34 8 11 44 17 38 12 51 
49 31 13 21 41 14 36 48 6 18 26 35 13 23 17 56 30 46 32 40 55 27 55 67 24 38 45 53 33 43 38 76 49 23 24 50 29 36 48 10 21 16 22 15 20 17 53 33 6 34 20 19 32 14 4 12 21 4 5 22 38 16 35 13 27 39 8 9 20 29 5 15 9 47 21 39 46 58 20 32 24 26 26 30 28 61 44 18 30 21 12 5 13 13 4 9 33 18 54 10 24 30 39 19 29 23 62 36 20 36 40 47 30 40 35 73 48 11 23 31 17 14 14 30 3 20 29 5 14 8 44 18 45 21 28 23 51 23 30 37 33 59 32 13 9 39 12 16 50 22 44 17 56 
11 21 26 17 26 34 2 10 36 20 25 29 26 18 22 17 9 12 6 5 23 14 17 28 20 6 22 31 12 14 11 38 10 36 27 43 46 18 21 41 28 22 20 32 21 27 17 24 35 39 52 20 12 53 37 37 37 43 33 38 89 27 30 42 11 4 45 29 32 34 35 26 30 9 18 48 26 32 39 30 18 12 31 22 28 28 30 29 22 59 45 42 39 49 39 45 9 36 15 30 14 20 26 20 13 16 23 5 18 4 12 21 8 4 3 35 12 47 51 52 54 45 49 14 35 35 37 38 29 33 8 20 49 41 36 38 23 22 43 40 41 33 25 36 40 9 26 32 16 17 11 21 17 
39 15 3 12 25 6 24 35 17 11 27 36 13 19 15 45 17 32 21 31 40 13 44 55 22 29 41 51 27 36 31 65 38 12 8 36 21 20 33 13 6 10 20 4 5 1 39 17 9 21 24 6 17 28 12 23 30 19 14 16 27 34 19 15 16 26 24 10 26 34 16 17 15 37 9 29 30 42 13 17 9 16 12 14 12 46 28 3 14 33 17 21 25 23 14 18 20 9 41 15 15 29 38 14 23 17 51 23 13 24 33 42 20 30 24 61 35 27 37 43 33 29 30 26 14 27 36 19 19 17 35 8 52 32 34 32 45 23 39 43 40 55 33 23 23 32 9 23 42 16 36 11 44 
40 9 23 25 8 21 28 32 37 27 42 51 31 34 31 44 22 26 27 35 28 19 44 51 37 35 51 60 36 43 39 63 37 15 11 16 20 12 21 28 13 27 35 20 18 17 32 6 28 9 34 20 18 46 31 43 49 37 34 35 30 19 55 28 25 26 42 30 44 52 35 35 34 39 21 18 15 27 19 3 17 26 9 8 6 35 9 16 9 47 31 40 44 38 32 34 20 18 37 34 26 42 51 30 34 30 49 24 27 26 41 51 27 34 29 57 30 45 57 63 52 49 49 37 34 46 53 38 37 36 38 23 69 51 52 50 53 38 58 60 58 63 47 42 42 38 28 42 46 30 41 27 42 
54 28 16 26 36 8 39 50 19 24 37 46 22 32 26 60 33 47 36 46 54 28 60 70 34 44 54 63 40 51 45 80 53 14 19 42 16 34 46 2 16 22 31 10 21 15 54 29 9 24 9 22 32 18 9 25 34 12 17 13 42 15 28 37 31 41 18 18 32 42 18 26 20 52 24 27 42 54 10 25 24 31 18 26 22 60 38 15 27 19 3 17 26 9 8 6 35 9 56 21 29 40 50 26 36 30 66 39 27 39 47 56 35 45 39 77 50 20 36 44 26 27 25 39 15 32 42 18 25 20 50 22 58 34 40 36 59 34 44 50 46 68 43 26 22 46 19 28 56 29 51 23 59 
22 15 15 6 25 23 8 21 25 8 19 26 15 10 11 29 4 20 5 14 31 6 28 40 13 12 26 36 11 20 15 49 22 27 18 41 37 16 25 29 19 10 12 21 11 17 27 19 23 32 41 9 9 41 26 27 29 31 22 27 11 16 25 31 30 12 33 17 23 28 23 16 19 20 6 41 27 36 29 24 9 1 23 16 20 36 29 18 16 47 33 30 29 38 28 33 8 25 27 19 3 17 26 9 8 6 35 9 6 9 17 27 3 13 8 46 22 36 41 44 43 35 38 12 24 26 31 26 19 22 18 8 45 33 30 30 30 15 37 36 35 39 22 26 29 15 14 23 25 7 19 10 29 
14 17 26 18 22 33 4 8 37 21 28 33 27 21 23 19 8 9 8 9 20 13 18 28 23 11 27 36 16 18 15 39 11 34 24 39 43 14 16 40 26 23 23 31 20 26 14 20 35 35 51 20 9 53 37 39 40 43 34 39 4 26 26 41 12 54 46 29 35 38 36 28 32 12 17 45 21 27 37 27 17 13 29 19 25 25 26 27 18 59 44 42 41 49 39 44 6 34 15 31 15 24 30 21 16 18 24 2 19 3 17 26 9 8 6 35 9 48 53 55 55 47 51 18 36 38 40 39 31 35 12 20 53 44 40 41 27 25 47 44 44 37 29 38 41 14 26 34 20 18 15 22 18 
55 39 21 27 49 22 42 54 8 24 28 36 18 28 23 62 37 53 38 46 62 34 61 73 28 43 48 55 38 48 42 81 55 30 32 58 35 44 56 16 29 22 26 22 27 25 60 41 14 41 23 27 39 9 11 10 20 6 11 8 45 24 42 18 33 46 38 16 20 29 9 19 14 53 28 46 54 66 27 40 31 33 33 38 36 69 52 26 38 18 16 3 10 14 10 12 40 25 60 15 30 33 41 24 34 29 68 43 27 43 44 50 36 46 41 80 55 3 17 26 9 8 6 35 9 19 28 7 17 11 50 25 42 18 27 21 54 27 27 36 31 61 34 13 7 44 19 17 54 28 49 23 62 
39 24 7 11 35 14 26 38 8 8 19 28 4 14 8 46 21 37 22 31 46 18 45 57 16 28 36 45 24 34 28 66 39 22 19 46 30 29 40 15 16 6 13 12 12 12 44 27 8 32 27 11 23 23 9 12 19 14 5 9 29 10 30 18 17 29 16 6 15 25 6 8 4 37 12 39 39 51 21 27 16 17 22 23 23 53 38 14 23 30 18 13 14 21 11 17 24 17 44 4 15 22 32 9 19 14 52 27 11 27 30 38 21 30 25 64 39 19 27 32 25 19 21 21 6 17 26 9 8 6 35 9 42 21 24 21 42 16 29 33 30 50 25 12 13 30 3 12 40 13 35 7 46 
39 36 22 19 47 30 30 42 14 17 8 15 12 14 13 46 28 44 26 31 54 28 45 58 12 28 28 35 21 30 25 64 41 38 34 61 46 39 49 29 32 16 12 28 25 27 49 40 23 47 40 23 32 30 23 9 5 23 14 20 32 26 44 32 23 35 20 15 34 9 14 8 12 37 23 55 50 60 37 42 27 22 38 36 38 60 51 30 36 39 32 18 10 33 24 29 32 33 47 11 20 15 21 15 19 17 52 33 18 32 27 31 25 31 28 64 44 22 19 20 26 16 21 18 17 3 10 15 7 11 34 21 26 9 8 6 35 9 14 18 14 41 14 7 13 28 16 3 37 16 32 16 47 
39 43 31 26 54 39 33 44 23 24 9 8 21 18 20 45 33 47 30 32 58 34 44 57 15 29 24 28 22 28 25 61 41 47 42 68 55 45 54 39 40 24 16 38 33 36 51 47 33 56 50 31 38 38 32 18 9 33 24 29 34 34 52 42 28 38 29 25 9 52 24 17 21 37 30 64 56 65 46 50 34 27 46 43 45 62 57 38 43 48 42 28 18 42 33 39 37 43 49 21 26 14 15 21 21 22 51 36 24 35 25 27 29 32 31 63 46 30 22 19 33 23 29 19 26 10 3 24 16 21 34 28 17 13 3 8 30 13 9 8 6 35 9 16 22 28 25 13 34 22 31 24 47 
45 30 13 17 41 17 32 44 1 14 20 29 8 18 13 52 27 44 28 36 53 25 51 63 19 33 40 48 28 38 33 71 45 26 24 52 33 35 47 15 22 13 17 16 19 18 50 33 9 36 26 18 30 18 8 7 16 9 1 5 35 16 35 18 23 36 9 6 14 24 19 10 4 43 19 42 46 57 24 33 22 23 27 29 29 59 44 19 29 26 17 6 9 18 9 15 31 21 51 5 21 25 33 15 24 19 58 33 17 33 35 42 27 36 31 70 45 12 21 28 19 13 15 26 2 14 24 3 8 3 40 16 40 17 22 18 46 18 26 32 28 53 27 8 6 35 9 11 45 18 39 13 52 
36 27 13 11 39 22 24 36 10 8 11 20 4 8 5 42 21 37 20 27 47 19 42 54 9 24 29 38 18 28 23 62 36 30 25 52 38 31 42 23 23 8 7 20 16 19 43 31 16 38 35 15 24 28 17 11 13 19 9 15 26 17 35 26 16 28 19 8 8 17 10 17 5 33 14 46 42 52 29 33 19 15 29 27 29 53 42 21 27 36 26 16 12 28 18 24 25 25 42 5 13 15 24 7 15 10 48 26 10 25 25 31 19 27 22 61 38 21 25 28 27 19 23 15 12 11 18 12 3 7 31 12 34 16 17 15 35 8 22 26 23 43 17 9 13 25 7 6 35 9 30 8 43 
40 28 11 13 39 18 28 40 5 10 16 26 4 14 8 47 23 40 24 32 49 21 47 58 15 29 35 44 24 34 28 67 41 26 23 51 34 32 44 18 21 9 13 17 16 16 46 31 11 36 29 15 26 23 11 8 15 14 3 9 30 15 34 20 19 32 14 4 12 21 4 5 13 38 16 43 43 54 25 32 19 19 27 27 27 56 42 18 27 30 21 11 10 22 13 18 27 21 46 0 16 21 29 10 20 15 53 29 13 29 30 37 22 31 27 65 41 17 23 28 23 16 19 21 6 13 22 7 5 3 36 13 38 17 20 17 41 14 25 30 26 49 23 8 9 30 6 8 40 14 35 9 47 
2 30 35 26 34 44 12 9 44 29 29 30 34 25 29 8 19 15 15 6 25 24 8 20 25 9 19 26 15 10 12 28 4 46 36 50 55 26 25 50 38 31 26 41 31 37 16 33 44 48 61 30 21 61 46 44 42 51 42 47 9 37 39 52 20 12 53 37 37 37 43 33 38 70 27 57 32 35 48 39 28 21 41 31 37 27 37 38 31 68 54 50 46 59 48 54 18 45 12 38 23 23 26 28 19 23 15 14 26 13 12 17 17 7 12 27 13 55 56 56 61 52 57 19 44 40 40 46 36 41 3 29 49 47 40 43 17 28 47 42 44 26 28 42 47 9 34 38 8 24 6 30 9 
29 13 8 3 24 16 15 26 20 6 21 30 12 12 10 36 8 25 11 21 34 5 35 46 15 19 32 42 18 27 21 56 28 21 12 38 30 16 28 22 12 7 13 14 4 10 31 16 17 27 34 2 10 35 20 24 28 25 17 21 18 9 21 24 6 17 28 12 23 30 19 14 16 27 19 35 27 38 22 20 4 7 17 13 15 40 27 12 12 41 26 25 26 31 22 27 12 18 32 15 6 21 31 8 14 9 41 15 6 15 24 33 10 20 15 53 27 31 39 43 38 32 34 17 19 26 32 22 17 19 25 3 47 31 31 30 36 17 37 38 36 46 26 23 25 22 9 21 32 8 26 6 35 
59 27 33 39 26 25 46 51 44 40 56 65 42 48 44 63 39 45 44 53 46 35 63 70 51 53 67 77 53 61 56 82 56 16 23 19 11 31 39 29 23 39 48 26 31 27 50 24 33 9 28 33 36 45 35 50 58 39 41 39 48 29 18 27 41 45 46 39 55 64 42 46 43 57 35 57 31 41 18 18 32 42 18 26 20 52 24 25 26 42 30 44 52 35 35 34 39 21 55 43 41 57 66 43 49 45 68 43 41 44 58 68 44 52 47 75 48 48 63 70 53 54 52 53 40 56 65 44 47 44 57 36 81 60 63 60 71 52 68 72 69 80 61 51 48 56 38 52 65 44 59 40 61 
33 15 33 30 6 34 25 23 47 33 46 53 39 38 37 35 23 16 27 31 14 22 35 39 40 33 48 57 36 40 37 52 29 29 23 18 35 11 8 42 26 34 39 32 27 29 20 13 40 23 49 28 18 59 43 52 56 49 44 46 26 30 15 42 27 21 54 39 50 56 46 42 43 32 27 31 50 12 33 17 23 28 23 16 19 20 6 28 16 61 45 51 54 52 45 48 19 32 26 42 30 44 52 35 35 34 39 21 32 23 39 47 27 30 27 44 20 57 66 70 64 59 61 38 45 53 59 49 45 46 33 30 73 59 57 57 49 43 64 64 63 58 49 51 52 36 36 49 41 34 37 34 32 
35 27 44 41 18 46 32 25 59 44 55 61 50 47 48 35 32 19 35 36 9 33 35 35 49 38 53 61 43 44 42 47 31 42 35 24 47 22 11 54 38 45 49 44 38 41 18 25 52 35 61 39 28 71 55 63 66 61 56 58 32 42 27 54 36 27 66 51 60 65 57 52 54 35 38 41 12 53 46 29 35 38 36 28 32 12 17 40 28 74 57 63 65 64 57 60 28 45 25 54 39 52 58 46 43 43 36 28 42 30 44 52 35 35 34 39 21 69 77 80 75 70 72 46 56 63 67 60 55 57 36 41 80 69 67 67 52 52 73 72 72 60 57 62 64 41 48 59 43 44 41 45 31 
50 21 16 25 27 7 36 45 25 24 39 49 25 32 27 56 29 41 33 43 46 24 55 65 35 41 54 64 40 49 43 76 48 4 12 32 9 27 38 11 10 23 33 8 17 12 47 21 14 14 15 19 27 28 16 31 40 21 23 20 39 13 19 10 29 37 27 21 37 46 24 29 25 48 22 18 33 46 85 16 20 29 9 19 14 53 28 10 19 28 13 25 33 19 16 16 30 3 51 25 28 41 51 27 36 30 61 34 26 35 46 55 32 42 36 71 44 30 44 52 35 35 34 39 21 38 47 25 29 26 47 21 63 41 45 42 58 36 50 55 51 68 45 32 30 44 21 33 54 29 48 24 55 
41 9 20 23 11 18 28 33 34 25 41 50 29 32 29 45 22 28 27 35 31 18 45 53 35 35 50 60 36 43 38 64 38 12 8 19 18 13 23 25 11 25 33 17 16 15 34 6 25 8 31 18 18 43 28 40 47 34 31 32 30 17 3 25 24 27 40 27 42 50 33 33 32 39 20 18 17 29 16 60 15 25 6 8 4 37 12 13 8 44 28 37 42 35 29 31 21 15 38 31 25 41 50 28 33 29 50 25 26 26 41 50 26 34 29 59 31 42 54 60 49 46 46 36 31 44 52 35 35 34 39 21 67 49 50 48 53 37 56 58 56 62 46 40 40 38 25 39 47 28 41 25 43 
30 8 10 8 19 16 15 25 24 10 25 34 16 16 14 36 8 23 13 22 31 4 35 45 19 21 35 45 20 29 24 56 28 18 9 34 28 13 24 23 10 11 18 13 4 9 29 12 18 23 34 4 8 37 21 28 32 28 21 24 18 9 17 24 9 17 31 16 27 34 22 19 19 28 4 32 23 35 20 15 88 9 14 8 12 37 23 10 8 42 27 28 30 32 23 28 10 17 31 19 9 25 34 12 17 13 41 14 10 15 26 36 12 21 16 52 25 34 42 47 41 35 37 20 21 30 36 25 21 22 26 6 52 35 35 34 39 21 41 43 41 48 30 27 29 24 13 25 34 12 28 10 35 
23 16 15 5 26 23 9 21 24 8 17 25 14 9 10 29 5 21 5 14 32 7 29 40 12 12 25 35 11 20 14 49 22 28 19 42 37 18 27 29 19 10 11 21 11 17 27 20 23 33 41 9 10 41 25 26 28 31 21 26 12 16 26 31 1 13 33 17 22 27 23 15 19 21 7 42 28 38 29 25 9 104 24 17 21 37 30 19 17 47 33 30 28 38 27 33 9 25 27 18 2 16 25 8 7 5 35 10 6 10 17 26 3 14 8 47 22 36 40 42 42 34 38 11 23 25 30 26 18 22 18 8 44 32 29 29 29 14 35 35 34 39 21 25 28 15 13 22 25 6 19 9 29 
43 12 15 21 17 11 29 36 29 22 38 47 25 30 26 48 22 32 27 36 36 18 48 56 33 36 50 59 35 44 38 68 41 6 5 24 14 17 29 19 6 21 31 11 13 10 38 11 19 9 25 15 19 36 22 35 42 28 26 26 31 12 9 18 23 29 33 22 38 46 27 29 27 41 17 18 23 36 9 6 14 24 71 10 4 43 19 8 10 37 21 31 36 28 23 25 22 9 42 27 23 39 48 25 31 27 53 26 23 28 41 50 26 35 30 63 35 36 49 55 42 40 40 35 25 39 48 30 31 29 40 18 64 44 46 44 53 34 52 55 52 63 43 35 34 39 21 35 48 26 42 22 46 
33 1 16 17 11 18 20 26 31 19 34 42 24 25 23 38 13 21 19 27 27 10 37 46 28 27 42 52 28 35 30 58 31 16 7 25 24 7 19 26 10 19 26 16 11 12 28 3 23 16 34 12 10 42 26 36 41 33 28 30 22 14 8 26 16 19 38 23 36 43 29 27 27 31 13 26 16 28 19 8 8 17 10 71 5 33 14 12 0 45 29 35 38 36 28 31 13 17 32 27 17 33 42 21 25 21 43 17 19 18 32 42 18 26 21 52 25 41 50 55 47 42 44 28 28 38 45 32 30 30 31 15 60 44 44 43 45 30 50 52 50 54 38 35 36 30 21 34 39 21 33 19 36 
39 7 16 19 13 14 25 32 30 21 37 46 25 28 25 44 19 27 24 33 32 14 43 52 31 32 47 57 32 40 35 63 36 10 4 23 18 13 24 22 7 21 29 13 12 11 34 6 21 11 29 14 15 39 24 36 42 31 27 28 28 12 6 22 20 25 36 23 38 45 29 29 27 37 15 20 19 32 14 4 12 21 4 5 68 38 16 9 6 41 25 33 38 32 26 28 18 13 37 27 21 37 46 24 29 25 49 22 21 24 37 47 23 32 26 58 30 39 50 56 45 42 42 32 27 40 47 31 31 30 36 17 63 45 46 44 50 33 52 54 52 59 42 36 35 35 21 35 44 24 39 21 42 
27 32 47 42 26 51 29 18 61 45 53 57 51 46 48 25 32 16 33 31 6 34 25 23 48 34 46 53 40 38 38 35 23 49 41 36 55 26 14 59 43 46 48 50 41 45 11 32 56 44 68 42 29 75 59 64 65 65 58 61 28 46 35 60 36 25 69 53 60 62 59 53 56 27 40 52 20 12 53 37 37 37 43 33 38 78 27 45 33 79 63 66 66 69 61 65 28 51 16 55 39 48 53 46 41 43 25 27 43 28 38 44 34 30 31 26 15 72 78 80 78 72 75 42 59 63 65 62 56 59 30 43 76 69 64 66 44 50 71 68 69 52 53 62 65 35 49 59 35 43 34 46 21 
38 14 31 31 3 30 29 29 45 33 48 55 39 39 38 42 25 23 30 36 21 23 41 46 42 36 52 62 39 44 40 59 35 24 20 12 29 12 14 38 23 34 40 29 25 26 27 11 37 17 44 27 20 55 40 51 56 47 42 44 30 28 9 38 29 26 52 38 51 57 44 42 42 37 27 24 6 17 28 12 23 30 19 14 16 27 43 25 15 57 41 49 53 47 42 44 22 28 33 42 31 46 54 36 37 35 45 25 33 27 43 52 30 34 31 51 26 55 65 70 61 57 58 41 42 53 60 47 45 45 38 30 74 59 58 57 53 44 65 65 64 63 52 50 51 40 35 49 46 35 41 34 39 
40 13 7 15 23 6 26 36 21 15 30 40 17 23 18 46 19 32 23 33 39 14 46 56 26 31 44 54 30 39 33 66 39 9 5 32 18 19 31 14 2 14 23 4 7 2 39 15 12 17 23 9 18 30 15 27 34 21 18 18 29 3 16 15 18 27 26 14 30 38 19 21 18 38 12 25 28 40 10 13 10 19 8 12 9 45 25 63 12 33 17 23 28 23 16 19 20 6 41 18 18 32 42 18 26 20 52 24 16 25 36 45 22 32 26 62 35 29 41 47 36 32 33 29 17 31 40 22 22 21 37 11 56 36 38 36 48 27 43 47 44 58 36 27 26 34 13 27 44 19 38 15 45 
32 1 16 16 11 18 19 26 31 18 33 42 24 25 23 38 13 21 18 27 26 9 37 46 28 26 42 51 27 35 30 57 30 16 7 25 24 7 19 26 10 19 26 16 10 12 28 4 23 17 35 12 9 42 26 36 41 33 28 30 22 14 9 27 16 18 38 23 36 43 29 27 27 31 12 26 16 28 19 8 8 17 10 0 6 33 15 12 83 46 29 35 38 36 28 32 12 17 31 27 17 33 42 21 24 21 43 16 18 18 32 42 18 26 20 52 24 41 50 55 47 42 44 28 28 38 45 32 30 30 30 15 60 44 44 42 44 30 50 51 49 54 38 35 36 30 20 34 38 21 33 19 36 
70 47 32 41 55 27 56 68 26 39 46 55 34 44 39 77 50 65 52 61 72 46 76 87 46 59 66 74 54 65 59 97 70 32 38 60 32 53 65 19 35 37 43 29 38 33 72 48 24 42 14 39 50 9 21 29 38 16 27 21 59 33 47 19 47 59 18 30 39 48 26 36 30 68 41 42 61 74 28 44 42 47 37 45 41 79 57 33 46 37 16 20 29 9 19 14 53 28 74 31 45 51 59 40 50 45 83 56 41 56 61 68 51 61 55 94 68 18 32 42 18 26 20 52 24 38 47 24 34 29 66 38 60 36 45 40 72 44 46 55 49 80 52 31 26 61 33 36 71 43 65 38 76 
56 31 18 27 39 11 42 53 18 26 37 47 23 33 27 62 35 50 38 48 56 31 62 72 35 46 55 64 42 52 46 83 55 17 22 45 19 37 49 3 19 24 32 13 23 18 56 32 10 27 8 24 35 15 9 24 34 10 17 12 45 17 31 3 33 44 16 18 32 42 17 26 21 54 26 30 45 57 13 28 27 33 21 29 25 63 41 17 29 16 36 15 25 6 8 4 37 12 59 21 31 41 50 27 38 32 68 41 28 41 49 57 37 47 41 79 52 18 34 43 23 25 23 40 15 32 42 18 26 20 52 24 57 33 40 35 61 34 43 50 45 69 44 26 21 48 21 28 58 31 52 25 62 
52 36 18 24 46 19 39 51 6 21 26 34 15 25 20 59 34 50 35 43 59 31 58 70 26 40 46 53 35 45 39 78 52 28 29 56 34 41 53 15 26 19 24 20 24 22 57 38 12 39 23 24 36 11 9 9 19 5 8 5 42 21 40 17 30 42 3 13 18 28 6 16 11 50 25 44 51 63 25 37 28 30 31 35 33 66 49 23 35 20 15 65 9 14 8 12 37 23 57 12 27 31 39 21 31 26 65 40 24 40 41 48 33 43 38 77 52 6 18 27 12 9 9 32 6 18 27 4 14 8 47 22 42 18 26 20 52 24 27 35 30 59 32 11 6 42 16 15 52 25 46 20 59 
48 38 21 24 49 26 37 49 7 21 19 26 14 21 17 55 33 50 33 39 60 32 54 66 20 36 39 46 30 40 35 74 49 35 33 61 42 43 54 23 31 19 19 26 27 27 56 41 18 46 33 25 37 20 17 2 9 15 10 13 39 25 44 26 29 41 10 14 10 18 9 12 10 46 26 52 54 65 33 42 30 28 36 38 38 66 53 28 38 29 25 9 84 24 17 21 37 30 55 11 26 25 31 19 27 23 61 39 22 38 36 41 32 39 35 73 51 11 12 18 15 6 11 27 11 8 18 7 9 7 43 23 32 8 16 11 45 18 18 26 20 52 24 3 3 37 17 8 46 22 42 20 56 
61 37 23 32 46 17 47 58 19 30 39 48 26 36 30 67 40 55 43 52 63 36 67 78 37 50 58 66 46 56 50 87 60 23 28 51 24 43 55 9 26 28 35 19 28 24 62 38 14 34 9 29 41 9 12 24 33 9 19 13 49 23 38 9 38 49 14 21 33 42 18 28 22 59 31 35 52 64 19 35 32 38 28 36 32 69 47 23 36 9 6 14 24 36 10 4 43 19 64 23 36 44 52 31 41 36 73 46 32 47 52 60 41 52 46 84 58 15 31 40 18 23 19 43 16 32 42 18 27 21 56 29 56 32 40 35 64 37 42 50 45 72 45 26 20 52 24 29 62 34 56 29 67 
51 29 13 22 39 11 37 48 10 20 29 39 15 26 20 57 31 46 33 42 54 27 56 68 27 40 48 57 35 46 40 77 50 19 22 47 25 35 47 6 19 17 25 12 19 15 53 31 4 31 16 19 32 14 2 16 26 5 9 4 39 14 32 8 28 39 10 11 24 33 9 18 13 48 22 35 45 57 16 29 23 27 23 28 26 61 42 16 28 19 8 8 17 10 52 5 33 14 54 13 25 34 42 21 31 25 63 37 22 37 42 50 31 41 36 75 49 13 27 35 19 18 17 33 7 24 34 10 18 12 46 19 49 25 32 27 54 27 35 42 37 62 36 18 14 42 14 20 52 24 46 19 57 
56 33 18 27 42 13 42 53 15 25 35 44 21 32 26 63 36 51 38 47 58 32 62 73 33 45 54 62 41 51 46 83 55 20 25 48 23 39 51 6 21 23 31 15 24 19 58 34 9 31 11 24 36 11 7 21 30 6 15 9 45 18 34 6 33 44 12 17 29 39 15 24 18 54 27 34 48 60 16 31 28 33 25 31 28 65 44 19 32 14 4 12 21 4 5 41 38 16 59 19 31 39 48 27 37 31 69 42 28 42 48 56 37 47 41 80 53 14 30 38 19 21 18 39 12 29 39 14 23 18 52 24 54 30 37 32 59 32 39 47 42 68 41 22 18 47 20 26 58 30 52 24 62 
20 11 20 13 18 26 7 15 32 16 27 33 23 18 20 26 4 13 7 14 22 6 25 35 21 14 30 40 17 22 18 46 18 27 18 34 36 9 17 33 19 18 20 24 14 19 19 14 29 29 44 14 3 47 31 35 37 38 29 33 9 20 20 35 8 6 40 24 32 37 31 25 27 18 12 39 19 28 30 21 10 9 22 13 18 28 22 20 12 53 37 37 37 43 33 38 104 27 21 26 11 24 32 18 15 15 31 4 15 5 20 30 7 13 8 41 15 43 50 52 50 43 46 18 31 35 39 34 28 30 18 15 53 41 38 39 32 23 45 44 43 42 30 34 37 18 21 31 26 15 20 17 24 
47 19 12 21 26 3 33 42 22 21 36 45 21 29 24 53 26 38 30 40 44 21 53 62 31 38 51 60 36 46 40 73 46 5 10 33 12 25 37 10 7 19 29 5 14 8 45 19 11 16 17 16 24 27 14 29 37 19 20 18 36 9 18 9 25 34 25 17 33 43 21 25 21 45 18 21 32 45 3 15 17 25 9 17 13 51 28 6 17 28 12 23 30 19 14 16 27 49 48 22 24 38 48 23 32 27 59 31 23 32 42 52 29 39 33 69 41 28 42 49 34 33 32 35 18 35 44 23 26 23 44 18 60 38 42 39 55 32 47 51 48 64 42 29 27 41 18 30 51 26 45 20 52 
11 30 41 33 30 47 18 6 52 36 40 42 42 34 38 10 23 10 22 17 15 27 9 14 35 20 31 37 26 22 23 26 7 48 38 45 56 24 18 55 40 38 36 45 35 41 6 31 50 46 65 35 23 68 52 53 53 58 49 54 15 41 37 56 27 15 60 44 47 49 51 42 46 12 32 55 26 25 51 38 31 27 42 32 37 16 33 41 31 74 59 57 55 64 54 59 21 48 24 46 29 35 38 36 28 32 12 17 33 17 23 28 23 16 19 20 6 63 66 67 69 61 65 29 51 50 52 53 45 49 14 35 61 57 51 54 28 38 58 54 55 36 39 52 56 21 41 48 19 32 18 37 6 
40 27 11 13 38 18 27 40 6 10 16 25 3 13 8 47 23 39 23 31 49 21 46 58 14 28 35 43 23 33 28 66 40 26 23 51 34 32 43 18 21 8 12 17 16 16 46 30 11 36 30 14 26 23 12 9 15 14 4 10 30 15 34 21 19 31 15 4 11 21 5 5 0 38 15 43 42 54 25 31 19 18 27 27 27 55 42 18 27 31 21 12 11 23 13 19 26 22 46 67 16 20 29 9 19 14 53 28 12 28 30 37 22 31 26 65 41 17 23 28 23 16 19 20 6 13 22 7 4 3 35 12 38 17 20 17 40 13 25 30 26 48 22 8 10 30 6 8 40 13 34 9 47 
25 17 13 3 27 22 11 23 22 6 16 24 12 7 8 31 7 23 7 16 34 7 31 42 11 14 26 36 12 21 15 51 24 27 18 42 36 19 28 27 18 8 9 20 10 16 30 21 21 32 39 8 11 38 23 24 26 29 19 24 14 15 26 29 3 15 30 15 20 26 21 13 16 23 6 41 30 39 28 25 9 2 23 17 21 39 31 18 17 45 31 27 26 36 25 31 11 24 29 16 35 15 25 6 8 4 37 12 3 12 18 27 6 16 10 49 25 33 38 41 40 32 35 11 21 23 28 23 16 19 20 6 43 30 27 27 30 13 34 34 33 40 21 23 26 16 11 20 27 4 21 7 31 
25 33 25 17 42 35 19 30 25 17 6 9 18 9 14 31 21 33 17 18 44 23 31 43 6 15 14 22 8 15 11 49 27 41 34 58 50 34 41 38 33 18 9 33 25 30 37 37 31 48 50 23 26 43 32 23 19 35 24 30 20 29 42 40 17 24 33 22 15 14 25 15 21 23 21 57 44 52 41 41 25 16 39 33 37 48 46 32 33 51 41 31 25 44 34 39 24 38 35 20 15 47 9 14 8 12 37 23 15 21 12 16 16 18 17 50 33 36 33 32 41 31 36 6 27 17 17 27 17 22 20 20 28 23 16 19 20 6 23 20 20 28 5 21 27 14 21 16 22 12 18 17 33 
27 42 35 27 51 44 26 34 33 27 13 6 27 18 24 32 29 38 24 22 49 32 32 43 16 19 9 14 15 15 15 46 30 51 43 67 60 42 47 47 43 28 18 42 35 40 42 45 40 58 59 33 34 51 41 30 23 43 33 39 26 38 51 50 26 30 41 32 21 15 33 24 29 26 31 66 52 58 51 50 34 25 48 42 46 53 54 42 42 59 50 39 31 52 42 48 32 48 38 29 25 9 57 24 17 21 37 30 25 28 14 12 24 23 24 49 37 43 37 33 47 37 42 14 36 23 17 35 25 31 23 30 23 27 18 23 15 16 23 16 19 20 6 28 34 17 30 23 21 22 19 27 35 
30 21 11 4 32 20 17 30 15 2 13 22 6 5 2 37 14 30 13 21 40 13 36 48 8 19 27 37 14 24 19 56 30 27 20 46 36 24 35 24 19 4 5 18 11 15 36 25 17 34 36 9 17 33 19 17 20 23 13 19 20 14 30 26 9 21 24 9 15 21 15 7 10 28 8 43 35 46 27 28 12 8 25 21 24 46 36 18 21 40 27 21 19 31 21 27 18 23 36 9 6 14 24 47 10 4 43 19 3 18 21 29 12 21 16 55 31 27 32 35 33 25 29 12 15 17 23 17 10 13 25 6 39 23 22 21 33 9 28 30 28 41 18 16 19 20 6 13 31 3 25 3 37 
21 24 20 11 33 29 11 23 25 12 12 18 16 6 11 27 12 25 8 12 36 15 27 39 7 9 18 28 4 14 8 47 22 35 26 49 44 25 32 34 26 13 7 27 18 24 30 28 27 40 46 16 17 43 29 25 24 33 23 29 13 23 34 36 8 16 34 19 19 21 24 15 20 19 14 49 35 43 36 33 17 7 31 25 29 41 37 26 24 50 38 31 27 41 31 37 15 32 28 19 8 8 17 10 33 5 33 14 9 13 10 19 7 12 9 46 25 36 38 39 42 33 38 3 26 22 24 27 17 22 16 14 37 28 23 25 23 9 30 28 28 32 14 23 28 10 17 19 20 6 15 12 28 
25 21 14 5 31 24 13 26 20 6 12 20 10 3 6 32 11 27 9 17 37 12 32 43 6 14 24 33 10 20 14 52 26 29 22 47 39 23 32 28 21 8 5 22 13 18 32 25 21 36 40 11 15 37 23 21 22 28 18 23 16 17 30 30 6 18 29 14 17 22 19 10 15 23 9 45 34 43 30 29 13 5 27 21 25 43 35 20 21 45 32 26 23 36 25 31 15 27 32 14 4 12 21 4 5 39 38 16 4 15 16 25 8 16 12 50 27 32 35 37 38 29 33 8 20 20 24 22 13 17 21 9 39 26 23 23 28 8 30 30 28 37 16 20 23 16 11 16 26 1 20 6 33 
12 41 50 41 42 57 26 16 59 43 43 43 49 40 44 6 33 22 30 21 26 37 6 6 40 24 29 32 30 22 26 14 13 59 49 57 67 36 31 64 51 45 41 55 45 51 18 43 59 58 75 44 34 76 61 59 57 66 57 62 23 51 49 66 35 24 68 52 52 51 58 48 53 15 41 68 39 36 61 50 41 35 53 43 49 25 45 52 43 83 68 65 61 73 63 69 31 59 12 53 37 37 37 43 33 38 41 27 41 26 25 26 31 22 27 12 19 70 71 70 76 67 72 33 59 55 54 61 51 56 17 44 61 61 53 57 23 42 60 54 56 28 41 57 62 23 49 53 16 39 19 44 6 
16 15 23 15 21 30 3 11 34 18 26 32 25 19 21 22 6 11 6 10 21 10 21 31 21 11 27 36 15 19 15 42 14 31 22 38 41 12 17 37 23 20 21 28 18 23 17 18 32 33 48 17 7 50 35 37 38 40 32 36 5 23 24 39 9 2 43 27 33 36 33 26 29 14 15 43 21 28 34 25 14 10 26 17 22 27 25 24 16 56 41 40 39 46 37 42 4 31 17 28 12 23 30 19 14 16 27 13 16 1 17 27 7 9 6 38 12 46 51 53 52 45 48 17 33 36 39 36 29 32 14 17 52 42 38 39 28 23 45 43 43 38 28 35 39 14 23 32 22 16 16 19 20 
28 19 10 2 29 20 15 27 18 2 15 24 8 6 5 35 11 27 11 19 37 10 34 46 9 17 28 37 13 24 18 55 28 25 18 44 35 21 32 24 17 4 7 18 9 14 33 22 18 32 36 7 14 35 20 20 23 25 15 20 18 13 27 27 6 19 27 11 18 24 17 10 13 26 6 41 32 42 26 26 10 6 23 19 21 43 33 16 18 41 28 24 22 32 22 28 15 23 33 12 3 15 25 3 9 4 41 16 92 16 20 29 9 19 14 53 28 29 35 38 36 28 32 12 17 20 26 20 13 15 24 5 41 26 25 24 32 11 31 32 30 41 20 19 22 19 8 16 29 3 24 3 35 
15 17 23 15 23 31 2 11 34 18 25 30 24 18 20 21 6 12 5 9 22 10 20 31 20 9 25 35 13 17 13 41 13 33 23 39 42 14 19 37 24 20 20 28 18 24 17 20 32 35 48 17 8 50 35 36 37 40 31 36 4 24 26 39 9 3 43 27 32 35 33 25 29 13 15 44 23 30 35 26 15 10 28 18 24 28 27 25 18 56 41 40 38 47 37 42 5 32 17 28 12 21 28 18 13 15 26 1 16 59 15 25 6 8 4 37 12 46 50 52 52 44 48 15 33 35 38 36 28 32 12 17 50 41 37 38 27 22 44 42 42 36 27 35 38 12 23 31 20 15 15 19 20 
13 31 31 21 39 40 13 19 35 22 18 18 26 16 22 19 19 24 13 7 35 23 19 31 15 6 9 19 6 3 2 37 16 45 36 55 54 30 34 45 36 24 17 38 28 34 27 35 38 49 57 26 23 53 40 35 31 44 34 40 12 33 41 47 17 17 44 30 27 25 35 25 30 12 24 58 39 44 46 41 26 17 41 32 37 38 43 36 32 61 49 41 36 52 42 48 20 42 23 30 18 12 14 21 10 16 25 17 20 15 70 9 14 8 12 37 23 47 46 44 52 42 47 9 36 29 28 37 27 32 9 25 38 36 28 32 12 17 35 30 32 22 16 33 38 3 28 28 10 17 5 23 21 
17 41 40 30 48 49 23 26 42 31 22 18 34 24 30 21 28 32 23 16 42 32 21 32 22 15 3 9 15 7 12 34 21 54 45 65 64 39 42 53 46 33 24 47 38 43 34 45 46 59 65 36 33 60 48 40 35 51 41 47 21 42 51 56 27 26 50 38 31 27 42 31 37 17 33 68 47 52 55 50 36 26 50 42 47 44 52 45 42 68 57 48 41 60 50 56 30 52 28 37 27 16 12 29 19 25 26 27 29 25 9 76 24 17 21 37 30 53 49 46 57 47 53 16 44 33 29 44 33 39 15 34 35 39 30 35 3 23 36 28 32 12 17 38 44 12 36 33 9 26 10 32 24 
19 17 18 9 26 27 5 17 28 12 19 26 18 11 14 25 4 18 1 10 29 8 25 36 13 9 24 33 9 17 12 45 18 30 21 42 40 17 24 33 22 14 13 24 14 20 24 21 27 34 44 13 9 44 29 30 31 35 25 30 8 20 27 35 3 9 36 21 25 29 27 19 22 17 10 44 27 35 32 26 12 3 26 18 23 34 30 22 18 51 37 33 32 41 31 37 7 29 23 22 6 16 24 12 7 8 31 7 9 6 14 24 72 10 4 43 19 39 43 45 46 38 41 10 27 28 32 29 22 25 15 12 45 35 31 32 27 16 38 36 36 36 22 28 32 12 17 25 22 9 16 13 25 
9 25 28 19 31 37 6 11 37 21 23 26 27 18 22 15 13 15 8 1 26 17 15 27 19 3 18 27 10 9 7 35 9 40 30 47 49 22 25 43 32 24 20 35 24 30 19 28 37 43 55 23 16 54 39 38 36 44 35 40 4 30 34 45 13 8 46 30 31 32 36 27 31 7 20 52 30 35 42 34 21 14 35 26 32 30 34 32 26 61 47 43 39 52 41 47 13 39 16 31 16 18 23 21 12 16 22 9 19 8 8 17 10 57 5 33 14 48 50 50 54 46 50 13 37 34 35 39 29 34 4 22 46 41 35 37 19 21 42 38 39 28 23 36 40 5 27 32 12 17 7 22 16 
14 19 23 14 27 31 2 13 32 16 21 26 22 14 18 21 7 15 3 6 26 12 20 32 16 6 21 31 9 14 9 41 14 34 25 43 43 18 23 37 26 18 16 29 19 24 21 23 31 37 49 17 11 49 34 34 34 39 30 35 3 24 29 39 8 6 41 25 28 31 31 22 27 12 15 47 27 34 36 29 16 8 30 21 26 31 31 26 20 55 41 38 35 46 36 41 8 33 19 26 10 17 24 16 9 12 27 6 14 4 12 21 4 5 64 38 16 44 47 48 50 42 46 11 32 31 34 34 25 29 10 17 46 38 33 35 23 19 40 37 38 33 23 32 36 9 22 28 18 13 12 17 21 
25 50 61 52 49 68 37 26 71 55 56 55 61 52 56 18 44 30 41 33 30 48 19 6 52 36 40 42 42 34 38 9 24 68 59 62 76 45 36 75 61 57 53 66 56 61 24 52 70 66 86 55 44 88 72 71 69 78 69 73 35 61 57 77 46 35 80 64 64 63 70 61 65 27 53 75 44 39 71 59 52 47 63 52 58 26 51 62 52 94 79 77 73 84 75 80 41 69 20 65 49 50 49 55 46 50 12 38 53 37 37 37 43 33 38 25 27 82 83 82 88 79 84 46 70 67 66 72 63 68 29 55 72 74 66 69 35 55 72 66 69 38 53 70 74 36 61 65 28 51 32 56 17 
13 23 35 28 23 41 14 3 47 31 37 41 37 30 33 15 18 3 18 15 12 21 15 21 32 18 32 39 24 23 22 33 9 41 31 38 49 17 12 48 34 32 32 39 29 34 5 24 44 39 59 29 17 62 47 49 50 53 44 48 12 35 30 50 22 9 55 39 44 46 45 38 41 13 27 48 20 21 44 31 25 22 35 25 30 15 26 35 24 68 52 52 51 58 49 53 15 41 6 41 25 33 37 31 25 27 19 12 28 12 23 30 19 14 16 27 35 58 63 64 65 57 61 27 46 47 49 48 41 44 15 29 61 54 49 51 30 35 56 52 53 39 38 48 51 20 36 44 22 28 19 32 12 
57 42 24 30 52 25 45 57 11 27 30 37 21 30 25 64 40 56 41 49 65 37 64 75 31 46 50 57 40 50 45 84 58 33 35 61 37 47 59 19 32 25 29 25 30 28 63 44 17 44 24 30 42 8 14 12 20 8 14 11 47 27 45 20 36 48 3 19 22 30 12 21 17 55 31 48 57 69 30 42 34 36 36 41 39 72 55 29 41 18 18 6 11 15 13 14 43 28 63 17 33 36 43 27 36 32 70 46 29 46 47 53 39 48 44 82 58 32 15 25 6 8 4 37 12 20 29 9 19 14 53 28 42 18 27 22 56 29 28 37 31 63 36 14 9 47 22 19 57 31 52 26 65 
58 51 34 36 62 38 49 61 19 33 27 31 27 32 30 65 46 62 44 50 72 44 64 77 31 47 46 51 40 49 45 83 60 47 46 73 52 55 67 34 43 32 30 38 39 39 68 54 30 57 40 38 49 23 28 14 14 23 22 23 51 37 57 36 41 53 17 27 19 22 21 25 23 56 39 63 66 77 44 54 42 40 49 50 50 78 65 41 50 32 34 18 12 31 27 30 50 42 66 23 38 33 37 32 38 35 71 51 35 50 46 49 43 50 47 83 63 15 41 9 14 8 12 37 23 16 20 19 22 20 53 36 29 9 19 14 53 28 15 26 20 58 31 15 14 47 30 18 55 34 51 32 66 
58 56 40 39 67 45 50 62 26 37 27 27 31 34 33 64 48 64 46 50 74 48 63 76 32 47 42 46 40 47 44 80 60 54 52 79 60 59 70 42 49 36 32 45 44 45 69 59 37 64 49 43 52 33 35 20 14 32 29 31 52 43 63 44 44 55 26 32 20 19 28 28 28 56 43 70 70 80 52 60 47 42 55 55 56 80 70 47 55 42 43 27 18 40 35 38 52 49 67 28 41 32 33 35 39 37 70 53 38 52 44 46 45 50 48 82 64 25 9 58 24 17 21 37 30 17 16 26 25 26 53 40 20 11 16 13 49 29 9 19 14 53 28 20 21 46 34 21 53 36 50 36 66 
63 48 31 37 59 31 51 63 17 34 35 41 27 36 32 70 46 63 47 54 72 44 69 81 36 52 55 61 46 55 50 89 64 39 41 67 42 54 66 24 38 32 35 32 37 35 69 51 24 50 28 36 49 9 21 17 23 14 20 17 54 33 52 26 43 55 9 25 26 33 19 27 23 61 38 53 64 75 35 49 41 42 42 47 45 78 61 36 47 18 23 12 15 18 19 19 50 34 69 23 40 41 47 33 42 38 76 52 36 52 52 57 46 54 50 88 65 6 14 24 19 10 4 43 19 24 31 16 25 20 58 35 43 20 30 24 61 34 29 39 33 68 40 19 14 53 28 24 62 37 57 32 71 
54 43 26 29 54 29 43 55 11 26 25 31 20 27 23 61 39 56 39 46 65 37 60 73 27 43 45 51 37 46 41 80 55 38 37 65 43 48 60 25 35 25 25 29 32 31 62 46 21 49 32 31 42 16 19 8 13 14 14 14 45 29 49 27 35 47 8 19 16 23 13 19 16 52 32 54 59 70 35 46 35 34 40 42 42 72 57 32 42 26 25 9 6 23 18 21 43 33 61 16 32 31 37 25 33 29 67 45 28 44 42 47 38 46 42 79 57 8 8 17 10 38 5 33 14 14 21 10 16 13 49 29 34 10 20 14 51 25 20 29 23 57 30 9 6 43 22 14 53 28 48 25 62 
59 45 28 33 56 29 47 59 13 30 30 37 23 32 27 66 42 59 43 50 68 40 65 77 32 47 50 57 41 51 46 85 59 37 38 65 42 50 62 23 35 28 30 29 34 32 65 48 21 48 28 33 45 11 18 12 19 12 16 14 49 30 49 25 38 51 6 21 21 29 15 23 19 57 34 52 61 72 34 46 37 38 40 44 42 75 58 33 44 20 23 9 11 19 17 18 46 32 65 19 35 36 42 29 38 33 72 48 32 48 47 53 41 50 46 84 61 4 12 21 4 5 28 38 16 19 27 12 20 16 54 31 40 16 26 20 57 30 25 35 29 63 35 14 9 48 25 19 58 32 53 28 66 
21 27 23 14 37 32 13 24 26 14 10 15 17 7 13 27 15 27 11 12 38 18 27 39 6 9 15 25 3 12 7 46 22 38 30 53 47 28 35 36 29 16 8 30 21 27 32 31 30 44 48 19 20 44 31 26 23 35 25 30 14 26 37 39 12 18 35 21 18 19 26 15 21 19 17 53 38 46 39 36 20 11 35 28 32 42 41 29 28 52 40 32 27 43 33 39 18 35 29 20 11 6 14 12 3 8 33 17 12 15 9 16 10 13 11 46 27 37 37 37 43 33 38 106 27 21 22 28 18 23 16 17 34 28 22 24 20 8 29 26 26 29 11 24 29 9 19 19 19 9 14 15 28 
46 29 12 18 40 15 33 45 3 15 22 32 10 20 14 53 27 44 29 37 53 24 52 64 21 35 41 50 30 40 34 72 46 23 23 50 30 34 46 12 20 13 19 14 18 16 50 32 7 34 23 17 29 17 5 10 19 7 2 3 35 14 34 15 24 36 9 6 17 26 2 12 6 44 19 40 45 56 21 31 21 23 25 28 27 59 42 17 28 24 15 6 11 16 7 12 31 18 51 6 21 27 36 15 26 20 59 33 17 33 36 44 27 37 32 70 46 12 23 30 19 14 16 27 57 17 27 4 11 5 41 16 42 19 25 21 47 20 28 35 30 55 29 11 8 36 9 13 46 19 41 14 53 
42 39 24 22 50 31 33 45 13 19 11 17 14 17 15 49 31 47 29 34 57 30 48 61 15 31 31 37 24 33 28 67 44 39 36 63 47 42 52 30 34 19 15 30 28 29 52 42 24 49 40 26 35 28 23 8 2 23 15 20 35 27 46 32 26 38 19 17 3 10 14 11 13 40 26 56 53 63 38 44 30 25 39 38 40 63 53 31 38 38 32 18 8 32 24 29 35 35 50 13 23 17 23 17 22 20 55 36 20 35 29 33 28 34 31 67 47 20 16 17 24 14 19 21 17 31 9 14 8 12 37 23 25 6 8 4 37 12 12 17 13 43 16 6 12 31 18 4 39 19 35 19 50 
42 45 32 28 56 40 36 47 23 26 12 11 22 21 22 48 35 49 32 35 60 36 47 60 18 32 26 31 25 31 28 64 44 48 43 70 56 48 56 40 42 26 19 39 35 38 54 49 33 57 50 33 40 37 33 18 8 32 24 29 37 36 53 42 31 40 28 26 10 3 24 18 22 40 32 65 59 67 47 52 36 30 48 45 47 65 60 40 45 47 42 27 18 42 34 39 39 44 52 22 28 17 17 23 24 24 54 39 26 38 28 29 32 35 34 66 49 29 20 16 31 21 27 22 27 9 50 24 17 21 37 30 15 11 1 7 33 15 6 8 4 37 12 16 21 31 26 13 37 24 34 26 50 
48 33 16 20 44 19 35 47 1 17 22 30 11 21 16 54 30 47 31 39 56 28 54 66 21 36 41 49 31 41 35 74 48 28 27 54 34 38 50 16 24 15 19 19 22 20 53 36 11 39 26 21 33 16 9 6 16 8 4 5 38 19 38 18 26 39 7 9 15 24 3 12 7 46 22 44 49 60 25 35 25 26 30 32 31 62 47 22 32 24 18 4 7 18 10 14 34 23 53 7 23 27 35 17 27 22 61 36 20 36 37 44 29 39 34 72 48 9 19 26 16 10 12 28 4 14 24 13 10 4 43 19 39 15 22 17 48 20 25 32 27 55 28 8 4 37 12 11 47 21 42 16 55 
38 30 15 14 41 22 27 39 8 11 11 21 5 11 8 45 24 40 23 30 50 22 44 57 11 27 31 39 21 31 25 64 39 31 27 54 39 34 45 23 25 10 10 21 19 20 46 34 16 40 34 17 27 26 16 8 11 18 8 14 29 19 37 25 19 31 17 8 7 16 8 3 5 36 17 47 45 55 29 35 21 18 31 30 31 56 45 22 30 34 26 14 9 27 18 23 28 26 45 4 16 17 25 10 17 13 51 29 13 28 27 33 22 29 25 63 41 19 22 25 25 16 20 18 11 8 17 10 16 5 33 14 33 14 15 13 37 10 20 25 21 45 18 6 10 28 9 4 37 12 32 10 46 
43 30 13 16 41 19 31 43 2 13 17 26 7 16 11 50 26 43 27 34 53 24 49 61 17 32 37 45 26 36 31 69 43 28 25 53 35 35 47 18 23 12 15 18 19 19 49 34 12 38 29 18 29 20 11 6 14 12 3 8 33 17 36 20 22 35 11 6 11 21 3 7 3 41 19 44 46 57 26 34 22 22 29 30 30 59 45 21 30 29 20 8 7 21 12 18 30 23 49 3 19 22 31 13 22 17 56 32 15 32 32 39 25 34 29 68 44 14 20 26 20 13 16 23 5 12 21 4 5 8 38 16 37 15 20 15 43 15 23 29 25 51 24 6 6 33 9 8 43 16 37 12 50 
4 29 33 24 34 42 11 11 41 26 26 27 31 22 27 11 18 17 13 4 27 22 10 23 22 6 16 24 13 8 9 31 7 45 35 51 54 26 27 48 36 28 24 40 29 35 19 32 42 47 59 28 21 59 44 41 39 49 39 44 8 35 38 50 18 12 50 35 34 34 40 31 36 3 25 57 33 36 47 39 26 18 40 31 36 30 38 37 30 66 52 47 43 56 46 52 18 44 14 35 20 20 23 25 16 21 17 14 24 12 9 15 15 4 10 29 15 53 53 53 58 49 54 16 41 37 37 43 33 38 75 27 47 44 37 40 15 25 44 39 41 25 25 40 44 6 32 35 8 22 4 27 12 
31 15 6 3 26 15 17 29 17 3 19 29 9 11 8 38 11 28 13 23 37 8 37 48 14 21 33 42 18 28 22 58 31 20 13 40 30 19 31 20 12 4 12 13 5 9 34 19 14 28 32 2 13 33 17 21 26 23 14 18 20 8 23 22 8 20 25 9 21 28 16 12 13 29 3 36 30 41 21 21 6 8 18 15 17 43 30 11 15 38 24 22 23 29 19 24 15 18 35 12 6 20 30 6 14 9 44 17 5 17 25 34 12 22 17 55 29 28 36 40 35 29 31 17 16 23 30 19 14 16 27 25 45 29 29 27 37 15 35 37 34 46 25 20 22 23 6 19 34 8 28 4 37 
51 60 48 43 71 56 48 57 39 42 26 19 38 35 37 56 49 61 45 45 72 51 55 67 32 42 32 31 37 39 38 68 54 64 59 86 72 62 69 55 58 42 34 55 50 53 65 64 49 73 65 48 54 51 48 33 23 47 40 45 49 52 69 58 45 53 42 42 26 17 40 34 38 49 47 81 73 80 63 67 52 44 64 60 63 76 74 56 60 60 57 42 32 56 49 54 53 60 61 38 43 28 23 39 37 39 61 52 41 50 38 35 45 46 46 72 61 42 29 20 43 34 40 34 42 25 15 39 33 37 47 45 19 24 17 21 37 30 14 8 12 37 23 31 36 41 42 29 44 39 43 41 58 
49 44 28 28 55 34 40 52 16 25 17 21 19 23 21 55 37 53 36 40 64 36 55 67 21 37 36 42 31 39 35 73 50 43 40 68 50 48 58 32 38 24 21 34 33 34 59 48 26 53 41 31 41 27 25 9 4 23 18 21 41 32 51 34 33 44 18 21 9 13 17 16 17 47 31 60 59 69 41 49 35 32 44 44 45 69 59 36 44 36 33 18 8 32 25 30 41 38 57 17 30 23 27 23 28 26 61 42 26 41 36 39 35 41 38 74 54 18 9 11 20 10 16 28 19 6 11 15 14 15 44 29 24 29 10 4 43 19 9 18 13 48 21 8 12 37 23 10 46 26 41 25 57 
42 44 30 27 55 38 35 46 22 25 11 12 21 19 21 48 34 49 31 34 60 35 47 59 17 31 27 31 25 31 28 64 44 47 42 69 55 46 55 38 40 25 18 37 34 36 54 48 32 56 48 31 39 36 31 16 7 31 23 28 36 34 52 40 30 40 27 24 8 3 22 17 20 40 31 63 57 67 45 50 35 29 46 44 46 64 58 38 44 45 40 26 16 40 32 37 38 42 51 20 27 16 18 22 23 23 53 38 25 37 28 30 31 35 33 66 49 27 19 16 30 20 26 22 25 8 1 22 15 20 37 29 17 10 17 5 33 14 7 9 5 38 12 14 20 30 25 12 37 23 34 24 50 
45 43 28 26 54 35 37 48 17 24 13 17 19 20 19 51 35 50 33 37 61 34 51 63 18 34 32 37 27 35 31 68 46 43 40 67 51 46 56 34 38 23 18 34 32 34 56 46 28 53 43 30 39 30 27 11 1 25 19 23 38 32 50 36 30 41 21 21 6 8 18 15 17 43 30 60 57 67 42 48 34 29 44 43 44 66 57 36 42 40 35 20 11 35 27 32 39 39 54 17 27 19 23 21 25 23 57 39 24 38 32 35 32 37 35 69 51 22 14 13 24 14 20 24 21 4 7 17 13 15 40 27 21 4 5 24 38 16 7 15 9 43 17 9 14 33 22 8 41 23 37 23 53 
17 43 43 33 50 52 25 26 46 35 26 21 38 27 33 19 31 33 26 18 42 35 19 29 26 17 6 9 18 9 15 31 21 57 48 66 67 41 43 57 49 36 28 50 41 46 34 47 50 61 69 39 35 64 52 44 38 55 45 51 23 45 53 59 30 27 54 42 35 30 46 35 41 17 36 71 49 52 58 53 39 29 53 45 50 44 53 48 44 72 61 52 45 64 54 59 32 55 28 40 30 20 15 33 23 28 23 28 32 27 12 3 27 19 23 35 30 56 53 49 61 51 57 20 47 37 33 48 37 43 15 37 37 43 33 38 75 27 39 31 35 9 21 42 47 14 40 37 8 29 12 35 23 
30 30 19 13 40 29 21 32 18 12 3 13 11 5 8 36 19 34 17 21 45 20 36 48 2 18 21 29 12 21 16 55 31 36 29 55 45 32 41 31 28 12 3 27 20 24 40 34 24 43 43 18 24 36 25 17 15 28 18 23 22 23 38 34 15 25 27 16 9 13 18 8 14 28 17 52 43 52 36 37 21 14 34 30 33 50 44 27 30 44 34 24 18 37 27 32 23 32 38 13 13 6 16 9 9 8 42 23 11 22 17 23 16 21 19 55 35 29 28 29 34 25 30 8 20 12 15 20 10 15 25 15 30 19 14 16 27 46 21 21 20 35 9 15 20 18 14 10 28 8 23 12 37 
48 50 36 33 61 43 42 53 25 31 18 17 26 26 27 55 41 56 38 41 67 41 54 66 24 38 33 36 32 37 35 70 51 51 47 75 59 53 62 41 46 30 24 42 39 41 61 54 35 61 51 37 46 36 34 18 9 33 27 30 43 39 58 44 37 47 27 29 14 9 26 22 25 47 37 68 64 73 50 56 41 35 52 50 52 71 65 43 50 46 43 27 18 42 35 39 45 47 58 25 34 23 23 28 30 30 60 45 31 44 35 36 38 42 40 72 56 28 15 9 29 20 25 29 28 12 6 25 20 23 44 35 14 9 7 7 39 21 48 10 4 43 19 17 21 37 30 16 44 30 41 30 56 
43 51 39 35 62 48 40 49 31 33 17 11 30 26 29 49 40 53 37 37 64 42 48 60 23 34 25 27 28 32 30 63 46 56 50 77 64 53 61 48 49 33 25 46 42 45 57 55 41 65 58 40 45 45 41 26 16 40 33 37 40 43 60 50 36 44 36 33 18 8 32 26 30 42 38 72 64 72 55 58 43 35 55 52 54 68 65 47 51 55 50 35 26 50 42 47 44 51 54 30 34 20 16 30 28 30 54 43 32 42 30 28 36 38 37 66 52 37 26 19 39 29 35 26 35 17 8 32 25 29 39 37 8 18 9 15 31 21 10 34 5 33 14 24 29 32 34 21 37 30 35 33 51 
45 49 36 33 60 44 40 50 27 30 16 13 26 25 26 51 40 53 36 38 64 40 50 62 22 35 28 32 29 34 32 66 48 52 48 75 60 52 61 43 46 30 23 43 39 42 58 53 37 61 53 37 44 40 36 21 11 35 28 33 41 40 58 46 35 44 31 30 14 6 28 23 26 44 36 69 63 72 51 56 41 34 52 50 52 69 64 44 49 49 45 30 20 45 37 42 43 48 55 26 33 20 19 28 28 28 56 43 30 42 32 32 36 39 38 69 53 31 20 14 33 23 29 26 30 13 4 27 21 25 41 34 12 13 5 9 35 20 4 5 43 38 16 19 24 34 30 17 40 28 37 30 53 
25 53 52 43 59 61 35 35 53 43 33 26 46 36 42 26 40 42 35 27 51 45 26 34 34 27 13 6 28 19 24 32 29 67 58 76 76 51 52 66 58 45 36 59 50 56 42 57 59 71 77 48 45 71 60 51 44 63 53 59 33 55 63 68 39 37 61 50 41 35 53 43 49 26 46 80 58 60 68 62 48 39 63 54 59 52 63 58 54 80 69 59 52 72 62 68 42 64 36 48 40 28 20 41 32 37 28 38 41 36 22 12 36 28 33 38 39 63 58 53 68 57 63 29 55 43 37 55 45 51 25 46 37 48 38 43 9 35 43 33 38 75 27 49 54 24 48 44 17 38 21 44 30 
29 38 29 22 48 38 25 35 26 21 6 3 21 13 18 35 26 38 22 22 49 28 35 47 10 19 14 21 13 18 16 51 32 45 38 63 54 39 46 41 38 22 12 36 30 34 42 42 34 53 52 27 31 44 34 23 17 36 26 32 25 33 47 43 22 29 34 25 14 9 27 17 23 28 26 61 49 57 45 46 30 21 43 38 42 53 52 36 38 52 44 32 24 45 36 41 30 42 39 22 21 5 6 18 14 16 41 28 20 27 16 17 22 23 23 53 38 36 31 28 40 30 35 11 29 16 12 28 18 24 25 25 23 21 12 17 21 9 19 14 16 27 60 21 27 18 24 17 24 17 21 21 37 
44 36 19 21 47 25 34 46 7 18 15 23 11 17 14 51 30 46 29 36 57 29 51 63 17 33 35 42 27 36 31 70 45 34 32 59 41 40 51 24 29 16 16 25 24 25 53 39 18 44 34 23 34 22 17 2 8 16 9 13 36 23 42 26 26 38 13 12 7 16 8 9 8 42 23 51 51 62 32 40 27 25 35 35 36 62 50 27 35 31 26 11 3 26 18 22 34 29 52 8 23 21 28 16 23 20 57 35 19 35 33 38 28 36 32 70 48 14 15 20 19 9 14 24 11 6 16 8 6 6 40 20 31 8 14 9 42 15 17 24 19 49 21 20 5 33 14 4 43 19 38 17 52 
49 37 19 23 48 23 37 50 5 20 21 29 13 22 17 56 33 49 33 40 59 31 55 67 22 37 41 48 32 41 36 75 50 32 31 59 38 42 53 20 28 18 20 23 25 24 56 40 15 43 29 24 36 16 13 3 13 11 8 9 40 23 42 22 29 41 7 13 13 22 6 13 9 47 25 48 52 64 30 40 29 28 34 36 35 65 51 26 36 26 21 6 3 20 14 18 37 27 56 10 26 27 34 19 28 23 62 39 22 38 38 44 32 40 36 74 51 9 14 21 14 6 9 29 8 12 21 4 10 6 44 22 36 12 20 14 47 20 21 29 24 54 27 5 9 38 16 10 48 23 43 19 56 
11 29 30 20 36 39 10 16 36 22 19 21 26 16 22 17 16 21 11 4 32 21 17 29 16 3 12 22 6 5 2 36 13 43 34 52 52 27 30 44 34 24 18 36 26 32 24 32 38 46 56 25 20 53 39 35 33 44 34 39 9 32 38 46 15 14 44 30 28 28 35 25 30 9 22 56 36 41 44 38 24 15 39 30 35 35 40 34 30 61 48 42 37 52 42 47 18 41 21 30 16 14 17 20 10 16 23 14 19 12 3 12 12 5 9 36 20 47 47 46 53 43 48 9 36 31 31 37 28 33 6 23 41 37 30 33 14 18 37 32 34 24 18 33 38 86 27 29 10 17 4 23 19 
36 21 5 8 32 14 23 35 11 5 18 27 3 12 6 43 17 34 19 27 43 15 42 54 14 25 34 43 21 31 25 63 36 22 17 45 30 26 37 17 15 3 12 12 9 11 41 24 10 31 29 8 20 27 12 15 21 17 8 12 26 9 28 19 14 26 19 3 16 25 9 7 6 34 9 38 36 48 21 25 13 13 21 21 21 49 35 13 20 33 21 16 17 24 14 20 21 18 41 6 11 21 30 6 17 11 49 23 8 23 28 36 17 27 22 61 36 22 30 34 28 22 25 19 9 18 26 12 9 9 32 6 42 23 25 22 40 14 30 34 30 48 24 14 16 27 38 13 37 10 32 4 43 
40 34 19 18 45 26 30 42 10 15 11 19 10 13 11 47 27 43 26 32 54 26 46 59 12 29 31 38 22 32 27 65 41 35 31 58 43 38 48 26 29 14 12 25 23 25 49 38 19 44 37 21 31 27 19 6 7 20 11 16 32 23 42 28 23 34 17 12 3 13 11 6 8 38 21 52 49 59 33 39 25 22 35 34 35 59 49 27 34 36 28 15 8 29 20 26 31 30 48 8 20 16 23 13 19 16 53 32 16 31 28 33 25 32 28 65 44 19 18 21 24 14 19 19 13 4 13 11 4 8 35 19 29 10 12 8 37 10 16 21 17 44 17 4 10 29 13 11 38 16 33 14 48 
8 37 40 30 42 49 19 18 46 32 28 26 36 26 32 11 25 24 20 11 33 30 11 22 26 12 12 18 16 6 12 27 12 52 43 59 62 34 34 54 44 34 27 46 36 42 25 40 48 55 66 35 29 63 50 45 41 54 44 50 16 42 46 56 25 20 54 40 37 34 45 35 40 8 32 65 41 43 54 47 34 25 48 39 44 35 46 44 38 71 58 52 46 62 52 58 26 51 19 40 27 22 21 31 20 26 16 22 29 20 10 9 22 12 18 28 22 57 55 53 62 53 58 19 46 39 37 47 37 43 8 34 44 46 37 41 8 28 44 37 40 17 24 43 48 10 37 38 67 27 5 33 14 
26 21 13 4 31 23 14 27 19 5 12 21 9 3 5 33 11 27 10 18 38 11 33 44 7 15 25 34 11 21 15 53 27 29 21 46 38 23 33 27 20 6 5 21 12 17 33 25 20 35 39 10 15 36 22 20 22 27 17 22 17 16 30 29 7 18 28 13 16 22 18 9 14 24 8 44 34 44 29 28 12 6 26 21 24 43 35 19 21 43 31 25 22 34 24 30 15 26 32 13 4 12 22 3 6 1 39 16 3 15 17 26 9 17 13 51 28 31 34 36 37 28 32 9 19 19 24 21 12 16 22 8 39 26 23 23 29 8 30 30 28 38 17 19 23 17 10 16 27 29 21 5 33 
8 32 34 24 38 43 13 15 40 26 23 24 31 21 26 13 20 21 15 6 31 24 13 25 21 6 12 20 11 3 6 32 11 47 37 54 56 29 31 48 38 28 22 41 31 36 23 35 42 50 60 29 23 58 44 40 37 49 38 44 11 36 41 51 19 15 49 35 32 31 39 30 35 6 26 59 37 41 48 41 28 19 42 33 39 34 41 38 33 65 52 46 42 56 46 52 20 45 18 34 21 18 19 25 15 20 19 16 24 15 5 10 16 7 12 32 19 52 51 50 57 48 53 14 41 35 34 42 32 37 4 28 43 41 34 37 12 23 41 35 37 21 21 38 43 4 32 33 5 21 77 27 16 
32 19 8 4 30 17 18 31 15 1 15 25 5 8 3 38 13 30 14 23 40 12 38 49 11 21 30 40 17 27 21 58 32 24 17 44 33 23 34 21 16 1 8 15 9 12 37 23 14 32 33 7 17 31 16 18 21 21 12 17 21 11 27 23 10 22 23 7 16 24 13 8 9 30 6 40 34 45 24 25 10 9 22 19 21 46 34 15 19 38 25 20 20 29 19 24 17 20 37 9 7 17 27 3 12 6 44 19 3 19 23 32 13 22 17 56 32 26 32 36 32 25 28 15 14 19 26 16 10 12 27 4 41 25 24 23 35 12 30 33 30 44 21 17 19 23 4 14 33 5 27 32 38 
8 34 43 35 36 51 20 9 53 37 39 40 43 34 39 3 26 16 24 16 21 31 3 11 35 19 27 32 25 19 21 21 6 52 42 51 61 29 24 58 44 39 36 49 38 44 12 36 52 52 69 37 27 70 55 54 52 60 51 56 17 44 42 59 29 18 62 46 47 47 52 43 47 9 35 61 32 31 55 43 35 29 46 36 42 21 39 45 36 76 62 59 56 67 57 62 24 52 6 47 31 33 35 37 28 33 6 20 35 20 21 24 25 16 21 17 12 65 66 66 71 62 66 28 53 50 50 55 46 50 12 37 58 57 50 53 23 37 56 51 53 30 37 52 56 19 43 48 14 33 16 38 55 
