55 11
59 14 36 5 5 11 8 19 26 27 14 36 35 27 41 33 38 14 20 32 20 12 26 19 26 14 18 37 39 44 31 55 46 51 32 46 39 42 16 21 38 29 38 17 23 44 49 23 29 38 10 15 33 39 33 
14 29 33 20 12 26 19 27 15 19 29 45 49 41 56 48 52 25 30 36 35 27 41 33 38 14 20 47 46 55 42 62 46 52 46 61 53 56 29 33 53 44 51 25 31 58 63 36 41 52 25 29 41 47 31 
36 33 72 39 31 39 44 22 22 16 44 29 60 50 63 62 50 29 28 14 49 39 51 52 36 22 18 35 27 41 33 38 14 20 55 68 67 55 34 33 58 57 46 24 23 69 60 37 37 55 37 34 25 27 2 
5 20 39 70 9 7 6 20 31 32 9 36 29 22 36 28 35 14 20 34 14 8 21 14 24 18 21 36 39 43 29 55 48 53 27 41 33 38 14 20 33 24 35 18 23 38 46 21 27 33 7 13 33 39 37 
5 12 31 9 54 14 13 16 21 22 18 34 38 29 44 37 39 13 18 28 24 14 29 24 25 9 13 36 36 43 29 52 41 47 35 49 43 43 16 21 41 33 38 14 20 47 51 24 28 40 12 16 30 36 28 
11 26 39 7 14 82 13 18 35 35 5 30 24 15 29 23 27 10 15 31 10 0 14 13 17 21 22 30 34 36 23 49 46 51 20 35 29 31 8 14 27 19 27 15 19 33 38 14 20 26 2 7 28 34 37 
8 19 44 6 13 13 67 26 32 34 13 42 32 26 39 29 40 20 26 40 18 14 25 14 30 22 26 42 45 49 36 62 54 59 30 44 35 43 20 26 38 27 41 24 30 41 51 27 33 38 14 20 40 46 41 
19 27 22 20 16 18 26 77 27 24 22 17 37 27 40 39 29 7 5 13 27 18 28 31 14 13 9 20 19 28 15 36 28 33 32 46 44 35 11 11 36 34 27 2 3 46 41 15 16 33 15 12 14 20 20 
26 15 22 31 21 35 32 27 28 6 40 43 59 50 64 59 56 29 32 30 45 36 50 45 41 14 17 47 42 54 42 57 36 42 55 70 64 61 35 37 61 55 54 27 30 69 68 41 44 59 33 34 38 43 20 
27 19 16 32 22 35 34 24 6 40 40 38 59 49 63 59 54 28 29 25 45 35 49 46 39 14 14 43 37 50 39 52 30 36 55 69 64 59 33 35 59 54 51 24 27 68 65 38 41 57 33 33 34 38 14 
14 29 44 9 18 5 13 22 40 40 29 33 20 12 26 19 27 15 19 36 5 5 11 8 19 26 27 32 37 38 26 53 51 55 17 31 24 30 12 17 24 15 28 20 24 29 37 16 22 24 7 11 32 38 42 
36 45 29 36 34 30 42 17 43 38 33 72 39 31 39 44 22 22 16 14 35 30 32 41 15 31 26 5 5 11 8 19 26 27 35 44 48 28 22 16 34 39 18 19 14 47 31 17 13 30 28 22 4 4 28 
35 49 60 29 38 24 32 37 59 59 20 39 11 9 7 6 20 31 32 48 14 23 9 18 25 45 44 36 44 38 31 56 63 66 5 11 8 19 26 27 9 5 25 36 37 9 25 23 26 13 26 25 41 44 58 
27 41 50 22 29 15 26 27 50 49 12 31 9 10 14 13 16 21 22 38 9 14 2 15 16 35 35 28 36 31 23 48 54 57 5 19 17 18 16 17 11 8 19 26 27 19 25 14 18 12 16 16 32 36 48 
41 56 63 36 44 29 39 40 64 63 26 39 7 14 23 13 18 35 35 50 21 29 14 25 27 49 49 35 44 36 32 54 64 67 9 5 12 14 30 30 5 13 22 39 39 8 19 26 27 9 31 30 42 44 61 
33 48 62 28 37 23 29 39 59 59 19 44 6 13 13 16 26 32 34 51 13 23 11 14 29 45 45 41 49 44 36 61 66 70 10 16 5 26 27 30 15 5 31 37 39 11 32 27 31 19 26 27 45 49 60 
38 52 50 35 39 27 40 29 56 54 27 22 20 16 18 26 39 27 24 35 25 26 18 31 14 42 39 17 27 18 16 36 48 50 16 22 28 5 22 19 13 23 5 29 27 26 11 15 13 8 27 23 26 27 48 
14 25 29 14 13 10 20 7 29 28 15 22 31 21 35 32 27 52 6 20 19 10 21 23 13 14 13 23 25 30 17 41 36 40 27 41 37 32 5 8 31 27 25 5 9 40 39 11 15 29 8 5 19 25 27 
20 30 28 20 18 15 26 5 32 29 19 16 32 22 35 34 24 6 55 16 23 15 23 28 9 18 14 17 19 24 11 35 32 36 27 40 39 29 7 5 31 30 21 5 5 41 35 9 11 28 13 8 13 19 26 
32 36 14 34 28 31 40 13 30 25 36 14 48 38 50 51 35 20 16 67 39 31 39 44 22 22 16 20 12 26 19 27 15 19 43 55 56 41 24 21 45 46 31 16 11 57 45 24 23 41 29 24 10 13 14 
20 35 49 14 24 10 18 27 45 45 5 35 14 9 21 13 25 19 23 39 40 9 7 6 20 31 32 33 40 38 27 54 55 59 12 26 19 27 15 19 20 9 27 24 28 23 34 17 23 21 12 15 35 40 47 
12 27 39 8 14 0 14 18 36 35 5 30 23 14 29 23 26 10 15 31 9 25 14 13 16 21 22 29 33 35 23 49 46 51 20 34 28 30 7 13 26 19 27 15 19 33 37 13 19 25 2 7 28 34 37 
26 41 51 21 29 14 25 28 50 49 11 32 9 2 14 11 18 21 23 39 7 14 52 13 18 35 35 29 37 33 24 50 55 58 5 20 16 19 16 18 12 6 21 26 28 19 27 15 19 13 16 16 33 37 49 
19 33 52 14 24 13 14 31 45 46 8 41 18 15 25 14 31 23 28 44 6 13 13 38 26 32 34 40 45 45 33 60 59 64 17 30 20 33 20 25 25 12 34 28 32 26 40 23 29 27 15 19 40 46 50 
26 38 36 24 25 17 30 14 41 39 19 15 25 16 27 29 14 13 9 22 20 16 18 26 54 27 24 13 19 19 6 33 37 40 20 32 33 20 9 4 22 24 12 14 13 34 26 3 3 19 16 10 15 19 34 
14 14 22 18 9 21 22 13 14 14 26 31 45 35 49 45 42 14 18 22 31 21 35 32 27 31 6 34 32 42 29 48 33 39 41 55 50 47 20 22 46 40 40 12 17 54 53 26 29 44 19 20 27 32 19 
18 20 18 21 13 22 26 9 17 14 27 26 44 35 49 45 39 13 14 16 32 22 35 34 24 6 39 29 26 37 25 42 28 33 40 54 51 44 19 20 45 41 36 9 12 54 50 24 26 42 19 19 21 27 15 
37 47 35 36 36 30 42 20 47 43 32 5 36 28 35 41 17 23 17 20 33 29 29 40 13 34 29 79 9 7 6 20 31 32 31 39 44 22 22 16 30 36 13 22 17 43 26 16 10 25 28 22 9 9 34 
39 46 27 39 36 34 45 19 42 37 37 5 44 36 44 49 27 25 19 12 40 33 37 45 19 32 26 9 62 14 13 16 21 22 39 49 53 32 26 20 39 44 22 22 16 52 35 22 18 35 32 26 5 0 26 
44 55 41 43 43 36 49 28 54 50 38 11 38 31 36 44 18 30 24 26 38 35 33 45 19 42 37 7 14 79 13 18 35 35 33 39 46 22 28 22 31 39 13 29 24 44 22 22 16 26 35 29 16 13 40 
31 42 33 29 29 23 36 15 42 39 26 8 31 23 32 36 16 17 11 19 27 23 24 33 6 29 25 6 13 13 88 26 32 34 26 37 39 22 15 9 27 31 12 16 12 39 26 9 4 22 22 16 9 13 32 
55 62 38 55 52 49 62 36 57 52 53 19 56 48 54 61 36 41 35 27 54 49 50 60 33 48 42 20 16 18 26 45 27 24 51 57 64 39 41 36 49 57 31 38 32 62 39 36 31 44 48 42 22 16 39 
46 46 14 48 41 46 54 28 36 30 51 26 63 54 64 66 48 36 32 15 55 46 55 59 37 33 28 31 21 35 32 27 44 6 58 69 71 54 39 36 60 61 44 31 27 72 57 39 37 55 44 40 22 22 16 
51 52 20 53 47 51 59 33 42 36 55 27 66 57 67 70 50 40 36 19 59 51 58 64 40 39 33 32 22 35 34 24 6 32 61 72 74 55 43 39 62 65 45 35 31 74 58 42 39 57 48 44 25 22 22 
32 46 55 27 35 20 30 32 55 55 17 35 5 5 9 10 16 27 27 43 12 20 5 17 20 41 40 31 39 33 26 51 58 61 19 14 13 16 21 22 7 6 20 31 32 13 23 19 21 10 22 21 36 39 53 
46 61 68 41 49 35 44 46 70 69 31 44 11 19 5 16 22 41 40 55 26 34 20 30 32 55 54 39 49 39 37 57 69 72 14 15 13 18 35 35 9 17 27 45 45 6 20 31 32 14 36 35 47 49 66 
39 53 67 33 43 29 35 44 64 64 24 48 8 17 12 5 28 37 39 56 19 28 16 20 33 50 51 44 53 46 39 64 71 74 13 13 13 26 32 34 16 9 33 42 44 7 32 31 35 20 31 32 49 53 65 
42 56 55 38 43 31 43 35 61 59 30 28 19 18 14 26 5 32 29 41 27 30 19 33 20 47 44 22 32 22 22 39 54 55 16 18 26 41 27 24 10 23 9 34 32 23 7 20 18 6 31 27 31 32 54 
16 29 34 14 16 8 20 11 35 33 12 22 26 16 30 27 22 5 7 24 15 7 16 20 9 20 19 22 26 28 15 41 39 43 21 35 32 27 62 6 26 22 22 9 12 35 34 7 13 24 6 0 20 26 32 
21 33 33 20 21 14 26 11 37 35 17 16 27 17 30 30 19 8 5 21 19 13 18 25 4 22 20 16 20 22 9 36 36 39 22 35 34 24 6 65 25 25 17 10 9 36 30 4 7 22 12 6 15 20 31 
38 53 58 33 41 27 38 36 61 59 24 34 9 11 5 15 13 31 31 45 20 26 12 25 22 46 45 30 39 31 27 49 60 62 7 9 16 10 26 25 28 13 18 35 35 13 16 21 22 5 28 26 37 39 57 
29 44 57 24 33 19 27 34 55 54 15 39 5 8 13 5 23 27 30 46 9 19 6 12 24 40 41 36 44 39 31 57 61 65 6 17 9 23 22 25 13 26 26 32 34 14 29 22 26 16 21 22 40 44 55 
38 51 46 35 38 27 41 27 54 51 28 18 25 19 22 31 5 25 21 31 27 27 21 34 12 40 36 13 22 13 12 31 44 45 20 27 33 9 22 17 18 26 33 27 24 31 14 14 10 13 27 22 21 22 44 
17 25 24 18 14 15 24 2 27 24 20 19 36 26 39 37 29 5 5 16 24 15 26 28 14 12 9 22 22 29 16 38 31 35 31 45 42 34 9 10 35 32 27 43 6 45 41 14 17 32 13 10 16 22 22 
23 31 23 23 20 19 30 3 30 27 24 14 37 27 39 39 27 9 5 11 28 19 28 32 13 17 12 17 16 24 12 32 27 31 32 45 44 32 12 9 35 34 24 6 45 46 38 13 14 32 17 13 10 16 21 
44 58 69 38 47 33 41 46 69 68 29 47 9 19 8 11 26 40 41 57 23 33 19 26 34 54 54 43 52 44 39 62 72 74 13 6 7 23 35 36 13 14 31 45 46 26 26 32 34 18 35 35 49 52 67 
49 63 60 46 51 38 51 41 68 65 37 31 25 25 19 32 11 39 35 45 34 37 27 40 26 53 50 26 35 22 26 39 57 58 23 20 32 7 34 30 16 29 14 41 38 26 36 27 24 13 38 34 35 35 59 
23 36 37 21 24 14 27 15 41 38 16 17 23 14 26 27 15 11 9 24 17 13 15 23 3 26 24 16 22 22 9 36 39 42 19 31 31 20 7 4 21 22 14 14 13 32 27 71 6 18 13 7 18 22 35 
29 41 37 27 28 20 33 16 44 41 22 13 26 18 27 31 13 15 11 23 23 19 19 29 3 29 26 10 18 16 4 31 37 39 21 32 35 18 13 7 22 26 10 17 14 34 24 6 70 18 19 13 14 18 35 
38 52 55 33 40 26 38 33 59 57 24 30 13 12 9 19 8 29 28 41 21 25 13 27 19 44 42 25 35 26 22 44 55 57 10 14 20 6 24 22 5 16 13 32 32 18 13 18 18 53 27 24 32 34 53 
10 25 37 7 12 2 14 15 33 33 7 28 26 16 31 26 27 8 13 29 12 2 16 15 16 19 19 28 32 35 22 48 44 48 22 36 31 31 6 12 28 21 27 13 17 35 38 13 19 27 65 6 26 32 34 
15 29 34 13 16 7 20 12 34 33 11 22 25 16 30 27 23 5 8 24 15 7 16 19 10 20 19 22 26 29 16 42 40 44 21 35 32 27 0 6 26 22 22 10 13 35 34 7 13 24 6 69 21 26 32 
33 41 25 33 30 28 40 14 38 34 32 4 41 32 42 45 26 19 13 10 35 28 33 40 15 27 21 9 5 16 9 22 22 25 36 47 49 31 20 15 37 40 21 16 10 49 35 18 14 32 26 21 54 6 24 
39 47 27 39 36 34 46 20 43 38 38 4 44 36 44 49 27 25 19 13 40 34 37 46 19 32 27 9 0 13 13 16 22 22 39 49 53 32 26 20 39 44 22 22 16 52 35 22 18 34 32 26 6 48 27 
33 31 2 37 28 37 41 20 20 14 42 28 58 48 61 60 48 27 26 14 47 37 49 50 34 19 15 34 26 40 32 39 16 22 53 66 65 54 32 31 57 55 44 22 21 67 59 35 35 53 34 32 24 27 12 
