36 9
31 30 15 13 13 37 21 35 17 21 7 18 23 35 32 32 24 30 45 8 31 9 30 21 32 16 7 37 27 39 22 31 19 24 57 47 
30 35 25 24 23 28 51 47 15 40 36 39 28 65 54 21 7 18 23 35 32 28 40 13 59 40 27 33 57 54 14 58 41 46 60 73 
15 25 42 24 2 44 33 49 9 15 22 14 34 44 48 17 22 16 46 15 41 7 18 23 35 32 8 46 40 54 26 35 34 40 69 62 
13 24 24 14 21 24 30 26 19 33 15 31 10 46 29 35 17 33 34 21 18 21 41 12 45 15 18 23 35 32 11 43 16 21 45 48 
13 23 2 21 36 41 32 47 7 17 20 15 31 44 45 19 20 17 44 14 38 6 21 21 36 29 7 43 39 52 23 35 32 37 66 60 
37 28 44 24 41 47 53 27 36 57 39 54 15 69 40 48 24 45 17 45 10 43 62 21 69 34 41 7 56 34 18 67 33 35 32 61 
21 51 33 30 32 53 71 39 38 26 15 24 37 15 27 50 45 49 65 17 44 26 40 41 21 20 25 50 7 40 42 18 22 23 63 32 
35 47 49 26 47 27 39 64 46 55 31 53 19 53 15 62 41 59 45 41 17 45 66 35 60 21 42 21 39 7 32 57 18 16 23 35 
17 15 9 19 7 36 38 46 60 25 24 23 28 51 47 15 13 13 37 21 35 13 26 15 44 32 13 39 44 52 18 43 34 39 64 64 
21 40 15 33 17 57 26 55 25 31 24 2 44 33 49 30 37 30 61 14 52 13 13 37 21 35 16 57 33 59 39 21 38 42 78 59 
7 36 22 15 20 39 15 31 24 24 27 21 24 30 26 39 30 37 49 10 31 15 35 25 30 11 13 37 21 35 26 28 14 18 54 40 
18 39 14 31 15 54 24 53 23 2 21 27 41 32 47 30 36 30 59 11 49 11 15 35 21 32 13 54 31 56 37 21 35 39 75 56 
23 28 34 10 31 15 37 19 28 44 24 41 74 53 27 43 21 41 30 31 8 31 52 15 54 18 28 13 41 26 13 52 18 21 35 48 
35 65 44 46 44 69 15 53 51 33 30 32 53 42 39 61 60 61 80 30 60 38 46 56 15 35 38 66 13 53 57 13 37 37 76 35 
32 54 48 29 45 40 27 15 47 49 26 47 27 39 71 63 47 61 57 36 30 42 62 41 48 15 39 34 26 13 39 46 13 8 37 21 
32 21 17 35 19 48 50 62 15 30 39 30 43 61 63 50 24 2 44 33 49 24 23 28 51 47 26 52 57 68 31 51 49 55 78 79 
24 7 22 17 20 24 45 41 13 37 30 36 21 60 47 24 49 21 24 30 26 25 40 6 55 33 23 28 51 47 8 54 34 39 54 66 
30 18 16 33 17 45 49 59 13 30 37 30 41 61 61 2 21 47 41 32 47 23 25 25 51 45 24 49 56 65 28 51 47 53 75 77 
45 23 46 34 44 17 65 45 37 61 49 59 30 80 57 44 24 41 57 53 27 48 63 25 78 48 46 24 70 52 23 76 48 51 47 78 
8 35 15 21 14 45 17 41 21 14 10 11 31 30 36 33 30 32 53 102 39 8 26 28 25 21 8 45 24 45 30 23 24 28 64 47 
31 32 41 18 38 10 44 17 35 52 31 49 8 60 30 49 26 47 27 39 95 39 59 21 62 25 36 5 47 24 18 60 23 25 28 51 
9 28 7 21 6 43 26 45 13 13 15 11 31 38 42 24 25 23 48 8 39 48 21 24 30 26 2 44 33 49 26 30 29 34 66 55 
30 40 18 41 21 62 40 66 26 13 35 15 52 46 62 23 40 25 63 26 59 21 5 41 32 47 24 64 46 70 44 33 49 54 87 72 
21 13 23 12 21 21 41 35 15 37 25 35 15 56 41 28 6 25 25 28 21 24 41 88 53 27 21 24 46 41 2 51 28 33 49 60 
32 59 35 45 36 69 21 60 44 21 30 21 54 15 48 51 55 51 78 25 62 30 32 53 66 39 32 68 24 61 55 2 42 44 83 49 
16 40 32 15 29 34 20 21 32 35 11 32 18 35 15 47 33 45 48 21 25 26 47 27 39 99 23 30 22 24 27 37 2 7 44 33 
7 27 8 18 7 41 25 42 13 16 13 13 28 38 39 26 23 24 46 8 36 2 24 21 32 23 42 41 32 47 24 30 26 31 63 53 
37 33 46 23 43 7 50 21 39 57 37 54 13 66 34 52 28 49 24 45 5 44 64 24 68 30 41 48 53 27 21 66 29 30 26 56 
27 57 40 35 39 56 7 39 44 33 21 31 41 13 26 57 51 56 70 24 47 33 46 46 24 22 32 53 61 39 47 21 24 24 63 26 
39 54 54 32 52 34 40 7 52 59 35 56 26 53 13 68 47 65 52 45 24 49 70 41 61 24 47 27 39 53 39 58 21 17 24 30 
22 14 26 11 23 18 42 32 18 39 26 37 13 57 39 31 8 28 23 30 18 26 44 2 55 27 24 21 47 39 83 53 27 32 47 59 
31 58 35 43 35 67 18 57 43 21 28 21 52 13 46 51 54 51 76 23 60 30 33 51 2 37 30 66 21 58 53 64 39 41 81 47 
19 41 34 16 32 33 22 18 34 38 14 35 18 37 13 49 34 47 48 24 23 29 49 28 42 2 26 29 24 21 27 39 94 5 41 32 
24 46 40 21 37 35 23 16 39 42 18 39 21 37 8 55 39 53 51 28 25 34 54 33 44 7 31 30 24 17 32 41 5 106 39 27 
57 60 69 45 66 32 63 23 64 78 54 75 35 76 37 78 54 75 47 64 28 66 87 49 83 44 63 26 63 24 47 81 41 39 55 53 
47 73 62 48 60 61 32 35 64 59 40 56 48 35 21 79 66 77 78 47 51 55 72 60 49 33 53 56 26 30 59 47 32 27 53 79 
