78 13
69 3 31 32 17 27 15 30 36 0 22 29 35 17 40 26 13 34 7 27 34 20 20 19 38 26 12 36 6 24 35 22 18 16 4 19 30 24 21 16 30 16 47 42 28 37 57 41 20 49 24 20 20 39 27 5 31 7 26 40 14 9 31 9 12 34 30 7 38 8 14 30 27 16 46 20 21 9 
3 70 30 35 20 29 12 31 39 3 21 31 34 14 42 28 15 32 10 30 34 18 23 17 40 26 13 34 7 27 34 20 20 19 4 19 27 23 23 13 27 17 49 45 29 40 60 43 22 52 27 19 23 42 28 5 34 5 29 43 16 10 34 6 14 32 27 8 41 10 14 33 30 19 49 18 23 11 
31 30 34 50 32 26 24 21 41 31 9 33 63 34 70 58 44 58 38 54 63 43 50 35 69 57 43 59 37 53 63 44 48 40 26 13 34 7 27 34 20 20 73 63 59 57 77 71 48 70 46 49 40 60 58 36 53 34 32 53 44 22 45 29 42 58 42 39 48 38 16 40 55 33 60 43 50 28 
32 35 50 81 18 26 46 32 18 32 45 20 55 49 34 36 27 61 28 17 52 50 23 52 35 38 29 63 31 19 55 53 25 17 33 37 63 43 23 48 59 30 26 13 34 7 27 34 20 20 9 43 12 10 36 33 8 38 19 10 26 33 7 41 24 60 62 32 12 28 38 12 17 18 14 50 23 26 
17 20 32 18 53 14 29 19 19 17 27 13 49 34 41 34 20 51 17 23 47 37 22 36 40 35 21 53 19 22 48 40 22 10 17 19 46 25 7 33 41 12 40 30 34 25 45 41 19 38 13 34 7 27 34 20 20 24 10 24 20 15 15 25 16 50 47 21 21 17 20 12 23 1 30 37 22 9 
27 29 26 26 14 27 34 6 15 27 24 7 62 41 55 49 34 62 30 37 61 47 37 44 55 49 35 64 32 37 62 49 37 25 25 17 50 20 7 41 41 12 52 40 48 34 53 55 34 47 26 47 21 36 49 32 32 34 7 27 34 20 20 33 31 62 54 34 22 30 21 14 37 16 34 47 37 18 
15 12 24 46 29 34 69 33 46 15 15 38 40 10 54 38 28 34 22 42 40 19 35 11 52 37 25 35 20 40 40 20 33 31 13 18 17 19 30 10 15 21 62 57 40 52 72 55 35 64 39 26 34 54 39 17 46 13 36 53 28 14 44 7 27 34 20 20 50 23 13 41 43 29 60 19 36 20 
30 31 21 32 19 6 33 15 20 30 21 12 65 42 61 53 38 64 34 43 64 49 41 44 60 53 39 65 35 42 65 51 41 30 26 15 49 17 11 42 38 13 58 46 53 40 59 61 39 53 32 50 26 42 53 35 38 36 13 33 38 21 26 34 35 64 54 37 27 34 20 20 43 21 40 49 42 22 
36 39 41 18 19 15 46 20 55 36 39 8 67 53 52 50 38 70 36 34 65 57 37 55 52 52 39 72 38 35 67 59 38 26 35 31 63 35 17 52 56 25 44 30 49 25 40 52 34 36 23 53 20 26 50 40 25 43 10 13 37 32 11 44 34 70 66 40 7 36 35 7 34 20 20 56 37 28 
0 3 31 32 17 27 15 30 36 69 22 29 35 17 40 26 13 34 7 27 34 20 20 20 38 25 11 36 6 24 35 23 18 15 4 19 31 24 21 17 30 16 46 41 27 37 57 40 19 48 23 20 19 39 26 5 30 7 26 40 13 9 31 9 11 34 31 7 38 7 15 29 27 16 45 20 20 8 
22 21 9 45 27 24 15 21 39 22 41 30 54 25 62 49 35 49 29 47 54 34 42 26 60 48 34 50 28 45 54 35 40 33 17 8 28 5 23 25 17 15 66 57 50 52 72 62 40 65 40 39 34 54 49 26 47 25 29 49 36 13 41 20 33 49 34 30 45 30 7 36 47 27 56 34 42 20 
29 31 33 20 13 7 38 12 8 29 30 41 62 45 51 47 33 63 30 33 60 50 34 47 51 48 34 66 32 33 62 52 35 22 27 23 55 27 8 44 47 17 47 34 46 28 46 51 31 40 22 47 17 30 47 33 26 36 3 20 33 24 13 36 29 63 58 34 14 30 26 7 33 14 27 49 34 20 
35 34 63 55 49 62 40 65 67 35 54 62 6 30 35 20 29 12 31 39 3 21 31 31 32 17 27 15 30 36 0 22 29 40 39 53 41 57 55 30 52 51 51 56 22 55 69 36 34 61 46 15 47 56 20 30 49 29 59 65 29 44 58 33 32 12 33 28 66 31 48 60 39 47 68 21 32 43 
17 14 34 49 34 41 10 42 53 17 25 45 30 62 50 32 26 24 21 41 31 9 33 3 47 30 23 24 18 38 30 9 30 32 17 27 15 30 36 0 22 29 60 57 35 53 73 50 34 64 40 18 37 55 33 16 47 11 42 57 26 21 48 8 26 24 13 18 55 22 22 47 42 33 63 9 33 25 
40 42 70 34 41 55 54 61 52 40 62 51 35 50 65 18 26 46 32 18 32 45 20 53 3 21 29 49 35 18 35 48 22 31 44 57 65 63 49 49 70 51 17 27 15 30 36 0 22 29 29 33 34 29 17 37 26 41 49 43 26 48 41 47 29 46 60 34 47 32 54 45 18 40 43 44 20 42 
26 28 58 36 34 49 38 53 50 26 49 47 20 32 18 34 14 29 19 19 17 27 13 35 15 3 15 32 20 17 19 29 12 24 31 45 47 50 42 32 53 41 32 36 3 36 49 18 16 41 27 15 30 36 0 22 29 25 44 46 14 36 41 31 18 28 42 19 48 19 41 43 19 33 49 26 13 32 
13 15 44 27 20 34 28 38 38 13 35 33 29 26 26 14 55 34 6 15 27 24 7 29 25 15 3 36 8 12 29 27 4 11 18 31 41 37 27 25 43 26 34 32 15 29 47 27 8 38 17 16 17 31 14 10 22 15 30 36 0 22 29 20 3 33 38 8 36 5 28 30 16 18 40 24 7 17 
34 32 58 61 51 62 34 64 70 34 49 63 12 24 46 29 34 30 33 46 15 15 38 23 43 26 31 3 31 44 13 14 35 44 37 50 31 53 56 24 44 50 61 64 32 62 78 47 41 70 51 17 50 64 29 30 55 27 60 70 34 42 63 30 36 0 22 29 70 34 45 63 47 49 74 15 39 43 
7 10 38 28 17 30 22 34 36 7 29 30 31 21 32 19 6 33 60 20 30 21 12 24 31 19 4 36 3 17 31 24 10 11 12 25 36 31 24 21 37 21 39 36 20 32 51 33 12 43 19 17 17 34 19 5 25 10 27 37 6 16 29 15 5 33 34 4 36 0 22 29 20 16 42 21 13 12 
27 30 54 17 23 37 42 43 34 27 47 33 39 41 18 19 15 46 20 73 36 39 8 44 18 21 18 49 23 3 38 42 11 14 30 41 56 47 31 41 57 34 19 17 17 16 32 18 7 23 11 30 16 17 19 25 10 30 30 27 15 33 23 35 15 46 54 23 30 19 39 27 0 22 29 39 8 26 
34 34 63 52 47 61 40 64 65 34 54 60 3 31 32 17 27 15 30 36 1 22 29 32 28 14 26 18 29 33 3 24 27 38 38 53 43 57 54 31 53 51 48 53 19 53 66 32 32 58 43 14 44 53 17 29 46 29 57 63 27 44 56 34 31 15 35 27 63 30 48 58 36 46 65 22 29 42 
20 18 43 50 37 47 19 49 57 20 34 50 21 9 45 27 24 15 21 39 22 44 30 10 42 24 21 16 19 36 21 3 27 33 22 35 21 38 42 9 31 36 57 57 29 53 72 45 32 63 41 11 39 55 27 17 46 13 47 59 25 27 51 15 26 15 15 17 58 22 30 50 40 36 64 0 31 29 
20 23 50 23 22 37 35 41 37 20 42 34 31 33 20 13 7 38 12 8 29 30 59 36 19 15 10 41 15 5 31 33 3 12 24 36 48 42 30 32 50 31 27 26 12 24 41 20 3 32 14 21 17 25 13 18 17 22 31 33 6 28 27 28 8 38 45 15 34 12 34 30 9 20 36 30 0 22 
19 17 35 52 36 44 11 44 55 20 26 47 31 3 53 35 29 23 24 44 32 10 36 60 50 32 26 24 21 41 31 9 33 35 20 29 12 31 39 3 21 31 63 60 37 56 76 53 37 67 43 20 40 58 35 19 50 14 45 60 29 23 51 11 29 23 10 21 58 25 24 49 45 36 66 10 36 27 
38 40 69 35 40 55 52 60 52 38 60 51 32 47 3 15 25 43 31 18 28 42 19 50 71 18 26 46 32 18 32 45 20 30 43 55 63 61 48 47 67 50 20 29 12 31 39 3 21 31 29 30 34 31 14 35 27 38 48 44 24 47 41 44 27 43 57 32 47 30 53 45 18 39 44 41 18 41 
26 26 57 38 35 49 37 53 52 25 48 48 17 30 21 3 15 26 19 21 14 24 15 32 18 40 14 29 19 19 17 27 13 25 30 44 45 50 42 30 52 41 35 39 6 38 52 21 18 44 29 12 31 39 3 21 31 23 45 48 15 35 42 29 18 25 39 18 49 19 40 44 22 33 51 23 15 31 
12 13 43 29 21 35 25 39 39 11 34 34 27 23 29 15 3 31 4 18 26 21 10 26 26 14 59 34 6 15 27 24 7 13 16 30 38 36 28 22 41 26 37 35 15 32 50 29 11 42 20 14 19 34 15 8 25 12 31 39 3 21 31 18 5 31 35 5 39 4 26 32 19 19 43 21 10 17 
36 34 59 63 53 64 35 65 72 36 50 66 15 24 49 32 36 3 36 49 18 16 41 24 46 29 34 25 33 46 15 15 38 47 39 51 30 54 58 24 44 52 65 67 35 65 81 50 43 73 54 20 53 66 32 32 58 29 62 73 37 44 65 31 39 3 21 31 72 36 46 65 50 52 77 16 41 45 
6 7 37 31 19 32 20 35 38 6 28 32 30 18 35 20 8 31 3 23 29 19 15 21 32 19 6 33 62 20 30 21 12 14 10 25 33 30 25 18 35 22 42 39 21 35 54 35 15 46 22 15 20 37 20 2 28 7 29 40 8 15 32 12 8 31 31 2 39 3 21 31 23 18 45 18 15 13 
24 27 53 19 22 37 40 42 35 24 45 33 36 38 18 17 12 44 17 3 33 36 5 41 18 19 15 46 20 78 36 39 8 12 28 39 53 45 30 38 55 33 22 20 15 19 35 19 4 26 11 27 15 20 16 22 12 27 30 29 12 31 24 32 12 43 51 20 31 17 37 28 3 21 31 36 5 24 
35 34 63 55 48 62 40 65 67 35 54 62 0 30 35 19 29 13 31 38 3 21 31 31 32 17 27 15 30 36 7 22 29 40 39 53 41 57 55 30 52 51 51 56 22 55 69 35 34 61 45 15 46 56 20 30 48 29 58 65 29 44 58 34 32 12 33 28 65 31 48 59 39 47 68 21 31 43 
22 20 44 53 40 49 20 51 59 23 35 52 22 9 48 29 27 14 24 42 24 3 33 9 45 27 24 15 21 39 22 42 30 36 24 36 19 39 44 9 30 37 60 60 32 56 75 48 35 66 44 14 42 58 30 20 49 15 49 62 28 29 54 16 29 14 12 20 61 25 31 53 43 39 67 3 34 31 
18 20 48 25 22 37 33 41 38 18 40 35 29 30 22 12 4 35 10 11 27 27 3 33 20 13 7 38 12 8 29 30 63 12 22 35 45 41 30 29 48 30 30 29 11 27 44 22 5 35 16 18 18 28 12 15 20 19 32 35 4 26 29 25 6 35 42 12 36 10 32 31 12 21 39 27 3 21 
16 19 40 17 10 25 31 30 26 15 33 22 40 32 31 24 11 44 11 14 38 33 12 35 30 25 13 47 14 12 40 36 12 100 18 26 46 32 18 32 45 20 32 26 24 21 41 31 9 33 8 27 6 23 24 16 15 21 19 26 11 19 18 25 8 44 46 15 25 11 25 19 14 8 31 33 12 12 
4 4 26 33 17 25 13 26 35 4 17 27 39 17 44 31 18 37 12 30 38 22 24 20 43 30 16 39 10 28 39 24 22 18 65 14 29 19 19 17 27 13 50 44 32 39 59 45 23 51 26 24 21 41 31 9 33 9 25 40 18 5 32 8 16 37 30 12 38 12 10 29 31 16 47 22 25 7 
19 19 13 37 19 17 18 15 31 19 8 23 53 27 57 45 31 50 25 41 53 35 36 29 55 44 30 51 25 39 53 36 35 26 14 52 34 6 15 27 24 7 59 50 46 44 64 57 35 57 32 38 27 46 45 24 40 24 21 41 31 9 33 20 28 50 38 26 37 25 5 28 41 20 48 35 37 14 
30 27 34 63 46 50 17 49 63 31 28 55 41 15 65 47 41 31 36 56 43 21 48 12 63 45 38 30 33 53 41 19 45 46 29 34 48 33 46 15 15 38 75 72 50 68 88 66 49 79 54 32 50 70 48 31 61 26 53 70 41 31 61 21 41 31 9 33 67 37 29 58 57 45 76 21 49 37 
24 23 7 43 25 20 19 17 35 24 5 27 57 30 63 50 37 53 31 47 57 38 42 31 61 50 36 54 30 45 57 39 41 32 19 6 33 43 20 30 21 12 65 56 51 50 70 63 41 63 38 43 32 52 51 29 45 28 26 46 37 14 38 24 34 53 39 32 41 31 9 33 47 25 53 38 43 20 
21 23 27 23 7 7 30 11 17 21 23 8 55 36 49 42 27 56 24 31 54 42 30 39 48 42 28 58 25 30 55 44 30 18 19 15 46 20 83 36 39 8 47 36 41 30 50 49 27 43 21 40 15 32 42 25 27 28 6 26 27 15 17 28 24 55 49 27 21 23 18 13 31 9 33 41 30 12 
16 13 34 48 33 41 10 42 52 17 25 44 30 0 49 32 25 24 21 41 31 9 32 3 47 30 22 24 18 38 30 9 29 32 17 27 15 30 36 63 22 29 60 57 34 53 72 50 33 64 40 18 36 55 32 15 46 10 42 57 26 21 48 8 26 24 14 17 54 21 22 46 41 32 62 9 33 24 
30 27 20 59 41 41 15 38 56 30 17 47 52 22 70 53 43 44 37 57 53 31 50 21 67 52 41 44 35 55 52 30 48 45 27 24 15 21 39 22 18 30 77 71 55 66 86 70 50 78 52 40 47 68 54 32 60 29 45 65 44 26 56 23 42 44 24 35 61 38 21 52 58 41 72 31 51 33 
16 17 20 30 12 12 21 13 25 16 15 17 51 29 51 41 26 50 21 34 51 36 31 31 50 41 26 52 22 33 51 37 30 20 13 7 38 12 8 29 30 66 52 43 41 37 57 51 29 50 25 36 19 39 41 21 32 23 15 34 26 8 26 21 23 50 42 24 30 21 9 21 35 13 41 35 31 9 
47 49 73 26 40 52 62 58 44 46 66 47 51 60 17 32 34 61 39 19 48 57 27 63 20 35 37 65 42 22 51 60 30 32 50 59 75 65 47 60 77 52 36 14 29 19 19 17 27 13 26 46 32 18 32 45 20 50 45 32 34 52 34 55 34 61 72 42 37 39 58 39 19 39 30 57 26 45 
42 45 63 13 30 40 57 46 30 41 57 34 56 57 27 36 32 64 36 17 53 57 26 60 29 39 35 67 39 20 56 60 29 26 44 50 72 56 36 57 71 43 14 53 34 6 15 27 24 7 18 47 23 3 36 41 11 46 32 18 32 45 20 51 31 64 70 40 23 35 50 26 17 30 15 56 26 37 
28 29 59 34 34 48 40 53 49 27 50 46 22 35 15 3 15 32 20 17 19 29 12 37 12 6 15 35 21 15 22 32 11 24 32 46 50 51 41 34 55 41 29 34 93 33 46 15 15 38 26 18 29 34 2 23 27 26 43 44 14 37 39 32 18 32 45 20 46 20 42 42 17 32 46 29 12 32 
37 40 57 7 25 34 52 40 25 37 52 28 55 53 30 36 29 62 32 16 53 53 24 56 31 38 32 65 35 19 55 56 27 21 39 44 68 50 30 53 66 37 19 6 33 65 20 30 21 12 13 45 18 2 35 37 7 42 26 13 29 40 14 46 27 62 67 36 18 32 45 20 16 24 13 53 24 32 
57 60 77 27 45 53 72 59 40 57 72 46 69 73 36 49 47 78 51 32 66 72 41 76 39 52 50 81 54 35 69 75 44 41 59 64 88 70 50 72 86 57 19 15 46 20 36 36 39 8 33 62 38 18 49 57 26 62 45 26 47 60 32 66 46 78 86 55 32 51 65 38 32 45 20 71 40 53 
41 43 71 34 41 55 55 61 52 40 62 51 36 50 0 18 27 47 33 18 32 45 20 53 3 21 29 50 35 19 35 48 22 31 45 57 66 63 49 50 70 51 17 27 15 30 36 64 22 29 29 34 34 29 18 37 26 41 49 43 26 49 41 47 29 46 61 34 47 32 55 45 18 40 42 45 20 43 
20 22 48 20 19 34 35 39 34 19 40 31 34 34 22 16 8 41 12 7 32 32 3 37 21 18 11 43 15 4 34 35 5 9 23 35 49 41 27 33 50 29 27 24 15 21 39 22 90 30 11 23 14 23 16 18 14 23 28 30 7 26 24 28 7 40 46 16 31 12 32 27 8 18 34 32 3 20 
49 52 70 20 38 47 64 53 36 48 65 40 61 64 29 41 38 70 43 23 58 63 32 67 31 44 42 73 46 26 61 66 35 33 51 57 79 63 43 64 78 50 13 7 38 12 8 29 30 41 25 53 30 10 40 48 18 53 39 22 38 52 26 58 38 69 77 46 28 42 57 32 23 37 18 62 32 45 
24 27 46 9 13 26 39 32 23 23 40 22 46 40 29 27 17 51 19 11 43 41 14 43 29 29 20 54 22 11 45 44 16 8 26 32 54 38 21 40 52 25 26 18 26 13 33 29 11 25 29 34 6 15 27 24 7 29 19 19 17 27 13 33 15 51 53 23 20 18 32 16 11 12 23 40 14 19 
20 19 49 43 34 47 26 50 53 20 39 47 15 18 33 15 16 17 17 30 14 11 21 20 30 12 14 20 15 27 15 14 18 27 24 38 32 43 40 18 40 36 46 47 18 45 62 34 23 53 34 58 33 46 15 15 38 14 44 53 17 29 46 19 19 17 27 13 53 17 33 46 30 33 57 11 21 28 
20 23 40 12 7 21 34 26 20 19 34 17 47 37 34 30 17 50 17 16 44 39 17 40 34 31 19 53 20 15 46 42 18 6 21 27 50 32 15 36 47 19 32 23 29 18 38 34 14 30 6 33 39 20 30 21 12 26 14 20 17 21 12 29 14 50 50 21 19 17 27 13 16 6 25 38 17 14 
39 42 60 10 27 36 54 42 26 39 54 30 56 55 29 36 31 64 34 17 53 55 25 58 31 39 34 66 37 20 56 58 28 23 41 46 70 52 32 55 68 39 18 3 34 2 18 29 23 10 15 46 20 38 36 39 8 44 29 14 30 42 16 48 29 63 69 38 19 33 47 22 17 27 13 55 25 34 
27 28 58 36 34 49 39 53 50 26 49 47 20 33 17 0 14 29 19 19 17 27 13 35 14 3 15 32 20 16 20 30 12 24 31 45 48 51 42 32 54 41 32 36 2 35 49 18 16 40 27 15 30 36 34 22 29 25 44 46 14 36 40 31 18 29 42 19 47 19 42 43 19 33 48 27 13 32 
5 5 36 33 20 32 17 35 40 5 26 33 30 16 37 22 10 30 5 25 29 17 18 19 35 21 8 32 2 22 30 20 15 16 9 24 31 29 25 15 32 21 45 41 23 37 57 37 18 48 24 15 21 39 22 54 30 5 30 42 11 14 34 10 10 30 29 3 40 6 19 33 26 19 47 17 18 13 
31 34 53 8 20 32 46 38 25 30 47 26 49 47 26 29 22 55 25 10 46 46 17 50 27 31 25 58 28 12 48 49 20 15 33 40 61 45 27 46 60 32 20 11 27 7 26 26 14 18 7 38 12 8 29 30 26 35 24 17 21 34 14 40 20 55 60 29 20 25 39 19 10 19 19 46 17 27 
7 5 34 38 24 34 13 36 43 7 25 36 29 11 41 25 15 27 10 30 29 13 22 14 38 23 12 29 7 27 29 15 19 21 9 24 26 28 28 10 29 23 50 46 26 42 62 41 23 53 29 14 26 44 25 5 35 68 33 46 15 15 38 6 15 27 24 7 45 11 19 37 31 23 52 13 23 16 
26 29 32 19 10 7 36 13 10 26 29 3 59 42 49 44 30 60 27 30 57 47 31 45 48 45 31 62 29 30 58 49 32 19 25 21 53 26 6 42 45 15 45 32 43 26 45 49 28 39 19 44 14 29 44 30 24 33 12 20 30 21 12 34 26 60 55 31 15 27 24 7 30 11 27 46 31 17 
40 43 53 10 24 27 53 33 13 40 49 20 65 57 43 46 36 70 37 27 63 59 33 60 44 48 39 73 40 29 65 62 35 26 40 41 70 46 26 57 65 34 32 18 44 13 26 43 30 22 19 53 20 14 46 42 17 46 20 31 36 39 8 49 34 70 71 42 6 37 43 13 27 24 7 59 33 33 
14 16 44 26 20 34 28 38 37 13 36 33 29 26 26 14 0 34 6 15 27 25 6 29 24 15 3 37 8 12 29 28 4 11 18 31 41 37 27 26 44 26 34 32 14 29 47 26 7 38 17 17 17 30 14 11 21 15 30 36 55 22 29 21 3 34 39 8 36 6 28 30 15 18 40 24 7 17 
9 10 22 33 15 20 14 21 32 9 13 24 44 21 48 36 22 42 16 33 44 27 28 23 47 35 21 44 15 31 44 29 26 19 5 9 31 14 15 21 26 8 52 45 37 40 60 49 26 52 27 29 21 42 36 14 34 15 21 39 22 49 30 13 19 42 34 17 36 16 6 27 33 15 46 27 28 7 
31 34 45 7 15 20 44 26 11 31 41 13 58 48 41 41 29 63 29 23 56 51 27 51 41 42 31 65 32 24 58 54 29 18 32 33 61 38 17 48 56 26 34 20 39 14 32 41 24 26 13 46 12 16 40 34 14 38 12 8 29 30 14 40 26 62 62 34 7 29 35 6 23 15 15 51 27 24 
9 6 29 41 25 33 7 34 44 9 20 36 33 8 47 31 20 30 15 35 34 15 28 11 44 29 18 31 12 32 34 16 25 25 8 20 21 24 28 8 23 21 55 51 32 46 66 47 28 58 33 19 29 48 31 10 40 6 34 49 21 13 40 67 20 30 21 12 46 15 15 38 36 25 55 14 28 16 
12 14 42 24 16 31 27 35 34 11 33 29 32 26 29 18 3 36 5 15 31 26 8 29 27 18 5 39 8 12 32 29 6 8 16 28 41 34 24 26 42 23 34 31 18 27 46 29 7 38 15 19 14 29 18 10 20 15 26 34 3 19 26 20 93 36 39 8 33 4 25 27 15 15 38 25 8 14 
34 32 58 60 50 62 34 64 70 34 49 63 12 24 46 28 33 0 33 46 15 15 38 23 43 25 31 3 31 43 12 14 35 44 37 50 31 53 55 24 44 50 61 64 32 62 78 46 40 69 51 17 50 63 29 30 55 27 60 70 34 42 62 30 36 31 22 29 70 33 45 63 46 49 74 15 38 43 
30 27 42 62 47 54 20 54 66 31 34 58 33 13 60 42 38 22 34 54 35 15 45 10 57 39 35 21 31 51 33 12 42 46 30 38 9 39 49 14 24 42 72 70 45 67 86 61 46 77 53 27 50 69 42 29 60 24 55 71 39 34 62 21 39 22 30 30 68 35 33 60 54 46 76 15 46 38 
7 8 39 32 21 34 20 37 40 7 30 34 28 18 34 19 8 29 4 23 27 17 15 21 32 18 5 31 2 20 28 20 12 15 12 26 33 32 27 17 35 24 42 40 20 36 55 34 16 46 23 13 21 38 19 3 29 7 31 42 8 17 34 12 8 29 30 77 41 4 22 33 24 20 46 17 15 15 
38 41 48 12 21 22 50 27 7 38 45 14 66 55 47 48 36 70 36 30 63 58 34 58 47 49 39 72 39 31 65 61 36 25 38 37 67 41 21 54 61 30 37 23 46 18 32 47 31 28 20 53 19 19 47 40 20 45 15 6 36 36 7 46 33 70 68 41 40 36 39 8 30 21 12 57 34 30 
8 10 38 28 17 30 23 34 36 7 30 30 31 22 32 19 5 34 0 19 30 22 12 25 30 19 4 36 3 17 31 25 10 11 12 25 37 31 23 21 38 21 39 35 20 32 51 32 12 42 18 17 17 33 19 6 25 11 27 37 6 16 29 15 4 33 35 4 36 60 22 29 20 16 42 21 12 12 
14 14 16 38 20 21 13 20 35 15 7 26 48 22 54 41 28 45 22 39 48 30 34 24 53 40 26 46 21 37 48 31 32 25 10 5 29 9 18 22 21 9 58 50 42 45 65 55 32 57 32 33 27 47 42 19 39 19 24 43 28 6 35 15 25 45 33 22 39 22 43 30 39 20 50 30 34 12 
30 33 40 12 12 14 41 20 7 29 36 7 60 47 45 43 30 63 29 27 58 50 30 49 45 44 32 65 31 28 59 53 31 19 29 28 58 33 13 46 52 21 39 26 42 20 38 45 27 32 16 46 13 22 43 33 19 37 7 13 30 27 6 38 27 63 60 33 8 29 30 25 27 13 20 50 30 21 
27 30 55 17 23 37 43 43 34 27 47 33 39 42 18 19 16 47 20 0 36 40 9 45 18 22 19 50 23 3 39 43 12 14 31 41 57 47 31 41 58 35 19 17 17 16 32 18 8 23 11 30 16 17 19 26 10 31 30 27 15 33 23 36 15 46 54 24 30 20 39 27 72 22 29 39 8 27 
16 19 33 18 1 16 29 21 20 16 27 14 47 33 40 33 18 49 16 22 46 36 20 36 39 33 19 52 18 21 47 39 21 8 16 20 45 25 9 32 41 13 39 30 32 24 45 40 18 37 12 33 6 27 33 19 19 23 11 24 18 15 15 25 15 49 46 20 21 16 20 13 22 79 30 36 20 8 
46 49 60 14 30 34 60 40 20 45 56 27 68 63 43 49 40 74 42 29 65 64 36 66 44 51 43 77 45 31 68 67 39 31 47 48 76 53 33 62 72 41 30 15 46 13 20 42 34 18 23 57 25 13 48 47 19 52 27 7 40 46 15 55 38 74 76 46 12 42 50 20 29 30 17 64 36 39 
20 18 43 50 37 47 19 49 56 20 34 49 21 9 44 26 24 15 21 39 22 0 30 10 41 23 21 16 18 36 21 3 27 33 22 35 21 38 41 9 31 35 57 56 29 53 71 45 32 62 40 11 38 55 27 17 46 13 46 59 24 27 51 14 25 15 15 17 57 21 30 50 39 36 64 45 30 29 
21 23 50 23 22 37 36 42 37 20 42 34 32 33 20 13 7 39 13 8 29 31 0 36 18 15 10 41 15 5 31 34 3 12 25 37 49 43 30 33 51 31 26 26 12 24 40 20 3 32 14 21 17 25 13 18 17 23 31 33 7 28 27 28 8 38 46 15 34 12 34 30 8 20 36 30 58 22 
9 11 28 26 9 18 20 22 28 8 20 20 43 25 42 32 17 43 12 26 42 29 22 27 41 31 17 45 13 24 43 31 21 12 7 14 37 20 12 24 33 9 45 37 32 32 53 43 20 45 19 28 14 34 32 13 27 16 17 33 17 7 24 16 14 43 38 15 30 12 12 21 27 8 39 29 22 61 
