153 18
6058 1728 1728 5184 576 4608 4032 1152 1152 5184 5760 3456 5760 5760 576 1152 1728 1944 1944 5832 648 5184 4536 1296 1296 5832 6480 3888 6480 6480 648 1296 1944 648 1944 216 1728 1512 432 432 1944 2160 1296 2160 2160 216 432 648 1944 216 1728 1512 432 432 1944 2160 1296 2160 2160 216 432 648 648 5184 4536 1296 1296 5832 6480 3888 6480 6480 648 1296 1944 576 504 144 144 648 720 432 720 720 72 144 216 4032 1152 1152 5184 5760 3456 5760 5760 576 1152 1728 1008 1008 4536 5040 3024 5040 5040 504 1008 1512 288 1296 1440 864 1440 1440 144 288 432 1296 1440 864 1440 1440 144 288 432 6480 3888 6480 6480 648 1296 1944 4320 7200 7200 720 1440 2160 4320 4320 432 864 1296 7200 720 1440 2160 720 1440 2160 144 216 432 
1728 7232 576 1728 192 1536 1344 384 384 1728 1920 1152 1920 1920 192 384 576 648 648 1944 216 1728 1512 432 432 1944 2160 1296 2160 2160 216 432 648 216 648 72 576 504 144 144 648 720 432 720 720 72 144 216 648 72 576 504 144 144 648 720 432 720 720 72 144 216 216 1728 1512 432 432 1944 2160 1296 2160 2160 216 432 648 192 168 48 48 216 240 144 240 240 24 48 72 1344 384 384 1728 1920 1152 1920 1920 192 384 576 336 336 1512 1680 1008 1680 1680 168 336 504 96 432 480 288 480 480 48 96 144 432 480 288 480 480 48 96 144 2160 1296 2160 2160 216 432 648 1440 2400 2400 240 480 720 1440 1440 144 288 432 2400 240 480 720 240 480 720 48 72 144 
1728 576 9836 1728 192 1536 1344 384 384 1728 1920 1152 1920 1920 192 384 576 648 648 1944 216 1728 1512 432 432 1944 2160 1296 2160 2160 216 432 648 216 648 72 576 504 144 144 648 720 432 720 720 72 144 216 648 72 576 504 144 144 648 720 432 720 720 72 144 216 216 1728 1512 432 432 1944 2160 1296 2160 2160 216 432 648 192 168 48 48 216 240 144 240 240 24 48 72 1344 384 384 1728 1920 1152 1920 1920 192 384 576 336 336 1512 1680 1008 1680 1680 168 336 504 96 432 480 288 480 480 48 96 144 432 480 288 480 480 48 96 144 2160 1296 2160 2160 216 432 648 1440 2400 2400 240 480 720 1440 1440 144 288 432 2400 240 480 720 240 480 720 48 72 144 
5184 1728 1728 5547 576 4608 4032 1152 1152 5184 5760 3456 5760 5760 576 1152 1728 1944 1944 5832 648 5184 4536 1296 1296 5832 6480 3888 6480 6480 648 1296 1944 648 1944 216 1728 1512 432 432 1944 2160 1296 2160 2160 216 432 648 1944 216 1728 1512 432 432 1944 2160 1296 2160 2160 216 432 648 648 5184 4536 1296 1296 5832 6480 3888 6480 6480 648 1296 1944 576 504 144 144 648 720 432 720 720 72 144 216 4032 1152 1152 5184 5760 3456 5760 5760 576 1152 1728 1008 1008 4536 5040 3024 5040 5040 504 1008 1512 288 1296 1440 864 1440 1440 144 288 432 1296 1440 864 1440 1440 144 288 432 6480 3888 6480 6480 648 1296 1944 4320 7200 7200 720 1440 2160 4320 4320 432 864 1296 7200 720 1440 2160 720 1440 2160 144 216 432 
576 192 192 576 4057 512 448 128 128 576 640 384 640 640 64 128 192 216 216 648 72 576 504 144 144 648 720 432 720 720 72 144 216 72 216 24 192 168 48 48 216 240 144 240 240 24 48 72 216 24 192 168 48 48 216 240 144 240 240 24 48 72 72 576 504 144 144 648 720 432 720 720 72 144 216 64 56 16 16 72 80 48 80 80 8 16 24 448 128 128 576 640 384 640 640 64 128 192 112 112 504 560 336 560 560 56 112 168 32 144 160 96 160 160 16 32 48 144 160 96 160 160 16 32 48 720 432 720 720 72 144 216 480 800 800 80 160 240 480 480 48 96 144 800 80 160 240 80 160 240 16 24 48 
4608 1536 1536 4608 512 611 3584 1024 1024 4608 5120 3072 5120 5120 512 1024 1536 1728 1728 5184 576 4608 4032 1152 1152 5184 5760 3456 5760 5760 576 1152 1728 576 1728 192 1536 1344 384 384 1728 1920 1152 1920 1920 192 384 576 1728 192 1536 1344 384 384 1728 1920 1152 1920 1920 192 384 576 576 4608 4032 1152 1152 5184 5760 3456 5760 5760 576 1152 1728 512 448 128 128 576 640 384 640 640 64 128 192 3584 1024 1024 4608 5120 3072 5120 5120 512 1024 1536 896 896 4032 4480 2688 4480 4480 448 896 1344 256 1152 1280 768 1280 1280 128 256 384 1152 1280 768 1280 1280 128 256 384 5760 3456 5760 5760 576 1152 1728 3840 6400 6400 640 1280 1920 3840 3840 384 768 1152 6400 640 1280 1920 640 1280 1920 128 192 384 
4032 1344 1344 4032 448 3584 7894 896 896 4032 4480 2688 4480 4480 448 896 1344 1512 1512 4536 504 4032 3528 1008 1008 4536 5040 3024 5040 5040 504 1008 1512 504 1512 168 1344 1176 336 336 1512 1680 1008 1680 1680 168 336 504 1512 168 1344 1176 336 336 1512 1680 1008 1680 1680 168 336 504 504 4032 3528 1008 1008 4536 5040 3024 5040 5040 504 1008 1512 448 392 112 112 504 560 336 560 560 56 112 168 3136 896 896 4032 4480 2688 4480 4480 448 896 1344 784 784 3528 3920 2352 3920 3920 392 784 1176 224 1008 1120 672 1120 1120 112 224 336 1008 1120 672 1120 1120 112 224 336 5040 3024 5040 5040 504 1008 1512 3360 5600 5600 560 1120 1680 3360 3360 336 672 1008 5600 560 1120 1680 560 1120 1680 112 168 336 
1152 384 384 1152 128 1024 896 6456 256 1152 1280 768 1280 1280 128 256 384 432 432 1296 144 1152 1008 288 288 1296 1440 864 1440 1440 144 288 432 144 432 48 384 336 96 96 432 480 288 480 480 48 96 144 432 48 384 336 96 96 432 480 288 480 480 48 96 144 144 1152 1008 288 288 1296 1440 864 1440 1440 144 288 432 128 112 32 32 144 160 96 160 160 16 32 48 896 256 256 1152 1280 768 1280 1280 128 256 384 224 224 1008 1120 672 1120 1120 112 224 336 64 288 320 192 320 320 32 64 96 288 320 192 320 320 32 64 96 1440 864 1440 1440 144 288 432 960 1600 1600 160 320 480 960 960 96 192 288 1600 160 320 480 160 320 480 32 48 96 
1152 384 384 1152 128 1024 896 256 7268 1152 1280 768 1280 1280 128 256 384 432 432 1296 144 1152 1008 288 288 1296 1440 864 1440 1440 144 288 432 144 432 48 384 336 96 96 432 480 288 480 480 48 96 144 432 48 384 336 96 96 432 480 288 480 480 48 96 144 144 1152 1008 288 288 1296 1440 864 1440 1440 144 288 432 128 112 32 32 144 160 96 160 160 16 32 48 896 256 256 1152 1280 768 1280 1280 128 256 384 224 224 1008 1120 672 1120 1120 112 224 336 64 288 320 192 320 320 32 64 96 288 320 192 320 320 32 64 96 1440 864 1440 1440 144 288 432 960 1600 1600 160 320 480 960 960 96 192 288 1600 160 320 480 160 320 480 32 48 96 
5184 1728 1728 5184 576 4608 4032 1152 1152 8362 5760 3456 5760 5760 576 1152 1728 1944 1944 5832 648 5184 4536 1296 1296 5832 6480 3888 6480 6480 648 1296 1944 648 1944 216 1728 1512 432 432 1944 2160 1296 2160 2160 216 432 648 1944 216 1728 1512 432 432 1944 2160 1296 2160 2160 216 432 648 648 5184 4536 1296 1296 5832 6480 3888 6480 6480 648 1296 1944 576 504 144 144 648 720 432 720 720 72 144 216 4032 1152 1152 5184 5760 3456 5760 5760 576 1152 1728 1008 1008 4536 5040 3024 5040 5040 504 1008 1512 288 1296 1440 864 1440 1440 144 288 432 1296 1440 864 1440 1440 144 288 432 6480 3888 6480 6480 648 1296 1944 4320 7200 7200 720 1440 2160 4320 4320 432 864 1296 7200 720 1440 2160 720 1440 2160 144 216 432 
5760 1920 1920 5760 640 5120 4480 1280 1280 5760 5641 3840 6400 6400 640 1280 1920 2160 2160 6480 720 5760 5040 1440 1440 6480 7200 4320 7200 7200 720 1440 2160 720 2160 240 1920 1680 480 480 2160 2400 1440 2400 2400 240 480 720 2160 240 1920 1680 480 480 2160 2400 1440 2400 2400 240 480 720 720 5760 5040 1440 1440 6480 7200 4320 7200 7200 720 1440 2160 640 560 160 160 720 800 480 800 800 80 160 240 4480 1280 1280 5760 6400 3840 6400 6400 640 1280 1920 1120 1120 5040 5600 3360 5600 5600 560 1120 1680 320 1440 1600 960 1600 1600 160 320 480 1440 1600 960 1600 1600 160 320 480 7200 4320 7200 7200 720 1440 2160 4800 8000 8000 800 1600 2400 4800 4800 480 960 1440 8000 800 1600 2400 800 1600 2400 160 240 480 
3456 1152 1152 3456 384 3072 2688 768 768 3456 3840 9066 3840 3840 384 768 1152 1296 1296 3888 432 3456 3024 864 864 3888 4320 2592 4320 4320 432 864 1296 432 1296 144 1152 1008 288 288 1296 1440 864 1440 1440 144 288 432 1296 144 1152 1008 288 288 1296 1440 864 1440 1440 144 288 432 432 3456 3024 864 864 3888 4320 2592 4320 4320 432 864 1296 384 336 96 96 432 480 288 480 480 48 96 144 2688 768 768 3456 3840 2304 3840 3840 384 768 1152 672 672 3024 3360 2016 3360 3360 336 672 1008 192 864 960 576 960 960 96 192 288 864 960 576 960 960 96 192 288 4320 2592 4320 4320 432 864 1296 2880 4800 4800 480 960 1440 2880 2880 288 576 864 4800 480 960 1440 480 960 1440 96 144 288 
5760 1920 1920 5760 640 5120 4480 1280 1280 5760 6400 3840 1325 6400 640 1280 1920 2160 2160 6480 720 5760 5040 1440 1440 6480 7200 4320 7200 7200 720 1440 2160 720 2160 240 1920 1680 480 480 2160 2400 1440 2400 2400 240 480 720 2160 240 1920 1680 480 480 2160 2400 1440 2400 2400 240 480 720 720 5760 5040 1440 1440 6480 7200 4320 7200 7200 720 1440 2160 640 560 160 160 720 800 480 800 800 80 160 240 4480 1280 1280 5760 6400 3840 6400 6400 640 1280 1920 1120 1120 5040 5600 3360 5600 5600 560 1120 1680 320 1440 1600 960 1600 1600 160 320 480 1440 1600 960 1600 1600 160 320 480 7200 4320 7200 7200 720 1440 2160 4800 8000 8000 800 1600 2400 4800 4800 480 960 1440 8000 800 1600 2400 800 1600 2400 160 240 480 
5760 1920 1920 5760 640 5120 4480 1280 1280 5760 6400 3840 6400 3280 640 1280 1920 2160 2160 6480 720 5760 5040 1440 1440 6480 7200 4320 7200 7200 720 1440 2160 720 2160 240 1920 1680 480 480 2160 2400 1440 2400 2400 240 480 720 2160 240 1920 1680 480 480 2160 2400 1440 2400 2400 240 480 720 720 5760 5040 1440 1440 6480 7200 4320 7200 7200 720 1440 2160 640 560 160 160 720 800 480 800 800 80 160 240 4480 1280 1280 5760 6400 3840 6400 6400 640 1280 1920 1120 1120 5040 5600 3360 5600 5600 560 1120 1680 320 1440 1600 960 1600 1600 160 320 480 1440 1600 960 1600 1600 160 320 480 7200 4320 7200 7200 720 1440 2160 4800 8000 8000 800 1600 2400 4800 4800 480 960 1440 8000 800 1600 2400 800 1600 2400 160 240 480 
576 192 192 576 64 512 448 128 128 576 640 384 640 640 8146 128 192 216 216 648 72 576 504 144 144 648 720 432 720 720 72 144 216 72 216 24 192 168 48 48 216 240 144 240 240 24 48 72 216 24 192 168 48 48 216 240 144 240 240 24 48 72 72 576 504 144 144 648 720 432 720 720 72 144 216 64 56 16 16 72 80 48 80 80 8 16 24 448 128 128 576 640 384 640 640 64 128 192 112 112 504 560 336 560 560 56 112 168 32 144 160 96 160 160 16 32 48 144 160 96 160 160 16 32 48 720 432 720 720 72 144 216 480 800 800 80 160 240 480 480 48 96 144 800 80 160 240 80 160 240 16 24 48 
1152 384 384 1152 128 1024 896 256 256 1152 1280 768 1280 1280 128 5434 384 432 432 1296 144 1152 1008 288 288 1296 1440 864 1440 1440 144 288 432 144 432 48 384 336 96 96 432 480 288 480 480 48 96 144 432 48 384 336 96 96 432 480 288 480 480 48 96 144 144 1152 1008 288 288 1296 1440 864 1440 1440 144 288 432 128 112 32 32 144 160 96 160 160 16 32 48 896 256 256 1152 1280 768 1280 1280 128 256 384 224 224 1008 1120 672 1120 1120 112 224 336 64 288 320 192 320 320 32 64 96 288 320 192 320 320 32 64 96 1440 864 1440 1440 144 288 432 960 1600 1600 160 320 480 960 960 96 192 288 1600 160 320 480 160 320 480 32 48 96 
1728 576 576 1728 192 1536 1344 384 384 1728 1920 1152 1920 1920 192 384 185 648 648 1944 216 1728 1512 432 432 1944 2160 1296 2160 2160 216 432 648 216 648 72 576 504 144 144 648 720 432 720 720 72 144 216 648 72 576 504 144 144 648 720 432 720 720 72 144 216 216 1728 1512 432 432 1944 2160 1296 2160 2160 216 432 648 192 168 48 48 216 240 144 240 240 24 48 72 1344 384 384 1728 1920 1152 1920 1920 192 384 576 336 336 1512 1680 1008 1680 1680 168 336 504 96 432 480 288 480 480 48 96 144 432 480 288 480 480 48 96 144 2160 1296 2160 2160 216 432 648 1440 2400 2400 240 480 720 1440 1440 144 288 432 2400 240 480 720 240 480 720 48 72 144 
1944 648 648 1944 216 1728 1512 432 432 1944 2160 1296 2160 2160 216 432 648 8245 729 2187 243 1944 1701 486 486 2187 2430 1458 2430 2430 243 486 729 243 729 81 648 567 162 162 729 810 486 810 810 81 162 243 729 81 648 567 162 162 729 810 486 810 810 81 162 243 243 1944 1701 486 486 2187 2430 1458 2430 2430 243 486 729 216 189 54 54 243 270 162 270 270 27 54 81 1512 432 432 1944 2160 1296 2160 2160 216 432 648 378 378 1701 1890 1134 1890 1890 189 378 567 108 486 540 324 540 540 54 108 162 486 540 324 540 540 54 108 162 2430 1458 2430 2430 243 486 729 1620 2700 2700 270 540 810 1620 1620 162 324 486 2700 270 540 810 270 540 810 54 81 162 
1944 648 648 1944 216 1728 1512 432 432 1944 2160 1296 2160 2160 216 432 648 729 7029 2187 243 1944 1701 486 486 2187 2430 1458 2430 2430 243 486 729 243 729 81 648 567 162 162 729 810 486 810 810 81 162 243 729 81 648 567 162 162 729 810 486 810 810 81 162 243 243 1944 1701 486 486 2187 2430 1458 2430 2430 243 486 729 216 189 54 54 243 270 162 270 270 27 54 81 1512 432 432 1944 2160 1296 2160 2160 216 432 648 378 378 1701 1890 1134 1890 1890 189 378 567 108 486 540 324 540 540 54 108 162 486 540 324 540 540 54 108 162 2430 1458 2430 2430 243 486 729 1620 2700 2700 270 540 810 1620 1620 162 324 486 2700 270 540 810 270 540 810 54 81 162 
5832 1944 1944 5832 648 5184 4536 1296 1296 5832 6480 3888 6480 6480 648 1296 1944 2187 2187 7390 729 5832 5103 1458 1458 6561 7290 4374 7290 7290 729 1458 2187 729 2187 243 1944 1701 486 486 2187 2430 1458 2430 2430 243 486 729 2187 243 1944 1701 486 486 2187 2430 1458 2430 2430 243 486 729 729 5832 5103 1458 1458 6561 7290 4374 7290 7290 729 1458 2187 648 567 162 162 729 810 486 810 810 81 162 243 4536 1296 1296 5832 6480 3888 6480 6480 648 1296 1944 1134 1134 5103 5670 3402 5670 5670 567 1134 1701 324 1458 1620 972 1620 1620 162 324 486 1458 1620 972 1620 1620 162 324 486 7290 4374 7290 7290 729 1458 2187 4860 8100 8100 810 1620 2430 4860 4860 486 972 1458 8100 810 1620 2430 810 1620 2430 162 243 486 
648 216 216 648 72 576 504 144 144 648 720 432 720 720 72 144 216 243 243 729 3159 648 567 162 162 729 810 486 810 810 81 162 243 81 243 27 216 189 54 54 243 270 162 270 270 27 54 81 243 27 216 189 54 54 243 270 162 270 270 27 54 81 81 648 567 162 162 729 810 486 810 810 81 162 243 72 63 18 18 81 90 54 90 90 9 18 27 504 144 144 648 720 432 720 720 72 144 216 126 126 567 630 378 630 630 63 126 189 36 162 180 108 180 180 18 36 54 162 180 108 180 180 18 36 54 810 486 810 810 81 162 243 540 900 900 90 180 270 540 540 54 108 162 900 90 180 270 90 180 270 18 27 54 
5184 1728 1728 5184 576 4608 4032 1152 1152 5184 5760 3456 5760 5760 576 1152 1728 1944 1944 5832 648 1950 4536 1296 1296 5832 6480 3888 6480 6480 648 1296 1944 648 1944 216 1728 1512 432 432 1944 2160 1296 2160 2160 216 432 648 1944 216 1728 1512 432 432 1944 2160 1296 2160 2160 216 432 648 648 5184 4536 1296 1296 5832 6480 3888 6480 6480 648 1296 1944 576 504 144 144 648 720 432 720 720 72 144 216 4032 1152 1152 5184 5760 3456 5760 5760 576 1152 1728 1008 1008 4536 5040 3024 5040 5040 504 1008 1512 288 1296 1440 864 1440 1440 144 288 432 1296 1440 864 1440 1440 144 288 432 6480 3888 6480 6480 648 1296 1944 4320 7200 7200 720 1440 2160 4320 4320 432 864 1296 7200 720 1440 2160 720 1440 2160 144 216 432 
4536 1512 1512 4536 504 4032 3528 1008 1008 4536 5040 3024 5040 5040 504 1008 1512 1701 1701 5103 567 4536 3071 1134 1134 5103 5670 3402 5670 5670 567 1134 1701 567 1701 189 1512 1323 378 378 1701 1890 1134 1890 1890 189 378 567 1701 189 1512 1323 378 378 1701 1890 1134 1890 1890 189 378 567 567 4536 3969 1134 1134 5103 5670 3402 5670 5670 567 1134 1701 504 441 126 126 567 630 378 630 630 63 126 189 3528 1008 1008 4536 5040 3024 5040 5040 504 1008 1512 882 882 3969 4410 2646 4410 4410 441 882 1323 252 1134 1260 756 1260 1260 126 252 378 1134 1260 756 1260 1260 126 252 378 5670 3402 5670 5670 567 1134 1701 3780 6300 6300 630 1260 1890 3780 3780 378 756 1134 6300 630 1260 1890 630 1260 1890 126 189 378 
1296 432 432 1296 144 1152 1008 288 288 1296 1440 864 1440 1440 144 288 432 486 486 1458 162 1296 1134 5165 324 1458 1620 972 1620 1620 162 324 486 162 486 54 432 378 108 108 486 540 324 540 540 54 108 162 486 54 432 378 108 108 486 540 324 540 540 54 108 162 162 1296 1134 324 324 1458 1620 972 1620 1620 162 324 486 144 126 36 36 162 180 108 180 180 18 36 54 1008 288 288 1296 1440 864 1440 1440 144 288 432 252 252 1134 1260 756 1260 1260 126 252 378 72 324 360 216 360 360 36 72 108 324 360 216 360 360 36 72 108 1620 972 1620 1620 162 324 486 1080 1800 1800 180 360 540 1080 1080 108 216 324 1800 180 360 540 180 360 540 36 54 108 
1296 432 432 1296 144 1152 1008 288 288 1296 1440 864 1440 1440 144 288 432 486 486 1458 162 1296 1134 324 4641 1458 1620 972 1620 1620 162 324 486 162 486 54 432 378 108 108 486 540 324 540 540 54 108 162 486 54 432 378 108 108 486 540 324 540 540 54 108 162 162 1296 1134 324 324 1458 1620 972 1620 1620 162 324 486 144 126 36 36 162 180 108 180 180 18 36 54 1008 288 288 1296 1440 864 1440 1440 144 288 432 252 252 1134 1260 756 1260 1260 126 252 378 72 324 360 216 360 360 36 72 108 324 360 216 360 360 36 72 108 1620 972 1620 1620 162 324 486 1080 1800 1800 180 360 540 1080 1080 108 216 324 1800 180 360 540 180 360 540 36 54 108 
5832 1944 1944 5832 648 5184 4536 1296 1296 5832 6480 3888 6480 6480 648 1296 1944 2187 2187 6561 729 5832 5103 1458 1458 8765 7290 4374 7290 7290 729 1458 2187 729 2187 243 1944 1701 486 486 2187 2430 1458 2430 2430 243 486 729 2187 243 1944 1701 486 486 2187 2430 1458 2430 2430 243 486 729 729 5832 5103 1458 1458 6561 7290 4374 7290 7290 729 1458 2187 648 567 162 162 729 810 486 810 810 81 162 243 4536 1296 1296 5832 6480 3888 6480 6480 648 1296 1944 1134 1134 5103 5670 3402 5670 5670 567 1134 1701 324 1458 1620 972 1620 1620 162 324 486 1458 1620 972 1620 1620 162 324 486 7290 4374 7290 7290 729 1458 2187 4860 8100 8100 810 1620 2430 4860 4860 486 972 1458 8100 810 1620 2430 810 1620 2430 162 243 486 
6480 2160 2160 6480 720 5760 5040 1440 1440 6480 7200 4320 7200 7200 720 1440 2160 2430 2430 7290 810 6480 5670 1620 1620 7290 1629 4860 8100 8100 810 1620 2430 810 2430 270 2160 1890 540 540 2430 2700 1620 2700 2700 270 540 810 2430 270 2160 1890 540 540 2430 2700 1620 2700 2700 270 540 810 810 6480 5670 1620 1620 7290 8100 4860 8100 8100 810 1620 2430 720 630 180 180 810 900 540 900 900 90 180 270 5040 1440 1440 6480 7200 4320 7200 7200 720 1440 2160 1260 1260 5670 6300 3780 6300 6300 630 1260 1890 360 1620 1800 1080 1800 1800 180 360 540 1620 1800 1080 1800 1800 180 360 540 8100 4860 8100 8100 810 1620 2430 5400 9000 9000 900 1800 2700 5400 5400 540 1080 1620 9000 900 1800 2700 900 1800 2700 180 270 540 
3888 1296 1296 3888 432 3456 3024 864 864 3888 4320 2592 4320 4320 432 864 1296 1458 1458 4374 486 3888 3402 972 972 4374 4860 9043 4860 4860 486 972 1458 486 1458 162 1296 1134 324 324 1458 1620 972 1620 1620 162 324 486 1458 162 1296 1134 324 324 1458 1620 972 1620 1620 162 324 486 486 3888 3402 972 972 4374 4860 2916 4860 4860 486 972 1458 432 378 108 108 486 540 324 540 540 54 108 162 3024 864 864 3888 4320 2592 4320 4320 432 864 1296 756 756 3402 3780 2268 3780 3780 378 756 1134 216 972 1080 648 1080 1080 108 216 324 972 1080 648 1080 1080 108 216 324 4860 2916 4860 4860 486 972 1458 3240 5400 5400 540 1080 1620 3240 3240 324 648 972 5400 540 1080 1620 540 1080 1620 108 162 324 
6480 2160 2160 6480 720 5760 5040 1440 1440 6480 7200 4320 7200 7200 720 1440 2160 2430 2430 7290 810 6480 5670 1620 1620 7290 8100 4860 5121 8100 810 1620 2430 810 2430 270 2160 1890 540 540 2430 2700 1620 2700 2700 270 540 810 2430 270 2160 1890 540 540 2430 2700 1620 2700 2700 270 540 810 810 6480 5670 1620 1620 7290 8100 4860 8100 8100 810 1620 2430 720 630 180 180 810 900 540 900 900 90 180 270 5040 1440 1440 6480 7200 4320 7200 7200 720 1440 2160 1260 1260 5670 6300 3780 6300 6300 630 1260 1890 360 1620 1800 1080 1800 1800 180 360 540 1620 1800 1080 1800 1800 180 360 540 8100 4860 8100 8100 810 1620 2430 5400 9000 9000 900 1800 2700 5400 5400 540 1080 1620 9000 900 1800 2700 900 1800 2700 180 270 540 
6480 2160 2160 6480 720 5760 5040 1440 1440 6480 7200 4320 7200 7200 720 1440 2160 2430 2430 7290 810 6480 5670 1620 1620 7290 8100 4860 8100 4211 810 1620 2430 810 2430 270 2160 1890 540 540 2430 2700 1620 2700 2700 270 540 810 2430 270 2160 1890 540 540 2430 2700 1620 2700 2700 270 540 810 810 6480 5670 1620 1620 7290 8100 4860 8100 8100 810 1620 2430 720 630 180 180 810 900 540 900 900 90 180 270 5040 1440 1440 6480 7200 4320 7200 7200 720 1440 2160 1260 1260 5670 6300 3780 6300 6300 630 1260 1890 360 1620 1800 1080 1800 1800 180 360 540 1620 1800 1080 1800 1800 180 360 540 8100 4860 8100 8100 810 1620 2430 5400 9000 9000 900 1800 2700 5400 5400 540 1080 1620 9000 900 1800 2700 900 1800 2700 180 270 540 
648 216 216 648 72 576 504 144 144 648 720 432 720 720 72 144 216 243 243 729 81 648 567 162 162 729 810 486 810 810 8331 162 243 81 243 27 216 189 54 54 243 270 162 270 270 27 54 81 243 27 216 189 54 54 243 270 162 270 270 27 54 81 81 648 567 162 162 729 810 486 810 810 81 162 243 72 63 18 18 81 90 54 90 90 9 18 27 504 144 144 648 720 432 720 720 72 144 216 126 126 567 630 378 630 630 63 126 189 36 162 180 108 180 180 18 36 54 162 180 108 180 180 18 36 54 810 486 810 810 81 162 243 540 900 900 90 180 270 540 540 54 108 162 900 90 180 270 90 180 270 18 27 54 
1296 432 432 1296 144 1152 1008 288 288 1296 1440 864 1440 1440 144 288 432 486 486 1458 162 1296 1134 324 324 1458 1620 972 1620 1620 162 7655 486 162 486 54 432 378 108 108 486 540 324 540 540 54 108 162 486 54 432 378 108 108 486 540 324 540 540 54 108 162 162 1296 1134 324 324 1458 1620 972 1620 1620 162 324 486 144 126 36 36 162 180 108 180 180 18 36 54 1008 288 288 1296 1440 864 1440 1440 144 288 432 252 252 1134 1260 756 1260 1260 126 252 378 72 324 360 216 360 360 36 72 108 324 360 216 360 360 36 72 108 1620 972 1620 1620 162 324 486 1080 1800 1800 180 360 540 1080 1080 108 216 324 1800 180 360 540 180 360 540 36 54 108 
1944 648 648 1944 216 1728 1512 432 432 1944 2160 1296 2160 2160 216 432 648 729 729 2187 243 1944 1701 486 486 2187 2430 1458 2430 2430 243 486 8534 243 729 81 648 567 162 162 729 810 486 810 810 81 162 243 729 81 648 567 162 162 729 810 486 810 810 81 162 243 243 1944 1701 486 486 2187 2430 1458 2430 2430 243 486 729 216 189 54 54 243 270 162 270 270 27 54 81 1512 432 432 1944 2160 1296 2160 2160 216 432 648 378 378 1701 1890 1134 1890 1890 189 378 567 108 486 540 324 540 540 54 108 162 486 540 324 540 540 54 108 162 2430 1458 2430 2430 243 486 729 1620 2700 2700 270 540 810 1620 1620 162 324 486 2700 270 540 810 270 540 810 54 81 162 
648 216 216 648 72 576 504 144 144 648 720 432 720 720 72 144 216 243 243 729 81 648 567 162 162 729 810 486 810 810 81 162 243 6611 243 27 216 189 54 54 243 270 162 270 270 27 54 81 243 27 216 189 54 54 243 270 162 270 270 27 54 81 81 648 567 162 162 729 810 486 810 810 81 162 243 72 63 18 18 81 90 54 90 90 9 18 27 504 144 144 648 720 432 720 720 72 144 216 126 126 567 630 378 630 630 63 126 189 36 162 180 108 180 180 18 36 54 162 180 108 180 180 18 36 54 810 486 810 810 81 162 243 540 900 900 90 180 270 540 540 54 108 162 900 90 180 270 90 180 270 18 27 54 
1944 648 648 1944 216 1728 1512 432 432 1944 2160 1296 2160 2160 216 432 648 729 729 2187 243 1944 1701 486 486 2187 2430 1458 2430 2430 243 486 729 243 6351 81 648 567 162 162 729 810 486 810 810 81 162 243 729 81 648 567 162 162 729 810 486 810 810 81 162 243 243 1944 1701 486 486 2187 2430 1458 2430 2430 243 486 729 216 189 54 54 243 270 162 270 270 27 54 81 1512 432 432 1944 2160 1296 2160 2160 216 432 648 378 378 1701 1890 1134 1890 1890 189 378 567 108 486 540 324 540 540 54 108 162 486 540 324 540 540 54 108 162 2430 1458 2430 2430 243 486 729 1620 2700 2700 270 540 810 1620 1620 162 324 486 2700 270 540 810 270 540 810 54 81 162 
216 72 72 216 24 192 168 48 48 216 240 144 240 240 24 48 72 81 81 243 27 216 189 54 54 243 270 162 270 270 27 54 81 27 81 3884 72 63 18 18 81 90 54 90 90 9 18 27 81 9 72 63 18 18 81 90 54 90 90 9 18 27 27 216 189 54 54 243 270 162 270 270 27 54 81 24 21 6 6 27 30 18 30 30 3 6 9 168 48 48 216 240 144 240 240 24 48 72 42 42 189 210 126 210 210 21 42 63 12 54 60 36 60 60 6 12 18 54 60 36 60 60 6 12 18 270 162 270 270 27 54 81 180 300 300 30 60 90 180 180 18 36 54 300 30 60 90 30 60 90 6 9 18 
1728 576 576 1728 192 1536 1344 384 384 1728 1920 1152 1920 1920 192 384 576 648 648 1944 216 1728 1512 432 432 1944 2160 1296 2160 2160 216 432 648 216 648 72 8806 504 144 144 648 720 432 720 720 72 144 216 648 72 576 504 144 144 648 720 432 720 720 72 144 216 216 1728 1512 432 432 1944 2160 1296 2160 2160 216 432 648 192 168 48 48 216 240 144 240 240 24 48 72 1344 384 384 1728 1920 1152 1920 1920 192 384 576 336 336 1512 1680 1008 1680 1680 168 336 504 96 432 480 288 480 480 48 96 144 432 480 288 480 480 48 96 144 2160 1296 2160 2160 216 432 648 1440 2400 2400 240 480 720 1440 1440 144 288 432 2400 240 480 720 240 480 720 48 72 144 
1512 504 504 1512 168 1344 1176 336 336 1512 1680 1008 1680 1680 168 336 504 567 567 1701 189 1512 1323 378 378 1701 1890 1134 1890 1890 189 378 567 189 567 63 504 3017 126 126 567 630 378 630 630 63 126 189 567 63 504 441 126 126 567 630 378 630 630 63 126 189 189 1512 1323 378 378 1701 1890 1134 1890 1890 189 378 567 168 147 42 42 189 210 126 210 210 21 42 63 1176 336 336 1512 1680 1008 1680 1680 168 336 504 294 294 1323 1470 882 1470 1470 147 294 441 84 378 420 252 420 420 42 84 126 378 420 252 420 420 42 84 126 1890 1134 1890 1890 189 378 567 1260 2100 2100 210 420 630 1260 1260 126 252 378 2100 210 420 630 210 420 630 42 63 126 
432 144 144 432 48 384 336 96 96 432 480 288 480 480 48 96 144 162 162 486 54 432 378 108 108 486 540 324 540 540 54 108 162 54 162 18 144 126 5672 36 162 180 108 180 180 18 36 54 162 18 144 126 36 36 162 180 108 180 180 18 36 54 54 432 378 108 108 486 540 324 540 540 54 108 162 48 42 12 12 54 60 36 60 60 6 12 18 336 96 96 432 480 288 480 480 48 96 144 84 84 378 420 252 420 420 42 84 126 24 108 120 72 120 120 12 24 36 108 120 72 120 120 12 24 36 540 324 540 540 54 108 162 360 600 600 60 120 180 360 360 36 72 108 600 60 120 180 60 120 180 12 18 36 
432 144 144 432 48 384 336 96 96 432 480 288 480 480 48 96 144 162 162 486 54 432 378 108 108 486 540 324 540 540 54 108 162 54 162 18 144 126 36 5845 162 180 108 180 180 18 36 54 162 18 144 126 36 36 162 180 108 180 180 18 36 54 54 432 378 108 108 486 540 324 540 540 54 108 162 48 42 12 12 54 60 36 60 60 6 12 18 336 96 96 432 480 288 480 480 48 96 144 84 84 378 420 252 420 420 42 84 126 24 108 120 72 120 120 12 24 36 108 120 72 120 120 12 24 36 540 324 540 540 54 108 162 360 600 600 60 120 180 360 360 36 72 108 600 60 120 180 60 120 180 12 18 36 
1944 648 648 1944 216 1728 1512 432 432 1944 2160 1296 2160 2160 216 432 648 729 729 2187 243 1944 1701 486 486 2187 2430 1458 2430 2430 243 486 729 243 729 81 648 567 162 162 9142 810 486 810 810 81 162 243 729 81 648 567 162 162 729 810 486 810 810 81 162 243 243 1944 1701 486 486 2187 2430 1458 2430 2430 243 486 729 216 189 54 54 243 270 162 270 270 27 54 81 1512 432 432 1944 2160 1296 2160 2160 216 432 648 378 378 1701 1890 1134 1890 1890 189 378 567 108 486 540 324 540 540 54 108 162 486 540 324 540 540 54 108 162 2430 1458 2430 2430 243 486 729 1620 2700 2700 270 540 810 1620 1620 162 324 486 2700 270 540 810 270 540 810 54 81 162 
2160 720 720 2160 240 1920 1680 480 480 2160 2400 1440 2400 2400 240 480 720 810 810 2430 270 2160 1890 540 540 2430 2700 1620 2700 2700 270 540 810 270 810 90 720 630 180 180 810 9515 540 900 900 90 180 270 810 90 720 630 180 180 810 900 540 900 900 90 180 270 270 2160 1890 540 540 2430 2700 1620 2700 2700 270 540 810 240 210 60 60 270 300 180 300 300 30 60 90 1680 480 480 2160 2400 1440 2400 2400 240 480 720 420 420 1890 2100 1260 2100 2100 210 420 630 120 540 600 360 600 600 60 120 180 540 600 360 600 600 60 120 180 2700 1620 2700 2700 270 540 810 1800 3000 3000 300 600 900 1800 1800 180 360 540 3000 300 600 900 300 600 900 60 90 180 
1296 432 432 1296 144 1152 1008 288 288 1296 1440 864 1440 1440 144 288 432 486 486 1458 162 1296 1134 324 324 1458 1620 972 1620 1620 162 324 486 162 486 54 432 378 108 108 486 540 2241 540 540 54 108 162 486 54 432 378 108 108 486 540 324 540 540 54 108 162 162 1296 1134 324 324 1458 1620 972 1620 1620 162 324 486 144 126 36 36 162 180 108 180 180 18 36 54 1008 288 288 1296 1440 864 1440 1440 144 288 432 252 252 1134 1260 756 1260 1260 126 252 378 72 324 360 216 360 360 36 72 108 324 360 216 360 360 36 72 108 1620 972 1620 1620 162 324 486 1080 1800 1800 180 360 540 1080 1080 108 216 324 1800 180 360 540 180 360 540 36 54 108 
2160 720 720 2160 240 1920 1680 480 480 2160 2400 1440 2400 2400 240 480 720 810 810 2430 270 2160 1890 540 540 2430 2700 1620 2700 2700 270 540 810 270 810 90 720 630 180 180 810 900 540 2844 900 90 180 270 810 90 720 630 180 180 810 900 540 900 900 90 180 270 270 2160 1890 540 540 2430 2700 1620 2700 2700 270 540 810 240 210 60 60 270 300 180 300 300 30 60 90 1680 480 480 2160 2400 1440 2400 2400 240 480 720 420 420 1890 2100 1260 2100 2100 210 420 630 120 540 600 360 600 600 60 120 180 540 600 360 600 600 60 120 180 2700 1620 2700 2700 270 540 810 1800 3000 3000 300 600 900 1800 1800 180 360 540 3000 300 600 900 300 600 900 60 90 180 
2160 720 720 2160 240 1920 1680 480 480 2160 2400 1440 2400 2400 240 480 720 810 810 2430 270 2160 1890 540 540 2430 2700 1620 2700 2700 270 540 810 270 810 90 720 630 180 180 810 900 540 900 7976 90 180 270 810 90 720 630 180 180 810 900 540 900 900 90 180 270 270 2160 1890 540 540 2430 2700 1620 2700 2700 270 540 810 240 210 60 60 270 300 180 300 300 30 60 90 1680 480 480 2160 2400 1440 2400 2400 240 480 720 420 420 1890 2100 1260 2100 2100 210 420 630 120 540 600 360 600 600 60 120 180 540 600 360 600 600 60 120 180 2700 1620 2700 2700 270 540 810 1800 3000 3000 300 600 900 1800 1800 180 360 540 3000 300 600 900 300 600 900 60 90 180 
216 72 72 216 24 192 168 48 48 216 240 144 240 240 24 48 72 81 81 243 27 216 189 54 54 243 270 162 270 270 27 54 81 27 81 9 72 63 18 18 81 90 54 90 90 6159 18 27 81 9 72 63 18 18 81 90 54 90 90 9 18 27 27 216 189 54 54 243 270 162 270 270 27 54 81 24 21 6 6 27 30 18 30 30 3 6 9 168 48 48 216 240 144 240 240 24 48 72 42 42 189 210 126 210 210 21 42 63 12 54 60 36 60 60 6 12 18 54 60 36 60 60 6 12 18 270 162 270 270 27 54 81 180 300 300 30 60 90 180 180 18 36 54 300 30 60 90 30 60 90 6 9 18 
432 144 144 432 48 384 336 96 96 432 480 288 480 480 48 96 144 162 162 486 54 432 378 108 108 486 540 324 540 540 54 108 162 54 162 18 144 126 36 36 162 180 108 180 180 18 3434 54 162 18 144 126 36 36 162 180 108 180 180 18 36 54 54 432 378 108 108 486 540 324 540 540 54 108 162 48 42 12 12 54 60 36 60 60 6 12 18 336 96 96 432 480 288 480 480 48 96 144 84 84 378 420 252 420 420 42 84 126 24 108 120 72 120 120 12 24 36 108 120 72 120 120 12 24 36 540 324 540 540 54 108 162 360 600 600 60 120 180 360 360 36 72 108 600 60 120 180 60 120 180 12 18 36 
648 216 216 648 72 576 504 144 144 648 720 432 720 720 72 144 216 243 243 729 81 648 567 162 162 729 810 486 810 810 81 162 243 81 243 27 216 189 54 54 243 270 162 270 270 27 54 4212 243 27 216 189 54 54 243 270 162 270 270 27 54 81 81 648 567 162 162 729 810 486 810 810 81 162 243 72 63 18 18 81 90 54 90 90 9 18 27 504 144 144 648 720 432 720 720 72 144 216 126 126 567 630 378 630 630 63 126 189 36 162 180 108 180 180 18 36 54 162 180 108 180 180 18 36 54 810 486 810 810 81 162 243 540 900 900 90 180 270 540 540 54 108 162 900 90 180 270 90 180 270 18 27 54 
1944 648 648 1944 216 1728 1512 432 432 1944 2160 1296 2160 2160 216 432 648 729 729 2187 243 1944 1701 486 486 2187 2430 1458 2430 2430 243 486 729 243 729 81 648 567 162 162 729 810 486 810 810 81 162 243 5140 81 648 567 162 162 729 810 486 810 810 81 162 243 243 1944 1701 486 486 2187 2430 1458 2430 2430 243 486 729 216 189 54 54 243 270 162 270 270 27 54 81 1512 432 432 1944 2160 1296 2160 2160 216 432 648 378 378 1701 1890 1134 1890 1890 189 378 567 108 486 540 324 540 540 54 108 162 486 540 324 540 540 54 108 162 2430 1458 2430 2430 243 486 729 1620 2700 2700 270 540 810 1620 1620 162 324 486 2700 270 540 810 270 540 810 54 81 162 
216 72 72 216 24 192 168 48 48 216 240 144 240 240 24 48 72 81 81 243 27 216 189 54 54 243 270 162 270 270 27 54 81 27 81 9 72 63 18 18 81 90 54 90 90 9 18 27 81 4493 72 63 18 18 81 90 54 90 90 9 18 27 27 216 189 54 54 243 270 162 270 270 27 54 81 24 21 6 6 27 30 18 30 30 3 6 9 168 48 48 216 240 144 240 240 24 48 72 42 42 189 210 126 210 210 21 42 63 12 54 60 36 60 60 6 12 18 54 60 36 60 60 6 12 18 270 162 270 270 27 54 81 180 300 300 30 60 90 180 180 18 36 54 300 30 60 90 30 60 90 6 9 18 
1728 576 576 1728 192 1536 1344 384 384 1728 1920 1152 1920 1920 192 384 576 648 648 1944 216 1728 1512 432 432 1944 2160 1296 2160 2160 216 432 648 216 648 72 576 504 144 144 648 720 432 720 720 72 144 216 648 72 9577 504 144 144 648 720 432 720 720 72 144 216 216 1728 1512 432 432 1944 2160 1296 2160 2160 216 432 648 192 168 48 48 216 240 144 240 240 24 48 72 1344 384 384 1728 1920 1152 1920 1920 192 384 576 336 336 1512 1680 1008 1680 1680 168 336 504 96 432 480 288 480 480 48 96 144 432 480 288 480 480 48 96 144 2160 1296 2160 2160 216 432 648 1440 2400 2400 240 480 720 1440 1440 144 288 432 2400 240 480 720 240 480 720 48 72 144 
1512 504 504 1512 168 1344 1176 336 336 1512 1680 1008 1680 1680 168 336 504 567 567 1701 189 1512 1323 378 378 1701 1890 1134 1890 1890 189 378 567 189 567 63 504 441 126 126 567 630 378 630 630 63 126 189 567 63 504 4941 126 126 567 630 378 630 630 63 126 189 189 1512 1323 378 378 1701 1890 1134 1890 1890 189 378 567 168 147 42 42 189 210 126 210 210 21 42 63 1176 336 336 1512 1680 1008 1680 1680 168 336 504 294 294 1323 1470 882 1470 1470 147 294 441 84 378 420 252 420 420 42 84 126 378 420 252 420 420 42 84 126 1890 1134 1890 1890 189 378 567 1260 2100 2100 210 420 630 1260 1260 126 252 378 2100 210 420 630 210 420 630 42 63 126 
432 144 144 432 48 384 336 96 96 432 480 288 480 480 48 96 144 162 162 486 54 432 378 108 108 486 540 324 540 540 54 108 162 54 162 18 144 126 36 36 162 180 108 180 180 18 36 54 162 18 144 126 8778 36 162 180 108 180 180 18 36 54 54 432 378 108 108 486 540 324 540 540 54 108 162 48 42 12 12 54 60 36 60 60 6 12 18 336 96 96 432 480 288 480 480 48 96 144 84 84 378 420 252 420 420 42 84 126 24 108 120 72 120 120 12 24 36 108 120 72 120 120 12 24 36 540 324 540 540 54 108 162 360 600 600 60 120 180 360 360 36 72 108 600 60 120 180 60 120 180 12 18 36 
432 144 144 432 48 384 336 96 96 432 480 288 480 480 48 96 144 162 162 486 54 432 378 108 108 486 540 324 540 540 54 108 162 54 162 18 144 126 36 36 162 180 108 180 180 18 36 54 162 18 144 126 36 5590 162 180 108 180 180 18 36 54 54 432 378 108 108 486 540 324 540 540 54 108 162 48 42 12 12 54 60 36 60 60 6 12 18 336 96 96 432 480 288 480 480 48 96 144 84 84 378 420 252 420 420 42 84 126 24 108 120 72 120 120 12 24 36 108 120 72 120 120 12 24 36 540 324 540 540 54 108 162 360 600 600 60 120 180 360 360 36 72 108 600 60 120 180 60 120 180 12 18 36 
1944 648 648 1944 216 1728 1512 432 432 1944 2160 1296 2160 2160 216 432 648 729 729 2187 243 1944 1701 486 486 2187 2430 1458 2430 2430 243 486 729 243 729 81 648 567 162 162 729 810 486 810 810 81 162 243 729 81 648 567 162 162 8396 810 486 810 810 81 162 243 243 1944 1701 486 486 2187 2430 1458 2430 2430 243 486 729 216 189 54 54 243 270 162 270 270 27 54 81 1512 432 432 1944 2160 1296 2160 2160 216 432 648 378 378 1701 1890 1134 1890 1890 189 378 567 108 486 540 324 540 540 54 108 162 486 540 324 540 540 54 108 162 2430 1458 2430 2430 243 486 729 1620 2700 2700 270 540 810 1620 1620 162 324 486 2700 270 540 810 270 540 810 54 81 162 
2160 720 720 2160 240 1920 1680 480 480 2160 2400 1440 2400 2400 240 480 720 810 810 2430 270 2160 1890 540 540 2430 2700 1620 2700 2700 270 540 810 270 810 90 720 630 180 180 810 900 540 900 900 90 180 270 810 90 720 630 180 180 810 4329 540 900 900 90 180 270 270 2160 1890 540 540 2430 2700 1620 2700 2700 270 540 810 240 210 60 60 270 300 180 300 300 30 60 90 1680 480 480 2160 2400 1440 2400 2400 240 480 720 420 420 1890 2100 1260 2100 2100 210 420 630 120 540 600 360 600 600 60 120 180 540 600 360 600 600 60 120 180 2700 1620 2700 2700 270 540 810 1800 3000 3000 300 600 900 1800 1800 180 360 540 3000 300 600 900 300 600 900 60 90 180 
1296 432 432 1296 144 1152 1008 288 288 1296 1440 864 1440 1440 144 288 432 486 486 1458 162 1296 1134 324 324 1458 1620 972 1620 1620 162 324 486 162 486 54 432 378 108 108 486 540 324 540 540 54 108 162 486 54 432 378 108 108 486 540 3334 540 540 54 108 162 162 1296 1134 324 324 1458 1620 972 1620 1620 162 324 486 144 126 36 36 162 180 108 180 180 18 36 54 1008 288 288 1296 1440 864 1440 1440 144 288 432 252 252 1134 1260 756 1260 1260 126 252 378 72 324 360 216 360 360 36 72 108 324 360 216 360 360 36 72 108 1620 972 1620 1620 162 324 486 1080 1800 1800 180 360 540 1080 1080 108 216 324 1800 180 360 540 180 360 540 36 54 108 
2160 720 720 2160 240 1920 1680 480 480 2160 2400 1440 2400 2400 240 480 720 810 810 2430 270 2160 1890 540 540 2430 2700 1620 2700 2700 270 540 810 270 810 90 720 630 180 180 810 900 540 900 900 90 180 270 810 90 720 630 180 180 810 900 540 1653 900 90 180 270 270 2160 1890 540 540 2430 2700 1620 2700 2700 270 540 810 240 210 60 60 270 300 180 300 300 30 60 90 1680 480 480 2160 2400 1440 2400 2400 240 480 720 420 420 1890 2100 1260 2100 2100 210 420 630 120 540 600 360 600 600 60 120 180 540 600 360 600 600 60 120 180 2700 1620 2700 2700 270 540 810 1800 3000 3000 300 600 900 1800 1800 180 360 540 3000 300 600 900 300 600 900 60 90 180 
2160 720 720 2160 240 1920 1680 480 480 2160 2400 1440 2400 2400 240 480 720 810 810 2430 270 2160 1890 540 540 2430 2700 1620 2700 2700 270 540 810 270 810 90 720 630 180 180 810 900 540 900 900 90 180 270 810 90 720 630 180 180 810 900 540 900 9842 90 180 270 270 2160 1890 540 540 2430 2700 1620 2700 2700 270 540 810 240 210 60 60 270 300 180 300 300 30 60 90 1680 480 480 2160 2400 1440 2400 2400 240 480 720 420 420 1890 2100 1260 2100 2100 210 420 630 120 540 600 360 600 600 60 120 180 540 600 360 600 600 60 120 180 2700 1620 2700 2700 270 540 810 1800 3000 3000 300 600 900 1800 1800 180 360 540 3000 300 600 900 300 600 900 60 90 180 
216 72 72 216 24 192 168 48 48 216 240 144 240 240 24 48 72 81 81 243 27 216 189 54 54 243 270 162 270 270 27 54 81 27 81 9 72 63 18 18 81 90 54 90 90 9 18 27 81 9 72 63 18 18 81 90 54 90 90 301 18 27 27 216 189 54 54 243 270 162 270 270 27 54 81 24 21 6 6 27 30 18 30 30 3 6 9 168 48 48 216 240 144 240 240 24 48 72 42 42 189 210 126 210 210 21 42 63 12 54 60 36 60 60 6 12 18 54 60 36 60 60 6 12 18 270 162 270 270 27 54 81 180 300 300 30 60 90 180 180 18 36 54 300 30 60 90 30 60 90 6 9 18 
432 144 144 432 48 384 336 96 96 432 480 288 480 480 48 96 144 162 162 486 54 432 378 108 108 486 540 324 540 540 54 108 162 54 162 18 144 126 36 36 162 180 108 180 180 18 36 54 162 18 144 126 36 36 162 180 108 180 180 18 5141 54 54 432 378 108 108 486 540 324 540 540 54 108 162 48 42 12 12 54 60 36 60 60 6 12 18 336 96 96 432 480 288 480 480 48 96 144 84 84 378 420 252 420 420 42 84 126 24 108 120 72 120 120 12 24 36 108 120 72 120 120 12 24 36 540 324 540 540 54 108 162 360 600 600 60 120 180 360 360 36 72 108 600 60 120 180 60 120 180 12 18 36 
648 216 216 648 72 576 504 144 144 648 720 432 720 720 72 144 216 243 243 729 81 648 567 162 162 729 810 486 810 810 81 162 243 81 243 27 216 189 54 54 243 270 162 270 270 27 54 81 243 27 216 189 54 54 243 270 162 270 270 27 54 1253 81 648 567 162 162 729 810 486 810 810 81 162 243 72 63 18 18 81 90 54 90 90 9 18 27 504 144 144 648 720 432 720 720 72 144 216 126 126 567 630 378 630 630 63 126 189 36 162 180 108 180 180 18 36 54 162 180 108 180 180 18 36 54 810 486 810 810 81 162 243 540 900 900 90 180 270 540 540 54 108 162 900 90 180 270 90 180 270 18 27 54 
648 216 216 648 72 576 504 144 144 648 720 432 720 720 72 144 216 243 243 729 81 648 567 162 162 729 810 486 810 810 81 162 243 81 243 27 216 189 54 54 243 270 162 270 270 27 54 81 243 27 216 189 54 54 243 270 162 270 270 27 54 81 6171 648 567 162 162 729 810 486 810 810 81 162 243 72 63 18 18 81 90 54 90 90 9 18 27 504 144 144 648 720 432 720 720 72 144 216 126 126 567 630 378 630 630 63 126 189 36 162 180 108 180 180 18 36 54 162 180 108 180 180 18 36 54 810 486 810 810 81 162 243 540 900 900 90 180 270 540 540 54 108 162 900 90 180 270 90 180 270 18 27 54 
5184 1728 1728 5184 576 4608 4032 1152 1152 5184 5760 3456 5760 5760 576 1152 1728 1944 1944 5832 648 5184 4536 1296 1296 5832 6480 3888 6480 6480 648 1296 1944 648 1944 216 1728 1512 432 432 1944 2160 1296 2160 2160 216 432 648 1944 216 1728 1512 432 432 1944 2160 1296 2160 2160 216 432 648 648 3657 4536 1296 1296 5832 6480 3888 6480 6480 648 1296 1944 576 504 144 144 648 720 432 720 720 72 144 216 4032 1152 1152 5184 5760 3456 5760 5760 576 1152 1728 1008 1008 4536 5040 3024 5040 5040 504 1008 1512 288 1296 1440 864 1440 1440 144 288 432 1296 1440 864 1440 1440 144 288 432 6480 3888 6480 6480 648 1296 1944 4320 7200 7200 720 1440 2160 4320 4320 432 864 1296 7200 720 1440 2160 720 1440 2160 144 216 432 
4536 1512 1512 4536 504 4032 3528 1008 1008 4536 5040 3024 5040 5040 504 1008 1512 1701 1701 5103 567 4536 3969 1134 1134 5103 5670 3402 5670 5670 567 1134 1701 567 1701 189 1512 1323 378 378 1701 1890 1134 1890 1890 189 378 567 1701 189 1512 1323 378 378 1701 1890 1134 1890 1890 189 378 567 567 4536 4408 1134 1134 5103 5670 3402 5670 5670 567 1134 1701 504 441 126 126 567 630 378 630 630 63 126 189 3528 1008 1008 4536 5040 3024 5040 5040 504 1008 1512 882 882 3969 4410 2646 4410 4410 441 882 1323 252 1134 1260 756 1260 1260 126 252 378 1134 1260 756 1260 1260 126 252 378 5670 3402 5670 5670 567 1134 1701 3780 6300 6300 630 1260 1890 3780 3780 378 756 1134 6300 630 1260 1890 630 1260 1890 126 189 378 
1296 432 432 1296 144 1152 1008 288 288 1296 1440 864 1440 1440 144 288 432 486 486 1458 162 1296 1134 324 324 1458 1620 972 1620 1620 162 324 486 162 486 54 432 378 108 108 486 540 324 540 540 54 108 162 486 54 432 378 108 108 486 540 324 540 540 54 108 162 162 1296 1134 179 324 1458 1620 972 1620 1620 162 324 486 144 126 36 36 162 180 108 180 180 18 36 54 1008 288 288 1296 1440 864 1440 1440 144 288 432 252 252 1134 1260 756 1260 1260 126 252 378 72 324 360 216 360 360 36 72 108 324 360 216 360 360 36 72 108 1620 972 1620 1620 162 324 486 1080 1800 1800 180 360 540 1080 1080 108 216 324 1800 180 360 540 180 360 540 36 54 108 
1296 432 432 1296 144 1152 1008 288 288 1296 1440 864 1440 1440 144 288 432 486 486 1458 162 1296 1134 324 324 1458 1620 972 1620 1620 162 324 486 162 486 54 432 378 108 108 486 540 324 540 540 54 108 162 486 54 432 378 108 108 486 540 324 540 540 54 108 162 162 1296 1134 324 8398 1458 1620 972 1620 1620 162 324 486 144 126 36 36 162 180 108 180 180 18 36 54 1008 288 288 1296 1440 864 1440 1440 144 288 432 252 252 1134 1260 756 1260 1260 126 252 378 72 324 360 216 360 360 36 72 108 324 360 216 360 360 36 72 108 1620 972 1620 1620 162 324 486 1080 1800 1800 180 360 540 1080 1080 108 216 324 1800 180 360 540 180 360 540 36 54 108 
5832 1944 1944 5832 648 5184 4536 1296 1296 5832 6480 3888 6480 6480 648 1296 1944 2187 2187 6561 729 5832 5103 1458 1458 6561 7290 4374 7290 7290 729 1458 2187 729 2187 243 1944 1701 486 486 2187 2430 1458 2430 2430 243 486 729 2187 243 1944 1701 486 486 2187 2430 1458 2430 2430 243 486 729 729 5832 5103 1458 1458 5804 7290 4374 7290 7290 729 1458 2187 648 567 162 162 729 810 486 810 810 81 162 243 4536 1296 1296 5832 6480 3888 6480 6480 648 1296 1944 1134 1134 5103 5670 3402 5670 5670 567 1134 1701 324 1458 1620 972 1620 1620 162 324 486 1458 1620 972 1620 1620 162 324 486 7290 4374 7290 7290 729 1458 2187 4860 8100 8100 810 1620 2430 4860 4860 486 972 1458 8100 810 1620 2430 810 1620 2430 162 243 486 
6480 2160 2160 6480 720 5760 5040 1440 1440 6480 7200 4320 7200 7200 720 1440 2160 2430 2430 7290 810 6480 5670 1620 1620 7290 8100 4860 8100 8100 810 1620 2430 810 2430 270 2160 1890 540 540 2430 2700 1620 2700 2700 270 540 810 2430 270 2160 1890 540 540 2430 2700 1620 2700 2700 270 540 810 810 6480 5670 1620 1620 7290 9959 4860 8100 8100 810 1620 2430 720 630 180 180 810 900 540 900 900 90 180 270 5040 1440 1440 6480 7200 4320 7200 7200 720 1440 2160 1260 1260 5670 6300 3780 6300 6300 630 1260 1890 360 1620 1800 1080 1800 1800 180 360 540 1620 1800 1080 1800 1800 180 360 540 8100 4860 8100 8100 810 1620 2430 5400 9000 9000 900 1800 2700 5400 5400 540 1080 1620 9000 900 1800 2700 900 1800 2700 180 270 540 
3888 1296 1296 3888 432 3456 3024 864 864 3888 4320 2592 4320 4320 432 864 1296 1458 1458 4374 486 3888 3402 972 972 4374 4860 2916 4860 4860 486 972 1458 486 1458 162 1296 1134 324 324 1458 1620 972 1620 1620 162 324 486 1458 162 1296 1134 324 324 1458 1620 972 1620 1620 162 324 486 486 3888 3402 972 972 4374 4860 1365 4860 4860 486 972 1458 432 378 108 108 486 540 324 540 540 54 108 162 3024 864 864 3888 4320 2592 4320 4320 432 864 1296 756 756 3402 3780 2268 3780 3780 378 756 1134 216 972 1080 648 1080 1080 108 216 324 972 1080 648 1080 1080 108 216 324 4860 2916 4860 4860 486 972 1458 3240 5400 5400 540 1080 1620 3240 3240 324 648 972 5400 540 1080 1620 540 1080 1620 108 162 324 
6480 2160 2160 6480 720 5760 5040 1440 1440 6480 7200 4320 7200 7200 720 1440 2160 2430 2430 7290 810 6480 5670 1620 1620 7290 8100 4860 8100 8100 810 1620 2430 810 2430 270 2160 1890 540 540 2430 2700 1620 2700 2700 270 540 810 2430 270 2160 1890 540 540 2430 2700 1620 2700 2700 270 540 810 810 6480 5670 1620 1620 7290 8100 4860 7402 8100 810 1620 2430 720 630 180 180 810 900 540 900 900 90 180 270 5040 1440 1440 6480 7200 4320 7200 7200 720 1440 2160 1260 1260 5670 6300 3780 6300 6300 630 1260 1890 360 1620 1800 1080 1800 1800 180 360 540 1620 1800 1080 1800 1800 180 360 540 8100 4860 8100 8100 810 1620 2430 5400 9000 9000 900 1800 2700 5400 5400 540 1080 1620 9000 900 1800 2700 900 1800 2700 180 270 540 
6480 2160 2160 6480 720 5760 5040 1440 1440 6480 7200 4320 7200 7200 720 1440 2160 2430 2430 7290 810 6480 5670 1620 1620 7290 8100 4860 8100 8100 810 1620 2430 810 2430 270 2160 1890 540 540 2430 2700 1620 2700 2700 270 540 810 2430 270 2160 1890 540 540 2430 2700 1620 2700 2700 270 540 810 810 6480 5670 1620 1620 7290 8100 4860 8100 2065 810 1620 2430 720 630 180 180 810 900 540 900 900 90 180 270 5040 1440 1440 6480 7200 4320 7200 7200 720 1440 2160 1260 1260 5670 6300 3780 6300 6300 630 1260 1890 360 1620 1800 1080 1800 1800 180 360 540 1620 1800 1080 1800 1800 180 360 540 8100 4860 8100 8100 810 1620 2430 5400 9000 9000 900 1800 2700 5400 5400 540 1080 1620 9000 900 1800 2700 900 1800 2700 180 270 540 
648 216 216 648 72 576 504 144 144 648 720 432 720 720 72 144 216 243 243 729 81 648 567 162 162 729 810 486 810 810 81 162 243 81 243 27 216 189 54 54 243 270 162 270 270 27 54 81 243 27 216 189 54 54 243 270 162 270 270 27 54 81 81 648 567 162 162 729 810 486 810 810 9544 162 243 72 63 18 18 81 90 54 90 90 9 18 27 504 144 144 648 720 432 720 720 72 144 216 126 126 567 630 378 630 630 63 126 189 36 162 180 108 180 180 18 36 54 162 180 108 180 180 18 36 54 810 486 810 810 81 162 243 540 900 900 90 180 270 540 540 54 108 162 900 90 180 270 90 180 270 18 27 54 
1296 432 432 1296 144 1152 1008 288 288 1296 1440 864 1440 1440 144 288 432 486 486 1458 162 1296 1134 324 324 1458 1620 972 1620 1620 162 324 486 162 486 54 432 378 108 108 486 540 324 540 540 54 108 162 486 54 432 378 108 108 486 540 324 540 540 54 108 162 162 1296 1134 324 324 1458 1620 972 1620 1620 162 5243 486 144 126 36 36 162 180 108 180 180 18 36 54 1008 288 288 1296 1440 864 1440 1440 144 288 432 252 252 1134 1260 756 1260 1260 126 252 378 72 324 360 216 360 360 36 72 108 324 360 216 360 360 36 72 108 1620 972 1620 1620 162 324 486 1080 1800 1800 180 360 540 1080 1080 108 216 324 1800 180 360 540 180 360 540 36 54 108 
1944 648 648 1944 216 1728 1512 432 432 1944 2160 1296 2160 2160 216 432 648 729 729 2187 243 1944 1701 486 486 2187 2430 1458 2430 2430 243 486 729 243 729 81 648 567 162 162 729 810 486 810 810 81 162 243 729 81 648 567 162 162 729 810 486 810 810 81 162 243 243 1944 1701 486 486 2187 2430 1458 2430 2430 243 486 2494 216 189 54 54 243 270 162 270 270 27 54 81 1512 432 432 1944 2160 1296 2160 2160 216 432 648 378 378 1701 1890 1134 1890 1890 189 378 567 108 486 540 324 540 540 54 108 162 486 540 324 540 540 54 108 162 2430 1458 2430 2430 243 486 729 1620 2700 2700 270 540 810 1620 1620 162 324 486 2700 270 540 810 270 540 810 54 81 162 
576 192 192 576 64 512 448 128 128 576 640 384 640 640 64 128 192 216 216 648 72 576 504 144 144 648 720 432 720 720 72 144 216 72 216 24 192 168 48 48 216 240 144 240 240 24 48 72 216 24 192 168 48 48 216 240 144 240 240 24 48 72 72 576 504 144 144 648 720 432 720 720 72 144 216 4159 56 16 16 72 80 48 80 80 8 16 24 448 128 128 576 640 384 640 640 64 128 192 112 112 504 560 336 560 560 56 112 168 32 144 160 96 160 160 16 32 48 144 160 96 160 160 16 32 48 720 432 720 720 72 144 216 480 800 800 80 160 240 480 480 48 96 144 800 80 160 240 80 160 240 16 24 48 
504 168 168 504 56 448 392 112 112 504 560 336 560 560 56 112 168 189 189 567 63 504 441 126 126 567 630 378 630 630 63 126 189 63 189 21 168 147 42 42 189 210 126 210 210 21 42 63 189 21 168 147 42 42 189 210 126 210 210 21 42 63 63 504 441 126 126 567 630 378 630 630 63 126 189 56 7600 14 14 63 70 42 70 70 7 14 21 392 112 112 504 560 336 560 560 56 112 168 98 98 441 490 294 490 490 49 98 147 28 126 140 84 140 140 14 28 42 126 140 84 140 140 14 28 42 630 378 630 630 63 126 189 420 700 700 70 140 210 420 420 42 84 126 700 70 140 210 70 140 210 14 21 42 
144 48 48 144 16 128 112 32 32 144 160 96 160 160 16 32 48 54 54 162 18 144 126 36 36 162 180 108 180 180 18 36 54 18 54 6 48 42 12 12 54 60 36 60 60 6 12 18 54 6 48 42 12 12 54 60 36 60 60 6 12 18 18 144 126 36 36 162 180 108 180 180 18 36 54 16 14 4437 4 18 20 12 20 20 2 4 6 112 32 32 144 160 96 160 160 16 32 48 28 28 126 140 84 140 140 14 28 42 8 36 40 24 40 40 4 8 12 36 40 24 40 40 4 8 12 180 108 180 180 18 36 54 120 200 200 20 40 60 120 120 12 24 36 200 20 40 60 20 40 60 4 6 12 
144 48 48 144 16 128 112 32 32 144 160 96 160 160 16 32 48 54 54 162 18 144 126 36 36 162 180 108 180 180 18 36 54 18 54 6 48 42 12 12 54 60 36 60 60 6 12 18 54 6 48 42 12 12 54 60 36 60 60 6 12 18 18 144 126 36 36 162 180 108 180 180 18 36 54 16 14 4 188 18 20 12 20 20 2 4 6 112 32 32 144 160 96 160 160 16 32 48 28 28 126 140 84 140 140 14 28 42 8 36 40 24 40 40 4 8 12 36 40 24 40 40 4 8 12 180 108 180 180 18 36 54 120 200 200 20 40 60 120 120 12 24 36 200 20 40 60 20 40 60 4 6 12 
648 216 216 648 72 576 504 144 144 648 720 432 720 720 72 144 216 243 243 729 81 648 567 162 162 729 810 486 810 810 81 162 243 81 243 27 216 189 54 54 243 270 162 270 270 27 54 81 243 27 216 189 54 54 243 270 162 270 270 27 54 81 81 648 567 162 162 729 810 486 810 810 81 162 243 72 63 18 18 2208 90 54 90 90 9 18 27 504 144 144 648 720 432 720 720 72 144 216 126 126 567 630 378 630 630 63 126 189 36 162 180 108 180 180 18 36 54 162 180 108 180 180 18 36 54 810 486 810 810 81 162 243 540 900 900 90 180 270 540 540 54 108 162 900 90 180 270 90 180 270 18 27 54 
720 240 240 720 80 640 560 160 160 720 800 480 800 800 80 160 240 270 270 810 90 720 630 180 180 810 900 540 900 900 90 180 270 90 270 30 240 210 60 60 270 300 180 300 300 30 60 90 270 30 240 210 60 60 270 300 180 300 300 30 60 90 90 720 630 180 180 810 900 540 900 900 90 180 270 80 70 20 20 90 4360 60 100 100 10 20 30 560 160 160 720 800 480 800 800 80 160 240 140 140 630 700 420 700 700 70 140 210 40 180 200 120 200 200 20 40 60 180 200 120 200 200 20 40 60 900 540 900 900 90 180 270 600 1000 1000 100 200 300 600 600 60 120 180 1000 100 200 300 100 200 300 20 30 60 
432 144 144 432 48 384 336 96 96 432 480 288 480 480 48 96 144 162 162 486 54 432 378 108 108 486 540 324 540 540 54 108 162 54 162 18 144 126 36 36 162 180 108 180 180 18 36 54 162 18 144 126 36 36 162 180 108 180 180 18 36 54 54 432 378 108 108 486 540 324 540 540 54 108 162 48 42 12 12 54 60 3878 60 60 6 12 18 336 96 96 432 480 288 480 480 48 96 144 84 84 378 420 252 420 420 42 84 126 24 108 120 72 120 120 12 24 36 108 120 72 120 120 12 24 36 540 324 540 540 54 108 162 360 600 600 60 120 180 360 360 36 72 108 600 60 120 180 60 120 180 12 18 36 
720 240 240 720 80 640 560 160 160 720 800 480 800 800 80 160 240 270 270 810 90 720 630 180 180 810 900 540 900 900 90 180 270 90 270 30 240 210 60 60 270 300 180 300 300 30 60 90 270 30 240 210 60 60 270 300 180 300 300 30 60 90 90 720 630 180 180 810 900 540 900 900 90 180 270 80 70 20 20 90 100 60 3211 100 10 20 30 560 160 160 720 800 480 800 800 80 160 240 140 140 630 700 420 700 700 70 140 210 40 180 200 120 200 200 20 40 60 180 200 120 200 200 20 40 60 900 540 900 900 90 180 270 600 1000 1000 100 200 300 600 600 60 120 180 1000 100 200 300 100 200 300 20 30 60 
720 240 240 720 80 640 560 160 160 720 800 480 800 800 80 160 240 270 270 810 90 720 630 180 180 810 900 540 900 900 90 180 270 90 270 30 240 210 60 60 270 300 180 300 300 30 60 90 270 30 240 210 60 60 270 300 180 300 300 30 60 90 90 720 630 180 180 810 900 540 900 900 90 180 270 80 70 20 20 90 100 60 100 4975 10 20 30 560 160 160 720 800 480 800 800 80 160 240 140 140 630 700 420 700 700 70 140 210 40 180 200 120 200 200 20 40 60 180 200 120 200 200 20 40 60 900 540 900 900 90 180 270 600 1000 1000 100 200 300 600 600 60 120 180 1000 100 200 300 100 200 300 20 30 60 
72 24 24 72 8 64 56 16 16 72 80 48 80 80 8 16 24 27 27 81 9 72 63 18 18 81 90 54 90 90 9 18 27 9 27 3 24 21 6 6 27 30 18 30 30 3 6 9 27 3 24 21 6 6 27 30 18 30 30 3 6 9 9 72 63 18 18 81 90 54 90 90 9 18 27 8 7 2 2 9 10 6 10 10 1587 2 3 56 16 16 72 80 48 80 80 8 16 24 14 14 63 70 42 70 70 7 14 21 4 18 20 12 20 20 2 4 6 18 20 12 20 20 2 4 6 90 54 90 90 9 18 27 60 100 100 10 20 30 60 60 6 12 18 100 10 20 30 10 20 30 2 3 6 
144 48 48 144 16 128 112 32 32 144 160 96 160 160 16 32 48 54 54 162 18 144 126 36 36 162 180 108 180 180 18 36 54 18 54 6 48 42 12 12 54 60 36 60 60 6 12 18 54 6 48 42 12 12 54 60 36 60 60 6 12 18 18 144 126 36 36 162 180 108 180 180 18 36 54 16 14 4 4 18 20 12 20 20 2 2215 6 112 32 32 144 160 96 160 160 16 32 48 28 28 126 140 84 140 140 14 28 42 8 36 40 24 40 40 4 8 12 36 40 24 40 40 4 8 12 180 108 180 180 18 36 54 120 200 200 20 40 60 120 120 12 24 36 200 20 40 60 20 40 60 4 6 12 
216 72 72 216 24 192 168 48 48 216 240 144 240 240 24 48 72 81 81 243 27 216 189 54 54 243 270 162 270 270 27 54 81 27 81 9 72 63 18 18 81 90 54 90 90 9 18 27 81 9 72 63 18 18 81 90 54 90 90 9 18 27 27 216 189 54 54 243 270 162 270 270 27 54 81 24 21 6 6 27 30 18 30 30 3 6 6173 168 48 48 216 240 144 240 240 24 48 72 42 42 189 210 126 210 210 21 42 63 12 54 60 36 60 60 6 12 18 54 60 36 60 60 6 12 18 270 162 270 270 27 54 81 180 300 300 30 60 90 180 180 18 36 54 300 30 60 90 30 60 90 6 9 18 
4032 1344 1344 4032 448 3584 3136 896 896 4032 4480 2688 4480 4480 448 896 1344 1512 1512 4536 504 4032 3528 1008 1008 4536 5040 3024 5040 5040 504 1008 1512 504 1512 168 1344 1176 336 336 1512 1680 1008 1680 1680 168 336 504 1512 168 1344 1176 336 336 1512 1680 1008 1680 1680 168 336 504 504 4032 3528 1008 1008 4536 5040 3024 5040 5040 504 1008 1512 448 392 112 112 504 560 336 560 560 56 112 168 6376 896 896 4032 4480 2688 4480 4480 448 896 1344 784 784 3528 3920 2352 3920 3920 392 784 1176 224 1008 1120 672 1120 1120 112 224 336 1008 1120 672 1120 1120 112 224 336 5040 3024 5040 5040 504 1008 1512 3360 5600 5600 560 1120 1680 3360 3360 336 672 1008 5600 560 1120 1680 560 1120 1680 112 168 336 
1152 384 384 1152 128 1024 896 256 256 1152 1280 768 1280 1280 128 256 384 432 432 1296 144 1152 1008 288 288 1296 1440 864 1440 1440 144 288 432 144 432 48 384 336 96 96 432 480 288 480 480 48 96 144 432 48 384 336 96 96 432 480 288 480 480 48 96 144 144 1152 1008 288 288 1296 1440 864 1440 1440 144 288 432 128 112 32 32 144 160 96 160 160 16 32 48 896 2032 256 1152 1280 768 1280 1280 128 256 384 224 224 1008 1120 672 1120 1120 112 224 336 64 288 320 192 320 320 32 64 96 288 320 192 320 320 32 64 96 1440 864 1440 1440 144 288 432 960 1600 1600 160 320 480 960 960 96 192 288 1600 160 320 480 160 320 480 32 48 96 
1152 384 384 1152 128 1024 896 256 256 1152 1280 768 1280 1280 128 256 384 432 432 1296 144 1152 1008 288 288 1296 1440 864 1440 1440 144 288 432 144 432 48 384 336 96 96 432 480 288 480 480 48 96 144 432 48 384 336 96 96 432 480 288 480 480 48 96 144 144 1152 1008 288 288 1296 1440 864 1440 1440 144 288 432 128 112 32 32 144 160 96 160 160 16 32 48 896 256 6239 1152 1280 768 1280 1280 128 256 384 224 224 1008 1120 672 1120 1120 112 224 336 64 288 320 192 320 320 32 64 96 288 320 192 320 320 32 64 96 1440 864 1440 1440 144 288 432 960 1600 1600 160 320 480 960 960 96 192 288 1600 160 320 480 160 320 480 32 48 96 
5184 1728 1728 5184 576 4608 4032 1152 1152 5184 5760 3456 5760 5760 576 1152 1728 1944 1944 5832 648 5184 4536 1296 1296 5832 6480 3888 6480 6480 648 1296 1944 648 1944 216 1728 1512 432 432 1944 2160 1296 2160 2160 216 432 648 1944 216 1728 1512 432 432 1944 2160 1296 2160 2160 216 432 648 648 5184 4536 1296 1296 5832 6480 3888 6480 6480 648 1296 1944 576 504 144 144 648 720 432 720 720 72 144 216 4032 1152 1152 4433 5760 3456 5760 5760 576 1152 1728 1008 1008 4536 5040 3024 5040 5040 504 1008 1512 288 1296 1440 864 1440 1440 144 288 432 1296 1440 864 1440 1440 144 288 432 6480 3888 6480 6480 648 1296 1944 4320 7200 7200 720 1440 2160 4320 4320 432 864 1296 7200 720 1440 2160 720 1440 2160 144 216 432 
5760 1920 1920 5760 640 5120 4480 1280 1280 5760 6400 3840 6400 6400 640 1280 1920 2160 2160 6480 720 5760 5040 1440 1440 6480 7200 4320 7200 7200 720 1440 2160 720 2160 240 1920 1680 480 480 2160 2400 1440 2400 2400 240 480 720 2160 240 1920 1680 480 480 2160 2400 1440 2400 2400 240 480 720 720 5760 5040 1440 1440 6480 7200 4320 7200 7200 720 1440 2160 640 560 160 160 720 800 480 800 800 80 160 240 4480 1280 1280 5760 1403 3840 6400 6400 640 1280 1920 1120 1120 5040 5600 3360 5600 5600 560 1120 1680 320 1440 1600 960 1600 1600 160 320 480 1440 1600 960 1600 1600 160 320 480 7200 4320 7200 7200 720 1440 2160 4800 8000 8000 800 1600 2400 4800 4800 480 960 1440 8000 800 1600 2400 800 1600 2400 160 240 480 
3456 1152 1152 3456 384 3072 2688 768 768 3456 3840 2304 3840 3840 384 768 1152 1296 1296 3888 432 3456 3024 864 864 3888 4320 2592 4320 4320 432 864 1296 432 1296 144 1152 1008 288 288 1296 1440 864 1440 1440 144 288 432 1296 144 1152 1008 288 288 1296 1440 864 1440 1440 144 288 432 432 3456 3024 864 864 3888 4320 2592 4320 4320 432 864 1296 384 336 96 96 432 480 288 480 480 48 96 144 2688 768 768 3456 3840 2539 3840 3840 384 768 1152 672 672 3024 3360 2016 3360 3360 336 672 1008 192 864 960 576 960 960 96 192 288 864 960 576 960 960 96 192 288 4320 2592 4320 4320 432 864 1296 2880 4800 4800 480 960 1440 2880 2880 288 576 864 4800 480 960 1440 480 960 1440 96 144 288 
5760 1920 1920 5760 640 5120 4480 1280 1280 5760 6400 3840 6400 6400 640 1280 1920 2160 2160 6480 720 5760 5040 1440 1440 6480 7200 4320 7200 7200 720 1440 2160 720 2160 240 1920 1680 480 480 2160 2400 1440 2400 2400 240 480 720 2160 240 1920 1680 480 480 2160 2400 1440 2400 2400 240 480 720 720 5760 5040 1440 1440 6480 7200 4320 7200 7200 720 1440 2160 640 560 160 160 720 800 480 800 800 80 160 240 4480 1280 1280 5760 6400 3840 6497 6400 640 1280 1920 1120 1120 5040 5600 3360 5600 5600 560 1120 1680 320 1440 1600 960 1600 1600 160 320 480 1440 1600 960 1600 1600 160 320 480 7200 4320 7200 7200 720 1440 2160 4800 8000 8000 800 1600 2400 4800 4800 480 960 1440 8000 800 1600 2400 800 1600 2400 160 240 480 
5760 1920 1920 5760 640 5120 4480 1280 1280 5760 6400 3840 6400 6400 640 1280 1920 2160 2160 6480 720 5760 5040 1440 1440 6480 7200 4320 7200 7200 720 1440 2160 720 2160 240 1920 1680 480 480 2160 2400 1440 2400 2400 240 480 720 2160 240 1920 1680 480 480 2160 2400 1440 2400 2400 240 480 720 720 5760 5040 1440 1440 6480 7200 4320 7200 7200 720 1440 2160 640 560 160 160 720 800 480 800 800 80 160 240 4480 1280 1280 5760 6400 3840 6400 1162 640 1280 1920 1120 1120 5040 5600 3360 5600 5600 560 1120 1680 320 1440 1600 960 1600 1600 160 320 480 1440 1600 960 1600 1600 160 320 480 7200 4320 7200 7200 720 1440 2160 4800 8000 8000 800 1600 2400 4800 4800 480 960 1440 8000 800 1600 2400 800 1600 2400 160 240 480 
576 192 192 576 64 512 448 128 128 576 640 384 640 640 64 128 192 216 216 648 72 576 504 144 144 648 720 432 720 720 72 144 216 72 216 24 192 168 48 48 216 240 144 240 240 24 48 72 216 24 192 168 48 48 216 240 144 240 240 24 48 72 72 576 504 144 144 648 720 432 720 720 72 144 216 64 56 16 16 72 80 48 80 80 8 16 24 448 128 128 576 640 384 640 640 6769 128 192 112 112 504 560 336 560 560 56 112 168 32 144 160 96 160 160 16 32 48 144 160 96 160 160 16 32 48 720 432 720 720 72 144 216 480 800 800 80 160 240 480 480 48 96 144 800 80 160 240 80 160 240 16 24 48 
1152 384 384 1152 128 1024 896 256 256 1152 1280 768 1280 1280 128 256 384 432 432 1296 144 1152 1008 288 288 1296 1440 864 1440 1440 144 288 432 144 432 48 384 336 96 96 432 480 288 480 480 48 96 144 432 48 384 336 96 96 432 480 288 480 480 48 96 144 144 1152 1008 288 288 1296 1440 864 1440 1440 144 288 432 128 112 32 32 144 160 96 160 160 16 32 48 896 256 256 1152 1280 768 1280 1280 128 1577 384 224 224 1008 1120 672 1120 1120 112 224 336 64 288 320 192 320 320 32 64 96 288 320 192 320 320 32 64 96 1440 864 1440 1440 144 288 432 960 1600 1600 160 320 480 960 960 96 192 288 1600 160 320 480 160 320 480 32 48 96 
1728 576 576 1728 192 1536 1344 384 384 1728 1920 1152 1920 1920 192 384 576 648 648 1944 216 1728 1512 432 432 1944 2160 1296 2160 2160 216 432 648 216 648 72 576 504 144 144 648 720 432 720 720 72 144 216 648 72 576 504 144 144 648 720 432 720 720 72 144 216 216 1728 1512 432 432 1944 2160 1296 2160 2160 216 432 648 192 168 48 48 216 240 144 240 240 24 48 72 1344 384 384 1728 1920 1152 1920 1920 192 384 1815 336 336 1512 1680 1008 1680 1680 168 336 504 96 432 480 288 480 480 48 96 144 432 480 288 480 480 48 96 144 2160 1296 2160 2160 216 432 648 1440 2400 2400 240 480 720 1440 1440 144 288 432 2400 240 480 720 240 480 720 48 72 144 
1008 336 336 1008 112 896 784 224 224 1008 1120 672 1120 1120 112 224 336 378 378 1134 126 1008 882 252 252 1134 1260 756 1260 1260 126 252 378 126 378 42 336 294 84 84 378 420 252 420 420 42 84 126 378 42 336 294 84 84 378 420 252 420 420 42 84 126 126 1008 882 252 252 1134 1260 756 1260 1260 126 252 378 112 98 28 28 126 140 84 140 140 14 28 42 784 224 224 1008 1120 672 1120 1120 112 224 336 3599 196 882 980 588 980 980 98 196 294 56 252 280 168 280 280 28 56 84 252 280 168 280 280 28 56 84 1260 756 1260 1260 126 252 378 840 1400 1400 140 280 420 840 840 84 168 252 1400 140 280 420 140 280 420 28 42 84 
1008 336 336 1008 112 896 784 224 224 1008 1120 672 1120 1120 112 224 336 378 378 1134 126 1008 882 252 252 1134 1260 756 1260 1260 126 252 378 126 378 42 336 294 84 84 378 420 252 420 420 42 84 126 378 42 336 294 84 84 378 420 252 420 420 42 84 126 126 1008 882 252 252 1134 1260 756 1260 1260 126 252 378 112 98 28 28 126 140 84 140 140 14 28 42 784 224 224 1008 1120 672 1120 1120 112 224 336 196 18 882 980 588 980 980 98 196 294 56 252 280 168 280 280 28 56 84 252 280 168 280 280 28 56 84 1260 756 1260 1260 126 252 378 840 1400 1400 140 280 420 840 840 84 168 252 1400 140 280 420 140 280 420 28 42 84 
4536 1512 1512 4536 504 4032 3528 1008 1008 4536 5040 3024 5040 5040 504 1008 1512 1701 1701 5103 567 4536 3969 1134 1134 5103 5670 3402 5670 5670 567 1134 1701 567 1701 189 1512 1323 378 378 1701 1890 1134 1890 1890 189 378 567 1701 189 1512 1323 378 378 1701 1890 1134 1890 1890 189 378 567 567 4536 3969 1134 1134 5103 5670 3402 5670 5670 567 1134 1701 504 441 126 126 567 630 378 630 630 63 126 189 3528 1008 1008 4536 5040 3024 5040 5040 504 1008 1512 882 882 8500 4410 2646 4410 4410 441 882 1323 252 1134 1260 756 1260 1260 126 252 378 1134 1260 756 1260 1260 126 252 378 5670 3402 5670 5670 567 1134 1701 3780 6300 6300 630 1260 1890 3780 3780 378 756 1134 6300 630 1260 1890 630 1260 1890 126 189 378 
5040 1680 1680 5040 560 4480 3920 1120 1120 5040 5600 3360 5600 5600 560 1120 1680 1890 1890 5670 630 5040 4410 1260 1260 5670 6300 3780 6300 6300 630 1260 1890 630 1890 210 1680 1470 420 420 1890 2100 1260 2100 2100 210 420 630 1890 210 1680 1470 420 420 1890 2100 1260 2100 2100 210 420 630 630 5040 4410 1260 1260 5670 6300 3780 6300 6300 630 1260 1890 560 490 140 140 630 700 420 700 700 70 140 210 3920 1120 1120 5040 5600 3360 5600 5600 560 1120 1680 980 980 4410 5358 2940 4900 4900 490 980 1470 280 1260 1400 840 1400 1400 140 280 420 1260 1400 840 1400 1400 140 280 420 6300 3780 6300 6300 630 1260 1890 4200 7000 7000 700 1400 2100 4200 4200 420 840 1260 7000 700 1400 2100 700 1400 2100 140 210 420 
3024 1008 1008 3024 336 2688 2352 672 672 3024 3360 2016 3360 3360 336 672 1008 1134 1134 3402 378 3024 2646 756 756 3402 3780 2268 3780 3780 378 756 1134 378 1134 126 1008 882 252 252 1134 1260 756 1260 1260 126 252 378 1134 126 1008 882 252 252 1134 1260 756 1260 1260 126 252 378 378 3024 2646 756 756 3402 3780 2268 3780 3780 378 756 1134 336 294 84 84 378 420 252 420 420 42 84 126 2352 672 672 3024 3360 2016 3360 3360 336 672 1008 588 588 2646 2940 3236 2940 2940 294 588 882 168 756 840 504 840 840 84 168 252 756 840 504 840 840 84 168 252 3780 2268 3780 3780 378 756 1134 2520 4200 4200 420 840 1260 2520 2520 252 504 756 4200 420 840 1260 420 840 1260 84 126 252 
5040 1680 1680 5040 560 4480 3920 1120 1120 5040 5600 3360 5600 5600 560 1120 1680 1890 1890 5670 630 5040 4410 1260 1260 5670 6300 3780 6300 6300 630 1260 1890 630 1890 210 1680 1470 420 420 1890 2100 1260 2100 2100 210 420 630 1890 210 1680 1470 420 420 1890 2100 1260 2100 2100 210 420 630 630 5040 4410 1260 1260 5670 6300 3780 6300 6300 630 1260 1890 560 490 140 140 630 700 420 700 700 70 140 210 3920 1120 1120 5040 5600 3360 5600 5600 560 1120 1680 980 980 4410 4900 2940 1158 4900 490 980 1470 280 1260 1400 840 1400 1400 140 280 420 1260 1400 840 1400 1400 140 280 420 6300 3780 6300 6300 630 1260 1890 4200 7000 7000 700 1400 2100 4200 4200 420 840 1260 7000 700 1400 2100 700 1400 2100 140 210 420 
5040 1680 1680 5040 560 4480 3920 1120 1120 5040 5600 3360 5600 5600 560 1120 1680 1890 1890 5670 630 5040 4410 1260 1260 5670 6300 3780 6300 6300 630 1260 1890 630 1890 210 1680 1470 420 420 1890 2100 1260 2100 2100 210 420 630 1890 210 1680 1470 420 420 1890 2100 1260 2100 2100 210 420 630 630 5040 4410 1260 1260 5670 6300 3780 6300 6300 630 1260 1890 560 490 140 140 630 700 420 700 700 70 140 210 3920 1120 1120 5040 5600 3360 5600 5600 560 1120 1680 980 980 4410 4900 2940 4900 243 490 980 1470 280 1260 1400 840 1400 1400 140 280 420 1260 1400 840 1400 1400 140 280 420 6300 3780 6300 6300 630 1260 1890 4200 7000 7000 700 1400 2100 4200 4200 420 840 1260 7000 700 1400 2100 700 1400 2100 140 210 420 
504 168 168 504 56 448 392 112 112 504 560 336 560 560 56 112 168 189 189 567 63 504 441 126 126 567 630 378 630 630 63 126 189 63 189 21 168 147 42 42 189 210 126 210 210 21 42 63 189 21 168 147 42 42 189 210 126 210 210 21 42 63 63 504 441 126 126 567 630 378 630 630 63 126 189 56 49 14 14 63 70 42 70 70 7 14 21 392 112 112 504 560 336 560 560 56 112 168 98 98 441 490 294 490 490 2273 98 147 28 126 140 84 140 140 14 28 42 126 140 84 140 140 14 28 42 630 378 630 630 63 126 189 420 700 700 70 140 210 420 420 42 84 126 700 70 140 210 70 140 210 14 21 42 
1008 336 336 1008 112 896 784 224 224 1008 1120 672 1120 1120 112 224 336 378 378 1134 126 1008 882 252 252 1134 1260 756 1260 1260 126 252 378 126 378 42 336 294 84 84 378 420 252 420 420 42 84 126 378 42 336 294 84 84 378 420 252 420 420 42 84 126 126 1008 882 252 252 1134 1260 756 1260 1260 126 252 378 112 98 28 28 126 140 84 140 140 14 28 42 784 224 224 1008 1120 672 1120 1120 112 224 336 196 196 882 980 588 980 980 98 8248 294 56 252 280 168 280 280 28 56 84 252 280 168 280 280 28 56 84 1260 756 1260 1260 126 252 378 840 1400 1400 140 280 420 840 840 84 168 252 1400 140 280 420 140 280 420 28 42 84 
1512 504 504 1512 168 1344 1176 336 336 1512 1680 1008 1680 1680 168 336 504 567 567 1701 189 1512 1323 378 378 1701 1890 1134 1890 1890 189 378 567 189 567 63 504 441 126 126 567 630 378 630 630 63 126 189 567 63 504 441 126 126 567 630 378 630 630 63 126 189 189 1512 1323 378 378 1701 1890 1134 1890 1890 189 378 567 168 147 42 42 189 210 126 210 210 21 42 63 1176 336 336 1512 1680 1008 1680 1680 168 336 504 294 294 1323 1470 882 1470 1470 147 294 8426 84 378 420 252 420 420 42 84 126 378 420 252 420 420 42 84 126 1890 1134 1890 1890 189 378 567 1260 2100 2100 210 420 630 1260 1260 126 252 378 2100 210 420 630 210 420 630 42 63 126 
288 96 96 288 32 256 224 64 64 288 320 192 320 320 32 64 96 108 108 324 36 288 252 72 72 324 360 216 360 360 36 72 108 36 108 12 96 84 24 24 108 120 72 120 120 12 24 36 108 12 96 84 24 24 108 120 72 120 120 12 24 36 36 288 252 72 72 324 360 216 360 360 36 72 108 32 28 8 8 36 40 24 40 40 4 8 12 224 64 64 288 320 192 320 320 32 64 96 56 56 252 280 168 280 280 28 56 84 1069 72 80 48 80 80 8 16 24 72 80 48 80 80 8 16 24 360 216 360 360 36 72 108 240 400 400 40 80 120 240 240 24 48 72 400 40 80 120 40 80 120 8 12 24 
1296 432 432 1296 144 1152 1008 288 288 1296 1440 864 1440 1440 144 288 432 486 486 1458 162 1296 1134 324 324 1458 1620 972 1620 1620 162 324 486 162 486 54 432 378 108 108 486 540 324 540 540 54 108 162 486 54 432 378 108 108 486 540 324 540 540 54 108 162 162 1296 1134 324 324 1458 1620 972 1620 1620 162 324 486 144 126 36 36 162 180 108 180 180 18 36 54 1008 288 288 1296 1440 864 1440 1440 144 288 432 252 252 1134 1260 756 1260 1260 126 252 378 72 9226 360 216 360 360 36 72 108 324 360 216 360 360 36 72 108 1620 972 1620 1620 162 324 486 1080 1800 1800 180 360 540 1080 1080 108 216 324 1800 180 360 540 180 360 540 36 54 108 
1440 480 480 1440 160 1280 1120 320 320 1440 1600 960 1600 1600 160 320 480 540 540 1620 180 1440 1260 360 360 1620 1800 1080 1800 1800 180 360 540 180 540 60 480 420 120 120 540 600 360 600 600 60 120 180 540 60 480 420 120 120 540 600 360 600 600 60 120 180 180 1440 1260 360 360 1620 1800 1080 1800 1800 180 360 540 160 140 40 40 180 200 120 200 200 20 40 60 1120 320 320 1440 1600 960 1600 1600 160 320 480 280 280 1260 1400 840 1400 1400 140 280 420 80 360 6657 240 400 400 40 80 120 360 400 240 400 400 40 80 120 1800 1080 1800 1800 180 360 540 1200 2000 2000 200 400 600 1200 1200 120 240 360 2000 200 400 600 200 400 600 40 60 120 
864 288 288 864 96 768 672 192 192 864 960 576 960 960 96 192 288 324 324 972 108 864 756 216 216 972 1080 648 1080 1080 108 216 324 108 324 36 288 252 72 72 324 360 216 360 360 36 72 108 324 36 288 252 72 72 324 360 216 360 360 36 72 108 108 864 756 216 216 972 1080 648 1080 1080 108 216 324 96 84 24 24 108 120 72 120 120 12 24 36 672 192 192 864 960 576 960 960 96 192 288 168 168 756 840 504 840 840 84 168 252 48 216 240 4566 240 240 24 48 72 216 240 144 240 240 24 48 72 1080 648 1080 1080 108 216 324 720 1200 1200 120 240 360 720 720 72 144 216 1200 120 240 360 120 240 360 24 36 72 
1440 480 480 1440 160 1280 1120 320 320 1440 1600 960 1600 1600 160 320 480 540 540 1620 180 1440 1260 360 360 1620 1800 1080 1800 1800 180 360 540 180 540 60 480 420 120 120 540 600 360 600 600 60 120 180 540 60 480 420 120 120 540 600 360 600 600 60 120 180 180 1440 1260 360 360 1620 1800 1080 1800 1800 180 360 540 160 140 40 40 180 200 120 200 200 20 40 60 1120 320 320 1440 1600 960 1600 1600 160 320 480 280 280 1260 1400 840 1400 1400 140 280 420 80 360 400 240 1679 400 40 80 120 360 400 240 400 400 40 80 120 1800 1080 1800 1800 180 360 540 1200 2000 2000 200 400 600 1200 1200 120 240 360 2000 200 400 600 200 400 600 40 60 120 
1440 480 480 1440 160 1280 1120 320 320 1440 1600 960 1600 1600 160 320 480 540 540 1620 180 1440 1260 360 360 1620 1800 1080 1800 1800 180 360 540 180 540 60 480 420 120 120 540 600 360 600 600 60 120 180 540 60 480 420 120 120 540 600 360 600 600 60 120 180 180 1440 1260 360 360 1620 1800 1080 1800 1800 180 360 540 160 140 40 40 180 200 120 200 200 20 40 60 1120 320 320 1440 1600 960 1600 1600 160 320 480 280 280 1260 1400 840 1400 1400 140 280 420 80 360 400 240 400 8631 40 80 120 360 400 240 400 400 40 80 120 1800 1080 1800 1800 180 360 540 1200 2000 2000 200 400 600 1200 1200 120 240 360 2000 200 400 600 200 400 600 40 60 120 
144 48 48 144 16 128 112 32 32 144 160 96 160 160 16 32 48 54 54 162 18 144 126 36 36 162 180 108 180 180 18 36 54 18 54 6 48 42 12 12 54 60 36 60 60 6 12 18 54 6 48 42 12 12 54 60 36 60 60 6 12 18 18 144 126 36 36 162 180 108 180 180 18 36 54 16 14 4 4 18 20 12 20 20 2 4 6 112 32 32 144 160 96 160 160 16 32 48 28 28 126 140 84 140 140 14 28 42 8 36 40 24 40 40 9429 8 12 36 40 24 40 40 4 8 12 180 108 180 180 18 36 54 120 200 200 20 40 60 120 120 12 24 36 200 20 40 60 20 40 60 4 6 12 
288 96 96 288 32 256 224 64 64 288 320 192 320 320 32 64 96 108 108 324 36 288 252 72 72 324 360 216 360 360 36 72 108 36 108 12 96 84 24 24 108 120 72 120 120 12 24 36 108 12 96 84 24 24 108 120 72 120 120 12 24 36 36 288 252 72 72 324 360 216 360 360 36 72 108 32 28 8 8 36 40 24 40 40 4 8 12 224 64 64 288 320 192 320 320 32 64 96 56 56 252 280 168 280 280 28 56 84 16 72 80 48 80 80 8 8877 24 72 80 48 80 80 8 16 24 360 216 360 360 36 72 108 240 400 400 40 80 120 240 240 24 48 72 400 40 80 120 40 80 120 8 12 24 
432 144 144 432 48 384 336 96 96 432 480 288 480 480 48 96 144 162 162 486 54 432 378 108 108 486 540 324 540 540 54 108 162 54 162 18 144 126 36 36 162 180 108 180 180 18 36 54 162 18 144 126 36 36 162 180 108 180 180 18 36 54 54 432 378 108 108 486 540 324 540 540 54 108 162 48 42 12 12 54 60 36 60 60 6 12 18 336 96 96 432 480 288 480 480 48 96 144 84 84 378 420 252 420 420 42 84 126 24 108 120 72 120 120 12 24 5005 108 120 72 120 120 12 24 36 540 324 540 540 54 108 162 360 600 600 60 120 180 360 360 36 72 108 600 60 120 180 60 120 180 12 18 36 
1296 432 432 1296 144 1152 1008 288 288 1296 1440 864 1440 1440 144 288 432 486 486 1458 162 1296 1134 324 324 1458 1620 972 1620 1620 162 324 486 162 486 54 432 378 108 108 486 540 324 540 540 54 108 162 486 54 432 378 108 108 486 540 324 540 540 54 108 162 162 1296 1134 324 324 1458 1620 972 1620 1620 162 324 486 144 126 36 36 162 180 108 180 180 18 36 54 1008 288 288 1296 1440 864 1440 1440 144 288 432 252 252 1134 1260 756 1260 1260 126 252 378 72 324 360 216 360 360 36 72 108 3610 360 216 360 360 36 72 108 1620 972 1620 1620 162 324 486 1080 1800 1800 180 360 540 1080 1080 108 216 324 1800 180 360 540 180 360 540 36 54 108 
1440 480 480 1440 160 1280 1120 320 320 1440 1600 960 1600 1600 160 320 480 540 540 1620 180 1440 1260 360 360 1620 1800 1080 1800 1800 180 360 540 180 540 60 480 420 120 120 540 600 360 600 600 60 120 180 540 60 480 420 120 120 540 600 360 600 600 60 120 180 180 1440 1260 360 360 1620 1800 1080 1800 1800 180 360 540 160 140 40 40 180 200 120 200 200 20 40 60 1120 320 320 1440 1600 960 1600 1600 160 320 480 280 280 1260 1400 840 1400 1400 140 280 420 80 360 400 240 400 400 40 80 120 360 9242 240 400 400 40 80 120 1800 1080 1800 1800 180 360 540 1200 2000 2000 200 400 600 1200 1200 120 240 360 2000 200 400 600 200 400 600 40 60 120 
864 288 288 864 96 768 672 192 192 864 960 576 960 960 96 192 288 324 324 972 108 864 756 216 216 972 1080 648 1080 1080 108 216 324 108 324 36 288 252 72 72 324 360 216 360 360 36 72 108 324 36 288 252 72 72 324 360 216 360 360 36 72 108 108 864 756 216 216 972 1080 648 1080 1080 108 216 324 96 84 24 24 108 120 72 120 120 12 24 36 672 192 192 864 960 576 960 960 96 192 288 168 168 756 840 504 840 840 84 168 252 48 216 240 144 240 240 24 48 72 216 240 2676 240 240 24 48 72 1080 648 1080 1080 108 216 324 720 1200 1200 120 240 360 720 720 72 144 216 1200 120 240 360 120 240 360 24 36 72 
1440 480 480 1440 160 1280 1120 320 320 1440 1600 960 1600 1600 160 320 480 540 540 1620 180 1440 1260 360 360 1620 1800 1080 1800 1800 180 360 540 180 540 60 480 420 120 120 540 600 360 600 600 60 120 180 540 60 480 420 120 120 540 600 360 600 600 60 120 180 180 1440 1260 360 360 1620 1800 1080 1800 1800 180 360 540 160 140 40 40 180 200 120 200 200 20 40 60 1120 320 320 1440 1600 960 1600 1600 160 320 480 280 280 1260 1400 840 1400 1400 140 280 420 80 360 400 240 400 400 40 80 120 360 400 240 6518 400 40 80 120 1800 1080 1800 1800 180 360 540 1200 2000 2000 200 400 600 1200 1200 120 240 360 2000 200 400 600 200 400 600 40 60 120 
1440 480 480 1440 160 1280 1120 320 320 1440 1600 960 1600 1600 160 320 480 540 540 1620 180 1440 1260 360 360 1620 1800 1080 1800 1800 180 360 540 180 540 60 480 420 120 120 540 600 360 600 600 60 120 180 540 60 480 420 120 120 540 600 360 600 600 60 120 180 180 1440 1260 360 360 1620 1800 1080 1800 1800 180 360 540 160 140 40 40 180 200 120 200 200 20 40 60 1120 320 320 1440 1600 960 1600 1600 160 320 480 280 280 1260 1400 840 1400 1400 140 280 420 80 360 400 240 400 400 40 80 120 360 400 240 400 2291 40 80 120 1800 1080 1800 1800 180 360 540 1200 2000 2000 200 400 600 1200 1200 120 240 360 2000 200 400 600 200 400 600 40 60 120 
144 48 48 144 16 128 112 32 32 144 160 96 160 160 16 32 48 54 54 162 18 144 126 36 36 162 180 108 180 180 18 36 54 18 54 6 48 42 12 12 54 60 36 60 60 6 12 18 54 6 48 42 12 12 54 60 36 60 60 6 12 18 18 144 126 36 36 162 180 108 180 180 18 36 54 16 14 4 4 18 20 12 20 20 2 4 6 112 32 32 144 160 96 160 160 16 32 48 28 28 126 140 84 140 140 14 28 42 8 36 40 24 40 40 4 8 12 36 40 24 40 40 897 8 12 180 108 180 180 18 36 54 120 200 200 20 40 60 120 120 12 24 36 200 20 40 60 20 40 60 4 6 12 
288 96 96 288 32 256 224 64 64 288 320 192 320 320 32 64 96 108 108 324 36 288 252 72 72 324 360 216 360 360 36 72 108 36 108 12 96 84 24 24 108 120 72 120 120 12 24 36 108 12 96 84 24 24 108 120 72 120 120 12 24 36 36 288 252 72 72 324 360 216 360 360 36 72 108 32 28 8 8 36 40 24 40 40 4 8 12 224 64 64 288 320 192 320 320 32 64 96 56 56 252 280 168 280 280 28 56 84 16 72 80 48 80 80 8 16 24 72 80 48 80 80 8 1286 24 360 216 360 360 36 72 108 240 400 400 40 80 120 240 240 24 48 72 400 40 80 120 40 80 120 8 12 24 
432 144 144 432 48 384 336 96 96 432 480 288 480 480 48 96 144 162 162 486 54 432 378 108 108 486 540 324 540 540 54 108 162 54 162 18 144 126 36 36 162 180 108 180 180 18 36 54 162 18 144 126 36 36 162 180 108 180 180 18 36 54 54 432 378 108 108 486 540 324 540 540 54 108 162 48 42 12 12 54 60 36 60 60 6 12 18 336 96 96 432 480 288 480 480 48 96 144 84 84 378 420 252 420 420 42 84 126 24 108 120 72 120 120 12 24 36 108 120 72 120 120 12 24 8699 540 324 540 540 54 108 162 360 600 600 60 120 180 360 360 36 72 108 600 60 120 180 60 120 180 12 18 36 
6480 2160 2160 6480 720 5760 5040 1440 1440 6480 7200 4320 7200 7200 720 1440 2160 2430 2430 7290 810 6480 5670 1620 1620 7290 8100 4860 8100 8100 810 1620 2430 810 2430 270 2160 1890 540 540 2430 2700 1620 2700 2700 270 540 810 2430 270 2160 1890 540 540 2430 2700 1620 2700 2700 270 540 810 810 6480 5670 1620 1620 7290 8100 4860 8100 8100 810 1620 2430 720 630 180 180 810 900 540 900 900 90 180 270 5040 1440 1440 6480 7200 4320 7200 7200 720 1440 2160 1260 1260 5670 6300 3780 6300 6300 630 1260 1890 360 1620 1800 1080 1800 1800 180 360 540 1620 1800 1080 1800 1800 180 360 540 9521 4860 8100 8100 810 1620 2430 5400 9000 9000 900 1800 2700 5400 5400 540 1080 1620 9000 900 1800 2700 900 1800 2700 180 270 540 
3888 1296 1296 3888 432 3456 3024 864 864 3888 4320 2592 4320 4320 432 864 1296 1458 1458 4374 486 3888 3402 972 972 4374 4860 2916 4860 4860 486 972 1458 486 1458 162 1296 1134 324 324 1458 1620 972 1620 1620 162 324 486 1458 162 1296 1134 324 324 1458 1620 972 1620 1620 162 324 486 486 3888 3402 972 972 4374 4860 2916 4860 4860 486 972 1458 432 378 108 108 486 540 324 540 540 54 108 162 3024 864 864 3888 4320 2592 4320 4320 432 864 1296 756 756 3402 3780 2268 3780 3780 378 756 1134 216 972 1080 648 1080 1080 108 216 324 972 1080 648 1080 1080 108 216 324 4860 4462 4860 4860 486 972 1458 3240 5400 5400 540 1080 1620 3240 3240 324 648 972 5400 540 1080 1620 540 1080 1620 108 162 324 
6480 2160 2160 6480 720 5760 5040 1440 1440 6480 7200 4320 7200 7200 720 1440 2160 2430 2430 7290 810 6480 5670 1620 1620 7290 8100 4860 8100 8100 810 1620 2430 810 2430 270 2160 1890 540 540 2430 2700 1620 2700 2700 270 540 810 2430 270 2160 1890 540 540 2430 2700 1620 2700 2700 270 540 810 810 6480 5670 1620 1620 7290 8100 4860 8100 8100 810 1620 2430 720 630 180 180 810 900 540 900 900 90 180 270 5040 1440 1440 6480 7200 4320 7200 7200 720 1440 2160 1260 1260 5670 6300 3780 6300 6300 630 1260 1890 360 1620 1800 1080 1800 1800 180 360 540 1620 1800 1080 1800 1800 180 360 540 8100 4860 7 8100 810 1620 2430 5400 9000 9000 900 1800 2700 5400 5400 540 1080 1620 9000 900 1800 2700 900 1800 2700 180 270 540 
6480 2160 2160 6480 720 5760 5040 1440 1440 6480 7200 4320 7200 7200 720 1440 2160 2430 2430 7290 810 6480 5670 1620 1620 7290 8100 4860 8100 8100 810 1620 2430 810 2430 270 2160 1890 540 540 2430 2700 1620 2700 2700 270 540 810 2430 270 2160 1890 540 540 2430 2700 1620 2700 2700 270 540 810 810 6480 5670 1620 1620 7290 8100 4860 8100 8100 810 1620 2430 720 630 180 180 810 900 540 900 900 90 180 270 5040 1440 1440 6480 7200 4320 7200 7200 720 1440 2160 1260 1260 5670 6300 3780 6300 6300 630 1260 1890 360 1620 1800 1080 1800 1800 180 360 540 1620 1800 1080 1800 1800 180 360 540 8100 4860 8100 7040 810 1620 2430 5400 9000 9000 900 1800 2700 5400 5400 540 1080 1620 9000 900 1800 2700 900 1800 2700 180 270 540 
648 216 216 648 72 576 504 144 144 648 720 432 720 720 72 144 216 243 243 729 81 648 567 162 162 729 810 486 810 810 81 162 243 81 243 27 216 189 54 54 243 270 162 270 270 27 54 81 243 27 216 189 54 54 243 270 162 270 270 27 54 81 81 648 567 162 162 729 810 486 810 810 81 162 243 72 63 18 18 81 90 54 90 90 9 18 27 504 144 144 648 720 432 720 720 72 144 216 126 126 567 630 378 630 630 63 126 189 36 162 180 108 180 180 18 36 54 162 180 108 180 180 18 36 54 810 486 810 810 7639 162 243 540 900 900 90 180 270 540 540 54 108 162 900 90 180 270 90 180 270 18 27 54 
1296 432 432 1296 144 1152 1008 288 288 1296 1440 864 1440 1440 144 288 432 486 486 1458 162 1296 1134 324 324 1458 1620 972 1620 1620 162 324 486 162 486 54 432 378 108 108 486 540 324 540 540 54 108 162 486 54 432 378 108 108 486 540 324 540 540 54 108 162 162 1296 1134 324 324 1458 1620 972 1620 1620 162 324 486 144 126 36 36 162 180 108 180 180 18 36 54 1008 288 288 1296 1440 864 1440 1440 144 288 432 252 252 1134 1260 756 1260 1260 126 252 378 72 324 360 216 360 360 36 72 108 324 360 216 360 360 36 72 108 1620 972 1620 1620 162 715 486 1080 1800 1800 180 360 540 1080 1080 108 216 324 1800 180 360 540 180 360 540 36 54 108 
1944 648 648 1944 216 1728 1512 432 432 1944 2160 1296 2160 2160 216 432 648 729 729 2187 243 1944 1701 486 486 2187 2430 1458 2430 2430 243 486 729 243 729 81 648 567 162 162 729 810 486 810 810 81 162 243 729 81 648 567 162 162 729 810 486 810 810 81 162 243 243 1944 1701 486 486 2187 2430 1458 2430 2430 243 486 729 216 189 54 54 243 270 162 270 270 27 54 81 1512 432 432 1944 2160 1296 2160 2160 216 432 648 378 378 1701 1890 1134 1890 1890 189 378 567 108 486 540 324 540 540 54 108 162 486 540 324 540 540 54 108 162 2430 1458 2430 2430 243 486 9512 1620 2700 2700 270 540 810 1620 1620 162 324 486 2700 270 540 810 270 540 810 54 81 162 
4320 1440 1440 4320 480 3840 3360 960 960 4320 4800 2880 4800 4800 480 960 1440 1620 1620 4860 540 4320 3780 1080 1080 4860 5400 3240 5400 5400 540 1080 1620 540 1620 180 1440 1260 360 360 1620 1800 1080 1800 1800 180 360 540 1620 180 1440 1260 360 360 1620 1800 1080 1800 1800 180 360 540 540 4320 3780 1080 1080 4860 5400 3240 5400 5400 540 1080 1620 480 420 120 120 540 600 360 600 600 60 120 180 3360 960 960 4320 4800 2880 4800 4800 480 960 1440 840 840 3780 4200 2520 4200 4200 420 840 1260 240 1080 1200 720 1200 1200 120 240 360 1080 1200 720 1200 1200 120 240 360 5400 3240 5400 5400 540 1080 1620 9204 6000 6000 600 1200 1800 3600 3600 360 720 1080 6000 600 1200 1800 600 1200 1800 120 180 360 
7200 2400 2400 7200 800 6400 5600 1600 1600 7200 8000 4800 8000 8000 800 1600 2400 2700 2700 8100 900 7200 6300 1800 1800 8100 9000 5400 9000 9000 900 1800 2700 900 2700 300 2400 2100 600 600 2700 3000 1800 3000 3000 300 600 900 2700 300 2400 2100 600 600 2700 3000 1800 3000 3000 300 600 900 900 7200 6300 1800 1800 8100 9000 5400 9000 9000 900 1800 2700 800 700 200 200 900 1000 600 1000 1000 100 200 300 5600 1600 1600 7200 8000 4800 8000 8000 800 1600 2400 1400 1400 6300 7000 4200 7000 7000 700 1400 2100 400 1800 2000 1200 2000 2000 200 400 600 1800 2000 1200 2000 2000 200 400 600 9000 5400 9000 9000 900 1800 2700 6000 8860 10000 1000 2000 3000 6000 6000 600 1200 1800 10000 1000 2000 3000 1000 2000 3000 200 300 600 
7200 2400 2400 7200 800 6400 5600 1600 1600 7200 8000 4800 8000 8000 800 1600 2400 2700 2700 8100 900 7200 6300 1800 1800 8100 9000 5400 9000 9000 900 1800 2700 900 2700 300 2400 2100 600 600 2700 3000 1800 3000 3000 300 600 900 2700 300 2400 2100 600 600 2700 3000 1800 3000 3000 300 600 900 900 7200 6300 1800 1800 8100 9000 5400 9000 9000 900 1800 2700 800 700 200 200 900 1000 600 1000 1000 100 200 300 5600 1600 1600 7200 8000 4800 8000 8000 800 1600 2400 1400 1400 6300 7000 4200 7000 7000 700 1400 2100 400 1800 2000 1200 2000 2000 200 400 600 1800 2000 1200 2000 2000 200 400 600 9000 5400 9000 9000 900 1800 2700 6000 10000 7006 1000 2000 3000 6000 6000 600 1200 1800 10000 1000 2000 3000 1000 2000 3000 200 300 600 
720 240 240 720 80 640 560 160 160 720 800 480 800 800 80 160 240 270 270 810 90 720 630 180 180 810 900 540 900 900 90 180 270 90 270 30 240 210 60 60 270 300 180 300 300 30 60 90 270 30 240 210 60 60 270 300 180 300 300 30 60 90 90 720 630 180 180 810 900 540 900 900 90 180 270 80 70 20 20 90 100 60 100 100 10 20 30 560 160 160 720 800 480 800 800 80 160 240 140 140 630 700 420 700 700 70 140 210 40 180 200 120 200 200 20 40 60 180 200 120 200 200 20 40 60 900 540 900 900 90 180 270 600 1000 1000 5354 200 300 600 600 60 120 180 1000 100 200 300 100 200 300 20 30 60 
1440 480 480 1440 160 1280 1120 320 320 1440 1600 960 1600 1600 160 320 480 540 540 1620 180 1440 1260 360 360 1620 1800 1080 1800 1800 180 360 540 180 540 60 480 420 120 120 540 600 360 600 600 60 120 180 540 60 480 420 120 120 540 600 360 600 600 60 120 180 180 1440 1260 360 360 1620 1800 1080 1800 1800 180 360 540 160 140 40 40 180 200 120 200 200 20 40 60 1120 320 320 1440 1600 960 1600 1600 160 320 480 280 280 1260 1400 840 1400 1400 140 280 420 80 360 400 240 400 400 40 80 120 360 400 240 400 400 40 80 120 1800 1080 1800 1800 180 360 540 1200 2000 2000 200 9342 600 1200 1200 120 240 360 2000 200 400 600 200 400 600 40 60 120 
2160 720 720 2160 240 1920 1680 480 480 2160 2400 1440 2400 2400 240 480 720 810 810 2430 270 2160 1890 540 540 2430 2700 1620 2700 2700 270 540 810 270 810 90 720 630 180 180 810 900 540 900 900 90 180 270 810 90 720 630 180 180 810 900 540 900 900 90 180 270 270 2160 1890 540 540 2430 2700 1620 2700 2700 270 540 810 240 210 60 60 270 300 180 300 300 30 60 90 1680 480 480 2160 2400 1440 2400 2400 240 480 720 420 420 1890 2100 1260 2100 2100 210 420 630 120 540 600 360 600 600 60 120 180 540 600 360 600 600 60 120 180 2700 1620 2700 2700 270 540 810 1800 3000 3000 300 600 2342 1800 1800 180 360 540 3000 300 600 900 300 600 900 60 90 180 
4320 1440 1440 4320 480 3840 3360 960 960 4320 4800 2880 4800 4800 480 960 1440 1620 1620 4860 540 4320 3780 1080 1080 4860 5400 3240 5400 5400 540 1080 1620 540 1620 180 1440 1260 360 360 1620 1800 1080 1800 1800 180 360 540 1620 180 1440 1260 360 360 1620 1800 1080 1800 1800 180 360 540 540 4320 3780 1080 1080 4860 5400 3240 5400 5400 540 1080 1620 480 420 120 120 540 600 360 600 600 60 120 180 3360 960 960 4320 4800 2880 4800 4800 480 960 1440 840 840 3780 4200 2520 4200 4200 420 840 1260 240 1080 1200 720 1200 1200 120 240 360 1080 1200 720 1200 1200 120 240 360 5400 3240 5400 5400 540 1080 1620 3600 6000 6000 600 1200 1800 8648 3600 360 720 1080 6000 600 1200 1800 600 1200 1800 120 180 360 
4320 1440 1440 4320 480 3840 3360 960 960 4320 4800 2880 4800 4800 480 960 1440 1620 1620 4860 540 4320 3780 1080 1080 4860 5400 3240 5400 5400 540 1080 1620 540 1620 180 1440 1260 360 360 1620 1800 1080 1800 1800 180 360 540 1620 180 1440 1260 360 360 1620 1800 1080 1800 1800 180 360 540 540 4320 3780 1080 1080 4860 5400 3240 5400 5400 540 1080 1620 480 420 120 120 540 600 360 600 600 60 120 180 3360 960 960 4320 4800 2880 4800 4800 480 960 1440 840 840 3780 4200 2520 4200 4200 420 840 1260 240 1080 1200 720 1200 1200 120 240 360 1080 1200 720 1200 1200 120 240 360 5400 3240 5400 5400 540 1080 1620 3600 6000 6000 600 1200 1800 3600 8103 360 720 1080 6000 600 1200 1800 600 1200 1800 120 180 360 
432 144 144 432 48 384 336 96 96 432 480 288 480 480 48 96 144 162 162 486 54 432 378 108 108 486 540 324 540 540 54 108 162 54 162 18 144 126 36 36 162 180 108 180 180 18 36 54 162 18 144 126 36 36 162 180 108 180 180 18 36 54 54 432 378 108 108 486 540 324 540 540 54 108 162 48 42 12 12 54 60 36 60 60 6 12 18 336 96 96 432 480 288 480 480 48 96 144 84 84 378 420 252 420 420 42 84 126 24 108 120 72 120 120 12 24 36 108 120 72 120 120 12 24 36 540 324 540 540 54 108 162 360 600 600 60 120 180 360 360 7513 72 108 600 60 120 180 60 120 180 12 18 36 
864 288 288 864 96 768 672 192 192 864 960 576 960 960 96 192 288 324 324 972 108 864 756 216 216 972 1080 648 1080 1080 108 216 324 108 324 36 288 252 72 72 324 360 216 360 360 36 72 108 324 36 288 252 72 72 324 360 216 360 360 36 72 108 108 864 756 216 216 972 1080 648 1080 1080 108 216 324 96 84 24 24 108 120 72 120 120 12 24 36 672 192 192 864 960 576 960 960 96 192 288 168 168 756 840 504 840 840 84 168 252 48 216 240 144 240 240 24 48 72 216 240 144 240 240 24 48 72 1080 648 1080 1080 108 216 324 720 1200 1200 120 240 360 720 720 72 6871 216 1200 120 240 360 120 240 360 24 36 72 
1296 432 432 1296 144 1152 1008 288 288 1296 1440 864 1440 1440 144 288 432 486 486 1458 162 1296 1134 324 324 1458 1620 972 1620 1620 162 324 486 162 486 54 432 378 108 108 486 540 324 540 540 54 108 162 486 54 432 378 108 108 486 540 324 540 540 54 108 162 162 1296 1134 324 324 1458 1620 972 1620 1620 162 324 486 144 126 36 36 162 180 108 180 180 18 36 54 1008 288 288 1296 1440 864 1440 1440 144 288 432 252 252 1134 1260 756 1260 1260 126 252 378 72 324 360 216 360 360 36 72 108 324 360 216 360 360 36 72 108 1620 972 1620 1620 162 324 486 1080 1800 1800 180 360 540 1080 1080 108 216 8607 1800 180 360 540 180 360 540 36 54 108 
7200 2400 2400 7200 800 6400 5600 1600 1600 7200 8000 4800 8000 8000 800 1600 2400 2700 2700 8100 900 7200 6300 1800 1800 8100 9000 5400 9000 9000 900 1800 2700 900 2700 300 2400 2100 600 600 2700 3000 1800 3000 3000 300 600 900 2700 300 2400 2100 600 600 2700 3000 1800 3000 3000 300 600 900 900 7200 6300 1800 1800 8100 9000 5400 9000 9000 900 1800 2700 800 700 200 200 900 1000 600 1000 1000 100 200 300 5600 1600 1600 7200 8000 4800 8000 8000 800 1600 2400 1400 1400 6300 7000 4200 7000 7000 700 1400 2100 400 1800 2000 1200 2000 2000 200 400 600 1800 2000 1200 2000 2000 200 400 600 9000 5400 9000 9000 900 1800 2700 6000 10000 10000 1000 2000 3000 6000 6000 600 1200 1800 3245 1000 2000 3000 1000 2000 3000 200 300 600 
720 240 240 720 80 640 560 160 160 720 800 480 800 800 80 160 240 270 270 810 90 720 630 180 180 810 900 540 900 900 90 180 270 90 270 30 240 210 60 60 270 300 180 300 300 30 60 90 270 30 240 210 60 60 270 300 180 300 300 30 60 90 90 720 630 180 180 810 900 540 900 900 90 180 270 80 70 20 20 90 100 60 100 100 10 20 30 560 160 160 720 800 480 800 800 80 160 240 140 140 630 700 420 700 700 70 140 210 40 180 200 120 200 200 20 40 60 180 200 120 200 200 20 40 60 900 540 900 900 90 180 270 600 1000 1000 100 200 300 600 600 60 120 180 1000 33 200 300 100 200 300 20 30 60 
1440 480 480 1440 160 1280 1120 320 320 1440 1600 960 1600 1600 160 320 480 540 540 1620 180 1440 1260 360 360 1620 1800 1080 1800 1800 180 360 540 180 540 60 480 420 120 120 540 600 360 600 600 60 120 180 540 60 480 420 120 120 540 600 360 600 600 60 120 180 180 1440 1260 360 360 1620 1800 1080 1800 1800 180 360 540 160 140 40 40 180 200 120 200 200 20 40 60 1120 320 320 1440 1600 960 1600 1600 160 320 480 280 280 1260 1400 840 1400 1400 140 280 420 80 360 400 240 400 400 40 80 120 360 400 240 400 400 40 80 120 1800 1080 1800 1800 180 360 540 1200 2000 2000 200 400 600 1200 1200 120 240 360 2000 200 1528 600 200 400 600 40 60 120 
2160 720 720 2160 240 1920 1680 480 480 2160 2400 1440 2400 2400 240 480 720 810 810 2430 270 2160 1890 540 540 2430 2700 1620 2700 2700 270 540 810 270 810 90 720 630 180 180 810 900 540 900 900 90 180 270 810 90 720 630 180 180 810 900 540 900 900 90 180 270 270 2160 1890 540 540 2430 2700 1620 2700 2700 270 540 810 240 210 60 60 270 300 180 300 300 30 60 90 1680 480 480 2160 2400 1440 2400 2400 240 480 720 420 420 1890 2100 1260 2100 2100 210 420 630 120 540 600 360 600 600 60 120 180 540 600 360 600 600 60 120 180 2700 1620 2700 2700 270 540 810 1800 3000 3000 300 600 900 1800 1800 180 360 540 3000 300 600 1486 300 600 900 60 90 180 
720 240 240 720 80 640 560 160 160 720 800 480 800 800 80 160 240 270 270 810 90 720 630 180 180 810 900 540 900 900 90 180 270 90 270 30 240 210 60 60 270 300 180 300 300 30 60 90 270 30 240 210 60 60 270 300 180 300 300 30 60 90 90 720 630 180 180 810 900 540 900 900 90 180 270 80 70 20 20 90 100 60 100 100 10 20 30 560 160 160 720 800 480 800 800 80 160 240 140 140 630 700 420 700 700 70 140 210 40 180 200 120 200 200 20 40 60 180 200 120 200 200 20 40 60 900 540 900 900 90 180 270 600 1000 1000 100 200 300 600 600 60 120 180 1000 100 200 300 1228 200 300 20 30 60 
1440 480 480 1440 160 1280 1120 320 320 1440 1600 960 1600 1600 160 320 480 540 540 1620 180 1440 1260 360 360 1620 1800 1080 1800 1800 180 360 540 180 540 60 480 420 120 120 540 600 360 600 600 60 120 180 540 60 480 420 120 120 540 600 360 600 600 60 120 180 180 1440 1260 360 360 1620 1800 1080 1800 1800 180 360 540 160 140 40 40 180 200 120 200 200 20 40 60 1120 320 320 1440 1600 960 1600 1600 160 320 480 280 280 1260 1400 840 1400 1400 140 280 420 80 360 400 240 400 400 40 80 120 360 400 240 400 400 40 80 120 1800 1080 1800 1800 180 360 540 1200 2000 2000 200 400 600 1200 1200 120 240 360 2000 200 400 600 200 5166 600 40 60 120 
2160 720 720 2160 240 1920 1680 480 480 2160 2400 1440 2400 2400 240 480 720 810 810 2430 270 2160 1890 540 540 2430 2700 1620 2700 2700 270 540 810 270 810 90 720 630 180 180 810 900 540 900 900 90 180 270 810 90 720 630 180 180 810 900 540 900 900 90 180 270 270 2160 1890 540 540 2430 2700 1620 2700 2700 270 540 810 240 210 60 60 270 300 180 300 300 30 60 90 1680 480 480 2160 2400 1440 2400 2400 240 480 720 420 420 1890 2100 1260 2100 2100 210 420 630 120 540 600 360 600 600 60 120 180 540 600 360 600 600 60 120 180 2700 1620 2700 2700 270 540 810 1800 3000 3000 300 600 900 1800 1800 180 360 540 3000 300 600 900 300 600 1253 60 90 180 
144 48 48 144 16 128 112 32 32 144 160 96 160 160 16 32 48 54 54 162 18 144 126 36 36 162 180 108 180 180 18 36 54 18 54 6 48 42 12 12 54 60 36 60 60 6 12 18 54 6 48 42 12 12 54 60 36 60 60 6 12 18 18 144 126 36 36 162 180 108 180 180 18 36 54 16 14 4 4 18 20 12 20 20 2 4 6 112 32 32 144 160 96 160 160 16 32 48 28 28 126 140 84 140 140 14 28 42 8 36 40 24 40 40 4 8 12 36 40 24 40 40 4 8 12 180 108 180 180 18 36 54 120 200 200 20 40 60 120 120 12 24 36 200 20 40 60 20 40 60 2427 6 12 
216 72 72 216 24 192 168 48 48 216 240 144 240 240 24 48 72 81 81 243 27 216 189 54 54 243 270 162 270 270 27 54 81 27 81 9 72 63 18 18 81 90 54 90 90 9 18 27 81 9 72 63 18 18 81 90 54 90 90 9 18 27 27 216 189 54 54 243 270 162 270 270 27 54 81 24 21 6 6 27 30 18 30 30 3 6 9 168 48 48 216 240 144 240 240 24 48 72 42 42 189 210 126 210 210 21 42 63 12 54 60 36 60 60 6 12 18 54 60 36 60 60 6 12 18 270 162 270 270 27 54 81 180 300 300 30 60 90 180 180 18 36 54 300 30 60 90 30 60 90 6 9715 18 
432 144 144 432 48 384 336 96 96 432 480 288 480 480 48 96 144 162 162 486 54 432 378 108 108 486 540 324 540 540 54 108 162 54 162 18 144 126 36 36 162 180 108 180 180 18 36 54 162 18 144 126 36 36 162 180 108 180 180 18 36 54 54 432 378 108 108 486 540 324 540 540 54 108 162 48 42 12 12 54 60 36 60 60 6 12 18 336 96 96 432 480 288 480 480 48 96 144 84 84 378 420 252 420 420 42 84 126 24 108 120 72 120 120 12 24 36 108 120 72 120 120 12 24 36 540 324 540 540 54 108 162 360 600 600 60 120 180 360 360 36 72 108 600 60 120 180 60 120 180 12 18 5520 
