28 8
85 4 8 4 15 19 13 5 2 2 6 13 11 20 9 5 14 2 17 9 2 2 3 3 10 9 2 4 
4 99 8 0 15 0 6 15 5 4 17 1 3 18 16 16 12 18 6 1 3 11 10 4 10 16 18 0 
8 8 10 11 11 14 12 12 1 0 8 11 9 10 1 5 3 0 16 4 3 4 18 20 15 3 13 17 
4 0 11 93 3 5 16 11 18 14 13 0 18 0 16 12 3 6 10 20 0 16 11 13 0 1 13 11 
15 15 11 3 96 2 3 14 8 8 12 0 0 1 11 2 6 2 14 1 10 11 15 13 1 7 8 5 
19 0 14 5 2 34 20 19 16 11 5 1 3 13 13 9 14 11 2 13 9 11 12 5 16 1 18 14 
13 6 12 16 3 20 85 6 11 6 8 20 17 15 16 17 19 3 16 6 8 20 5 17 4 2 9 16 
5 15 12 11 14 19 6 10 14 1 15 19 3 15 16 16 3 14 5 20 20 18 8 20 20 10 0 6 
2 5 1 18 8 16 11 14 38 1 19 18 2 13 13 4 18 14 2 11 3 1 2 2 1 2 4 9 
2 4 0 14 8 11 6 1 1 83 1 1 20 7 10 15 6 10 0 19 10 3 13 0 16 18 3 15 
6 17 8 13 12 5 8 15 19 1 32 16 6 13 14 10 3 18 15 11 1 6 1 8 17 15 10 3 
13 1 11 0 0 1 20 19 18 1 16 39 17 9 5 2 2 14 10 1 2 10 20 17 4 11 3 2 
11 3 9 18 0 3 17 3 2 20 6 17 29 20 19 6 2 7 18 14 0 16 2 17 18 17 16 17 
20 18 10 0 1 13 15 15 13 7 13 9 20 38 6 7 4 1 5 15 20 5 15 15 3 10 8 1 
9 16 1 16 11 13 16 16 13 10 14 5 19 6 38 4 10 4 19 3 3 16 13 19 19 9 2 16 
5 16 5 12 2 9 17 16 4 15 10 2 6 7 4 84 18 3 10 8 4 14 13 19 18 3 3 12 
14 12 3 3 6 14 19 3 18 6 3 2 2 4 10 18 28 4 20 5 11 15 2 20 9 19 13 18 
2 18 0 6 2 11 3 14 14 10 18 14 7 1 4 3 4 11 2 16 4 17 13 9 18 19 7 9 
17 6 16 10 14 2 16 5 2 0 15 10 18 5 19 10 20 2 29 2 19 7 17 19 4 8 3 7 
9 1 4 20 1 13 6 20 11 19 11 1 14 15 3 8 5 16 2 40 4 19 15 15 1 2 11 11 
2 3 3 0 10 9 8 20 3 10 1 2 0 20 3 4 11 4 19 4 30 12 7 12 19 13 3 0 
2 11 4 16 11 11 20 18 1 3 6 10 16 5 16 14 15 17 7 19 12 59 4 6 14 2 7 0 
3 10 18 11 15 12 5 8 2 13 1 20 2 15 13 13 2 13 17 15 7 4 66 14 6 20 17 20 
3 4 20 13 13 5 17 20 2 0 8 17 17 15 19 19 20 9 19 15 12 6 14 39 9 10 13 8 
10 10 15 0 1 16 4 20 1 16 17 4 18 3 19 18 9 18 4 1 19 14 6 9 72 16 4 16 
9 16 3 1 7 1 2 10 2 18 15 11 17 10 9 3 19 19 8 2 13 2 20 10 16 54 8 8 
2 18 13 13 8 18 9 0 4 3 10 3 16 8 2 3 13 7 3 11 3 7 17 13 4 8 83 16 
4 0 17 11 5 14 16 6 9 15 3 2 17 1 16 12 18 9 7 11 0 0 20 8 16 8 16 49 
