78 13
51 13 15 26 25 20 34 31 17 29 12 10 14 15 21 0 6 23 8 18 14 35 18 2 25 13 7 31 17 18 22 26 13 12 14 12 20 23 5 14 21 4 26 21 46 26 33 38 34 26 20 35 31 18 29 13 11 29 26 12 23 16 5 35 38 45 34 31 18 31 4 13 29 31 20 25 22 30 
13 29 13 15 14 11 22 22 7 16 21 3 25 28 25 12 19 22 13 26 15 46 29 15 21 0 6 23 8 18 14 35 18 10 12 16 10 20 12 1 33 17 16 12 38 13 29 29 37 24 10 23 22 8 16 21 4 17 19 7 10 26 9 22 31 35 34 25 5 18 15 5 22 38 22 28 16 39 
15 13 30 28 15 9 34 18 21 25 27 15 29 25 34 15 19 34 7 33 26 50 33 14 34 13 12 36 8 30 27 41 26 21 0 6 23 8 18 14 35 18 28 25 51 23 41 42 47 36 9 34 18 21 26 28 15 30 12 19 21 31 15 31 44 47 46 38 15 24 19 8 35 46 33 38 29 45 
26 15 28 43 21 22 9 29 8 9 28 15 34 40 25 25 31 17 28 31 18 52 36 28 14 14 20 10 20 19 5 40 23 15 27 31 6 33 23 14 43 30 0 6 23 8 18 14 35 18 21 9 29 8 9 27 15 3 29 14 8 34 21 13 17 19 29 13 12 17 26 19 9 39 22 26 9 43 
25 14 15 21 1 6 23 8 18 13 35 18 39 39 39 25 31 34 21 41 29 60 43 26 32 14 19 31 8 32 23 50 32 24 15 21 20 16 27 14 47 30 21 21 43 13 39 34 51 36 6 23 8 18 14 35 18 21 9 21 13 40 23 17 38 37 47 34 10 9 29 11 30 53 36 42 27 54 
20 11 9 22 6 12 26 11 17 17 31 14 34 33 36 20 25 32 14 37 26 55 38 20 32 11 14 32 2 30 23 45 28 21 8 15 19 11 22 11 41 24 23 21 46 16 39 36 48 35 0 27 11 18 18 31 15 23 8 18 14 35 18 22 40 40 45 34 9 15 24 6 31 49 33 39 26 49 
34 22 34 9 23 26 47 30 17 9 37 24 43 49 33 34 40 25 35 40 27 61 45 37 21 22 28 14 25 27 14 48 32 24 33 38 15 38 32 21 52 38 8 15 21 10 23 13 43 25 25 0 29 16 8 36 23 6 32 23 12 43 29 8 18 14 35 18 18 16 35 25 14 48 31 34 17 52 
31 22 18 29 8 11 30 16 27 21 42 26 46 43 47 31 36 43 25 48 37 67 49 32 41 22 26 40 14 40 32 57 40 32 18 24 28 15 33 22 53 35 30 30 51 21 47 42 59 45 11 30 0 27 22 42 26 29 6 29 21 47 30 23 47 44 56 43 18 14 35 18 39 60 44 50 35 61 
17 7 21 8 18 17 17 27 37 13 21 7 26 32 21 16 23 15 20 25 12 46 29 20 14 7 11 15 15 14 6 34 17 7 20 23 2 27 15 6 35 21 9 4 31 10 21 21 33 17 17 17 26 0 13 20 6 11 25 6 7 26 12 19 23 28 28 17 8 19 18 12 14 35 18 23 9 38 
29 16 25 9 13 17 9 21 13 29 34 18 39 44 33 28 35 26 28 38 25 59 43 31 24 15 22 19 17 27 14 47 30 20 24 30 12 29 27 15 48 33 9 13 30 2 28 21 44 27 16 9 20 13 0 34 18 8 23 19 6 40 24 6 26 23 38 23 10 8 30 17 18 48 31 35 18 51 
12 21 27 28 35 31 37 42 21 34 71 17 6 17 10 12 12 16 21 6 10 25 8 14 20 21 16 28 28 11 23 14 4 13 27 25 22 35 9 21 15 11 28 22 42 31 26 35 21 19 31 37 42 21 34 0 17 31 38 15 28 6 12 40 34 44 23 27 26 39 8 24 27 18 10 14 20 18 
10 3 15 15 18 14 24 26 7 18 17 36 21 25 21 10 16 19 13 22 11 42 25 13 19 3 4 22 11 15 13 31 14 6 14 17 10 23 9 4 30 15 16 11 37 16 26 28 34 21 14 24 25 7 19 17 0 18 22 4 12 22 6 25 30 35 31 23 8 22 12 8 21 34 18 24 14 35 
14 25 29 34 39 34 43 46 26 39 6 21 26 13 15 14 11 22 22 7 16 21 3 15 26 25 20 34 31 17 29 12 10 19 29 25 28 37 12 25 9 11 34 28 49 37 32 42 24 25 34 43 46 26 40 6 22 37 41 20 33 2 16 46 40 50 28 33 30 44 10 27 33 19 16 19 26 16 
15 28 25 40 39 33 49 43 32 44 17 25 13 30 28 15 9 34 18 21 25 27 15 13 36 28 22 44 31 28 36 24 21 26 25 20 34 31 17 29 12 10 41 35 59 41 43 51 37 36 33 50 44 32 44 18 26 43 38 26 38 15 19 50 50 59 41 43 33 46 14 27 42 31 28 32 35 27 
21 25 34 25 39 36 33 47 21 33 10 21 15 28 52 21 22 9 29 8 9 28 15 23 13 24 22 22 33 6 19 15 8 15 34 34 21 43 16 24 22 21 25 20 34 31 17 29 12 10 35 34 47 21 34 9 21 28 44 17 29 14 19 39 26 38 13 19 28 40 17 29 21 14 2 4 16 18 
0 12 15 25 25 20 34 31 16 28 12 10 14 15 21 51 6 23 8 18 13 35 18 3 24 13 6 30 17 17 22 26 12 12 15 13 19 23 4 13 21 5 26 20 46 26 32 37 33 25 20 34 31 17 29 12 10 28 26 11 22 16 4 35 37 44 33 30 18 31 4 13 29 31 19 25 21 30 
6 19 19 31 31 25 40 36 23 35 12 16 11 9 22 6 40 26 11 17 17 31 14 4 29 19 13 35 23 21 27 24 14 17 19 15 25 26 8 20 16 1 32 26 51 32 36 43 33 29 25 41 36 23 35 12 17 34 31 17 29 12 10 41 42 50 35 35 24 37 6 19 34 30 22 26 27 27 
23 22 34 17 34 32 25 43 15 26 16 19 22 34 9 23 26 69 30 17 9 37 24 26 4 21 21 13 30 5 12 24 12 12 33 34 15 42 18 21 30 25 17 13 26 24 9 20 18 2 32 25 42 15 26 16 18 20 41 14 22 22 19 31 17 29 12 10 24 34 20 27 12 22 6 9 8 27 
8 13 7 28 21 14 35 25 20 28 21 13 22 18 29 8 11 30 63 27 21 42 26 7 31 13 9 35 13 25 26 34 21 18 7 4 22 15 13 14 28 11 29 24 51 26 39 42 42 33 15 36 25 20 29 21 13 30 20 16 23 23 10 34 43 48 41 36 17 29 12 10 34 40 28 33 27 38 
18 26 33 31 41 37 40 48 25 38 6 22 7 21 8 18 17 17 27 35 13 21 7 20 21 26 22 30 34 13 26 8 8 18 33 31 26 41 15 26 14 17 32 25 43 36 26 37 16 19 37 40 48 25 39 5 23 34 44 20 33 6 18 44 34 46 20 27 31 44 14 30 29 12 10 11 23 12 
14 15 26 18 29 26 27 37 12 25 10 11 16 25 9 13 17 9 21 13 58 34 18 17 11 15 13 18 23 4 13 22 5 5 25 25 13 34 9 15 25 16 18 12 33 23 18 26 22 12 26 27 37 12 25 9 11 21 34 7 20 16 10 31 25 34 20 18 19 31 11 19 17 23 7 12 10 25 
35 46 50 52 60 55 61 67 46 59 25 42 21 27 28 35 31 37 42 21 34 25 17 35 41 46 41 50 52 33 47 13 29 38 50 46 47 57 33 46 15 31 53 46 61 57 44 57 26 38 55 61 67 46 60 25 43 55 62 40 54 20 37 65 53 66 34 47 51 65 31 49 49 17 30 29 44 10 
18 29 33 36 43 38 45 49 29 43 8 25 3 15 15 18 14 24 26 7 18 17 21 18 27 29 23 36 35 19 31 9 13 22 33 29 31 41 16 29 6 15 37 30 50 40 33 43 22 26 38 46 49 29 43 9 25 39 45 23 37 2 20 49 41 52 27 34 34 47 14 31 35 16 17 18 29 12 
2 15 14 28 26 20 37 32 20 31 14 13 15 13 23 3 4 26 7 20 17 35 18 26 28 15 9 34 18 21 25 27 15 15 14 11 22 22 7 16 21 3 29 23 49 28 35 41 36 29 21 37 32 20 31 15 13 31 26 15 25 16 7 37 41 48 36 34 20 33 6 15 32 33 22 27 25 31 
25 21 34 14 32 32 21 41 14 24 20 19 26 36 13 24 29 4 31 21 11 41 27 28 31 21 22 9 29 8 9 28 15 13 33 35 12 41 20 20 34 27 14 11 22 22 7 16 21 3 31 21 41 14 23 19 18 16 40 14 20 25 20 28 14 25 15 6 22 31 22 26 8 26 10 13 5 31 
13 0 13 14 14 11 22 22 7 15 21 3 25 28 24 13 19 21 13 26 15 46 29 15 21 29 6 23 8 18 13 35 18 9 13 16 9 20 13 0 34 18 15 11 38 13 28 28 37 24 11 22 22 7 16 21 3 17 19 7 9 26 9 22 30 34 34 24 5 18 15 5 21 38 22 28 15 39 
7 6 12 20 19 14 28 26 11 22 16 4 20 22 22 6 13 21 9 22 13 41 23 9 22 6 22 26 11 17 17 31 14 9 12 13 14 20 7 7 28 11 20 15 42 19 30 33 35 24 14 28 26 12 22 16 5 22 22 7 16 21 3 28 34 39 34 27 11 24 9 7 25 35 20 26 18 35 
31 23 36 10 31 32 14 40 15 19 28 22 34 44 22 30 35 13 35 30 18 50 36 34 9 23 26 45 30 17 9 37 24 18 36 39 13 43 27 22 43 34 10 11 15 18 9 7 29 12 31 14 39 15 19 27 21 11 39 19 18 34 26 22 7 16 21 3 22 27 29 28 1 35 19 21 8 40 
17 8 8 20 8 2 25 14 15 17 28 11 31 31 33 17 23 30 13 34 23 52 35 18 29 8 11 30 44 27 21 42 26 18 7 13 17 13 19 9 39 21 21 19 44 15 36 35 46 32 2 26 14 15 17 28 12 22 11 16 13 32 15 22 38 39 43 32 7 16 21 3 29 46 30 36 24 46 
18 18 30 19 32 30 27 40 14 27 11 15 17 28 6 17 21 5 25 13 4 33 19 21 8 18 17 17 27 15 13 21 7 8 29 30 14 38 13 18 26 19 19 13 31 24 15 24 19 8 29 28 40 14 27 10 15 21 38 11 22 16 14 32 22 33 16 15 22 33 15 23 16 21 3 9 10 24 
22 14 27 5 23 23 14 32 6 14 23 13 29 36 19 22 27 12 26 26 13 47 31 25 9 13 17 9 21 13 32 34 18 10 27 30 4 34 19 13 38 26 5 2 24 12 15 15 30 13 23 14 31 6 14 22 12 8 31 10 11 29 17 19 17 22 24 11 14 22 22 19 7 34 17 21 3 37 
26 35 41 40 50 45 48 57 34 47 14 31 12 24 15 26 24 24 34 8 22 13 9 27 28 35 31 37 42 21 34 42 17 27 41 38 35 49 23 35 13 24 40 34 49 45 31 44 15 25 45 49 57 34 47 14 31 42 53 29 42 11 27 53 40 53 22 34 40 53 22 38 36 7 17 16 31 3 
13 18 26 23 32 28 32 40 17 30 4 14 10 21 8 12 14 12 21 8 5 29 13 15 15 18 14 24 26 7 18 17 7 9 26 25 18 35 8 18 19 13 24 17 38 27 22 31 21 15 28 33 40 17 30 4 14 26 36 11 24 10 11 36 29 40 21 22 23 36 8 22 22 20 7 12 16 21 
12 10 21 15 24 21 24 32 7 20 13 6 19 26 15 12 17 12 18 18 5 38 22 15 13 9 9 18 18 8 10 27 9 56 21 22 9 29 8 9 28 15 15 9 34 18 21 25 27 15 20 24 32 7 21 13 6 18 29 2 15 19 7 27 25 33 25 18 13 26 11 14 17 29 12 18 9 30 
14 12 0 27 15 8 33 18 20 24 27 14 29 25 34 15 19 33 7 33 25 50 33 14 33 13 12 36 7 29 27 41 26 21 31 6 23 8 18 13 35 18 28 24 51 23 41 41 47 36 9 34 18 21 25 27 15 29 12 19 20 30 15 30 44 47 46 37 14 23 19 7 34 46 32 38 28 45 
12 16 6 31 21 15 38 24 23 30 25 17 25 20 34 13 15 34 4 31 25 46 29 11 35 16 13 39 13 30 30 38 25 22 6 18 26 11 17 17 31 14 32 28 54 28 43 45 46 37 15 39 24 24 31 25 17 34 18 21 25 27 15 36 47 51 46 40 19 30 17 12 38 44 32 38 31 42 
20 10 23 6 20 19 15 28 2 12 22 10 28 34 21 19 25 15 22 26 13 47 31 22 12 9 14 13 17 14 4 35 18 9 23 26 68 30 17 9 37 24 6 2 28 10 19 19 32 16 19 15 28 2 12 22 9 9 27 8 7 28 15 18 21 25 27 15 10 19 20 15 11 35 18 23 7 38 
23 20 8 33 16 11 38 15 27 29 35 23 37 31 43 23 26 42 15 41 34 57 41 22 41 20 20 43 13 38 34 49 35 29 8 11 30 36 27 21 42 26 34 32 57 28 49 48 56 44 12 39 15 28 30 36 23 35 9 27 26 38 24 34 51 52 54 45 21 25 27 15 42 54 41 46 36 53 
5 12 18 23 27 22 32 33 15 27 9 9 12 17 16 4 8 18 13 15 9 33 16 7 20 13 7 27 19 13 19 23 8 8 18 17 17 27 42 13 21 7 24 17 42 25 28 34 29 21 22 32 33 15 28 9 9 26 29 9 21 13 3 34 34 42 29 26 18 31 3 15 25 27 15 20 18 27 
14 1 14 14 14 11 21 22 6 15 21 4 25 29 24 13 20 21 14 26 15 46 29 16 20 0 7 22 9 18 13 35 18 9 13 17 9 21 13 51 34 18 14 10 37 12 27 28 37 23 11 22 22 7 15 21 3 16 20 7 9 26 9 21 30 34 34 24 4 18 16 6 21 38 22 27 15 39 
21 33 35 43 47 41 52 53 35 48 15 30 9 12 22 21 16 30 28 14 25 15 6 21 34 34 28 43 39 26 38 13 19 28 35 31 37 42 21 34 55 17 43 37 57 46 40 50 28 33 42 52 53 35 49 15 30 46 48 29 42 9 24 55 48 59 34 41 39 52 18 35 42 21 24 25 35 15 
4 17 18 30 30 24 38 35 21 33 11 15 11 10 21 5 1 25 11 17 16 31 15 3 27 18 11 34 21 19 26 24 13 15 18 14 24 26 7 18 17 30 30 24 49 31 35 41 33 28 24 39 35 22 34 12 15 33 30 15 27 13 9 40 41 49 34 34 23 36 4 18 32 29 21 25 25 27 
26 16 28 0 21 23 8 30 9 9 28 16 34 41 25 26 32 17 29 32 18 53 37 29 14 15 20 10 21 19 5 40 24 15 28 32 6 34 24 14 43 30 42 6 23 8 18 13 35 18 22 9 29 8 9 28 15 2 30 14 8 34 21 13 17 19 29 13 13 18 27 20 9 40 22 26 9 43 
21 12 25 6 21 21 15 30 4 13 22 11 28 35 20 20 26 13 24 25 12 46 30 23 11 11 15 11 19 13 2 34 17 9 24 28 2 32 17 10 37 24 6 44 26 11 17 17 31 14 21 15 30 3 13 21 10 9 29 8 9 28 15 19 19 24 25 13 12 21 20 17 10 34 17 21 5 37 
46 38 51 23 43 46 21 51 31 30 42 37 49 59 34 46 51 26 51 43 33 61 50 49 22 38 42 15 44 31 24 49 38 34 51 54 28 57 42 37 57 49 23 26 18 30 17 9 37 24 45 21 51 30 29 42 37 22 52 34 31 48 41 29 8 9 28 15 36 37 45 43 16 45 32 32 24 51 
26 13 23 8 13 16 10 21 10 2 31 16 37 41 31 26 32 24 26 36 23 57 40 28 22 13 19 18 15 24 12 45 27 18 23 28 10 28 25 12 46 31 8 11 30 59 27 21 42 26 15 10 21 10 3 31 15 8 22 16 3 37 22 9 25 24 37 22 8 9 28 15 17 46 28 33 16 48 
33 29 41 18 39 39 23 47 21 28 26 26 32 43 17 32 36 9 39 26 18 44 33 35 7 28 30 9 36 15 15 31 22 21 41 43 19 49 28 27 40 35 18 17 17 27 17 13 21 7 38 23 47 21 28 25 26 20 47 22 26 31 28 31 9 22 12 5 29 36 30 34 9 28 15 15 12 34 
38 29 42 14 34 36 13 42 21 21 35 28 42 51 29 37 43 20 42 37 26 57 43 41 16 28 33 7 35 24 15 44 31 25 41 45 19 48 34 28 50 41 13 17 9 21 13 19 34 18 36 13 42 21 21 35 28 13 43 26 22 41 33 21 5 9 25 9 27 29 37 33 8 41 26 28 15 46 
34 37 47 35 51 48 43 59 33 44 21 34 24 37 12 33 33 18 42 16 22 26 22 36 21 37 35 29 46 19 30 15 21 27 47 46 32 56 29 37 28 33 35 31 37 42 21 34 56 17 48 43 59 33 44 21 33 37 57 30 40 22 32 49 29 43 9 25 41 52 29 42 28 8 15 9 26 15 
26 24 36 18 36 35 25 45 17 27 19 21 25 36 10 25 29 2 33 19 12 38 26 29 3 24 24 12 32 8 13 25 15 15 36 37 16 44 21 23 33 28 18 14 24 26 7 18 17 31 34 25 44 17 27 18 21 20 43 17 24 24 22 32 15 27 11 9 26 35 23 29 11 23 8 9 9 28 
20 10 9 21 6 0 25 11 17 16 31 14 34 33 35 20 25 32 15 37 26 55 38 21 31 11 14 31 2 29 23 45 28 20 9 15 19 12 22 11 42 24 22 21 45 15 38 36 48 34 13 26 11 17 17 31 14 23 8 18 13 35 18 22 39 40 45 34 9 14 24 6 30 49 33 39 26 49 
35 23 34 9 23 27 0 30 17 9 37 24 43 50 34 34 41 25 36 40 27 61 46 37 21 22 28 14 26 28 14 49 33 24 34 39 15 39 32 22 52 39 9 15 21 10 23 13 43 25 26 46 30 17 9 37 24 6 32 23 13 43 30 8 18 13 35 18 19 16 35 26 14 48 31 34 17 52 
31 22 18 29 8 11 29 0 26 20 42 25 46 44 47 31 36 42 25 48 37 67 49 32 41 22 26 39 14 40 31 57 40 32 18 24 28 15 33 22 53 35 29 30 51 21 47 42 59 44 11 30 17 27 21 42 26 29 6 29 21 47 30 23 46 44 55 42 18 13 35 18 38 60 44 50 35 61 
18 8 21 8 18 18 16 27 0 13 21 7 26 32 21 17 23 15 20 25 12 46 29 20 14 7 12 15 15 14 6 34 17 7 21 24 2 28 15 7 35 22 8 3 30 10 21 21 33 17 17 17 27 37 13 21 7 10 26 6 7 27 13 19 23 27 28 17 8 19 18 13 13 35 18 23 8 38 
29 16 26 9 14 18 8 22 13 0 34 19 40 44 34 29 35 26 29 39 25 60 43 31 23 16 22 19 17 27 14 47 30 21 25 31 12 30 28 15 49 34 9 13 29 3 28 21 44 27 17 9 21 13 27 34 18 8 23 19 6 40 25 6 25 23 38 22 11 8 31 18 18 48 31 35 18 51 
13 21 28 27 35 31 36 42 20 34 0 17 6 18 9 12 12 16 21 5 9 25 9 15 19 21 16 27 28 10 22 14 4 13 27 25 22 36 9 21 15 12 28 21 42 31 25 35 21 18 31 37 42 21 34 71 17 30 38 14 28 6 12 40 33 43 23 26 26 39 8 24 26 18 10 13 20 18 
11 4 15 15 18 15 23 26 6 18 17 0 22 26 21 10 17 18 13 23 11 43 25 13 18 3 5 21 12 15 12 31 14 6 15 17 9 23 9 3 30 15 15 10 37 15 26 28 33 21 14 24 26 7 18 17 36 17 23 4 12 23 6 24 29 34 31 23 8 22 12 8 20 34 18 24 13 35 
29 17 30 3 21 23 6 29 11 8 31 18 37 43 28 28 34 20 30 34 21 55 39 31 16 17 22 11 22 21 8 42 26 18 29 34 9 35 26 16 46 33 2 9 22 8 20 13 37 20 23 6 29 10 8 30 17 53 30 17 9 37 24 11 17 17 31 14 14 16 29 21 10 42 25 29 11 46 
26 19 12 29 9 8 32 6 25 23 38 22 41 38 44 26 31 41 20 44 34 62 45 26 40 19 22 39 11 38 31 53 36 29 12 18 27 9 29 20 48 30 30 29 52 22 47 43 57 43 8 32 6 26 23 38 23 30 23 27 21 42 26 26 47 46 54 42 17 17 31 14 38 57 41 47 34 57 
12 7 19 14 21 18 23 29 6 19 15 4 20 26 17 11 17 14 16 20 7 40 23 15 14 7 7 19 16 11 10 29 11 2 19 21 8 27 9 7 29 15 14 8 34 16 22 26 30 17 18 23 29 6 19 14 4 17 27 35 13 21 7 25 26 33 27 19 11 24 12 12 17 31 14 20 10 32 
23 10 21 8 13 14 12 21 7 6 28 12 33 38 29 22 29 22 23 33 20 54 37 25 20 9 16 18 13 22 11 42 24 15 20 25 7 26 21 9 42 27 8 9 31 3 26 22 40 24 13 13 21 7 6 28 12 9 21 13 35 34 18 12 25 26 35 21 5 11 24 12 17 43 26 31 14 45 
16 26 31 34 40 35 43 47 26 40 6 22 2 15 14 16 12 22 23 6 16 20 2 16 25 26 21 34 32 16 29 11 10 19 30 27 28 38 13 26 9 13 34 28 48 37 31 41 22 24 35 43 47 27 40 6 23 37 42 21 34 62 17 46 39 50 26 32 31 45 11 29 33 17 15 17 26 14 
5 9 15 21 23 18 29 30 12 24 12 6 16 19 19 4 10 19 10 18 10 37 20 7 20 9 3 26 15 14 17 27 11 7 15 15 15 24 3 9 24 9 21 15 41 22 28 33 32 22 18 30 30 13 25 12 6 24 26 7 18 17 29 31 33 40 31 26 14 28 6 11 24 31 17 23 17 31 
35 22 31 13 17 22 8 23 19 6 40 25 46 50 39 35 41 31 34 44 31 65 49 37 28 22 28 22 22 32 19 53 36 27 30 36 18 34 34 21 55 40 13 19 29 9 31 21 49 32 22 8 23 19 6 40 24 11 26 25 12 46 31 60 27 21 42 26 17 9 37 24 21 53 36 40 23 57 
38 31 44 17 38 40 18 47 23 26 34 30 40 50 26 37 42 17 43 34 25 53 41 41 14 30 34 7 38 22 17 40 29 25 44 47 21 51 34 30 48 41 17 19 8 25 9 5 29 15 39 18 46 23 25 33 29 17 47 26 25 39 33 27 34 13 21 7 30 34 36 36 9 37 24 24 15 43 
45 35 47 19 37 40 14 44 28 23 44 35 50 59 38 44 50 29 48 46 34 66 52 48 25 34 39 16 39 33 22 53 40 33 47 51 25 52 42 34 59 49 19 24 9 24 22 9 43 27 40 13 44 27 23 43 34 17 46 33 26 50 40 21 13 18 34 18 32 30 45 39 17 50 35 37 24 55 
34 34 46 29 47 45 35 56 28 38 23 31 28 41 13 33 35 12 41 20 20 34 27 36 15 34 34 21 43 16 24 22 21 25 46 46 27 54 29 34 34 34 29 25 28 37 12 25 9 11 45 35 55 28 38 23 31 31 54 27 35 26 31 42 21 34 74 17 37 46 30 39 21 17 13 9 20 24 
31 25 38 13 34 34 18 43 17 23 27 23 33 43 19 30 35 10 36 27 18 47 34 34 6 24 27 3 32 15 11 34 22 18 37 40 15 45 26 24 41 34 13 13 15 22 5 9 25 9 34 18 42 17 22 26 23 14 42 19 21 32 26 26 7 18 17 48 25 31 29 30 4 31 17 18 9 37 
18 5 15 12 10 9 18 18 8 10 26 8 30 33 28 18 24 24 17 31 19 51 34 20 22 5 11 22 7 22 14 40 23 13 14 19 10 21 18 4 39 23 13 12 36 8 29 27 41 26 9 19 18 8 11 26 8 14 17 11 5 31 14 17 30 32 37 25 54 13 21 7 21 42 26 31 17 44 
31 18 24 17 9 15 16 14 19 8 39 22 44 46 40 31 37 34 29 44 31 65 47 33 31 18 24 27 16 33 22 53 36 26 23 30 19 25 31 18 52 36 18 21 37 9 36 29 52 35 14 16 13 19 8 39 22 16 17 24 11 45 28 9 34 30 46 31 13 42 34 18 27 55 37 42 26 57 
4 15 19 26 29 24 35 35 18 30 8 12 10 14 17 4 6 20 12 14 11 31 14 6 22 15 9 29 21 15 22 22 8 11 19 17 20 27 3 16 18 4 27 20 45 28 30 37 29 23 24 35 35 18 31 8 12 29 31 12 24 11 6 37 36 45 30 29 21 34 85 17 28 27 16 21 21 26 
13 5 8 19 11 6 25 18 12 17 24 8 27 27 29 13 19 27 10 30 19 49 31 15 26 5 7 28 3 23 19 38 22 14 7 12 15 15 15 6 35 18 20 17 43 15 34 33 42 29 6 26 18 13 18 24 8 21 14 12 12 29 11 24 36 39 39 30 7 18 17 52 27 42 27 32 21 42 
29 22 35 9 30 31 14 39 14 18 27 21 33 42 21 29 34 12 34 29 17 49 35 32 8 21 25 1 29 16 7 36 22 17 34 38 11 42 25 21 42 32 9 10 16 17 9 8 28 11 30 14 38 13 18 26 20 10 38 17 17 33 24 21 9 17 21 4 21 27 28 27 26 34 18 21 7 39 
31 38 46 39 53 49 48 60 35 48 18 34 19 31 14 31 30 22 40 12 23 17 16 33 26 38 35 35 46 21 34 7 20 29 46 44 35 54 27 38 21 29 40 34 45 46 28 41 8 23 49 48 60 35 48 18 34 42 57 31 43 17 31 53 37 50 17 31 42 55 27 42 34 42 17 13 30 7 
20 22 33 22 36 33 31 44 18 31 10 18 16 28 2 19 22 6 28 10 7 30 17 22 10 22 20 19 30 3 17 17 7 12 32 32 18 41 15 22 24 21 22 17 32 28 15 26 15 8 33 31 44 18 31 10 18 25 41 14 26 15 17 36 24 35 13 17 26 37 16 27 18 17 14 5 13 21 
25 28 38 26 42 39 34 50 23 35 14 24 19 32 4 25 26 9 33 11 12 29 18 27 13 28 26 21 36 9 21 16 12 18 38 38 23 46 20 27 25 25 26 21 32 33 15 28 9 9 39 34 50 23 35 13 24 29 47 20 31 17 23 40 24 37 9 18 31 42 21 32 21 13 5 68 17 18 
22 16 29 9 27 26 17 35 9 18 20 14 26 35 16 21 27 8 27 23 10 44 29 25 5 15 18 8 24 10 3 31 16 9 28 31 7 36 18 15 35 25 9 5 24 16 12 15 26 9 26 17 35 8 18 20 13 11 34 10 14 26 17 23 15 24 20 9 17 26 21 21 7 30 13 17 37 34 
30 39 45 43 54 49 52 61 38 51 18 35 16 27 18 30 27 27 38 12 25 10 12 31 31 39 35 40 46 24 37 3 21 30 45 42 38 53 27 39 15 27 43 37 51 48 34 46 15 28 49 52 61 38 51 18 35 46 57 32 45 14 31 57 43 55 24 37 44 57 26 42 39 7 21 18 34 35 
