45 10
40 15 6 5 18 16 7 4 19 9 5 19 8 2 14 8 20 12 0 7 11 13 9 16 2 5 7 9 7 11 19 5 14 6 4 15 5 6 12 17 10 11 14 12 13 
15 14 19 5 12 13 12 1 0 11 0 15 17 20 13 15 5 10 14 0 13 5 15 14 15 2 14 13 20 12 4 4 2 6 0 7 12 4 14 11 20 2 20 3 5 
6 19 20 6 10 19 5 11 9 20 4 7 12 16 5 9 2 5 19 13 20 18 13 17 0 1 19 15 1 16 6 17 17 14 10 16 19 14 5 10 19 0 1 18 5 
5 5 6 39 20 3 0 7 12 11 4 5 12 5 20 4 3 2 7 2 5 20 10 6 1 12 4 17 17 5 11 12 2 3 8 13 4 17 14 18 10 19 4 5 17 
18 12 10 20 8 15 1 2 8 1 9 8 20 12 13 0 18 13 19 10 8 16 8 17 14 12 5 3 3 20 11 18 1 1 11 8 1 0 7 3 13 3 8 1 8 
16 13 19 3 15 85 0 18 10 19 15 13 12 18 10 15 9 9 5 0 1 7 6 2 13 10 4 3 20 10 20 2 16 8 3 18 10 9 14 15 5 20 17 2 16 
7 12 5 0 1 0 98 19 18 15 11 18 19 10 14 5 4 14 0 13 10 14 0 20 11 16 2 17 5 12 6 3 14 17 0 9 0 11 10 20 9 15 13 2 16 
4 1 11 7 2 18 19 46 12 20 18 1 15 10 19 11 13 2 3 10 10 9 8 9 8 12 3 1 9 10 0 2 14 5 17 13 9 1 3 4 14 5 1 9 0 
19 0 9 12 8 10 18 12 70 7 15 7 13 20 14 13 10 11 11 3 7 4 14 18 4 11 18 14 14 13 3 15 9 11 18 15 16 14 17 17 20 5 7 19 9 
9 11 20 11 1 19 15 20 7 58 8 12 7 11 12 6 11 9 14 2 10 3 2 18 12 20 13 7 19 19 3 1 6 8 6 3 8 2 18 17 16 14 4 4 20 
5 0 4 4 9 15 11 18 15 8 55 18 20 10 13 12 11 18 20 10 3 20 16 6 11 3 9 17 6 2 6 11 15 4 2 12 6 15 3 14 3 14 1 5 13 
19 15 7 5 8 13 18 1 7 12 18 67 11 11 9 10 2 4 0 11 12 1 5 14 11 14 11 10 0 2 9 0 19 0 13 16 19 14 17 9 1 6 18 5 13 
8 17 12 12 20 12 19 15 13 7 20 11 78 6 2 19 1 4 2 9 20 18 7 19 8 9 6 20 12 0 3 20 15 7 20 19 11 16 20 10 5 11 1 13 14 
2 20 16 5 12 18 10 10 20 11 10 11 6 1 15 11 8 5 5 16 15 0 11 2 7 11 3 20 11 15 4 18 3 18 16 18 13 0 3 16 13 9 13 17 3 
14 13 5 20 13 10 14 19 14 12 13 9 2 15 63 7 10 19 12 10 17 6 4 4 8 5 5 0 8 6 12 18 15 0 4 5 11 13 18 17 18 5 3 13 5 
8 15 9 4 0 15 5 11 13 6 12 10 19 11 7 61 19 5 17 6 13 0 20 6 20 3 11 9 12 18 8 10 17 20 2 11 6 4 12 12 17 12 3 0 5 
20 5 2 3 18 9 4 13 10 11 11 2 1 8 10 19 69 3 2 6 4 10 3 3 7 3 17 1 1 0 3 1 6 10 16 20 14 11 8 4 3 1 7 15 18 
12 10 5 2 13 9 14 2 11 9 18 4 4 5 19 5 3 80 0 1 11 3 10 13 15 2 1 17 8 7 0 16 12 0 18 17 18 19 6 0 18 1 4 10 10 
0 14 19 7 19 5 0 3 11 14 20 0 2 5 12 17 2 0 14 13 15 14 8 14 19 11 3 14 18 12 1 14 16 9 6 3 11 16 4 7 16 16 8 18 10 
7 0 13 2 10 0 13 10 3 2 10 11 9 16 10 6 6 1 13 6 16 11 1 9 6 1 9 16 1 19 6 4 2 13 12 8 9 20 1 13 14 17 4 16 20 
11 13 20 5 8 1 10 10 7 10 3 12 20 15 17 13 4 11 15 16 7 4 16 7 12 6 2 11 14 15 2 5 18 10 10 0 7 19 14 12 17 14 13 4 3 
13 5 18 20 16 7 14 9 4 3 20 1 18 0 6 0 10 3 14 11 4 92 12 11 4 15 12 1 6 16 1 12 19 7 12 3 18 16 10 16 4 4 1 11 0 
9 15 13 10 8 6 0 8 14 2 16 5 7 11 4 20 3 10 8 1 16 12 81 13 0 20 20 18 18 0 6 18 2 19 14 1 9 3 11 18 1 18 6 20 0 
16 14 17 6 17 2 20 9 18 18 6 14 19 2 4 6 3 13 14 9 7 11 13 98 0 3 5 9 2 8 6 17 12 19 6 4 4 6 17 19 19 12 0 16 11 
2 15 0 1 14 13 11 8 4 12 11 11 8 7 8 20 7 15 19 6 12 4 0 0 68 14 3 19 20 11 19 16 3 13 10 18 5 7 0 12 9 2 7 10 20 
5 2 1 12 12 10 16 12 11 20 3 14 9 11 5 3 3 2 11 1 6 15 20 3 14 82 0 5 5 6 6 3 16 9 20 5 2 1 13 15 20 11 4 15 1 
7 14 19 4 5 4 2 3 18 13 9 11 6 3 5 11 17 1 3 9 2 12 20 5 3 0 47 1 6 9 2 18 3 10 9 5 2 17 13 14 16 16 8 14 7 
9 13 15 17 3 3 17 1 14 7 17 10 20 20 0 9 1 17 14 16 11 1 18 9 19 5 1 48 7 4 6 13 17 4 3 0 16 5 9 6 20 20 18 9 0 
7 20 1 17 3 20 5 9 14 19 6 0 12 11 8 12 1 8 18 1 14 6 18 2 20 5 6 7 2 2 2 6 1 17 16 1 8 19 7 6 19 3 19 10 9 
11 12 16 5 20 10 12 10 13 19 2 2 0 15 6 18 0 7 12 19 15 16 0 8 11 6 9 4 2 9 12 4 16 10 2 15 3 11 16 9 10 19 13 1 13 
19 4 6 11 11 20 6 0 3 3 6 9 3 4 12 8 3 0 1 6 2 1 6 6 19 6 2 6 2 12 40 15 20 18 8 17 16 10 17 7 3 15 11 17 0 
5 4 17 12 18 2 3 2 15 1 11 0 20 18 18 10 1 16 14 4 5 12 18 17 16 3 18 13 6 4 15 48 7 13 5 6 16 6 1 20 3 2 11 10 8 
14 2 17 2 1 16 14 14 9 6 15 19 15 3 15 17 6 12 16 2 18 19 2 12 3 16 3 17 1 16 20 7 42 1 14 11 10 19 16 14 5 19 20 13 12 
6 6 14 3 1 8 17 5 11 8 4 0 7 18 0 20 10 0 9 13 10 7 19 19 13 9 10 4 17 10 18 13 1 59 5 4 3 15 16 18 2 18 14 19 8 
4 0 10 8 11 3 0 17 18 6 2 13 20 16 4 2 16 18 6 12 10 12 14 6 10 20 9 3 16 2 8 5 14 5 50 19 16 3 5 6 16 0 4 1 9 
15 7 16 13 8 18 9 13 15 3 12 16 19 18 5 11 20 17 3 8 0 3 1 4 18 5 5 0 1 15 17 6 11 4 19 27 5 8 19 9 10 1 6 16 16 
5 12 19 4 1 10 0 9 16 8 6 19 11 13 11 6 14 18 11 9 7 18 9 4 5 2 2 16 8 3 16 16 10 3 16 5 13 13 15 15 17 7 0 17 3 
6 4 14 17 0 9 11 1 14 2 15 14 16 0 13 4 11 19 16 20 19 16 3 6 7 1 17 5 19 11 10 6 19 15 3 8 13 42 17 20 8 11 13 8 6 
12 14 5 14 7 14 10 3 17 18 3 17 20 3 18 12 8 6 4 1 14 10 11 17 0 13 13 9 7 16 17 1 16 16 5 19 15 17 11 13 13 11 17 7 0 
17 11 10 18 3 15 20 4 17 17 14 9 10 16 17 12 4 0 7 13 12 16 18 19 12 15 14 6 6 9 7 20 14 18 6 9 15 20 13 75 15 13 11 14 15 
10 20 19 10 13 5 9 14 20 16 3 1 5 13 18 17 3 18 16 14 17 4 1 19 9 20 16 20 19 10 3 3 5 2 16 10 17 8 13 15 51 13 1 13 0 
11 2 0 19 3 20 15 5 5 14 14 6 11 9 5 12 1 1 16 17 14 4 18 12 2 11 16 20 3 19 15 2 19 18 0 1 7 11 11 13 13 96 15 14 0 
14 20 1 4 8 17 13 1 7 4 1 18 1 13 3 3 7 4 8 4 13 1 6 0 7 4 8 18 19 13 11 11 20 14 4 6 0 13 17 11 1 15 56 11 1 
12 3 18 5 1 2 2 9 19 4 5 5 13 17 13 0 15 10 18 16 4 11 20 16 10 15 14 9 10 1 17 10 13 19 1 16 17 8 7 14 13 14 11 48 18 
13 5 5 17 8 16 16 0 9 20 13 13 14 3 5 5 18 10 10 20 3 0 0 11 20 1 7 0 9 13 0 8 12 8 9 16 3 6 0 15 0 0 1 18 43 
