136 17
87 30 51 34 44 30 53 43 30 7 56 22 37 35 44 22 45 24 9 38 13 19 14 21 36 17 22 8 46 5 43 54 26 64 27 49 43 43 38 46 27 33 66 36 58 41 66 38 66 57 48 24 67 30 48 59 54 46 37 21 43 33 21 4 46 14 27 31 35 19 35 63 55 50 34 62 30 45 68 49 57 39 30 18 7 42 11 24 31 31 20 57 46 21 68 31 49 54 56 41 37 13 59 21 39 48 46 35 14 47 10 28 47 34 36 21 15 3 39 9 35 34 51 52 58 38 15 30 23 22 38 39 26 41 60 27 
30 91 36 40 19 38 42 35 24 30 48 36 37 5 42 8 43 8 36 25 38 10 18 28 54 15 45 28 40 24 46 24 9 38 13 19 14 21 36 17 22 8 46 5 43 27 36 23 44 35 22 6 48 17 29 29 37 17 10 36 34 29 19 34 40 36 32 6 37 15 6 35 26 20 17 35 2 16 41 23 33 30 26 18 36 37 36 30 10 34 18 38 25 13 52 25 35 24 42 11 16 17 43 22 28 18 34 8 24 29 20 16 22 21 19 20 42 27 32 25 39 32 41 23 48 10 30 18 31 27 9 34 9 11 43 2 
51 36 49 29 19 30 8 11 20 45 15 37 21 33 19 38 79 43 60 61 64 39 48 61 84 35 72 54 76 47 82 45 45 65 49 37 42 55 72 30 57 43 77 36 78 9 38 13 19 14 21 36 17 22 8 46 5 43 27 38 9 18 29 54 13 45 28 42 23 48 31 30 30 41 53 24 38 27 65 22 63 12 21 33 58 14 48 30 46 25 52 8 13 32 17 20 2 38 6 35 19 41 8 29 11 41 5 42 54 6 42 24 54 17 56 29 66 48 69 41 74 20 7 31 12 29 38 54 32 60 41 15 45 34 76 37 
34 40 29 19 38 3 26 17 17 26 25 12 7 42 13 37 76 43 43 62 47 35 40 53 70 28 55 41 75 34 75 61 45 78 48 53 53 61 68 47 54 48 86 44 82 24 62 25 48 42 41 36 46 24 32 64 35 55 38 13 19 14 21 36 17 22 8 46 5 43 40 55 52 56 55 51 42 44 80 43 73 18 15 24 39 15 26 11 49 6 46 37 35 28 43 17 27 56 31 47 31 32 35 18 21 55 23 48 45 30 30 25 63 23 58 21 48 33 67 26 67 10 25 50 30 41 18 53 11 53 49 13 45 46 83 40 
44 19 19 38 76 37 27 25 20 41 34 40 31 15 33 25 62 28 52 43 55 27 36 48 73 27 63 45 59 39 66 26 29 45 33 18 22 36 55 11 42 25 57 18 58 14 24 13 24 15 4 22 28 15 11 27 18 23 9 40 22 23 25 49 29 45 32 25 32 35 13 19 14 21 36 17 22 8 46 5 43 20 23 26 51 27 46 32 29 31 38 19 6 23 33 21 19 19 25 16 7 32 25 27 17 22 21 24 42 13 34 17 34 15 37 24 59 41 51 36 59 27 26 12 32 10 37 38 34 47 22 26 29 15 57 22 
30 38 30 3 37 27 28 19 16 22 29 8 10 40 16 34 72 40 39 59 43 32 36 49 66 25 51 37 71 30 72 59 42 76 45 52 51 59 64 46 50 45 84 42 79 25 62 24 50 42 41 33 48 23 33 63 36 53 36 9 20 14 18 32 20 18 5 43 7 39 38 56 51 54 52 51 40 43 78 43 71 19 14 21 36 17 22 8 46 5 43 38 35 25 46 15 28 55 33 46 30 29 37 15 21 54 25 46 41 31 27 23 60 22 55 18 44 29 64 22 64 11 27 50 33 39 14 50 7 49 47 15 42 45 80 37 
53 42 8 26 27 28 39 9 22 46 7 36 18 40 13 43 85 49 62 67 66 43 52 66 88 38 75 57 82 50 87 53 51 73 55 45 50 62 77 38 63 49 85 43 85 14 46 18 24 21 29 41 20 26 16 54 12 50 34 37 9 19 32 56 8 45 27 48 21 53 38 38 39 49 59 32 45 35 73 30 70 13 22 36 59 11 48 30 52 23 57 14 21 36 17 22 8 46 5 43 26 45 9 31 14 49 7 49 58 14 45 28 61 21 62 31 68 50 75 43 79 19 1 39 6 36 38 60 32 65 48 13 50 42 83 43 
43 35 11 17 25 19 9 28 13 37 13 27 9 35 8 36 77 41 53 60 56 35 43 57 78 30 65 48 75 41 79 50 43 69 47 42 45 56 69 35 55 43 80 37 79 10 47 13 30 24 28 33 28 19 16 52 17 47 29 27 2 9 23 46 5 35 17 42 12 44 32 40 38 46 53 34 38 32 70 29 66 5 13 27 50 2 38 20 46 14 48 19 20 27 26 13 9 44 14 39 21 36 17 22 8 46 5 43 49 13 35 20 56 14 55 22 59 41 67 34 71 9 8 37 15 32 29 53 22 56 43 4 43 38 78 36 
30 24 20 17 20 16 22 13 43 25 27 19 13 24 19 22 64 28 40 48 43 21 29 43 65 16 52 34 62 27 65 43 30 60 34 35 35 45 56 29 41 32 70 27 67 11 45 9 37 28 24 20 37 7 19 46 24 38 20 19 13 5 9 34 18 26 11 30 13 31 22 39 35 38 40 36 26 26 62 26 56 9 2 13 37 14 28 12 33 11 35 27 19 13 37 1 18 39 25 30 14 22 28 9 8 37 15 32 36 17 22 8 46 5 43 9 46 28 54 21 57 8 21 33 28 23 18 39 14 43 32 11 30 29 67 24 
7 30 45 26 41 22 46 37 25 72 49 14 30 35 37 23 52 27 16 43 20 20 18 28 43 15 29 15 53 10 50 55 29 67 31 49 44 47 45 46 33 36 71 36 63 36 65 34 62 53 45 24 62 26 44 60 50 48 36 13 37 27 17 9 39 7 20 33 28 23 35 61 53 51 38 59 31 43 71 47 60 34 24 15 13 36 5 16 34 24 25 52 43 19 63 25 43 54 50 42 34 14 53 16 34 49 40 37 21 42 11 24 50 30 41 17 22 8 46 5 43 27 45 51 52 38 8 34 15 29 40 33 29 41 65 29 
56 48 15 25 34 29 7 13 27 49 35 37 19 47 12 49 91 54 66 73 69 48 57 70 91 43 78 61 88 54 92 60 57 80 60 52 56 69 83 45 68 56 92 49 91 21 53 24 30 28 36 47 24 32 23 61 19 57 41 38 14 22 36 59 9 47 29 55 22 58 44 45 46 56 66 38 51 42 80 37 77 18 26 40 62 13 50 32 58 25 62 20 28 41 19 26 15 53 11 50 33 49 14 35 20 56 13 55 63 21 49 34 68 27 68 36 71 54 80 47 85 22 8 46 5 43 41 66 34 70 55 16 56 49 90 49 
22 36 37 12 40 8 36 27 19 14 37 44 18 39 25 30 66 36 31 55 35 28 31 42 58 21 43 30 66 23 65 60 39 75 41 53 50 56 59 47 45 43 81 41 75 30 65 29 56 48 44 31 55 24 38 64 42 53 37 1 28 19 17 23 28 9 9 41 15 35 38 59 54 55 48 56 38 44 78 46 69 25 17 18 27 25 13 7 43 12 38 45 39 23 53 19 35 57 41 46 33 24 44 14 27 54 32 44 35 36 21 24 58 25 51 17 36 22 59 16 57 17 35 52 41 40 8 46 5 43 46 22 38 45 76 35 
37 37 21 7 31 10 18 9 13 30 19 18 16 38 7 35 76 41 47 61 51 34 40 54 73 27 59 43 74 36 76 56 43 74 47 48 49 59 68 41 53 45 83 40 80 17 55 18 40 34 35 33 38 20 24 58 27 51 33 18 11 8 20 40 10 27 9 43 2 43 36 48 45 51 53 43 40 38 75 36 69 11 11 24 43 7 31 13 46 6 46 29 27 26 36 12 19 50 23 43 26 32 27 18 14 50 15 45 46 22 31 21 59 17 56 19 52 36 67 28 68 5 17 44 23 36 22 52 14 54 46 5 43 42 80 37 
35 5 33 42 15 40 40 35 24 35 47 39 38 92 43 13 47 13 41 27 43 15 24 34 59 19 51 33 43 29 50 20 14 36 17 14 11 21 39 12 26 9 45 2 44 25 31 22 40 30 17 10 44 17 26 24 34 13 6 39 33 29 22 40 40 41 35 9 38 21 2 29 20 15 20 30 6 11 38 18 31 30 27 21 41 37 41 33 13 35 24 35 21 16 49 25 33 19 40 6 14 22 40 25 27 14 33 8 29 27 25 17 21 21 22 22 48 32 36 29 44 32 39 17 46 5 33 22 34 32 8 35 14 5 43 8 
44 42 19 13 33 16 13 8 19 37 12 25 7 43 11 41 83 47 54 67 58 40 47 61 80 34 67 50 81 43 83 59 50 78 53 51 53 64 75 44 60 50 88 45 86 19 56 21 38 33 36 39 34 25 24 61 24 55 37 25 11 14 27 47 5 34 17 49 9 49 40 49 47 54 59 43 45 41 79 38 74 13 17 31 51 6 38 20 52 13 53 26 29 32 30 18 17 53 19 47 29 39 23 25 16 54 14 50 53 22 39 27 64 21 62 26 60 43 73 36 75 11 13 46 17 40 29 58 22 61 51 8 49 46 85 43 
22 8 38 37 25 34 43 36 22 23 49 30 35 13 41 86 41 6 28 25 30 2 11 23 47 9 38 20 39 16 43 32 8 44 11 27 21 25 33 25 19 13 50 13 45 29 44 25 49 40 28 3 52 17 33 37 40 24 16 30 34 27 15 26 40 29 29 10 34 9 14 42 33 28 18 42 8 24 48 29 38 30 24 12 28 36 29 26 12 31 13 42 29 9 55 23 37 32 44 19 20 9 46 18 29 26 36 14 17 33 12 15 28 22 21 16 34 19 31 17 36 30 42 30 49 17 23 17 26 22 16 34 8 19 46 5 
45 43 79 76 62 72 85 77 64 52 91 66 76 47 83 41 60 36 40 19 38 42 35 24 30 48 36 37 5 42 8 51 34 44 30 53 43 30 7 56 22 37 35 44 22 70 70 66 87 77 64 44 91 58 73 56 80 45 53 65 76 69 55 47 82 60 68 37 74 33 49 72 63 50 26 76 41 57 50 64 37 72 65 52 44 78 57 64 33 71 29 82 68 50 95 65 78 57 85 48 59 43 87 58 70 48 77 39 31 73 45 56 35 64 25 56 41 44 11 50 10 71 84 60 91 52 58 25 64 23 41 75 34 48 27 42 
24 8 43 43 28 40 49 41 28 27 54 36 41 13 47 6 36 102 29 19 30 8 11 20 45 15 37 21 33 19 38 30 2 40 6 26 18 20 28 25 14 9 44 13 39 34 44 30 53 43 30 7 56 22 37 35 44 22 18 35 40 33 21 29 46 34 35 6 40 7 15 43 34 26 12 44 7 25 43 31 33 36 29 18 29 42 33 32 6 37 10 46 33 15 60 29 42 31 49 18 24 13 51 24 34 24 41 10 16 37 16 20 23 27 15 22 35 21 26 22 31 36 47 31 54 18 29 11 32 18 14 39 2 18 40 6 
9 36 60 43 52 39 62 53 40 16 66 31 47 41 54 28 40 29 68 38 3 26 17 17 26 25 12 7 42 13 37 59 30 66 29 55 48 45 34 53 26 38 66 41 56 51 72 47 75 66 56 31 76 39 57 64 64 51 44 30 53 43 30 7 56 22 37 35 44 22 42 70 61 55 35 70 35 52 71 57 58 49 39 27 4 52 18 33 34 41 21 66 55 29 78 40 58 60 65 47 45 20 68 31 49 53 56 39 14 56 18 37 50 43 37 31 6 11 37 19 30 43 61 59 68 45 25 30 32 19 43 49 30 47 59 33 
38 25 61 62 43 59 67 60 48 43 73 55 61 27 67 25 19 19 38 89 37 27 25 20 41 34 40 31 15 33 25 31 17 30 14 33 23 11 13 36 11 18 28 25 20 52 51 48 67 58 44 27 71 41 54 37 61 25 34 54 59 53 41 41 65 51 54 18 60 20 30 53 43 30 7 56 22 37 35 44 22 55 49 38 40 62 49 51 14 56 18 63 49 34 76 49 60 37 67 28 41 31 68 44 53 28 60 19 24 54 33 40 17 46 5 41 42 36 8 39 21 55 66 40 73 32 47 9 52 18 21 59 17 29 22 24 
13 38 64 47 55 43 66 56 43 20 69 35 51 43 58 30 38 30 3 37 60 28 19 16 22 29 8 10 40 16 34 60 31 66 30 57 49 45 32 55 26 39 65 43 55 54 75 51 78 69 58 33 80 42 60 66 67 52 47 34 56 47 34 11 60 26 41 36 48 23 44 73 64 57 35 72 37 54 71 60 58 53 43 30 7 56 22 37 35 44 22 69 58 32 81 44 62 62 69 49 48 23 72 34 52 54 59 41 15 59 22 40 50 47 37 34 4 15 35 22 27 47 65 61 72 48 28 30 36 18 44 53 31 49 58 35 
19 10 39 35 27 32 43 35 21 20 48 28 34 15 40 2 42 8 26 27 28 106 9 22 46 7 36 18 40 13 43 35 10 47 13 30 24 28 34 27 19 15 52 16 47 29 47 25 51 41 30 5 53 16 34 40 41 27 18 27 34 26 13 24 39 26 27 13 32 9 16 44 35 30 20 44 11 26 51 31 41 30 22 10 25 36 26 24 14 29 13 43 30 7 56 22 37 35 44 22 21 6 47 16 28 29 36 17 16 33 9 14 30 22 23 14 32 16 33 14 36 28 42 33 49 19 21 18 24 21 19 33 10 21 48 8 
14 18 48 40 36 36 52 43 29 18 57 31 40 24 47 11 35 11 17 25 19 9 86 13 37 13 27 9 35 8 36 41 12 50 12 37 30 29 28 36 14 20 52 23 45 38 55 34 60 51 39 14 63 26 43 46 50 33 27 30 42 34 20 18 47 26 32 17 39 5 25 53 44 37 19 53 17 35 54 40 43 38 30 16 18 43 24 28 17 35 7 53 40 16 65 30 46 43 54 29 30 7 56 22 37 35 44 22 6 43 9 23 33 31 22 21 24 11 28 15 28 35 50 41 58 28 23 16 28 13 25 40 12 29 47 16 
21 28 61 53 48 49 66 57 43 28 70 42 54 34 61 23 24 20 17 20 16 22 13 61 25 27 19 13 24 19 22 47 19 50 17 45 36 30 17 45 10 27 48 33 38 52 64 48 73 63 51 26 75 39 56 52 64 39 39 41 56 48 34 23 61 36 45 25 52 13 35 63 54 44 20 64 27 45 55 52 42 52 44 30 21 57 33 41 22 48 10 66 53 30 79 44 60 51 67 38 43 21 69 36 51 42 58 29 7 56 22 37 35 44 22 35 21 20 19 26 14 49 64 51 72 39 34 15 41 2 32 54 19 38 41 26 
36 54 84 70 73 66 88 78 65 43 91 58 73 59 80 47 30 45 26 41 22 46 37 25 15 49 14 30 35 37 23 72 45 71 42 70 61 53 30 71 34 52 65 58 52 75 89 71 97 88 76 51 100 62 80 77 87 64 64 57 78 69 55 34 82 48 63 50 71 38 61 89 79 69 44 90 52 70 77 77 63 74 65 51 30 78 45 60 47 67 35 90 77 53 102 65 83 76 90 63 67 43 93 56 73 67 81 54 30 80 43 60 58 67 45 56 22 37 35 44 22 69 86 76 94 64 51 40 59 27 57 75 45 63 57 51 
17 15 35 28 27 25 38 30 16 15 43 21 27 19 34 9 48 15 25 34 29 7 13 27 49 112 37 19 47 12 49 40 17 53 20 34 29 34 40 30 26 22 59 21 54 25 49 22 49 40 30 9 51 13 31 44 38 32 20 20 29 20 7 22 34 21 20 19 26 15 19 45 38 35 27 44 17 28 56 32 47 25 16 3 24 30 21 17 21 22 19 40 29 4 53 17 33 39 41 26 20 6 43 9 24 33 31 23 19 30 7 11 37 18 30 7 32 14 39 10 41 22 37 35 44 22 14 25 17 26 25 27 17 25 55 14 
22 45 72 55 63 51 75 65 52 29 78 43 59 51 67 38 36 37 12 40 8 36 27 19 14 37 45 18 39 25 30 66 37 70 35 63 55 50 32 63 30 45 67 50 55 63 82 59 87 77 66 41 88 51 69 72 76 58 54 42 65 55 42 19 68 34 50 43 57 30 52 80 71 63 40 80 44 62 75 67 62 61 52 39 15 65 30 46 41 53 27 78 66 41 90 53 70 69 78 56 57 31 80 43 61 61 68 47 21 68 30 48 55 55 42 43 7 24 36 31 25 56 73 68 81 55 37 35 44 22 51 61 37 56 60 43 
8 28 54 41 45 37 57 48 34 15 61 30 43 33 50 20 37 21 7 31 10 18 9 13 30 19 18 75 38 7 35 51 22 59 21 47 40 38 30 45 20 30 60 33 50 45 65 41 68 59 48 23 70 32 51 56 58 43 37 28 48 38 25 10 52 22 34 27 41 14 34 63 54 47 28 62 27 44 63 50 51 44 34 21 9 48 19 30 26 37 14 60 48 23 72 35 53 52 60 39 38 13 62 26 43 45 50 32 7 50 12 30 42 37 30 25 14 7 32 15 27 39 56 51 63 38 22 23 29 14 35 44 22 39 53 25 
46 40 76 75 59 71 82 75 62 53 88 66 74 43 81 39 5 33 42 15 40 40 35 24 35 47 39 38 70 43 13 46 31 39 27 48 39 25 7 52 21 34 30 41 17 68 65 64 83 74 60 41 87 56 70 51 77 40 50 65 74 67 54 48 80 60 67 34 73 31 46 68 59 45 23 72 38 53 44 60 31 70 63 50 45 76 57 63 30 69 28 79 65 48 92 63 75 53 83 44 57 42 84 57 68 43 75 35 31 70 44 54 30 61 21 55 44 45 7 50 14 69 81 56 88 48 58 22 63 23 37 73 32 44 22 39 
5 24 47 34 39 30 50 41 27 10 54 23 36 29 43 16 42 19 13 33 16 13 8 19 37 12 25 7 43 89 41 48 20 58 21 43 37 38 35 41 22 28 61 30 53 38 60 34 62 52 43 18 63 26 44 53 51 40 31 22 40 31 17 10 44 17 27 25 34 13 29 57 49 44 28 57 24 39 62 44 51 36 27 14 12 40 15 23 25 30 15 53 42 16 65 28 45 49 53 35 32 7 55 18 36 42 43 29 11 43 5 23 42 30 31 18 19 2 36 7 34 32 48 46 56 33 15 25 22 19 32 37 20 35 56 22 
43 46 82 75 66 72 87 79 65 50 92 65 76 50 83 43 8 38 37 25 34 43 36 22 23 49 30 35 13 41 44 57 37 52 33 58 48 36 11 61 24 41 43 49 30 72 76 69 91 81 68 46 94 60 76 62 83 51 57 64 78 70 56 44 83 58 68 41 75 34 53 78 68 56 31 81 44 61 57 69 44 74 66 52 41 79 54 64 37 71 30 85 72 51 99 66 81 63 88 53 62 43 90 58 72 53 79 43 30 76 45 58 42 66 30 57 36 43 16 49 7 71 86 65 93 56 57 28 64 22 46 76 37 53 35 44 
54 24 45 61 26 59 53 50 43 55 60 60 56 20 59 32 51 30 59 31 60 35 41 47 72 40 66 51 46 48 57 72 29 19 30 8 11 20 45 15 37 21 33 19 38 40 19 38 42 35 24 30 48 36 37 5 42 8 23 59 48 47 43 59 55 61 54 23 56 37 21 24 16 5 27 29 24 18 20 23 19 46 46 42 60 53 61 53 25 55 38 43 32 37 55 44 45 8 50 14 30 42 50 46 43 6 47 19 45 39 45 36 15 38 27 43 65 51 40 50 52 51 52 14 57 20 54 32 54 45 16 51 29 15 35 26 
26 9 45 45 29 42 51 43 30 29 57 39 43 14 50 8 34 2 30 17 31 10 12 19 45 17 37 22 31 20 37 29 81 38 3 26 17 17 26 25 12 7 42 13 37 36 44 32 54 44 31 10 57 24 39 34 46 21 19 38 42 35 24 30 48 36 37 5 42 8 16 43 34 25 10 45 7 25 42 32 31 38 32 21 31 44 35 34 4 39 10 48 34 17 61 31 44 31 51 18 25 15 53 27 36 23 43 9 16 39 18 23 21 29 13 24 36 23 23 24 30 38 49 31 56 19 31 9 35 18 13 42 0 18 37 7 
64 38 65 78 45 76 73 69 60 67 80 75 74 36 78 44 44 40 66 30 66 47 50 50 71 53 70 59 39 58 52 19 38 39 37 27 25 20 41 34 40 31 15 33 25 59 36 56 61 55 43 44 68 53 57 21 62 22 40 74 67 65 58 68 74 74 71 34 74 45 38 42 35 24 30 48 36 37 5 42 8 64 63 56 68 71 73 69 33 71 45 63 51 51 75 61 65 28 70 30 48 53 69 61 61 23 66 30 51 58 56 53 16 56 28 58 71 61 36 62 49 68 72 34 77 37 68 35 70 48 28 70 38 31 20 39 
27 13 49 48 33 45 55 47 34 31 60 41 47 17 53 11 30 6 29 14 30 13 12 17 42 20 35 21 27 21 33 30 3 37 76 28 19 16 22 29 8 10 40 16 34 40 47 36 57 48 35 13 61 28 43 36 50 22 23 40 46 39 27 31 52 38 40 8 46 7 19 46 37 27 7 48 11 29 41 36 30 42 35 24 30 48 36 37 5 42 8 52 38 20 65 35 48 34 55 21 29 17 57 30 40 25 47 12 14 43 20 26 20 33 10 27 34 24 20 26 26 41 53 34 60 23 33 5 38 15 15 45 4 21 35 11 
49 19 37 53 18 52 45 42 35 49 52 53 48 14 51 27 53 26 55 33 57 30 37 45 70 34 63 47 48 43 58 8 26 27 28 84 9 22 46 7 36 18 40 13 43 32 18 30 36 28 16 25 42 28 29 11 35 7 15 52 40 39 36 54 47 55 47 20 48 33 14 19 10 3 27 24 19 10 28 15 26 38 38 35 55 45 55 46 23 47 36 35 24 30 48 36 37 5 42 8 22 36 42 38 35 5 39 16 42 31 39 29 19 30 27 36 61 46 42 44 52 43 44 8 49 12 47 31 47 43 13 43 26 8 41 21 
43 14 42 53 22 51 50 45 35 44 56 50 49 11 53 21 43 18 48 23 49 24 30 36 61 29 55 40 39 37 48 11 17 25 19 9 71 13 37 13 27 9 35 8 36 35 28 32 44 36 22 20 49 28 34 16 41 3 16 50 43 40 33 48 50 50 46 12 49 25 13 29 19 8 17 33 13 15 27 22 21 40 38 32 48 47 50 44 14 46 27 42 29 27 55 36 42 14 48 6 24 30 48 36 37 5 42 8 34 35 34 28 11 32 18 33 53 40 32 39 43 43 48 17 54 13 44 21 45 34 4 45 18 7 34 15 
43 21 55 61 36 59 62 56 45 47 69 56 59 21 64 25 30 20 45 11 45 28 29 30 53 34 50 38 25 38 36 20 17 20 16 22 13 48 25 27 19 13 24 19 22 47 40 44 58 50 36 25 63 38 47 25 54 15 27 55 55 50 40 47 61 54 54 15 58 24 24 42 33 19 10 46 19 29 25 36 13 51 47 38 47 58 53 51 13 55 24 56 42 34 69 46 54 27 61 19 35 33 61 43 48 17 55 13 30 48 36 37 5 42 8 41 50 41 20 42 32 53 61 30 67 26 49 14 52 27 13 56 18 20 21 21 
38 36 72 68 55 64 77 69 56 45 83 59 68 39 75 33 7 28 34 13 32 34 28 17 30 40 32 30 7 35 11 45 26 41 22 46 37 25 61 49 14 30 35 37 23 62 64 59 79 70 57 36 83 51 65 50 73 39 46 57 68 61 48 40 74 53 60 30 67 25 42 66 57 44 19 69 33 50 47 57 34 64 57 44 38 70 50 57 26 63 21 74 61 42 88 57 70 51 78 41 52 35 79 50 62 42 70 32 24 65 37 49 30 56 19 48 36 37 5 42 8 63 76 54 83 45 51 17 57 16 34 67 27 42 27 34 
46 17 30 47 11 46 38 35 29 46 45 47 41 12 44 25 56 25 53 36 55 27 36 45 71 30 63 45 52 41 61 15 25 34 29 7 13 27 49 97 37 19 47 12 49 25 19 23 31 22 9 22 36 23 22 17 28 13 10 47 33 33 31 51 40 50 41 20 42 33 11 17 8 10 29 19 18 3 35 9 32 31 32 31 53 38 51 40 24 40 35 29 17 26 42 30 30 9 36 8 15 33 35 33 28 11 32 17 41 24 36 23 24 24 30 30 59 43 45 40 54 36 37 5 42 8 43 32 42 44 14 37 25 7 47 20 
27 22 57 54 42 50 63 55 41 33 68 45 53 26 60 19 22 14 26 11 26 19 14 10 34 26 30 20 21 22 24 37 12 40 8 36 27 19 14 37 73 18 39 25 30 48 55 44 66 57 44 21 70 36 51 43 59 30 32 44 53 46 33 30 59 40 46 17 52 10 28 55 45 35 10 57 19 37 45 44 32 50 42 29 29 55 38 42 13 48 7 60 47 27 74 42 56 41 63 29 38 21 65 35 48 32 55 20 12 51 24 34 25 41 11 34 30 25 13 29 17 48 61 42 68 32 37 5 42 8 23 52 12 30 33 20 
33 8 43 48 25 45 49 43 32 36 56 43 45 9 50 13 37 9 38 18 39 15 20 27 52 22 45 30 34 28 41 21 7 31 10 18 9 13 30 19 18 75 38 7 35 35 37 31 49 40 26 12 53 25 36 26 43 13 16 43 42 37 27 38 48 42 40 2 45 15 12 37 27 17 10 39 5 19 35 27 25 38 34 25 38 45 41 38 4 42 17 45 31 20 58 33 42 24 49 11 23 21 50 30 35 15 42 2 24 36 25 24 15 29 12 27 43 30 26 30 35 40 48 24 55 14 36 13 39 25 5 42 8 11 35 8 
66 46 77 86 57 84 85 80 70 71 92 81 83 45 88 50 35 44 66 28 65 52 52 48 65 59 67 60 30 61 43 33 42 15 40 40 35 24 35 47 39 38 11 43 13 70 52 67 76 69 56 50 82 63 69 36 75 34 51 80 78 75 65 70 85 78 78 40 83 47 48 57 50 37 32 63 43 49 19 56 14 75 72 63 69 82 76 76 38 80 46 76 64 58 89 71 77 42 83 41 59 57 83 68 72 35 78 38 52 70 60 62 24 67 30 65 70 64 30 66 43 78 84 48 90 48 73 36 77 46 37 80 42 42 8 46 
36 5 36 44 18 42 43 37 27 36 49 41 40 2 45 13 44 13 41 25 43 16 23 33 58 21 50 33 41 30 49 19 13 33 16 13 8 19 37 12 25 7 43 85 41 28 31 25 42 32 19 11 46 20 29 23 36 11 8 41 36 32 24 40 42 42 37 8 40 20 5 30 21 14 18 32 6 12 36 19 29 32 29 23 41 39 42 35 11 38 23 37 24 18 51 28 35 19 42 5 16 23 43 27 29 12 35 6 29 29 26 19 19 24 19 24 47 32 33 30 42 35 42 18 48 7 35 20 36 31 5 37 13 5 40 8 
58 43 78 82 58 79 85 79 67 63 91 75 80 44 86 45 22 39 56 20 55 47 45 38 52 54 55 50 17 53 30 38 37 25 34 43 36 22 23 49 30 35 13 41 16 70 58 66 80 72 58 46 85 60 70 42 77 36 50 74 77 72 61 61 84 71 74 36 79 40 46 62 54 40 27 67 40 51 30 58 19 73 68 58 59 80 69 71 33 76 38 78 65 54 91 68 77 47 84 42 58 51 84 64 71 38 77 35 43 71 54 59 24 65 24 61 59 56 19 59 30 75 83 52 90 48 67 29 72 36 36 78 37 43 5 42 
41 27 9 24 14 25 14 10 11 36 21 30 17 25 19 29 70 34 51 52 54 29 38 52 75 25 63 45 68 38 72 40 36 59 40 32 35 47 62 25 48 35 70 28 70 58 38 3 26 17 17 26 25 12 7 42 13 37 19 30 8 11 20 45 15 37 21 33 19 38 23 31 28 35 44 26 30 22 60 19 56 6 13 23 48 12 40 22 37 19 42 15 10 22 27 11 8 34 15 29 11 31 17 20 3 36 7 34 45 6 32 14 47 7 47 19 57 39 60 32 65 14 13 27 20 22 30 45 25 51 33 12 35 28 69 28 
66 36 38 62 24 62 46 47 45 65 53 65 55 31 56 44 70 44 72 51 75 47 55 64 89 49 82 65 65 60 76 19 44 36 47 18 28 40 64 19 55 37 52 31 58 38 39 37 27 25 20 41 34 40 31 15 33 25 29 65 45 48 49 71 51 69 57 39 56 52 30 8 11 20 45 15 37 21 33 19 38 44 48 50 72 50 70 57 41 56 54 33 27 45 42 46 39 13 41 26 32 53 40 51 41 22 42 35 60 33 55 41 35 40 46 49 79 63 59 59 71 51 45 14 48 27 61 49 59 62 31 50 44 26 54 39 
38 23 13 25 13 24 18 13 9 34 24 29 18 22 21 25 66 30 47 48 51 25 34 48 71 22 59 41 64 34 69 38 32 56 36 30 32 44 59 23 44 31 67 25 66 3 37 61 28 19 16 22 29 8 10 40 16 34 16 29 11 10 17 42 18 35 20 30 19 35 19 31 27 33 41 27 26 20 58 18 53 8 11 20 45 15 37 21 33 19 38 18 10 18 30 9 12 32 19 26 8 28 21 18 5 33 11 30 41 8 28 10 43 4 43 16 54 35 56 29 61 14 17 25 24 19 27 41 23 47 30 13 32 25 65 24 
66 44 19 48 24 50 24 30 37 62 30 56 40 40 38 49 87 53 75 67 78 51 60 73 97 49 87 68 83 62 91 42 54 61 57 36 44 58 79 31 66 49 76 42 80 26 27 28 16 9 22 46 7 36 18 40 13 43 34 56 29 37 45 71 32 63 46 49 43 59 38 19 26 39 60 13 46 29 60 22 62 30 39 48 73 33 66 48 53 44 63 11 20 45 15 37 21 33 19 38 30 55 15 46 29 41 25 47 67 20 56 38 55 32 61 45 82 63 75 57 84 39 25 28 24 34 56 62 50 71 45 35 54 38 77 46 
57 35 14 42 15 42 21 24 28 53 28 48 34 30 33 40 77 43 66 58 69 41 51 63 88 40 77 59 74 52 81 35 44 55 48 28 36 50 70 22 57 40 69 32 72 17 25 19 9 22 13 37 13 27 9 35 8 36 24 48 22 29 36 61 27 55 39 40 36 49 28 16 19 32 50 10 37 21 55 13 55 23 30 39 64 27 57 40 44 37 53 8 10 36 19 29 15 27 16 30 20 45 15 37 21 33 19 38 57 11 47 29 47 23 52 36 72 54 66 48 74 31 21 21 23 25 47 53 42 62 36 28 44 29 70 37 
48 22 21 41 4 41 29 28 24 45 36 44 35 17 36 28 64 30 56 44 58 30 39 51 76 30 66 48 60 43 68 24 31 43 35 16 22 36 57 9 44 26 56 19 58 17 20 16 22 13 40 25 27 19 13 24 19 22 12 44 25 27 29 52 32 49 36 27 36 37 15 15 10 19 37 14 24 7 44 1 42 24 27 30 55 30 50 36 30 35 40 19 8 26 33 25 21 16 26 16 11 35 26 31 21 20 23 25 45 15 37 21 33 19 38 28 62 45 53 40 61 30 28 9 33 12 41 39 38 49 23 30 31 15 56 24 
24 6 36 36 22 33 41 33 20 24 47 31 33 10 39 3 44 7 31 27 33 5 14 26 51 9 41 23 41 18 46 30 10 44 13 25 20 25 36 22 21 12 50 11 46 26 41 22 46 37 25 91 49 14 30 35 37 23 13 30 32 25 14 29 38 30 28 10 33 12 11 39 30 26 19 39 7 21 47 26 38 28 22 12 30 34 30 25 13 30 16 39 26 8 52 21 34 30 42 17 17 11 43 17 26 24 33 13 20 30 14 13 27 19 22 15 37 21 33 19 38 28 39 27 47 14 24 19 26 25 15 32 9 16 47 4 
67 48 17 46 28 48 20 28 37 62 24 55 38 44 34 52 91 56 76 71 80 53 63 75 100 51 88 70 87 63 94 48 57 68 61 42 49 63 83 36 70 53 82 46 85 25 34 29 7 13 27 49 30 37 19 47 12 49 37 55 27 36 46 71 29 63 45 53 40 62 41 26 32 45 64 19 50 34 67 27 68 29 38 49 74 30 65 48 57 42 66 10 23 47 8 37 19 40 15 43 32 57 11 46 28 47 23 52 69 20 58 39 60 33 66 45 83 65 80 58 87 37 21 33 19 38 55 66 50 74 50 32 57 42 83 50 
30 17 22 24 15 23 26 19 7 26 32 24 20 17 25 17 58 22 39 41 42 16 26 39 62 13 51 32 56 26 60 36 24 53 28 28 28 38 51 23 36 25 63 20 60 12 40 8 36 27 19 14 37 75 18 39 25 30 13 24 17 12 9 34 23 29 18 23 20 26 15 35 29 31 34 32 19 20 55 21 49 13 9 12 37 20 30 17 27 18 30 27 16 9 39 8 20 32 28 22 8 19 30 11 11 30 19 25 32 17 20 2 39 5 36 9 45 27 48 21 53 15 25 27 32 16 21 33 19 38 25 17 24 22 60 17 
48 29 8 32 11 33 16 16 19 44 23 38 24 26 24 33 73 37 57 54 60 34 43 56 80 31 69 51 70 44 76 37 39 57 43 29 34 47 65 22 51 36 69 29 70 7 31 10 18 9 13 30 19 18 42 38 7 35 20 38 13 19 27 52 19 45 29 35 26 43 24 24 23 33 46 18 32 19 57 14 55 13 20 30 55 18 47 30 39 27 46 9 5 27 22 19 8 30 13 28 13 37 14 28 11 33 10 35 50 2 38 20 46 14 48 26 63 45 62 39 69 21 15 23 20 21 37 48 32 55 33 19 38 27 68 31 
59 29 46 64 27 63 54 52 46 60 61 64 58 24 61 37 56 35 64 37 66 40 46 52 77 44 72 56 51 53 62 5 34 21 36 11 16 25 50 17 43 26 36 23 42 42 15 40 40 35 24 35 47 39 38 67 43 13 26 63 50 50 47 64 57 65 57 29 59 42 25 21 15 9 33 27 29 20 19 23 22 48 49 46 65 55 66 57 30 58 44 43 33 41 54 47 46 8 51 18 32 46 50 49 45 11 48 24 50 40 49 40 20 41 32 47 70 56 45 54 57 53 53 15 58 23 58 37 58 50 21 54 34 19 38 31 
54 37 5 35 18 36 12 17 24 50 19 42 27 34 24 40 80 44 64 61 67 41 50 64 87 38 76 58 77 51 83 42 46 62 50 35 41 54 73 28 59 43 75 36 77 13 33 16 13 8 19 37 12 25 7 43 38 41 27 43 15 23 33 58 19 50 33 43 29 50 31 25 27 38 54 19 39 26 62 19 61 17 26 36 62 19 53 35 47 30 54 2 12 34 15 24 7 35 8 34 20 44 7 33 16 40 11 42 57 7 45 27 52 20 56 32 70 52 69 45 76 25 12 28 15 28 43 55 37 63 40 21 46 33 75 38 
46 17 43 55 23 53 50 47 38 48 57 53 51 13 55 24 45 22 51 25 52 27 33 39 64 32 58 43 40 40 51 8 21 22 22 7 3 15 39 13 30 13 34 11 36 37 25 34 43 36 22 23 49 30 35 13 41 77 17 52 45 42 36 51 52 54 48 15 51 29 15 27 18 5 20 31 16 15 24 22 19 42 40 35 52 49 53 46 17 49 30 42 29 30 55 39 42 12 48 8 25 34 49 39 39 2 44 11 37 36 37 30 11 34 20 36 57 43 34 42 45 45 49 15 55 15 47 24 48 37 8 47 21 9 33 19 
37 10 27 38 9 36 34 29 20 36 41 37 33 6 37 16 53 18 44 34 47 18 27 39 64 20 54 37 50 31 57 23 19 40 23 15 16 27 46 10 32 16 51 8 50 19 29 16 34 24 12 13 37 13 20 26 27 17 76 37 27 25 20 41 34 40 31 15 33 25 3 26 17 17 26 25 12 7 42 13 37 24 23 21 43 31 41 30 19 31 28 29 15 16 42 21 26 19 33 9 8 24 34 23 21 17 27 15 33 20 26 13 27 16 28 20 51 34 42 30 50 28 33 15 39 2 32 28 32 37 14 29 19 8 49 12 
21 36 38 13 40 9 37 27 19 13 38 1 18 39 25 30 65 35 30 54 34 27 30 41 57 20 42 28 65 22 64 59 38 74 40 52 50 55 57 47 44 43 80 41 74 30 65 29 56 48 44 30 55 24 38 63 43 52 37 7 28 19 16 22 29 8 10 40 16 34 38 59 54 54 47 56 37 44 77 46 68 26 17 17 26 25 12 7 42 13 37 45 39 22 54 19 36 56 41 45 33 23 45 13 27 53 32 43 34 36 20 23 58 25 50 16 35 21 58 15 56 18 35 51 42 39 7 45 5 42 45 23 37 44 75 34 
43 34 9 19 22 20 9 2 13 37 14 28 11 33 11 34 76 40 53 59 56 34 42 56 78 29 65 48 74 40 78 48 42 67 46 40 43 55 68 33 53 42 78 36 77 8 45 11 29 22 25 32 27 17 13 50 15 45 27 28 52 9 22 46 7 36 18 40 13 43 30 38 36 43 51 32 37 30 68 27 64 3 13 26 50 5 39 21 44 15 47 17 17 26 25 12 7 42 13 37 19 35 16 21 6 44 4 41 49 11 35 19 54 12 54 22 59 41 66 34 70 10 8 35 15 30 29 51 23 56 41 5 42 36 76 35 
33 29 18 14 23 14 19 9 5 27 22 19 8 29 14 27 69 33 43 53 47 26 34 48 69 20 55 38 67 31 70 47 35 65 39 39 40 50 61 33 46 37 75 32 72 11 48 10 37 29 27 25 36 12 19 50 23 42 25 19 9 35 13 37 13 27 9 35 8 36 27 42 38 42 45 37 31 30 67 29 61 6 3 17 40 9 29 12 38 8 39 26 21 18 35 4 16 42 22 34 17 26 25 12 7 42 13 37 40 17 26 13 51 8 48 13 49 31 59 24 62 3 17 36 25 27 20 44 14 47 37 6 35 33 72 29 
21 19 29 21 25 18 32 23 9 17 36 17 20 22 27 15 55 21 30 41 34 13 20 34 55 7 42 25 54 17 56 43 24 58 27 36 33 40 48 31 33 27 65 24 61 20 49 17 45 36 29 14 46 9 27 47 33 36 20 16 22 13 35 25 27 19 13 24 19 22 21 44 38 38 34 42 21 28 61 31 52 19 9 3 28 23 21 10 27 15 26 36 26 6 47 10 27 40 35 28 17 12 37 3 18 36 25 27 26 25 12 7 42 13 37 0 37 18 46 12 48 15 31 35 38 23 12 32 12 33 29 20 23 28 61 19 
4 34 54 36 49 32 56 46 34 9 59 23 40 40 47 26 47 29 7 41 11 24 18 23 34 22 19 10 48 10 44 59 30 68 31 54 48 47 40 51 30 38 70 40 61 45 71 42 71 61 52 29 71 34 52 64 58 51 41 22 46 37 25 53 49 14 30 35 37 23 40 67 59 55 38 66 35 49 72 54 61 43 33 22 3 45 10 26 35 34 24 61 51 26 72 34 52 59 59 46 42 17 62 25 43 53 50 40 17 51 15 32 51 38 40 25 12 7 42 13 37 37 55 57 62 43 17 33 25 24 43 42 30 45 63 32 
46 40 13 17 29 20 8 5 18 39 9 28 10 40 5 40 82 46 56 65 60 39 47 61 82 34 68 52 80 44 83 55 48 74 52 47 50 61 74 40 59 48 85 42 84 15 51 18 32 27 32 38 29 23 19 57 19 52 34 29 7 13 27 49 51 37 19 47 12 49 37 43 42 50 58 38 43 37 75 34 71 10 17 31 53 3 41 23 50 15 53 21 24 32 26 17 12 49 14 44 26 40 17 25 13 51 9 48 53 17 39 25 61 19 60 26 62 44 72 37 75 12 7 42 13 37 31 57 24 61 48 7 48 43 83 41 
14 36 45 22 45 18 45 35 26 7 47 9 27 41 34 29 60 34 22 51 26 26 26 36 48 21 34 22 60 17 58 61 36 74 38 55 50 54 53 50 40 42 78 42 71 37 69 35 63 55 49 30 63 29 45 65 50 54 40 8 36 27 19 14 37 25 18 39 25 30 40 64 57 56 45 61 38 48 77 50 67 33 24 19 18 34 3 15 41 21 33 53 45 24 62 26 43 59 49 47 37 21 52 17 34 55 40 43 29 43 17 27 57 31 48 20 26 15 53 12 50 25 44 55 50 42 7 42 13 37 46 31 36 46 73 35 
27 32 28 8 32 5 27 17 11 20 29 9 9 35 17 29 68 35 37 54 41 27 32 45 63 20 50 34 67 27 68 54 37 71 40 47 46 54 60 41 46 40 78 37 74 21 57 20 46 39 36 28 45 18 29 57 33 48 31 10 18 9 13 30 19 18 15 38 7 35 33 51 46 49 47 47 35 38 73 38 65 16 9 16 34 16 21 3 41 3 38 35 30 20 44 11 26 50 31 40 25 24 35 10 17 48 22 41 37 27 23 17 55 17 50 13 42 26 59 19 60 8 25 44 32 34 12 45 5 45 42 13 37 39 75 32 
31 6 42 46 25 43 48 42 30 33 55 41 43 9 49 10 37 6 35 18 36 13 17 25 50 19 43 27 34 25 41 23 5 34 8 20 12 15 30 20 17 2 40 8 36 33 39 30 49 40 27 10 53 23 35 29 43 15 15 40 40 35 24 35 47 39 38 84 43 13 12 38 29 20 10 40 3 20 38 27 28 37 32 22 36 43 39 35 3 40 15 44 31 18 58 31 41 26 48 13 22 19 50 28 34 17 41 4 21 36 22 22 17 28 13 25 41 28 26 27 34 38 47 25 54 15 33 12 36 23 7 41 5 13 37 6 
35 37 23 5 32 7 21 12 13 28 22 15 2 38 9 34 74 40 44 60 48 32 39 52 71 26 57 41 73 34 75 56 42 74 46 48 49 58 67 42 52 45 83 40 79 19 56 19 43 36 36 33 40 20 26 59 29 51 33 16 13 8 19 37 12 25 7 43 26 41 36 50 46 51 52 45 39 39 76 38 69 12 11 22 41 10 28 11 46 3 45 31 29 25 38 12 21 51 26 43 26 31 29 16 15 51 17 45 44 24 30 21 59 17 55 18 50 34 65 26 67 5 20 45 25 36 19 51 12 52 46 7 42 42 80 37 
19 15 48 43 35 39 53 44 31 23 58 35 43 21 49 9 33 7 22 20 23 9 5 13 38 15 30 14 31 13 34 37 8 45 7 33 25 24 25 33 10 15 47 20 40 38 52 35 59 49 37 12 62 26 43 42 50 29 25 34 43 36 22 23 49 30 35 13 41 74 22 50 41 33 15 51 14 32 49 38 38 40 32 18 23 45 29 31 12 38 3 52 39 17 65 32 47 39 54 26 29 11 56 25 38 31 45 17 8 42 13 24 28 31 17 23 27 16 24 19 26 38 51 38 59 25 27 11 32 12 21 42 7 26 42 13 
35 6 31 40 13 38 38 32 22 35 44 38 36 2 40 14 49 15 42 30 44 16 25 35 61 19 52 34 46 29 53 21 16 38 19 14 13 24 42 11 28 12 48 5 46 23 30 19 38 28 15 11 41 15 24 25 31 15 3 38 30 27 21 40 37 40 33 12 36 22 74 28 19 16 22 29 8 10 40 16 34 27 25 20 41 34 40 31 15 33 25 32 19 16 46 23 30 19 37 7 11 22 38 24 24 15 30 11 30 24 25 15 24 19 24 21 48 32 38 29 46 30 36 16 43 3 32 24 33 34 10 32 16 6 45 9 
63 35 30 55 19 56 38 40 39 61 45 59 48 29 49 42 72 43 70 53 73 44 53 63 89 45 80 63 68 57 78 24 43 42 46 19 29 42 66 17 55 37 57 30 62 31 8 31 19 16 15 39 26 35 24 21 25 27 26 59 38 42 44 67 43 64 51 38 50 50 28 55 9 22 46 7 36 18 40 13 43 37 42 46 69 43 65 51 41 50 53 25 20 41 34 40 31 15 33 25 26 50 31 46 34 25 34 35 59 26 52 36 38 34 47 44 77 60 61 55 72 45 38 12 40 25 56 50 53 61 32 43 43 25 59 37 
55 26 30 52 14 51 39 38 35 53 46 54 45 20 47 33 63 34 61 43 64 35 44 54 79 38 71 54 59 49 68 16 34 35 37 10 19 33 57 8 45 27 50 21 54 28 11 27 26 19 10 30 32 29 23 15 27 18 17 54 36 38 38 59 42 57 46 29 46 41 19 9 50 13 37 13 27 9 35 8 36 34 37 38 61 41 58 46 32 46 44 27 18 34 39 35 31 7 35 16 20 41 34 40 31 15 33 25 50 25 44 30 29 29 38 37 68 51 52 48 62 41 38 3 42 16 50 40 48 52 22 40 34 15 51 28 
50 20 41 56 21 54 49 46 38 51 56 55 51 15 54 28 50 26 55 30 57 30 37 44 69 35 63 47 45 44 56 5 25 24 27 3 8 19 44 10 35 17 37 14 40 35 20 33 39 32 19 26 45 31 33 9 38 5 17 54 43 42 38 55 50 56 49 20 51 33 16 22 13 41 25 27 19 13 24 19 22 41 40 37 56 48 56 48 22 49 35 39 27 32 52 39 41 7 46 9 25 37 46 41 38 2 42 15 41 34 40 31 15 33 25 38 61 47 39 45 50 46 48 11 53 15 49 29 49 42 12 46 25 9 37 22 
34 17 53 55 36 52 59 53 40 38 66 48 53 20 59 18 26 12 35 7 35 20 19 20 44 27 40 28 23 28 31 27 10 30 7 27 17 10 19 29 10 10 32 18 27 44 45 41 60 50 37 19 64 34 46 33 54 20 26 47 51 45 34 38 58 45 47 10 52 15 22 46 37 25 83 49 14 30 35 37 23 47 42 31 37 54 44 44 7 49 14 55 41 27 69 41 52 32 59 21 33 25 60 37 45 22 52 12 20 47 27 32 14 39 3 34 40 31 15 33 25 48 58 34 65 25 41 4 45 18 14 51 10 22 27 16 
62 35 24 51 17 51 32 34 36 59 38 56 43 30 43 42 76 44 70 56 72 44 53 64 90 44 80 62 72 57 81 29 45 48 48 24 33 46 69 19 57 39 63 32 67 26 15 27 13 10 14 39 19 32 18 27 19 31 25 56 32 37 42 66 38 61 47 40 45 51 29 7 13 27 49 69 37 19 47 12 49 32 38 44 69 37 63 48 43 45 54 18 16 40 27 36 25 21 27 28 24 49 25 44 29 29 29 37 59 20 51 34 43 30 50 41 76 59 65 53 74 40 31 15 33 25 53 52 50 63 34 37 45 27 64 38 
30 2 38 42 22 40 45 38 26 31 51 38 40 6 45 8 41 7 35 22 37 11 17 27 52 17 44 27 38 24 44 24 7 36 11 19 13 19 33 18 19 5 43 6 40 30 37 26 46 37 24 7 50 19 32 29 39 16 12 37 37 31 21 35 43 38 35 3 39 14 8 36 27 19 14 37 80 18 39 25 30 33 28 19 36 40 37 32 7 36 17 41 27 15 54 27 37 25 45 11 19 17 46 25 30 17 37 6 23 32 20 18 20 24 17 22 41 27 30 26 37 34 43 24 50 12 31 15 33 25 8 37 7 11 40 2 
45 16 27 44 8 43 35 32 26 43 42 44 38 11 41 24 57 25 52 37 54 26 35 45 70 28 62 44 53 39 61 18 25 37 29 10 15 29 50 3 37 19 49 12 51 22 21 20 29 21 7 21 34 20 19 20 26 15 7 44 30 30 28 49 37 48 38 20 39 32 10 18 9 13 30 19 18 63 38 7 35 28 29 29 51 35 48 37 24 37 35 27 14 24 40 27 27 12 33 9 12 32 33 31 25 14 29 18 40 21 34 20 26 21 31 28 58 41 46 38 55 33 34 7 40 6 40 33 39 43 15 33 25 8 49 19 
68 41 65 80 46 78 73 70 62 71 80 78 75 38 79 48 50 43 71 35 71 51 54 55 77 56 75 63 44 62 57 20 42 5 41 28 27 25 47 35 45 35 19 36 30 60 33 58 60 55 44 47 67 55 57 19 62 24 42 77 68 67 61 72 75 77 73 38 76 49 40 40 35 24 35 47 39 38 31 43 13 66 65 59 72 73 77 71 37 74 49 62 52 54 74 63 65 27 70 32 49 57 69 64 63 25 67 34 56 59 60 55 20 58 33 61 76 65 41 65 55 70 72 34 77 39 71 40 73 53 31 71 42 33 25 42 
49 23 22 43 5 43 30 29 26 47 37 46 36 18 38 29 64 31 57 44 60 31 40 52 77 32 67 50 60 44 69 23 32 42 36 15 22 36 57 9 44 27 56 19 58 19 19 18 22 13 1 26 27 21 14 23 19 22 13 46 27 29 31 54 34 50 38 27 38 38 16 13 8 19 37 12 25 7 43 67 41 25 29 32 56 32 52 38 31 37 42 20 9 28 33 27 22 15 27 16 13 37 27 33 22 20 25 25 46 16 39 23 33 20 39 30 64 46 53 41 62 32 29 8 34 13 43 40 40 50 23 31 32 15 56 25 
57 33 63 73 43 71 70 66 56 60 77 69 69 31 74 38 37 33 58 22 58 41 43 42 63 47 62 51 31 51 44 19 31 8 30 26 21 13 34 32 32 25 14 29 19 56 38 53 62 55 42 38 68 49 55 22 61 19 37 68 64 61 52 61 71 67 65 28 69 38 34 43 36 22 23 49 30 35 13 41 51 61 58 50 60 68 66 63 26 67 37 62 49 46 74 57 62 28 68 27 45 46 68 55 58 21 63 25 44 56 49 48 10 53 20 53 63 54 28 55 41 64 69 34 75 34 62 27 64 40 23 66 31 28 15 33 
39 30 12 18 20 19 13 5 9 34 18 25 11 30 13 30 72 36 49 55 53 30 38 52 74 25 61 44 70 36 74 46 38 64 42 38 40 51 64 31 50 38 75 32 73 6 44 8 30 23 24 28 29 13 13 48 17 42 24 26 3 6 19 43 10 33 16 37 12 40 27 37 34 41 47 32 33 28 66 25 61 57 9 22 46 7 36 18 40 13 43 19 16 22 29 8 10 40 16 34 16 31 19 18 3 41 6 38 45 11 31 15 51 8 50 18 55 37 62 30 66 8 12 33 19 27 26 47 20 52 38 5 38 33 73 31 
30 26 21 15 23 14 22 13 2 24 26 17 11 27 17 24 65 29 39 49 43 22 30 44 65 16 52 34 63 27 66 46 32 63 35 38 38 47 57 32 42 34 72 29 68 13 48 11 39 30 27 22 38 9 20 49 26 40 23 17 13 3 9 33 17 24 9 32 11 32 25 42 37 40 42 38 28 29 65 29 58 9 39 13 37 13 27 9 35 8 36 28 21 15 38 1 19 41 26 32 16 22 29 8 10 40 16 34 36 19 22 10 48 8 45 9 45 28 55 20 58 6 21 35 28 25 17 41 12 43 34 10 31 31 69 26 
18 18 33 24 26 21 36 27 13 15 40 18 24 21 31 12 52 18 27 38 30 10 16 30 51 3 39 21 50 14 52 42 21 56 24 35 32 38 44 31 29 25 63 23 58 23 50 20 48 39 30 12 49 12 30 46 36 35 21 17 26 17 3 22 31 19 16 22 22 18 20 46 38 37 31 44 19 29 59 32 50 22 13 33 25 27 19 13 24 19 22 39 28 4 50 14 31 40 38 28 19 8 41 6 21 36 29 25 22 29 8 10 40 16 34 4 33 15 43 9 44 19 34 36 42 23 12 29 14 30 28 24 20 27 58 17 
7 36 58 39 51 36 59 50 37 13 62 27 43 41 51 28 44 29 4 40 7 25 18 21 30 24 15 9 45 12 41 60 31 68 30 55 48 47 38 53 29 38 69 41 59 48 72 45 73 64 55 30 74 37 55 65 62 52 43 26 50 40 28 3 53 18 34 36 41 23 41 69 61 56 37 69 36 51 72 56 60 46 37 25 45 49 14 30 35 37 23 64 53 28 75 38 56 61 63 47 44 19 66 28 46 53 53 40 16 54 17 35 51 41 39 29 8 10 40 16 34 40 58 58 65 45 21 32 29 22 44 46 30 47 62 33 
42 37 14 15 27 17 11 2 14 36 13 25 7 37 6 36 78 42 52 62 56 36 43 57 78 30 65 48 76 40 79 53 44 71 48 45 47 58 70 38 55 45 82 39 80 12 50 15 33 27 30 34 30 20 18 55 19 49 31 25 5 9 23 45 3 34 16 43 10 45 34 43 41 48 54 37 40 35 73 32 68 7 13 27 49 58 37 19 47 12 49 22 22 28 28 13 12 47 16 41 23 36 19 21 10 48 8 44 50 16 35 21 58 15 57 22 58 41 68 33 71 8 10 40 16 34 28 54 21 57 45 3 44 40 80 37 
11 36 48 26 46 22 48 38 28 5 50 13 31 41 38 29 57 33 18 49 22 26 24 33 45 21 30 19 57 15 54 61 35 73 36 55 50 53 50 51 38 41 76 42 69 40 70 37 66 57 50 30 65 30 47 66 53 53 41 12 39 29 21 10 41 3 21 39 28 29 40 65 58 56 44 63 37 48 77 52 66 36 27 19 14 37 17 18 39 25 30 55 47 24 65 28 46 60 52 47 39 19 55 19 37 54 43 43 26 46 16 29 56 33 46 21 22 12 51 11 47 29 47 56 54 43 10 40 16 34 45 34 34 46 71 34 
24 30 30 11 32 8 30 20 12 16 32 7 13 33 20 26 64 32 33 51 37 24 28 41 60 17 46 30 63 23 64 53 34 69 37 46 44 51 57 40 42 38 76 35 71 22 57 21 48 40 36 25 48 17 30 57 35 46 30 7 21 12 10 26 23 15 3 35 11 31 31 51 46 48 44 48 32 37 71 38 63 18 9 13 30 19 18 20 38 7 35 38 31 17 47 11 28 49 34 39 25 21 37 7 19 47 25 38 34 29 19 16 53 17 47 10 39 22 56 15 56 10 29 44 35 33 8 42 2 41 40 16 34 38 72 29 
31 10 46 49 29 46 52 46 33 34 58 43 46 13 52 12 33 6 34 14 35 14 17 22 47 21 41 26 30 25 37 25 4 33 5 23 14 13 26 24 13 4 38 11 33 37 41 33 53 44 30 13 57 27 39 30 47 17 19 42 44 38 27 35 50 41 41 3 46 12 15 41 32 22 7 43 7 24 37 31 26 40 35 24 35 47 39 38 80 43 13 48 35 21 62 34 45 28 52 16 26 20 53 30 38 19 45 6 20 40 23 25 16 31 9 28 40 28 22 29 30 41 51 29 58 18 35 8 39 20 10 44 5 16 34 9 
31 34 25 6 31 5 23 14 11 24 25 12 6 35 13 31 71 37 41 56 44 29 35 48 67 22 53 37 69 30 71 55 39 71 42 47 46 55 63 40 48 42 80 38 76 19 56 19 44 37 35 30 42 18 27 58 30 49 31 13 15 8 15 34 15 21 3 40 3 38 33 50 46 49 49 45 36 37 74 37 67 13 8 19 37 12 25 7 43 32 41 33 29 22 41 10 23 50 28 41 25 27 32 12 15 49 19 42 40 25 26 18 56 16 52 15 46 30 62 22 63 5 22 44 29 34 16 48 8 48 43 10 39 40 77 34 
20 18 52 46 38 43 57 48 35 25 62 38 46 24 53 13 29 10 21 18 22 13 7 10 35 19 27 14 28 15 30 38 10 45 8 36 27 24 21 35 7 17 46 23 38 42 54 38 63 53 40 16 66 30 46 44 54 30 28 37 47 39 26 24 53 33 38 15 45 3 25 53 44 35 14 54 17 35 49 42 37 43 36 22 23 49 30 35 13 41 68 56 43 21 69 35 50 41 58 28 33 14 60 28 42 33 49 19 6 46 16 28 28 35 16 27 26 18 21 22 22 41 55 41 63 29 30 9 35 8 23 46 10 28 40 16 
57 38 8 37 19 38 14 19 27 52 20 45 29 35 26 42 82 46 66 63 69 43 53 66 90 40 78 60 79 53 85 43 48 63 52 35 42 56 74 29 60 45 76 37 78 15 33 18 11 8 19 39 10 27 9 43 2 42 29 45 17 26 36 61 21 53 35 44 31 52 32 25 27 39 55 18 41 27 62 20 62 19 28 39 64 22 55 38 48 33 56 19 13 37 13 27 9 35 8 36 22 46 7 36 18 40 13 43 59 10 47 29 53 22 57 35 72 54 71 48 78 27 14 28 15 30 45 57 40 65 42 23 48 35 76 40 
46 25 13 35 6 35 21 20 19 43 28 39 27 21 29 29 68 33 55 49 58 30 40 53 77 29 66 48 65 42 72 32 34 51 38 24 29 42 61 17 47 31 64 24 65 10 27 10 20 10 8 26 23 16 5 33 12 29 15 39 17 21 26 51 24 45 30 31 29 39 19 20 18 27 41 16 27 14 52 9 49 16 21 28 53 22 47 31 35 29 43 13 45 25 27 19 13 24 19 22 9 34 19 27 13 28 15 30 46 7 36 18 40 13 43 25 61 43 57 38 64 24 20 17 25 16 37 43 33 51 28 22 34 21 63 27 
21 13 32 28 23 25 36 27 13 19 41 23 26 16 32 9 50 15 29 34 32 7 16 30 53 4 41 23 48 16 51 37 17 51 20 30 27 34 42 26 27 20 58 18 54 22 45 18 45 36 26 8 47 9 27 41 34 30 16 22 26 18 6 26 32 24 20 18 25 17 16 41 34 32 27 40 15 24 54 28 46 22 15 4 28 28 24 17 21 22 21 37 25 93 49 14 30 35 37 23 16 9 40 9 21 31 28 21 22 27 11 7 35 15 30 7 36 18 40 13 43 21 34 31 42 18 16 26 18 29 23 25 17 22 55 12 
68 52 17 43 33 46 17 26 37 63 19 53 36 49 30 55 95 60 78 76 81 56 65 79 102 53 90 72 92 65 99 55 61 75 65 48 55 69 88 42 74 58 89 51 91 27 42 30 15 19 33 52 8 39 22 54 15 55 42 54 25 35 47 72 26 62 44 58 38 65 46 34 39 52 69 27 54 40 74 33 74 29 38 50 75 28 65 47 62 41 69 13 27 49 14 37 19 47 12 49 36 59 9 47 29 53 22 57 72 22 59 41 67 34 71 46 84 66 85 59 91 36 18 40 13 43 55 70 49 78 55 31 61 48 89 54 
31 25 20 17 21 15 22 13 1 25 26 19 12 25 18 23 65 29 40 49 44 22 30 44 65 17 53 35 63 28 66 44 31 61 35 36 36 46 57 30 42 33 71 28 68 11 46 9 37 29 25 21 37 8 19 47 24 39 21 19 12 4 10 34 17 26 11 31 12 32 23 40 35 39 41 36 27 27 63 27 57 8 1 14 38 13 28 11 34 10 35 27 19 14 37 72 18 39 25 30 15 22 27 9 8 38 15 33 36 17 22 9 47 6 44 9 46 28 55 21 58 7 20 34 28 24 18 40 13 43 33 10 31 30 68 25 
49 35 2 27 19 28 8 9 18 43 15 35 19 33 17 37 78 42 58 60 62 37 46 60 83 33 70 53 75 45 81 45 44 65 48 37 42 54 70 30 56 42 77 35 77 8 39 12 21 15 21 34 19 20 8 46 7 42 26 36 7 16 27 52 12 43 26 41 21 47 30 31 31 41 52 25 37 27 65 22 62 10 19 31 56 12 46 28 45 23 50 9 13 30 19 18 37 38 7 35 19 39 9 27 9 41 3 41 53 6 40 22 53 15 55 27 64 46 68 39 73 18 7 31 13 28 36 53 30 59 40 13 43 34 76 36 
54 24 38 56 19 55 46 44 39 54 53 57 50 19 53 32 57 31 60 37 62 35 43 51 76 39 69 52 53 49 63 8 31 28 34 5 14 27 51 9 41 24 42 19 47 34 13 32 33 27 16 30 40 32 30 8 35 12 19 56 42 42 40 59 49 59 50 26 51 39 19 15 7 7 32 21 25 12 27 15 28 40 41 40 61 47 60 49 28 50 41 35 24 35 47 39 38 81 43 13 24 41 42 43 37 9 40 22 47 31 44 33 22 33 32 40 67 51 46 49 57 46 45 7 50 17 52 36 51 49 18 46 31 13 43 27 
56 42 6 31 25 33 5 14 25 50 11 41 23 40 19 44 85 49 65 67 69 44 54 67 90 41 78 60 83 53 88 50 51 70 55 42 48 61 78 36 63 49 83 42 84 15 41 19 19 16 26 42 15 28 13 51 8 48 33 41 13 22 35 59 14 49 31 48 26 54 37 33 35 46 59 27 45 33 70 27 68 16 26 38 63 16 52 34 52 28 58 8 19 37 12 25 7 43 27 41 26 47 3 34 16 47 9 48 60 12 47 30 59 22 62 34 71 53 75 46 80 23 6 36 7 35 42 60 36 66 47 18 51 40 82 43 
41 11 35 47 16 46 43 39 30 42 50 46 43 6 47 19 48 18 47 28 49 22 29 38 63 26 56 39 44 35 53 14 18 30 21 8 6 19 41 8 29 11 41 5 42 29 26 26 38 30 16 17 43 22 28 18 34 8 9 45 37 34 28 46 44 47 40 13 43 26 7 25 16 9 21 28 11 9 32 16 27 34 32 28 47 41 47 39 16 41 28 36 22 23 49 30 35 13 41 87 17 28 42 31 31 8 36 9 34 29 31 22 18 25 22 29 53 38 37 36 46 37 42 12 48 7 40 24 40 36 6 39 18 1 40 13 
37 16 19 31 7 30 26 21 14 34 33 33 26 14 29 20 59 24 45 41 48 21 30 43 67 20 57 38 57 32 62 30 25 48 29 22 24 35 52 15 38 23 59 16 58 11 32 8 30 20 11 17 32 8 13 32 20 25 8 33 19 17 17 42 26 37 25 22 26 29 11 26 20 25 33 24 19 12 49 13 45 16 16 19 44 23 39 25 26 25 33 22 9 16 36 15 19 24 26 17 27 25 27 19 13 24 19 22 37 13 27 9 35 8 36 17 52 34 49 29 55 21 25 19 31 10 29 34 27 42 22 21 25 16 57 18 
13 17 41 32 32 29 45 36 22 14 49 24 32 22 39 9 43 13 20 31 23 6 7 21 43 6 31 13 42 7 43 42 15 53 17 36 30 33 35 33 21 21 57 23 51 31 53 28 55 45 35 11 57 19 37 46 44 34 24 23 35 26 12 17 40 21 24 19 31 11 22 50 41 37 25 49 17 32 57 37 46 31 22 8 19 36 19 21 20 27 14 46 34 9 59 22 39 41 47 28 25 74 49 14 30 35 37 23 13 36 3 17 36 24 28 13 27 9 35 8 36 28 43 39 51 25 16 22 21 21 26 33 15 28 52 15 
59 43 8 35 25 37 9 17 28 53 14 44 27 40 23 46 87 51 68 68 72 47 56 69 93 43 80 62 84 55 90 50 53 69 57 42 48 61 79 35 65 50 83 43 84 17 40 21 15 15 26 43 11 30 14 50 7 49 34 45 16 25 37 62 17 52 35 50 29 56 38 31 34 46 60 25 46 33 69 27 68 19 29 41 66 19 55 37 53 32 60 7 19 40 9 27 9 42 3 42 27 49 27 37 19 47 12 49 62 13 50 32 60 25 63 37 74 56 76 49 82 27 9 35 8 36 45 62 39 68 48 22 52 41 82 45 
21 22 29 18 27 15 31 22 9 16 35 14 18 25 25 18 58 24 31 44 34 16 22 36 56 9 43 26 57 18 58 46 27 61 30 38 36 43 50 33 35 30 68 27 64 20 51 18 46 37 31 17 46 11 28 49 33 39 23 13 21 12 3 25 25 17 10 28 16 25 24 46 40 41 37 44 25 31 64 33 55 18 8 6 28 21 19 7 30 12 28 36 27 9 47 9 27 43 34 31 19 14 37 54 18 39 25 30 28 26 13 10 45 14 40 2 37 19 49 12 50 13 30 38 37 26 9 35 8 36 32 18 26 31 64 22 
39 28 11 21 17 21 14 8 8 34 20 27 14 27 16 29 70 34 49 53 52 28 37 51 73 24 61 43 68 36 72 43 36 61 40 35 37 48 62 28 48 35 72 29 71 3 41 5 29 21 21 26 28 11 11 45 16 39 21 27 6 7 18 43 13 34 17 34 15 38 24 34 31 38 45 29 30 25 63 22 58 3 10 21 46 10 37 19 38 15 42 18 13 21 29 8 9 37 16 31 13 30 19 18 19 38 7 35 43 9 30 13 48 6 48 17 55 37 60 30 64 10 13 30 20 24 27 45 21 50 35 8 36 30 70 29 
48 18 41 55 22 54 49 46 37 49 56 54 50 14 54 26 48 24 53 28 54 29 35 42 67 33 61 45 43 42 53 6 23 23 25 5 5 17 42 11 32 15 35 12 38 36 22 33 41 33 20 24 47 30 33 11 40 2 17 53 44 42 36 53 51 55 48 17 51 31 15 25 15 2 22 29 17 14 25 20 21 41 40 36 53 48 54 47 19 49 33 40 28 31 53 38 41 9 47 8 24 35 47 39 38 70 43 13 39 35 38 30 13 33 23 37 59 45 37 43 48 45 48 13 54 14 48 27 48 40 9 46 23 8 36 20 
46 34 5 23 21 25 7 5 15 40 13 32 15 33 14 36 77 41 56 60 59 36 44 58 81 31 68 50 75 43 79 47 43 66 47 39 42 55 70 32 55 42 78 35 77 7 42 11 25 19 23 33 23 19 10 48 11 44 27 32 4 13 25 50 9 40 22 41 17 45 30 34 33 42 52 29 37 29 67 25 63 6 16 29 53 8 43 25 45 19 49 13 15 28 22 15 3 40 9 36 19 37 12 25 7 43 17 41 51 8 38 21 54 13 54 24 62 44 67 37 72 14 6 33 13 29 33 52 27 57 41 9 43 35 76 36 
35 8 42 48 24 46 49 43 32 37 55 44 45 8 50 14 39 10 39 19 41 17 22 29 54 23 47 32 35 29 43 19 9 30 12 16 8 13 32 17 20 2 38 6 35 34 35 30 47 38 25 13 52 25 35 24 42 11 15 43 41 37 27 40 48 43 41 4 45 17 11 35 25 15 12 37 6 18 34 25 25 38 34 25 40 44 43 38 6 42 19 43 30 21 57 33 41 22 48 9 22 23 49 30 35 13 41 72 26 35 26 24 14 29 13 28 45 32 27 31 37 40 47 22 54 13 37 15 39 27 3 42 9 10 35 8 
14 24 54 45 42 41 58 49 36 21 63 35 46 29 53 17 31 16 14 24 15 16 6 7 30 19 21 7 31 11 30 45 16 51 14 42 34 30 24 41 12 24 52 29 43 45 60 41 67 57 45 20 69 32 50 50 57 37 33 34 49 40 26 17 53 29 37 21 44 8 30 59 50 41 20 59 23 40 56 46 44 45 36 22 16 50 26 34 20 40 6 59 46 22 72 36 53 47 60 34 37 13 62 28 43 39 51 26 50 49 14 30 35 37 23 27 19 13 24 19 22 41 57 47 64 34 27 16 33 8 29 46 16 34 46 21 
47 29 6 30 13 31 14 13 17 42 21 36 22 27 22 33 73 37 56 54 59 33 43 56 80 30 68 50 70 43 76 39 39 58 43 31 35 48 65 24 51 36 70 29 71 6 33 8 20 11 15 30 20 17 2 40 7 36 20 36 11 17 25 51 17 43 27 36 24 42 24 26 25 34 47 20 32 21 59 16 56 11 19 29 54 16 46 29 40 25 46 10 7 27 22 17 6 31 12 29 13 36 13 26 9 35 8 35 49 54 37 19 47 12 49 25 62 44 62 38 69 19 13 24 19 22 36 48 31 55 34 17 38 28 69 31 
10 20 42 30 34 27 45 35 22 11 49 21 31 25 39 12 45 16 18 33 22 9 9 22 43 7 30 12 44 5 45 45 18 56 20 39 34 36 37 36 24 25 60 26 54 32 55 28 56 47 37 14 58 20 38 49 45 37 26 20 35 26 12 15 39 17 23 22 30 13 25 52 44 40 27 51 20 34 60 39 49 31 22 8 17 35 16 19 23 26 16 47 36 11 59 22 40 44 47 31 27 3 50 13 30 38 38 26 14 37 39 18 39 25 30 13 25 7 37 5 37 27 43 41 51 28 13 24 19 22 29 32 18 31 55 18 
28 16 24 25 17 23 28 20 8 24 34 24 21 17 27 15 56 20 37 40 40 14 23 37 60 11 48 30 54 23 58 36 23 53 26 29 28 37 49 23 34 24 62 19 59 14 41 10 38 29 21 13 39 2 20 40 27 30 13 23 19 13 7 32 25 27 17 22 21 24 15 36 30 31 32 34 18 20 55 23 48 15 10 10 35 21 29 16 25 18 28 29 18 7 41 9 22 33 30 22 9 17 32 10 13 30 21 24 30 19 18 27 38 7 35 7 43 25 46 19 51 16 27 28 34 16 19 32 18 36 24 19 22 21 59 16 
47 22 54 63 34 60 61 56 46 50 68 58 59 21 64 28 35 23 50 17 50 30 33 35 58 37 55 42 30 42 42 15 21 16 20 19 11 5 30 24 25 15 24 19 24 47 35 43 55 47 33 27 60 39 46 20 52 11 27 58 54 51 42 51 61 57 55 17 59 28 24 38 29 15 14 43 20 26 20 33 10 51 48 40 51 58 56 53 16 56 28 53 40 35 67 47 53 22 59 18 35 36 60 45 48 13 54 14 35 47 39 38 49 43 13 42 55 44 25 45 38 54 60 27 66 24 51 19 54 33 13 56 21 19 22 23 
34 21 17 23 15 22 21 14 5 30 27 25 17 21 21 22 64 27 43 46 47 22 31 44 67 18 55 37 61 30 66 38 29 56 33 30 32 42 56 24 41 29 67 24 65 7 40 4 32 23 19 19 33 5 14 41 20 34 16 25 12 8 13 38 19 31 17 28 17 31 19 34 29 33 39 30 24 21 58 20 53 8 8 16 41 15 33 17 31 16 35 22 13 15 34 6 15 33 22 25 8 24 25 14 6 33 13 29 37 12 25 7 43 38 41 12 50 31 53 25 58 12 20 27 27 18 23 39 19 44 29 13 29 24 64 22 
36 19 56 58 37 55 62 55 43 41 68 51 56 22 62 21 25 15 37 5 37 23 22 22 45 30 42 30 21 31 30 27 13 28 10 27 18 8 19 30 11 12 30 19 24 47 46 43 61 52 38 22 66 36 48 32 56 20 28 50 54 48 37 40 60 48 50 13 55 17 24 47 38 25 3 50 17 31 33 39 20 50 45 34 39 57 46 47 9 52 16 57 43 30 71 44 55 32 62 22 36 28 63 40 48 23 54 13 23 49 30 35 13 41 45 37 42 34 14 36 25 51 61 35 67 27 44 7 48 19 16 54 13 23 24 19 
21 20 29 21 24 18 31 22 9 17 36 17 19 22 26 16 56 22 31 41 34 14 21 35 56 7 43 25 55 18 57 43 24 58 27 36 33 41 48 30 34 27 65 24 61 19 49 16 45 36 28 15 45 9 26 47 32 36 20 16 22 13 0 25 26 20 13 25 18 23 21 44 37 38 34 41 22 28 61 30 53 18 9 4 29 22 21 10 28 15 27 35 25 7 46 9 27 40 34 29 17 13 37 2 17 37 24 28 27 25 13 7 42 12 37 99 37 19 47 12 49 14 30 35 37 23 12 33 11 34 29 19 24 28 62 19 
15 42 66 48 59 44 68 59 46 22 71 36 52 48 60 34 41 35 6 42 4 32 24 21 22 32 7 14 44 19 36 65 36 71 34 61 53 50 36 59 30 43 70 47 59 57 79 54 82 72 62 37 83 45 63 70 70 57 51 35 59 49 37 12 62 26 42 41 50 27 48 77 68 61 40 76 41 58 76 64 63 55 45 33 8 58 22 39 40 46 26 72 61 36 84 46 64 67 71 53 52 27 74 37 55 59 62 45 19 62 25 43 55 50 42 37 29 18 39 25 30 49 67 65 74 52 30 35 37 23 49 55 35 53 63 40 
3 27 48 33 41 29 50 41 28 8 54 22 36 32 43 19 44 21 11 36 15 16 11 20 37 14 24 7 45 2 43 51 23 61 24 46 40 41 37 43 25 30 64 32 56 39 63 35 63 54 45 21 65 27 45 56 52 43 34 21 41 31 18 7 44 15 26 28 34 16 32 60 51 47 31 59 27 41 65 46 54 37 28 15 10 41 12 22 28 30 18 54 43 18 66 28 46 51 53 38 34 9 56 19 37 45 44 32 13 44 7 25 44 31 34 19 18 60 38 7 35 32 49 49 56 35 14 27 21 21 35 37 23 38 58 24 
39 32 69 67 51 64 75 67 54 46 80 59 67 36 73 31 11 26 37 8 35 33 28 19 35 39 36 32 7 36 16 40 23 36 20 42 32 20 5 45 13 26 30 33 19 60 59 56 75 66 53 33 80 48 62 45 69 34 42 58 66 59 46 42 72 53 59 26 65 24 38 61 52 39 15 65 30 46 41 53 28 62 55 43 40 68 51 56 22 62 21 71 57 40 85 55 68 46 75 37 49 35 76 49 60 37 67 27 24 62 37 46 25 53 14 47 39 38 71 43 13 61 73 49 80 41 51 14 56 17 30 65 24 37 23 31 
9 25 41 26 36 22 43 34 21 5 47 16 28 29 36 17 50 22 19 39 22 14 15 26 44 10 31 15 50 7 49 50 24 62 26 44 39 42 42 40 29 30 66 30 59 32 59 29 57 48 40 19 58 21 39 54 45 42 30 15 34 24 12 13 37 12 19 27 26 19 29 55 48 45 33 53 26 38 65 41 55 30 20 9 16 33 11 15 29 22 22 48 38 13 59 21 39 49 46 36 29 8 49 12 30 43 37 31 19 38 5 19 45 25 36 12 25 7 43 75 41 24 42 45 49 32 8 30 14 27 34 30 24 35 61 23 
35 39 74 67 59 64 79 71 57 43 85 57 68 44 75 36 10 31 30 21 27 36 28 14 22 41 25 27 14 34 7 52 30 49 26 52 43 32 8 54 17 35 43 42 30 65 71 61 84 74 61 38 87 53 69 57 76 45 50 56 70 62 48 37 75 50 60 34 67 26 46 72 62 50 25 74 37 55 55 62 41 66 58 44 34 71 47 56 30 63 22 78 64 43 91 58 73 57 80 46 55 36 82 50 64 48 72 37 22 69 37 51 38 58 25 49 30 35 13 41 46 64 78 59 85 49 49 22 56 14 40 68 30 47 35 37 
34 32 20 10 27 11 19 9 8 27 22 17 5 32 11 30 71 36 43 55 47 28 35 49 69 22 56 39 69 32 71 51 38 68 41 43 43 53 63 36 48 40 78 35 75 14 51 14 39 31 30 28 37 15 21 53 25 45 28 18 10 3 15 37 12 25 8 38 5 38 30 45 41 46 48 40 34 33 70 32 64 8 6 19 40 8 29 10 41 5 41 27 24 21 36 7 18 46 23 37 21 28 27 13 10 45 14 40 41 19 27 16 54 12 51 14 49 32 61 24 64 75 18 39 25 30 19 47 12 49 40 5 37 36 75 32 
51 41 7 25 26 27 1 8 21 45 8 35 17 39 13 42 84 47 61 66 65 42 50 64 86 37 73 56 81 48 86 52 49 72 53 44 48 61 76 37 61 48 84 42 83 13 45 17 25 21 28 39 21 25 15 53 12 49 33 35 8 17 31 55 7 44 25 47 20 51 36 38 38 48 58 31 43 34 72 29 69 12 21 34 58 10 47 29 51 22 55 14 20 34 18 20 7 45 6 42 25 43 9 30 13 48 6 47 57 13 43 27 60 20 61 30 67 49 73 42 78 18 39 38 7 35 37 58 30 64 47 12 49 41 82 42 
52 23 31 50 12 50 39 37 33 51 46 52 44 17 46 30 60 31 59 40 61 33 41 51 76 35 68 51 56 46 65 14 31 34 34 8 17 30 54 5 42 24 48 18 52 27 14 25 28 21 9 27 33 27 23 15 28 15 15 51 35 36 35 57 42 55 44 25 45 38 16 12 3 11 34 15 24 7 34 8 34 33 35 36 58 40 56 44 29 44 41 28 17 31 40 34 31 7 36 12 19 39 35 38 30 13 33 22 47 24 41 28 27 27 35 35 65 49 49 45 59 39 38 94 43 13 47 37 46 49 19 39 31 12 49 25 
58 48 12 30 32 33 6 15 28 52 5 41 23 46 17 49 91 54 68 73 72 49 58 72 94 44 81 63 88 56 93 57 56 77 60 49 54 67 83 42 68 55 90 48 90 20 48 24 24 23 33 47 19 32 20 58 15 55 39 42 15 25 38 62 13 50 32 54 25 59 43 40 42 53 65 33 50 40 77 34 75 19 28 42 65 16 54 35 58 29 63 15 25 42 13 28 13 50 7 48 31 51 8 37 20 54 13 54 64 19 51 34 66 27 67 37 74 56 80 49 85 25 7 43 25 41 44 66 37 71 53 19 56 47 89 49 
38 10 29 41 10 39 36 32 23 38 43 40 36 5 40 17 52 18 45 32 48 19 28 39 64 22 55 38 48 33 56 20 19 37 23 12 13 26 45 8 32 14 48 7 48 22 27 19 34 25 12 14 38 16 21 23 28 15 2 39 30 27 23 43 37 42 34 15 36 25 3 25 16 15 25 25 12 6 39 13 34 27 25 23 45 34 43 33 18 34 29 30 16 18 43 24 28 17 35 7 10 25 36 26 24 14 29 13 34 22 28 16 24 18 27 23 52 35 41 32 49 30 35 13 41 98 35 27 34 37 12 32 19 6 47 12 
15 30 38 18 37 14 38 29 18 8 41 8 22 33 29 23 58 29 25 47 28 21 23 34 51 14 37 22 58 15 57 54 31 68 33 47 44 49 51 43 37 36 73 35 67 30 61 27 56 47 41 24 55 21 37 58 43 47 32 7 29 20 12 17 31 7 12 33 19 27 32 56 50 49 41 53 31 40 71 43 62 26 17 12 21 28 10 8 35 16 30 45 37 16 55 18 36 52 42 40 29 16 45 9 27 48 33 37 27 36 13 19 51 23 44 12 30 14 51 8 49 19 37 47 44 35 36 38 7 35 39 25 30 39 69 28 
30 18 54 53 38 50 60 53 39 34 66 46 52 22 58 17 25 11 30 9 30 18 16 15 40 25 35 23 22 25 28 32 9 35 5 31 21 14 17 32 5 13 36 20 29 45 49 41 62 53 39 19 66 33 48 37 55 24 28 45 51 44 32 33 57 42 45 12 51 11 24 50 40 29 4 52 15 33 40 40 27 47 41 29 32 54 40 42 8 48 9 57 43 26 70 40 53 36 60 24 34 22 62 35 45 27 52 15 16 48 24 32 19 39 7 33 35 27 14 30 22 47 58 37 66 27 38 79 43 13 18 51 9 25 30 16 
23 31 32 11 34 7 32 22 14 15 34 5 14 34 22 26 64 32 32 52 36 24 28 41 59 17 44 29 63 22 64 54 35 70 38 47 45 52 57 42 42 39 77 36 72 25 59 23 50 42 38 26 50 19 32 58 37 48 32 5 23 14 12 25 24 13 5 36 12 32 33 53 48 49 45 50 33 39 73 40 64 20 12 14 29 21 16 2 39 8 35 40 33 18 49 13 30 51 36 40 27 21 39 8 21 48 27 39 33 31 19 18 54 19 48 11 37 21 56 14 56 12 30 46 37 34 7 43 50 41 41 18 34 39 73 30 
22 27 60 53 47 49 65 56 43 29 70 43 54 32 61 22 23 18 19 18 18 21 13 2 27 26 22 14 23 19 22 45 18 48 15 43 34 27 16 44 8 25 46 31 36 51 62 47 71 62 49 25 74 38 55 50 63 37 37 42 56 47 33 24 61 37 45 23 52 12 34 61 52 42 18 63 25 43 53 50 40 52 43 30 22 57 34 41 20 48 8 65 51 29 78 43 59 49 66 36 42 21 68 36 50 40 57 27 8 55 22 36 33 44 19 34 23 21 17 27 14 49 64 49 71 37 35 13 41 61 30 54 18 36 39 25 
38 9 41 49 22 47 48 43 32 40 55 46 46 8 51 16 41 14 43 21 44 19 25 32 57 25 51 35 37 32 46 16 13 28 15 13 4 13 34 14 23 5 37 5 36 33 31 30 45 36 23 15 50 25 33 21 40 8 14 45 41 37 29 43 48 46 42 7 46 21 10 32 22 12 14 34 8 15 31 23 23 38 34 28 44 45 45 40 10 43 23 42 28 23 55 33 40 18 47 6 22 26 48 32 35 9 41 3 29 34 29 24 13 29 16 29 49 35 30 34 40 40 47 19 53 12 39 18 41 30 76 43 13 7 35 11 
39 34 15 13 26 15 13 4 11 33 16 22 5 35 8 34 75 39 49 59 53 33 40 54 75 27 61 44 73 37 76 51 42 70 45 43 45 56 67 37 52 42 80 37 78 12 50 13 35 28 30 32 32 17 19 54 21 47 29 23 5 6 20 42 7 31 13 41 7 42 32 43 40 46 51 37 37 33 71 31 66 5 10 24 46 3 34 16 44 10 46 23 22 25 31 10 13 46 18 39 21 33 22 18 8 46 9 42 46 17 32 19 56 13 54 19 55 37 65 30 68 5 12 39 19 32 25 51 18 54 43 14 41 38 77 35 
26 9 45 45 29 42 50 43 30 29 56 38 43 14 49 8 34 2 30 17 31 10 12 19 45 17 37 22 32 20 37 29 0 38 4 26 18 18 27 25 12 8 42 13 37 35 44 32 54 44 31 9 57 24 38 34 46 21 19 37 42 35 23 30 48 36 37 5 42 7 16 43 34 25 10 45 7 25 42 32 31 38 31 20 30 44 34 34 5 39 10 48 34 17 61 31 43 31 51 18 25 15 52 26 36 23 43 9 16 38 18 22 21 29 13 24 35 23 24 24 30 37 49 31 56 19 30 9 34 18 13 41 70 18 38 7 
41 11 34 46 15 45 42 38 29 41 49 45 42 5 46 19 48 18 47 29 49 21 29 38 63 25 56 39 44 35 53 15 18 31 21 8 7 20 42 7 30 11 42 5 43 28 26 25 38 29 15 16 42 22 27 19 33 9 8 44 36 33 28 45 43 46 39 13 42 26 6 25 15 9 22 27 11 8 33 15 28 33 31 27 47 40 46 38 16 40 28 35 21 22 48 30 34 13 40 1 16 28 41 31 30 8 35 10 34 28 31 21 19 24 23 28 53 38 37 35 47 36 41 12 47 6 39 25 39 36 7 38 18 86 41 13 
60 43 76 83 57 80 83 78 67 65 90 76 80 43 85 46 27 40 59 22 58 48 47 41 57 55 60 53 22 56 35 35 37 20 35 41 34 21 27 47 33 35 8 40 5 69 54 65 77 70 56 47 83 60 68 38 75 33 49 75 76 72 61 63 83 73 75 37 80 42 45 59 51 37 27 64 40 49 25 56 15 73 69 58 62 80 71 72 34 77 40 76 63 55 89 68 76 43 82 40 57 52 82 64 70 36 76 35 46 69 55 59 22 64 24 62 63 58 23 61 35 75 82 49 89 47 69 30 73 39 35 77 38 41 26 43 
27 2 37 40 22 37 43 36 24 29 49 35 37 8 43 5 42 6 33 24 35 8 16 26 51 14 43 25 39 22 44 26 7 39 11 21 15 21 34 20 20 8 46 8 42 28 39 24 46 37 24 4 50 17 31 31 38 19 12 34 35 29 19 32 41 35 32 6 37 13 9 37 28 22 16 38 2 19 42 25 33 31 26 17 33 37 34 29 9 34 16 40 27 12 54 25 36 27 43 13 18 15 45 22 29 20 36 8 21 31 18 16 23 22 19 19 40 24 31 23 37 32 42 25 49 12 28 16 30 25 11 35 7 13 43 83 
