21 7
25 1 11 12 13 15 0 14 0 9 16 11 5 4 8 11 13 10 20 5 20 
1 79 7 2 12 20 14 10 6 5 13 14 3 6 2 18 11 5 15 0 12 
11 7 2 20 14 13 6 4 19 9 15 4 17 18 10 1 16 10 20 6 11 
12 2 20 70 10 15 14 14 17 16 2 12 1 11 3 20 0 17 1 8 1 
13 12 14 10 38 1 1 10 7 6 12 6 18 18 9 16 5 8 11 14 18 
15 20 13 15 1 17 16 2 16 14 13 16 1 15 7 7 15 16 13 14 3 
0 14 6 14 1 16 93 11 11 9 7 9 20 3 15 10 7 11 11 2 4 
14 10 4 14 10 2 11 63 12 16 18 6 14 11 11 0 0 19 17 18 7 
0 6 19 17 7 16 11 12 2 6 7 12 11 3 11 13 5 18 11 4 18 
9 5 9 16 6 14 9 16 6 2 4 1 20 14 7 12 14 12 6 6 17 
16 13 15 2 12 13 7 18 7 4 75 15 12 6 4 2 9 1 10 7 18 
11 14 4 12 6 16 9 6 12 1 15 94 18 8 8 6 20 8 1 3 11 
5 3 17 1 18 1 20 14 11 20 12 18 37 6 14 10 13 19 5 10 17 
4 6 18 11 18 15 3 11 3 14 6 8 6 76 2 11 8 9 4 1 12 
8 2 10 3 9 7 15 11 11 7 4 8 14 2 69 8 0 2 20 0 1 
11 18 1 20 16 7 10 0 13 12 2 6 10 11 8 81 5 12 20 4 2 
13 11 16 0 5 15 7 0 5 14 9 20 13 8 0 5 61 9 15 6 3 
10 5 10 17 8 16 11 19 18 12 1 8 19 9 2 12 9 15 17 16 9 
20 15 20 1 11 13 11 17 11 6 10 1 5 4 20 20 15 17 34 12 11 
5 0 6 8 14 14 2 18 4 6 7 3 10 1 0 4 6 16 12 61 13 
20 12 11 1 18 3 4 7 18 17 18 11 17 12 1 2 3 9 11 13 79 
