55 11
69 7 31 10 26 15 9 28 40 6 27 34 24 17 45 41 34 10 28 33 17 17 38 34 27 17 22 29 40 33 33 7 41 33 12 36 31 28 17 18 20 18 13 35 16 53 49 5 38 43 1 34 24 28 16 
7 55 25 5 19 22 17 30 33 1 34 35 31 20 53 48 41 5 35 34 24 17 45 41 34 10 28 28 36 38 36 14 34 33 11 43 39 35 9 25 27 24 17 28 16 61 57 13 46 51 8 42 23 35 9 
31 25 68 28 17 46 40 53 31 25 48 34 47 29 70 65 65 21 49 27 40 21 63 57 58 15 41 24 17 45 41 34 10 28 21 62 57 60 19 41 44 38 42 15 22 80 80 36 64 74 30 58 45 59 16 
10 5 28 48 18 23 17 25 30 5 38 40 34 25 55 51 41 10 38 39 27 22 48 44 33 12 32 34 41 42 41 17 37 38 17 45 41 34 10 28 30 28 15 28 22 63 56 14 48 50 11 44 18 34 11 
26 19 17 18 34 41 35 40 16 19 51 45 49 34 72 67 60 18 52 40 42 27 64 59 52 11 45 36 34 53 50 33 23 41 24 62 57 52 9 42 45 41 34 10 28 80 75 32 65 69 27 60 31 53 12 
15 22 46 23 41 91 6 26 53 21 24 41 19 25 34 31 18 25 24 43 17 29 27 25 11 32 22 39 54 34 36 13 56 42 26 24 21 14 32 17 17 19 10 51 28 41 34 10 28 28 16 26 27 12 31 
9 17 40 17 35 6 82 26 48 16 24 37 19 20 38 34 24 19 24 39 15 24 31 27 17 26 20 34 48 32 34 8 50 38 20 28 24 19 26 15 16 17 9 45 23 45 40 4 31 34 10 28 25 18 25 
28 30 53 25 40 26 26 68 44 29 50 62 45 45 58 56 34 35 50 62 42 46 52 51 27 38 47 57 67 58 60 34 62 62 41 48 46 24 34 42 42 43 17 50 45 63 45 27 53 41 30 51 10 28 37 
40 33 31 30 16 53 48 44 20 33 67 62 64 51 86 82 70 34 68 57 57 44 78 74 63 27 61 52 48 69 66 47 34 57 40 76 72 62 24 58 60 57 44 17 45 94 85 45 79 79 41 75 34 63 28 
6 1 25 5 19 21 16 29 33 56 33 35 30 20 52 48 40 5 34 34 23 17 45 40 33 11 27 29 37 37 36 13 35 34 12 43 38 34 10 24 27 23 16 29 17 60 56 12 45 50 7 41 23 34 10 
27 34 48 38 51 24 24 50 67 33 15 25 5 19 22 17 30 33 1 31 10 26 15 9 28 40 6 29 48 11 16 20 57 30 28 17 11 34 43 9 7 10 33 59 25 32 42 24 16 37 26 10 50 29 39 
34 35 34 40 45 41 37 62 62 35 25 62 28 17 46 40 53 31 25 7 24 19 39 34 50 35 20 10 26 15 9 28 40 6 24 42 36 54 40 24 26 21 45 48 19 56 66 34 40 61 32 35 58 50 35 
24 31 47 34 49 19 19 45 64 30 5 28 20 18 23 17 25 30 5 33 7 26 15 10 23 38 7 31 49 16 20 17 57 32 26 15 9 28 40 6 3 9 28 57 25 32 38 20 16 33 23 10 45 24 37 
17 20 29 25 34 25 20 45 51 20 19 17 18 53 41 35 40 16 19 18 11 7 33 28 35 23 12 14 31 18 16 12 38 17 10 34 28 39 26 12 15 9 28 40 6 50 55 18 34 49 15 29 41 36 22 
45 53 70 55 72 34 38 58 86 52 22 46 23 41 31 6 26 53 21 53 30 49 7 13 30 61 29 52 71 31 37 39 80 52 49 10 14 35 62 29 26 32 45 80 48 9 28 40 6 26 45 12 62 30 60 
41 48 65 51 67 31 34 56 82 48 17 40 17 35 6 19 26 48 16 47 25 43 3 7 29 56 23 46 65 25 31 34 74 46 44 8 10 34 58 24 21 26 42 75 42 15 32 36 3 28 40 6 59 29 55 
34 41 65 41 60 18 24 34 70 40 30 53 25 40 26 26 57 44 29 58 29 46 23 25 7 51 32 54 71 42 46 31 75 57 44 18 20 10 50 29 26 32 26 69 45 28 15 28 23 9 34 25 40 6 50 
10 5 21 10 18 25 19 35 34 5 33 31 30 16 53 48 44 81 33 29 23 12 45 40 37 7 26 24 32 35 33 14 31 28 7 44 39 38 10 24 27 22 21 26 12 62 59 15 46 53 9 41 28 38 6 
28 35 49 38 52 24 24 50 68 34 1 25 5 19 21 16 29 33 13 32 10 27 14 8 28 41 7 30 49 12 17 20 58 31 29 16 10 33 43 10 7 11 33 59 26 31 41 24 15 36 27 9 50 28 40 
33 34 27 39 40 43 39 62 57 34 31 7 33 18 53 47 58 29 32 50 28 17 46 40 53 31 25 5 19 22 17 30 33 1 22 48 42 57 36 29 31 25 46 42 17 63 72 36 47 66 32 41 57 54 31 
17 24 40 27 42 17 15 42 57 23 10 24 7 11 30 25 29 23 10 28 10 18 23 17 25 30 5 25 42 16 18 10 49 27 19 22 17 30 33 1 4 2 25 49 17 40 44 15 23 38 16 18 41 26 30 
17 17 21 22 27 29 24 46 44 17 26 19 26 7 49 43 46 12 27 17 18 38 41 35 40 16 19 11 25 25 22 15 30 16 5 41 35 43 21 19 22 17 30 33 1 58 61 20 42 55 15 36 40 41 16 
38 45 63 48 64 27 31 52 78 45 15 39 15 33 7 3 23 45 14 46 23 41 45 6 26 53 21 45 63 25 30 31 72 45 42 5 6 31 55 22 19 24 38 72 40 17 30 33 1 26 37 5 55 26 52 
34 41 57 44 59 25 27 51 74 40 9 34 10 28 13 7 25 40 8 40 17 35 6 34 26 48 16 39 57 19 25 26 66 39 36 9 5 31 50 16 13 19 36 67 35 22 34 29 7 30 33 1 53 26 47 
27 34 58 33 52 11 17 27 63 33 28 50 23 35 30 29 7 37 28 53 25 40 26 26 60 44 29 49 65 40 43 25 68 52 37 21 21 5 43 25 23 28 19 62 39 35 22 21 26 17 27 26 33 1 43 
17 10 15 12 11 32 26 38 27 11 40 35 38 23 61 56 51 7 41 31 30 16 53 48 44 66 33 26 29 41 39 22 25 31 13 52 47 45 5 31 34 30 27 19 17 70 66 22 54 60 17 49 30 45 1 
22 28 41 32 45 22 20 47 61 27 6 20 7 12 29 23 32 26 7 25 5 19 21 16 29 33 2 23 42 11 14 14 50 25 21 23 17 34 36 5 6 4 30 52 19 39 46 20 22 40 21 17 46 30 33 
29 28 24 34 36 39 34 57 52 29 29 10 31 14 52 46 54 24 30 5 25 11 45 39 49 26 23 56 18 23 17 25 30 5 17 46 40 53 31 25 28 22 41 38 12 61 69 31 46 63 27 40 52 50 26 
40 36 17 41 34 54 48 67 48 37 48 26 49 31 71 65 71 32 49 19 42 25 63 57 65 29 42 18 34 41 35 40 16 19 28 65 59 68 34 43 46 40 53 31 25 80 86 44 64 80 39 58 59 66 30 
33 38 45 42 53 34 32 58 69 37 11 15 16 18 31 25 42 35 12 22 16 25 25 19 40 41 11 23 41 93 6 26 53 21 28 28 22 45 45 16 17 15 41 58 24 40 53 31 25 48 31 20 57 40 41 
33 36 41 41 50 36 34 60 66 36 16 9 20 16 37 31 46 33 17 17 18 22 30 25 43 39 14 17 35 6 81 26 48 16 26 33 28 48 43 19 20 17 43 54 21 46 58 32 31 53 31 25 57 44 38 
7 14 34 17 33 13 8 34 47 13 20 28 17 12 39 34 31 14 20 30 10 15 31 26 25 22 14 25 40 26 26 107 44 29 13 29 24 28 23 10 13 10 17 41 14 47 46 6 32 40 6 27 31 25 21 
41 34 10 37 23 56 50 62 34 35 57 40 57 38 80 74 75 31 58 33 49 30 72 66 68 25 50 30 16 53 48 44 63 33 31 72 66 70 28 50 53 47 52 17 31 89 90 46 73 84 40 67 53 69 25 
33 33 28 38 41 42 38 62 57 34 30 6 32 17 52 46 57 28 31 1 27 16 45 39 52 31 25 5 19 21 16 29 33 51 21 47 41 56 36 28 30 25 46 43 17 62 71 35 46 65 31 40 57 53 31 
12 11 21 17 24 26 20 41 40 12 28 24 26 10 49 44 44 7 29 22 19 5 42 36 37 13 21 17 28 28 26 13 31 21 37 41 35 40 16 19 23 17 25 30 5 58 59 16 42 53 11 37 35 38 12 
36 43 62 45 62 24 28 48 76 43 17 42 15 34 10 8 18 44 16 48 22 41 5 9 21 52 23 46 65 28 33 29 72 47 41 46 6 26 53 21 18 24 35 71 40 17 25 30 5 21 35 8 51 21 51 
31 39 57 41 57 21 24 46 72 38 11 36 9 28 14 10 20 39 10 42 17 35 6 5 21 47 17 40 59 22 28 24 66 41 35 6 35 26 48 16 12 18 32 66 34 23 30 26 7 25 30 5 49 21 46 
28 35 60 34 52 14 19 24 62 34 34 54 28 39 35 34 10 38 33 57 30 43 31 31 5 45 34 53 68 45 48 28 70 56 40 26 26 51 44 29 28 32 18 62 42 38 23 23 31 17 29 31 30 5 44 
17 9 19 10 9 32 26 34 24 10 43 40 40 26 62 58 50 10 43 36 33 21 55 50 43 5 36 31 34 45 43 23 28 36 16 53 48 44 61 33 36 32 25 18 21 71 66 23 56 60 17 51 25 44 5 
18 25 41 28 42 17 15 42 58 24 9 24 6 12 29 24 29 24 10 29 1 19 22 16 25 31 5 25 43 16 19 10 50 28 19 21 16 29 33 10 3 3 25 50 18 39 43 15 23 37 17 17 41 25 30 
20 27 44 30 45 17 16 42 60 27 7 26 3 15 26 21 26 27 7 31 4 22 19 13 23 34 6 28 46 17 20 13 53 30 23 18 12 28 36 3 83 6 26 53 21 35 40 16 19 35 19 14 42 24 33 
18 24 38 28 41 19 17 43 57 23 10 21 9 9 32 26 32 22 11 25 2 17 24 19 28 30 4 22 40 15 17 10 47 25 17 24 18 32 32 3 6 71 26 48 16 41 46 16 25 40 16 19 42 28 29 
13 17 42 15 34 10 9 17 44 16 33 45 28 28 45 42 26 21 33 46 25 30 38 36 19 27 30 41 53 41 43 17 52 46 25 35 32 18 25 25 26 26 81 44 29 52 41 10 39 35 14 36 16 19 26 
35 28 15 28 10 51 45 50 17 29 59 48 57 40 80 75 69 26 59 42 49 33 72 67 62 19 52 38 31 58 54 41 17 43 30 71 66 62 18 50 53 48 44 33 33 89 85 41 73 79 35 68 40 63 19 
16 16 22 22 28 28 23 45 45 17 25 19 25 6 48 42 45 12 26 17 17 1 40 35 39 17 19 12 25 24 21 14 31 17 5 40 34 42 21 18 21 16 29 33 39 57 60 19 41 54 15 35 40 40 16 
53 61 80 63 80 41 45 63 94 60 32 56 32 50 9 15 28 62 31 63 40 58 17 22 35 70 39 61 80 40 46 47 89 62 58 17 23 38 71 39 35 41 52 89 57 12 26 48 16 26 53 21 68 34 69 
49 57 80 56 75 34 40 45 85 56 42 66 38 55 28 32 15 59 41 72 44 61 30 34 22 66 46 69 86 53 58 46 90 71 59 25 30 23 66 43 40 46 41 85 60 26 52 44 29 6 50 34 53 21 65 
5 13 36 14 32 10 4 27 45 12 24 34 20 18 40 36 28 15 24 36 15 20 33 29 21 22 20 31 44 31 32 6 46 35 16 30 26 23 23 15 16 16 10 41 19 48 44 107 33 38 6 30 26 22 21 
38 46 64 48 65 28 31 53 79 45 16 40 16 34 6 3 23 46 15 47 23 42 1 7 26 54 22 46 64 25 31 32 73 46 42 5 7 31 56 23 19 25 39 73 41 16 29 33 43 25 38 6 56 26 53 
43 51 74 50 69 28 34 41 79 50 37 61 33 49 26 28 9 53 36 66 38 55 26 30 17 60 40 63 80 48 53 40 84 65 53 21 25 17 60 37 35 40 35 79 54 26 6 38 25 52 44 29 48 16 59 
1 8 30 11 27 16 10 30 41 7 26 32 23 15 45 40 34 9 27 32 16 15 37 33 27 17 21 27 39 31 31 6 40 31 11 35 30 29 17 17 19 16 14 35 15 53 50 6 38 44 97 33 26 28 16 
34 42 58 44 60 26 28 51 75 41 10 35 10 29 12 6 25 41 9 41 18 36 5 1 26 49 17 40 58 20 25 27 67 40 37 8 5 31 51 17 14 19 36 68 35 21 34 30 6 29 33 32 53 26 48 
24 23 45 18 31 27 25 10 34 23 50 58 45 41 62 59 40 28 50 57 41 40 55 53 33 30 46 52 59 57 57 31 53 57 35 51 49 30 25 41 42 42 16 40 40 68 53 26 56 48 26 53 88 33 29 
28 35 59 34 53 12 18 28 63 34 29 50 24 36 30 29 6 38 28 54 26 41 26 26 1 45 30 50 66 40 44 25 69 53 38 21 21 5 44 25 24 28 19 63 40 34 21 22 26 16 28 26 33 59 44 
16 9 16 11 12 31 25 37 28 10 39 35 37 22 60 55 50 6 40 31 30 16 52 47 43 1 33 26 30 41 38 21 25 31 12 51 46 44 5 30 33 29 26 19 16 69 65 21 53 59 16 48 29 44 67 
