136 17
82 35 30 13 23 44 22 23 33 7 46 38 15 47 34 50 17 15 34 27 4 20 21 21 40 11 3 29 11 43 12 19 25 8 39 23 25 37 22 43 32 22 37 47 46 4 24 32 9 9 17 10 32 27 2 38 23 36 15 18 19 21 28 35 24 12 26 13 48 26 24 9 7 6 22 23 21 12 33 20 27 26 27 37 11 50 41 19 50 38 54 13 24 21 30 19 14 27 38 33 26 23 31 20 16 26 41 34 26 43 31 24 34 49 45 18 7 29 7 48 19 44 24 50 46 57 12 44 34 47 18 42 27 28 54 46 
35 34 24 23 32 17 13 12 4 30 14 15 19 28 26 18 41 50 64 62 30 52 52 44 71 27 37 60 36 63 24 15 34 27 4 20 21 21 40 11 3 29 11 43 12 38 46 20 29 27 17 45 13 24 35 33 33 15 50 20 43 43 38 62 20 26 51 22 59 16 28 41 39 28 57 21 33 47 40 42 20 9 7 5 26 17 15 15 27 26 21 29 24 49 6 15 38 19 45 2 25 49 6 14 38 17 47 3 43 13 6 32 7 47 13 25 33 57 30 64 21 11 14 23 32 22 22 26 29 15 21 53 10 16 27 29 
30 24 31 28 11 20 16 18 26 31 26 13 22 17 45 28 45 41 64 52 28 50 51 49 70 31 33 59 23 71 27 17 45 21 27 33 35 42 47 35 24 39 16 62 35 34 27 4 20 21 21 40 11 3 29 11 43 12 43 28 47 48 49 65 34 30 55 18 72 32 7 30 30 25 49 7 14 38 16 48 4 18 20 29 30 30 18 22 21 46 32 35 37 51 25 18 41 5 59 24 39 52 27 20 42 7 61 26 51 37 26 43 17 65 37 34 34 59 22 74 31 24 29 24 53 38 24 14 46 26 12 66 27 34 27 52 
13 23 28 69 27 37 14 13 21 7 37 31 6 43 22 41 18 29 41 40 9 28 28 22 48 4 15 36 21 43 1 12 17 11 27 9 12 23 19 30 20 11 29 36 34 15 35 29 14 12 8 23 26 26 15 39 15 30 27 4 20 21 21 40 11 3 29 11 43 12 26 22 20 9 35 20 26 26 38 20 24 16 16 25 3 40 34 8 44 25 44 7 11 26 18 11 15 23 31 21 14 26 19 10 15 22 33 22 23 29 18 15 25 39 32 6 10 34 13 45 6 34 11 43 33 46 3 40 21 38 16 37 14 14 47 33 
23 32 11 27 55 31 20 23 33 27 37 25 22 28 47 39 40 31 57 41 23 43 44 44 61 28 26 51 14 66 26 19 44 17 36 35 37 46 44 43 31 39 26 63 44 27 15 15 14 16 22 31 21 9 21 16 42 23 34 29 42 44 48 59 36 28 50 16 70 35 4 20 21 21 40 11 3 29 11 43 12 24 26 37 28 41 29 25 32 50 44 32 38 45 31 20 36 13 58 31 40 46 34 22 38 15 61 34 48 44 33 42 27 67 45 34 29 53 16 70 32 35 32 36 57 49 23 25 48 37 12 64 31 37 39 56 
44 17 20 37 31 8 23 23 21 42 7 6 31 12 43 8 55 58 78 70 41 64 64 59 84 41 47 72 41 79 37 25 50 36 17 36 37 38 55 23 19 45 8 60 21 48 47 15 36 36 29 55 11 22 44 24 49 8 59 34 57 58 54 77 36 40 66 31 76 32 27 47 47 39 66 23 34 55 34 57 20 20 21 21 40 11 3 29 11 43 12 44 40 63 22 26 52 19 62 19 41 63 24 26 52 18 64 20 59 27 23 48 11 64 24 40 45 71 37 80 36 7 30 6 48 19 34 12 46 7 26 70 26 33 10 45 
22 13 16 14 20 23 41 2 13 19 24 17 8 29 28 28 32 37 54 49 18 41 41 36 61 18 25 49 22 57 14 2 30 14 17 17 19 26 33 24 11 24 15 45 26 26 33 15 15 14 6 33 12 15 22 27 28 16 37 12 34 35 34 54 18 17 43 9 56 15 17 27 26 16 44 9 21 34 30 34 11 4 6 17 17 28 20 6 30 30 31 21 21 40 11 3 29 11 43 12 23 40 13 4 29 8 45 14 37 24 12 28 12 49 26 19 22 48 16 59 15 21 12 29 37 35 11 26 30 25 8 50 11 17 33 36 
23 12 18 13 23 23 2 42 11 19 24 18 8 30 26 28 32 38 54 50 19 41 41 35 61 17 25 49 24 56 13 4 28 15 16 15 17 23 32 22 9 22 15 43 24 26 36 17 17 15 5 34 13 17 23 29 26 17 38 11 34 34 32 53 15 16 42 10 55 13 19 29 27 17 45 12 23 35 32 34 14 3 4 15 16 27 20 5 31 28 31 20 19 39 8 3 28 13 41 10 21 40 11 3 29 11 43 12 36 22 10 26 12 47 24 18 22 48 18 58 14 21 10 30 35 34 11 27 27 25 11 49 8 15 34 34 
33 4 26 21 33 21 13 11 42 28 18 19 18 32 22 22 38 49 62 61 29 50 49 41 68 25 36 57 36 60 22 15 31 26 6 17 17 17 36 10 2 25 14 39 13 36 47 23 29 27 15 44 16 26 34 36 30 18 48 17 40 40 34 59 16 24 48 22 56 12 30 40 38 27 55 22 34 45 42 39 22 9 7 4 24 20 19 14 31 22 24 27 20 46 3 15 35 21 41 2 21 46 3 13 35 19 43 1 40 11 3 29 11 43 12 22 31 54 29 60 18 15 11 27 28 25 20 30 25 19 22 50 7 12 31 26 
7 30 31 7 27 42 19 19 28 80 43 37 11 47 27 47 13 22 35 33 4 21 21 17 41 3 8 30 17 40 6 17 18 10 34 16 18 29 17 38 27 14 34 39 41 8 31 32 13 11 13 15 31 28 9 41 16 35 20 11 16 17 21 34 17 5 24 12 42 19 27 17 14 6 27 23 25 19 38 16 27 22 23 32 4 47 39 14 49 31 51 6 16 20 25 16 10 27 32 28 19 21 26 16 11 26 34 29 21 37 25 17 31 42 40 11 3 29 11 43 12 40 18 49 38 53 8 44 26 44 18 37 21 21 53 39 
46 14 26 37 37 7 24 24 18 43 22 12 32 20 40 4 55 61 78 73 43 65 65 58 85 41 49 73 45 78 37 27 49 38 12 35 35 33 54 17 17 43 10 56 14 50 53 21 39 38 29 57 15 28 46 31 48 13 62 34 57 57 52 77 34 40 65 33 74 30 33 51 50 40 69 27 39 58 41 57 24 21 20 16 40 4 8 29 17 39 7 43 38 63 20 27 52 24 60 16 39 63 21 27 52 22 61 17 58 21 21 47 12 60 18 40 46 71 40 78 36 3 29 11 43 12 35 20 42 1 30 68 25 31 13 40 
38 15 13 31 25 6 17 18 19 37 12 6 26 12 41 14 50 52 72 63 35 58 58 53 78 35 41 66 34 74 31 20 46 29 17 32 34 36 50 24 17 40 4 58 23 42 41 9 29 29 23 49 5 15 37 20 45 1 53 29 52 53 50 71 33 34 60 24 73 29 20 41 40 32 60 16 27 48 29 52 13 15 17 20 34 16 4 24 13 42 18 38 36 57 19 20 46 12 59 16 38 58 21 21 47 11 61 19 54 27 21 44 8 62 26 36 40 66 31 76 32 11 27 12 47 25 29 11 43 12 20 67 23 30 16 45 
15 19 22 6 22 31 8 8 18 11 32 26 58 37 25 36 24 31 46 42 11 33 33 27 52 9 17 41 19 49 5 6 23 9 23 12 15 25 25 28 17 17 23 41 31 18 32 23 12 9 2 25 20 20 15 33 21 24 30 6 26 27 27 45 13 8 34 6 49 13 20 22 20 9 37 14 21 27 33 26 18 11 12 22 8 36 28 4 38 28 39 12 15 31 15 5 20 17 37 18 18 32 16 5 21 16 39 19 29 28 16 21 20 44 30 12 14 40 11 51 9 29 11 38 35 42 3 34 25 33 11 43 12 16 42 35 
47 28 17 43 28 12 29 30 32 47 20 12 37 22 54 19 61 59 82 69 45 68 68 64 87 46 50 76 41 86 42 31 59 39 29 45 47 49 62 36 30 53 17 71 34 52 43 15 38 38 35 57 17 20 46 15 57 13 61 41 63 64 63 82 45 45 71 34 85 42 25 48 48 42 67 24 31 56 27 63 20 28 29 33 45 23 13 35 4 54 23 50 49 67 32 31 57 20 72 29 51 68 34 33 58 21 73 31 66 39 34 57 21 75 37 48 50 76 40 88 44 20 39 11 60 30 40 3 56 19 29 79 36 43 12 57 
34 26 45 22 47 43 28 26 22 27 40 41 25 54 87 43 28 49 50 59 31 42 40 29 57 23 35 47 43 41 23 28 15 33 27 12 10 7 22 25 24 13 37 17 29 35 57 43 36 34 25 41 37 43 36 56 15 40 45 18 28 27 17 45 11 22 35 31 34 13 45 44 41 31 52 38 47 45 58 27 40 27 25 23 23 41 41 22 54 4 45 21 10 36 21 27 27 39 20 24 8 34 19 25 25 37 21 23 24 21 20 14 33 21 25 16 28 42 35 40 16 37 15 50 11 43 25 52 3 41 35 29 18 11 53 12 
50 18 28 41 39 8 28 28 22 47 4 14 36 19 43 25 59 65 82 76 46 69 69 62 89 45 53 77 48 82 41 31 53 42 16 39 39 37 58 20 21 47 13 60 17 54 55 24 43 42 33 61 18 30 50 32 52 15 65 38 61 61 56 81 38 44 69 37 78 34 35 54 53 44 72 30 42 61 43 61 27 24 24 20 44 3 10 33 16 42 4 47 42 67 24 31 56 26 63 20 43 67 25 31 56 25 65 21 62 24 25 51 15 64 21 44 50 75 44 82 40 7 33 9 47 11 39 20 46 3 33 72 29 35 11 43 
17 41 45 18 40 55 32 32 38 13 55 50 24 61 28 59 70 24 23 32 17 13 12 4 30 14 15 19 28 26 18 30 13 23 44 22 23 33 7 46 38 15 47 34 50 14 41 46 26 24 26 16 44 42 19 54 12 48 19 21 2 4 14 21 23 15 10 26 31 27 40 25 22 19 24 37 38 21 51 3 41 35 34 42 15 58 52 26 63 32 62 11 20 8 35 29 3 40 23 39 21 8 35 29 3 39 26 39 9 44 35 14 44 36 48 16 11 16 23 30 20 52 27 62 38 63 21 58 26 56 32 26 31 28 66 40 
15 50 41 29 31 58 37 38 49 22 61 52 31 59 49 65 24 60 28 11 20 16 18 26 31 26 13 22 17 45 28 35 36 23 54 38 40 52 31 59 48 35 51 58 62 13 23 44 22 23 33 7 46 38 15 47 34 50 5 33 25 28 38 32 40 27 28 28 53 42 34 11 11 21 8 35 28 3 39 27 39 41 42 53 26 65 55 35 62 53 69 27 38 22 46 34 23 39 47 49 40 25 47 36 25 40 50 50 33 59 47 36 49 60 61 33 20 27 21 51 34 59 40 64 60 73 28 56 47 62 31 49 43 44 68 61 
34 64 64 41 57 78 54 54 62 35 78 72 46 82 50 82 23 28 27 27 37 14 13 21 7 37 31 6 43 22 41 52 35 43 68 45 46 56 27 70 61 38 70 50 74 30 51 67 44 43 49 25 66 61 35 73 34 70 23 44 22 23 33 7 46 38 15 47 34 50 58 37 36 39 21 57 54 29 66 23 61 57 57 65 38 81 74 49 84 54 85 34 43 15 59 51 26 61 37 62 44 15 59 51 26 61 39 63 26 68 59 36 66 50 71 39 32 7 42 29 43 75 51 84 59 87 43 79 47 79 53 33 54 51 88 61 
27 62 52 40 41 70 49 50 61 33 73 63 42 69 59 76 32 11 27 46 31 20 23 33 27 37 25 22 28 47 39 46 45 35 66 49 51 62 39 71 59 45 63 67 74 25 30 55 33 34 45 17 58 49 26 57 44 61 13 45 33 35 46 33 51 38 33 40 58 53 44 22 23 33 7 46 38 15 47 34 50 53 54 65 37 77 67 47 73 63 80 37 49 28 57 46 32 51 55 60 51 30 59 47 34 51 57 62 41 70 58 46 61 68 73 43 31 29 32 54 46 70 52 75 70 84 40 66 57 74 43 55 54 55 79 71 
4 30 28 9 23 41 18 19 29 4 43 35 11 45 31 46 17 20 37 31 89 23 23 21 42 7 6 31 12 43 8 15 22 6 35 19 21 32 21 39 28 18 33 44 42 7 27 30 8 7 13 14 29 25 5 37 20 33 19 13 19 21 26 37 20 8 27 10 47 22 23 13 10 2 26 20 21 16 34 20 24 22 23 33 7 46 38 15 47 34 50 10 20 23 26 15 13 24 36 29 23 24 27 16 15 24 39 30 25 38 26 21 31 46 41 15 6 31 6 47 15 40 20 47 42 53 8 42 30 44 16 41 23 24 51 42 
20 52 50 28 43 64 41 41 50 21 65 58 33 68 42 69 13 16 14 20 23 44 2 13 19 24 17 8 29 28 28 38 27 29 56 35 36 47 20 59 49 28 56 47 62 16 38 53 30 29 35 11 52 47 21 58 26 56 10 32 13 15 27 16 36 25 12 33 38 39 44 23 22 25 13 43 40 16 52 15 47 44 45 53 25 69 61 36 70 46 73 23 33 7 46 38 15 47 34 50 35 10 47 38 16 47 37 51 21 57 47 28 53 48 60 28 18 10 28 35 32 62 39 70 52 75 30 65 39 66 39 34 42 41 74 54 
21 52 51 28 44 64 41 41 49 21 65 58 33 68 40 69 12 18 13 23 23 2 46 11 19 24 18 8 30 26 28 38 25 29 55 33 35 45 18 58 49 27 56 45 61 16 40 53 30 30 35 13 53 48 22 59 24 57 12 32 11 13 25 15 35 25 10 34 35 38 45 25 23 26 15 44 41 18 53 13 48 44 44 53 25 68 61 36 71 44 72 22 32 5 46 38 14 48 32 50 33 7 46 38 15 47 34 50 18 56 46 26 53 46 59 27 18 9 28 32 31 62 38 70 50 74 30 65 38 66 39 32 42 39 74 52 
21 44 49 22 44 59 36 35 41 17 58 53 27 64 29 62 4 26 21 33 21 13 11 67 28 18 19 18 32 22 22 33 14 27 47 24 25 35 6 49 41 17 51 33 53 17 45 50 30 28 30 19 48 46 23 58 13 52 21 24 1 2 13 18 25 19 7 30 27 29 44 28 26 23 26 41 42 24 55 1 45 38 38 44 19 61 56 30 66 33 65 15 22 6 38 33 7 44 21 42 23 5 38 32 6 43 24 42 7 46 38 15 47 34 50 19 15 13 27 26 22 55 30 65 39 66 24 62 26 59 36 22 34 30 69 41 
40 71 70 48 61 84 61 61 68 41 85 78 52 87 57 89 30 31 7 27 42 19 19 28 15 43 37 11 47 27 47 58 42 48 75 52 53 63 35 77 68 45 76 57 81 35 54 72 49 49 55 30 72 67 41 77 42 76 27 51 29 30 41 13 54 45 22 53 40 57 63 41 40 45 23 63 58 32 70 30 67 64 64 72 44 88 81 56 90 61 92 41 50 22 65 58 33 67 44 69 51 23 66 58 33 66 46 70 33 75 66 43 73 57 78 46 38 15 47 34 50 82 58 90 66 94 49 84 54 86 58 40 61 58 94 69 
11 27 31 4 28 41 18 17 25 3 41 35 9 46 23 45 14 26 37 37 7 24 24 18 43 93 12 32 20 40 4 15 15 11 31 12 14 26 16 35 24 11 33 36 38 12 34 32 15 12 12 19 30 28 13 41 13 34 23 8 16 17 19 36 13 1 25 13 41 16 28 20 18 8 31 23 27 22 39 16 27 20 20 29 1 44 38 12 48 27 48 3 13 22 22 15 11 26 30 26 15 22 23 14 11 25 32 26 20 33 22 14 29 39 36 7 6 30 13 43 8 38 15 47 34 50 6 43 23 42 19 35 18 18 51 35 
3 37 33 15 26 47 25 25 36 8 49 41 17 50 35 53 15 13 31 25 6 17 18 19 37 12 76 26 12 41 14 22 25 11 41 24 26 38 21 46 35 22 40 47 49 1 25 35 12 12 20 8 36 30 4 41 23 39 12 20 18 20 27 33 26 13 24 16 46 28 27 9 7 8 19 26 23 10 36 19 30 29 29 40 12 53 44 22 53 39 57 14 25 19 32 22 12 30 38 36 27 20 34 23 15 29 40 37 25 45 33 24 37 49 48 19 7 27 10 46 21 46 27 53 47 60 15 47 34 50 21 41 29 30 57 48 
29 60 59 36 51 72 49 49 57 30 73 66 41 76 47 77 19 22 6 22 31 8 8 18 11 32 26 30 37 25 36 47 32 37 63 42 42 53 25 66 57 35 65 50 70 24 45 61 38 38 44 19 61 56 30 67 31 65 17 40 19 20 31 11 43 33 13 42 37 46 53 31 30 34 16 52 48 23 60 20 56 52 53 61 33 77 69 44 79 51 81 30 40 11 54 46 22 56 37 58 41 13 55 46 23 55 39 58 24 64 54 33 61 50 68 36 27 7 36 32 39 70 46 79 57 83 38 73 45 74 47 34 50 48 83 59 
11 36 23 21 14 41 22 24 36 17 45 34 19 41 43 48 28 17 43 28 12 29 30 32 47 20 12 37 95 54 19 20 35 10 40 30 33 43 33 46 34 31 35 56 48 14 14 27 6 9 20 17 29 20 8 30 33 33 20 24 30 32 38 45 32 20 37 13 59 32 16 6 7 12 26 18 11 15 23 31 21 26 28 40 19 49 38 23 44 46 52 23 32 31 33 20 25 22 49 35 35 33 35 22 27 23 51 36 37 46 34 34 33 59 48 27 18 39 7 59 27 42 30 46 54 57 18 38 42 46 15 53 31 34 50 54 
43 63 71 43 66 79 57 56 60 40 78 74 49 86 41 82 26 45 22 47 43 28 26 22 27 40 41 25 54 69 43 55 29 50 66 43 42 48 24 65 60 34 71 35 69 39 66 72 52 51 51 39 69 68 45 81 30 73 39 45 24 22 25 14 43 40 17 53 13 47 67 50 48 46 40 63 64 44 77 23 67 59 58 62 41 80 76 50 88 44 84 36 39 23 57 54 30 66 22 61 39 20 57 53 28 65 23 61 20 62 57 31 67 33 66 38 37 18 50 7 42 75 49 86 46 84 46 83 38 79 59 15 53 47 90 50 
12 24 27 1 26 37 14 13 22 6 37 31 5 42 23 41 18 28 41 39 8 28 28 22 47 4 14 36 19 43 101 11 18 9 27 11 13 24 19 31 21 13 29 37 35 14 33 28 13 10 8 22 26 25 13 38 16 30 26 5 20 21 22 40 12 3 29 9 44 13 25 21 18 7 33 19 25 24 37 20 23 16 16 26 3 40 34 8 44 27 44 7 13 26 18 11 15 23 32 22 15 26 19 10 15 21 34 23 23 30 19 16 25 41 33 8 9 34 12 46 7 34 12 43 34 46 2 40 23 38 15 38 15 16 47 34 
19 15 17 12 19 25 2 4 15 17 27 20 6 31 28 31 30 35 52 46 15 38 38 33 58 15 22 47 20 55 11 48 28 11 20 16 18 26 31 26 13 22 17 45 28 23 32 17 13 12 4 30 14 15 19 28 26 18 34 11 32 33 32 51 17 14 40 6 55 15 17 25 23 13 42 10 20 31 29 32 12 6 8 19 14 31 22 5 32 30 34 19 20 37 12 0 26 12 42 14 22 38 15 3 27 10 44 16 35 26 14 26 15 48 28 17 20 46 14 57 14 24 12 32 37 38 9 28 29 28 7 49 12 17 36 37 
25 34 45 17 44 50 30 28 31 18 49 46 23 59 15 53 13 36 35 45 22 27 25 14 42 15 25 32 35 29 18 28 47 27 37 14 13 21 7 37 31 6 43 22 41 24 49 45 30 28 24 29 41 43 27 56 2 45 32 17 13 12 4 30 14 15 19 28 26 18 43 34 32 23 38 38 43 34 55 12 41 31 29 33 16 51 48 23 60 19 55 12 10 20 28 27 13 40 14 32 10 19 28 26 11 38 16 32 9 34 28 2 39 24 38 10 17 27 29 29 14 46 20 57 24 55 21 56 12 50 33 20 24 18 61 27 
8 27 21 11 17 36 14 15 26 10 38 29 9 39 33 42 23 23 43 35 6 29 29 27 48 11 11 37 10 50 9 11 27 64 31 20 23 33 27 37 25 22 28 47 39 13 24 24 3 1 10 19 24 19 8 31 25 28 23 14 25 27 31 43 22 11 33 5 52 22 17 13 12 4 30 14 15 19 28 26 18 18 19 31 10 42 33 13 41 36 46 15 22 29 23 11 19 18 41 26 25 30 25 13 21 18 43 27 31 37 24 25 26 50 39 18 12 37 2 53 17 35 20 42 44 49 8 36 33 39 10 47 21 24 46 44 
39 4 27 27 36 17 17 16 6 34 12 17 23 29 27 16 44 54 68 66 35 56 55 47 75 31 41 63 40 66 27 20 37 31 34 23 23 21 42 7 6 31 12 43 8 42 51 24 33 32 21 49 16 28 39 36 36 17 54 23 46 46 40 65 22 30 54 26 61 18 32 45 43 33 61 25 37 51 43 45 24 13 12 4 30 14 15 19 28 26 18 33 26 52 9 20 41 23 47 5 27 52 9 18 41 20 48 5 46 10 9 35 10 47 9 28 37 61 34 66 24 10 17 23 31 19 26 28 30 13 25 55 13 18 26 28 
23 20 33 9 35 36 17 15 17 16 35 32 12 45 12 39 22 38 45 49 19 35 33 24 52 12 24 42 30 43 11 16 14 20 23 27 2 13 19 24 17 8 29 28 28 24 44 32 24 21 12 31 28 32 24 44 13 31 35 6 23 23 18 42 1 10 31 18 40 4 33 32 29 18 43 26 34 35 45 23 29 17 15 20 11 37 34 10 46 16 41 12 4 30 14 15 19 28 26 18 6 30 14 13 19 26 28 18 23 22 14 12 25 32 25 6 18 38 23 43 3 32 6 43 23 41 12 43 13 36 23 34 10 6 47 23 
25 21 35 12 37 37 19 17 17 18 35 34 15 47 10 39 23 40 46 51 21 36 35 25 53 14 26 42 33 42 13 18 13 23 23 2 24 11 19 24 18 8 30 26 28 26 47 35 26 24 15 33 29 34 27 46 12 33 37 8 24 23 17 43 1 13 31 21 38 5 35 34 32 21 44 28 37 37 48 23 31 19 17 20 14 38 35 13 47 13 42 13 3 31 15 18 20 30 25 19 4 30 14 15 19 28 26 18 22 21 14 11 26 30 25 7 19 38 25 42 6 32 7 44 21 42 15 44 10 36 25 32 11 5 48 21 
37 21 42 23 46 38 26 23 17 29 33 36 25 49 7 37 33 52 56 62 32 47 45 35 63 26 38 53 43 48 24 26 21 33 21 13 11 8 28 18 19 18 32 22 22 38 57 40 37 34 24 45 33 41 38 52 21 36 49 19 34 33 23 51 12 24 41 31 41 11 43 45 43 32 56 36 46 48 56 33 37 23 21 17 25 34 36 21 49 5 38 25 13 41 17 25 31 36 27 19 12 40 14 23 30 34 28 17 30 14 15 19 28 26 18 19 31 48 36 47 17 31 14 44 11 36 25 47 10 35 34 36 15 9 47 10 
22 40 47 19 44 55 33 32 36 17 54 50 25 62 22 58 7 31 27 39 21 20 18 6 35 16 21 25 33 24 19 31 7 27 42 19 19 28 61 43 37 11 47 27 47 20 47 48 30 28 27 24 45 45 25 57 7 49 26 20 6 4 7 23 20 16 12 29 25 24 44 31 29 23 32 39 42 29 55 5 43 35 34 39 17 57 52 26 63 26 61 12 16 13 34 30 9 42 16 38 17 12 33 29 6 41 18 37 4 41 33 8 43 29 44 14 15 19 28 26 18 51 25 62 32 61 22 59 20 55 35 20 29 24 65 34 
43 11 35 30 43 23 24 22 10 38 17 24 28 36 25 20 46 59 70 71 39 59 58 49 77 35 46 66 46 65 31 26 37 37 7 24 24 18 43 29 12 32 20 40 4 46 57 31 39 37 26 54 24 35 44 44 36 24 58 26 48 47 40 67 23 33 56 32 59 19 39 50 49 37 65 32 44 56 51 47 31 19 17 6 34 17 22 24 34 23 20 36 27 55 13 25 44 30 45 11 27 54 12 24 43 28 46 9 46 4 12 35 17 44 2 30 41 63 39 65 27 15 19 28 26 18 31 35 28 18 32 54 16 18 31 23 
32 3 24 20 31 19 11 9 2 27 17 17 17 30 24 21 38 48 61 59 28 49 49 41 68 24 35 57 34 60 21 13 31 25 6 17 18 19 37 12 31 26 12 41 14 35 45 21 27 25 14 43 14 24 32 34 30 16 47 17 40 40 35 59 17 23 48 20 57 13 27 38 37 26 54 20 32 44 39 39 20 7 5 6 23 20 17 13 29 24 24 26 21 46 3 13 35 19 43 1 22 46 4 12 35 16 44 3 40 13 4 29 8 45 14 22 30 54 27 61 18 14 11 26 30 25 19 28 26 18 20 51 7 14 29 28 
22 29 39 11 39 45 24 22 25 14 43 40 17 53 13 47 15 35 38 45 18 28 27 17 45 11 22 35 31 34 13 22 6 22 31 8 8 18 11 32 26 39 37 25 36 21 45 39 26 23 18 27 35 37 24 50 4 39 31 11 15 15 10 34 9 10 23 22 32 13 37 31 29 19 38 32 38 32 50 15 35 24 23 28 11 46 42 17 54 18 50 8 5 23 23 21 13 34 19 27 6 22 22 20 12 32 21 26 14 30 22 4 33 28 33 4 15 30 24 35 8 40 14 51 24 50 15 50 12 44 28 26 18 13 55 26 
37 11 16 29 26 8 15 15 14 34 10 4 23 17 37 13 47 51 70 63 33 56 56 51 76 33 40 65 35 71 29 17 43 28 12 29 30 32 47 20 12 37 56 54 19 41 42 12 29 28 21 48 5 17 36 24 41 4 52 26 49 50 47 69 29 32 58 23 69 25 22 40 40 31 59 16 29 48 32 49 14 12 13 16 32 14 5 21 17 37 17 36 33 55 15 18 44 13 55 12 34 55 17 18 44 12 57 14 51 23 16 41 4 58 21 33 37 63 30 72 29 8 23 14 43 22 26 15 39 11 19 63 19 26 18 40 
47 43 62 36 63 60 45 43 39 39 56 58 41 71 17 60 34 58 50 67 44 47 45 33 57 36 47 50 56 35 37 45 22 47 43 28 26 22 27 40 41 25 54 53 43 46 71 60 51 48 41 51 55 60 49 73 24 58 53 34 33 31 20 44 27 36 36 47 23 30 61 56 54 44 59 55 62 56 74 32 57 44 42 39 37 57 58 39 71 17 61 33 25 40 38 44 35 56 13 42 22 37 37 42 33 54 12 40 26 36 37 22 50 4 40 29 39 43 49 30 31 54 33 66 14 58 40 69 15 57 51 19 35 28 70 18 
46 12 35 34 44 21 26 24 13 41 14 23 31 34 29 17 50 62 74 74 42 62 61 53 81 38 49 70 48 69 35 28 41 39 8 28 28 22 47 4 14 36 19 43 37 49 59 31 41 40 29 57 24 36 47 43 40 24 61 30 51 51 44 71 27 36 59 35 63 23 40 53 51 40 68 33 45 59 51 51 32 21 20 8 37 13 20 27 32 27 17 39 31 58 16 28 47 31 49 13 30 58 15 26 47 28 50 12 50 7 15 39 17 47 4 34 44 66 42 69 30 13 23 25 30 14 34 33 32 15 34 58 19 22 28 26 
4 38 34 15 27 48 26 26 36 8 50 42 18 52 35 54 14 13 30 25 7 16 16 17 35 12 1 24 14 39 14 23 24 13 42 24 26 38 20 46 35 21 41 46 49 57 27 37 14 13 21 7 37 31 6 43 22 41 11 20 16 18 26 31 26 13 22 17 45 28 28 11 8 9 19 27 25 10 37 17 31 29 30 40 12 54 45 22 54 39 58 13 24 17 33 23 11 31 36 36 27 19 34 23 13 31 39 37 23 45 34 23 38 48 48 19 6 25 12 44 21 47 27 55 46 61 15 49 34 51 23 40 30 30 59 47 
24 46 27 35 15 47 33 36 47 31 53 41 32 43 57 55 41 23 51 30 27 38 40 45 54 34 25 45 14 66 33 32 49 24 51 44 47 57 47 57 45 45 42 71 59 27 23 31 20 23 33 27 37 25 22 28 47 39 28 38 43 46 53 55 46 35 49 26 72 46 20 16 18 26 31 26 13 22 17 45 28 37 40 51 34 57 45 36 47 60 59 37 46 43 44 32 38 29 63 46 49 45 47 35 41 30 66 48 51 58 46 48 42 74 59 41 32 49 21 71 41 51 43 51 68 65 32 40 57 53 25 67 44 48 54 68 
32 20 4 29 15 15 15 17 23 32 21 9 23 15 43 24 46 44 67 55 30 53 53 50 72 32 35 61 27 72 28 17 45 24 24 32 35 40 48 31 21 39 12 60 31 37 31 40 23 23 21 42 7 6 31 12 43 8 46 28 48 49 49 67 33 31 57 19 72 30 11 33 33 27 52 9 18 41 20 49 5 16 18 26 31 26 13 22 17 45 28 35 36 53 23 17 42 5 59 21 38 54 25 19 43 6 61 24 52 34 24 43 14 64 33 34 35 61 25 74 31 20 27 20 51 34 25 12 45 21 14 66 25 32 23 49 
9 29 20 14 14 36 15 17 29 13 39 29 12 38 36 43 26 22 44 33 8 30 30 30 49 15 12 38 6 52 13 13 30 3 33 24 26 37 30 39 27 26 29 51 41 14 20 23 32 2 13 19 24 17 8 29 28 28 23 18 28 30 34 45 25 15 36 6 55 25 14 11 10 7 30 13 12 19 25 29 17 20 21 33 14 43 33 16 40 40 47 18 26 31 26 13 22 17 45 28 29 32 28 15 24 18 47 30 34 39 27 29 27 54 41 21 15 39 2 56 20 36 23 42 47 51 11 35 36 40 9 50 24 28 46 47 
9 27 21 12 16 36 14 15 27 11 38 29 9 38 34 42 24 23 43 34 7 29 30 28 49 12 12 38 9 51 10 12 28 1 32 21 24 34 28 37 25 23 28 48 40 13 23 23 2 37 11 19 24 18 8 30 26 28 23 15 26 28 32 44 23 12 34 5 53 23 16 13 11 5 30 14 14 19 27 27 18 18 20 31 12 42 33 13 41 37 46 16 24 30 24 12 20 18 42 26 26 31 26 13 22 17 45 28 32 37 25 27 26 52 39 19 13 38 2 54 18 35 20 41 45 49 9 35 34 39 9 48 22 25 45 45 
17 17 21 8 22 29 6 5 15 13 29 23 2 35 25 33 26 33 49 45 13 35 35 30 55 12 20 44 20 51 8 4 24 10 21 12 15 24 27 26 14 18 21 41 29 21 33 21 13 11 53 28 18 19 18 32 22 22 32 7 28 29 28 48 13 11 37 7 51 12 20 24 22 11 40 13 22 30 33 28 16 8 9 20 11 33 26 2 36 27 37 15 16 34 12 3 23 16 38 15 18 34 14 2 23 14 40 16 31 26 13 22 17 45 28 13 16 42 13 53 10 26 10 35 35 39 5 32 25 30 10 45 10 15 39 34 
10 45 40 23 31 55 33 34 44 15 57 49 25 57 41 61 16 7 25 17 14 11 13 19 30 19 8 19 17 39 22 30 29 19 49 31 33 45 24 54 43 27 48 51 57 7 27 42 19 19 28 62 43 37 11 47 27 47 4 27 18 21 31 28 33 21 22 24 46 35 33 11 10 17 11 33 28 5 40 20 37 37 38 48 20 61 52 30 60 45 65 20 31 16 40 30 15 37 40 44 33 18 42 31 18 37 42 45 26 53 41 29 45 53 55 26 13 22 17 45 28 55 34 61 52 68 23 54 40 58 29 42 37 37 65 54 
32 13 11 26 21 11 12 13 16 31 15 5 20 17 37 18 44 46 66 58 29 52 53 48 72 30 36 61 29 69 26 14 41 24 16 28 29 33 45 24 14 35 5 55 24 37 37 7 24 24 18 43 52 12 32 20 40 4 47 24 46 47 45 66 28 29 55 19 68 25 17 36 35 27 54 11 23 43 27 47 9 10 12 19 29 20 8 18 18 38 23 33 32 52 16 15 41 8 54 14 33 52 18 16 41 6 56 16 49 26 17 39 6 59 26 31 34 60 26 71 27 13 22 17 45 28 23 14 39 16 14 62 19 26 21 42 
27 24 3 26 9 22 15 17 26 28 28 15 20 20 43 30 42 38 61 49 25 47 48 46 67 28 30 56 20 68 25 15 43 19 28 32 34 41 45 35 24 37 17 60 36 31 25 6 17 18 19 37 12 27 26 12 41 14 40 26 44 46 47 62 33 28 52 15 70 30 4 27 27 23 46 5 11 35 15 45 4 17 20 30 28 32 20 21 24 45 34 32 35 48 25 16 38 5 57 24 38 49 27 18 40 7 59 27 49 37 26 41 18 64 37 32 31 56 19 71 30 26 27 27 52 40 22 17 45 28 9 64 26 33 30 51 
2 35 29 15 21 44 22 23 34 9 46 37 15 46 36 50 19 15 35 26 5 21 22 23 41 13 4 30 8 45 13 19 27 8 39 24 27 38 25 44 32 24 36 49 47 6 22 31 8 8 18 11 32 26 45 37 25 36 15 19 21 24 30 37 26 14 28 13 50 27 23 7 5 6 22 22 19 11 31 23 26 26 27 38 13 50 41 20 49 40 54 15 26 23 31 19 16 26 40 33 28 25 32 20 18 26 43 35 28 44 31 26 34 51 46 20 9 31 6 50 21 44 26 50 47 57 13 43 36 47 17 45 28 30 54 48 
38 33 11 39 16 24 27 29 36 41 31 20 33 15 56 32 54 47 73 57 37 58 59 58 77 41 41 67 30 81 38 28 56 31 36 44 46 52 57 44 34 50 24 73 43 43 28 12 29 30 32 47 20 12 37 35 54 19 50 39 57 58 60 74 45 41 65 28 82 43 14 36 37 35 56 18 19 45 11 57 15 28 31 39 40 35 23 33 20 57 37 45 48 60 35 29 51 16 70 34 50 61 38 31 52 18 72 36 62 46 37 54 26 76 45 45 43 68 31 84 42 31 40 26 64 44 35 13 57 31 22 77 37 45 28 62 
23 33 43 15 42 49 28 26 30 16 48 45 21 57 15 52 12 34 34 44 20 26 24 13 42 13 23 31 33 30 16 26 2 25 36 13 12 21 7 36 30 4 41 24 40 22 47 43 28 26 22 27 40 41 25 54 90 43 30 15 12 11 6 30 13 13 19 26 28 17 41 32 30 21 37 36 40 32 53 11 39 29 28 32 14 50 46 21 58 20 54 10 9 20 27 25 12 38 16 31 9 18 27 24 9 36 18 31 10 34 27 1 37 26 37 8 15 26 26 31 12 45 19 56 26 54 19 54 13 49 31 22 23 17 60 28 
36 15 12 30 23 8 16 17 18 35 13 1 24 13 40 15 48 50 70 61 33 56 57 52 76 34 39 65 33 73 30 18 45 28 17 31 33 36 49 24 16 39 4 58 24 41 39 8 28 28 22 47 4 14 36 19 43 56 51 28 50 51 49 70 32 33 59 23 72 28 19 39 39 31 58 15 26 47 28 50 11 14 16 20 33 17 5 22 14 41 20 37 35 56 19 19 45 11 58 16 37 56 21 19 45 10 60 18 53 27 20 43 7 62 26 35 38 64 29 75 31 12 25 13 47 26 27 11 42 13 18 66 22 30 17 45 
15 50 43 27 34 59 37 38 48 20 62 53 30 61 45 65 19 5 23 13 19 10 12 21 27 23 12 17 20 39 26 34 32 23 54 35 37 49 26 58 47 31 52 53 61 11 28 46 23 23 32 4 47 40 15 50 30 51 54 31 20 23 33 27 37 25 22 28 47 39 37 14 13 21 7 37 31 6 43 22 41 41 42 52 24 65 56 34 64 49 69 24 35 16 45 34 18 41 42 48 37 19 46 35 20 41 45 49 28 57 45 32 49 55 60 30 17 21 21 45 32 59 38 65 56 72 27 58 43 62 33 43 41 41 69 57 
18 20 28 4 29 34 12 11 17 11 34 29 6 41 18 38 21 33 44 45 13 32 32 24 51 8 20 40 24 45 5 11 17 14 23 6 8 19 20 26 17 11 26 34 30 20 38 28 18 15 7 27 24 26 19 39 15 28 31 74 23 23 21 42 7 6 31 12 43 8 27 26 24 12 39 21 28 30 40 23 24 14 13 21 7 37 31 6 43 22 41 9 9 29 14 10 18 23 30 18 11 29 15 8 18 21 32 18 24 25 14 15 23 37 28 6 14 37 17 46 3 31 7 41 29 42 6 39 19 35 17 37 10 10 45 29 
19 43 47 20 42 57 34 34 40 16 57 52 26 63 28 61 2 25 22 33 19 13 11 1 29 16 18 19 30 24 20 32 13 25 46 23 24 34 6 48 40 15 49 33 51 16 43 48 28 26 28 18 46 44 21 57 12 50 20 23 28 2 13 19 24 17 8 29 28 28 43 27 25 21 25 39 40 23 53 1 43 37 36 43 17 60 54 28 65 32 64 13 21 7 37 31 6 43 22 41 22 6 37 31 5 42 24 41 8 45 37 14 46 35 49 17 13 14 26 28 21 54 28 64 38 65 23 60 26 58 35 23 32 29 68 40 
21 43 48 21 44 58 35 34 40 17 57 53 27 64 27 61 4 28 23 35 21 15 13 2 30 17 20 20 32 22 21 33 12 27 46 23 23 33 4 47 40 15 50 31 51 18 46 49 30 28 29 21 47 46 24 58 11 51 23 23 2 27 11 19 24 18 8 30 26 28 44 29 27 23 28 41 42 26 55 1 44 37 37 43 18 60 55 29 66 31 64 14 20 9 37 32 7 44 19 41 21 7 37 31 6 43 22 41 5 45 37 13 46 32 48 17 15 15 28 26 21 54 28 64 36 65 24 61 24 58 36 21 32 28 68 39 
28 38 49 21 48 54 34 32 34 21 52 50 27 63 17 56 14 38 33 46 26 27 25 13 41 19 27 31 38 25 22 32 4 31 40 18 17 23 7 40 35 10 47 20 44 26 53 49 34 32 28 31 45 47 30 60 6 49 33 21 13 11 42 28 18 19 18 32 22 22 47 37 34 27 39 42 46 36 59 12 45 35 33 37 20 55 52 27 64 20 59 15 14 20 32 31 15 44 10 36 13 18 31 30 13 42 12 35 7 37 31 6 43 22 41 14 20 25 32 25 18 49 24 61 25 58 25 60 14 53 37 16 28 22 65 28 
35 62 65 40 59 77 54 53 59 34 77 71 45 82 45 81 21 32 7 33 37 16 15 18 13 36 33 11 45 14 40 51 30 43 65 42 43 51 23 67 59 34 69 44 71 31 55 67 45 44 48 28 66 62 37 74 30 70 27 42 19 19 28 14 43 37 11 47 27 47 60 40 38 39 27 57 56 33 68 19 61 56 56 62 37 79 74 48 84 49 83 33 40 14 56 51 25 61 30 60 40 13 56 50 24 60 32 60 21 64 56 32 65 43 68 37 31 6 43 22 41 73 48 83 53 84 42 79 42 77 53 26 52 48 87 56 
24 20 34 11 36 36 18 15 16 17 34 33 13 45 11 38 23 40 46 51 20 36 35 25 54 13 26 43 32 43 12 17 14 22 22 1 1 12 20 23 17 9 29 27 27 26 46 33 25 23 13 33 28 33 26 45 13 32 37 7 24 24 18 43 74 12 32 20 40 4 34 33 31 20 44 27 35 36 46 24 29 17 15 19 13 37 34 11 46 14 41 13 4 31 14 16 21 29 26 18 5 31 13 14 20 26 28 17 23 21 13 12 25 31 24 7 19 39 24 44 5 31 6 43 22 41 14 43 12 35 24 34 9 4 47 22 
12 26 30 3 28 40 17 16 24 5 40 34 8 45 22 44 15 27 38 38 8 25 25 19 45 1 13 33 20 40 3 14 15 11 30 10 13 24 16 33 23 10 32 36 36 13 35 31 15 12 11 21 29 28 14 41 13 33 25 6 17 18 19 37 12 63 26 12 41 14 27 21 19 8 32 23 27 24 39 17 26 19 19 28 1 43 37 11 47 26 47 4 12 23 21 14 12 26 29 24 14 23 21 13 12 24 32 25 20 32 21 14 28 39 35 6 7 31 13 43 7 37 13 46 33 49 6 43 22 41 18 35 17 16 50 34 
26 51 55 29 50 66 43 42 48 24 65 60 34 71 35 69 10 28 15 33 27 12 10 7 22 25 24 13 37 17 29 40 19 33 54 31 31 41 12 56 48 23 58 36 59 22 49 57 36 34 37 22 55 52 28 65 19 59 22 31 8 8 18 11 32 26 12 37 25 36 50 32 30 29 25 47 47 27 60 8 51 45 45 51 26 68 63 37 73 39 72 22 28 5 45 40 14 51 23 49 29 3 45 39 13 50 25 49 10 53 45 21 54 37 57 25 21 7 33 22 29 62 37 72 43 73 31 68 32 66 43 22 41 37 76 46 
13 22 18 11 16 31 9 10 22 12 33 24 6 34 31 37 26 28 47 40 10 33 34 30 53 13 16 42 13 53 9 6 28 5 26 18 21 31 29 32 20 22 23 47 35 17 26 19 6 5 7 24 19 15 13 28 26 23 28 12 29 30 32 47 20 12 37 86 54 19 15 18 17 8 35 10 15 24 27 29 14 13 15 26 12 37 28 9 37 34 40 16 21 33 19 6 23 14 42 21 24 34 21 8 24 13 44 23 33 32 20 26 21 50 34 17 15 41 7 56 15 30 17 37 41 44 7 31 31 34 6 48 17 22 41 41 
48 59 72 43 70 76 56 55 56 42 74 73 49 85 34 78 31 53 34 58 47 38 35 27 40 41 46 37 59 13 44 55 26 52 61 40 38 41 25 59 57 32 69 23 63 45 72 72 55 53 51 46 68 70 50 82 28 72 47 43 28 26 22 27 40 41 25 54 44 43 69 56 53 48 51 64 68 52 80 27 67 57 56 57 42 75 74 49 86 37 79 37 36 30 54 54 33 67 14 58 34 28 53 52 31 65 13 56 21 56 53 28 65 21 60 37 41 29 53 7 40 71 46 83 37 78 47 83 31 75 60 6 49 43 87 41 
26 16 32 12 35 32 15 13 12 19 30 29 13 42 13 34 27 42 50 53 22 39 38 29 57 16 28 46 32 47 13 15 18 22 18 4 5 11 24 19 13 13 25 30 23 28 46 30 25 23 12 35 25 30 27 43 17 28 39 8 28 28 22 47 4 14 36 19 43 82 32 34 32 21 47 25 35 38 45 27 27 14 12 15 15 33 30 10 42 15 37 16 8 35 10 14 24 26 30 14 9 34 9 12 23 24 31 13 27 17 9 16 21 33 21 10 21 43 24 47 7 27 2 39 22 37 14 40 14 31 22 37 6 2 43 22 
24 28 7 26 4 27 17 19 30 27 33 20 20 25 45 35 40 34 58 44 23 44 45 44 63 28 27 53 16 67 25 17 43 17 32 33 35 43 44 39 27 37 22 61 40 28 20 11 14 16 20 33 17 4 23 14 41 19 37 27 43 44 47 60 34 27 50 15 69 32 63 23 23 21 42 7 6 31 12 43 8 20 23 33 27 37 25 22 28 47 39 31 36 46 28 17 37 9 57 28 39 47 30 20 38 11 59 30 48 41 29 41 22 65 41 33 29 54 17 70 30 30 29 31 55 45 22 22 46 33 9 63 28 34 35 53 
9 41 30 22 20 47 27 29 40 17 51 41 22 48 44 54 25 11 37 22 13 23 25 28 41 20 9 31 6 50 21 25 34 13 45 32 34 45 31 50 38 31 40 56 53 11 16 33 11 13 24 11 36 27 7 36 32 39 14 26 27 29 37 40 33 21 32 18 56 34 23 41 2 13 19 24 17 8 29 28 28 31 33 44 20 55 44 26 51 48 58 23 33 27 37 25 22 28 47 39 36 29 39 26 25 29 50 41 34 50 38 33 39 59 52 28 16 34 11 55 28 48 33 53 55 62 20 45 43 51 21 51 34 37 57 55 
7 39 30 20 21 47 26 27 38 14 50 40 20 48 41 53 22 11 36 23 10 22 23 26 40 18 7 30 7 48 18 23 32 12 43 29 32 43 29 49 37 29 40 54 51 8 18 33 10 11 22 10 35 27 5 37 30 39 13 24 25 27 34 38 31 19 30 17 53 32 23 2 46 11 19 24 18 8 30 26 28 30 31 43 18 54 44 24 51 45 57 20 31 25 35 23 20 28 45 38 33 27 37 25 22 28 47 39 32 48 36 31 38 56 51 25 14 32 9 53 26 47 31 52 52 61 18 45 41 50 20 48 33 35 56 53 
6 28 25 9 21 39 16 17 27 6 40 32 9 42 31 44 19 21 39 33 2 25 26 23 45 8 8 34 12 46 7 13 23 4 33 18 21 32 23 37 26 19 31 44 40 9 26 27 7 5 11 17 27 23 6 35 21 31 21 12 21 23 27 39 20 8 29 8 48 21 21 13 11 67 28 18 19 18 32 22 22 20 21 31 7 44 36 13 45 34 48 11 20 25 24 13 15 22 38 27 23 26 25 14 17 21 40 28 27 37 25 22 28 47 39 15 8 33 5 49 15 38 19 45 42 51 6 39 30 41 13 43 21 23 49 42 
22 57 49 35 40 66 44 45 55 27 69 60 37 67 52 72 24 8 21 7 26 13 15 26 23 31 19 16 26 40 33 42 38 30 61 43 44 56 32 65 54 38 59 59 68 19 31 52 30 30 40 11 54 46 22 56 37 58 7 39 25 28 39 27 44 32 25 35 51 47 42 19 19 28 54 43 37 11 47 27 47 48 49 59 31 73 63 41 70 56 76 31 42 20 52 41 25 47 47 55 44 23 53 42 27 48 50 56 33 64 53 38 57 61 67 37 25 22 28 47 39 66 46 72 63 80 34 64 50 69 39 47 49 49 76 64 
23 21 7 20 11 23 9 12 22 23 27 16 14 24 38 30 37 35 57 46 20 43 44 41 63 23 26 52 18 63 19 10 38 14 25 26 28 36 39 32 20 32 16 55 33 27 26 9 13 14 13 33 11 5 22 18 36 15 37 21 39 41 42 57 27 23 47 10 64 25 7 24 24 18 43 74 12 32 20 40 4 13 15 26 22 31 20 15 27 40 34 27 30 43 20 10 33 4 52 20 32 44 23 13 35 4 54 23 43 33 22 36 16 58 34 27 26 52 15 66 24 25 22 28 47 39 17 21 39 27 4 58 21 27 32 46 
21 33 14 26 3 34 21 23 34 25 39 27 21 31 47 42 38 28 54 38 21 40 41 42 58 27 23 48 11 64 25 20 43 15 37 34 37 46 42 44 32 38 29 62 45 25 13 18 12 14 22 28 23 11 19 19 40 26 31 28 40 42 46 56 35 27 47 15 68 35 6 17 18 19 37 12 50 26 12 41 14 24 27 38 26 43 31 24 35 50 46 31 37 42 32 20 34 15 57 32 40 44 34 23 36 17 59 35 46 45 33 41 28 66 46 33 27 50 14 68 31 37 32 38 57 51 22 28 47 39 12 62 32 37 42 56 
12 47 38 26 29 55 34 35 45 19 58 48 27 56 45 61 21 3 29 15 16 16 18 24 32 22 10 23 15 44 24 31 34 19 51 35 37 48 29 56 44 32 48 56 59 10 22 41 19 19 30 5 43 35 11 45 32 47 6 30 23 26 36 33 36 24 27 24 52 38 31 8 8 18 11 32 26 45 37 25 36 38 39 50 23 62 52 31 59 49 65 24 35 21 42 31 20 36 45 45 37 24 44 32 23 37 48 47 31 55 43 33 46 58 58 29 17 27 17 50 31 55 37 61 57 69 25 53 44 59 28 47 39 40 64 58 
33 40 16 38 11 34 30 32 42 38 41 29 33 27 58 43 51 39 66 47 34 52 53 55 70 39 36 60 23 77 37 29 55 28 43 45 48 56 55 51 39 50 32 74 51 37 17 20 25 27 33 40 27 15 31 11 53 28 43 40 53 55 59 68 46 39 60 27 80 45 12 29 30 32 47 20 12 37 57 54 19 32 35 45 39 45 33 35 31 60 47 43 49 55 40 30 47 20 69 40 51 57 42 33 49 23 72 42 59 53 42 53 33 77 53 45 40 62 27 81 43 40 42 37 67 54 34 25 59 41 22 75 41 47 39 66 
20 42 48 20 43 57 34 34 39 16 57 52 26 63 27 61 3 27 23 34 20 15 13 1 30 16 19 20 31 23 20 32 12 26 45 23 23 33 5 47 39 15 49 32 51 17 45 49 29 27 28 20 47 45 23 57 11 50 22 23 1 1 12 19 24 17 8 29 27 27 43 28 26 22 27 40 41 25 54 95 43 37 36 43 17 60 54 28 65 31 64 13 20 8 36 31 6 43 20 40 21 7 36 31 5 42 23 40 6 45 36 13 46 33 48 17 14 15 27 27 21 54 28 64 37 65 23 60 25 58 35 22 32 28 68 39 
27 20 4 24 12 20 11 14 22 27 24 13 18 20 40 27 41 39 61 50 24 47 48 45 67 27 30 56 21 67 23 12 41 18 24 29 31 37 43 31 20 35 14 57 32 31 28 5 17 18 16 37 9 4 26 15 39 11 41 24 43 44 45 61 29 26 51 14 67 27 8 28 28 22 47 4 14 36 19 43 79 13 16 26 26 29 17 18 23 42 31 30 32 47 21 13 37 1 55 20 35 48 23 15 38 3 57 23 47 33 22 39 14 61 33 30 30 56 19 70 27 22 24 25 49 37 20 17 41 25 8 61 22 29 28 47 
26 9 18 16 24 20 4 3 9 22 21 15 11 28 27 24 35 41 57 53 22 44 44 38 64 20 29 52 26 59 16 6 31 18 13 17 19 23 35 19 7 24 12 44 21 29 37 16 20 18 8 37 10 17 26 28 29 14 41 14 37 37 35 56 17 19 45 13 57 14 20 31 30 20 48 13 24 38 32 37 13 46 2 13 19 24 17 8 29 28 28 23 21 42 7 6 31 12 43 8 23 43 10 6 32 10 45 10 38 20 9 28 9 48 22 20 25 51 20 60 16 18 11 27 35 31 14 25 28 21 12 51 9 16 31 34 
27 7 20 16 26 21 6 4 7 23 20 17 12 29 25 24 34 42 57 54 23 45 44 38 64 20 29 53 28 58 16 8 29 19 12 15 17 21 34 17 5 23 13 42 20 30 40 18 21 20 9 38 12 20 27 31 28 16 42 13 36 37 33 56 15 19 45 15 56 12 23 33 31 21 49 15 27 39 35 36 16 2 47 11 19 24 18 8 30 26 28 23 19 42 5 8 31 15 42 6 21 42 7 6 31 12 43 8 37 18 6 27 9 46 19 19 26 51 22 59 15 17 9 27 33 30 14 27 26 21 14 49 6 14 31 31 
37 5 29 25 37 21 17 15 4 32 16 20 22 33 23 20 42 53 65 65 33 53 53 44 72 29 40 61 40 62 26 19 33 31 4 20 20 17 39 6 6 28 16 39 8 40 51 26 33 31 20 48 19 30 38 39 32 20 52 21 43 43 37 62 19 28 51 26 57 15 33 44 43 31 59 26 38 50 45 43 26 13 11 42 28 18 19 18 32 22 22 30 23 50 7 19 39 25 43 5 23 49 6 17 38 22 44 3 42 7 6 31 12 43 8 25 35 58 33 62 22 14 14 27 27 21 25 31 26 17 26 51 10 15 30 24 
11 26 30 3 28 40 17 16 24 4 40 34 8 45 23 44 15 26 38 37 7 25 25 19 44 1 12 33 19 41 3 14 16 10 30 11 14 25 17 34 23 11 32 37 37 12 34 31 14 12 11 20 29 28 13 40 14 33 24 7 17 18 20 37 13 1 26 12 42 15 27 20 18 7 31 22 26 23 39 17 26 19 19 28 85 43 37 11 47 27 47 4 13 23 21 14 12 25 30 25 15 23 22 13 12 24 33 25 21 32 21 15 28 40 35 7 6 31 12 43 8 37 14 46 34 49 5 42 23 41 18 36 17 17 50 35 
50 17 30 40 41 11 28 27 20 47 4 16 36 23 41 3 58 65 81 77 46 69 68 61 88 44 53 77 49 80 40 31 51 42 14 37 38 34 57 17 20 46 14 57 13 54 57 26 43 42 33 61 20 32 50 35 50 17 65 37 60 60 55 79 37 43 68 37 75 33 37 55 54 44 73 31 43 62 45 60 29 24 24 18 43 15 12 32 20 40 4 47 41 66 23 31 55 28 61 19 41 66 23 30 55 26 62 19 60 21 23 49 16 61 17 42 50 75 44 80 38 6 31 12 43 8 39 23 44 4 34 70 27 33 14 40 
41 15 18 34 29 3 20 20 19 39 8 4 28 13 41 10 52 55 74 67 38 61 61 56 81 38 44 69 38 76 34 22 48 33 15 34 35 36 52 22 17 42 5 58 20 45 45 13 33 33 26 52 8 20 41 23 46 5 56 31 54 55 52 74 34 37 63 28 74 30 25 44 44 36 63 20 31 52 33 54 17 17 18 19 37 12 13 26 12 41 14 41 37 60 20 23 49 16 60 16 39 60 21 23 49 15 61 18 56 25 21 46 8 62 23 38 42 68 35 77 34 7 27 9 47 20 31 12 43 8 23 68 24 31 13 44 
19 15 22 8 25 29 6 5 14 14 29 24 4 35 22 33 26 35 49 47 15 36 36 30 56 12 22 44 23 50 8 5 23 13 19 10 13 21 26 24 13 17 21 39 27 22 36 22 16 13 2 30 18 21 20 33 21 22 34 6 28 29 27 48 11 11 37 9 49 10 22 26 24 13 41 15 24 31 35 28 18 8 8 18 11 32 26 63 37 25 36 15 14 34 10 5 23 17 36 14 16 34 12 2 23 15 38 15 30 24 11 21 17 43 26 12 17 42 15 52 9 26 7 35 32 38 6 33 23 30 12 43 8 12 39 32 
50 27 21 44 32 11 30 31 31 49 17 13 38 4 54 16 63 62 84 73 47 70 71 66 90 48 53 79 44 88 44 32 60 41 28 46 47 49 63 34 29 54 17 71 32 54 47 17 40 41 36 60 18 24 49 20 58 14 64 43 65 66 64 84 46 47 73 37 86 42 28 51 51 45 70 27 35 59 31 65 23 29 30 32 47 20 12 37 25 54 19 51 50 70 32 33 59 23 72 29 51 70 34 34 60 23 74 31 67 38 33 58 21 75 35 49 52 78 42 89 45 18 40 7 59 27 41 6 56 16 31 80 36 43 8 56 
38 26 46 25 50 43 30 28 22 31 39 42 28 54 4 42 32 53 54 63 34 46 44 33 61 27 39 51 46 44 27 30 19 36 26 16 13 5 26 23 24 18 37 17 27 39 60 45 40 37 27 45 38 45 40 57 20 41 49 22 32 31 20 49 14 26 39 34 37 15 47 48 45 34 56 40 50 49 60 31 42 28 26 22 27 40 41 25 54 87 43 25 14 40 22 30 31 41 23 25 12 38 20 27 29 38 23 23 28 19 20 18 33 21 23 20 32 46 39 42 19 36 18 49 7 41 28 53 6 40 38 31 19 12 53 8 
54 21 32 44 44 12 31 31 24 51 7 18 39 23 45 4 62 69 85 80 50 73 72 65 92 48 57 81 52 84 44 34 55 46 18 41 42 38 61 20 24 50 17 61 17 58 59 28 47 46 37 65 23 34 54 37 54 20 69 41 64 64 59 83 41 47 72 40 79 37 39 58 57 48 76 34 46 65 47 64 31 28 28 22 47 4 14 36 19 43 16 50 45 70 27 34 59 31 65 23 45 70 27 34 59 29 66 23 64 24 27 53 19 65 21 46 54 78 48 84 42 10 35 12 47 7 42 23 48 6 37 73 31 37 12 43 
13 29 35 7 32 44 21 20 27 6 43 38 12 50 21 47 11 27 34 37 10 23 22 15 41 3 14 30 23 36 7 19 12 15 33 12 13 25 12 36 26 8 36 33 39 13 37 35 18 16 15 20 33 32 15 45 10 37 24 9 13 14 15 33 13 4 22 16 37 16 31 23 20 11 31 27 31 24 43 13 30 23 23 30 4 47 41 15 51 25 50 5 11 19 24 18 8 30 26 28 13 19 24 17 8 29 28 28 16 34 24 11 32 36 37 6 6 27 16 39 9 40 16 50 32 52 10 47 20 44 22 31 19 18 54 34 
24 24 37 11 38 40 21 19 20 16 38 36 15 49 10 42 20 38 43 49 20 33 32 22 50 13 25 40 32 39 13 20 10 22 26 4 3 13 16 27 21 5 33 25 31 24 46 36 26 24 16 31 32 35 26 48 9 35 35 9 21 20 14 40 4 12 28 21 36 8 36 33 31 20 42 30 37 35 49 20 32 21 19 23 13 41 37 14 50 14 45 11 27 28 18 19 18 32 22 22 2 27 17 17 17 30 24 21 19 24 17 8 29 28 28 5 18 36 25 40 6 35 9 47 21 45 15 47 10 39 26 30 13 8 51 22 
21 49 51 26 45 63 40 39 46 20 63 57 31 67 36 67 8 22 15 28 23 7 5 6 22 22 19 11 31 23 26 37 20 29 52 30 31 41 13 55 46 23 55 40 58 17 43 53 31 30 34 16 52 48 23 60 20 56 16 29 7 9 20 14 31 23 5 33 30 35 46 27 25 25 20 43 42 21 55 8 47 42 42 50 23 66 60 34 70 40 70 19 28 39 43 37 11 47 27 47 29 2 44 36 11 46 29 47 13 53 43 21 51 41 56 24 17 8 29 28 28 60 35 69 45 72 28 65 33 64 39 27 39 36 73 48 
30 6 25 18 31 22 11 8 3 25 20 19 15 32 21 24 35 46 59 57 26 46 46 38 65 22 32 54 33 57 18 12 28 23 9 14 15 17 34 13 3 23 15 38 16 33 44 23 26 24 12 40 16 25 31 35 27 19 45 14 37 37 32 56 14 21 45 19 54 10 28 37 35 24 52 20 32 42 40 36 21 7 5 7 21 23 20 10 32 22 27 24 18 43 49 12 32 20 40 4 19 43 2 10 32 17 41 4 37 13 1 26 11 42 15 19 28 52 26 58 15 17 8 29 28 28 17 30 23 21 19 48 4 11 32 26 
19 15 18 11 20 26 3 3 15 16 27 20 5 31 27 31 29 34 51 46 15 38 38 33 58 15 22 46 20 54 11 0 27 11 20 15 18 25 30 25 13 21 18 44 28 23 32 17 13 12 3 30 15 16 19 29 25 19 34 10 31 32 31 51 16 14 40 6 54 14 17 25 23 13 41 10 20 31 30 31 13 6 8 19 14 31 23 5 33 30 34 18 19 37 12 35 26 12 41 14 21 37 14 2 26 10 43 16 34 26 13 25 15 48 27 17 19 45 14 57 13 24 12 32 37 38 8 29 28 28 8 48 11 17 36 36 
14 38 41 15 36 52 29 28 35 10 52 46 20 57 27 56 3 23 26 32 13 15 14 7 33 11 12 22 25 30 15 26 13 19 41 19 20 31 9 44 35 13 44 35 47 11 38 42 22 20 23 15 41 38 16 51 12 45 18 18 6 7 15 25 21 12 14 23 33 24 37 22 20 15 25 33 34 20 47 6 37 31 31 39 12 55 49 23 59 31 59 8 18 11 32 26 17 37 25 36 19 11 32 25 2 36 27 36 12 42 32 13 40 37 45 13 7 19 20 34 17 49 24 58 38 60 17 54 25 53 29 28 28 25 62 39 
27 19 5 23 13 19 11 13 21 27 24 12 17 20 39 26 40 39 61 51 24 47 48 44 67 26 30 56 22 66 23 12 40 18 23 28 30 36 42 30 19 34 13 56 31 31 29 5 17 18 16 37 8 5 26 16 38 11 41 23 43 44 44 61 29 26 51 14 67 26 9 28 28 22 47 4 15 36 20 43 1 12 15 25 25 28 16 17 23 41 31 30 32 47 20 12 37 58 54 19 34 48 22 14 38 2 56 22 46 32 21 38 13 60 32 29 30 55 19 69 26 21 23 24 48 36 20 17 41 24 8 61 21 28 28 46 
38 45 59 31 58 62 43 41 41 32 60 59 37 72 20 63 23 47 37 55 36 34 32 21 44 30 38 37 49 22 32 42 14 41 47 26 25 27 16 45 43 19 55 13 49 36 63 59 45 42 38 40 54 57 40 70 16 58 42 30 22 19 10 30 26 29 23 42 14 30 57 47 45 38 47 52 57 45 69 20 55 43 42 43 30 61 60 36 72 23 65 26 22 27 40 41 25 54 57 43 21 25 38 39 22 52 2 42 14 42 39 15 51 13 46 24 31 29 43 19 27 57 32 69 24 64 35 69 17 61 48 8 36 29 73 28 
33 2 24 21 31 19 12 10 2 28 16 16 18 29 24 20 39 49 62 60 29 50 50 42 69 26 36 58 35 61 22 14 32 26 5 18 19 19 38 11 1 27 12 42 13 36 46 21 28 26 15 44 14 24 33 34 31 16 48 18 41 41 36 60 18 24 49 21 58 14 28 39 38 27 55 20 32 45 40 40 20 8 6 5 25 19 16 14 29 25 23 28 22 47 4 14 36 19 43 56 23 47 5 13 36 17 45 2 41 13 4 30 8 46 13 23 31 55 28 62 19 13 12 25 31 24 20 27 27 17 20 52 8 14 29 28 
26 25 39 14 40 41 23 21 21 19 39 38 18 51 8 43 21 40 44 51 23 35 33 23 51 15 27 41 35 39 15 22 10 25 27 6 4 12 17 27 22 6 34 22 30 27 49 38 29 26 18 33 33 38 28 50 9 37 37 11 22 21 13 40 5 14 29 24 34 9 39 36 33 23 44 32 40 37 51 21 35 23 21 23 15 41 39 16 51 12 45 13 2 29 19 21 19 34 21 23 23 28 18 19 18 32 22 22 19 24 18 8 30 26 28 8 20 36 27 39 8 36 11 48 19 45 17 48 7 40 29 28 15 8 52 20 
23 49 52 26 46 63 40 40 46 21 63 58 32 68 34 67 8 25 15 30 24 10 7 5 23 22 20 13 33 20 26 38 19 30 52 30 30 40 12 54 46 22 55 37 58 19 45 54 32 31 34 18 52 49 25 61 18 56 19 29 6 7 18 13 31 23 3 34 28 34 47 29 27 26 23 44 44 24 57 7 48 43 42 49 23 66 60 34 70 38 70 19 27 2 43 37 11 48 25 47 28 39 43 37 11 47 27 47 11 52 43 20 52 38 55 24 18 8 30 26 28 60 35 70 44 71 29 65 32 64 40 24 39 35 74 46 
31 6 27 19 34 24 13 11 3 26 21 21 16 34 19 25 35 47 59 59 27 47 46 38 66 23 34 55 35 57 19 15 28 25 9 14 14 14 33 12 4 22 17 37 15 34 47 25 28 26 14 42 18 27 32 38 27 21 46 15 37 37 31 56 13 21 45 21 53 9 30 39 37 25 53 23 34 44 42 36 23 10 7 6 22 23 21 12 34 20 27 24 17 44 2 14 32 22 38 5 18 43 48 12 32 20 40 4 37 11 1 26 13 41 13 19 29 52 28 57 15 18 8 30 26 28 19 32 22 22 22 47 4 9 34 24 
20 14 20 10 22 26 4 3 13 16 27 21 5 33 25 31 29 36 51 47 16 38 38 32 58 14 23 46 22 53 10 3 26 13 18 13 15 23 29 24 12 20 18 42 26 23 35 19 15 13 2 31 16 18 20 31 24 19 35 8 31 31 30 50 14 13 39 8 52 12 20 26 25 14 42 13 23 32 33 31 15 6 6 17 13 30 23 2 34 27 34 17 17 36 10 2 25 14 39 13 19 37 12 36 26 12 41 14 33 24 11 24 15 45 26 15 19 45 15 55 11 24 9 33 34 37 8 30 26 28 10 46 9 14 37 33 
16 38 42 15 38 52 29 29 35 11 52 47 21 58 25 56 3 25 26 34 15 16 15 6 33 11 15 23 27 28 15 27 11 21 41 19 19 30 6 43 35 12 44 33 47 13 41 43 24 22 23 18 41 40 18 52 9 45 20 18 5 6 13 24 20 12 13 24 31 23 38 25 22 17 27 35 36 23 49 5 38 32 31 38 12 55 49 23 60 29 59 8 17 11 32 26 2 38 22 36 18 11 32 26 16 37 25 36 10 41 32 11 41 35 44 13 9 19 22 32 16 49 24 59 36 60 18 55 23 53 30 26 28 24 63 38 
26 17 7 22 15 18 8 11 19 26 22 11 16 21 37 25 39 40 61 51 24 47 47 43 66 25 29 55 23 65 21 10 38 18 20 26 28 34 41 28 16 32 12 54 28 31 30 6 18 17 14 37 6 7 26 18 36 10 41 21 42 43 42 60 26 24 50 13 65 24 11 29 28 21 48 4 17 37 23 42 3 10 12 22 24 26 15 15 23 38 29 29 30 46 17 10 36 2 52 17 32 47 20 12 37 60 54 19 45 30 19 36 11 58 30 28 29 55 19 67 24 20 21 24 45 34 18 18 38 23 8 59 19 26 28 44 
41 47 61 33 61 64 45 43 43 34 61 61 39 73 21 65 26 50 39 57 39 37 34 24 46 32 40 39 51 23 34 44 16 43 48 28 26 28 18 46 44 21 57 12 50 39 66 61 47 45 40 42 56 59 43 72 18 60 45 32 24 22 12 32 28 32 25 44 13 31 59 50 47 40 50 54 59 48 72 23 57 45 43 44 33 62 61 38 74 23 66 28 24 29 41 43 27 56 2 45 22 27 40 41 25 54 52 43 16 42 40 18 52 11 46 26 33 32 45 19 29 58 34 70 24 64 37 71 18 62 50 8 37 30 74 28 
34 3 26 22 34 20 14 12 1 29 17 19 19 31 23 21 39 50 63 62 30 51 50 42 70 26 37 58 36 61 23 16 32 27 5 18 18 17 37 9 3 26 14 40 12 37 48 24 30 28 16 45 16 27 35 36 31 18 49 18 41 41 35 60 17 25 49 23 56 13 30 41 39 28 56 23 35 47 42 40 23 10 8 3 25 19 18 15 31 23 23 28 21 47 4 16 36 22 42 2 22 47 4 14 36 19 43 56 41 10 4 30 10 44 11 23 32 56 30 61 19 14 12 26 28 24 22 30 25 18 23 50 8 13 30 26 
26 43 51 23 48 59 37 36 40 21 58 54 29 66 24 62 9 33 26 41 25 21 18 7 33 20 25 24 37 20 23 35 9 31 46 23 22 30 4 46 40 14 51 26 50 23 51 52 34 32 31 26 49 49 28 62 10 53 28 24 8 5 7 21 23 20 10 33 21 27 48 34 32 27 33 43 46 31 59 6 47 38 37 42 21 60 56 30 67 28 64 16 19 13 37 34 12 46 14 41 19 11 37 33 10 45 16 41 57 43 37 11 47 27 47 18 19 18 32 22 22 55 29 65 32 64 26 63 21 59 39 16 33 27 69 35 
43 13 37 29 44 27 24 22 11 37 21 27 28 39 21 24 44 59 68 70 38 57 56 46 75 33 45 64 46 62 30 26 34 37 10 22 21 14 41 4 13 30 23 36 7 45 58 34 39 37 26 53 26 37 44 46 34 27 57 25 45 45 37 64 21 32 53 32 56 17 41 50 48 37 64 33 45 55 53 45 33 20 18 7 32 21 25 24 38 19 24 34 24 53 13 26 42 32 42 13 24 52 11 24 41 30 42 10 43 36 12 32 20 40 4 28 39 60 39 61 25 19 18 32 22 22 30 38 24 22 33 50 15 16 35 19 
31 6 26 18 33 23 12 10 3 25 21 21 16 34 20 25 35 47 59 58 26 47 46 38 66 22 33 54 34 57 19 14 28 24 9 14 14 15 33 12 4 22 16 37 15 34 46 24 27 25 13 41 17 26 31 37 27 20 45 14 37 37 31 56 13 21 45 20 53 9 29 38 36 25 53 22 33 43 42 36 22 9 6 6 21 23 21 11 33 20 27 24 17 43 1 13 32 21 39 4 18 43 1 11 32 19 40 4 37 12 38 26 12 41 14 19 28 51 27 57 15 18 8 30 27 28 18 32 22 22 21 47 4 10 33 25 
24 32 43 15 42 48 28 26 29 17 47 44 21 57 14 51 14 36 36 46 21 28 26 15 43 14 24 33 34 31 16 26 2 25 35 12 11 19 8 35 29 4 41 22 39 23 48 43 29 27 22 29 39 41 26 54 1 43 32 15 14 13 6 32 12 14 21 26 28 16 41 33 31 22 38 36 41 33 53 13 39 28 27 31 15 49 46 21 58 18 53 11 8 21 26 25 13 38 15 30 8 20 26 24 11 36 18 30 11 32 26 36 37 25 36 8 17 28 27 31 12 44 18 55 24 53 19 54 11 48 32 22 22 16 59 26 
34 7 17 25 27 11 12 12 11 31 12 8 20 21 33 15 44 49 66 61 31 53 53 47 73 29 37 61 33 67 25 15 39 26 10 25 26 28 43 17 8 33 4 50 17 38 42 14 27 26 17 45 6 18 34 26 37 7 49 23 46 46 43 65 25 28 54 21 65 21 22 39 38 28 57 16 28 46 33 46 14 9 9 12 28 16 8 17 21 33 19 32 29 51 11 15 40 13 51 8 30 52 13 15 41 11 52 10 47 20 12 37 64 54 19 29 34 60 28 69 25 9 19 18 39 23 23 19 35 13 18 59 15 22 22 37 
49 47 65 39 67 64 49 47 43 42 60 62 44 75 21 64 36 60 50 68 46 48 46 34 57 39 49 50 59 33 41 48 24 50 47 32 30 26 29 44 45 28 58 4 47 48 74 64 54 52 45 53 59 64 51 76 26 62 55 37 35 32 22 43 31 39 37 50 21 33 65 59 56 47 61 58 66 58 77 33 61 48 46 43 40 61 62 43 75 21 65 36 28 41 42 48 37 60 13 46 26 38 41 45 35 58 11 44 27 40 41 25 54 45 43 32 42 43 52 28 34 58 36 70 18 62 43 73 19 61 55 18 39 32 74 22 
45 13 37 32 45 24 26 24 12 40 18 26 30 37 25 21 48 61 71 73 41 60 59 50 78 36 48 68 48 66 33 28 38 39 9 25 25 18 44 2 14 33 21 40 4 48 59 33 41 39 28 55 26 37 46 45 37 26 60 28 49 48 41 68 24 35 57 34 60 21 41 52 51 39 67 34 46 58 53 48 33 22 19 8 35 17 23 26 35 23 21 37 28 56 15 27 45 32 46 13 28 55 13 26 44 30 46 11 47 4 14 36 19 43 44 32 42 64 41 65 28 17 21 29 26 18 32 36 28 19 34 54 18 20 32 22 
18 25 34 6 34 40 19 18 22 11 40 36 12 48 16 44 16 33 39 43 15 28 27 19 46 7 19 36 27 38 8 17 10 18 28 6 7 19 14 30 22 4 33 29 34 19 41 34 21 19 13 26 31 32 20 45 8 35 30 6 17 17 14 37 7 6 25 17 37 10 33 28 25 15 37 27 33 29 45 17 30 20 19 25 7 42 38 12 49 20 46 6 5 24 19 17 13 29 24 23 8 24 19 15 13 28 26 23 18 28 19 8 29 32 32 87 12 32 20 40 4 37 11 47 27 47 10 45 15 41 23 31 15 12 51 28 
7 33 34 10 29 45 22 22 31 3 46 40 14 50 28 50 11 20 32 31 6 18 18 15 38 6 7 27 18 37 9 20 17 12 37 18 19 31 15 41 30 15 37 39 44 6 32 35 15 13 16 13 34 31 9 43 15 38 17 14 13 15 20 31 19 7 21 15 41 21 29 16 14 8 25 26 27 17 40 14 30 25 26 35 6 50 42 17 52 32 54 6 18 17 28 19 7 30 31 31 20 18 29 19 9 29 33 32 19 39 28 17 34 42 42 12 74 26 12 41 14 43 21 52 39 56 11 47 27 47 21 35 24 23 56 40 
29 57 59 34 53 71 48 48 54 29 71 66 40 76 42 75 16 27 7 29 31 10 9 13 15 30 27 7 39 18 34 46 27 37 61 38 38 48 19 63 54 30 63 43 66 25 49 61 39 38 42 22 60 56 31 68 26 64 21 37 14 15 25 6 39 31 7 41 29 43 54 34 32 33 22 52 50 27 62 15 56 51 51 58 31 75 68 42 78 46 78 27 36 8 52 45 19 55 29 55 36 8 52 45 19 55 32 56 18 60 51 28 60 43 64 32 26 22 37 25 36 68 43 78 51 80 37 73 39 72 47 27 47 44 82 54 
7 30 22 13 16 37 16 18 29 11 40 31 11 40 35 44 23 21 42 32 6 28 28 27 47 13 10 36 7 50 12 14 29 2 34 23 25 36 28 39 27 24 30 49 42 12 21 25 2 2 13 17 26 19 6 31 26 29 21 17 26 28 32 43 24 13 33 7 53 24 17 11 9 5 28 15 14 17 27 27 19 20 22 33 12 44 35 15 42 39 48 16 25 29 26 14 20 19 43 28 27 30 28 15 22 19 45 30 32 39 27 27 28 52 41 20 12 37 95 54 19 38 22 43 46 52 10 37 35 41 11 48 24 27 47 46 
48 64 74 45 70 80 59 58 60 43 78 76 51 88 40 82 30 51 29 54 47 35 32 26 34 43 46 32 59 7 46 57 29 53 66 43 42 47 26 65 61 35 72 30 69 44 71 74 56 54 53 45 71 71 50 84 31 75 45 46 28 26 25 22 44 43 22 56 7 47 70 55 53 49 47 66 68 50 81 27 70 60 59 62 43 80 77 52 89 42 84 39 40 28 58 57 34 69 19 62 39 26 57 55 32 67 19 61 22 61 57 31 69 28 65 40 41 25 54 54 43 75 49 87 43 83 49 86 37 79 62 11 53 47 91 47 
19 21 31 6 32 36 15 14 18 12 36 32 9 44 16 40 20 34 43 46 15 32 31 22 50 8 21 39 27 42 7 14 14 17 24 3 6 17 18 27 18 8 29 31 30 21 41 31 20 18 10 28 27 30 21 42 12 31 32 3 21 21 18 41 5 7 29 15 40 7 30 28 26 15 39 24 31 31 43 21 27 16 15 22 8 38 34 9 45 19 42 9 6 28 15 13 17 26 27 19 8 28 15 11 16 24 29 19 22 25 15 12 25 34 28 4 14 36 19 43 95 33 7 43 27 43 9 42 16 37 20 34 11 9 47 27 
44 11 24 34 35 7 21 21 15 40 3 11 29 20 37 7 52 59 75 70 40 62 62 55 82 38 46 70 42 75 34 24 46 35 10 32 32 31 51 15 14 40 8 54 13 47 51 20 36 35 26 55 13 26 44 31 45 12 59 31 54 54 49 73 31 37 62 30 71 27 30 48 47 38 66 25 37 55 40 54 22 18 17 14 37 6 7 26 18 36 10 40 35 60 17 24 49 21 57 13 36 60 18 24 49 20 58 14 55 19 18 44 9 58 17 37 43 68 38 75 33 25 26 12 41 14 32 20 40 4 27 65 22 28 16 38 
24 14 29 11 32 30 12 10 11 18 29 27 11 39 15 33 27 40 51 52 20 39 38 30 58 15 27 46 30 49 12 12 20 20 17 6 7 14 25 19 11 14 23 33 23 27 43 27 23 20 10 34 22 27 26 40 19 25 38 7 28 28 24 48 6 13 37 17 46 2 29 33 31 19 46 22 32 37 42 28 24 11 9 14 14 31 27 7 40 18 35 16 9 35 8 12 24 23 32 12 11 35 8 9 24 21 34 12 29 18 8 18 19 36 21 11 21 43 22 49 7 26 65 37 25 36 12 37 17 30 20 40 4 5 41 24 
50 23 24 43 36 6 29 30 27 49 11 12 38 11 50 9 62 64 84 75 47 70 70 65 90 47 53 79 46 86 43 32 57 42 23 43 44 44 62 28 26 51 14 66 25 55 51 20 42 41 35 61 17 27 50 26 56 13 65 41 64 64 61 83 43 46 72 37 83 39 31 53 52 45 72 28 38 61 37 64 25 27 27 27 46 12 9 35 7 49 12 50 47 69 29 32 58 24 69 25 48 70 30 33 59 24 70 26 65 32 30 55 18 70 29 47 52 78 43 87 43 12 37 40 54 19 41 12 52 10 32 77 33 40 4 51 
46 32 53 33 57 48 37 35 28 38 43 47 35 60 11 47 38 60 59 70 42 52 50 39 66 34 47 57 54 46 34 37 24 44 31 23 21 11 32 26 30 24 43 14 30 46 68 51 47 45 35 52 45 52 47 64 26 47 56 29 38 36 25 53 22 33 43 41 37 22 55 55 52 42 63 47 57 57 67 37 49 35 33 27 34 43 47 32 59 7 47 32 21 45 28 37 38 48 24 31 19 44 26 34 36 45 24 28 32 22 27 24 39 18 26 27 39 51 46 43 27 41 25 54 80 43 36 58 12 44 45 32 26 20 57 4 
57 22 38 46 49 19 35 34 25 53 12 25 42 30 43 11 63 73 87 84 53 75 74 66 94 50 60 83 57 84 46 38 55 49 19 41 42 36 61 18 25 50 22 58 14 61 65 34 51 49 39 68 28 40 57 44 54 26 72 42 65 65 58 84 41 49 73 44 78 37 45 62 61 51 80 39 51 69 54 65 37 31 30 21 49 8 20 38 27 41 7 52 45 72 28 38 60 36 64 24 45 71 28 37 60 34 64 24 64 22 28 53 23 62 18 47 56 80 52 83 43 14 36 19 43 8 45 31 46 12 42 72 32 36 20 40 
12 22 24 3 23 34 11 11 20 8 35 29 3 40 25 39 21 28 43 40 8 30 30 24 49 6 15 38 18 46 2 9 21 8 26 12 15 25 22 31 19 15 26 40 34 15 32 25 11 9 5 23 23 22 13 35 19 27 27 6 23 24 25 42 14 6 31 7 47 14 22 20 18 6 34 17 22 25 34 23 20 14 14 25 5 39 31 6 41 28 42 10 15 28 17 8 17 20 35 20 17 29 19 8 18 18 37 22 26 30 18 19 23 43 32 10 11 37 10 49 9 32 12 41 36 45 52 37 25 36 12 41 14 16 45 36 
44 26 14 40 25 12 26 27 30 44 20 11 34 3 52 20 58 56 79 66 42 65 65 62 84 43 47 73 38 83 40 28 56 36 28 43 44 47 59 35 28 50 15 69 33 49 40 12 35 35 32 54 14 17 43 13 54 11 58 39 60 61 60 79 43 43 68 31 83 40 22 45 45 39 64 21 28 53 25 60 17 25 27 31 42 23 12 33 6 53 23 47 47 65 30 29 54 17 69 27 48 65 32 30 55 18 71 30 63 38 32 54 19 73 36 45 47 73 37 86 42 20 37 12 58 31 37 25 54 19 26 77 34 41 14 56 
34 29 46 21 48 46 30 27 25 26 42 43 25 56 3 46 26 47 47 57 30 39 38 26 54 23 34 45 42 38 23 29 12 33 30 13 10 10 20 28 26 12 39 15 32 34 57 45 36 34 25 40 39 45 36 57 13 42 43 19 26 24 14 42 12 22 32 31 31 14 46 43 41 30 50 39 47 44 59 25 41 28 26 26 23 44 43 23 56 6 48 20 10 33 23 28 25 41 17 27 7 32 22 26 23 38 18 25 21 24 22 11 35 19 28 15 27 39 35 37 16 40 17 52 12 46 25 54 83 43 36 26 20 12 56 14 
47 15 26 38 37 7 25 25 19 44 1 12 33 19 41 3 56 62 79 74 44 66 66 59 86 42 50 74 46 79 38 28 50 39 13 36 36 35 55 18 18 44 11 57 15 51 53 21 40 39 30 58 16 28 47 31 49 13 62 35 58 58 53 77 35 41 66 34 75 31 33 51 50 41 69 27 39 59 41 58 25 21 21 17 41 4 8 30 16 40 6 44 39 64 21 28 53 24 61 17 40 64 22 28 53 23 62 18 59 22 22 48 13 61 19 41 47 72 41 79 37 4 30 10 44 12 36 19 43 29 30 69 26 32 12 41 
18 21 12 16 12 26 8 11 22 18 30 20 11 29 35 33 32 31 53 43 16 39 39 36 58 19 21 47 15 59 15 7 33 10 25 23 25 34 35 32 20 28 19 51 34 23 25 14 9 9 10 29 14 9 17 22 31 18 33 17 35 36 37 53 24 18 43 6 60 22 9 21 20 13 39 4 12 28 22 35 8 12 14 26 18 34 23 12 31 38 37 22 26 39 19 8 29 8 48 20 29 40 22 10 30 8 50 23 39 33 21 32 18 55 34 23 21 47 11 62 20 27 20 32 45 42 12 26 36 30 74 54 19 25 36 44 
42 53 66 37 64 70 50 49 50 37 68 67 43 79 29 72 26 49 33 55 41 34 32 22 40 35 41 34 53 15 38 49 20 47 55 34 32 36 20 54 51 26 63 19 58 40 67 66 50 48 45 42 62 64 45 77 22 66 43 37 23 21 16 26 34 35 22 48 6 37 63 51 48 43 47 58 62 47 75 22 61 51 49 51 36 70 68 43 80 31 73 31 30 27 48 48 28 61 8 52 28 24 47 46 26 59 8 50 16 50 47 22 59 18 54 31 35 27 48 11 34 65 40 77 32 72 41 77 26 69 54 50 43 37 81 36 
27 10 27 14 31 26 11 8 7 21 25 23 12 36 18 29 31 43 54 54 23 42 42 34 61 18 29 50 31 53 15 12 24 21 13 10 11 15 29 16 7 18 19 35 19 30 44 25 24 22 10 37 19 26 28 37 23 22 41 10 32 32 28 52 9 17 41 17 49 6 28 34 33 21 49 21 32 39 41 32 22 9 6 10 17 27 24 8 36 19 31 19 13 39 4 11 28 21 36 8 15 39 4 9 28 19 37 8 33 15 4 22 15 39 18 15 24 47 24 53 11 22 4 33 26 32 14 34 20 26 19 43 72 7 37 25 
28 16 34 14 37 33 17 15 12 21 31 30 16 43 11 35 28 44 51 55 24 41 39 30 58 18 30 48 34 47 16 17 18 24 18 6 5 9 24 18 14 13 26 28 22 30 48 32 28 25 15 37 26 33 30 45 17 30 41 10 29 28 22 48 4 16 37 22 43 2 34 37 35 23 49 27 37 40 47 28 29 16 14 15 17 33 31 12 43 12 37 18 8 36 11 17 25 28 29 14 8 35 9 14 24 26 30 13 27 16 10 16 22 32 20 12 23 44 27 47 9 28 5 40 20 36 16 41 12 32 25 37 7 108 43 19 
54 27 27 47 39 10 33 34 31 53 13 16 42 12 53 11 66 68 88 79 51 74 74 69 94 51 57 83 50 90 47 36 61 46 26 47 48 47 65 31 29 55 18 70 28 59 54 23 46 45 39 65 21 30 54 28 60 17 69 45 68 68 65 87 47 50 76 41 87 43 35 57 56 49 76 32 42 64 39 68 28 31 31 30 50 14 13 39 8 53 12 54 51 73 32 36 62 28 73 29 52 74 34 37 63 28 74 30 69 35 33 59 22 74 32 51 56 82 47 91 47 16 41 4 57 20 45 14 56 12 36 81 37 43 39 54 
46 29 52 33 56 45 36 34 26 39 40 45 35 57 12 43 40 61 61 71 42 54 52 41 69 35 48 59 54 50 34 37 27 44 28 23 21 10 34 23 28 26 40 18 26 47 68 49 47 45 34 54 42 51 48 62 28 45 57 29 40 39 28 56 22 34 46 41 41 22 53 55 53 42 64 46 56 58 66 39 47 34 31 24 35 40 44 32 56 8 43 34 22 48 26 36 39 46 28 28 20 46 24 33 38 44 28 26 35 19 25 26 37 22 22 28 40 54 46 47 27 38 24 51 4 40 36 56 14 41 44 36 25 19 54 87 
