136 17
45 17 26 7 32 36 33 27 14 17 5 0 20 21 12 35 32 49 28 37 48 18 23 24 20 26 23 6 29 20 38 56 39 54 64 34 41 39 19 34 33 13 46 36 55 54 54 67 25 38 47 43 53 49 30 50 44 53 44 55 22 30 31 21 31 28 8 36 28 45 73 50 54 49 20 37 38 26 56 45 68 52 59 57 31 48 48 31 64 53 74 45 33 15 14 18 28 40 30 53 36 8 21 23 21 44 33 57 10 25 24 8 39 29 50 25 20 21 13 9 21 27 11 30 23 37 6 29 21 38 15 5 29 36 58 47 
17 65 28 11 17 18 34 21 9 34 20 17 33 9 11 21 22 47 25 21 33 11 6 14 32 29 24 22 15 13 21 49 28 37 48 18 23 24 20 26 23 6 29 20 38 50 42 56 14 28 40 48 52 48 34 41 39 40 28 40 8 13 19 29 30 25 17 22 17 28 55 36 38 31 5 21 21 11 39 28 51 35 42 40 19 35 33 14 47 37 57 35 21 24 8 10 31 26 20 39 20 11 6 6 18 27 17 41 18 18 14 10 22 12 33 37 32 38 11 20 4 29 25 18 18 21 22 16 14 21 5 13 15 18 40 29 
26 28 98 22 45 40 58 48 34 37 22 25 46 37 33 49 19 22 8 35 37 38 31 18 17 1 4 23 25 15 38 32 25 51 55 45 44 33 8 16 19 22 40 30 54 28 37 48 18 23 24 20 26 23 6 29 20 38 40 44 37 33 22 9 6 8 18 29 19 43 69 63 61 49 25 31 35 39 57 47 70 58 60 51 22 35 37 33 58 48 71 64 49 41 32 37 53 54 48 67 45 29 26 31 43 51 43 65 15 13 18 28 39 30 53 17 16 36 17 17 29 1 20 20 11 34 22 25 15 38 31 29 43 37 60 50 
7 11 22 56 28 29 35 26 12 24 8 6 27 18 11 31 25 44 22 30 40 16 17 16 22 23 19 11 22 14 31 50 32 47 56 29 34 32 14 28 26 6 38 28 49 49 47 60 17 31 41 42 49 45 27 43 39 46 37 48 18 23 24 20 26 23 6 29 20 38 66 46 49 42 13 29 30 21 49 38 62 46 53 50 24 41 41 24 56 46 67 43 29 19 11 16 31 36 28 50 31 7 14 17 21 38 28 52 8 19 17 6 32 21 44 26 22 27 6 10 15 23 14 22 16 30 11 22 14 31 11 6 25 29 51 40 
32 17 45 28 75 14 29 15 18 47 36 32 41 10 21 4 35 62 40 22 36 15 14 28 50 46 41 38 25 29 19 60 37 32 46 3 17 28 37 39 35 24 29 26 31 64 49 63 29 38 53 65 67 63 52 51 53 46 28 42 9 15 30 47 46 41 34 28 30 26 48 18 23 24 20 26 23 6 29 20 38 21 32 37 30 40 37 17 41 34 48 20 6 31 18 14 30 9 8 22 8 24 19 14 18 14 5 25 35 34 29 24 20 19 23 54 50 52 29 38 16 46 42 30 35 23 38 25 30 20 16 27 3 18 29 20 
36 18 40 29 14 96 43 29 24 52 38 35 50 18 28 17 24 53 33 9 22 23 12 22 49 41 36 40 15 24 5 48 25 20 32 11 5 14 33 29 25 23 15 14 20 53 35 49 21 26 41 59 58 53 46 38 42 32 14 28 16 6 20 44 38 33 34 15 21 12 37 25 21 13 16 13 9 13 20 9 32 18 23 24 20 26 23 6 29 20 38 33 20 40 24 23 43 20 22 29 7 29 15 12 29 11 8 25 34 26 22 28 6 10 14 53 49 57 27 38 14 41 43 20 29 10 40 15 24 6 21 31 15 4 22 11 
33 34 58 35 29 43 37 14 25 37 38 34 25 26 24 28 56 80 57 50 64 22 36 48 53 59 54 39 48 47 48 83 62 62 75 32 46 55 50 60 57 37 58 53 61 84 75 89 49 62 74 77 85 80 63 75 73 73 57 71 28 42 53 54 62 58 41 54 51 55 76 37 49 53 39 53 51 30 58 50 65 48 61 66 53 67 65 44 71 63 76 23 24 20 26 23 6 29 20 38 37 28 39 36 16 42 34 49 43 52 48 30 49 44 52 58 53 44 41 43 36 59 44 52 51 51 39 49 47 49 29 29 28 46 57 49 
27 21 48 26 15 29 14 47 15 37 32 27 28 13 15 15 44 69 46 36 50 10 22 36 47 49 45 34 35 35 34 70 48 48 61 18 32 41 40 48 44 26 44 39 47 72 61 76 36 49 62 68 74 69 54 62 61 59 43 57 14 28 40 47 51 47 33 41 39 41 63 27 37 39 27 39 37 16 45 36 53 35 48 52 40 53 51 30 57 49 63 18 11 19 16 11 14 18 7 29 24 20 26 23 6 29 20 38 35 40 36 21 35 30 39 52 47 44 31 36 23 50 39 39 40 37 34 36 36 35 17 22 14 32 45 35 
14 9 34 12 18 24 25 15 48 29 19 14 25 7 3 20 31 55 32 29 42 4 13 22 33 34 30 21 24 21 28 57 37 44 56 20 29 32 25 35 32 12 37 29 45 58 51 65 23 37 49 53 59 55 39 49 47 49 36 49 9 20 28 32 37 32 18 31 26 36 62 36 41 37 14 30 29 12 44 34 55 38 47 48 28 44 42 22 54 44 63 31 18 16 1 4 22 25 16 39 23 6 15 13 9 31 20 43 20 26 23 6 29 20 38 38 33 34 16 21 12 35 25 27 25 29 21 25 21 29 4 9 14 26 45 35 
17 34 37 24 47 52 37 37 29 40 16 17 14 36 25 49 48 58 41 54 64 32 40 40 22 37 35 14 46 36 55 69 55 71 81 49 57 56 32 49 48 30 63 52 72 65 70 82 41 54 60 49 62 59 38 64 57 69 61 72 38 47 47 28 43 42 22 53 44 62 90 64 70 65 37 53 55 41 73 62 84 67 76 74 48 64 65 48 81 70 91 56 46 18 29 32 31 53 43 67 52 23 38 40 31 60 49 72 24 40 40 24 56 46 67 26 23 6 29 20 38 37 16 46 37 54 15 46 37 55 31 21 44 53 74 63 
5 20 22 8 36 38 38 32 19 16 53 4 23 26 16 39 31 45 25 38 48 23 26 23 15 22 19 2 29 20 40 53 38 56 64 37 43 40 16 32 31 15 47 36 57 50 53 66 24 37 44 39 49 45 25 48 42 52 45 55 26 32 30 16 28 26 5 37 27 47 74 54 58 51 22 37 39 30 58 47 71 55 62 58 31 48 48 33 65 54 76 50 37 19 18 23 33 44 35 58 40 12 23 26 26 47 37 60 7 24 23 12 41 30 53 20 15 19 12 5 23 23 6 29 20 38 2 30 20 40 19 10 33 37 60 49 
0 17 25 6 32 35 34 27 14 17 4 46 21 21 12 35 32 48 27 37 47 18 23 23 20 26 22 6 29 20 38 55 39 54 63 34 40 39 19 34 32 13 45 35 55 53 54 67 24 38 46 43 52 49 30 49 44 53 44 55 22 30 30 20 31 28 7 36 27 45 72 50 54 48 20 36 37 26 56 45 68 51 59 56 31 48 48 31 63 53 74 45 33 15 14 18 28 40 30 53 36 8 21 23 21 44 33 57 10 25 24 8 39 28 50 25 20 21 12 9 21 26 11 29 22 37 6 29 20 38 15 5 29 35 57 47 
20 33 46 27 41 50 25 28 25 14 23 21 13 32 22 42 52 68 48 54 66 26 38 43 34 46 43 22 48 41 54 76 59 70 81 44 55 57 39 55 53 32 63 54 70 74 74 88 44 58 67 61 72 69 49 70 65 73 61 74 34 46 50 38 51 49 28 55 48 61 88 56 64 63 38 55 55 37 69 59 79 62 73 73 51 67 67 48 79 70 88 45 38 9 26 27 18 46 35 58 48 22 39 39 23 55 44 66 30 46 44 24 55 46 63 39 35 20 33 28 37 46 26 49 43 54 23 48 41 54 29 20 38 51 70 60 
21 9 37 18 10 18 26 13 7 36 26 21 32 59 10 13 31 57 34 24 38 5 9 23 40 38 33 28 22 23 23 57 35 38 50 12 23 29 29 35 31 15 32 26 38 59 49 63 24 36 49 58 62 57 44 49 48 46 31 45 2 16 27 37 39 35 24 28 26 30 55 28 33 31 14 27 25 5 37 27 48 31 40 42 27 41 39 18 48 39 56 26 11 22 7 5 25 18 10 32 16 13 13 10 11 23 12 35 26 28 23 13 24 17 31 44 40 42 20 28 10 39 32 26 28 25 28 23 23 23 6 16 7 20 38 28 
12 11 33 11 21 28 24 15 3 25 16 12 22 10 41 23 33 55 33 32 45 6 16 24 31 34 30 18 27 22 32 59 39 48 59 23 33 35 25 36 33 13 40 32 48 59 54 68 25 39 50 53 60 56 39 51 49 52 39 52 12 23 30 31 37 33 17 33 28 39 65 38 44 41 17 33 32 16 48 37 58 42 51 51 31 46 45 25 57 48 66 33 21 12 4 6 20 28 18 42 27 4 17 17 9 34 23 46 19 28 25 5 32 24 42 37 32 31 16 20 15 35 23 29 26 32 18 27 23 32 7 6 18 29 49 38 
35 21 49 31 4 17 28 15 20 49 39 35 42 13 23 77 38 66 45 25 39 17 18 33 53 50 45 41 29 33 22 64 41 34 48 5 19 31 41 43 39 28 31 30 32 68 52 66 33 42 56 69 71 67 56 54 56 49 30 45 13 19 34 50 50 45 38 32 34 28 48 15 22 25 24 30 26 10 29 22 37 20 32 39 34 43 40 21 42 36 48 16 4 33 21 17 30 5 7 18 10 27 23 18 19 14 8 23 39 38 33 27 22 22 24 58 53 55 32 41 20 50 46 34 39 26 41 29 34 23 20 30 6 21 29 20 
32 22 19 25 35 24 56 44 31 48 31 32 52 31 33 38 35 28 11 17 18 34 21 9 34 20 17 33 9 11 21 26 7 32 36 33 27 14 17 5 0 20 21 12 35 29 21 35 8 6 18 36 33 28 25 18 18 21 21 25 29 19 4 27 15 11 26 11 5 24 50 49 45 32 17 13 17 29 39 29 52 42 41 32 4 17 18 18 39 28 52 55 40 45 30 33 54 43 40 53 31 31 17 21 40 36 31 49 24 7 8 29 22 16 35 36 33 50 19 27 20 19 33 4 11 16 33 9 11 21 27 32 33 20 42 33 
49 47 22 44 62 53 80 69 55 58 45 48 68 57 55 66 28 52 22 45 40 58 48 34 37 22 25 46 37 33 49 17 29 56 54 61 55 41 29 23 28 42 47 39 60 7 32 36 33 27 14 17 5 0 20 21 12 35 47 43 56 48 33 30 18 22 41 38 32 50 71 78 73 58 43 40 45 57 65 57 78 70 67 54 32 35 40 47 61 52 75 82 67 64 53 58 76 71 67 82 60 51 43 48 64 64 59 77 38 29 33 50 50 44 62 34 36 57 38 39 47 21 42 32 29 44 45 37 33 49 52 51 61 48 68 61 
28 25 8 22 40 33 57 46 32 41 25 27 48 34 33 45 11 22 14 28 29 35 26 12 24 8 6 27 18 11 31 28 17 43 47 40 37 25 9 8 11 20 33 22 46 26 30 41 12 15 19 25 27 23 13 23 16 30 32 36 33 27 14 17 5 0 20 21 12 35 61 57 54 42 20 23 28 34 49 40 63 51 52 43 14 27 29 27 50 40 63 60 45 42 31 35 53 49 45 61 39 29 21 26 42 45 38 58 18 6 11 28 32 23 46 25 23 42 16 20 24 8 25 13 6 27 26 18 11 31 29 29 38 30 53 43 
37 21 35 30 22 9 50 36 29 54 38 37 54 24 32 25 17 45 28 64 14 29 15 18 47 36 32 41 10 21 4 39 16 17 27 20 10 5 30 22 17 24 8 5 19 45 26 40 17 18 33 53 50 45 41 29 34 23 7 20 22 8 13 41 32 28 34 7 16 8 36 33 27 14 17 5 0 20 21 12 35 24 24 19 13 17 14 6 26 16 37 42 28 45 28 29 49 29 30 37 16 32 15 15 35 19 17 31 33 21 17 30 4 8 18 50 46 58 26 37 16 36 43 14 24 1 41 10 21 3 25 34 22 4 25 15 
48 33 37 40 36 22 64 50 42 64 48 47 66 38 45 39 18 40 29 14 72 43 29 24 52 38 35 50 18 28 17 29 12 16 17 34 21 9 35 21 18 34 9 12 20 37 13 26 23 14 25 52 44 40 42 19 28 9 9 7 36 22 17 46 32 29 43 11 20 13 32 45 36 21 28 11 13 34 25 20 38 33 27 14 17 5 0 20 21 12 35 55 43 57 41 42 63 42 44 49 30 44 27 28 49 31 31 40 41 25 24 42 17 21 25 54 52 67 35 45 29 38 51 18 29 13 50 18 27 16 38 45 37 18 29 24 
18 11 38 16 15 23 22 10 4 32 23 18 26 5 6 17 34 58 35 29 43 67 14 25 37 38 34 25 26 24 28 60 39 44 56 17 28 33 29 38 34 15 37 31 43 61 53 67 26 39 52 57 63 59 43 52 51 51 36 49 7 20 30 36 40 36 22 32 28 35 61 32 38 36 16 31 30 10 43 33 53 36 46 47 31 45 43 22 53 44 61 27 14 17 5 0 20 21 12 35 21 10 16 14 6 28 18 40 24 30 26 10 29 22 36 42 38 37 20 26 14 39 29 29 29 29 25 26 25 28 6 13 11 26 43 33 
23 6 31 17 14 12 36 22 13 40 26 23 38 9 16 18 21 48 26 15 29 14 55 15 37 32 27 28 13 15 15 48 26 31 42 13 17 19 24 26 22 11 24 17 32 50 39 53 15 26 40 51 54 49 38 39 39 37 23 36 8 7 17 34 32 27 22 18 17 22 49 31 32 25 6 17 16 8 32 22 44 29 36 34 18 31 29 9 41 31 50 33 18 29 12 13 34 23 18 35 14 17 5 0 20 21 12 35 23 20 15 15 16 8 27 42 37 44 16 26 2 32 31 17 21 16 28 13 16 15 9 19 12 13 34 23 
24 14 18 16 28 22 48 36 22 40 23 23 43 23 24 33 9 34 12 18 24 25 15 29 29 19 14 25 7 3 20 34 15 35 41 28 26 17 12 12 9 11 24 14 37 36 30 44 1 15 26 37 39 34 24 27 25 29 24 32 22 15 7 23 17 12 18 14 4 26 53 45 43 32 9 15 18 23 39 29 53 40 42 36 7 24 25 15 43 32 55 48 33 36 21 25 45 37 33 49 27 22 9 14 32 33 26 47 17 5 0 20 21 12 35 32 29 42 10 20 13 19 26 6 7 17 25 7 3 20 19 23 27 19 42 32 
20 32 17 22 50 49 53 47 33 22 15 20 34 40 31 53 34 37 24 47 52 37 37 29 34 16 17 14 36 25 49 49 41 64 70 51 53 46 17 33 34 26 54 43 66 43 54 65 30 39 41 26 39 37 16 46 37 55 53 59 40 42 35 7 24 24 15 43 32 55 82 68 70 61 32 44 47 43 68 57 81 67 71 65 36 51 53 43 72 61 85 65 51 33 33 37 47 58 49 72 52 27 33 37 41 59 49 73 14 27 29 27 50 39 63 5 0 20 21 12 35 17 9 34 23 46 13 37 26 49 33 25 47 47 71 60 
26 29 1 23 46 41 59 49 34 37 22 26 46 38 34 50 20 22 8 36 38 38 32 19 16 10 4 23 26 16 39 32 26 52 55 46 45 34 9 17 20 23 41 31 55 28 38 48 19 24 24 19 26 22 5 30 21 39 41 44 38 34 23 9 7 9 18 30 20 44 70 64 62 50 26 32 36 40 58 48 71 59 61 52 23 36 38 34 59 48 72 65 50 41 33 38 54 55 49 68 46 30 27 32 44 52 44 66 16 14 19 29 40 31 54 17 16 36 18 17 30 0 20 21 12 35 23 26 16 39 32 29 44 38 61 51 
23 24 4 19 41 36 54 45 30 35 19 22 43 33 30 45 17 25 6 32 35 34 27 14 17 4 1 21 21 12 35 34 24 48 53 41 40 30 4 15 17 18 38 27 51 30 37 48 15 22 25 24 30 26 10 29 22 37 37 42 33 30 19 10 8 7 15 27 16 40 66 59 58 46 21 28 32 35 54 43 67 55 57 48 19 33 36 30 56 45 69 60 45 38 29 33 50 50 44 63 41 26 22 27 39 48 39 61 12 10 14 24 36 26 49 19 17 35 13 14 25 5 18 18 7 31 20 21 12 35 27 25 39 33 57 47 
6 22 23 11 38 40 39 34 21 14 2 6 22 28 18 41 33 46 27 41 50 25 28 25 14 23 21 41 32 22 42 55 40 58 67 40 45 42 18 34 34 17 49 39 60 51 55 68 26 39 46 39 49 46 26 49 43 55 48 57 29 34 33 16 29 27 7 39 29 49 77 56 60 53 24 40 41 32 61 50 73 57 64 60 33 50 50 36 67 57 78 52 39 19 20 25 33 46 37 60 42 14 26 28 27 50 39 63 9 26 26 14 43 33 55 19 14 17 15 6 26 24 5 31 22 41 0 32 22 43 21 12 35 40 63 52 
29 15 25 22 25 15 48 35 24 46 29 29 48 22 27 29 9 37 18 10 18 26 13 7 36 26 21 32 43 10 13 35 13 27 34 24 19 10 19 14 9 15 17 6 29 38 27 41 6 13 27 43 43 38 31 26 27 25 16 25 21 10 4 31 22 18 25 7 6 18 46 40 36 24 10 7 10 20 32 22 45 33 35 28 5 19 19 9 36 25 48 45 31 39 23 25 46 33 31 44 22 25 9 12 33 27 21 40 24 11 7 24 14 6 28 39 36 49 17 27 12 26 33 5 14 9 31 0 10 13 20 27 24 12 35 25 
20 13 15 14 29 24 47 35 21 36 20 20 41 23 22 33 11 33 11 21 28 24 15 3 25 16 12 22 10 24 23 36 18 38 45 29 28 21 9 14 12 9 28 17 40 37 33 46 4 17 27 36 38 34 22 29 26 32 27 35 22 18 10 20 16 11 15 17 7 29 57 47 46 35 9 18 21 23 43 32 56 43 46 39 11 27 28 18 47 36 59 49 34 33 20 24 43 38 33 51 29 19 10 15 31 36 27 49 13 5 3 18 25 14 38 29 25 39 7 17 13 16 23 9 5 20 21 11 0 24 18 20 27 21 45 35 
38 21 38 31 19 5 48 34 28 55 40 38 54 23 32 22 21 49 31 4 17 28 15 20 49 39 35 42 13 23 70 43 20 16 27 17 6 9 32 26 21 25 9 9 17 49 29 43 20 22 37 57 54 49 45 33 38 26 8 22 21 8 17 44 36 31 36 11 19 7 34 29 23 11 18 9 4 18 19 8 32 20 22 19 17 21 17 6 25 16 36 38 26 44 27 27 48 25 28 33 12 32 16 15 34 15 14 27 35 25 20 31 1 9 14 52 49 59 28 39 17 39 45 18 27 5 42 13 23 0 24 34 20 2 21 12 
56 49 32 50 60 48 83 70 57 69 53 55 76 57 59 64 26 17 28 39 29 60 48 34 49 32 34 55 35 36 43 56 22 45 40 58 48 34 37 22 25 46 37 33 49 11 17 18 34 21 9 34 20 17 33 9 11 21 38 30 56 44 30 42 25 27 48 32 31 42 57 72 64 49 43 34 38 55 54 49 67 62 56 42 30 23 28 43 48 40 61 80 66 70 56 60 80 68 66 76 55 56 43 47 67 58 55 68 46 31 34 54 43 41 54 48 49 69 43 48 46 32 52 30 33 38 54 34 36 42 54 56 59 43 58 53 
39 28 25 32 37 25 62 48 37 55 38 39 59 35 39 41 7 29 17 16 12 39 26 15 41 26 24 40 13 18 20 22 22 28 29 35 26 12 24 8 6 27 18 11 31 28 14 28 14 2 16 39 34 29 30 13 17 14 17 18 34 21 9 34 20 17 33 9 11 21 44 50 43 29 22 11 16 33 35 28 49 41 38 26 8 9 12 20 34 23 47 57 43 51 36 38 59 45 44 54 32 37 22 25 46 36 33 47 31 15 15 36 21 18 33 42 41 57 26 35 25 26 40 10 18 15 40 12 18 20 33 38 36 20 39 32 
54 37 51 47 32 20 62 48 44 71 56 54 70 38 48 34 32 56 43 17 16 44 31 35 64 52 48 58 27 38 16 45 28 35 14 29 15 18 47 36 32 41 10 21 4 54 28 38 34 30 42 67 61 56 57 36 44 24 11 16 36 24 29 58 47 43 52 21 32 9 18 34 21 9 34 20 17 33 9 11 21 20 10 5 29 21 16 23 9 5 20 47 38 60 44 43 62 35 41 37 24 48 32 31 49 21 27 25 51 38 34 47 15 25 11 67 64 75 43 54 33 52 60 30 41 18 58 27 38 15 41 51 34 18 13 13 
64 48 55 56 46 32 75 61 56 81 64 63 81 50 59 48 36 54 47 27 17 56 42 41 70 55 53 67 34 45 27 40 29 14 37 43 29 24 52 38 35 50 18 28 17 50 22 28 40 31 40 68 58 54 60 32 42 19 19 11 48 35 34 63 49 46 59 27 38 20 17 48 35 23 43 27 26 46 22 25 30 34 21 9 34 20 17 33 9 11 21 61 52 72 55 55 75 49 54 51 38 59 42 42 61 35 40 38 58 43 41 57 26 35 25 72 69 84 51 62 43 55 68 36 46 27 66 34 44 27 52 61 47 30 25 27 
34 18 45 29 3 11 32 18 20 49 37 34 44 12 23 5 33 61 40 20 34 17 13 28 51 46 41 40 24 29 17 58 35 29 43 68 14 25 37 38 34 25 26 24 28 63 46 60 28 36 51 65 66 62 52 49 51 43 25 39 11 14 29 47 45 40 35 26 29 23 44 17 21 20 20 24 20 7 26 17 35 18 29 34 29 38 34 15 38 31 44 21 9 34 20 17 33 9 11 21 5 26 18 14 21 11 2 23 36 33 28 25 17 17 20 55 51 54 29 39 16 46 44 29 34 21 40 24 29 17 18 28 5 15 26 17 
41 23 44 34 17 5 46 32 29 57 43 40 55 23 33 19 27 55 37 10 21 28 17 26 53 45 40 45 19 28 6 48 26 15 29 14 43 15 37 32 27 28 13 15 15 55 34 48 25 28 43 63 60 55 50 39 44 31 12 26 21 11 23 48 41 37 39 17 25 9 32 24 17 8 21 15 10 17 15 4 27 14 18 20 23 26 22 10 25 17 33 34 23 45 29 28 46 21 25 27 9 34 20 17 33 9 11 21 39 30 26 33 5 14 9 57 53 62 32 43 19 45 48 23 33 11 45 19 28 6 26 36 18 7 17 6 
39 24 33 32 28 14 55 41 32 56 40 39 57 29 35 31 14 41 25 5 9 33 19 17 46 34 30 42 10 21 9 34 12 18 24 25 15 18 29 19 14 25 7 3 20 40 21 35 16 13 28 50 46 41 39 24 29 18 6 16 27 13 11 40 29 25 35 3 14 10 36 38 31 17 19 2 5 25 24 15 38 29 27 18 11 12 10 11 26 15 38 47 34 48 31 33 54 34 35 42 21 35 18 19 40 24 22 35 34 20 17 33 9 11 21 49 46 59 27 37 20 34 43 12 23 4 42 9 20 8 28 36 28 9 28 19 
19 20 8 14 37 33 50 40 25 32 16 19 39 29 25 41 17 29 9 30 35 29 24 12 17 9 4 18 19 9 32 37 24 47 52 37 37 29 68 16 17 14 36 25 49 34 38 50 13 22 28 28 34 30 14 31 25 38 36 42 29 27 18 11 12 9 11 25 14 38 65 55 55 44 17 27 30 31 52 41 65 52 55 47 18 34 35 27 55 44 67 56 41 34 24 29 46 46 40 59 38 21 19 23 35 45 36 58 9 9 12 20 34 23 47 20 17 33 9 11 21 9 16 16 6 29 17 19 9 33 23 21 35 31 54 44 
34 26 16 28 39 29 60 48 35 49 32 34 55 35 36 43 5 23 8 22 21 38 26 12 33 17 15 34 14 14 26 22 8 36 38 38 32 19 16 40 4 23 26 16 39 24 21 33 11 6 13 31 28 23 21 15 13 21 25 27 34 24 9 25 11 8 27 15 9 29 53 55 50 36 21 17 22 34 43 34 57 47 46 35 9 18 21 23 43 32 56 60 45 47 34 37 57 48 45 59 36 34 21 26 44 41 36 54 25 9 12 32 27 21 40 34 32 50 21 28 25 17 33 9 11 21 34 14 13 26 31 34 38 25 47 38 
33 23 19 26 35 25 57 44 32 48 31 32 53 31 33 39 0 28 11 17 18 34 22 9 34 20 17 34 9 12 21 25 6 32 35 34 27 14 17 4 34 21 21 12 35 29 21 34 8 5 17 36 33 28 25 17 17 21 21 25 30 20 5 27 15 11 26 11 5 24 49 50 45 32 17 13 17 30 39 29 52 42 41 31 4 16 18 18 39 28 52 55 40 45 30 34 54 43 41 54 31 31 17 21 41 36 31 49 24 8 9 30 22 16 35 36 34 50 19 28 21 20 33 5 11 16 33 9 11 21 28 32 34 20 42 33 
13 6 22 6 24 23 37 26 12 30 15 13 32 15 13 28 20 42 20 24 34 15 11 11 26 23 18 17 15 9 25 46 27 41 50 25 28 25 14 23 21 67 32 22 42 46 41 55 12 26 37 42 47 43 28 38 35 40 31 41 15 17 18 22 24 20 11 23 15 32 59 42 44 36 7 23 24 17 43 32 56 41 47 43 18 35 34 18 50 40 61 42 27 24 11 15 34 33 26 46 26 10 8 11 21 33 23 47 11 14 12 9 26 15 38 30 26 34 4 14 9 23 20 17 13 23 17 16 9 25 9 11 21 22 46 35 
46 29 40 38 29 15 58 44 37 63 47 45 63 32 40 31 21 47 33 8 9 37 24 24 54 41 38 49 17 28 9 37 18 10 18 26 13 7 36 26 21 32 19 10 13 45 22 35 24 20 33 57 52 47 46 28 35 18 1 13 30 16 18 48 36 32 42 11 22 4 28 36 27 12 25 9 8 28 17 11 31 24 20 11 18 14 9 15 18 7 30 47 35 53 36 37 57 34 37 40 21 40 24 23 43 21 23 31 41 27 24 39 9 17 16 57 54 66 34 45 25 41 51 20 31 8 49 17 28 9 33 42 30 11 21 15 
36 20 30 28 26 14 53 39 29 52 36 35 54 26 32 30 12 39 22 5 12 31 17 14 43 31 27 39 6 17 9 33 11 21 28 24 15 3 25 16 12 22 10 23 23 39 22 36 13 12 27 48 44 39 36 24 28 20 10 19 24 11 8 37 27 22 31 1 11 12 39 39 33 20 15 1 5 23 27 17 40 30 29 22 8 14 12 9 29 18 41 46 32 45 28 30 51 34 34 43 21 31 15 16 37 25 21 37 30 16 13 30 10 9 23 46 43 56 23 34 17 31 40 9 20 4 38 6 17 9 25 33 26 9 30 21 
55 38 54 49 31 20 61 47 45 72 57 55 70 38 48 32 35 60 46 19 20 43 32 37 66 55 51 60 29 40 17 49 31 4 17 28 15 20 49 39 35 42 13 23 43 58 32 42 36 33 46 71 65 60 60 40 48 28 14 20 36 25 32 60 50 46 53 24 35 11 17 31 18 7 35 22 19 33 5 10 17 17 6 8 31 25 20 24 10 9 18 45 36 60 44 43 62 33 40 34 23 49 34 32 48 19 26 21 53 40 37 48 16 27 9 69 66 77 45 56 34 55 62 33 43 20 60 29 40 17 41 51 33 19 9 11 
54 50 28 49 64 53 84 72 58 65 50 53 74 59 59 68 29 7 26 45 37 61 50 36 43 28 30 51 38 37 49 11 28 54 50 63 55 40 34 24 29 46 45 39 58 45 28 29 35 26 12 24 8 6 27 18 11 31 45 40 58 48 34 37 22 25 46 37 33 49 68 78 72 57 45 40 45 59 63 56 76 69 65 51 33 32 37 47 58 49 71 84 69 68 57 61 80 72 69 82 60 55 46 50 68 64 60 76 43 31 36 54 49 45 61 41 43 64 42 45 49 27 48 33 32 44 51 38 36 49 55 55 62 49 67 60 
54 42 37 47 49 35 75 61 51 70 53 54 74 49 54 52 21 32 30 26 13 53 39 30 54 38 37 55 27 33 29 17 14 28 22 46 34 21 38 21 21 41 22 22 32 28 91 14 29 15 18 47 36 32 41 10 21 4 22 12 47 33 23 47 31 29 48 20 26 26 40 58 48 34 37 22 25 46 37 33 49 46 39 24 23 8 12 31 30 23 43 68 55 66 50 52 73 55 56 62 42 52 36 38 59 44 43 52 46 29 30 50 29 31 37 55 54 71 41 49 39 37 55 24 32 25 55 26 33 29 47 53 49 30 41 37 
67 56 48 60 63 49 89 76 65 82 66 67 88 63 68 66 35 36 41 40 26 67 53 44 65 48 48 68 41 46 43 18 28 38 28 60 48 35 50 33 34 55 35 36 42 29 14 80 43 29 24 52 38 35 50 18 28 17 35 22 61 48 37 57 41 41 61 35 40 39 45 71 60 46 51 36 39 60 48 46 58 58 48 34 37 22 25 46 37 33 49 82 69 80 64 66 87 69 70 75 56 66 50 53 74 57 57 64 58 42 43 64 43 45 49 65 64 83 54 61 53 48 67 38 45 39 67 40 46 43 61 67 63 44 52 50 
25 14 18 17 29 21 49 36 23 41 24 24 44 24 25 33 8 33 12 17 23 26 15 1 30 19 15 26 6 4 20 34 14 34 40 28 25 16 13 11 8 12 24 13 36 35 29 43 117 14 25 37 38 34 25 26 24 28 23 30 22 15 6 24 17 12 19 13 3 25 52 45 43 31 9 14 17 23 39 28 52 40 42 35 6 23 24 15 42 31 54 48 34 37 22 25 46 37 33 49 27 23 10 14 32 33 25 46 18 5 0 21 21 11 34 33 30 43 11 21 13 19 27 4 7 16 26 6 4 20 19 24 27 18 42 32 
38 28 23 31 38 26 62 49 37 54 37 38 58 36 39 42 6 27 15 18 14 39 26 15 39 24 22 39 13 17 22 21 2 30 31 36 28 13 22 6 5 26 20 12 33 26 15 29 14 97 15 37 32 27 28 13 15 15 19 20 34 22 8 32 18 15 32 10 11 23 46 51 45 31 22 13 18 34 37 29 51 42 40 28 8 11 14 21 36 25 49 58 44 51 36 38 59 46 45 55 34 37 22 25 46 37 33 49 30 13 14 35 23 19 35 41 39 56 25 33 25 24 39 9 17 17 39 12 17 22 33 38 37 22 41 33 
47 40 24 41 53 41 74 62 49 60 44 46 67 49 50 56 18 14 19 33 25 52 40 26 41 24 25 46 27 27 37 9 16 42 40 51 43 28 28 13 17 37 33 27 46 12 18 24 25 15 68 29 19 14 25 7 3 20 33 29 48 37 22 33 17 18 39 25 23 37 57 66 60 45 35 28 33 48 51 44 64 57 53 40 22 21 25 36 47 37 60 73 58 61 48 51 71 61 59 70 48 47 35 39 58 52 48 64 37 22 25 46 37 33 49 40 40 60 34 39 38 23 44 22 24 32 45 27 27 37 45 47 51 37 55 48 
43 48 20 42 65 59 77 68 53 49 39 43 61 58 53 69 36 17 25 53 52 57 51 37 26 19 24 39 43 36 57 34 39 67 68 65 63 50 28 31 36 42 57 48 71 24 47 52 37 37 29 74 16 17 14 36 25 49 57 57 57 53 40 22 21 25 36 47 37 60 84 83 80 68 45 49 53 59 75 65 88 77 77 66 40 48 52 52 74 63 87 84 69 58 52 57 72 74 68 87 65 48 46 51 63 71 63 84 34 32 37 48 58 49 71 22 25 46 37 33 49 19 34 39 30 52 38 43 35 57 52 47 63 56 78 69 
53 52 26 49 67 58 85 74 59 62 49 52 72 62 60 71 33 5 27 50 44 63 54 39 39 26 30 49 43 38 54 20 34 61 58 66 60 46 34 28 33 47 52 44 65 8 36 38 38 32 19 16 44 4 23 26 16 39 52 48 61 53 38 33 22 27 45 43 37 55 76 83 78 63 48 45 50 62 70 62 83 75 72 59 38 40 44 52 66 56 79 87 72 68 58 63 80 76 72 87 65 56 48 53 69 70 64 82 42 34 38 55 55 49 67 37 39 60 43 43 52 25 46 37 33 49 49 42 38 54 57 55 66 54 73 66 
49 48 23 45 63 53 80 69 55 59 45 49 69 57 56 67 28 0 23 45 40 59 49 34 37 22 26 46 38 34 49 17 29 56 54 62 55 41 30 23 28 43 47 39 60 6 32 35 34 27 14 17 4 51 21 21 12 35 47 43 56 48 33 31 18 22 41 38 32 51 71 78 73 59 43 40 45 57 65 57 78 70 67 54 33 35 40 47 61 52 75 83 68 64 54 58 76 71 67 82 60 52 44 48 65 65 59 77 38 29 34 50 50 44 62 35 37 58 39 40 47 22 43 33 29 44 46 37 33 49 52 51 61 49 69 61 
30 34 6 27 52 46 63 54 39 38 25 30 49 44 39 56 25 20 13 41 42 43 38 24 16 5 10 26 31 22 45 33 30 57 60 52 50 39 14 21 25 28 46 36 60 27 41 50 25 28 25 14 23 21 92 32 22 42 46 49 43 40 28 10 10 13 22 35 25 49 74 69 68 56 31 37 41 45 63 53 77 65 66 56 28 40 43 40 64 53 77 70 55 45 38 43 58 61 54 73 51 35 33 37 48 58 49 71 20 20 24 34 46 36 59 15 16 37 23 20 35 5 22 27 17 40 25 31 22 45 37 33 49 43 66 57 
50 41 29 43 51 38 75 62 49 64 48 49 70 49 51 54 18 21 23 29 19 52 39 27 46 30 29 49 26 29 33 9 13 36 32 49 39 24 31 15 17 38 28 24 40 18 10 18 26 13 7 36 26 21 32 75 10 13 28 22 47 35 21 39 22 22 42 22 23 32 50 63 55 40 35 24 29 46 45 39 58 52 47 33 21 14 19 33 40 31 53 71 57 63 48 51 72 58 57 67 46 49 35 38 59 48 46 59 40 24 26 47 34 32 44 46 46 65 37 43 38 29 48 22 27 28 49 25 29 33 46 50 50 33 49 43 
44 39 20 39 53 42 73 61 47 57 42 44 65 48 49 56 18 12 16 34 28 51 39 25 37 21 22 43 27 26 38 11 17 44 42 51 44 29 25 13 17 35 35 28 48 11 21 28 24 15 3 25 16 12 22 10 67 23 35 31 47 37 22 30 14 16 37 26 22 39 59 67 61 47 34 29 33 47 53 45 66 58 55 42 22 23 28 36 49 40 63 73 58 59 46 50 70 61 58 71 49 45 35 39 57 53 48 65 34 21 24 44 38 34 51 37 37 57 32 37 38 20 41 22 22 33 43 27 25 38 44 46 51 37 57 49 
53 40 38 46 46 32 73 59 49 69 52 53 73 46 52 49 21 35 30 23 9 51 37 29 55 39 37 55 25 32 26 21 14 24 19 43 31 18 38 21 21 40 18 20 28 31 4 17 28 15 20 49 39 35 42 13 23 99 19 8 44 31 22 47 32 30 47 18 25 22 36 54 45 30 35 19 22 43 33 30 45 42 35 20 21 5 9 29 26 19 40 65 52 64 48 50 71 52 53 58 39 50 34 36 57 40 40 48 45 29 29 49 26 29 34 56 54 71 40 49 37 38 54 23 32 22 54 24 32 25 45 52 46 27 37 33 
44 28 40 37 28 14 57 43 36 61 45 44 61 31 39 30 21 47 32 7 9 36 23 24 53 41 37 48 16 27 8 38 17 11 19 25 12 6 36 25 21 31 1 10 14 45 22 35 23 19 33 57 52 47 46 28 35 19 56 14 29 15 18 47 36 32 41 10 21 4 29 35 26 12 24 8 6 27 18 11 31 24 20 12 17 14 10 13 19 8 31 46 34 52 35 36 56 33 36 39 20 39 23 22 42 21 22 30 40 26 23 38 8 15 16 56 53 65 33 44 24 41 50 19 30 7 48 16 27 8 32 41 29 10 21 15 
55 40 44 48 42 28 71 57 49 72 55 55 74 45 52 45 25 43 36 20 7 49 36 32 59 44 42 57 25 35 22 30 18 16 11 39 26 16 42 27 25 41 13 19 20 40 12 22 30 20 29 57 48 43 49 22 31 8 14 59 43 29 24 52 38 35 50 18 28 17 28 48 37 23 35 18 20 41 26 24 37 35 26 12 24 8 6 27 18 11 31 60 48 64 48 49 70 47 50 52 35 51 34 35 56 34 36 41 49 32 31 49 22 28 27 61 59 74 42 52 36 44 58 26 36 20 57 25 35 22 45 53 43 24 30 27 
22 8 37 18 9 16 28 14 9 38 26 22 34 2 12 13 29 56 33 22 36 7 8 22 40 38 33 29 21 22 21 56 34 36 48 11 21 27 29 34 30 15 30 24 36 58 47 61 22 34 48 57 61 56 43 47 47 44 29 43 71 14 25 37 38 34 25 26 24 28 53 28 32 29 13 25 23 3 35 25 46 29 38 40 26 39 37 16 46 37 54 26 12 24 8 6 27 18 11 31 14 15 12 8 13 22 11 34 26 27 22 14 21 15 29 45 40 43 20 28 9 38 33 25 27 23 28 21 22 21 7 17 6 18 36 26 
30 13 33 23 15 6 42 28 20 47 32 30 46 16 23 19 19 48 27 8 22 20 7 15 42 34 30 34 10 18 8 44 21 24 35 14 11 13 27 24 20 17 16 11 25 48 33 48 15 22 37 53 53 48 40 35 37 31 15 29 14 53 15 37 32 27 28 13 15 15 42 30 28 18 10 11 9 12 26 15 39 25 29 27 15 25 23 2 33 24 44 35 21 36 19 20 41 23 22 34 12 24 8 6 27 18 11 31 28 20 15 23 9 3 21 46 42 51 20 31 8 34 37 15 22 9 34 10 18 8 16 26 15 5 28 17 
31 19 22 24 30 20 53 40 28 47 30 30 50 27 30 34 4 33 14 13 17 30 17 7 35 23 19 33 4 10 17 30 9 29 34 29 23 11 18 9 5 18 18 8 32 34 23 37 6 8 22 40 38 33 28 21 22 22 18 24 25 15 24 29 19 14 25 7 3 20 47 45 40 28 13 9 13 25 35 25 48 37 37 29 0 17 17 13 37 26 49 50 35 42 27 30 50 38 36 49 26 28 13 17 37 31 26 44 24 8 6 27 18 11 31 38 35 50 18 27 16 23 33 1 12 12 32 4 10 17 24 29 29 16 38 29 
21 29 9 20 47 44 54 47 32 28 16 20 38 37 31 50 27 30 17 41 46 36 34 23 7 9 10 16 31 20 44 42 34 58 63 47 48 40 11 25 27 22 48 37 60 37 47 57 24 32 33 22 33 31 10 39 30 47 47 52 37 37 29 48 16 17 14 36 25 49 76 65 65 55 28 38 41 40 63 52 76 62 66 58 29 44 46 38 66 55 78 64 49 35 31 36 49 55 48 69 48 26 29 34 41 55 46 69 12 20 23 26 45 34 58 8 6 27 18 11 31 9 12 27 17 40 15 31 20 44 31 25 44 42 66 55 
31 30 6 26 46 38 62 51 37 43 28 31 51 39 37 50 15 18 5 32 32 40 32 17 24 7 8 29 22 16 36 25 20 47 49 45 41 29 12 11 15 24 36 27 50 22 31 41 17 18 17 21 22 18 10 22 14 32 36 38 38 32 19 16 17 4 23 26 16 39 64 62 59 47 25 28 32 40 54 44 67 56 56 46 19 29 32 32 54 43 67 65 50 46 35 40 58 55 50 66 44 33 26 31 46 50 43 63 20 12 17 32 37 28 50 24 23 43 20 23 29 6 27 18 11 31 29 22 16 36 34 33 44 34 57 48 
28 25 8 23 41 33 58 47 32 42 26 28 49 35 33 45 11 22 0 28 29 36 27 12 24 9 7 27 18 11 31 27 17 43 46 40 37 25 9 8 11 20 32 22 46 25 29 41 12 15 18 25 27 22 13 22 16 30 32 35 34 27 14 17 4 13 21 21 12 35 61 57 54 42 21 23 28 35 49 40 63 51 52 43 14 27 29 27 50 39 63 60 45 43 31 35 54 50 45 61 39 30 22 26 42 45 38 58 18 7 12 28 32 23 46 25 24 42 17 21 25 8 25 13 6 27 27 18 11 31 29 30 39 30 53 43 
8 17 18 6 34 34 41 33 18 22 5 7 28 24 17 38 26 41 20 34 43 22 22 18 15 18 15 7 25 15 36 48 33 52 59 35 39 35 11 27 26 11 42 31 53 46 48 61 19 32 39 36 45 41 22 42 37 47 41 50 25 28 25 14 23 21 54 32 22 42 70 53 55 47 18 32 34 28 55 44 67 52 58 53 26 42 43 29 60 50 72 50 36 23 17 22 35 43 34 56 37 12 19 23 26 44 34 58 2 18 18 12 37 26 49 20 15 24 8 3 20 19 8 24 15 34 6 25 15 36 18 11 31 33 57 46 
36 22 29 29 28 15 54 41 31 53 37 36 55 28 33 32 11 38 21 7 11 32 18 14 43 30 27 39 7 17 11 32 9 21 27 26 17 3 25 15 11 23 11 1 24 37 20 35 13 10 25 47 43 38 35 22 26 18 10 18 26 13 7 36 26 21 32 36 10 13 39 41 34 21 17 2 7 25 28 19 41 31 30 22 7 13 11 11 29 18 42 48 34 46 30 32 53 35 35 45 23 32 16 18 39 26 23 38 31 16 13 31 12 10 24 45 42 56 24 34 18 30 40 8 19 6 39 6 17 11 27 34 28 11 31 22 
28 17 19 20 30 21 51 39 26 44 27 27 48 26 28 34 5 32 12 16 20 28 17 4 32 20 16 29 6 7 19 31 11 32 38 29 25 14 14 9 5 15 22 11 35 33 26 40 3 11 23 37 37 32 25 23 22 25 21 28 24 15 3 25 16 12 22 10 22 23 50 46 42 30 12 12 16 25 38 28 51 39 40 33 3 20 21 15 40 29 53 50 35 40 25 28 48 39 35 50 27 26 12 16 35 33 26 46 20 5 3 24 20 12 34 34 32 46 14 24 15 20 30 2 8 15 29 6 6 19 22 27 28 18 41 31 
45 28 43 38 26 12 55 41 36 62 47 45 61 30 39 28 24 50 35 8 13 35 22 26 55 44 40 49 18 29 7 42 21 9 20 23 9 10 38 29 24 32 4 12 11 49 26 39 25 23 37 60 55 51 49 32 39 22 4 17 28 15 20 49 39 35 42 13 23 63 27 32 22 8 25 11 8 25 14 7 28 20 17 12 20 18 13 13 18 8 29 43 32 52 35 35 55 30 34 35 18 39 23 22 41 17 20 26 42 29 26 38 6 16 12 58 55 66 34 45 24 43 51 22 32 8 49 18 29 6 32 42 27 9 18 11 
73 55 69 66 48 37 76 63 62 90 74 72 88 55 65 48 50 71 61 36 32 61 49 53 82 70 66 77 46 57 34 57 44 18 17 44 32 36 65 53 49 59 28 39 17 68 40 45 52 46 57 84 76 71 74 50 59 36 29 28 53 42 47 76 64 61 70 39 50 27 28 43 29 24 52 38 35 50 18 28 17 29 15 18 47 36 32 41 10 21 4 58 52 78 61 60 78 47 56 45 40 66 51 49 65 34 43 31 69 56 53 65 33 44 24 85 82 94 62 73 51 70 79 48 59 36 77 45 56 34 58 69 50 37 19 27 
50 36 63 46 18 25 37 27 36 64 54 50 56 28 38 15 49 78 57 33 45 32 31 45 68 64 59 56 40 47 29 72 50 34 48 17 24 38 55 55 50 42 36 39 31 78 58 71 45 51 66 83 83 78 69 63 67 54 35 48 28 30 45 65 62 57 53 41 46 32 43 59 14 25 37 38 34 25 26 24 28 14 28 39 45 50 45 31 40 38 41 15 18 47 36 32 41 10 21 4 18 42 36 31 33 14 19 12 54 50 45 42 29 34 22 73 68 70 47 56 34 64 61 45 52 34 56 40 47 30 35 45 21 29 24 21 
54 38 61 49 23 21 49 37 41 70 58 54 64 33 44 22 45 73 54 27 36 38 32 43 70 62 58 60 36 46 23 64 43 21 35 21 17 31 55 50 45 44 27 33 18 72 48 60 43 45 60 80 78 73 68 55 61 45 26 37 32 28 40 65 59 54 55 34 42 22 29 14 31 15 37 32 27 28 13 15 15 3 14 27 40 41 36 28 27 26 27 29 26 55 41 38 52 19 30 16 18 47 36 32 41 10 21 4 55 48 43 46 22 31 11 74 70 75 48 58 34 62 64 41 50 28 60 36 46 23 38 49 26 24 10 11 
49 31 49 42 24 13 53 39 37 65 51 48 63 31 41 25 32 58 42 14 21 36 25 32 61 50 46 53 24 35 11 49 29 9 23 20 8 17 44 36 32 36 12 20 7 57 34 46 31 31 45 68 63 59 56 40 47 30 12 23 29 18 28 55 47 42 47 21 30 8 24 25 15 36 29 19 14 25 7 3 20 12 10 14 28 26 21 17 17 12 25 38 29 53 37 36 54 26 32 29 15 42 27 25 41 12 19 19 47 36 32 41 10 21 4 64 60 70 39 50 27 50 56 29 39 15 53 24 35 11 34 44 26 13 10 4 
20 5 25 13 20 16 39 27 14 37 22 20 38 14 17 24 17 43 20 17 28 16 6 9 32 26 21 24 10 9 18 43 22 34 43 20 21 19 17 21 17 7 25 15 35 45 37 51 9 22 35 45 48 43 31 35 34 35 24 35 13 10 13 28 25 21 18 17 12 25 52 37 37 29 94 16 17 14 36 25 49 34 40 36 14 29 28 11 43 33 54 39 24 29 13 16 37 29 24 41 20 15 1 6 23 27 18 41 18 14 9 14 19 8 31 36 32 41 10 21 4 26 27 12 14 16 24 10 9 18 10 17 18 15 39 28 
37 21 31 29 26 13 53 39 30 53 37 36 55 27 33 30 13 40 23 5 11 31 17 15 44 32 28 40 7 18 9 34 11 20 27 24 15 2 27 17 13 23 9 1 22 40 22 36 14 13 28 49 45 40 37 24 29 19 8 18 25 11 9 38 28 23 32 2 12 11 38 38 32 19 16 72 4 23 26 16 39 29 28 21 9 14 12 9 28 17 40 46 32 46 29 31 52 33 34 42 21 32 15 17 38 24 21 36 31 18 14 31 9 9 22 47 44 57 24 35 17 32 41 10 21 4 39 7 18 8 26 34 26 9 29 20 
38 21 35 30 23 9 51 37 29 55 39 37 55 25 32 26 17 45 28 0 13 30 16 18 47 36 32 41 10 21 4 38 16 17 26 20 10 5 30 22 17 24 8 5 19 45 25 39 17 18 33 53 50 45 41 29 33 22 6 20 23 9 13 41 32 28 34 7 16 8 35 34 27 14 17 4 64 21 21 12 35 24 24 19 13 17 14 7 26 15 37 42 29 45 28 29 50 29 31 38 16 32 16 15 36 19 17 31 34 21 18 31 4 9 18 50 47 58 26 37 17 36 43 14 24 1 41 10 21 4 25 34 23 4 25 15 
26 11 39 21 6 13 30 16 12 41 30 26 37 5 16 10 29 57 34 20 34 10 8 23 43 40 35 32 20 23 18 55 33 33 46 7 17 25 31 34 30 17 28 23 33 59 46 60 23 34 48 59 62 57 45 46 47 43 27 41 3 12 25 40 40 35 28 25 25 25 50 25 28 25 14 23 21 82 32 22 42 25 35 37 25 37 35 14 42 34 50 25 10 27 12 10 29 15 10 28 11 18 13 8 15 18 7 31 29 28 23 18 19 14 26 48 43 47 22 31 10 40 36 25 28 21 32 21 24 19 10 21 4 16 33 22 
56 39 57 49 29 20 58 45 44 73 58 56 69 37 48 29 39 65 49 21 25 43 32 39 68 58 54 61 32 43 19 54 35 9 22 26 15 24 52 43 39 43 17 27 5 63 37 48 39 37 51 75 70 65 63 45 53 33 18 26 35 26 35 63 54 49 55 28 38 14 18 26 13 7 36 26 21 32 20 10 13 12 3 14 35 30 26 25 14 14 18 41 34 60 44 42 59 29 37 29 21 49 35 32 47 15 25 16 54 43 39 48 18 28 6 72 68 77 47 58 34 58 63 36 46 22 61 32 42 18 41 52 31 21 4 9 
45 28 47 38 20 9 50 36 34 62 47 45 59 27 37 22 29 57 40 12 20 33 22 29 57 48 43 50 22 32 8 49 28 11 25 17 4 15 41 34 29 32 11 17 10 56 33 46 28 29 44 65 62 57 53 39 45 30 11 24 25 15 25 52 44 40 44 19 28 7 28 24 15 3 25 16 12 22 10 42 23 13 14 16 25 25 21 14 20 14 28 36 26 49 33 32 51 23 29 28 12 38 24 21 38 10 15 19 43 33 29 37 7 18 6 61 57 66 36 47 24 48 53 26 36 13 50 22 32 8 30 41 22 10 13 4 
68 51 70 62 38 32 65 53 55 84 71 68 79 48 58 37 52 78 63 35 38 53 44 53 81 71 67 73 45 56 32 67 49 21 30 35 27 38 65 57 52 56 31 40 17 76 49 58 52 51 64 88 83 78 77 58 66 45 31 37 46 39 48 76 67 63 67 41 51 28 17 28 15 20 49 39 35 42 13 23 8 17 11 25 48 43 38 38 20 26 14 44 42 70 55 52 67 35 45 29 31 61 48 44 56 24 35 15 67 57 53 60 31 41 18 85 81 89 59 70 47 71 76 49 60 36 73 45 56 32 52 63 41 34 10 21 
52 35 58 46 21 18 48 35 38 67 55 51 62 31 42 20 42 70 51 24 33 36 29 40 67 59 55 57 33 43 20 62 41 20 34 18 14 29 52 47 42 41 24 30 17 69 46 58 40 42 57 77 75 70 65 52 58 42 24 35 29 25 37 62 56 51 52 31 39 20 29 14 3 12 34 29 24 25 12 13 17 86 14 25 37 38 34 25 26 24 28 29 24 52 38 35 50 18 28 17 15 44 33 29 39 7 18 6 52 45 40 43 19 28 8 71 67 73 45 55 31 59 61 38 47 25 57 33 43 20 36 47 24 21 10 9 
59 42 60 53 32 23 61 48 47 76 62 59 73 40 51 32 41 67 52 24 27 46 36 42 71 61 57 64 35 46 22 56 38 10 21 29 18 27 55 46 41 47 20 29 6 65 39 48 42 40 53 77 72 67 66 47 55 35 20 26 38 29 37 66 56 52 58 30 40 17 15 28 14 10 40 28 24 35 3 14 11 14 58 15 37 32 27 28 13 15 15 43 37 63 47 45 62 32 40 30 24 52 38 35 50 18 28 17 57 46 42 51 21 31 9 75 71 80 50 61 38 61 67 39 49 25 64 35 45 22 44 55 34 24 4 12 
57 40 51 50 37 24 66 52 48 74 58 56 73 42 51 39 32 54 43 19 14 47 34 36 65 52 48 60 28 39 19 42 26 5 9 34 20 18 47 35 31 43 11 22 8 51 24 34 35 28 40 66 59 54 56 33 42 20 12 12 40 27 29 58 46 43 53 22 33 12 18 39 27 14 36 21 19 37 14 16 25 25 15 49 29 19 14 25 7 3 20 52 43 64 47 47 67 40 45 42 29 51 35 34 53 26 31 30 52 38 35 50 18 28 17 67 65 77 45 56 36 52 62 30 41 19 60 28 39 19 44 53 38 21 18 18 
31 19 22 24 30 20 53 40 28 48 31 31 51 27 31 34 4 32 14 13 17 31 18 7 36 23 19 33 5 11 17 30 8 29 34 29 23 11 18 9 4 18 18 8 31 33 23 37 6 8 22 40 38 33 28 21 22 21 17 24 26 15 0 29 19 14 26 7 3 20 47 45 40 28 14 9 13 25 35 25 48 37 37 29 105 16 17 14 36 25 49 50 36 43 27 30 51 38 36 49 27 29 14 17 37 32 26 44 24 9 7 27 18 11 31 38 35 50 18 28 17 23 34 1 12 12 33 4 10 17 24 30 29 16 38 29 
48 35 35 41 40 26 67 53 44 64 48 48 67 41 46 43 17 35 27 17 5 45 31 24 51 36 33 50 19 27 21 23 9 21 20 38 26 12 34 18 16 35 14 14 25 32 8 22 23 11 21 48 40 35 40 14 23 5 14 8 39 25 17 44 29 27 42 13 20 18 36 50 41 26 29 14 17 37 30 25 43 38 32 19 16 77 4 23 26 16 39 59 46 59 43 45 66 47 48 54 34 45 29 31 52 35 35 45 41 24 24 43 21 23 30 52 50 67 35 44 31 35 50 18 28 17 49 19 27 20 40 46 40 22 34 29 
48 33 37 41 37 23 65 51 42 65 48 48 67 39 45 40 18 40 29 14 0 43 29 25 53 38 36 50 19 28 17 28 12 16 17 34 22 10 35 21 18 34 9 12 20 37 12 25 24 14 25 52 44 40 43 19 28 9 10 6 37 23 17 46 32 29 43 11 21 13 32 45 36 21 28 12 14 35 26 21 38 34 27 14 17 4 71 21 21 12 35 56 43 58 41 43 64 43 45 49 30 44 27 29 50 31 31 40 42 26 24 43 17 21 25 55 52 67 35 45 29 38 51 19 29 14 50 18 28 17 38 46 37 19 30 25 
31 14 33 24 17 6 44 30 22 48 33 31 48 18 25 21 18 47 27 6 20 22 9 15 43 34 30 36 9 18 6 43 20 23 33 15 10 11 27 23 18 18 15 9 24 47 31 46 15 21 36 52 52 47 40 33 36 29 13 27 16 2 13 38 32 27 29 11 15 13 41 31 28 17 11 9 7 14 25 14 38 25 28 25 14 23 21 100 32 22 42 37 23 38 21 22 43 25 24 35 13 25 10 8 29 18 12 31 29 20 15 24 7 3 20 46 43 52 21 32 10 34 38 14 22 7 35 9 18 7 18 28 17 4 27 17 
64 47 58 56 41 29 71 57 54 81 65 63 79 48 57 42 39 61 50 26 21 53 41 43 72 59 56 67 36 47 25 48 34 9 9 38 25 26 55 43 39 50 18 29 10 58 30 37 42 36 47 74 66 61 64 40 49 26 19 18 46 33 37 66 54 50 60 29 40 18 10 40 27 17 43 28 26 42 14 20 20 26 13 7 36 26 21 32 37 10 13 55 47 70 53 53 71 43 50 43 33 58 42 40 58 29 36 30 60 46 43 57 24 35 19 75 72 84 52 63 42 59 69 38 49 26 67 35 46 25 50 60 43 28 17 21 
53 37 48 46 34 20 63 49 44 70 54 53 70 39 48 36 28 52 40 16 12 44 31 32 61 48 45 57 25 36 16 40 23 5 11 31 17 15 44 32 28 40 7 18 9 49 23 33 31 25 37 63 56 52 53 31 40 19 8 11 37 24 26 55 43 39 50 18 29 8 21 38 26 12 33 17 15 34 14 14 26 24 15 3 25 16 12 22 10 56 23 50 40 60 44 44 64 38 43 41 26 48 31 31 50 24 29 30 49 35 32 47 15 24 15 64 61 74 42 52 32 48 58 27 38 16 56 24 35 15 40 50 35 18 18 17 
74 57 71 67 48 38 76 63 63 91 76 74 88 56 66 48 52 75 63 37 35 61 50 55 85 72 69 78 48 59 36 61 47 20 21 44 33 38 67 56 52 61 30 41 18 71 43 49 54 49 60 87 79 75 77 53 63 40 31 31 54 44 49 78 67 63 72 42 53 29 4 41 27 25 54 40 37 50 18 28 14 28 15 20 49 39 35 42 13 23 34 57 52 78 62 61 78 46 55 43 40 67 52 50 66 34 43 29 71 58 55 66 35 45 24 87 84 95 64 75 52 72 81 51 61 38 78 47 58 35 59 70 50 38 18 28 
45 35 64 43 20 33 23 18 31 56 50 45 45 26 33 16 55 82 60 42 55 27 33 48 65 65 60 52 45 49 38 80 57 47 61 21 34 47 56 60 55 42 47 46 45 84 68 82 48 58 73 84 87 83 70 71 73 65 46 60 26 35 50 64 65 60 50 48 50 43 58 15 29 38 39 46 42 25 41 36 44 29 43 52 50 59 56 37 55 50 57 28 15 37 32 27 28 13 15 15 25 37 38 34 25 26 24 28 52 53 49 38 38 39 36 70 65 62 46 53 35 65 57 50 54 43 52 46 49 39 32 40 21 37 39 33 
33 21 49 29 6 20 24 11 18 46 37 33 38 11 21 4 40 67 45 28 43 14 18 33 51 50 45 39 31 34 26 66 43 38 52 9 23 34 41 45 40 27 35 32 36 69 55 69 34 44 58 69 72 68 55 57 58 52 34 48 12 21 35 49 50 45 36 34 35 32 52 18 26 29 24 32 29 10 34 26 42 24 37 43 36 46 43 23 47 40 52 15 51 29 19 14 25 7 3 20 14 25 23 19 15 18 11 27 37 38 34 25 26 24 28 56 52 52 32 39 20 50 44 35 39 29 39 31 34 26 18 27 6 24 34 25 
15 24 41 19 31 40 20 19 16 18 19 15 9 22 12 33 45 64 42 45 57 17 29 36 33 41 38 19 39 33 44 70 51 60 72 34 45 48 34 47 45 24 53 45 60 68 66 80 37 51 61 58 68 64 45 63 59 64 52 64 24 36 42 35 46 43 23 46 40 52 78 47 55 53 29 46 45 27 60 49 70 52 63 64 43 59 58 38 70 60 78 37 29 75 16 17 14 36 25 49 38 14 30 29 14 45 35 56 25 38 36 15 45 36 53 38 34 25 26 24 28 42 24 41 36 45 20 40 34 45 19 13 28 42 60 50 
14 8 32 11 18 24 26 16 1 29 18 14 26 7 4 21 30 53 31 28 41 5 12 21 33 33 29 20 23 20 27 56 36 44 55 20 29 31 24 34 30 11 36 28 44 57 50 64 22 36 48 52 58 54 38 48 46 48 35 48 8 19 27 31 35 31 17 30 25 35 61 36 41 37 13 29 28 12 44 33 55 38 47 47 27 43 41 21 53 44 62 32 19 16 77 4 23 26 16 39 23 6 14 13 10 30 19 43 19 25 22 6 28 20 38 37 33 34 15 21 11 34 25 26 24 28 20 24 20 28 3 8 15 25 45 34 
18 10 37 16 14 23 23 11 4 32 23 18 27 5 6 17 33 58 35 29 42 0 13 25 37 38 33 25 25 24 27 60 38 43 55 17 28 33 29 37 34 15 37 30 43 61 52 66 25 38 51 57 63 58 43 51 50 50 36 49 6 20 30 36 40 35 22 32 28 35 60 32 38 36 16 31 29 10 42 32 52 35 45 47 30 45 43 22 53 44 61 27 14 17 4 68 21 21 12 35 21 10 16 14 7 28 17 40 24 29 25 10 28 21 36 42 37 38 19 25 13 38 29 29 29 29 25 26 24 28 6 13 11 25 43 33 
28 31 53 31 30 43 6 14 22 31 33 28 18 25 20 30 54 76 53 49 63 20 34 45 47 54 50 33 46 43 48 80 59 62 75 33 46 54 46 57 54 34 57 51 62 80 73 87 46 59 71 72 80 76 58 72 70 71 56 70 27 41 50 49 58 54 35 53 48 55 78 41 52 54 37 52 50 29 59 51 67 50 62 67 51 66 64 43 71 64 78 28 25 14 23 21 50 32 22 42 38 24 37 35 14 44 35 52 38 49 45 25 48 42 53 52 48 37 37 38 34 54 38 50 47 50 34 47 44 48 26 24 28 45 59 50 
40 26 54 36 9 20 29 18 25 53 44 40 46 18 28 5 43 71 49 29 42 21 23 37 58 55 50 46 33 38 25 68 45 35 49 9 21 34 46 48 43 33 34 34 33 72 55 69 37 46 61 74 76 71 61 58 61 52 33 47 18 23 38 55 55 50 43 35 39 30 47 10 19 26 29 33 29 15 29 23 35 18 32 40 38 47 43 25 43 38 46 13 7 36 26 21 32 52 10 13 12 32 28 23 22 14 12 20 44 42 38 32 25 27 24 63 58 59 37 46 25 55 51 38 44 30 46 34 39 26 25 34 11 24 28 21 
30 20 48 28 8 22 20 7 16 43 35 30 35 10 18 7 40 67 45 30 44 12 18 33 49 49 44 37 31 33 28 66 44 41 54 11 25 35 40 45 41 26 37 34 40 69 56 70 33 45 59 68 72 67 54 57 58 53 36 50 11 22 36 48 50 45 34 35 35 34 56 21 30 32 24 34 31 10 37 29 45 28 40 45 36 48 45 24 50 43 55 15 3 25 16 12 22 10 49 23 16 22 23 19 11 21 14 31 36 38 33 22 28 25 31 54 50 49 30 37 20 49 41 36 38 31 37 32 34 28 16 25 7 26 37 28 
53 39 67 50 22 29 38 29 39 67 58 53 58 32 42 18 53 82 61 37 49 35 35 49 72 68 63 60 44 51 33 76 54 37 51 21 27 42 59 59 54 46 40 43 34 82 62 75 49 55 70 87 87 82 73 67 71 58 39 52 31 34 49 69 66 61 56 45 50 35 45 4 16 29 41 42 38 28 29 28 29 17 30 42 49 54 49 35 43 41 43 15 20 49 39 35 42 13 23 56 22 45 40 35 35 18 23 14 57 54 49 45 33 38 25 76 72 73 51 60 37 68 64 49 56 38 60 44 51 34 38 48 25 33 26 24 
36 20 45 31 8 7 37 24 23 52 40 36 48 16 27 10 31 60 39 16 30 21 14 27 52 46 41 42 22 29 12 55 32 24 38 5 9 21 38 36 31 26 21 21 23 60 42 56 27 34 48 65 65 60 51 46 49 39 20 35 14 12 26 48 44 39 37 23 27 18 40 18 18 15 20 21 16 11 21 12 31 15 24 29 27 34 30 13 33 26 40 25 14 38 23 21 38 12 16 22 30 29 19 14 25 7 3 20 37 32 27 28 13 15 15 56 52 57 30 40 17 46 46 27 34 17 42 22 29 13 21 32 10 12 22 12 
8 11 29 7 24 29 28 20 6 23 12 8 22 13 4 27 31 51 29 32 44 10 17 22 27 30 26 14 25 19 32 56 37 48 59 26 34 35 21 34 31 10 40 31 49 55 52 66 23 37 47 48 56 52 35 49 45 50 39 51 15 24 28 26 33 30 12 32 26 39 66 42 47 42 15 32 32 18 49 38 61 44 52 51 29 45 44 25 58 48 67 37 25 14 6 10 24 32 22 45 29 75 16 17 14 36 25 49 15 25 22 1 33 23 43 32 27 28 13 15 15 30 19 27 23 32 14 26 20 32 8 2 21 30 51 40 
21 6 26 14 19 15 39 26 15 38 23 21 39 13 17 23 17 43 21 15 27 16 5 9 33 27 22 26 9 10 16 43 22 32 42 18 20 18 19 21 17 8 24 15 34 46 36 50 10 22 35 46 48 44 33 35 35 34 23 34 12 8 13 29 26 22 19 16 12 23 51 36 36 27 1 15 16 13 35 24 48 33 38 35 14 29 27 10 42 31 52 38 23 30 14 16 37 28 23 40 19 16 65 4 23 26 16 39 19 15 10 15 17 7 30 37 33 42 12 22 3 27 28 13 15 15 25 10 10 17 11 18 17 14 37 26 
23 6 31 17 14 12 36 23 13 40 26 23 39 10 17 18 21 48 26 15 28 14 0 14 37 32 27 28 12 15 15 47 25 31 42 14 17 19 23 26 21 11 23 16 32 50 38 53 14 25 39 51 53 48 37 38 39 36 22 35 8 6 17 34 31 26 23 18 16 22 49 31 32 25 6 17 15 8 32 21 44 29 35 34 17 31 29 8 40 31 50 34 19 29 13 14 35 23 19 35 14 17 4 55 21 21 12 35 23 19 15 16 16 7 26 42 37 45 16 26 2 32 31 16 20 15 28 13 15 15 9 19 12 12 34 23 
21 18 43 21 18 29 16 6 9 31 26 21 23 11 9 19 40 64 42 35 49 6 20 32 41 44 39 27 33 31 34 67 46 49 61 21 33 40 35 44 41 21 43 37 48 68 59 74 32 46 58 63 69 65 48 59 57 57 42 56 13 27 37 41 46 42 26 39 35 41 65 33 41 41 23 38 36 15 47 38 56 39 50 53 37 52 50 29 58 50 66 25 15 14 10 7 14 22 11 35 25 14 23 21 57 32 22 42 29 36 32 15 35 28 41 46 41 37 25 29 20 44 32 36 35 36 27 33 31 34 13 15 15 32 47 37 
44 27 51 38 14 11 42 29 31 60 47 44 55 23 34 14 36 64 45 19 31 28 21 33 59 52 48 50 27 36 15 58 36 21 35 11 9 24 45 41 36 33 21 25 19 64 44 57 33 37 52 71 70 65 58 48 53 40 21 34 22 18 31 55 50 45 44 26 33 17 34 14 10 12 27 24 19 18 15 10 24 7 18 26 32 35 31 18 29 24 34 26 18 45 30 28 44 14 21 18 7 36 26 21 32 26 10 13 45 38 33 36 15 21 10 63 59 65 37 48 24 52 53 32 40 20 49 27 36 15 28 39 16 15 15 7 
33 17 43 28 5 8 34 20 20 49 37 33 44 12 23 8 31 59 38 17 31 18 12 26 49 44 39 39 21 27 14 55 33 27 40 2 11 22 36 36 31 23 23 21 26 60 43 57 25 33 48 63 64 59 49 46 48 40 22 36 11 11 26 46 43 38 34 23 26 20 43 19 21 19 18 21 17 7 25 15 35 18 28 31 26 35 31 12 36 29 43 24 11 35 19 17 35 12 14 23 3 25 16 12 22 10 31 23 35 31 26 25 14 15 19 54 49 54 28 37 14 44 43 26 32 18 39 21 27 14 17 28 6 13 25 15 
57 41 65 52 25 25 49 38 43 72 60 57 66 35 46 23 49 77 58 31 40 40 35 47 73 66 61 63 40 49 27 68 47 25 38 23 21 35 58 54 49 47 31 37 21 76 52 64 46 49 64 84 82 77 71 59 65 48 30 41 34 31 44 69 63 58 58 38 46 26 31 12 4 19 41 36 31 31 16 19 15 6 17 30 44 45 40 31 30 30 29 28 27 56 43 40 52 20 31 14 20 49 39 35 42 13 23 31 58 51 47 49 26 35 15 77 73 78 51 61 37 66 66 45 54 32 63 40 49 27 41 52 28 28 13 15 
10 18 15 8 35 34 43 35 20 24 7 10 30 26 19 39 24 38 18 33 41 24 23 17 14 16 12 9 24 13 35 46 31 51 58 36 39 34 9 25 24 11 41 30 53 43 46 58 18 30 37 34 42 38 20 40 34 45 40 49 26 28 24 12 20 18 2 31 20 42 69 54 55 47 18 31 34 29 54 43 67 52 57 52 24 41 42 29 60 49 71 52 37 25 19 24 38 44 36 57 37 15 19 23 29 45 35 58 58 16 17 14 36 25 49 19 14 25 7 3 20 16 9 22 13 33 8 24 13 36 19 13 32 33 57 46 
25 18 13 19 34 26 52 40 26 40 24 25 46 28 28 38 7 29 6 21 25 30 20 5 27 14 10 26 11 5 25 31 15 38 43 33 30 20 9 9 8 14 27 16 40 31 29 42 5 13 22 32 34 29 20 24 21 29 26 32 27 20 8 20 12 7 18 16 5 29 56 50 48 36 14 18 21 28 43 33 57 45 46 38 9 24 26 20 46 35 58 53 38 38 25 29 49 42 38 54 32 25 15 19 36 38 31 51 16 38 4 23 26 16 39 29 26 42 12 20 18 14 25 7 3 20 25 11 4 25 23 25 32 23 46 37 
24 14 18 17 29 22 48 36 23 40 23 24 44 23 25 33 8 33 11 17 24 26 15 0 29 19 14 26 7 3 20 34 15 34 41 28 26 17 12 12 9 12 24 13 37 36 30 43 0 14 25 37 38 34 24 26 24 29 23 31 22 15 6 23 17 12 18 13 3 26 53 45 43 32 9 14 18 23 39 29 53 40 42 35 7 24 24 15 43 32 55 49 34 36 22 25 45 38 33 49 27 22 10 15 32 33 26 47 17 4 29 21 21 12 35 32 29 43 11 20 13 19 26 5 7 17 25 7 3 20 19 23 27 19 42 32 
8 10 28 6 24 28 30 21 6 24 12 8 24 13 5 27 29 50 28 30 42 10 15 20 27 29 24 14 24 18 31 54 36 47 57 25 33 33 20 32 30 9 39 30 48 54 50 64 21 35 46 48 55 50 34 47 44 49 38 49 14 23 27 26 32 28 12 31 24 38 65 42 46 41 14 31 31 18 48 37 60 43 51 50 27 43 43 24 57 47 66 38 25 15 6 10 25 32 22 45 28 1 15 16 15 36 25 49 14 23 21 51 32 22 42 32 27 29 11 15 14 29 19 26 22 30 14 24 18 31 7 3 20 28 50 39 
39 22 39 32 20 6 49 35 29 56 41 39 55 24 32 22 22 50 32 4 17 29 16 21 50 40 36 43 14 25 1 43 21 15 26 17 5 9 34 27 22 26 9 10 16 49 29 43 21 23 37 58 55 50 46 34 38 26 8 22 21 9 18 45 37 32 37 12 20 6 33 29 22 10 19 9 4 19 18 7 31 19 21 18 18 21 17 7 24 15 35 38 26 45 28 28 48 25 28 33 13 33 17 16 35 15 14 26 36 26 21 32 15 10 13 54 50 60 29 40 18 40 46 19 28 5 43 14 24 1 25 35 21 3 20 11 
29 12 30 21 19 10 44 30 20 46 30 28 46 17 24 22 16 44 23 8 21 22 8 12 39 31 26 33 6 14 9 41 18 25 35 17 14 11 23 21 16 15 17 9 27 45 31 45 11 19 33 49 49 44 36 32 34 29 15 28 15 3 11 34 28 23 26 10 12 16 44 34 31 21 8 9 9 14 28 18 41 28 31 28 11 23 21 3 35 24 45 39 24 36 20 21 42 27 25 38 15 23 7 7 28 21 15 35 25 16 12 22 10 7 23 43 39 49 18 29 8 31 35 11 19 8 32 6 14 10 16 25 18 7 31 20 
50 33 53 44 23 14 52 39 38 67 53 50 63 31 42 24 35 62 46 18 25 36 27 35 63 54 49 55 28 38 14 54 33 11 25 20 9 21 47 40 35 38 16 23 9 61 37 49 34 35 49 71 67 62 59 44 51 34 16 27 29 21 31 58 50 46 49 24 34 12 24 22 11 4 31 22 18 26 6 6 18 8 9 17 31 30 25 20 19 15 24 36 28 53 38 36 53 24 31 25 15 43 30 26 41 10 19 15 49 39 35 42 13 23 41 67 63 71 41 52 29 54 58 32 42 19 55 28 38 14 35 46 25 16 7 3 
25 37 17 26 54 53 58 52 38 26 20 25 39 44 37 58 36 34 25 50 54 42 42 32 5 17 19 19 39 29 52 48 42 67 72 55 57 49 20 34 36 30 57 46 69 41 55 65 33 41 40 22 37 35 15 46 37 56 56 61 45 46 38 8 24 25 20 45 34 58 85 73 74 64 36 47 50 48 72 61 85 71 75 67 38 52 55 46 75 64 87 70 56 38 37 42 52 63 54 76 56 32 37 42 46 63 54 77 19 29 32 32 54 43 67 33 4 23 26 16 39 17 14 36 25 49 19 40 29 53 38 30 51 50 74 64 
20 32 16 22 50 49 53 47 33 23 15 20 35 40 32 53 33 36 23 46 52 38 37 29 0 16 17 14 36 25 49 49 41 64 69 51 53 46 17 32 34 26 54 43 66 43 54 64 30 39 40 25 39 37 16 46 37 54 53 59 40 42 35 6 23 24 15 42 32 55 82 68 70 60 32 44 47 43 68 57 81 67 71 65 35 50 52 43 72 61 84 65 52 34 33 37 48 58 50 72 52 27 33 37 41 59 49 73 14 26 29 27 50 39 63 4 34 21 21 12 35 16 9 34 23 46 14 36 25 49 33 25 47 47 71 60 
21 38 36 27 52 57 44 44 34 6 19 21 20 42 31 55 50 57 42 58 67 37 44 42 20 36 35 17 49 39 59 69 57 75 84 54 62 59 33 50 50 34 66 56 77 64 71 83 43 56 60 46 60 58 37 65 57 71 65 74 43 51 50 27 43 42 24 56 46 66 94 70 75 70 41 57 58 47 77 66 89 73 80 77 50 67 67 52 84 74 95 62 52 25 34 38 37 59 49 73 57 28 42 45 37 65 54 78 25 42 43 29 60 49 71 23 21 28 32 22 42 36 16 48 39 57 17 49 39 59 36 25 49 57 79 68 
13 11 17 6 29 27 41 31 16 29 12 12 33 20 16 32 19 38 16 26 35 20 16 10 21 18 13 15 17 7 28 43 26 43 51 29 32 27 9 21 19 4 34 23 45 42 41 54 11 25 34 37 43 39 23 37 32 40 33 42 20 20 18 18 20 17 8 24 14 34 62 47 48 39 10 24 26 22 47 36 59 45 50 45 18 35 35 21 52 42 64 46 32 26 15 19 37 37 30 51 30 13 12 16 25 37 28 51 7 12 11 11 29 18 41 26 21 32 73 10 13 18 16 16 10 25 14 17 8 28 14 13 26 25 49 38 
9 20 17 10 38 38 43 36 21 20 5 9 28 28 20 41 27 39 20 37 45 26 26 20 12 17 14 6 27 17 39 48 35 54 62 39 43 37 11 28 28 14 45 34 56 45 49 61 21 33 39 33 43 40 20 43 37 49 44 52 28 31 27 11 23 21 3 34 24 45 73 56 58 50 21 35 37 31 58 47 70 55 61 56 28 44 45 32 63 52 75 53 39 24 21 25 38 46 37 60 40 15 22 26 29 48 37 61 3 20 20 15 40 29 52 16 12 22 10 51 23 17 6 26 16 36 6 27 17 39 21 14 35 36 60 49 
21 4 29 15 16 14 36 23 12 38 23 21 37 10 15 20 20 47 24 16 29 14 2 13 35 30 25 26 12 13 17 46 25 33 43 16 19 20 21 25 21 9 25 17 34 49 39 53 13 25 38 49 52 47 35 38 38 37 24 36 9 8 16 31 29 25 20 18 15 24 51 34 34 27 4 17 17 10 34 24 47 31 38 36 17 31 29 10 42 32 52 35 20 28 11 13 34 25 20 37 17 15 3 2 20 24 14 37 20 18 13 14 18 8 29 39 35 42 13 23 99 30 29 16 18 16 26 12 13 17 8 17 14 14 36 25 
27 29 1 23 46 41 59 50 35 37 23 26 46 39 35 50 19 21 8 36 38 39 32 19 17 0 5 24 26 16 39 32 26 52 55 46 45 34 9 17 20 23 41 31 55 27 37 48 19 24 23 19 25 22 5 29 20 38 41 44 38 34 23 9 6 8 19 30 20 43 70 64 62 50 26 32 36 40 58 48 71 59 61 52 23 35 38 34 59 48 72 65 50 42 34 38 54 55 49 68 46 30 27 32 44 52 44 66 16 14 19 29 40 31 54 17 16 36 18 17 30 9 21 21 12 35 23 26 16 39 33 30 44 38 61 51 
11 25 20 14 42 43 44 39 25 16 6 11 26 32 23 46 33 42 25 43 51 29 31 26 9 20 18 5 33 23 45 52 40 60 68 44 48 43 16 33 33 20 51 40 62 48 55 67 27 39 44 34 46 43 22 48 41 54 50 58 33 37 33 12 27 25 8 40 30 51 79 61 64 56 27 41 43 36 63 53 76 61 67 62 34 50 51 38 69 58 81 57 44 24 25 29 38 51 41 64 46 19 28 31 32 53 43 66 9 25 26 19 46 35 58 14 9 16 16 6 29 21 47 32 22 42 4 33 23 45 26 16 39 42 66 55 
30 18 20 22 30 20 52 39 27 46 29 29 49 26 29 34 4 32 13 14 18 29 17 6 34 21 18 31 5 9 18 30 10 30 36 29 23 12 16 9 5 17 20 9 33 33 24 38 4 9 22 39 37 33 27 22 22 23 19 26 25 15 1 27 18 13 24 8 2 22 48 45 41 29 12 10 14 25 36 26 49 38 39 30 1 18 19 14 38 27 51 50 35 41 26 29 50 38 36 49 27 27 13 16 36 32 26 45 22 7 5 26 19 11 32 36 34 48 16 26 16 21 32 52 10 13 31 4 9 18 23 28 29 16 39 30 
23 18 11 16 35 29 51 40 25 37 20 22 43 28 26 39 11 29 6 24 29 29 21 7 23 12 7 22 14 5 27 33 18 41 46 34 33 23 6 11 11 13 31 20 43 32 32 45 7 17 24 30 33 29 17 27 22 32 30 36 27 22 12 17 11 6 15 19 8 32 59 52 50 39 14 21 24 28 46 36 60 47 49 41 12 28 29 22 49 38 61 54 39 36 24 29 47 44 38 56 34 23 15 20 35 40 32 54 13 3 7 22 28 19 42 25 23 39 10 16 18 12 22 10 33 23 22 14 4 27 23 23 32 26 49 39 
37 21 34 30 23 10 51 37 29 54 38 37 54 25 32 26 16 44 27 1 13 29 16 17 46 35 31 41 9 20 5 38 15 18 27 21 11 4 29 21 16 23 8 4 20 44 25 39 16 17 32 52 49 44 40 28 33 22 7 20 23 9 12 40 31 27 34 6 15 8 36 34 28 15 16 4 1 21 22 13 36 25 25 19 12 17 14 7 26 16 38 43 29 45 28 29 50 30 31 38 17 32 15 15 36 20 18 32 33 20 17 30 5 8 19 49 46 57 25 36 16 35 42 13 23 79 40 9 20 4 25 34 23 5 26 16 
6 22 22 11 38 40 39 34 21 15 2 6 23 28 18 41 33 45 26 41 50 25 28 25 13 23 20 0 31 21 42 54 40 58 66 40 45 42 17 34 33 17 49 38 60 51 55 67 26 39 45 38 49 46 25 49 43 54 48 57 28 34 32 15 29 27 6 39 29 49 77 56 60 53 24 39 41 32 61 50 73 57 64 60 33 49 50 35 67 56 78 52 39 20 20 25 34 46 37 60 42 14 25 28 27 49 39 63 8 25 25 14 43 32 55 19 14 17 14 6 26 23 4 31 22 40 42 32 22 42 21 12 35 40 63 52 
29 16 25 22 25 15 49 36 25 46 30 29 48 23 27 29 9 37 18 10 18 26 13 7 37 26 21 32 0 11 13 34 12 27 34 24 19 9 19 14 9 16 17 6 29 38 26 40 6 12 27 43 42 37 31 25 27 24 16 25 21 10 4 31 22 18 25 6 6 18 45 40 36 24 10 7 10 21 32 22 45 33 35 28 4 19 18 9 35 24 47 46 31 40 24 26 47 34 32 44 22 26 10 13 33 27 21 40 24 11 7 24 14 6 28 40 36 49 17 27 12 26 33 4 14 9 32 43 10 13 21 27 24 12 35 25 
21 14 15 14 30 24 47 36 21 37 20 20 41 23 23 34 11 33 11 21 27 25 16 3 26 16 12 22 10 0 23 36 18 38 44 29 28 20 9 13 11 9 28 17 40 36 33 46 4 17 27 35 38 33 22 29 25 32 27 35 22 18 10 20 16 11 15 17 6 29 56 47 46 35 9 18 21 24 42 32 56 43 45 39 10 27 28 18 46 35 58 49 34 34 20 24 44 39 34 51 29 20 10 15 31 36 27 49 13 4 3 18 24 14 38 29 25 39 8 17 13 16 23 9 4 20 22 10 24 23 18 21 28 21 45 35 
38 21 38 31 20 6 49 35 29 55 40 38 54 23 32 23 21 49 31 3 16 28 15 20 49 39 35 43 13 24 0 42 20 15 27 17 6 8 33 26 21 25 9 9 17 49 29 43 20 22 37 57 54 49 45 33 38 25 8 22 21 8 17 44 36 31 36 11 19 6 34 30 23 11 18 8 4 19 18 8 32 20 22 19 17 20 17 7 25 15 35 39 26 45 28 28 48 26 28 34 13 32 17 15 34 15 14 27 36 25 20 31 1 10 14 53 49 59 28 39 17 39 45 18 27 4 42 13 23 70 25 35 21 2 21 12 
15 5 31 11 16 21 29 17 4 31 19 15 29 6 7 20 27 52 29 25 38 6 9 19 33 32 27 21 20 18 24 54 33 41 52 18 26 28 23 31 28 9 33 25 41 55 47 61 19 33 45 52 57 52 37 46 44 45 32 45 7 16 24 31 34 29 18 27 22 32 58 35 38 34 10 26 25 10 41 30 52 36 44 44 24 40 38 18 50 40 59 32 18 19 3 6 26 25 16 38 21 8 11 9 13 28 17 41 19 23 19 7 25 16 35 38 33 36 14 21 8 33 26 23 23 25 21 21 18 25 64 10 13 22 42 31 
5 13 29 6 27 31 29 22 9 21 10 5 20 16 6 30 32 51 29 34 45 13 19 23 25 29 25 12 27 20 34 56 38 51 61 28 36 36 21 34 32 11 42 33 51 55 53 67 24 38 47 47 55 51 33 50 46 52 41 53 17 26 29 25 33 30 11 34 27 42 69 45 49 44 17 34 34 21 52 41 63 47 55 53 30 46 46 28 60 50 70 40 27 13 8 13 24 34 25 48 32 2 18 19 15 39 28 52 13 25 23 3 35 25 46 30 25 25 13 14 17 30 16 28 23 34 12 27 21 35 10 44 23 32 53 42 
29 15 43 25 3 15 28 14 14 44 33 29 38 7 18 6 33 61 38 22 37 11 12 27 47 44 39 35 24 27 20 59 36 34 47 5 18 28 35 38 34 21 30 26 33 62 49 63 27 37 51 63 66 61 49 50 51 46 29 43 6 15 29 44 44 39 31 28 28 27 50 21 26 26 18 26 23 4 31 22 41 24 34 38 29 40 37 17 43 35 50 21 6 28 15 11 28 11 7 25 10 21 17 12 15 16 6 28 32 32 27 20 21 18 25 51 47 49 26 35 14 44 39 29 32 23 35 24 28 21 13 23 85 18 32 22 
36 18 37 29 18 4 46 32 26 53 37 35 51 20 29 21 20 48 30 4 18 26 13 19 47 38 33 40 12 21 2 43 20 18 30 15 7 9 31 25 20 22 11 9 19 49 30 44 18 22 37 56 54 49 43 33 37 27 10 24 18 5 16 42 34 30 33 11 18 9 37 29 24 13 15 9 4 16 21 10 34 21 24 21 16 22 19 4 28 18 38 37 24 42 25 25 45 24 26 33 12 30 14 12 32 15 13 28 33 23 19 28 3 7 16 50 47 57 25 36 14 38 42 16 26 5 40 12 21 2 22 32 18 21 23 13 
58 40 60 51 29 22 57 45 45 74 60 57 70 38 49 29 42 68 53 25 29 43 34 42 71 61 57 63 35 45 21 58 39 13 25 26 17 28 54 47 42 46 21 30 9 67 41 52 42 41 55 78 73 69 66 49 57 37 21 30 36 28 38 66 57 53 57 31 41 18 19 24 10 10 39 29 25 33 4 13 10 10 4 18 38 34 30 27 17 18 18 39 34 60 45 43 59 28 37 26 22 51 37 34 47 15 25 13 57 46 42 50 20 31 7 74 71 79 49 60 36 61 66 39 49 26 63 35 45 21 42 53 32 23 27 10 
47 29 50 40 20 11 49 35 35 63 49 47 60 28 38 20 33 61 43 15 24 33 23 32 60 51 47 52 25 35 12 53 32 13 27 17 6 19 44 38 33 35 15 21 11 60 37 50 32 33 48 69 66 61 57 43 49 33 15 27 26 17 29 55 48 43 46 22 31 11 27 21 11 4 28 20 15 22 9 4 21 9 12 18 29 29 25 17 21 17 28 33 25 50 34 33 50 21 28 24 12 40 26 23 37 7 15 15 46 37 32 39 11 20 3 64 60 68 38 49 25 51 55 30 39 16 52 25 35 12 31 42 22 13 10 47 
