55 11
51 13 15 26 25 20 34 31 17 29 14 15 21 0 6 23 8 18 14 2 25 13 7 31 17 18 22 12 14 12 20 23 5 14 26 21 46 26 33 38 20 35 31 18 29 29 26 12 23 35 38 45 18 31 29 
13 29 13 15 14 11 22 22 7 16 25 28 25 12 19 22 13 26 15 15 21 0 6 23 8 18 14 10 12 16 10 20 12 1 16 12 38 13 29 29 10 23 22 8 16 17 19 7 10 22 31 35 5 18 22 
15 13 30 28 15 9 34 18 21 25 29 25 34 15 19 34 7 33 26 14 34 13 12 36 8 30 27 21 0 6 23 8 18 14 28 25 51 23 41 42 9 34 18 21 26 30 12 19 21 31 44 47 15 24 35 
26 15 28 43 21 22 9 29 8 9 34 40 25 25 31 17 28 31 18 28 14 14 20 10 20 19 5 15 27 31 6 33 23 14 0 6 23 8 18 14 21 9 29 8 9 3 29 14 8 13 17 19 12 17 9 
25 14 15 21 1 6 23 8 18 13 39 39 39 25 31 34 21 41 29 26 32 14 19 31 8 32 23 24 15 21 20 16 27 14 21 21 43 13 39 34 6 23 8 18 14 21 9 21 13 17 38 37 10 9 30 
20 11 9 22 6 12 26 11 17 17 34 33 36 20 25 32 14 37 26 20 32 11 14 32 2 30 23 21 8 15 19 11 22 11 23 21 46 16 39 36 0 27 11 18 18 23 8 18 14 22 40 40 9 15 31 
34 22 34 9 23 26 47 30 17 9 43 49 33 34 40 25 35 40 27 37 21 22 28 14 25 27 14 24 33 38 15 38 32 21 8 15 21 10 23 13 25 0 29 16 8 6 32 23 12 8 18 14 18 16 14 
31 22 18 29 8 11 30 16 27 21 46 43 47 31 36 43 25 48 37 32 41 22 26 40 14 40 32 32 18 24 28 15 33 22 30 30 51 21 47 42 11 30 0 27 22 29 6 29 21 23 47 44 18 14 39 
17 7 21 8 18 17 17 27 37 13 26 32 21 16 23 15 20 25 12 20 14 7 11 15 15 14 6 7 20 23 2 27 15 6 9 4 31 10 21 21 17 17 26 0 13 11 25 6 7 19 23 28 8 19 14 
29 16 25 9 13 17 9 21 13 29 39 44 33 28 35 26 28 38 25 31 24 15 22 19 17 27 14 20 24 30 12 29 27 15 9 13 30 2 28 21 16 9 20 13 0 8 23 19 6 6 26 23 10 8 18 
14 25 29 34 39 34 43 46 26 39 26 13 15 14 11 22 22 7 16 15 26 25 20 34 31 17 29 19 29 25 28 37 12 25 34 28 49 37 32 42 34 43 46 26 40 37 41 20 33 46 40 50 30 44 33 
15 28 25 40 39 33 49 43 32 44 13 30 28 15 9 34 18 21 25 13 36 28 22 44 31 28 36 26 25 20 34 31 17 29 41 35 59 41 43 51 33 50 44 32 44 43 38 26 38 50 50 59 33 46 42 
21 25 34 25 39 36 33 47 21 33 15 28 52 21 22 9 29 8 9 23 13 24 22 22 33 6 19 15 34 34 21 43 16 24 25 20 34 31 17 29 35 34 47 21 34 28 44 17 29 39 26 38 28 40 21 
0 12 15 25 25 20 34 31 16 28 14 15 21 51 6 23 8 18 13 3 24 13 6 30 17 17 22 12 15 13 19 23 4 13 26 20 46 26 32 37 20 34 31 17 29 28 26 11 22 35 37 44 18 31 29 
6 19 19 31 31 25 40 36 23 35 11 9 22 6 40 26 11 17 17 4 29 19 13 35 23 21 27 17 19 15 25 26 8 20 32 26 51 32 36 43 25 41 36 23 35 34 31 17 29 41 42 50 24 37 34 
23 22 34 17 34 32 25 43 15 26 22 34 9 23 26 69 30 17 9 26 4 21 21 13 30 5 12 12 33 34 15 42 18 21 17 13 26 24 9 20 32 25 42 15 26 20 41 14 22 31 17 29 24 34 12 
8 13 7 28 21 14 35 25 20 28 22 18 29 8 11 30 63 27 21 7 31 13 9 35 13 25 26 18 7 4 22 15 13 14 29 24 51 26 39 42 15 36 25 20 29 30 20 16 23 34 43 48 17 29 34 
18 26 33 31 41 37 40 48 25 38 7 21 8 18 17 17 27 35 13 20 21 26 22 30 34 13 26 18 33 31 26 41 15 26 32 25 43 36 26 37 37 40 48 25 39 34 44 20 33 44 34 46 31 44 29 
14 15 26 18 29 26 27 37 12 25 16 25 9 13 17 9 21 13 58 17 11 15 13 18 23 4 13 5 25 25 13 34 9 15 18 12 33 23 18 26 26 27 37 12 25 21 34 7 20 31 25 34 19 31 17 
2 15 14 28 26 20 37 32 20 31 15 13 23 3 4 26 7 20 17 26 28 15 9 34 18 21 25 15 14 11 22 22 7 16 29 23 49 28 35 41 21 37 32 20 31 31 26 15 25 37 41 48 20 33 32 
25 21 34 14 32 32 21 41 14 24 26 36 13 24 29 4 31 21 11 28 31 21 22 9 29 8 9 13 33 35 12 41 20 20 14 11 22 22 7 16 31 21 41 14 23 16 40 14 20 28 14 25 22 31 8 
13 0 13 14 14 11 22 22 7 15 25 28 24 13 19 21 13 26 15 15 21 29 6 23 8 18 13 9 13 16 9 20 13 0 15 11 38 13 28 28 11 22 22 7 16 17 19 7 9 22 30 34 5 18 21 
7 6 12 20 19 14 28 26 11 22 20 22 22 6 13 21 9 22 13 9 22 6 22 26 11 17 17 9 12 13 14 20 7 7 20 15 42 19 30 33 14 28 26 12 22 22 22 7 16 28 34 39 11 24 25 
31 23 36 10 31 32 14 40 15 19 34 44 22 30 35 13 35 30 18 34 9 23 26 45 30 17 9 18 36 39 13 43 27 22 10 11 15 18 9 7 31 14 39 15 19 11 39 19 18 22 7 16 22 27 1 
17 8 8 20 8 2 25 14 15 17 31 31 33 17 23 30 13 34 23 18 29 8 11 30 44 27 21 18 7 13 17 13 19 9 21 19 44 15 36 35 2 26 14 15 17 22 11 16 13 22 38 39 7 16 29 
18 18 30 19 32 30 27 40 14 27 17 28 6 17 21 5 25 13 4 21 8 18 17 17 27 15 13 8 29 30 14 38 13 18 19 13 31 24 15 24 29 28 40 14 27 21 38 11 22 32 22 33 22 33 16 
22 14 27 5 23 23 14 32 6 14 29 36 19 22 27 12 26 26 13 25 9 13 17 9 21 13 32 10 27 30 4 34 19 13 5 2 24 12 15 15 23 14 31 6 14 8 31 10 11 19 17 22 14 22 7 
12 10 21 15 24 21 24 32 7 20 19 26 15 12 17 12 18 18 5 15 13 9 9 18 18 8 10 56 21 22 9 29 8 9 15 9 34 18 21 25 20 24 32 7 21 18 29 2 15 27 25 33 13 26 17 
14 12 0 27 15 8 33 18 20 24 29 25 34 15 19 33 7 33 25 14 33 13 12 36 7 29 27 21 31 6 23 8 18 13 28 24 51 23 41 41 9 34 18 21 25 29 12 19 20 30 44 47 14 23 34 
12 16 6 31 21 15 38 24 23 30 25 20 34 13 15 34 4 31 25 11 35 16 13 39 13 30 30 22 6 18 26 11 17 17 32 28 54 28 43 45 15 39 24 24 31 34 18 21 25 36 47 51 19 30 38 
20 10 23 6 20 19 15 28 2 12 28 34 21 19 25 15 22 26 13 22 12 9 14 13 17 14 4 9 23 26 68 30 17 9 6 2 28 10 19 19 19 15 28 2 12 9 27 8 7 18 21 25 10 19 11 
23 20 8 33 16 11 38 15 27 29 37 31 43 23 26 42 15 41 34 22 41 20 20 43 13 38 34 29 8 11 30 36 27 21 34 32 57 28 49 48 12 39 15 28 30 35 9 27 26 34 51 52 21 25 42 
5 12 18 23 27 22 32 33 15 27 12 17 16 4 8 18 13 15 9 7 20 13 7 27 19 13 19 8 18 17 17 27 42 13 24 17 42 25 28 34 22 32 33 15 28 26 29 9 21 34 34 42 18 31 25 
14 1 14 14 14 11 21 22 6 15 25 29 24 13 20 21 14 26 15 16 20 0 7 22 9 18 13 9 13 17 9 21 13 51 14 10 37 12 27 28 11 22 22 7 15 16 20 7 9 21 30 34 4 18 21 
26 16 28 0 21 23 8 30 9 9 34 41 25 26 32 17 29 32 18 29 14 15 20 10 21 19 5 15 28 32 6 34 24 14 42 6 23 8 18 13 22 9 29 8 9 2 30 14 8 13 17 19 13 18 9 
21 12 25 6 21 21 15 30 4 13 28 35 20 20 26 13 24 25 12 23 11 11 15 11 19 13 2 9 24 28 2 32 17 10 6 44 26 11 17 17 21 15 30 3 13 9 29 8 9 19 19 24 12 21 10 
46 38 51 23 43 46 21 51 31 30 49 59 34 46 51 26 51 43 33 49 22 38 42 15 44 31 24 34 51 54 28 57 42 37 23 26 18 30 17 9 45 21 51 30 29 22 52 34 31 29 8 9 36 37 16 
26 13 23 8 13 16 10 21 10 2 37 41 31 26 32 24 26 36 23 28 22 13 19 18 15 24 12 18 23 28 10 28 25 12 8 11 30 59 27 21 15 10 21 10 3 8 22 16 3 9 25 24 8 9 17 
33 29 41 18 39 39 23 47 21 28 32 43 17 32 36 9 39 26 18 35 7 28 30 9 36 15 15 21 41 43 19 49 28 27 18 17 17 27 17 13 38 23 47 21 28 20 47 22 26 31 9 22 29 36 9 
38 29 42 14 34 36 13 42 21 21 42 51 29 37 43 20 42 37 26 41 16 28 33 7 35 24 15 25 41 45 19 48 34 28 13 17 9 21 13 19 36 13 42 21 21 13 43 26 22 21 5 9 27 29 8 
20 10 9 21 6 0 25 11 17 16 34 33 35 20 25 32 15 37 26 21 31 11 14 31 2 29 23 20 9 15 19 12 22 11 22 21 45 15 38 36 13 26 11 17 17 23 8 18 13 22 39 40 9 14 30 
35 23 34 9 23 27 0 30 17 9 43 50 34 34 41 25 36 40 27 37 21 22 28 14 26 28 14 24 34 39 15 39 32 22 9 15 21 10 23 13 26 46 30 17 9 6 32 23 13 8 18 13 19 16 14 
31 22 18 29 8 11 29 0 26 20 46 44 47 31 36 42 25 48 37 32 41 22 26 39 14 40 31 32 18 24 28 15 33 22 29 30 51 21 47 42 11 30 17 27 21 29 6 29 21 23 46 44 18 13 38 
18 8 21 8 18 18 16 27 0 13 26 32 21 17 23 15 20 25 12 20 14 7 12 15 15 14 6 7 21 24 2 28 15 7 8 3 30 10 21 21 17 17 27 37 13 10 26 6 7 19 23 27 8 19 13 
29 16 26 9 14 18 8 22 13 0 40 44 34 29 35 26 29 39 25 31 23 16 22 19 17 27 14 21 25 31 12 30 28 15 9 13 29 3 28 21 17 9 21 13 27 8 23 19 6 6 25 23 11 8 18 
29 17 30 3 21 23 6 29 11 8 37 43 28 28 34 20 30 34 21 31 16 17 22 11 22 21 8 18 29 34 9 35 26 16 2 9 22 8 20 13 23 6 29 10 8 53 30 17 9 11 17 17 14 16 10 
26 19 12 29 9 8 32 6 25 23 41 38 44 26 31 41 20 44 34 26 40 19 22 39 11 38 31 29 12 18 27 9 29 20 30 29 52 22 47 43 8 32 6 26 23 30 23 27 21 26 47 46 17 17 38 
12 7 19 14 21 18 23 29 6 19 20 26 17 11 17 14 16 20 7 15 14 7 7 19 16 11 10 2 19 21 8 27 9 7 14 8 34 16 22 26 18 23 29 6 19 17 27 35 13 25 26 33 11 24 17 
23 10 21 8 13 14 12 21 7 6 33 38 29 22 29 22 23 33 20 25 20 9 16 18 13 22 11 15 20 25 7 26 21 9 8 9 31 3 26 22 13 13 21 7 6 9 21 13 35 12 25 26 5 11 17 
35 22 31 13 17 22 8 23 19 6 46 50 39 35 41 31 34 44 31 37 28 22 28 22 22 32 19 27 30 36 18 34 34 21 13 19 29 9 31 21 22 8 23 19 6 11 26 25 12 60 27 21 17 9 21 
38 31 44 17 38 40 18 47 23 26 40 50 26 37 42 17 43 34 25 41 14 30 34 7 38 22 17 25 44 47 21 51 34 30 17 19 8 25 9 5 39 18 46 23 25 17 47 26 25 27 34 13 30 34 9 
45 35 47 19 37 40 14 44 28 23 50 59 38 44 50 29 48 46 34 48 25 34 39 16 39 33 22 33 47 51 25 52 42 34 19 24 9 24 22 9 40 13 44 27 23 17 46 33 26 21 13 18 32 30 17 
18 5 15 12 10 9 18 18 8 10 30 33 28 18 24 24 17 31 19 20 22 5 11 22 7 22 14 13 14 19 10 21 18 4 13 12 36 8 29 27 9 19 18 8 11 14 17 11 5 17 30 32 54 13 21 
31 18 24 17 9 15 16 14 19 8 44 46 40 31 37 34 29 44 31 33 31 18 24 27 16 33 22 26 23 30 19 25 31 18 18 21 37 9 36 29 14 16 13 19 8 16 17 24 11 9 34 30 13 42 27 
29 22 35 9 30 31 14 39 14 18 33 42 21 29 34 12 34 29 17 32 8 21 25 1 29 16 7 17 34 38 11 42 25 21 9 10 16 17 9 8 30 14 38 13 18 10 38 17 17 21 9 17 21 27 26 
