153 18
58 45 37 41 32 32 29 45 48 46 17 9 21 18 37 29 31 39 42 38 5 36 16 39 31 23 14 35 27 30 23 11 8 75 77 50 70 29 80 76 68 34 48 58 56 66 55 38 73 41 68 20 75 68 58 30 51 56 56 60 48 28 46 68 24 76 72 64 30 47 55 54 63 51 34 37 30 50 53 51 19 11 26 22 42 34 33 15 70 64 54 24 46 50 50 55 43 24 29 35 38 25 13 5 1 24 22 35 76 68 33 48 57 56 66 55 38 71 34 38 52 49 65 55 44 32 27 44 40 59 51 44 18 12 13 22 14 22 36 39 31 20 4 39 43 31 14 41 29 10 44 33 28 
45 79 15 5 36 15 55 0 17 28 46 42 24 28 16 28 48 29 44 34 40 43 62 28 17 22 58 65 47 52 28 37 52 42 38 5 36 16 39 31 23 14 35 27 30 23 11 8 43 12 45 28 42 28 15 30 50 38 42 26 19 18 2 37 21 38 28 18 20 39 29 33 21 11 11 11 51 5 18 29 42 37 19 23 15 25 45 30 36 22 10 30 48 34 39 20 15 21 17 26 40 63 58 41 44 31 43 64 31 23 14 34 26 29 23 11 8 30 15 19 11 13 20 13 23 28 19 2 5 19 20 36 56 38 42 23 35 54 49 54 29 36 48 38 14 17 31 18 22 35 5 25 36 
37 15 85 10 41 5 55 16 30 40 43 31 17 19 25 31 50 13 29 18 32 27 54 13 6 19 47 50 32 36 15 26 45 39 40 20 34 17 43 41 36 4 21 21 22 30 20 17 38 5 36 16 39 31 23 14 35 27 30 23 11 8 14 32 16 39 36 31 6 25 21 22 26 15 14 5 52 20 33 41 41 26 15 15 26 31 48 21 33 27 20 16 32 22 25 18 6 14 17 33 46 59 48 33 35 33 43 63 41 36 4 21 21 21 30 20 17 45 21 4 16 13 34 29 34 33 10 16 11 35 34 45 43 26 30 21 32 52 33 38 13 22 39 22 6 6 26 5 8 27 19 30 39 
41 5 10 77 36 10 53 5 20 31 43 37 20 23 17 27 47 24 39 29 36 38 57 23 11 18 53 60 41 46 22 32 48 42 39 10 36 13 41 35 28 9 31 25 27 26 14 8 42 8 43 23 41 30 18 25 45 35 39 25 16 13 5 36 16 39 31 23 14 35 27 30 23 11 8 5 50 10 23 32 39 32 15 18 17 25 44 26 36 24 13 25 43 31 35 19 12 16 14 26 40 60 53 36 40 30 41 62 35 28 9 30 25 27 26 14 8 35 14 14 12 12 25 18 25 27 14 5 1 25 24 37 51 33 37 20 32 52 44 49 24 30 44 33 10 12 27 14 17 30 9 24 35 
32 36 41 36 10 35 21 36 27 18 19 38 27 31 20 9 12 52 63 54 29 59 42 52 36 23 47 67 54 58 38 35 34 78 75 39 72 24 76 66 54 36 61 61 63 59 48 28 78 42 78 34 78 65 52 46 72 68 70 61 51 34 38 72 25 74 64 51 38 63 62 63 58 47 28 36 16 39 31 23 14 35 27 30 23 11 8 30 72 59 46 42 67 62 65 56 46 29 23 10 5 34 44 28 33 9 13 29 65 53 36 61 61 62 59 48 27 49 21 45 47 48 50 38 19 8 32 34 35 39 27 12 51 37 41 21 18 24 61 65 47 42 37 57 45 36 23 46 39 27 31 11 4 
32 15 5 10 35 73 49 16 28 36 38 27 12 14 20 26 44 17 31 21 27 29 49 17 1 13 44 49 31 36 12 22 40 45 45 20 39 11 47 44 38 1 26 27 27 34 23 14 44 9 42 13 45 36 26 15 38 32 35 29 17 3 15 38 11 44 40 33 4 29 26 28 30 18 9 5 47 21 31 38 35 22 9 9 23 26 43 16 39 31 23 14 35 27 30 23 11 8 12 28 40 53 44 28 31 27 38 58 44 38 1 25 27 27 34 23 14 45 16 9 20 17 36 28 30 28 4 15 10 35 32 40 40 23 26 15 26 46 34 39 15 20 34 24 11 1 20 11 6 22 18 25 33 
29 55 55 53 21 49 33 55 48 39 12 37 37 38 40 27 9 63 69 63 28 64 29 62 49 36 38 63 56 59 46 37 24 94 93 59 89 39 94 86 75 50 72 77 77 79 67 46 93 57 91 42 94 83 71 55 79 80 81 78 66 46 56 88 38 92 83 72 50 73 76 77 77 65 44 52 5 59 53 44 14 37 40 40 44 32 14 36 88 78 65 49 73 74 75 72 61 41 39 31 23 14 35 27 30 23 11 8 86 74 50 72 76 77 78 66 46 70 40 58 65 65 71 59 40 28 45 53 52 61 49 32 46 39 42 34 23 7 65 67 56 47 32 65 60 49 29 60 50 31 51 31 19 
45 0 16 5 36 16 55 78 16 28 46 42 24 28 16 27 48 29 45 34 40 43 62 29 17 22 58 65 47 52 28 37 52 42 38 5 37 16 39 31 23 15 35 27 30 23 12 8 43 12 45 28 42 29 16 30 50 39 43 26 20 19 2 38 21 38 28 18 20 40 30 33 22 11 11 11 51 5 18 28 42 37 19 23 14 24 44 30 36 23 10 30 48 35 39 21 16 21 16 26 39 63 58 41 44 31 43 63 31 23 14 35 27 30 23 11 8 29 15 20 11 13 20 12 22 27 19 1 5 19 20 35 56 38 42 23 35 54 49 54 30 36 48 38 14 17 31 19 22 35 5 24 36 
48 17 30 20 27 28 48 16 63 13 43 48 30 35 11 21 39 44 59 49 43 57 63 44 29 26 62 75 58 63 38 43 53 58 52 16 52 21 51 39 27 27 51 43 47 35 26 13 59 28 62 36 57 42 29 43 66 55 59 42 36 29 19 54 26 51 38 25 32 55 46 50 36 27 18 25 44 16 5 12 38 43 25 30 6 16 35 36 52 36 23 41 63 51 55 37 32 28 20 16 28 59 61 43 47 27 38 56 39 26 27 51 43 46 35 25 13 23 14 35 27 30 23 11 8 20 29 15 19 12 3 21 63 45 50 25 34 50 62 67 43 45 52 52 30 29 34 34 34 38 11 17 29 
46 28 40 31 18 36 39 28 13 46 37 49 33 38 15 17 30 53 67 57 42 64 59 53 36 29 61 78 62 67 43 45 50 71 65 29 65 25 65 52 39 36 61 56 58 48 39 23 72 39 74 40 70 55 42 50 74 66 70 55 47 36 31 66 30 65 51 38 40 64 58 61 49 40 26 34 34 29 16 5 31 45 30 35 14 12 25 39 65 50 36 47 71 62 65 49 43 33 25 11 16 52 59 41 46 22 31 46 52 39 35 61 55 58 48 38 22 31 19 44 39 42 36 24 6 14 35 27 30 23 11 8 64 47 52 27 32 42 68 73 50 50 51 60 41 37 33 45 41 38 23 14 21 
17 46 43 43 19 38 12 46 43 37 29 25 26 26 32 21 14 50 57 51 16 51 23 50 37 25 29 52 43 47 34 25 15 83 82 50 78 29 84 77 67 39 60 65 65 69 57 38 82 47 79 30 83 73 61 42 66 67 69 67 55 35 47 76 27 82 74 64 38 60 64 65 67 55 35 41 13 50 48 42 5 25 29 29 37 26 17 24 77 68 56 36 61 62 63 61 50 29 29 26 23 16 26 14 18 16 6 20 77 67 39 59 65 65 69 57 37 66 31 46 55 54 64 52 36 23 33 44 42 55 44 32 35 27 30 23 11 8 52 55 43 34 21 52 49 37 17 49 38 18 43 25 15 
9 42 31 37 38 27 37 42 48 49 25 70 18 13 37 32 38 31 33 29 9 27 24 31 26 21 16 29 18 21 16 5 17 68 70 47 63 27 73 72 65 29 39 50 49 61 50 36 65 36 60 14 67 62 54 22 42 47 47 53 41 24 42 60 22 70 67 60 24 38 48 46 57 46 31 32 38 47 53 53 26 5 23 19 42 36 40 11 62 58 50 16 36 42 42 48 37 21 27 38 43 34 16 11 8 28 30 44 72 65 29 39 50 48 61 50 37 70 33 31 47 44 62 53 45 35 23 41 36 58 51 49 14 4 4 22 19 31 27 30 23 11 8 30 37 26 15 34 22 10 42 35 33 
21 24 17 20 27 12 37 24 30 33 26 18 54 4 19 19 34 25 36 27 16 31 37 25 11 4 34 45 29 33 11 13 28 57 57 29 52 9 60 55 47 13 35 39 39 45 34 18 56 21 53 7 57 48 37 19 44 42 44 41 29 9 25 50 4 57 51 43 12 36 38 39 42 30 13 16 36 29 35 37 23 13 5 2 24 21 33 6 51 43 33 14 40 36 38 35 24 3 9 23 33 41 33 16 20 18 26 46 55 47 13 34 39 39 45 34 18 51 15 20 31 29 44 35 28 21 7 23 19 40 33 35 33 14 19 6 14 34 35 39 19 16 24 30 23 11 8 22 12 10 23 20 24 
18 28 19 23 31 14 38 28 35 38 26 13 4 60 24 23 36 24 32 24 13 28 35 23 13 9 30 40 24 29 7 8 26 58 59 33 52 14 61 58 51 15 33 40 39 48 37 23 56 23 52 3 57 50 40 16 41 41 42 42 30 10 28 50 8 58 54 46 12 34 38 38 44 33 17 19 37 33 39 42 25 8 9 5 29 26 36 2 52 45 37 11 36 35 36 37 25 7 14 27 36 40 30 15 16 21 28 46 58 51 15 33 40 39 48 37 23 56 20 20 34 31 48 39 33 25 9 27 23 45 38 39 28 10 14 10 15 34 30 35 17 11 20 27 25 13 9 23 11 8 28 24 27 
37 16 25 17 20 20 40 16 11 15 32 37 19 24 47 12 32 38 52 41 32 49 52 37 21 15 51 65 48 53 29 32 42 58 55 19 53 10 55 46 35 21 46 42 44 39 28 8 59 24 60 26 58 45 32 35 59 51 55 42 33 21 18 53 15 54 43 31 24 49 44 46 38 27 11 19 36 19 16 17 28 32 15 20 5 8 28 25 52 39 26 32 55 47 50 36 28 18 10 10 23 49 50 32 36 16 28 48 46 34 20 46 42 44 39 27 8 34 4 29 27 29 31 19 9 11 20 14 15 23 14 20 52 34 39 14 23 40 53 58 35 36 41 45 27 22 22 30 26 27 11 8 20 
29 28 31 27 9 26 27 27 21 17 21 32 19 23 12 23 20 43 55 46 25 51 42 42 26 15 44 61 47 52 30 29 33 69 66 31 63 14 67 58 47 27 52 52 53 51 39 19 69 33 68 26 68 56 43 38 63 59 61 52 42 25 29 63 17 66 55 44 29 54 52 54 49 38 18 27 24 31 26 21 16 29 18 21 16 5 17 23 63 50 38 33 59 53 56 46 36 20 14 5 14 38 42 24 29 5 16 36 58 46 27 52 51 53 51 39 19 44 12 36 38 39 43 31 15 2 23 25 25 34 23 16 47 31 35 13 14 28 54 58 38 35 34 49 35 27 17 37 30 22 23 4 8 
31 48 50 47 12 44 9 48 39 30 14 38 34 36 32 20 17 59 68 61 29 63 35 59 44 31 43 66 56 60 44 37 29 89 86 51 83 33 87 78 66 45 69 71 72 71 60 39 88 52 87 39 88 76 64 52 77 76 78 72 61 42 50 82 33 86 76 64 46 70 71 72 70 58 38 46 4 51 44 35 12 37 35 36 36 23 5 34 82 71 58 47 72 70 72 66 55 36 33 23 13 23 40 27 31 17 8 16 78 66 45 68 71 72 71 59 39 61 32 53 59 59 63 51 31 20 40 46 45 52 40 23 49 39 43 29 20 14 65 68 53 46 35 63 55 44 27 55 46 30 43 23 11 
39 29 13 24 52 17 63 29 44 53 50 31 25 24 38 43 59 91 15 5 36 15 55 0 17 28 46 42 24 28 16 28 48 37 41 32 32 29 45 48 46 17 9 21 18 37 29 31 34 16 29 20 37 35 31 9 21 17 18 24 14 18 27 29 26 41 43 41 14 11 17 15 31 24 27 19 61 33 47 55 49 28 25 22 40 44 59 26 32 32 31 14 18 11 12 21 14 23 29 46 57 64 47 38 38 43 52 71 48 47 17 8 21 18 37 30 31 58 34 9 26 21 45 42 47 45 19 29 25 48 48 58 40 27 28 31 39 59 22 27 7 19 40 9 15 16 33 10 13 32 33 43 49 
42 44 29 39 63 31 69 45 59 67 57 33 36 32 52 55 68 15 74 10 41 5 55 16 30 40 43 31 17 19 25 31 50 45 52 48 42 41 57 62 62 31 14 33 28 51 45 45 41 32 32 29 45 48 46 17 9 21 18 37 29 31 43 37 38 52 57 57 27 10 28 23 46 40 41 34 69 49 62 69 56 31 37 33 54 56 68 33 42 46 47 21 4 17 14 35 30 34 42 58 69 67 46 42 41 54 60 76 63 62 32 15 33 28 51 45 46 74 47 25 41 36 61 57 61 57 32 45 40 64 63 70 35 30 28 42 47 64 10 13 16 22 41 6 31 30 41 26 25 38 48 55 60 
38 34 18 29 54 21 63 34 49 57 51 29 27 24 41 46 61 5 10 82 36 10 53 5 20 31 43 37 20 23 17 27 47 40 45 37 36 32 50 53 52 21 10 25 22 42 35 35 37 22 30 21 40 40 36 8 17 18 18 29 19 21 32 32 29 45 48 46 17 9 21 18 37 29 31 23 62 38 52 59 50 27 28 24 44 47 60 26 36 37 36 14 14 12 12 26 19 25 32 49 60 63 45 37 37 45 53 71 53 52 21 9 25 22 42 35 35 63 37 14 31 26 51 47 51 48 22 34 29 54 52 61 36 25 26 33 40 58 17 21 7 18 38 3 20 19 34 15 16 32 38 46 51 
5 40 32 36 29 27 28 40 43 42 16 9 16 13 32 25 29 36 41 36 65 35 21 36 27 18 19 38 27 31 20 9 12 71 72 45 66 24 75 71 63 29 45 54 53 62 50 33 70 37 65 16 71 64 54 27 50 53 54 56 44 24 41 64 19 72 67 59 26 45 52 51 58 46 29 32 29 45 48 46 17 9 21 18 37 29 31 11 66 59 49 22 45 48 48 51 39 19 24 30 34 27 18 1 4 20 20 35 71 63 29 45 54 53 61 50 33 66 28 34 47 45 60 50 39 27 23 39 35 54 46 40 22 11 14 17 10 23 36 39 29 18 9 37 39 26 9 37 25 5 39 28 24 
36 43 27 38 59 29 64 43 57 64 51 27 31 28 49 51 63 15 5 10 35 65 49 16 28 36 38 27 12 14 20 26 44 49 55 47 45 38 59 64 62 29 18 35 31 52 45 43 45 31 37 24 49 50 47 13 15 25 23 39 30 27 42 41 34 55 58 57 24 14 30 27 47 40 38 32 64 48 60 66 51 26 33 29 52 52 64 29 45 48 46 17 9 21 18 37 29 31 39 54 64 62 40 37 35 49 55 71 64 62 29 18 35 31 53 45 43 73 44 24 41 37 61 56 58 53 28 43 38 63 61 67 29 24 23 37 42 58 6 11 14 17 35 7 31 27 36 26 22 33 46 51 55 
16 62 54 57 42 49 29 62 63 59 23 24 37 35 52 42 35 55 55 53 21 49 58 55 48 39 12 37 37 38 40 27 9 92 93 67 86 45 97 93 85 51 63 74 73 83 72 55 89 58 84 37 91 85 75 46 64 71 71 77 65 45 62 84 41 93 89 80 47 61 72 70 80 68 50 54 32 67 68 64 27 27 42 39 57 47 39 32 86 81 71 40 58 66 65 72 60 41 45 48 46 17 9 21 18 37 29 31 93 85 50 63 74 72 83 71 55 86 49 55 69 66 82 71 57 44 44 60 57 75 65 55 22 28 27 39 28 21 47 48 47 35 15 53 60 48 30 58 46 27 60 46 38 
39 28 13 23 52 17 62 29 44 53 50 31 25 23 37 42 59 0 16 5 36 16 55 91 16 28 46 42 24 28 16 27 48 37 41 32 32 28 45 48 46 16 9 21 18 37 29 30 34 16 29 20 37 35 31 9 21 17 18 24 14 17 27 29 26 41 43 41 13 12 17 15 31 24 26 18 61 32 46 54 48 27 24 22 39 43 58 26 32 32 30 14 19 11 13 21 13 22 29 45 57 64 47 37 38 43 51 70 48 46 17 9 21 18 37 29 31 58 33 8 25 20 45 41 47 44 19 29 24 48 47 57 39 26 28 30 39 58 22 27 7 19 39 9 15 16 32 10 13 32 32 42 49 
31 17 6 11 36 1 49 17 29 36 37 26 11 13 21 26 44 17 30 20 27 28 48 16 96 13 43 48 30 35 11 21 39 45 45 21 40 12 48 45 39 2 25 27 28 35 24 15 44 9 42 12 45 37 27 14 38 32 34 29 17 2 16 38 10 45 41 34 3 28 27 28 31 19 10 6 47 22 32 39 35 21 9 9 23 27 43 16 39 32 24 13 34 26 29 24 12 8 12 29 41 53 43 28 30 27 37 57 45 39 2 25 27 27 35 24 15 46 17 9 21 18 37 29 31 28 4 16 11 36 32 41 39 22 25 15 26 46 33 38 14 19 33 24 11 0 20 11 5 21 19 26 33 
23 22 19 18 23 13 36 22 26 29 25 21 4 9 15 15 31 28 40 31 18 36 39 28 13 93 37 49 33 38 15 17 30 58 57 27 53 6 59 54 45 14 38 41 41 45 33 15 57 22 55 11 58 48 37 23 48 45 47 42 30 11 23 52 2 57 50 41 15 40 40 41 42 30 11 16 33 27 31 32 21 17 4 6 20 17 30 10 52 43 32 18 44 39 41 36 25 5 6 18 29 41 36 18 22 14 24 44 54 45 14 37 40 41 45 33 15 48 11 22 31 29 42 32 24 17 9 21 18 37 29 31 36 18 23 2 13 33 39 44 23 21 26 34 24 13 9 24 15 12 21 15 20 
14 58 47 53 47 44 38 58 62 61 29 16 34 30 51 44 43 46 43 43 19 38 12 46 43 37 34 25 26 26 32 21 14 83 86 63 78 43 90 88 81 45 53 66 64 78 67 52 80 52 74 31 83 79 70 37 52 61 60 69 57 40 58 75 37 86 84 76 41 51 63 61 73 62 47 49 41 63 67 66 32 21 39 35 56 49 46 27 78 74 67 32 47 56 55 65 53 37 43 50 52 29 3 19 15 39 35 42 88 81 45 53 66 64 78 67 52 85 48 47 64 60 78 69 58 46 39 57 53 74 65 59 9 21 18 37 29 31 35 35 38 26 10 42 53 42 28 50 39 24 57 47 42 
35 65 50 60 67 49 63 65 75 78 52 29 45 40 65 61 66 42 31 37 38 27 37 42 48 49 25 18 18 13 37 32 38 76 82 70 73 54 87 90 87 50 45 62 59 79 70 62 72 55 63 38 76 77 72 35 37 52 49 66 56 46 64 68 49 82 85 81 45 41 58 54 74 65 57 54 65 70 79 82 54 32 49 44 69 65 68 39 73 74 71 34 32 48 45 63 54 46 54 67 72 54 29 39 34 58 58 67 90 87 50 45 62 59 79 70 62 95 60 48 66 62 85 78 73 64 46 64 60 84 78 78 17 30 26 50 48 55 21 18 37 29 31 34 55 47 44 51 42 39 67 64 62 
27 47 32 41 54 31 56 47 58 62 43 18 29 24 48 47 56 24 17 20 27 12 37 24 30 33 26 18 42 4 19 19 34 60 65 52 56 37 70 72 68 32 29 45 42 61 51 44 56 37 49 21 60 59 54 17 26 37 35 49 38 29 46 52 32 65 67 63 27 26 41 38 55 46 39 36 56 52 62 66 44 19 32 27 52 50 57 24 56 56 52 16 20 32 30 45 36 29 38 52 60 51 28 29 25 44 48 62 72 68 32 29 45 42 61 52 45 77 44 30 48 43 66 60 57 49 29 46 42 66 61 64 17 17 13 35 36 49 9 12 18 12 24 18 37 29 31 32 24 26 49 49 50 
30 52 36 46 58 36 59 52 63 67 47 21 33 29 53 52 60 28 19 23 31 14 38 28 35 38 26 13 4 36 24 23 36 63 69 56 59 42 73 76 73 37 32 49 45 65 56 49 59 41 51 26 63 63 58 22 26 39 37 52 42 34 51 55 37 69 71 67 31 28 44 41 60 51 44 41 60 57 67 71 48 23 37 32 57 55 61 28 59 61 57 21 21 35 32 49 40 34 43 57 64 53 29 32 29 49 51 64 76 73 37 32 49 45 65 56 50 82 49 34 52 48 71 65 62 54 34 51 46 71 66 68 17 21 17 39 40 52 9 9 23 17 27 21 41 34 35 37 29 31 54 53 54 
23 28 15 22 38 12 46 28 38 43 34 16 11 7 29 30 44 16 25 17 20 20 40 16 11 15 32 37 19 24 74 12 32 52 54 33 46 18 57 56 50 13 25 34 33 45 34 25 49 20 45 4 51 46 38 8 33 33 34 37 25 9 27 44 13 53 51 45 8 26 32 31 41 30 19 17 45 33 42 47 32 12 13 8 32 32 44 9 46 42 35 3 29 28 29 32 20 10 18 34 44 47 33 21 22 29 36 54 56 50 13 25 34 33 45 34 25 57 24 15 31 28 48 40 38 32 9 27 22 46 42 46 28 11 15 17 23 42 24 29 9 7 24 19 21 10 17 18 6 15 29 31 35 
11 37 26 32 35 22 37 37 43 45 25 5 13 8 32 29 37 28 31 27 9 26 27 27 21 17 21 32 19 23 12 59 20 64 66 42 59 22 69 67 60 24 36 46 45 56 45 31 61 31 57 9 63 58 49 18 41 44 45 49 37 19 37 56 17 65 62 55 19 36 44 43 52 41 26 27 37 42 48 49 25 0 18 13 37 32 38 6 58 53 45 13 35 39 39 44 32 16 23 34 40 36 21 10 10 25 29 45 67 60 24 36 46 45 56 45 32 65 28 27 42 39 57 48 41 31 18 36 31 53 46 45 19 2 6 18 17 32 27 31 20 9 12 28 32 21 12 30 18 7 37 31 31 
8 52 45 48 34 40 24 52 53 50 15 17 28 26 42 33 29 48 50 47 12 44 9 48 39 30 14 38 34 36 32 20 62 84 85 57 79 36 88 84 75 42 56 66 65 74 62 45 82 49 77 28 84 77 66 38 59 65 65 68 56 37 53 76 31 85 80 71 39 55 64 63 71 59 41 45 27 57 58 55 19 20 33 30 47 38 32 23 78 72 62 33 54 59 59 63 51 32 36 39 38 17 10 11 10 27 21 29 84 75 42 56 66 65 74 62 45 76 40 46 60 58 72 61 48 35 35 51 48 65 56 46 21 21 21 29 19 17 43 45 40 29 9 47 51 39 21 49 37 18 51 37 29 
75 42 39 42 78 45 94 42 58 71 83 68 57 58 58 69 89 37 45 40 71 49 92 37 45 58 83 76 60 63 52 64 84 31 10 41 5 55 16 30 40 43 31 17 19 25 31 50 5 36 15 55 0 17 28 46 42 24 28 16 28 48 40 8 56 11 26 37 45 35 20 22 22 31 50 42 92 41 57 70 80 64 54 54 57 67 86 60 6 21 34 51 45 28 31 22 33 53 55 68 82 99 84 73 74 71 83 103 31 40 44 31 18 19 25 32 50 57 56 37 31 30 42 48 65 70 50 44 43 53 60 78 77 63 65 60 71 92 55 59 44 56 76 42 34 45 66 34 46 66 48 66 77 
77 38 40 39 75 45 93 38 52 65 82 70 57 59 55 66 86 41 52 45 72 55 93 41 45 57 86 82 65 69 54 66 85 10 10 36 10 53 5 20 31 43 37 20 23 17 27 47 15 36 25 56 10 10 23 49 50 32 36 16 28 48 36 15 55 0 17 28 46 42 24 28 16 28 48 41 90 36 51 64 79 66 53 55 52 63 83 61 10 15 29 54 52 34 38 21 33 53 53 65 78 99 87 74 75 69 81 101 20 31 43 37 20 23 17 27 47 48 53 38 27 28 33 41 60 66 50 40 40 46 54 73 80 65 68 59 71 91 61 65 48 59 78 48 33 46 66 35 47 67 43 63 74 
50 5 20 10 39 20 59 5 16 29 50 47 29 33 19 31 51 32 48 37 45 47 67 32 21 27 63 70 52 56 33 42 57 41 36 73 35 21 36 27 18 19 38 27 31 20 9 12 42 15 46 33 40 26 12 35 53 40 44 25 21 23 5 37 26 35 24 13 25 42 30 34 19 11 16 15 55 0 17 28 46 42 24 28 16 28 48 35 35 20 7 35 51 37 41 21 18 26 21 29 42 67 63 46 49 35 47 67 27 18 19 37 27 30 19 8 12 25 19 23 10 14 15 9 24 31 24 6 10 16 19 37 61 43 47 28 40 59 53 58 34 40 53 41 17 22 36 22 27 40 7 28 40 
70 36 34 36 72 39 89 37 52 65 78 63 52 52 53 63 83 32 42 36 66 45 86 32 40 53 78 73 56 59 46 59 79 5 10 35 31 49 16 28 36 38 27 12 14 20 26 44 7 31 15 50 5 12 23 41 40 21 26 11 22 42 34 5 50 10 23 32 40 32 15 18 17 25 44 36 86 36 52 64 74 59 48 49 51 61 81 55 0 17 28 46 42 24 28 16 28 48 49 63 76 93 79 67 69 66 77 97 28 36 38 27 12 14 21 27 45 52 51 32 25 24 37 43 59 64 44 38 37 48 55 72 72 58 60 54 66 86 52 55 40 52 71 38 28 40 60 29 41 61 42 61 71 
29 16 17 13 24 11 39 16 21 25 29 27 9 14 10 14 33 29 41 32 24 38 45 28 12 6 43 54 37 42 18 22 36 55 53 21 49 110 55 48 39 12 37 37 38 40 27 9 54 18 53 15 54 43 31 24 49 44 46 38 27 11 18 49 5 53 45 35 15 40 38 39 37 25 5 12 36 21 25 28 25 22 5 9 14 15 31 15 49 38 27 21 45 38 41 32 22 7 0 17 28 46 42 24 28 16 28 48 48 39 12 37 37 38 39 27 9 42 6 21 26 25 36 26 20 16 9 15 12 31 24 29 42 24 29 6 18 38 42 47 25 25 32 35 21 12 15 22 16 18 15 14 22 
80 39 43 41 76 47 94 39 51 65 84 73 60 61 55 67 87 45 57 50 75 59 97 45 48 59 90 87 70 73 57 69 88 16 5 36 16 55 1 16 28 46 42 24 28 16 27 48 21 38 31 59 15 11 23 53 55 37 42 21 32 51 37 21 57 5 14 27 49 47 29 33 17 29 49 43 91 36 49 63 81 69 55 57 53 64 84 64 15 16 29 57 57 39 43 25 36 56 55 65 78 101 90 76 78 71 83 103 17 28 46 42 24 28 16 28 48 45 54 42 28 30 31 40 60 67 52 41 42 44 53 73 84 69 72 61 73 93 66 70 52 63 82 52 36 48 68 39 51 70 44 64 76 
76 31 41 35 66 44 86 31 39 52 77 72 55 58 46 58 78 48 62 53 71 64 93 48 45 54 88 90 72 76 56 67 84 30 20 27 28 48 16 34 13 43 48 30 35 11 21 39 35 36 43 57 30 15 18 54 63 46 51 26 33 48 30 33 52 20 5 14 47 53 35 40 16 26 43 39 82 27 36 49 73 67 50 53 42 54 74 61 27 15 21 57 64 46 51 27 36 51 48 55 67 94 88 72 75 62 74 94 0 13 43 48 30 35 11 21 40 28 46 42 24 28 16 28 48 57 49 33 36 30 41 61 84 67 71 55 67 86 70 75 53 63 79 57 35 46 63 39 49 66 34 54 66 
68 23 36 28 54 38 75 23 27 39 67 65 47 51 35 47 66 46 62 52 63 62 85 46 39 45 81 87 68 73 50 60 75 40 31 18 36 39 28 13 57 37 49 33 38 15 17 30 43 31 50 51 39 23 15 51 65 49 54 30 32 41 22 40 44 30 14 5 42 54 38 43 19 22 34 33 70 18 23 36 63 60 42 46 30 42 62 53 35 19 15 52 64 47 52 28 33 44 39 43 55 84 81 64 67 52 64 83 12 0 36 49 33 38 14 16 30 17 36 38 20 25 3 15 35 46 42 24 28 16 28 48 79 61 65 46 57 75 69 74 50 58 71 56 31 40 54 36 44 58 24 43 55 
34 14 4 9 36 1 50 15 27 36 39 29 13 15 21 27 45 17 31 21 29 29 51 16 2 14 45 50 32 37 13 24 42 43 43 19 38 12 46 43 37 92 25 26 26 32 21 14 42 7 41 14 43 34 25 15 38 31 34 27 15 5 14 37 12 43 38 31 5 28 25 27 28 17 10 3 48 19 31 38 36 24 10 11 23 27 44 18 37 30 21 15 35 26 29 22 10 10 13 29 41 55 45 30 32 28 39 59 43 37 0 25 25 26 32 21 14 44 17 8 18 15 34 27 30 28 6 14 9 34 31 41 42 24 28 16 28 48 35 40 15 21 36 24 9 3 22 10 7 24 17 26 34 
48 35 21 31 61 26 72 35 51 61 60 39 35 33 46 52 69 9 14 10 45 18 63 9 25 38 53 45 29 32 25 36 56 31 37 38 27 37 42 48 49 25 84 18 13 37 32 38 27 23 20 30 31 33 33 18 15 8 9 22 16 27 33 23 35 37 43 44 23 5 13 9 32 27 35 27 71 38 53 63 58 36 34 32 47 52 68 35 27 32 34 23 15 3 4 21 19 32 38 54 66 73 55 47 47 52 61 80 48 49 26 0 18 14 37 33 39 62 42 17 29 24 49 47 55 54 28 36 32 54 55 66 46 35 36 40 49 68 24 28 16 28 48 11 21 25 42 16 22 41 40 51 59 
58 27 21 25 61 27 77 27 43 56 65 50 39 40 42 52 71 21 33 25 54 35 74 21 27 41 66 62 45 49 34 46 66 17 20 27 12 37 24 30 33 26 18 49 4 19 19 34 16 19 18 37 17 15 18 29 33 15 20 4 10 30 25 11 38 20 25 28 27 23 5 10 14 16 33 25 74 28 44 56 62 46 36 37 42 50 69 43 12 14 21 34 34 15 20 6 15 36 38 52 65 81 67 55 56 54 65 85 30 34 26 18 0 4 20 19 34 49 40 19 17 13 34 36 50 53 32 28 26 42 47 62 60 46 48 42 54 74 42 46 28 40 59 28 16 28 48 16 28 49 32 50 60 
56 30 22 27 63 27 77 30 47 58 65 49 39 39 44 53 72 18 28 22 53 31 73 18 28 41 64 59 42 45 33 45 65 19 23 31 14 38 28 35 38 26 13 4 56 24 23 36 16 20 15 36 18 19 22 27 28 11 15 8 11 30 28 11 38 23 29 33 27 19 1 5 19 19 34 26 75 31 48 59 63 45 37 36 44 52 70 42 14 19 25 32 29 11 15 10 16 36 39 54 67 80 65 54 55 55 65 85 35 38 27 13 5 0 25 23 36 53 41 19 20 17 38 40 52 54 32 31 28 46 50 65 58 44 46 43 54 74 38 42 25 37 57 24 17 28 48 16 28 48 35 52 61 
66 23 30 26 59 34 79 23 35 48 69 61 45 48 39 51 71 37 51 42 62 52 83 37 35 45 78 79 61 65 45 56 74 25 17 20 20 40 16 11 15 32 37 19 24 33 12 32 28 25 35 47 24 8 8 43 53 35 40 15 22 37 22 24 43 16 6 12 37 42 25 30 5 15 34 29 75 20 33 47 65 56 41 43 36 48 68 51 20 4 13 46 53 35 40 15 25 42 40 49 62 86 78 62 65 55 67 87 11 15 32 37 19 24 0 12 32 32 38 31 14 17 17 24 43 51 39 25 27 28 37 57 74 57 60 46 58 78 59 64 42 52 69 45 24 35 54 28 39 56 28 48 60 
55 11 20 14 48 23 67 12 26 39 57 50 34 37 28 39 60 29 45 35 50 45 72 29 24 33 67 70 51 56 34 45 62 31 27 9 26 27 27 21 17 21 32 19 23 12 56 20 33 14 37 36 31 17 4 34 48 33 38 17 15 26 10 28 31 26 17 11 26 37 23 27 10 5 22 18 63 9 25 38 53 45 29 32 25 36 56 39 26 11 2 36 47 31 36 12 15 30 28 38 51 74 67 51 53 43 55 75 21 17 21 32 18 22 11 0 20 30 27 21 3 8 16 17 33 39 27 13 15 23 28 46 63 46 49 34 46 66 52 56 33 42 57 38 14 24 42 19 28 44 16 36 48 
38 8 17 8 28 14 46 8 13 23 38 36 18 23 8 19 39 31 45 35 33 43 55 30 15 15 52 62 44 49 25 31 45 50 47 12 44 9 48 39 30 14 38 34 36 32 20 96 50 16 51 23 49 37 24 29 52 43 47 33 25 15 10 45 14 46 36 26 18 42 35 38 30 19 5 11 43 12 17 24 33 31 13 18 9 16 36 24 44 31 18 28 49 39 42 28 20 15 9 18 31 55 51 34 37 23 35 55 39 30 13 38 33 35 31 20 0 33 6 21 19 20 27 16 17 19 15 6 7 22 17 28 51 33 37 16 27 46 48 53 29 32 42 39 18 15 24 22 20 28 5 16 28 
73 43 38 42 78 44 93 43 59 72 82 65 56 56 59 69 88 34 41 37 70 45 89 34 44 57 80 72 56 59 49 61 82 5 15 42 7 54 21 35 43 42 27 16 16 28 33 50 21 36 10 53 5 20 31 43 37 20 23 17 27 47 41 5 55 16 30 40 43 31 17 19 25 31 50 41 91 43 59 71 79 61 53 53 58 67 86 59 8 24 36 48 40 24 27 22 32 52 55 69 82 97 82 71 72 71 82 102 35 44 43 27 17 17 28 34 51 60 56 35 32 30 45 50 66 70 48 45 43 56 62 79 73 61 62 59 70 90 51 54 42 54 74 38 33 44 64 33 44 65 49 67 77 
41 12 5 8 42 9 57 12 28 39 47 36 21 23 24 33 52 16 32 22 37 31 58 16 9 22 52 55 37 41 20 31 49 36 36 15 31 18 38 36 31 7 23 19 20 25 14 16 36 82 35 21 36 27 18 19 38 27 31 20 9 12 10 30 19 35 31 26 11 27 19 22 21 10 14 5 55 16 30 40 43 31 17 19 25 31 50 26 30 22 15 21 35 23 27 14 4 17 19 33 46 63 52 38 40 35 46 66 36 31 7 22 18 20 25 15 16 41 21 7 11 8 29 25 33 34 14 13 9 32 32 44 48 31 35 23 35 55 38 43 18 27 43 25 2 10 30 6 13 31 16 31 41 
68 45 36 43 78 42 91 45 62 74 79 60 53 52 60 68 87 29 32 30 65 37 84 29 42 55 74 63 49 51 45 57 77 15 25 46 15 53 31 43 50 41 20 18 15 35 37 51 10 35 11 49 16 28 36 38 27 12 14 20 26 44 43 10 53 26 39 46 41 23 16 14 30 34 50 41 89 46 63 74 77 57 51 50 60 67 85 55 16 30 40 43 31 17 19 25 31 50 54 69 82 93 76 67 67 70 80 99 44 50 41 20 19 15 35 38 52 66 57 33 35 32 51 54 68 70 46 47 44 60 65 80 66 56 56 57 68 87 42 45 36 48 68 31 33 42 61 31 41 61 51 67 76 
20 28 16 23 34 13 42 28 36 40 30 14 7 3 26 26 39 20 29 21 16 24 37 20 12 11 31 38 21 26 4 9 28 55 56 33 50 15 59 57 51 14 30 37 36 47 36 23 53 21 49 110 55 48 39 12 37 37 38 40 27 9 28 48 10 56 53 46 10 30 35 35 43 31 18 18 41 33 41 44 28 9 10 6 30 28 39 5 49 44 36 7 33 32 33 35 23 8 16 30 40 43 31 17 19 25 31 50 57 51 14 29 37 36 47 36 24 57 22 18 33 29 48 40 36 28 8 27 22 45 40 42 28 10 14 13 19 38 27 32 13 9 22 23 23 11 12 21 8 11 28 27 31 
75 42 39 41 78 45 94 42 57 70 83 67 57 57 58 68 88 37 45 40 71 49 91 37 45 58 83 76 60 63 51 63 84 0 10 40 5 54 15 30 39 43 31 17 18 24 31 49 5 36 16 55 32 16 28 46 42 24 28 16 27 48 40 8 55 10 26 36 45 35 19 22 21 30 50 42 91 41 57 69 80 63 54 54 57 66 86 60 5 21 33 51 45 28 31 22 33 53 55 68 81 98 84 72 74 71 82 102 30 40 43 31 17 19 25 31 50 56 56 37 30 29 41 47 64 69 49 44 43 53 60 78 76 63 65 60 71 91 55 59 44 56 76 42 33 45 65 34 46 66 47 66 77 
68 28 31 30 65 36 83 29 42 55 73 62 48 50 45 56 76 35 48 40 64 50 85 35 37 48 79 77 59 63 46 58 77 17 10 26 12 43 11 15 23 34 33 15 19 8 17 37 20 27 28 48 16 61 13 43 48 30 35 11 21 39 26 17 46 9 10 20 38 38 20 25 6 18 38 32 80 26 41 54 69 58 44 46 42 53 73 53 12 5 19 46 49 31 35 14 25 44 44 55 68 89 79 65 67 60 71 92 16 23 35 33 15 19 8 17 37 40 43 31 17 19 25 31 50 56 41 30 31 36 44 63 74 58 61 49 62 82 57 61 41 52 70 43 25 37 57 28 39 58 33 53 65 
58 15 23 18 52 26 71 16 29 42 61 54 37 40 32 43 64 31 46 36 54 47 75 31 27 37 70 72 54 58 38 49 66 28 23 12 23 31 23 18 15 25 33 18 22 8 4 24 31 18 36 39 28 13 80 37 49 33 38 15 17 30 14 26 35 22 13 10 29 38 22 27 6 8 26 21 67 13 28 41 57 49 33 36 29 40 60 43 23 7 5 39 48 31 36 12 18 34 32 42 55 78 70 54 57 47 59 79 18 16 25 33 17 22 7 4 24 30 31 24 6 10 15 19 37 43 31 17 19 25 31 50 66 49 53 38 50 70 54 58 35 45 61 40 17 28 46 21 31 48 20 40 52 
30 30 14 25 46 15 55 30 43 50 42 22 19 16 35 38 52 9 17 8 27 13 46 9 14 23 37 35 17 22 8 18 38 46 49 35 41 24 53 54 51 15 18 29 27 43 34 29 43 19 38 12 46 43 37 87 25 26 26 32 21 14 29 38 21 49 49 45 10 18 26 24 38 29 24 19 53 35 47 53 41 18 20 16 38 39 52 18 41 39 35 5 21 20 20 29 18 17 25 41 52 55 38 29 29 37 44 62 54 51 16 17 29 27 43 34 30 60 30 12 30 26 49 43 44 40 15 30 25 50 47 53 31 17 19 25 31 50 19 24 1 10 30 11 19 13 25 15 8 23 33 38 43 
51 50 35 45 72 38 79 50 66 74 66 42 44 41 59 63 77 21 9 17 50 15 64 21 38 48 52 37 26 26 33 41 59 42 50 53 40 49 55 63 65 38 15 33 28 53 48 52 37 38 27 37 42 48 49 25 62 18 13 37 32 38 48 34 46 50 58 60 34 10 28 23 47 43 48 40 78 53 68 76 66 41 45 42 61 64 77 42 40 48 50 30 5 17 12 37 34 43 50 66 77 77 55 52 50 62 69 86 64 65 39 16 33 28 53 49 53 78 55 30 45 40 64 62 69 65 40 51 46 69 69 78 43 39 38 50 56 73 17 19 25 31 50 14 36 37 50 31 33 47 54 63 68 
56 38 27 35 68 32 80 39 55 66 67 47 42 41 51 59 76 17 21 18 53 25 71 17 32 45 61 52 37 39 33 44 65 24 32 40 21 44 37 46 49 31 8 15 11 35 33 43 20 27 12 37 24 30 33 26 18 35 4 19 19 34 36 16 42 32 40 44 30 11 10 6 30 29 41 32 78 41 57 67 66 44 41 39 52 58 75 43 21 30 36 31 20 5 7 21 23 39 44 60 73 81 63 55 55 59 69 88 46 49 32 8 16 11 36 34 44 64 48 22 30 26 49 49 60 60 35 40 36 56 59 72 54 43 44 47 56 76 31 34 24 36 56 19 25 31 50 21 30 49 44 57 66 
56 42 30 39 70 35 81 43 59 70 69 47 44 42 55 61 78 18 18 18 54 23 71 18 34 47 60 49 35 37 34 45 65 28 36 44 26 46 42 51 54 34 9 20 15 40 38 47 23 31 14 38 28 35 38 26 13 4 38 24 23 36 40 20 44 36 45 49 32 9 15 10 35 33 44 35 80 45 61 71 67 45 43 41 56 61 77 44 26 35 40 32 17 8 5 26 27 41 47 63 75 81 62 55 55 61 70 89 51 54 34 9 21 16 41 38 47 68 51 25 35 30 54 54 64 63 37 43 40 61 63 75 52 43 43 49 58 76 28 31 25 36 56 17 28 34 51 25 31 50 47 60 68 
60 26 23 25 61 29 78 26 42 55 67 53 41 42 42 52 72 24 37 29 56 39 77 24 29 42 69 66 49 52 37 49 68 16 16 25 11 38 21 26 30 27 22 4 8 15 17 33 17 20 20 40 16 11 15 32 37 19 24 50 12 32 24 11 39 16 21 25 29 27 9 14 10 14 33 25 75 26 42 54 64 49 37 38 41 50 70 45 10 11 19 37 38 19 24 5 17 37 38 52 65 82 70 57 59 55 66 86 26 30 27 22 3 8 16 17 34 46 40 22 15 13 30 34 49 53 33 28 26 40 45 62 64 49 51 43 55 75 46 50 31 42 61 32 17 29 49 19 31 51 31 50 60 
48 19 11 16 51 17 66 20 36 47 55 41 29 30 33 42 61 14 29 19 44 30 65 14 17 30 57 56 38 42 25 37 56 28 28 21 22 27 32 33 32 15 16 10 11 22 15 25 27 9 26 27 27 21 17 21 32 19 23 12 63 20 17 21 28 28 28 27 17 22 10 13 17 10 23 15 64 21 38 48 52 37 26 26 33 41 59 33 22 18 17 25 31 15 20 7 5 25 28 43 56 71 58 45 47 44 55 75 34 33 16 16 9 10 22 16 25 46 30 9 12 7 32 30 41 43 22 21 17 37 40 54 52 37 39 32 43 64 37 41 20 31 49 23 6 17 38 6 19 39 25 40 50 
28 18 8 13 34 3 46 19 29 36 35 24 9 10 21 25 42 18 31 21 24 27 45 17 2 11 40 46 29 34 9 19 37 48 48 23 42 11 51 48 41 5 27 30 30 37 26 15 47 12 44 9 48 39 30 14 38 34 36 32 20 100 18 41 8 48 43 36 4 29 29 30 34 22 10 8 44 24 33 39 32 19 7 6 24 26 41 13 42 35 26 12 34 28 31 26 14 5 11 28 39 50 40 25 27 25 35 55 48 41 5 26 30 30 37 26 16 48 16 11 23 20 39 31 30 27 1 18 13 37 33 40 37 19 23 13 23 43 32 37 14 17 31 24 14 2 17 13 5 19 20 25 31 
46 2 14 5 38 15 56 2 19 31 47 42 25 28 18 29 50 27 43 32 41 42 62 27 16 23 58 64 46 51 27 37 53 40 36 5 34 18 37 30 22 14 33 25 28 22 10 10 41 10 43 28 40 26 14 29 48 36 40 24 17 18 72 35 21 36 27 18 19 38 27 31 20 9 12 10 53 5 20 31 43 37 20 23 17 27 47 31 34 21 9 30 46 33 37 18 14 21 18 28 41 64 58 41 45 33 45 65 30 23 14 33 24 27 21 9 10 31 17 18 9 11 20 14 25 30 19 4 5 21 22 38 56 38 42 24 36 56 48 53 28 35 49 36 12 17 32 17 21 35 7 26 38 
68 37 32 36 72 38 88 38 54 66 76 60 50 50 53 63 82 29 37 32 64 41 84 29 38 52 75 68 52 55 44 56 76 8 15 37 5 49 21 33 40 37 23 11 11 24 28 45 5 30 10 48 8 17 26 38 34 16 20 11 21 41 35 21 49 16 28 36 38 27 12 14 20 26 44 36 85 38 54 66 73 56 47 47 52 61 80 53 5 20 31 43 37 20 23 17 27 47 49 63 76 91 76 65 66 65 76 96 33 40 37 23 11 11 25 29 45 56 51 30 27 24 41 45 61 64 43 39 38 51 57 73 68 55 57 53 65 85 47 51 36 48 68 34 27 38 59 27 39 59 43 61 71 
24 21 16 16 25 11 38 21 26 30 27 22 4 8 15 17 33 26 38 29 19 34 41 26 10 2 37 49 32 37 13 17 31 56 55 26 50 5 57 52 44 12 35 38 38 43 31 14 55 19 53 10 55 46 35 21 46 42 44 39 28 8 21 49 107 55 48 39 12 37 37 38 40 27 9 14 36 26 31 33 24 17 1 4 20 18 32 10 50 41 30 17 42 37 39 34 22 3 5 20 31 43 37 20 23 17 27 47 52 44 12 35 38 38 43 31 14 47 11 20 28 27 41 31 25 19 6 19 16 36 29 32 37 18 23 4 15 36 38 42 21 20 27 32 21 10 10 22 13 14 20 17 23 
76 38 39 39 74 44 92 38 51 65 82 70 57 58 54 66 86 41 52 45 72 55 93 41 45 57 86 82 65 69 53 65 85 11 0 35 10 53 5 20 30 43 37 20 23 16 26 46 16 35 26 56 10 9 22 49 50 32 36 16 28 48 36 16 55 11 16 28 46 42 24 28 16 27 48 41 89 36 50 63 79 65 53 54 52 63 83 61 10 15 28 53 52 34 38 21 33 53 53 64 78 98 87 73 75 69 81 101 20 31 43 37 20 23 17 27 47 47 53 38 27 27 33 41 59 66 49 40 40 45 54 73 80 65 68 59 71 91 61 65 48 59 78 48 33 45 65 35 47 67 43 63 74 
72 28 36 31 64 40 83 28 38 51 74 67 51 54 43 55 76 43 57 48 67 58 89 43 41 50 84 85 67 71 51 62 80 26 17 24 23 45 14 5 14 38 43 25 29 6 17 36 30 31 39 53 26 10 13 49 58 40 45 21 28 43 27 28 48 16 41 13 43 48 30 35 11 21 39 35 79 24 36 49 70 62 46 49 40 52 72 57 23 10 18 52 58 40 45 21 31 47 45 53 66 91 84 68 71 60 72 92 5 14 38 42 24 29 6 17 37 31 43 37 20 23 17 27 47 55 44 30 32 30 40 60 80 63 66 51 63 83 65 70 48 58 74 51 30 41 59 34 45 62 32 52 64 
64 18 31 23 51 33 72 18 25 38 64 60 43 46 31 44 64 41 57 46 59 57 80 41 34 41 76 81 63 67 45 55 71 37 28 13 32 35 27 14 5 31 44 28 33 12 11 26 40 26 46 46 36 20 10 45 60 44 49 25 27 36 18 36 39 28 13 62 37 49 33 38 15 17 30 28 67 13 22 36 59 55 38 41 28 40 60 49 32 15 10 47 59 42 47 23 27 39 35 41 53 81 76 59 63 48 60 80 14 5 31 43 28 33 11 11 26 20 32 33 15 20 5 13 34 43 37 20 23 17 27 47 74 56 60 41 53 72 63 68 44 53 67 50 26 34 50 31 39 53 20 40 52 
30 20 6 14 38 4 50 20 32 40 38 24 12 12 24 29 46 14 27 17 26 24 47 13 3 15 41 45 27 31 8 19 39 45 46 25 40 15 49 47 42 5 23 27 27 37 26 18 43 11 41 10 45 38 29 10 34 30 32 29 17 4 19 38 12 46 43 37 87 25 26 26 32 21 14 9 48 25 36 42 36 19 11 9 27 30 45 15 39 33 26 10 31 24 27 24 12 9 15 32 43 53 41 27 29 29 39 58 47 42 5 22 27 26 37 26 19 50 20 8 23 19 40 33 34 31 5 19 15 39 36 44 37 20 23 17 27 47 29 34 10 16 32 20 12 2 20 10 2 21 22 29 35 
47 39 25 35 63 29 73 40 55 64 60 38 36 34 49 54 70 11 10 9 45 14 61 12 28 40 51 41 26 28 26 36 55 35 42 42 32 40 47 53 54 28 5 23 19 42 37 42 31 27 23 30 35 38 38 18 10 11 9 27 22 29 38 27 37 42 48 49 25 74 18 13 37 32 38 30 72 43 58 66 59 36 36 33 51 55 70 36 32 38 39 23 10 7 4 27 23 34 41 57 69 72 53 47 46 54 62 80 54 55 29 5 23 19 43 38 42 67 45 20 34 29 54 52 59 56 31 40 36 59 59 69 43 34 34 42 50 68 20 23 17 27 47 8 25 28 43 20 24 41 44 54 60 
55 29 21 27 62 26 76 30 46 58 64 48 38 38 44 52 71 17 28 21 52 30 72 17 27 40 63 58 41 44 32 44 64 20 24 30 15 38 29 35 38 25 13 5 1 25 23 35 17 19 16 35 19 20 22 26 28 10 15 9 10 29 27 12 37 24 30 33 26 18 40 4 19 19 34 25 74 31 47 58 62 44 36 35 44 51 69 41 15 20 25 31 28 10 15 10 15 35 38 53 66 79 64 53 54 54 64 84 36 38 26 12 5 1 25 23 36 53 40 18 20 16 38 39 52 53 31 31 28 46 50 64 57 43 45 42 53 73 37 41 24 36 56 23 17 27 47 15 26 47 35 51 60 
54 33 22 30 63 28 77 33 50 61 65 46 39 38 46 54 72 15 23 18 51 27 70 15 28 41 61 54 38 41 31 43 63 22 28 34 18 39 33 40 43 27 9 10 5 30 27 38 19 22 14 35 22 25 27 24 23 6 10 14 13 30 31 14 38 28 35 38 26 13 4 47 24 23 36 27 75 35 51 62 62 43 37 36 47 53 71 41 18 25 30 30 24 6 10 15 18 35 40 55 68 79 63 53 53 55 65 85 41 43 27 9 10 5 30 28 38 58 43 18 24 20 43 43 55 55 32 34 31 50 53 67 54 42 43 43 53 73 33 37 23 35 55 20 19 27 47 17 27 47 38 53 61 
63 21 26 23 58 30 77 22 36 49 67 57 42 44 38 49 70 31 46 37 58 47 80 31 31 42 73 74 55 60 41 52 71 22 16 19 17 37 17 16 19 28 32 14 19 5 10 30 25 21 30 43 21 6 6 38 47 30 35 10 17 34 20 20 40 16 11 15 32 37 19 24 34 12 32 26 73 19 35 48 63 52 38 40 36 47 67 47 17 1 12 42 47 29 34 10 20 38 37 48 61 83 74 59 61 53 65 85 16 19 29 31 14 19 5 10 30 35 37 26 11 13 20 25 43 50 35 24 24 31 38 57 69 52 56 43 55 75 54 58 37 48 65 40 20 31 50 23 34 52 27 47 58 
51 11 15 11 47 18 65 11 27 40 55 46 30 33 27 38 58 24 40 29 46 40 68 24 19 30 62 65 46 51 30 41 59 31 28 11 25 25 29 26 22 17 27 16 19 15 5 19 31 10 34 31 30 18 8 29 43 29 33 14 10 22 9 26 27 27 21 17 21 32 19 23 12 54 20 14 61 12 28 40 51 41 26 28 26 36 55 35 25 13 7 31 42 26 31 9 10 26 25 37 51 71 62 47 50 41 53 73 26 22 17 27 15 19 15 5 19 35 25 16 1 3 21 20 34 39 23 13 12 27 31 47 58 41 45 31 43 63 46 51 27 37 53 33 9 20 38 14 23 41 17 36 47 
34 11 14 8 28 9 44 11 18 26 35 31 13 17 11 18 38 27 41 31 29 38 50 26 10 11 47 57 39 44 19 26 41 50 48 16 44 5 49 43 34 10 35 33 34 34 22 5 50 14 50 18 50 38 26 24 48 41 44 33 23 10 12 44 9 48 39 30 14 38 34 36 32 20 94 8 41 16 22 28 31 26 8 12 13 17 36 19 44 33 21 23 45 36 39 28 18 10 5 19 32 51 46 29 33 21 33 53 43 34 9 35 33 34 34 22 5 38 7 18 20 20 31 21 20 19 10 10 7 27 22 31 46 27 32 11 23 43 43 48 24 27 37 34 17 11 20 19 15 23 10 17 27 
37 11 5 5 36 5 52 11 25 34 41 32 16 19 19 27 46 19 34 23 32 32 54 18 6 16 49 54 36 41 17 27 45 42 41 15 36 12 43 39 33 3 27 25 26 29 18 11 41 5 41 18 42 32 21 19 40 32 35 25 15 8 10 36 14 41 35 28 9 30 25 27 26 14 8 71 49 16 28 36 38 27 12 14 20 26 44 21 36 27 18 19 38 27 31 20 9 12 13 28 41 57 49 33 36 29 40 60 39 33 3 26 24 25 29 18 12 41 15 10 15 13 31 24 28 28 9 10 6 30 28 39 45 28 32 18 29 50 38 43 18 25 39 27 8 6 24 10 11 26 14 25 35 
30 51 52 50 16 47 5 51 44 34 13 38 36 37 36 24 4 61 69 62 29 64 32 61 47 33 41 65 56 60 45 37 27 92 90 55 86 36 91 82 70 48 71 74 75 75 63 43 91 55 89 41 91 80 67 53 78 78 80 75 64 44 53 85 36 89 79 67 48 72 74 75 73 61 41 49 43 55 48 39 12 37 37 38 40 27 9 35 85 74 62 48 73 72 74 69 58 39 36 27 18 19 38 27 31 20 9 12 82 70 48 70 74 74 75 63 43 65 36 56 62 62 67 55 36 24 42 49 49 56 44 27 48 39 43 31 22 11 65 68 54 46 34 64 57 47 28 58 48 30 47 27 15 
50 5 20 10 39 21 59 5 16 29 50 47 29 33 19 31 51 33 49 38 45 48 67 32 22 27 63 70 52 57 33 42 57 41 36 0 36 21 36 27 18 19 38 28 31 20 9 12 43 16 46 33 41 26 13 35 53 41 45 26 21 24 5 38 26 36 24 13 25 43 31 35 19 12 16 16 55 72 16 28 46 42 24 28 16 27 48 35 35 20 7 35 52 37 42 21 19 26 21 29 42 67 63 46 49 35 47 67 27 18 19 38 27 31 20 9 12 25 19 24 11 14 15 8 23 31 24 6 10 15 19 37 61 43 47 28 39 58 54 59 34 41 53 42 17 22 36 22 27 40 7 27 39 
53 18 33 23 31 31 53 18 5 16 48 53 35 39 16 26 44 47 62 52 48 60 68 46 32 31 67 79 62 67 42 48 58 57 51 17 52 25 49 36 23 31 53 44 48 33 25 17 59 30 63 41 57 41 28 47 68 57 61 42 38 33 20 54 31 50 36 22 36 58 47 51 35 28 22 28 48 16 54 13 43 48 30 35 11 21 39 41 51 35 23 45 66 53 57 38 34 33 25 21 32 64 66 48 52 32 43 61 36 23 30 53 44 47 33 25 17 18 19 38 27 31 20 9 12 25 33 17 22 7 4 24 68 49 54 30 39 55 66 71 46 50 57 55 32 33 39 37 38 43 14 22 33 
51 29 41 32 23 38 44 28 12 5 42 53 37 42 17 21 35 55 69 59 46 66 64 54 39 32 66 82 66 71 47 49 55 70 64 28 64 28 63 49 36 38 63 56 59 47 38 24 71 40 74 44 69 54 41 53 76 67 71 54 48 39 31 66 33 63 49 36 42 66 58 62 48 40 28 36 39 28 13 36 37 49 33 38 15 17 30 42 64 48 35 50 73 63 67 49 44 36 28 16 21 57 64 46 51 27 36 51 49 36 37 62 55 58 46 37 23 27 22 46 39 42 33 22 8 19 38 27 31 20 9 12 68 51 56 31 36 47 71 76 53 53 56 63 42 39 38 46 44 43 23 18 26 
19 42 41 39 14 35 14 42 38 31 5 26 23 25 28 16 12 49 56 50 17 51 27 48 35 21 32 54 44 48 32 25 19 80 79 46 74 25 81 73 63 36 58 62 63 65 53 33 79 43 77 28 80 69 57 41 66 66 67 64 52 32 43 73 24 79 70 59 36 59 62 62 63 51 31 38 12 46 43 37 39 25 26 26 32 21 14 23 74 64 52 35 60 60 61 58 47 27 25 21 19 21 30 15 20 11 3 22 73 62 36 58 62 62 65 53 33 61 27 44 52 51 59 47 31 18 30 40 38 50 39 27 38 27 31 20 9 12 53 56 42 34 23 52 46 35 15 46 35 18 38 20 10 
11 37 26 32 35 22 37 37 43 45 25 5 13 8 32 29 37 28 31 27 9 26 27 27 21 17 21 32 19 23 12 0 20 64 66 42 59 22 69 67 60 24 36 46 45 56 45 31 61 31 57 9 63 58 49 18 41 44 45 49 37 19 37 56 17 65 62 55 19 36 44 43 52 41 26 27 37 42 48 49 25 76 18 13 37 32 38 6 58 53 45 13 35 39 39 44 32 16 23 34 40 36 21 10 10 25 29 45 67 60 24 36 46 45 56 45 32 65 28 27 42 39 57 48 41 31 18 36 31 53 46 45 19 2 6 18 17 32 27 31 20 9 12 28 32 21 12 30 18 7 37 31 31 
26 19 15 15 27 9 40 19 25 30 29 23 5 9 15 18 35 25 37 28 21 33 42 24 9 4 39 49 32 37 13 18 33 54 53 24 48 5 55 50 42 10 34 36 37 41 29 13 53 17 51 10 54 44 33 20 45 41 43 37 26 7 20 47 1 53 46 38 11 36 36 37 38 26 8 12 37 24 30 33 26 18 55 4 19 19 34 11 48 39 28 17 41 35 38 32 20 2 5 21 32 45 38 21 25 18 28 48 50 42 10 34 36 36 41 29 13 46 11 18 27 25 39 30 25 20 5 18 14 35 29 33 38 19 24 6 17 37 38 42 20 20 29 31 20 9 12 20 12 15 18 18 24 
22 23 15 18 30 9 40 23 30 35 29 19 2 5 20 21 36 22 33 24 18 29 39 22 9 6 35 44 27 32 8 13 30 54 55 28 49 9 57 53 46 11 32 37 36 43 32 18 53 19 50 6 54 46 36 16 42 39 41 38 26 6 23 47 4 54 49 41 9 33 35 36 40 28 12 14 38 28 35 38 26 13 4 62 24 23 36 7 49 41 32 12 37 33 35 33 21 2 10 25 35 44 35 19 21 20 29 49 53 46 11 31 36 36 43 32 18 51 16 17 29 27 43 34 30 23 4 22 18 40 34 37 33 15 19 8 17 37 33 38 17 15 25 27 21 9 11 20 9 12 23 22 27 
42 15 26 17 23 23 44 14 6 14 37 42 24 29 5 16 36 40 54 44 37 52 57 39 23 20 56 69 52 57 32 37 47 57 52 16 51 14 53 42 30 23 47 42 44 36 25 9 58 25 60 30 57 42 29 38 61 52 56 41 33 24 17 52 20 52 40 28 27 51 44 47 36 26 13 20 40 16 11 15 32 37 19 24 40 12 32 30 51 37 23 36 58 48 51 35 29 22 14 13 25 54 55 37 41 21 33 52 42 30 22 47 41 44 36 25 8 29 8 30 26 28 27 15 8 15 23 13 16 18 9 21 57 39 43 19 28 45 57 61 38 39 46 47 27 24 27 31 29 32 9 12 24 
34 25 31 25 11 26 32 24 16 12 26 36 21 26 8 5 23 44 56 47 29 52 47 43 27 17 49 65 50 55 32 32 38 67 63 28 61 15 64 54 42 27 52 50 52 48 36 16 67 31 67 28 66 53 40 39 64 58 61 50 41 26 27 61 18 63 52 40 30 55 51 53 47 36 17 26 27 27 21 17 21 32 19 23 12 18 20 26 61 48 35 35 60 53 56 45 35 21 14 2 15 43 47 29 34 10 21 40 54 42 26 52 50 52 47 36 16 39 10 35 36 37 39 27 9 3 24 23 23 29 18 14 51 34 39 15 19 33 56 61 39 38 38 50 34 27 21 36 31 26 20 1 12 
33 45 48 44 8 43 14 44 35 25 17 40 33 36 28 17 5 59 68 60 31 64 39 58 43 30 46 68 57 61 44 38 32 86 83 48 81 31 84 74 62 44 68 69 70 68 56 36 86 50 85 39 86 73 60 52 77 75 77 70 59 41 47 80 32 83 72 60 45 70 69 71 67 55 36 44 9 48 39 30 14 38 34 36 32 20 25 35 80 68 55 47 72 69 72 64 54 35 31 19 8 28 43 29 34 15 10 21 74 62 43 67 69 70 68 56 36 56 30 52 56 56 59 46 27 16 39 43 43 47 35 18 52 40 44 28 21 19 66 69 53 47 38 63 53 43 27 54 45 31 40 20 9 
15 30 21 26 30 16 36 30 36 39 24 11 6 2 25 23 34 26 33 26 11 29 32 26 16 10 27 39 24 28 9 6 23 60 61 35 55 15 64 61 53 18 35 43 42 51 39 24 59 26 55 5 60 53 43 18 42 43 44 45 33 13 31 53 10 61 57 49 15 36 41 41 47 35 19 21 35 35 41 42 23 6 11 7 30 26 35 99 55 48 39 12 37 37 38 40 27 9 16 28 36 38 27 12 14 20 26 44 61 53 18 35 42 42 51 39 25 58 21 23 36 34 51 41 34 25 12 29 25 47 40 39 26 8 13 11 13 32 31 35 19 12 18 28 27 15 7 26 14 6 30 25 26 
70 36 33 36 72 39 88 36 52 65 77 62 51 52 52 63 82 32 42 36 66 45 86 32 39 52 78 73 56 59 46 58 78 6 10 35 0 49 15 27 35 37 27 12 14 20 26 44 8 30 16 49 5 12 23 41 40 21 26 10 22 42 34 5 50 10 23 32 39 32 15 18 17 25 44 36 85 35 51 64 74 58 48 49 51 61 80 55 32 16 28 46 42 24 28 16 27 48 49 62 76 93 79 67 68 65 77 97 28 36 38 27 12 14 20 26 44 52 50 31 25 24 37 42 59 63 44 38 37 48 55 72 72 58 60 54 66 86 52 55 39 51 71 38 28 40 60 28 40 61 42 60 71 
64 22 27 24 59 31 78 23 36 50 68 58 43 45 39 50 71 32 46 37 59 48 81 32 32 43 74 74 56 61 42 53 72 21 15 20 17 38 16 15 19 30 32 14 19 4 11 31 24 22 30 44 21 5 7 39 48 30 35 11 18 35 21 20 41 15 10 15 33 38 20 25 1 13 33 27 74 20 35 48 64 53 39 41 37 48 68 48 16 56 13 43 48 30 35 11 21 39 38 49 62 84 75 60 62 54 66 86 16 20 30 32 14 19 5 11 31 36 38 27 12 14 20 26 44 51 36 25 25 31 39 57 70 53 57 44 56 76 55 59 38 49 66 41 21 32 52 24 35 54 28 48 59 
54 10 20 13 46 23 65 10 23 36 56 50 33 37 26 38 58 31 47 36 49 46 71 30 24 32 67 71 52 57 35 45 62 34 29 7 28 27 29 21 15 21 34 21 25 13 2 18 36 15 40 36 33 19 5 35 50 36 40 19 17 26 9 31 30 28 18 10 26 39 25 30 12 7 21 18 62 7 23 35 52 45 28 32 23 35 55 39 28 13 72 37 49 33 38 15 17 30 27 36 49 73 67 50 53 42 54 74 21 16 21 34 21 25 13 2 19 28 25 23 5 10 14 14 31 38 27 12 14 20 26 44 63 46 50 33 45 65 53 58 34 42 57 40 15 24 41 20 28 44 14 35 46 
24 30 16 25 42 14 49 30 41 47 36 16 14 11 32 33 47 14 21 14 22 17 40 14 13 18 32 34 16 21 3 13 33 51 54 35 46 21 57 57 52 15 23 34 32 46 36 28 48 21 43 7 51 46 39 5 30 31 32 37 25 12 30 43 17 53 52 47 10 23 31 30 42 31 23 19 48 35 45 50 35 13 17 12 36 35 47 12 46 43 37 76 25 26 26 32 21 14 22 37 47 49 33 23 23 32 39 57 57 52 16 23 34 32 46 36 28 60 28 15 33 29 50 43 42 36 12 30 25 49 45 49 27 12 14 20 26 44 21 25 7 6 25 16 22 13 20 18 8 18 32 34 38 
46 48 32 43 67 35 73 48 63 71 61 36 40 36 55 59 72 18 4 14 45 9 58 19 34 44 47 32 20 21 29 35 54 45 52 51 42 45 57 64 64 35 15 34 29 53 47 49 40 35 31 33 45 49 48 21 5 20 17 38 31 34 46 37 42 52 58 59 31 10 28 24 47 42 45 38 73 52 66 73 60 35 41 37 58 60 72 37 42 48 49 25 55 18 13 37 32 38 46 62 73 71 49 46 44 58 64 80 64 65 35 16 34 29 53 48 49 77 51 28 44 39 63 60 65 61 36 48 43 67 66 74 38 34 32 46 51 68 12 14 20 26 44 10 34 33 45 29 29 42 52 59 64 
50 34 22 31 62 27 74 35 51 62 62 42 36 35 47 53 70 11 17 12 48 21 66 11 26 39 56 48 32 35 28 39 59 28 34 37 24 38 39 46 47 26 3 15 11 35 31 39 24 23 17 32 28 31 31 20 17 5 8 19 15 28 33 20 37 34 40 42 24 7 10 6 29 26 36 27 72 37 53 63 60 39 35 33 48 53 69 37 24 30 33 26 18 24 4 19 19 34 39 55 67 75 58 49 49 54 63 82 46 48 26 3 16 11 35 31 39 61 43 17 28 23 47 46 56 55 30 36 32 53 55 67 49 38 38 41 51 70 27 31 19 30 51 14 20 26 44 17 24 43 40 52 60 
50 39 25 35 65 30 75 39 55 65 63 42 38 36 50 56 72 12 14 12 48 18 65 13 29 41 55 45 30 32 29 39 59 31 38 41 28 41 43 51 52 29 4 20 15 40 36 42 27 27 19 33 31 35 36 20 12 7 5 24 20 31 37 23 39 38 45 47 27 4 15 10 34 31 39 31 74 42 57 67 61 39 38 35 51 56 72 38 28 35 38 26 13 4 28 24 23 36 42 58 70 76 57 50 49 56 65 83 51 53 30 4 20 16 40 36 43 66 46 21 33 28 52 51 59 58 32 40 36 58 59 70 47 38 38 44 52 71 24 27 19 30 50 12 25 29 46 20 26 44 44 55 62 
55 20 18 19 56 23 72 21 37 49 61 48 35 37 36 46 66 21 35 26 51 37 72 21 24 36 65 63 45 49 32 44 63 22 21 21 16 32 25 27 28 22 21 6 10 15 12 28 22 14 25 35 22 14 12 29 37 21 26 5 7 26 18 17 34 21 21 23 24 27 10 15 10 9 28 20 69 21 38 49 58 44 32 33 35 45 64 40 16 11 15 32 37 19 24 41 12 32 33 46 60 77 65 52 54 49 60 81 27 28 22 21 6 10 16 13 28 43 34 17 10 7 28 29 43 47 28 22 21 36 40 56 60 44 47 38 50 70 43 48 27 38 57 30 12 24 44 14 26 45 26 44 55 
43 15 6 12 46 11 61 16 32 43 50 37 24 25 28 36 55 14 30 19 39 29 60 13 12 25 53 54 36 40 20 32 51 33 33 18 28 22 36 36 33 10 19 15 16 25 15 20 32 4 31 23 33 25 18 18 34 23 27 17 5 14 14 27 22 33 31 27 12 23 15 18 20 10 18 9 58 19 34 44 47 32 20 21 29 35 54 27 27 21 17 21 32 19 23 12 53 20 22 37 50 65 54 40 42 38 49 69 36 33 10 18 15 16 25 16 20 44 25 6 12 7 31 28 37 38 16 16 13 35 36 48 49 32 35 26 38 58 36 41 17 27 45 23 1 12 32 3 14 33 20 35 44 
24 21 14 16 29 8 41 21 28 33 29 21 3 7 18 20 36 23 34 25 19 31 41 22 8 5 37 46 29 34 10 16 32 53 53 26 48 7 56 51 44 10 32 36 36 42 30 15 52 17 50 8 53 44 34 17 43 39 41 37 25 5 21 47 3 53 47 39 9 34 35 35 38 26 10 12 39 26 33 36 27 16 2 2 22 21 35 9 48 39 30 14 38 34 36 32 20 89 8 23 34 45 37 20 23 20 29 49 51 44 9 32 35 35 42 30 16 49 14 17 27 25 41 32 28 22 3 19 16 38 32 36 35 17 21 7 18 38 35 39 18 17 27 28 19 8 12 19 9 14 21 20 26 
29 17 17 14 23 12 39 16 20 25 29 27 9 14 10 14 33 29 42 32 24 39 45 29 12 6 43 54 38 43 18 23 36 55 53 21 49 0 55 48 39 13 38 38 39 40 28 9 55 19 54 16 55 44 32 25 50 44 47 38 28 11 18 49 5 53 45 35 15 41 38 40 37 25 5 13 36 21 25 28 25 23 5 10 14 14 31 16 49 38 27 22 46 39 42 33 22 8 110 16 28 46 42 24 28 16 27 48 48 39 12 37 37 38 40 27 9 42 6 21 26 25 36 25 19 15 10 15 13 31 24 28 42 24 29 6 18 38 43 48 25 25 32 35 21 13 15 23 16 18 15 13 22 
35 26 33 26 10 28 31 26 16 11 26 38 23 27 10 5 23 46 58 49 30 54 48 45 29 18 50 67 52 57 34 34 39 68 65 29 63 17 65 55 43 29 54 52 54 49 38 18 69 33 69 30 68 55 42 41 66 60 63 52 43 28 28 63 20 64 53 41 32 57 53 55 48 37 19 28 27 29 21 16 21 34 21 25 13 2 19 28 62 49 36 37 62 55 58 46 37 23 16 97 13 43 48 30 35 11 21 39 55 43 28 54 52 53 49 37 18 39 12 37 37 38 40 27 9 3 26 24 25 29 18 12 52 36 41 17 20 33 58 63 41 39 40 52 36 29 22 38 33 27 21 3 12 
38 40 46 40 5 40 23 39 28 16 23 43 33 36 23 14 13 57 69 60 34 64 46 57 41 29 52 72 60 64 44 40 38 82 78 42 76 28 78 67 55 41 66 65 67 62 51 31 82 46 82 40 81 68 55 52 77 73 75 65 56 39 41 76 31 78 66 53 43 69 66 68 61 51 32 41 18 42 32 21 19 40 32 35 25 15 8 36 76 62 49 47 73 67 70 60 50 34 28 13 79 37 49 33 38 15 17 30 67 55 41 66 65 66 62 51 31 48 25 50 51 52 51 39 19 12 37 37 38 40 27 9 56 43 47 27 24 27 67 71 52 48 42 63 49 41 28 51 44 33 34 15 10 
25 63 59 60 34 53 14 63 59 52 16 34 41 40 49 38 23 64 67 63 27 62 17 64 53 41 29 54 51 53 47 36 17 99 99 67 93 46 101 94 84 55 73 81 80 86 74 55 97 63 93 43 98 89 78 55 77 81 81 82 71 50 64 91 43 98 91 81 53 72 79 79 83 71 51 57 19 67 64 57 21 36 45 44 54 43 28 38 93 84 73 49 71 75 76 77 65 45 46 43 37 25 25 26 26 32 21 14 94 84 55 72 80 80 86 74 54 82 48 61 72 70 81 69 52 39 49 61 59 72 61 46 37 37 38 40 27 9 60 62 56 45 26 64 65 53 33 64 52 32 60 42 31 
13 58 48 53 44 44 35 58 61 59 26 16 33 30 50 42 40 47 46 45 18 40 9 47 43 36 3 29 28 29 33 21 10 84 87 63 79 42 90 88 81 45 55 67 65 78 67 51 82 52 76 31 84 79 70 38 55 63 62 70 58 40 58 76 37 87 84 76 41 53 64 63 74 62 46 49 38 63 66 64 30 21 38 35 55 47 43 27 79 75 67 33 49 58 57 65 54 37 42 48 49 25 75 18 13 37 32 38 88 81 45 55 67 65 78 67 51 84 47 48 64 61 78 68 57 44 39 56 53 73 64 57 12 21 19 36 27 27 37 38 40 27 9 45 54 42 27 51 39 23 57 46 39 
5 41 33 36 28 28 27 41 43 41 14 11 16 15 32 24 27 38 42 37 1 37 21 37 28 18 19 39 29 32 21 10 11 73 74 46 67 24 76 72 64 30 47 55 54 62 51 34 71 38 67 17 72 65 54 29 52 55 55 57 45 25 41 65 20 73 68 59 27 47 53 53 59 47 29 33 27 46 48 46 15 10 21 19 37 29 29 12 67 60 50 23 46 49 50 52 40 20 24 30 33 26 18 75 4 19 19 34 72 64 30 46 55 54 62 50 34 66 29 35 48 46 61 50 38 27 24 39 36 54 45 40 23 12 15 18 9 21 37 41 30 20 9 38 40 27 9 38 26 6 39 27 23 
1 44 35 40 33 31 30 44 47 46 18 8 20 16 36 29 31 38 41 37 4 35 18 38 30 22 15 34 25 29 22 10 10 74 75 49 69 28 78 75 67 32 47 56 55 65 53 37 72 40 67 19 74 67 57 29 50 55 55 59 47 27 45 66 23 75 71 63 29 46 54 53 61 50 33 36 31 49 52 51 20 10 25 21 41 34 34 14 68 62 53 23 44 49 49 54 42 23 28 35 38 26 13 4 77 24 23 36 75 67 32 46 56 55 65 53 37 70 33 37 51 48 64 54 43 31 26 43 39 59 50 44 18 11 12 22 14 23 35 37 30 19 4 37 42 30 13 40 27 9 43 32 28 
24 31 33 30 9 27 23 31 27 22 16 28 18 21 16 5 17 43 54 45 20 49 37 43 27 14 39 58 44 49 29 25 27 71 69 35 66 16 71 62 52 28 52 54 55 55 43 23 71 35 70 25 71 60 47 37 62 59 61 55 44 25 33 65 17 69 60 48 29 54 54 55 53 41 21 29 20 35 32 27 11 25 18 20 21 10 15 20 65 54 42 32 58 54 56 49 38 20 16 11 15 32 37 19 24 80 12 32 62 51 28 52 54 55 55 43 23 50 16 37 42 42 48 36 20 7 24 29 29 39 28 20 42 27 32 12 9 23 52 56 37 32 29 48 37 27 13 38 30 18 27 9 6 
22 43 43 41 13 38 11 43 38 31 6 30 26 28 28 16 8 52 60 53 20 55 29 51 37 24 35 58 48 51 36 29 21 83 81 47 77 28 83 74 64 39 61 65 65 67 55 35 82 46 80 31 82 71 59 44 69 69 70 66 55 35 45 76 27 81 72 60 39 62 64 65 65 53 33 40 9 47 43 36 3 29 28 29 33 21 10 26 77 66 54 39 64 63 65 60 49 29 27 21 17 21 32 19 23 12 55 20 74 63 38 61 65 65 67 55 35 61 28 47 54 53 60 48 31 18 33 41 40 50 39 25 41 31 34 22 12 12 56 60 45 37 27 55 48 37 19 49 38 21 40 20 9 
35 64 63 62 29 58 8 63 56 46 20 44 46 46 48 36 16 71 76 71 35 71 31 70 57 44 42 67 62 64 54 45 29 103 101 67 97 48 103 94 83 59 80 85 85 87 75 55 102 66 99 50 102 92 79 62 86 88 89 86 75 55 65 96 47 101 92 80 58 80 84 85 85 73 53 60 12 67 61 51 22 45 48 49 52 40 21 44 97 86 74 57 80 82 83 81 69 49 48 39 30 14 38 34 36 32 20 19 94 83 59 80 85 85 87 75 55 78 48 66 74 73 79 67 48 36 53 62 61 69 57 39 50 46 48 42 31 12 71 74 63 54 37 72 68 57 37 69 58 38 59 40 27 
76 31 41 35 65 44 86 31 39 52 77 72 55 58 46 58 78 48 63 53 71 64 93 48 45 54 88 90 72 76 56 67 84 31 20 27 28 48 17 0 12 43 48 30 35 11 21 39 35 36 44 57 30 16 18 54 64 46 51 26 34 48 30 33 52 20 5 14 47 54 36 41 16 26 43 39 82 27 36 49 73 67 50 53 42 54 74 61 28 16 21 57 64 46 51 27 36 51 48 55 67 94 88 72 75 62 74 94 33 13 43 48 30 35 11 21 39 28 46 42 24 28 16 27 48 57 49 33 36 29 40 60 84 67 71 55 66 86 71 75 53 63 79 57 35 46 63 39 49 66 34 54 66 
68 23 36 28 53 38 74 23 26 39 67 65 47 51 34 46 66 47 62 52 63 62 85 46 39 45 81 87 68 73 50 60 75 40 31 18 36 39 28 13 0 37 49 34 38 15 17 30 44 31 50 51 40 23 16 51 65 49 54 30 33 41 23 40 44 31 14 5 42 55 38 43 19 22 34 33 70 18 23 36 62 60 42 46 30 42 62 53 36 20 16 52 65 48 53 28 33 44 39 43 55 84 81 64 67 51 63 83 13 57 37 49 33 38 15 17 30 16 36 39 21 26 3 15 35 46 42 24 28 16 27 48 79 61 65 46 57 75 69 74 50 58 71 56 32 40 54 36 44 58 24 43 55 
33 14 4 9 36 1 50 14 27 35 39 29 13 15 20 27 45 17 32 21 29 29 50 17 2 14 45 50 32 37 13 24 42 44 43 19 38 12 46 43 36 0 26 26 27 32 21 13 43 7 41 14 43 35 25 16 39 32 34 27 16 5 14 37 12 43 38 31 5 29 26 27 29 17 9 3 48 19 30 37 36 24 10 11 22 26 43 18 38 30 21 16 35 26 30 22 10 9 12 28 41 55 45 30 32 28 38 59 43 37 92 25 26 26 32 21 14 44 16 9 18 15 34 27 30 28 6 14 9 33 31 40 42 24 28 16 27 48 35 40 15 21 36 25 10 3 22 10 7 23 17 25 34 
48 34 21 30 61 25 72 35 51 61 59 39 34 33 46 52 68 8 15 9 45 18 63 9 25 37 53 45 29 32 25 36 56 31 37 37 27 37 42 48 49 25 0 18 13 37 32 38 27 22 20 29 31 33 33 17 16 8 9 22 16 26 33 23 35 37 42 43 22 5 12 9 31 27 35 26 70 38 53 62 58 36 34 31 47 52 67 35 27 32 34 23 16 3 4 21 18 32 37 54 66 72 55 46 46 52 61 80 48 49 25 84 18 13 37 32 38 62 42 16 29 24 48 46 55 53 28 35 31 53 54 66 46 35 35 39 48 67 24 28 16 27 48 11 20 24 42 16 22 41 39 51 58 
57 26 21 25 61 27 76 27 43 55 65 50 39 40 42 51 71 21 33 25 54 35 74 21 27 40 66 62 45 49 34 46 66 18 20 27 12 37 24 30 33 25 18 0 5 19 18 33 17 18 19 37 17 15 17 29 33 16 21 3 9 30 24 11 38 20 24 28 27 23 5 10 14 15 33 24 74 27 44 55 62 46 36 36 41 50 69 42 12 14 21 34 34 16 20 6 15 35 37 52 65 80 67 55 56 54 65 85 30 33 26 18 49 4 19 19 34 48 39 19 16 13 33 35 49 52 31 28 26 42 46 62 60 46 48 42 53 74 42 46 28 39 59 28 16 27 48 16 28 48 32 49 59 
56 29 21 27 62 27 77 30 46 58 65 48 39 39 44 53 72 18 28 22 53 31 72 18 27 41 64 59 42 45 33 45 65 19 23 30 14 38 28 35 38 26 14 4 0 24 22 35 17 20 15 36 19 19 22 27 28 11 16 8 10 30 27 11 38 23 29 33 26 19 1 5 19 19 34 25 74 31 47 58 62 45 36 36 44 52 70 42 14 19 25 32 29 11 16 10 16 35 38 53 66 80 65 54 55 55 65 85 35 38 26 13 4 56 24 23 36 53 41 18 20 16 38 39 52 54 31 31 28 46 50 64 58 44 46 42 53 73 38 42 25 37 57 24 17 27 47 16 27 48 35 51 60 
66 23 30 26 59 34 78 23 35 48 69 61 45 48 39 51 71 37 51 42 61 53 83 37 35 45 78 79 61 65 45 56 74 25 17 19 21 39 16 11 14 32 37 20 25 0 11 31 28 25 35 47 25 8 7 43 53 36 41 16 22 37 21 25 43 17 6 11 37 43 25 30 5 15 34 29 75 20 33 46 65 56 41 43 36 47 68 51 20 5 13 46 53 35 40 16 25 42 40 49 62 86 78 62 65 55 67 87 11 15 32 37 19 24 32 12 32 31 38 31 14 17 16 24 43 51 39 25 26 28 37 56 74 57 60 46 58 78 59 64 42 52 69 46 24 35 53 28 39 56 27 48 59 
55 11 20 14 48 23 66 11 25 38 57 50 34 37 27 39 59 30 45 35 50 45 71 29 24 33 67 70 52 56 34 45 62 32 27 8 27 27 28 21 16 21 33 19 23 12 0 20 34 15 38 36 31 17 4 34 49 34 38 17 16 26 9 29 31 27 17 11 26 38 23 28 10 5 22 18 63 9 25 37 53 45 29 32 25 36 56 39 26 11 2 36 48 31 36 13 16 30 27 37 51 74 67 50 53 43 55 75 21 17 21 32 19 23 12 55 20 29 26 22 3 8 15 16 33 39 27 13 14 22 28 46 63 46 49 34 46 65 52 57 33 42 57 39 14 24 41 19 28 44 16 36 48 
38 8 17 8 27 14 46 8 13 22 37 37 18 23 8 19 39 31 46 35 33 43 55 31 15 15 52 62 45 50 25 32 45 50 47 12 45 9 48 40 30 14 39 34 36 32 20 0 51 16 52 24 50 37 24 30 53 44 47 34 25 16 10 45 14 47 37 26 19 42 36 38 30 19 5 12 43 12 17 23 33 32 13 18 8 16 36 25 44 31 19 28 49 39 43 28 20 16 9 18 31 54 51 34 37 23 35 55 39 30 14 38 34 36 32 20 96 33 6 22 19 20 27 16 16 19 15 6 7 21 17 28 51 33 38 16 27 46 49 54 29 33 42 39 19 16 24 22 21 28 5 16 27 
71 30 45 35 49 45 70 29 23 31 66 70 51 56 34 44 61 58 74 63 66 73 86 58 46 48 85 95 77 82 57 65 76 57 48 25 52 42 45 28 17 44 62 49 53 32 30 33 60 41 66 57 56 40 30 60 78 64 68 46 46 48 31 56 47 47 31 20 50 67 53 58 35 35 38 41 65 25 18 27 61 65 46 51 29 39 56 58 52 36 28 60 77 61 66 43 44 49 42 39 48 82 84 66 70 50 61 78 28 16 44 62 48 53 31 29 33 26 37 49 33 38 15 17 30 43 48 30 35 11 21 39 84 66 71 48 57 73 79 84 59 65 74 67 42 47 56 47 52 61 28 40 51 
34 15 21 14 21 16 40 15 14 19 31 33 15 20 4 12 32 34 47 37 28 44 49 33 17 11 48 60 44 49 24 28 40 56 53 19 51 6 54 46 36 17 42 40 41 38 27 6 56 21 57 22 56 43 31 30 55 48 51 40 30 16 17 51 11 53 43 32 20 45 40 43 37 25 7 15 36 19 19 22 27 28 11 16 8 10 30 21 50 38 25 28 51 43 46 34 25 14 6 12 25 48 47 29 33 16 28 48 46 36 16 42 39 41 38 26 6 37 86 25 26 26 32 21 14 13 15 13 13 25 18 24 48 30 35 11 21 39 49 53 30 31 37 41 23 17 19 26 21 24 11 10 21 
38 19 4 14 45 9 58 20 35 44 46 31 20 20 29 36 53 9 25 14 34 24 55 8 9 22 47 48 30 34 15 27 46 37 38 23 32 21 42 42 38 8 17 19 19 31 21 21 35 7 33 18 37 31 24 12 30 22 25 22 9 11 18 30 20 38 37 33 8 20 18 18 26 16 18 10 56 24 38 46 44 27 18 17 30 35 52 23 31 27 23 15 28 17 21 17 6 17 21 37 50 61 48 35 37 37 47 66 42 39 9 16 19 18 31 22 22 49 25 96 18 13 37 32 38 37 13 20 15 39 39 49 43 27 29 24 35 55 30 35 11 21 39 18 7 9 28 3 9 29 23 35 43 
52 11 16 12 47 20 65 11 27 39 55 47 31 34 27 38 59 26 41 31 47 41 69 25 21 31 64 66 48 52 31 42 60 31 27 10 25 26 28 24 20 18 29 17 20 14 3 19 32 11 35 33 30 17 6 30 45 30 35 15 12 23 9 27 28 27 20 15 23 34 20 24 11 1 20 15 62 11 27 39 52 42 27 29 26 36 56 36 25 12 5 33 44 28 33 10 12 27 26 37 51 72 64 48 51 42 54 74 24 21 18 29 16 20 14 3 19 33 26 18 60 4 19 19 34 39 24 13 13 25 30 47 60 43 46 32 44 64 48 53 29 38 54 35 11 21 39 15 25 42 16 36 47 
49 13 13 12 48 17 65 13 30 42 54 44 29 31 29 39 59 21 36 26 45 37 66 20 18 29 60 62 43 48 28 39 58 30 28 14 24 25 30 28 25 15 24 13 17 17 8 20 30 8 32 29 29 19 10 26 40 26 30 13 7 20 11 24 27 27 23 20 19 29 16 20 13 3 20 13 62 14 31 42 51 39 25 27 28 37 56 34 24 14 10 29 39 23 28 7 7 25 25 38 52 70 61 46 48 42 53 73 28 26 15 24 13 16 17 8 20 38 26 13 4 70 24 23 36 39 22 15 13 30 33 49 56 39 43 31 43 63 43 48 25 35 51 30 7 18 38 11 21 39 18 36 47 
65 20 34 25 50 36 71 20 23 36 64 62 44 48 31 43 63 45 61 51 60 61 82 45 37 42 78 85 66 71 48 57 72 42 33 15 37 36 31 16 3 34 49 34 38 17 16 27 45 29 51 48 41 25 15 49 64 49 54 30 32 39 20 41 41 33 17 5 40 54 38 43 20 21 31 31 67 15 20 33 59 57 39 43 27 39 59 51 37 20 14 50 63 47 52 28 31 41 36 40 51 81 78 61 64 48 60 79 16 3 34 48 33 38 16 15 27 15 32 37 19 24 22 12 32 42 39 21 25 13 24 44 76 58 62 43 54 72 67 72 48 56 68 54 30 37 51 35 42 55 21 39 51 
55 13 29 18 38 28 59 12 11 24 52 53 35 39 19 31 51 42 57 47 50 56 71 41 29 32 69 78 60 65 40 48 61 48 41 9 43 26 40 28 15 27 47 36 40 24 17 16 50 25 54 40 47 31 19 43 62 49 54 34 30 31 14 45 31 41 27 13 33 52 39 43 25 20 21 24 55 8 9 22 47 48 30 34 15 27 46 41 42 26 14 43 60 46 51 29 28 32 25 27 39 69 68 50 54 36 48 67 27 15 27 46 35 39 24 16 16 17 21 32 19 23 12 43 20 30 31 13 18 6 13 33 67 49 54 32 43 60 62 67 42 48 58 51 26 30 40 31 35 44 11 27 39 
44 23 34 25 19 30 40 22 8 6 36 45 28 33 9 15 31 47 61 51 39 58 57 47 31 24 58 73 57 62 38 41 48 65 60 24 59 20 60 48 35 30 55 50 52 43 33 17 66 33 68 36 64 50 37 44 69 60 64 49 41 30 25 61 25 59 47 34 34 59 52 55 43 34 20 28 36 23 12 8 31 41 25 30 8 9 27 34 59 44 31 42 65 56 59 43 37 28 19 9 19 52 57 38 43 20 31 48 48 35 30 55 49 52 43 33 16 30 14 38 34 36 32 20 79 13 29 21 24 20 8 13 60 43 48 23 29 43 63 68 44 45 48 55 35 31 30 39 36 35 17 11 21 
32 28 33 27 8 28 28 27 20 14 23 35 21 25 11 2 20 45 57 48 27 53 44 44 28 17 46 64 49 54 32 31 35 70 66 31 64 16 67 57 46 28 54 53 54 51 39 19 70 34 70 28 69 56 43 40 65 60 63 53 43 27 30 64 19 66 55 43 31 56 53 55 50 39 19 28 24 31 25 19 18 31 20 23 15 3 16 25 63 51 38 36 61 55 58 47 38 22 15 3 12 39 44 27 31 7 18 36 57 46 28 53 52 54 51 39 19 43 13 37 39 39 42 30 13 74 25 26 26 32 21 14 49 33 38 15 17 30 56 61 40 37 36 51 36 28 19 38 32 24 23 3 9 
27 19 10 14 32 4 45 19 29 35 33 23 7 9 20 23 40 19 32 22 23 28 44 19 4 9 39 46 29 34 9 18 35 50 50 24 44 9 52 49 42 6 28 32 32 39 27 15 48 14 46 8 49 41 31 15 40 35 37 33 22 1 19 43 6 49 44 37 5 31 31 32 35 23 10 9 42 24 33 38 30 18 5 4 23 24 39 12 44 36 27 12 36 30 32 28 16 3 10 26 37 49 39 24 26 24 33 53 49 42 6 28 31 31 39 27 15 48 15 13 24 22 39 31 29 25 99 18 13 37 32 38 37 18 23 11 21 42 33 38 15 17 30 25 16 4 16 15 6 17 20 23 30 
44 2 16 5 34 15 53 1 15 27 44 41 23 27 14 25 46 29 45 34 39 43 60 29 16 21 57 64 46 51 27 36 51 44 40 6 38 15 41 33 24 14 36 28 31 25 13 6 45 13 47 27 44 30 17 30 51 40 43 28 21 18 4 39 19 40 30 20 19 40 31 34 24 13 10 10 49 6 17 27 40 36 18 22 13 23 43 29 38 25 12 30 48 36 40 22 16 19 15 24 37 61 56 39 43 29 41 62 33 24 14 35 28 31 25 13 6 30 13 20 13 15 21 13 21 26 18 67 4 19 19 34 55 37 41 21 33 52 49 54 29 35 47 38 15 17 30 19 22 33 4 22 34 
40 5 11 1 35 10 52 5 19 30 42 36 19 23 15 25 45 25 40 29 35 38 57 24 11 18 53 60 42 46 22 31 48 43 40 10 37 12 42 36 28 9 32 26 28 27 15 7 43 9 44 22 43 31 19 25 46 36 40 26 17 13 5 38 16 40 32 23 15 36 28 31 24 12 7 6 49 10 22 31 38 31 14 18 16 23 43 25 37 25 14 25 43 32 36 21 13 16 13 25 38 59 53 36 39 29 40 61 36 28 9 31 26 28 26 14 7 35 13 15 13 13 25 18 24 26 13 4 76 24 23 36 50 32 37 19 31 51 44 49 24 30 43 33 11 12 27 15 17 30 8 23 34 
59 19 35 25 39 35 61 19 12 23 55 58 40 45 23 34 52 48 64 54 54 63 75 48 36 37 74 84 66 71 46 53 65 53 46 16 48 31 44 30 16 34 54 42 46 28 23 22 56 32 60 45 53 36 25 50 69 56 61 40 37 37 21 51 36 45 30 17 39 59 46 50 31 27 27 30 56 15 7 20 50 53 35 40 18 29 47 47 48 31 20 49 67 53 58 36 35 38 31 29 40 72 73 54 59 39 50 69 29 16 33 53 42 46 28 22 21 11 25 39 25 30 13 6 20 32 37 19 24 30 12 32 73 55 59 37 46 62 69 74 49 54 63 57 33 36 45 38 41 49 17 30 41 
51 20 34 24 27 32 49 20 3 11 44 51 33 38 14 23 40 48 63 52 46 61 65 47 32 29 65 78 61 66 42 46 56 60 54 19 55 24 53 41 28 31 55 47 50 37 28 17 62 32 65 40 60 44 31 47 69 59 63 45 40 33 22 57 29 54 40 27 36 59 50 53 38 31 22 28 44 19 4 9 39 46 29 34 9 18 35 40 55 39 26 45 66 55 59 40 36 32 24 18 27 61 64 45 50 28 39 57 40 27 31 54 46 50 37 28 17 21 18 39 30 33 24 13 8 21 32 19 23 12 34 20 66 48 53 28 37 51 66 71 47 49 55 56 34 33 36 38 38 41 15 19 30 
44 36 45 37 12 40 32 35 21 8 32 49 35 39 20 16 23 58 70 61 40 67 55 57 41 31 59 78 64 68 46 45 46 78 73 37 72 29 73 61 48 41 66 62 65 57 46 28 79 44 80 42 78 63 50 53 78 72 75 62 54 40 38 73 32 73 60 47 44 69 64 67 57 47 31 39 27 37 24 12 27 45 33 37 21 14 18 39 72 57 44 49 74 67 70 56 48 36 28 12 9 46 57 40 44 20 25 39 60 48 40 66 62 64 56 46 28 39 24 49 47 49 44 33 13 14 38 34 36 32 20 60 62 47 52 29 30 37 70 75 53 51 49 64 47 41 33 50 45 38 30 15 17 
18 56 43 51 51 40 46 56 63 64 35 14 33 28 52 47 49 40 35 36 22 29 22 39 39 36 9 17 17 17 28 19 21 77 80 61 72 42 84 84 79 42 46 60 58 74 63 51 73 48 66 28 76 74 66 31 43 54 52 64 52 37 56 68 37 80 80 74 37 43 57 54 69 58 46 45 48 61 68 68 38 19 38 33 57 51 52 26 72 70 63 27 38 49 47 60 49 35 42 52 56 37 12 23 18 42 41 50 84 79 42 46 60 58 74 63 51 84 48 43 60 56 76 67 60 49 37 55 50 73 66 62 51 18 13 37 32 38 26 26 32 21 14 35 49 39 30 46 35 25 56 49 46 
12 38 26 33 37 23 39 38 45 47 27 4 14 10 34 31 39 27 30 25 11 24 28 26 22 18 21 30 17 21 11 2 21 63 65 43 58 24 69 67 61 24 35 46 44 57 46 33 61 31 56 10 63 58 49 17 39 43 43 49 37 19 38 55 18 65 63 56 20 34 43 42 52 41 27 28 39 43 49 51 27 2 19 15 39 34 40 8 58 53 46 12 34 38 38 44 32 17 24 36 43 37 21 12 11 27 31 46 67 61 24 35 46 44 57 46 33 66 30 27 43 39 58 49 43 33 18 37 32 55 48 47 18 52 4 19 19 34 25 29 19 7 12 26 32 21 14 30 18 9 38 33 33 
13 42 30 37 41 26 42 42 50 52 30 4 19 14 39 35 43 28 28 26 14 23 27 28 25 23 18 26 13 17 15 6 21 65 68 47 60 29 72 71 65 28 36 48 46 60 49 37 62 35 56 14 65 61 53 19 38 44 43 51 39 23 42 57 23 68 66 60 23 34 45 43 56 45 32 32 43 47 54 56 31 6 24 19 43 39 44 13 60 57 50 14 32 38 38 47 35 21 29 41 47 38 19 15 12 32 34 48 71 65 28 35 48 46 60 49 38 71 35 29 46 43 62 54 48 38 23 41 37 59 53 52 13 4 53 24 23 36 22 25 20 8 12 26 36 25 18 32 21 14 42 38 37 
22 23 21 20 21 15 34 23 25 27 23 22 6 10 14 13 29 31 42 33 17 37 39 30 15 2 37 50 35 39 17 18 29 60 59 28 54 6 61 55 46 16 40 42 43 46 34 16 59 23 57 13 60 49 38 25 50 47 49 43 32 13 24 53 4 59 51 41 17 42 42 43 43 31 11 18 31 28 30 31 20 18 6 8 19 15 28 11 54 44 33 20 46 41 44 38 26 7 6 17 27 40 36 18 22 12 22 42 55 46 16 39 42 42 46 34 16 48 11 24 32 31 43 32 23 15 11 21 19 37 28 29 37 19 24 65 12 32 41 45 25 22 26 36 26 15 8 26 17 12 21 14 18 
14 35 32 32 18 26 23 35 34 32 11 19 14 15 23 14 20 39 47 40 10 42 28 39 26 13 29 48 36 40 23 17 19 71 71 40 66 18 73 67 57 28 49 54 54 58 46 27 70 35 68 19 71 62 50 31 56 56 58 55 43 23 36 65 15 71 63 53 27 50 53 53 55 43 23 29 22 39 39 36 9 17 17 17 28 19 21 13 66 56 45 26 51 51 52 50 38 18 18 20 24 27 27 9 14 9 12 31 66 57 27 48 53 53 58 46 27 57 21 35 44 43 54 43 29 17 21 33 31 46 37 30 32 19 23 12 43 20 44 48 32 25 19 42 37 26 6 37 26 9 32 18 14 
22 54 52 52 24 46 7 54 50 42 8 31 34 34 40 28 14 59 64 58 23 58 21 58 46 33 31 55 49 52 42 32 17 92 91 59 86 38 93 86 75 48 68 74 74 78 66 46 90 55 87 38 91 82 70 50 73 76 76 75 64 43 56 85 36 91 83 72 47 68 73 73 75 63 43 50 11 58 55 47 12 32 37 37 45 33 19 32 86 76 65 44 68 70 71 70 58 38 38 33 27 9 27 21 23 23 12 12 86 75 48 67 74 73 78 65 46 73 39 55 64 63 72 60 43 30 42 52 51 62 51 37 38 34 36 32 20 28 58 61 51 41 25 60 58 46 26 57 46 26 51 32 21 
36 49 33 44 61 34 65 49 62 68 52 27 35 30 53 54 65 22 10 17 36 6 47 22 33 39 35 21 9 9 24 27 43 55 61 53 52 42 66 70 69 35 24 42 38 59 52 48 51 38 42 27 55 57 54 19 17 31 28 46 37 32 48 47 38 61 65 63 29 20 37 33 54 46 43 38 65 54 66 71 53 27 38 33 57 56 66 31 52 55 53 21 12 27 24 43 36 35 43 58 67 60 37 37 35 52 56 71 71 69 35 24 42 38 59 52 49 79 49 30 48 43 67 62 63 56 33 49 44 69 66 70 26 25 22 41 44 58 36 4 19 19 34 13 37 32 38 32 27 35 52 55 57 
39 54 38 49 65 39 67 54 67 73 55 30 39 35 58 58 68 27 13 21 39 11 48 27 38 44 35 18 12 9 29 31 45 59 65 58 55 47 70 75 74 40 28 46 42 64 56 53 54 43 45 32 59 61 58 24 19 34 31 50 41 37 53 51 42 65 70 68 34 23 41 37 58 51 48 43 68 59 71 76 56 31 42 38 61 61 69 35 55 59 58 25 14 31 27 48 41 39 48 63 71 62 38 41 37 56 60 74 75 74 40 28 46 42 64 57 54 84 53 35 53 48 72 67 68 61 38 54 49 74 71 75 26 29 25 45 48 61 4 27 24 23 36 18 42 37 42 37 32 38 57 59 61 
31 29 13 24 47 15 56 30 43 50 43 23 19 17 35 38 53 7 16 7 29 14 47 7 14 23 38 37 18 23 9 20 40 44 48 34 40 25 52 53 50 15 16 28 25 42 33 29 42 18 36 13 44 41 35 1 25 24 25 31 20 14 28 36 21 48 48 44 10 17 24 23 37 27 24 18 54 34 46 53 42 20 20 17 38 39 53 19 39 38 34 7 20 19 19 27 17 18 25 41 52 56 40 30 30 37 45 63 53 50 15 16 28 25 42 33 29 59 30 11 29 25 48 42 44 40 15 29 24 49 47 53 32 19 20 25 32 51 19 24 74 12 32 10 18 13 26 13 8 24 32 38 44 
20 36 22 30 42 20 47 36 45 50 34 11 16 11 36 35 46 19 22 18 18 17 35 19 19 21 26 29 12 17 7 9 29 56 59 40 52 25 63 63 58 21 28 40 37 52 42 32 54 27 48 9 56 52 45 10 31 36 36 42 31 17 35 48 20 59 58 53 16 27 36 35 48 37 27 25 46 41 50 53 34 9 20 15 39 38 47 12 51 49 42 6 26 30 30 38 27 17 25 39 48 45 27 20 19 32 37 54 63 58 21 27 39 37 52 42 33 65 31 21 38 35 56 48 45 37 17 35 30 54 49 51 21 7 8 22 25 41 19 23 12 65 20 18 28 18 19 24 13 16 37 36 38 
4 48 39 44 37 34 32 48 52 51 21 8 24 20 41 34 35 40 41 38 9 35 15 39 33 26 10 31 24 27 24 12 9 76 78 53 71 32 82 79 71 36 48 59 57 69 57 42 74 43 68 22 76 70 61 30 50 56 56 61 49 31 49 68 27 78 74 67 32 47 56 55 65 53 37 39 34 53 57 56 23 12 29 25 46 38 38 18 71 66 57 25 44 51 50 57 45 27 32 40 42 26 9 9 4 29 27 37 79 71 36 48 59 57 69 57 42 74 37 39 54 51 68 58 48 36 30 47 43 63 55 49 14 12 12 26 19 25 34 36 32 20 77 38 45 33 18 42 30 13 47 37 32 
39 38 22 33 57 24 65 38 52 60 52 30 30 27 45 49 63 9 6 3 37 7 53 9 24 34 42 34 18 21 19 28 47 42 48 41 38 35 52 57 56 24 11 28 24 45 38 39 38 25 31 23 42 43 40 11 14 19 17 32 23 24 36 34 32 48 51 50 20 8 23 20 40 33 34 27 64 42 55 63 52 28 31 27 47 50 63 28 38 41 40 16 10 14 12 30 23 28 35 52 63 64 45 38 37 48 55 72 57 56 25 11 28 24 46 39 39 67 41 18 35 30 54 51 55 51 25 38 33 57 56 64 35 26 26 36 42 60 13 18 10 18 38 9 24 23 36 19 19 34 41 49 54 
43 14 6 10 45 11 60 14 30 41 49 37 23 25 27 35 55 15 31 20 39 31 60 15 11 24 53 55 37 41 21 32 51 34 33 17 28 21 36 35 31 9 21 16 17 24 14 18 33 2 33 23 33 25 17 19 36 25 28 17 6 14 12 27 21 33 30 26 12 25 17 19 20 9 17 8 57 17 32 42 46 32 20 21 27 34 53 27 28 21 15 22 34 20 25 12 1 19 21 36 49 65 54 40 42 37 48 68 35 32 10 20 16 17 24 14 19 42 23 7 11 7 30 26 35 36 16 15 11 33 34 47 49 32 36 26 37 58 37 42 18 28 45 24 39 12 32 4 14 33 19 34 43 
31 17 6 12 36 1 49 17 29 37 37 26 11 13 22 27 44 16 30 19 26 27 48 16 0 13 42 47 29 34 10 21 39 45 46 22 40 12 48 46 40 3 25 28 28 35 24 15 44 10 42 11 45 37 28 13 37 31 34 29 17 2 17 38 10 45 41 34 2 28 27 27 31 20 11 6 47 22 33 39 35 21 9 9 24 27 43 15 40 32 24 13 33 26 29 24 12 8 13 29 41 53 42 27 30 27 37 57 46 40 3 24 27 27 35 24 16 47 17 9 21 18 37 30 31 28 4 17 12 36 33 41 39 21 25 15 26 46 32 37 13 18 33 23 12 38 20 11 4 21 19 26 34 
14 31 26 27 23 20 29 31 34 33 17 15 8 9 22 17 27 33 41 34 9 36 30 32 20 9 28 44 31 35 17 12 21 66 66 36 60 15 68 63 54 22 42 48 48 54 42 24 64 30 61 12 65 57 46 25 50 50 51 49 38 17 32 59 10 65 59 50 20 43 47 47 50 38 20 24 28 36 39 38 15 12 12 11 27 21 27 7 60 52 41 20 45 44 46 44 32 12 15 22 28 33 27 9 13 13 19 37 63 54 22 42 48 47 53 41 24 56 19 28 39 38 51 40 30 19 16 30 27 45 36 33 30 14 18 8 6 26 38 42 26 19 18 36 32 20 68 31 20 4 30 19 19 
41 18 5 14 46 11 60 19 34 45 49 34 22 23 30 37 55 10 26 15 37 26 58 10 11 24 50 51 32 37 18 30 49 34 35 22 29 22 39 39 36 10 16 16 16 28 19 22 33 6 31 21 34 28 21 15 31 21 25 19 6 13 17 27 22 35 34 31 10 20 15 17 23 14 19 10 58 22 37 46 46 30 20 20 31 36 54 26 28 24 20 18 29 17 20 14 3 19 23 38 51 64 51 38 40 38 49 69 39 36 10 16 16 16 28 19 22 47 26 3 15 11 35 31 39 38 15 19 15 38 38 50 46 30 32 26 37 57 32 37 13 24 42 19 4 11 31 49 12 32 23 36 44 
29 22 8 17 39 6 50 22 34 41 38 22 12 11 26 30 46 13 25 16 25 22 46 13 5 15 39 42 24 29 6 18 37 46 47 27 41 16 51 49 44 7 22 28 28 39 28 20 44 13 41 8 46 39 31 8 33 30 31 31 19 5 21 39 13 47 45 39 2 24 26 27 34 23 15 11 48 27 38 44 35 18 12 9 29 31 45 14 40 35 28 8 29 24 26 26 14 9 16 33 44 52 39 26 27 30 38 58 49 44 7 22 28 27 39 28 21 52 21 9 25 21 42 35 36 32 6 22 17 41 38 45 35 18 21 17 26 46 27 32 8 13 30 19 14 4 20 12 46 20 24 30 36 
10 35 27 30 27 22 31 35 38 38 18 10 10 8 27 22 30 32 38 32 5 33 27 32 21 12 24 39 26 31 15 7 18 66 67 40 61 18 70 66 58 24 41 49 48 56 44 28 65 31 61 11 66 58 48 23 47 49 50 51 39 19 35 59 14 67 62 53 21 41 47 47 52 41 23 26 30 40 43 43 18 7 15 12 32 26 31 6 61 54 44 18 42 43 44 45 33 14 18 27 33 32 23 6 9 18 21 38 66 58 23 41 48 48 56 44 28 61 24 29 42 39 55 44 35 24 17 33 30 49 41 38 25 9 14 12 9 26 35 38 24 16 13 34 33 21 4 32 20 72 33 24 23 
44 5 19 9 31 18 51 5 11 23 43 42 23 28 11 23 43 33 48 38 39 46 60 32 19 21 57 67 49 54 29 37 51 48 43 7 42 15 44 34 24 17 40 32 35 28 16 5 49 16 51 28 47 33 20 33 54 44 47 31 25 20 7 43 20 43 32 20 22 44 35 38 27 17 10 14 47 7 14 23 38 37 18 23 9 20 40 30 42 28 14 32 52 40 44 26 20 21 15 21 34 60 57 39 43 27 40 59 34 24 17 39 32 35 27 16 5 28 11 23 16 18 21 11 17 23 20 4 8 17 15 30 56 38 42 21 32 51 52 57 32 37 47 41 19 19 30 23 24 33 24 20 32 
33 25 30 24 11 25 31 24 17 14 25 35 20 24 8 4 23 43 55 46 28 51 46 42 26 15 47 64 49 53 31 31 37 66 63 28 61 14 64 54 43 26 51 50 52 48 36 16 67 31 67 27 66 53 40 38 63 57 60 50 40 25 26 61 17 63 52 40 29 54 51 53 47 36 17 25 27 27 22 18 20 31 18 22 12 1 20 25 60 48 35 34 59 52 55 44 35 20 13 3 15 42 46 27 32 9 20 40 54 43 25 51 49 51 48 36 16 40 10 35 36 36 39 27 11 3 23 22 23 30 19 15 49 33 38 14 18 32 55 59 38 36 37 49 34 26 19 36 30 24 20 64 12 
28 36 39 35 4 33 19 36 29 21 15 33 24 27 20 8 11 49 60 51 24 55 38 49 33 20 42 62 50 54 35 31 29 77 74 40 71 22 76 66 55 34 59 60 61 60 48 28 77 41 76 31 77 65 52 43 68 66 68 60 50 31 38 71 23 74 64 52 35 60 60 61 58 47 27 35 15 39 33 26 10 31 24 27 24 12 9 26 71 59 46 38 64 60 62 55 44 26 22 12 10 31 39 23 28 6 9 27 66 55 34 58 59 60 59 48 27 51 21 43 47 47 51 39 21 9 30 34 34 41 30 17 46 33 37 18 14 21 57 61 44 38 32 54 43 34 19 44 36 23 32 12 40 
