120 16
8 14 12 32 28 13 17 19 26 32 21 7 22 17 28 9 8 28 32 13 18 17 25 34 25 11 25 20 32 22 40 20 17 20 26 31 31 13 5 18 12 19 39 21 15 19 25 30 31 14 5 19 12 20 30 23 22 48 53 52 26 28 37 11 27 29 30 32 42 57 54 40 53 42 60 31 8 13 21 24 13 18 30 31 8 9 17 25 16 18 34 32 44 47 26 20 34 5 30 57 36 29 44 15 40 51 40 56 31 55 33 46 37 53 33 24 39 31 52 43 
14 19 1 22 41 18 22 15 25 38 35 20 33 28 41 4 6 20 46 22 25 17 27 41 39 25 37 32 46 8 28 32 13 18 17 25 34 25 11 25 20 32 27 34 14 18 17 25 34 27 13 27 21 33 35 10 8 40 47 50 29 23 37 8 33 43 44 42 51 67 67 53 66 56 74 35 6 14 31 38 25 32 39 44 6 11 29 39 27 32 42 45 41 49 35 23 39 18 40 59 44 33 49 25 49 61 48 64 43 66 46 59 51 67 45 37 53 45 65 57 
12 1 16 23 40 17 21 15 25 37 33 19 32 27 40 2 4 21 44 21 24 16 26 40 37 23 36 31 44 9 30 31 13 18 18 25 33 24 10 24 19 30 28 32 13 18 17 25 34 25 11 25 20 32 34 11 10 40 47 50 28 23 36 7 32 42 42 41 50 66 66 51 64 55 72 35 4 13 29 36 24 30 38 43 4 10 27 37 26 30 41 44 41 48 34 22 38 17 39 59 43 32 48 24 48 59 47 62 41 64 45 57 49 65 43 36 51 43 63 56 
32 22 23 57 53 41 44 14 18 36 47 35 40 49 54 25 26 4 57 44 47 18 22 40 52 39 45 52 58 19 9 43 36 40 5 10 27 38 27 31 42 44 8 45 36 40 6 11 29 39 28 32 43 46 32 13 18 17 25 34 25 11 25 20 32 59 61 45 51 69 77 63 72 71 83 58 24 22 37 55 45 46 61 61 27 24 38 57 48 48 64 63 24 38 39 24 36 34 45 48 44 30 43 34 50 62 47 61 50 68 57 65 67 77 51 55 64 58 72 73 
28 41 40 53 65 36 39 38 37 27 7 21 13 27 3 37 36 48 4 33 36 34 33 24 3 17 9 25 6 49 62 9 44 46 48 46 34 16 30 22 33 9 61 8 42 45 46 45 33 14 28 20 32 8 28 49 49 64 65 56 31 43 42 36 26 13 18 17 25 34 25 11 25 20 32 48 35 31 16 17 26 10 38 17 37 31 15 21 29 14 42 21 51 44 18 28 29 23 14 51 24 30 35 18 22 28 25 38 8 31 4 19 19 25 10 19 11 7 24 23 
13 18 17 41 36 27 4 31 39 45 29 19 34 13 35 16 15 38 40 4 6 29 39 47 33 21 36 17 38 25 47 30 9 10 35 42 45 24 18 31 3 28 46 31 8 9 35 42 45 25 18 32 5 29 44 28 26 58 65 65 40 39 50 22 40 32 31 45 55 68 61 47 62 45 67 18 17 25 34 25 11 25 20 32 13 21 29 24 10 23 23 31 56 60 39 33 47 17 42 70 49 43 57 27 52 62 53 68 41 66 40 55 38 60 44 24 46 37 60 45 
17 22 21 44 39 4 36 35 43 50 33 23 38 14 37 20 19 42 43 6 4 34 43 51 36 25 40 18 41 28 50 34 10 9 39 46 49 28 22 36 6 31 50 35 9 8 39 46 49 29 22 36 7 32 48 32 28 62 69 69 44 43 55 26 45 34 32 49 59 72 63 50 65 46 69 13 21 30 38 27 13 29 18 33 17 25 34 25 11 25 20 32 61 65 43 38 51 21 46 75 53 47 62 32 56 66 57 72 44 70 43 58 39 62 47 25 48 39 63 46 
19 15 15 14 38 31 35 35 10 25 33 21 26 36 39 15 15 10 42 33 37 4 12 29 37 25 31 40 44 18 24 29 29 33 9 11 19 24 14 17 31 30 22 30 28 33 8 11 20 25 15 18 32 31 22 14 17 28 34 35 15 8 21 9 20 45 47 32 40 57 63 48 58 57 69 49 13 7 23 41 32 32 49 47 18 10 23 44 36 34 53 49 25 34 25 11 25 20 32 44 33 19 35 20 39 50 36 51 36 56 43 52 52 63 37 42 49 44 58 59 
26 25 25 18 37 39 43 10 51 17 33 25 24 43 39 25 25 14 41 40 44 9 4 21 37 28 28 45 43 28 27 28 38 43 16 9 9 26 21 15 39 31 26 30 38 42 14 8 10 27 21 16 39 32 14 24 27 26 28 25 7 7 11 18 13 47 49 27 32 50 59 46 53 57 66 57 23 13 21 44 39 34 56 49 27 18 23 48 43 37 60 52 17 23 21 8 17 25 28 34 25 11 25 20 32 43 29 42 33 49 41 47 54 61 33 45 48 44 54 60 
32 38 37 36 27 45 50 25 17 68 27 27 15 44 30 36 35 32 30 45 49 22 13 4 29 27 17 44 33 43 45 22 48 52 33 26 9 24 29 14 44 25 43 22 47 51 32 25 8 24 28 13 43 26 3 40 43 41 40 28 10 24 15 30 5 40 44 11 15 32 44 33 37 47 51 63 33 23 13 40 40 29 57 43 37 27 18 44 45 33 62 47 25 17 9 14 2 28 14 25 8 6 11 18 15 25 11 25 20 32 30 32 46 46 19 42 35 35 38 50 
21 35 33 47 7 29 33 33 33 27 51 14 11 21 6 30 29 43 11 26 30 29 30 25 4 10 10 20 11 43 57 5 37 39 42 42 32 9 23 18 26 2 55 4 35 38 41 41 31 8 22 17 25 1 27 42 43 60 62 55 28 39 40 29 24 13 17 19 29 39 32 18 32 24 39 42 29 25 13 13 19 4 33 16 30 25 10 18 23 8 38 20 49 44 17 24 29 16 15 52 25 28 36 13 25 34 28 42 12 37 11 25 20 32 15 15 17 11 31 26 
7 20 19 35 21 19 23 21 25 27 14 23 15 17 21 16 14 31 25 17 22 17 23 28 18 4 18 19 25 28 44 12 24 27 30 32 28 5 9 13 17 11 43 14 23 26 28 31 28 7 8 13 16 13 26 28 28 50 54 50 23 28 35 16 22 24 26 25 36 50 47 32 46 36 53 35 14 13 14 20 13 11 31 26 16 11 10 22 18 12 35 28 43 43 20 17 29 2 23 52 30 25 38 8 33 43 34 49 23 48 25 39 31 46 25 20 32 24 45 38 
22 33 32 40 13 34 38 26 24 15 11 15 51 30 15 29 28 36 17 32 37 22 20 14 14 13 4 30 19 40 50 6 39 43 36 33 21 10 22 9 32 10 48 7 38 42 34 32 20 9 20 8 31 10 16 39 40 51 52 43 18 30 28 26 13 24 28 10 20 34 36 22 32 33 43 50 27 20 3 25 27 13 43 28 30 22 4 29 31 18 47 32 38 33 6 16 17 17 7 40 15 17 25 8 17 28 18 34 9 32 17 25 31 37 11 26 23 20 32 36 
17 28 27 49 27 13 14 36 43 44 21 17 30 41 25 24 23 46 30 8 10 34 41 44 23 16 30 4 27 36 57 24 22 23 43 48 46 20 22 30 9 20 56 24 21 21 42 47 45 20 21 30 8 21 43 39 37 65 70 68 41 45 52 28 39 20 18 40 50 61 50 37 53 32 55 21 25 29 30 13 4 17 13 19 22 26 26 12 2 13 18 18 60 60 35 35 46 17 36 69 45 43 55 25 46 55 48 63 34 58 30 46 25 48 36 11 35 25 50 32 
28 41 40 54 3 35 37 39 39 30 6 21 15 25 64 37 35 50 5 31 34 35 35 28 2 16 12 22 4 49 63 10 43 45 49 48 37 16 30 24 31 9 62 9 41 43 47 47 36 14 28 22 30 8 31 49 49 66 68 59 34 45 44 36 28 10 14 21 29 37 26 12 28 18 32 45 35 32 18 13 24 9 35 13 36 31 16 18 27 11 39 18 54 47 21 30 32 22 17 54 27 33 39 19 25 32 29 41 11 34 5 21 15 25 14 16 11 4 25 20 
9 4 2 25 37 16 20 15 25 36 30 16 29 24 37 28 1 22 41 18 22 15 25 38 35 20 33 28 41 12 32 28 13 17 19 26 32 21 7 22 17 28 31 30 13 17 19 26 33 23 9 24 18 29 33 14 13 42 49 50 27 24 36 6 30 39 40 39 48 64 63 49 62 52 69 33 2 12 27 33 21 27 36 40 2 8 25 35 23 27 39 41 41 48 32 21 37 14 37 58 41 31 47 21 46 57 45 61 39 62 42 55 46 63 41 33 48 40 61 53 
8 6 4 26 36 15 19 15 25 35 29 14 28 23 35 1 25 23 40 17 21 15 25 37 33 19 32 27 40 14 33 27 13 18 20 27 32 20 6 21 16 26 32 28 13 17 19 26 32 21 7 22 17 28 32 15 14 43 49 50 27 24 36 6 29 37 38 37 47 63 61 47 60 50 68 33 2 12 26 32 20 26 35 39 2 7 23 33 22 26 38 39 41 47 31 20 36 12 35 57 40 31 46 20 45 56 44 60 37 61 40 53 45 61 39 31 47 39 59 51 
28 20 21 4 48 38 42 10 14 32 43 31 36 46 50 22 23 64 53 41 44 14 18 36 47 35 40 49 54 18 14 39 34 38 3 7 23 34 23 26 39 40 12 40 34 38 3 8 25 35 24 28 40 42 28 13 17 19 26 32 21 7 22 17 28 55 57 41 47 64 72 58 67 67 79 56 21 18 33 51 42 42 58 57 25 20 33 54 45 44 61 59 22 35 34 20 32 30 41 45 40 26 40 30 46 57 43 57 46 64 53 61 63 73 47 52 59 54 67 69 
32 46 44 57 4 40 43 42 41 30 11 25 17 30 5 41 40 53 57 36 39 38 37 27 7 21 13 27 3 53 66 14 48 50 52 50 38 20 34 26 36 13 65 12 46 49 51 49 37 18 33 25 35 12 32 53 54 68 69 59 35 47 45 40 29 13 17 19 26 32 21 7 22 17 28 51 40 35 20 18 29 14 40 17 41 35 19 22 32 17 44 21 55 47 21 33 32 27 16 53 26 34 37 22 23 28 27 38 10 29 0 16 17 21 12 20 6 6 20 20 
13 22 21 44 33 4 6 33 40 45 26 17 32 8 31 18 17 41 36 26 4 31 39 45 29 19 34 13 35 29 51 28 14 14 38 44 45 22 19 31 1 25 50 28 12 13 37 44 45 23 18 31 1 26 43 32 29 61 67 66 40 41 51 24 40 28 27 43 53 66 57 44 59 41 63 17 19 26 32 21 7 22 17 28 16 22 28 20 6 19 20 27 57 60 37 33 46 16 40 70 48 43 56 26 50 60 51 66 38 63 37 52 34 56 41 19 42 33 57 40 
18 25 24 47 36 6 4 37 44 49 30 22 37 10 34 22 21 44 39 4 35 35 43 50 33 23 38 14 37 31 54 32 14 14 42 48 49 26 23 35 5 29 53 32 13 12 41 48 49 27 23 35 5 30 48 35 32 64 71 70 44 45 55 28 44 30 28 47 57 70 60 47 62 42 65 13 23 31 36 23 10 26 14 29 19 26 32 21 7 22 17 28 62 65 42 38 51 21 44 74 52 47 61 31 54 64 55 71 42 67 40 56 35 58 45 21 45 35 60 42 
17 17 16 18 34 29 34 4 9 22 29 17 22 34 35 15 15 14 38 31 35 39 10 25 33 21 26 36 39 21 28 24 29 33 14 14 16 19 12 12 29 26 26 26 28 33 12 13 17 21 12 14 30 27 19 18 20 32 36 35 12 11 21 9 16 41 43 28 36 53 58 44 54 53 65 48 13 4 19 38 30 28 47 43 17 8 19 40 34 30 51 46 26 32 21 7 22 17 28 42 29 17 32 15 35 46 33 48 32 52 38 47 48 59 33 38 45 39 54 54 
25 27 26 22 33 39 43 12 4 13 30 23 20 41 35 25 25 18 37 39 43 10 53 17 33 25 24 43 39 30 32 25 39 43 20 14 6 23 21 11 38 27 30 26 38 43 18 12 7 23 20 12 38 28 10 27 30 31 32 27 3 11 11 19 9 43 46 22 28 46 55 42 49 53 62 57 23 13 17 41 37 30 54 46 27 17 19 45 41 33 59 49 19 22 16 6 13 23 23 32 21 7 22 17 28 39 25 39 29 45 37 43 50 56 29 42 43 40 50 56 
34 41 40 40 24 47 51 29 21 4 25 28 14 44 28 38 37 36 27 45 50 25 17 65 27 27 15 44 30 46 49 20 50 54 37 31 14 24 31 15 45 24 48 20 49 53 36 29 12 23 30 14 44 24 7 43 46 46 44 32 14 29 20 33 8 38 42 7 11 28 40 29 33 44 47 63 36 26 13 39 40 28 57 41 39 29 17 43 45 32 61 45 30 19 8 17 5 29 10 26 4 10 11 19 10 21 7 22 17 28 27 27 43 42 16 41 31 32 34 47 
25 39 37 52 3 33 36 37 37 29 4 18 14 23 2 35 33 47 7 29 33 33 33 27 43 14 11 21 6 47 61 8 41 43 47 46 35 14 28 22 29 7 60 7 39 42 45 45 34 12 26 20 28 5 30 47 47 64 66 57 32 43 43 34 27 11 15 20 29 37 28 14 29 20 34 44 33 30 17 13 22 7 34 14 34 29 14 17 25 10 38 18 52 46 19 28 31 20 16 53 26 31 38 17 25 32 28 41 11 34 7 22 17 28 14 15 13 6 27 22 
11 25 23 39 17 21 25 25 28 27 10 4 13 16 16 20 19 35 21 19 23 21 25 27 14 15 15 17 21 33 48 9 27 30 34 35 30 3 14 14 18 7 47 10 26 29 32 34 29 3 12 14 17 9 26 33 33 53 57 52 25 32 37 20 23 20 22 24 34 47 42 28 42 32 49 36 19 17 13 16 13 7 30 22 20 16 9 19 17 8 34 24 45 44 19 19 29 6 21 53 29 26 38 9 31 41 32 47 20 45 21 35 27 42 22 17 28 20 41 33 
25 37 36 45 9 36 40 31 28 17 10 18 4 30 12 33 32 40 13 34 38 26 24 15 11 15 45 30 15 44 54 6 42 46 40 38 25 13 26 14 34 10 53 6 41 44 39 36 23 11 24 12 33 9 19 43 44 55 56 46 22 35 32 30 16 22 26 9 19 31 31 18 28 30 38 51 31 24 7 23 28 13 43 26 33 26 8 28 32 17 48 30 42 35 8 20 19 20 5 42 15 20 26 12 15 25 18 32 5 29 13 21 28 32 7 25 19 17 28 33 
20 32 31 52 25 17 18 40 45 44 20 19 30 4 22 28 27 49 27 13 14 36 43 44 21 17 30 34 25 40 61 23 27 27 47 51 47 20 26 32 14 20 59 24 25 25 46 50 47 20 24 31 12 20 44 43 41 68 73 70 43 48 54 32 40 16 14 39 49 59 46 34 50 28 51 23 28 32 30 9 7 16 13 15 26 29 26 7 6 12 17 14 62 61 35 37 46 19 35 70 45 44 55 26 45 54 48 62 32 56 28 43 21 44 35 7 32 22 47 28 
32 46 44 58 6 38 41 44 43 33 11 25 19 27 4 41 40 54 3 35 37 39 39 30 6 21 15 25 56 54 68 15 47 49 53 52 40 20 35 28 35 14 66 13 45 47 52 51 39 19 33 26 33 12 35 54 54 70 71 62 38 49 48 41 32 10 14 23 30 35 22 9 25 14 28 48 40 36 22 15 27 13 37 13 41 36 20 19 30 15 41 17 58 50 24 35 35 27 19 56 29 36 41 24 26 31 31 41 13 32 4 19 13 21 15 18 7 2 22 17 
22 8 9 19 49 25 28 18 28 43 43 28 40 36 49 12 14 18 53 29 31 21 30 46 47 33 44 40 54 3 23 40 17 21 15 25 37 33 19 32 27 40 22 41 18 22 15 25 38 35 20 33 28 41 40 5 1 36 44 51 33 24 39 14 38 51 52 48 57 74 75 61 73 64 81 40 13 20 38 46 33 40 45 52 13 18 36 47 34 40 48 53 41 52 41 28 44 26 47 62 50 38 53 32 55 67 54 69 50 72 54 66 59 75 52 45 60 53 72 65 
40 28 30 9 62 47 50 24 27 45 57 44 50 57 63 32 33 14 66 51 54 28 32 49 61 48 54 61 68 23 45 53 41 44 14 18 36 47 35 40 49 54 1 54 41 45 16 20 37 49 36 42 50 55 41 18 22 15 25 38 35 20 33 28 41 68 70 55 60 78 86 72 81 81 93 63 32 31 47 64 53 55 68 70 34 32 47 66 56 57 71 72 29 45 48 34 45 43 55 54 53 39 52 44 60 71 56 69 60 77 67 75 76 87 61 64 73 68 82 82 
20 32 31 43 9 30 34 29 28 22 5 12 6 24 10 28 27 39 14 28 32 24 25 20 8 9 6 23 15 40 53 83 36 39 38 37 27 7 21 13 27 3 51 1 35 38 37 36 26 5 19 12 26 4 22 39 40 55 57 49 23 34 34 26 19 18 22 15 25 38 35 20 33 28 41 44 26 21 8 18 21 7 37 21 28 21 5 22 25 11 41 25 44 39 12 20 24 14 12 47 21 23 32 8 22 32 24 39 11 36 14 26 25 35 13 20 21 15 32 31 
17 13 13 36 44 9 10 29 38 48 37 24 39 22 43 13 13 34 48 14 14 29 39 50 41 27 42 27 47 17 41 36 37 4 31 39 45 29 19 34 13 35 40 38 1 4 30 39 46 31 20 35 14 36 46 22 18 53 61 64 41 37 50 20 43 41 40 49 59 74 69 55 70 54 75 22 15 25 38 35 20 33 28 41 11 21 34 34 20 31 31 41 54 61 43 34 49 22 47 71 53 44 60 32 57 68 57 72 47 72 48 63 48 68 50 33 54 45 68 54 
20 18 18 40 46 10 9 33 43 52 39 27 43 23 45 17 18 38 50 14 14 33 43 54 43 30 46 27 49 21 44 39 4 44 35 43 50 33 23 38 14 37 44 41 4 1 35 43 50 34 24 39 15 39 50 26 22 57 65 68 45 41 54 24 47 43 41 53 63 78 71 58 72 55 77 18 20 30 42 36 22 36 27 42 15 25 38 35 20 33 28 41 59 66 47 38 54 25 50 76 57 49 64 35 60 71 61 76 50 75 51 65 49 70 53 34 56 47 71 55 
26 17 18 5 48 35 39 9 16 33 42 30 36 43 49 19 20 3 52 38 42 14 20 37 47 34 40 47 53 15 14 38 31 35 31 10 25 33 21 26 36 39 13 40 31 35 1 11 26 34 22 28 37 41 30 10 14 22 30 35 23 9 25 14 29 54 56 41 48 66 72 58 68 66 79 53 18 17 33 50 40 41 55 56 22 18 33 52 43 42 59 58 25 38 35 20 33 28 41 48 41 27 42 29 47 59 45 58 46 65 52 61 61 73 47 50 59 53 68 68 
31 25 25 10 46 42 46 11 9 26 42 32 33 48 48 26 27 7 50 44 48 14 14 31 46 35 38 51 52 25 18 37 39 43 10 51 17 33 25 24 43 39 17 38 39 44 9 1 19 35 26 25 43 41 23 20 24 18 22 25 16 3 15 20 23 55 57 36 41 59 69 56 63 66 76 60 25 18 30 52 44 42 61 57 29 22 31 55 48 44 65 60 15 28 30 17 26 31 37 38 35 20 33 28 41 52 38 51 43 59 50 57 62 70 43 52 57 53 64 68 
31 34 33 27 34 45 49 19 9 9 32 28 21 46 37 32 32 23 38 45 49 16 6 14 35 30 25 47 40 37 36 27 45 50 25 17 76 27 27 15 44 30 34 28 45 49 24 16 1 27 27 16 44 31 6 33 36 32 31 22 4 16 7 26 8 46 49 20 24 41 54 41 47 55 60 63 30 20 18 45 42 33 60 49 34 24 22 49 46 37 64 52 17 15 16 11 8 28 22 25 17 4 16 21 24 35 20 33 28 41 38 41 52 55 28 46 44 42 48 57 
13 25 24 38 16 24 28 24 26 24 9 5 10 20 16 21 20 34 20 22 26 19 23 24 14 3 13 20 20 33 47 7 29 33 33 33 27 70 14 11 21 6 46 8 28 31 31 32 26 1 12 11 20 8 23 33 33 52 55 49 22 30 34 20 19 21 23 20 31 44 41 27 40 33 48 39 19 16 10 18 16 8 33 23 21 15 6 22 21 10 38 26 42 41 15 17 25 7 18 49 25 23 35 6 28 38 29 44 17 42 20 33 28 41 20 19 27 20 39 35 
5 11 10 27 30 18 22 14 21 29 23 9 22 22 30 7 6 23 34 19 23 12 21 31 28 14 26 26 35 19 35 21 19 23 21 25 27 14 41 15 17 21 34 22 18 22 20 25 27 16 1 16 18 22 27 19 19 43 48 47 22 22 32 6 24 33 35 31 41 57 56 41 54 46 62 36 5 7 20 29 18 21 35 35 8 3 17 30 22 22 39 36 38 43 24 15 30 7 29 53 34 25 41 14 38 50 38 54 31 55 35 47 41 56 33 28 41 34 53 47 
18 25 24 31 22 31 36 17 15 14 18 13 9 30 24 22 21 26 26 31 35 12 11 15 22 14 14 32 28 32 40 13 34 38 26 24 15 11 15 67 30 15 39 14 33 37 25 23 15 12 14 1 29 17 12 30 32 42 44 38 11 21 22 18 9 31 34 16 25 42 46 32 41 42 52 49 20 11 6 30 27 18 44 34 23 14 7 33 31 22 49 37 31 30 9 6 15 14 15 39 19 12 25 5 23 35 22 38 19 40 26 35 38 46 20 31 33 28 41 44 
12 20 19 42 33 3 6 31 39 44 26 17 32 9 31 17 16 39 36 1 5 29 38 45 29 18 34 14 35 27 49 27 13 14 36 43 44 21 17 30 57 25 48 28 11 12 36 42 44 22 17 30 1 26 42 30 28 59 65 65 39 40 50 22 39 29 28 42 52 66 57 44 59 41 63 19 18 25 31 22 8 22 18 28 14 21 27 21 7 19 22 28 56 59 37 32 45 15 39 69 47 42 55 25 49 59 50 66 38 63 37 52 35 56 41 20 42 33 57 41 
19 32 30 44 9 28 31 30 31 25 2 11 10 20 9 28 26 40 13 25 29 26 27 24 7 7 10 20 14 40 54 3 35 37 39 39 30 6 21 15 25 83 52 3 33 36 38 38 29 5 19 14 23 1 26 40 40 57 60 53 26 36 37 27 22 15 19 19 29 41 35 21 35 26 41 41 26 22 12 15 18 3 33 18 27 22 8 19 22 8 38 22 47 43 16 22 27 13 15 51 25 26 35 10 25 35 28 42 13 38 14 28 23 35 16 16 20 13 33 28 
39 27 28 8 61 46 50 22 26 43 55 43 48 56 62 31 32 12 65 50 53 26 30 48 60 47 53 59 66 22 1 51 40 44 13 17 34 46 34 39 48 52 46 53 41 44 14 18 36 47 35 40 49 54 40 17 21 15 25 37 33 19 32 27 40 67 69 53 58 76 85 71 80 79 91 62 30 30 45 63 52 54 67 69 33 31 46 65 55 55 70 71 28 44 47 32 43 41 53 53 52 37 50 42 58 69 55 68 58 76 65 73 74 86 59 63 72 66 80 81 
21 34 32 45 8 31 35 30 30 22 4 14 7 24 9 30 28 40 12 28 32 26 26 20 7 10 6 24 13 41 54 1 38 41 40 38 28 8 22 14 28 3 53 80 36 39 38 37 27 7 21 13 27 3 23 41 42 56 58 50 24 35 35 28 20 17 21 15 25 37 33 19 32 27 40 45 28 23 9 18 22 7 37 21 30 23 7 22 26 11 41 25 45 40 13 21 24 16 11 47 21 24 32 10 22 31 24 38 9 34 12 25 24 33 12 20 19 14 31 30 
15 14 13 36 42 8 9 28 38 47 35 23 38 21 41 13 13 34 46 12 13 28 38 49 39 26 41 25 45 18 41 35 1 4 31 39 45 28 18 33 11 33 41 36 35 4 31 39 45 29 19 34 13 35 45 23 19 54 61 64 40 37 49 19 42 40 39 48 58 73 68 54 68 53 74 21 15 25 37 33 19 32 27 40 10 21 33 32 18 30 29 39 54 61 42 34 49 21 46 71 52 44 59 31 56 66 56 71 46 71 47 61 46 67 49 32 53 44 67 53 
19 18 18 40 45 9 8 33 42 51 38 26 42 21 43 17 17 38 49 13 12 33 43 53 42 29 44 25 47 22 45 38 4 1 35 44 49 31 22 37 12 36 44 39 4 43 35 43 50 33 23 38 14 37 49 27 23 58 65 68 45 41 54 24 46 41 40 52 62 76 70 56 71 54 76 17 19 29 41 34 20 34 25 41 15 25 37 33 19 32 27 40 59 65 46 38 53 24 49 75 56 48 63 34 59 70 60 75 49 74 49 64 47 69 52 33 55 46 69 53 
25 17 17 6 46 35 39 8 14 32 41 28 34 42 47 19 19 3 51 37 41 12 18 36 45 32 39 46 52 15 16 37 30 35 1 9 24 31 20 25 36 38 14 38 31 35 30 10 25 33 21 26 36 39 28 10 15 23 30 35 21 8 24 13 27 53 54 40 47 64 71 57 66 65 77 52 17 15 31 49 39 39 54 55 21 17 31 51 42 41 58 57 25 37 33 19 32 27 40 47 40 26 40 28 46 57 43 57 44 63 51 60 60 71 45 49 57 52 66 66 
30 25 25 11 45 42 46 11 8 25 41 31 32 47 47 26 26 8 49 44 48 13 12 29 45 34 36 50 51 25 20 36 39 43 11 1 16 32 25 23 42 38 18 37 39 43 10 50 17 33 25 24 43 39 21 20 25 19 23 25 15 2 14 20 21 54 56 35 40 57 67 54 61 65 74 60 24 17 29 51 43 40 60 56 29 21 30 54 47 43 64 59 15 27 29 16 24 30 36 37 33 19 32 27 40 51 36 49 41 57 49 55 61 69 42 51 55 51 62 67 
31 34 34 29 33 45 49 20 10 8 31 28 20 45 36 33 32 25 37 45 49 17 7 12 34 29 23 47 39 38 37 26 46 50 26 19 1 26 27 15 44 29 36 27 45 50 25 17 74 27 27 15 44 30 4 34 38 33 32 23 5 17 8 26 7 45 48 19 22 40 52 40 45 54 59 63 30 20 17 44 42 33 59 48 35 24 21 48 46 37 64 52 18 15 15 11 7 28 21 25 16 3 15 20 23 33 19 32 27 40 36 40 52 54 27 46 42 41 46 56 
14 27 25 39 14 25 29 25 27 24 8 7 9 20 14 23 21 35 18 23 27 21 23 23 12 3 11 20 19 35 49 5 31 34 34 35 27 1 16 12 22 5 47 7 29 33 33 33 27 67 14 11 21 6 23 34 35 53 56 50 23 31 34 21 20 20 22 20 30 43 40 25 39 31 46 40 21 17 10 17 17 6 33 22 23 17 5 21 21 10 38 25 43 41 15 18 25 9 17 49 25 24 35 6 27 37 28 43 16 41 19 32 27 40 19 19 25 19 38 33 
5 13 11 28 28 18 22 15 21 28 22 8 20 21 28 9 7 24 33 18 23 12 20 30 26 12 24 24 33 20 36 19 20 24 22 26 27 12 1 14 17 19 35 21 19 23 21 25 27 14 38 15 17 21 26 20 21 43 49 47 22 23 32 8 23 32 33 30 40 55 54 40 53 44 61 36 7 8 18 27 17 19 35 33 9 4 16 29 21 20 39 35 39 42 23 15 30 6 28 52 33 25 40 12 37 48 37 53 30 53 33 46 39 54 32 27 40 32 52 46 
19 27 25 32 20 32 36 18 16 13 17 13 8 30 22 24 22 28 25 31 35 14 12 14 20 14 12 31 26 33 42 12 35 39 28 25 16 11 16 1 30 14 40 13 34 38 26 24 15 11 15 64 30 15 12 31 33 43 45 38 11 22 23 19 9 30 33 15 24 40 44 30 40 40 51 49 21 13 4 29 27 17 44 33 25 15 6 33 31 21 49 36 32 30 8 8 15 14 14 39 17 12 25 5 22 33 21 37 17 39 25 33 37 45 19 30 31 27 40 43 
12 21 20 43 32 5 7 32 39 43 25 16 31 8 30 18 17 40 35 1 5 30 38 44 28 17 33 12 33 28 50 26 14 15 37 43 44 20 18 29 1 23 49 27 13 14 36 43 44 21 17 30 55 25 42 32 29 60 66 65 39 40 50 23 38 27 26 41 52 65 56 43 58 40 62 19 19 25 31 20 6 21 17 27 15 21 26 19 6 18 21 26 56 59 36 32 45 15 38 69 46 41 55 25 48 58 50 65 37 62 36 51 33 55 40 19 41 32 56 40 
20 33 32 46 8 29 32 31 32 26 1 13 10 21 8 29 28 42 12 26 30 27 28 24 5 9 9 20 12 41 55 4 36 39 41 41 31 8 22 17 26 1 54 3 35 37 39 39 30 6 21 15 25 80 26 41 42 59 61 53 27 37 38 28 23 14 18 19 28 40 33 19 33 25 40 42 28 24 12 14 19 3 33 17 29 23 9 18 23 8 38 21 48 43 16 23 28 15 15 51 25 27 36 12 25 34 27 42 12 37 12 26 21 33 15 16 19 12 32 27 
30 35 34 32 28 44 48 22 14 3 27 26 16 43 31 33 32 28 32 43 48 19 10 7 30 26 19 44 35 40 41 22 46 50 30 23 6 23 27 12 42 26 40 23 45 49 28 21 4 23 26 12 42 26 106 36 39 38 37 27 7 21 13 27 3 41 44 14 18 36 47 35 40 49 54 61 31 20 14 41 39 29 57 44 35 24 18 45 44 33 61 48 23 17 10 11 3 27 16 26 11 2 13 17 18 29 15 29 22 35 32 35 47 49 22 42 37 36 41 52 
23 10 11 13 49 28 32 14 24 40 42 28 39 39 49 14 15 13 53 32 35 18 27 43 47 33 43 43 54 5 18 39 22 26 10 20 33 33 19 30 30 40 17 41 23 27 10 20 34 34 20 31 32 41 36 82 4 31 39 45 29 19 34 13 35 53 53 46 54 71 74 60 71 65 81 44 14 18 36 47 35 40 49 54 16 17 35 49 37 41 52 55 36 47 39 25 40 27 45 57 47 34 49 31 53 64 51 65 48 70 53 64 60 74 50 47 60 53 71 66 
22 8 10 18 49 26 28 17 27 43 43 28 40 37 49 13 14 17 54 29 32 20 30 46 47 33 44 41 54 1 22 40 18 22 14 24 36 33 19 32 28 40 21 42 19 23 15 25 38 35 21 33 29 42 39 4 89 35 43 50 33 23 38 14 37 52 53 48 57 74 75 61 73 65 82 41 14 20 38 46 33 40 46 53 14 18 36 47 35 40 49 54 40 51 41 28 43 27 47 61 50 37 53 32 55 67 53 68 50 72 54 66 59 75 52 46 61 53 72 66 
48 40 40 17 64 58 62 28 26 41 60 50 51 65 66 42 43 19 68 61 64 32 31 46 64 53 55 68 70 36 15 55 53 57 22 18 32 52 43 42 59 57 15 56 54 58 23 19 33 53 43 43 60 59 38 31 35 29 10 25 33 21 26 36 39 73 75 53 55 72 86 73 79 84 92 75 41 36 48 70 61 60 78 75 44 39 49 73 65 62 81 78 18 36 47 35 40 49 54 43 49 36 44 47 56 66 52 62 60 73 68 73 80 87 60 70 74 71 80 86 
53 47 47 25 65 65 69 34 28 40 62 54 52 70 68 49 49 26 69 67 71 36 32 44 66 57 56 73 71 44 25 57 61 65 30 22 31 55 48 44 65 60 25 58 61 65 30 23 32 56 49 45 66 61 37 39 43 10 37 17 33 25 24 43 39 76 78 52 53 68 85 73 77 86 91 82 47 41 49 73 66 62 83 78 51 44 51 77 70 65 87 81 14 30 47 37 38 53 53 36 47 35 40 49 54 63 49 57 60 69 69 72 83 87 59 74 75 72 78 88 
52 50 50 34 56 65 69 35 25 28 55 50 43 68 59 50 50 32 59 66 70 35 27 32 57 52 46 70 62 51 38 49 64 68 35 25 22 49 47 38 65 53 37 50 64 68 35 25 23 50 47 38 65 53 27 45 50 25 17 72 27 27 15 44 30 68 72 40 38 53 72 61 62 76 78 83 48 39 41 67 64 56 81 71 53 44 44 71 68 60 86 75 9 14 38 33 27 50 43 18 34 26 25 43 40 47 35 40 49 54 59 58 75 74 48 69 64 63 64 79 
26 29 28 25 31 40 44 15 7 10 28 23 18 41 34 27 27 21 35 40 44 12 3 14 32 25 22 43 38 33 35 23 41 45 23 16 4 22 22 11 39 26 33 24 40 45 21 15 5 23 22 11 39 27 7 29 33 33 33 27 95 14 11 21 6 42 45 20 25 43 53 39 46 52 59 58 25 15 15 41 37 29 55 45 29 19 18 44 41 33 59 48 20 20 14 6 10 24 21 30 18 4 20 16 25 36 22 36 26 42 35 40 49 54 27 42 41 38 47 54 
28 23 23 11 43 39 43 8 7 24 39 28 30 45 45 24 24 7 47 41 45 11 11 29 43 32 35 48 49 24 20 34 37 41 9 3 16 30 22 21 40 36 19 35 37 41 8 2 17 31 23 22 40 37 21 19 23 21 25 27 14 71 15 17 21 52 54 34 39 57 66 53 61 63 73 57 22 15 27 48 41 38 58 54 26 19 28 51 44 41 62 57 17 28 28 14 24 28 34 38 33 18 32 25 39 50 36 49 40 57 47 54 59 67 40 49 54 49 61 65 
37 37 36 25 42 50 55 21 11 15 40 35 28 52 44 36 36 22 45 51 55 21 11 20 43 37 32 54 48 39 33 34 50 54 25 15 7 34 32 22 50 37 32 35 49 54 24 14 8 34 32 23 50 38 13 34 38 26 24 15 11 15 81 30 15 53 57 27 29 46 60 48 53 62 67 68 34 24 26 52 48 41 66 56 38 29 29 56 53 44 70 60 10 12 23 17 14 35 29 23 23 11 18 28 30 39 25 36 36 46 45 47 60 62 35 53 51 49 54 65 
11 8 7 20 36 22 26 9 18 30 29 16 26 28 36 6 6 17 40 24 28 9 19 33 34 20 30 32 41 14 28 26 20 24 14 20 26 20 6 18 22 27 27 28 19 24 13 20 26 21 8 19 23 28 27 13 14 36 43 44 21 17 30 99 25 40 41 34 43 60 61 47 59 53 68 40 4 6 24 35 25 27 41 42 9 4 22 37 28 28 44 43 34 41 27 15 31 14 33 52 36 25 41 18 41 53 40 56 36 58 40 52 47 61 38 35 47 40 58 54 
27 33 32 32 26 40 45 20 13 5 24 22 13 39 28 30 29 28 29 40 44 16 9 8 27 23 16 40 32 38 41 19 43 47 29 23 8 19 24 9 39 22 40 20 42 46 27 21 7 20 23 9 38 23 3 35 37 39 39 30 6 21 15 25 108 37 41 13 19 37 46 33 40 46 53 58 28 18 10 37 36 26 53 41 32 21 14 41 40 30 58 44 25 21 8 9 6 23 14 30 12 4 16 14 18 30 16 31 20 36 29 34 44 47 20 39 35 33 40 49 
29 43 42 59 13 32 34 45 47 40 13 24 24 20 10 39 37 55 13 28 30 41 43 38 11 20 22 16 10 51 68 18 41 43 54 55 46 21 33 31 29 15 67 17 40 41 53 54 45 20 32 30 27 14 41 53 52 73 76 68 42 52 53 40 37 73 4 31 39 45 29 19 34 13 35 39 38 37 27 7 21 13 27 3 38 36 24 10 23 11 31 8 63 57 30 38 42 25 27 64 37 42 49 26 35 41 39 51 22 42 14 29 7 28 24 9 16 7 31 13 
30 44 42 61 18 31 32 47 49 44 17 26 28 18 14 40 38 57 17 27 28 43 46 42 15 22 26 14 14 52 70 22 40 41 56 57 49 23 35 34 28 19 69 21 39 40 54 56 48 22 33 33 26 18 44 53 53 75 78 72 45 54 57 41 41 4 79 35 43 50 33 23 38 14 37 36 39 39 30 6 20 15 23 1 38 37 27 7 21 13 27 3 66 61 34 41 46 27 31 68 41 45 53 29 40 45 44 55 26 46 18 33 7 30 28 7 20 11 35 13 
32 42 41 45 17 45 49 32 27 11 19 25 10 40 21 39 37 41 19 43 47 28 22 7 20 24 9 39 23 48 55 15 49 53 41 36 20 20 31 16 42 19 53 15 48 52 40 35 19 20 30 15 41 19 14 46 48 53 52 40 20 34 27 34 13 31 35 77 10 25 33 21 26 36 39 60 36 28 11 33 37 22 52 34 39 30 15 37 41 27 57 39 37 27 7 21 13 27 3 33 6 16 18 17 7 18 8 23 9 24 19 20 36 35 8 35 24 25 27 40 
42 51 50 51 25 55 59 40 32 15 29 36 20 50 29 48 47 47 26 53 57 36 28 11 29 34 19 49 30 57 60 25 59 63 48 41 24 31 41 25 52 29 58 25 58 62 47 40 22 30 40 24 52 28 18 54 57 55 53 38 25 39 29 43 19 39 43 10 75 17 33 25 24 43 39 70 46 36 21 42 47 32 62 43 49 39 25 46 51 37 67 47 38 24 16 28 15 37 13 27 7 21 13 27 3 10 3 13 17 17 26 20 43 36 15 44 29 32 26 46 
57 67 66 69 34 68 72 57 50 32 39 50 34 61 37 64 63 64 32 66 70 53 46 28 37 47 31 59 35 74 78 38 74 78 66 59 41 44 57 42 66 41 76 37 73 76 64 57 40 43 55 40 65 40 36 71 74 72 68 53 43 57 46 60 37 45 50 25 17 54 27 27 15 44 30 82 62 53 36 50 59 43 72 49 65 56 39 55 63 47 76 53 54 38 32 46 33 52 27 37 24 38 28 42 18 7 21 13 27 3 31 17 47 30 24 53 30 38 19 47 
54 67 66 77 25 61 63 63 59 44 32 47 36 50 26 63 61 72 21 57 60 58 55 40 28 42 31 46 22 75 86 35 69 71 72 69 54 41 56 46 57 35 85 33 68 70 71 67 52 40 54 44 56 33 47 74 75 86 85 72 53 66 60 61 46 29 33 33 33 27 14 14 11 21 6 69 61 56 39 36 49 36 57 32 63 57 39 39 52 38 60 35 70 58 38 52 46 49 31 60 37 50 47 43 31 27 36 38 26 23 21 13 27 3 25 39 15 24 8 24 
40 53 51 63 11 47 50 48 46 33 18 32 22 37 12 49 47 58 7 44 47 44 42 29 14 28 18 34 9 61 72 20 55 58 58 56 41 27 41 32 44 21 71 19 54 56 57 54 40 25 40 30 43 19 35 60 61 73 73 61 39 53 48 47 33 19 23 21 25 27 14 42 15 17 21 58 47 42 25 25 36 22 46 22 48 42 25 29 39 24 50 26 58 48 25 38 34 34 19 53 27 37 38 29 22 24 27 35 13 23 7 9 20 14 13 27 3 11 13 21 
53 66 64 72 25 62 65 58 53 37 32 46 32 53 28 62 60 67 22 59 62 54 49 33 29 42 28 50 25 73 81 33 70 72 68 63 47 40 54 41 59 35 80 32 68 71 66 61 45 39 53 40 58 33 40 71 73 79 77 62 46 61 53 59 40 34 38 26 24 15 11 15 26 30 15 73 60 53 35 40 52 36 62 37 62 54 37 44 55 39 66 41 62 48 33 47 38 48 26 50 29 43 37 40 22 16 27 27 23 12 22 7 34 15 21 43 18 27 3 33 
42 56 55 71 20 45 46 57 57 47 24 36 33 32 18 52 50 67 17 41 42 53 53 44 20 32 30 28 14 64 81 28 54 55 66 66 55 33 46 42 41 26 79 27 53 54 65 65 54 31 44 40 40 25 49 65 65 84 86 76 52 63 62 53 46 13 14 36 43 44 21 17 30 55 25 50 51 49 36 19 33 25 36 13 51 48 34 21 35 24 39 15 72 64 38 48 49 38 33 69 43 50 54 37 39 41 44 52 27 40 17 26 7 18 28 21 14 13 26 3 
60 74 72 83 32 67 69 69 66 51 39 53 43 55 32 69 68 79 28 63 65 65 62 47 34 49 38 51 28 81 93 41 75 77 79 76 60 48 62 52 63 41 91 40 74 76 77 74 59 46 61 51 62 40 54 81 82 92 91 78 59 73 67 68 53 35 37 39 39 30 6 21 15 25 7 74 68 63 46 42 55 42 61 36 69 63 46 44 57 44 64 39 77 64 45 59 52 55 38 65 43 56 53 50 37 32 42 43 33 27 27 19 31 7 32 44 21 30 13 27 
31 35 35 58 48 18 13 49 57 63 42 35 50 21 45 33 33 56 51 17 13 48 57 63 44 36 51 23 48 40 63 44 22 18 53 60 63 39 36 49 19 41 62 45 21 17 52 60 63 40 36 49 19 42 61 44 41 75 82 83 58 57 68 40 58 39 36 60 70 82 69 58 73 50 74 8 35 43 50 33 23 38 14 37 31 39 45 29 19 34 13 35 74 78 55 51 64 34 57 88 65 61 74 44 67 76 69 84 55 79 51 67 43 67 57 30 55 46 71 48 
8 6 4 24 35 17 21 13 23 33 29 14 27 25 35 2 2 21 40 19 23 13 23 36 33 19 31 28 40 13 32 26 15 20 18 25 30 19 5 20 18 26 30 28 15 19 17 24 30 21 7 21 19 28 31 14 14 41 47 48 25 22 34 4 28 38 39 36 46 62 61 47 60 51 68 35 62 10 25 33 21 26 36 39 4 6 23 34 24 26 40 41 39 45 29 19 34 13 35 56 39 29 44 19 43 55 43 58 37 60 40 53 45 61 39 32 47 39 59 52 
13 14 13 22 31 25 30 7 13 23 25 13 20 29 32 12 12 18 35 26 31 4 13 26 30 17 24 32 36 20 31 21 25 30 17 18 20 16 7 11 25 22 30 23 25 29 15 17 20 17 8 13 25 24 20 18 20 36 41 39 15 15 24 6 18 37 39 28 36 53 56 42 53 49 63 43 10 79 17 33 25 24 43 39 14 4 16 36 29 26 47 41 31 35 21 8 24 12 27 45 29 19 34 13 35 46 33 49 30 52 36 46 45 56 31 34 42 36 52 51 
21 31 29 37 16 34 38 23 21 13 13 14 3 30 18 27 26 33 20 32 36 19 17 13 17 13 7 30 22 38 47 8 38 42 33 30 18 10 20 6 31 12 45 9 37 41 31 29 17 10 18 4 31 12 14 36 38 48 49 41 15 27 26 24 10 27 30 11 21 36 39 25 35 36 46 50 25 17 91 27 27 15 44 30 28 19 4 31 31 19 48 34 35 31 5 12 15 16 9 39 15 14 24 6 18 29 19 34 13 35 20 28 34 40 14 28 26 23 35 39 
24 38 36 55 17 25 27 41 44 40 13 20 25 13 13 33 32 51 18 21 23 38 41 39 13 16 23 9 15 46 64 18 35 36 50 52 45 18 29 30 22 15 63 18 33 34 49 51 44 17 27 29 20 14 41 47 46 70 73 67 41 48 52 35 37 7 6 33 42 50 36 25 40 19 42 33 33 33 27 59 14 11 21 6 32 31 23 4 16 7 25 8 61 58 31 36 42 21 29 65 39 41 50 24 38 45 42 55 25 47 19 34 13 35 27 2 22 13 38 19 
13 25 24 45 26 11 13 32 39 40 19 13 27 4 24 21 20 42 29 7 10 30 37 40 22 13 28 7 27 33 53 21 20 22 40 44 42 16 18 27 8 18 52 22 19 20 39 43 42 17 17 27 6 19 39 35 33 61 66 64 37 41 48 25 36 21 20 37 47 59 49 36 52 33 55 23 21 25 27 14 38 15 17 21 19 22 22 14 4 12 21 20 56 57 32 31 42 13 33 66 42 39 52 22 44 53 45 60 31 56 29 45 27 48 34 13 35 25 50 34 
18 32 30 46 10 25 29 32 34 29 4 11 13 17 9 27 26 42 14 22 26 28 30 28 7 7 13 16 13 40 55 7 33 36 41 42 33 8 21 18 22 3 54 7 32 34 39 40 33 6 19 17 21 3 29 40 40 60 62 56 29 38 41 27 26 13 15 22 32 43 36 22 36 25 42 38 26 24 15 11 15 69 30 15 27 23 11 15 19 4 34 19 50 46 19 25 31 13 19 54 28 30 39 13 29 37 31 45 16 41 15 29 20 35 19 13 21 13 35 26 
30 39 38 61 38 20 18 49 56 57 33 31 43 13 35 36 35 58 40 17 14 47 54 57 34 30 43 13 37 45 68 37 28 27 55 61 60 33 35 44 18 33 67 37 27 25 54 60 59 33 35 44 17 33 57 49 46 78 83 81 55 58 66 41 53 27 23 52 62 72 57 46 62 36 61 14 36 43 44 21 17 30 26 25 33 39 39 17 13 25 4 21 74 74 49 48 59 31 49 83 58 57 69 39 59 67 61 75 45 69 40 56 29 54 48 19 43 34 59 35 
31 44 43 61 17 32 33 47 49 43 16 26 28 19 13 40 39 57 17 28 29 43 46 41 14 22 26 15 13 52 70 21 41 42 56 57 49 23 35 34 28 18 69 21 40 41 55 56 48 22 33 33 27 17 44 54 53 75 78 71 45 54 56 42 41 3 1 34 43 49 32 22 37 13 36 37 39 39 30 6 21 15 25 70 39 37 27 8 22 13 28 4 66 61 34 40 45 27 31 68 41 45 52 29 39 45 43 55 25 45 17 32 6 29 28 8 19 10 34 13 
8 6 4 27 37 13 17 18 27 37 30 16 30 22 36 2 2 25 41 16 19 17 27 39 34 20 33 26 41 13 34 28 11 15 22 29 34 21 8 23 14 27 33 30 10 15 21 29 35 23 9 25 15 29 35 16 14 44 51 53 29 26 38 9 32 38 38 39 49 65 63 48 62 51 69 31 4 14 28 32 19 27 33 39 70 10 25 33 21 26 36 39 43 50 33 23 38 14 37 60 42 33 48 22 47 58 46 62 39 63 41 55 45 62 41 31 48 40 61 51 
9 11 10 24 31 21 25 10 18 27 25 11 22 26 31 8 7 20 35 22 26 8 17 29 29 16 26 29 36 18 32 21 21 25 18 22 24 15 3 14 21 22 31 23 21 25 17 21 24 17 4 15 21 23 24 17 18 39 44 44 19 19 29 4 21 36 37 30 39 56 57 42 54 48 63 39 6 4 19 31 22 23 39 37 10 87 17 33 25 24 43 39 35 40 23 13 28 10 29 50 33 23 38 14 37 49 36 52 31 54 36 47 43 57 33 31 42 36 54 49 
17 29 27 38 15 29 34 23 23 18 10 10 4 26 16 25 23 33 19 28 32 19 19 17 14 9 8 26 20 36 47 5 34 38 33 31 22 6 17 7 27 8 46 7 33 37 31 30 21 5 16 6 26 9 18 35 36 49 51 44 18 28 29 22 14 24 27 15 25 39 39 25 37 34 46 45 23 16 4 23 22 11 39 27 25 17 100 27 27 15 44 30 38 35 9 14 20 12 12 43 19 18 29 3 22 33 23 38 14 37 19 30 31 40 16 24 26 21 36 36 
25 39 37 57 21 24 25 44 48 44 18 22 29 12 18 35 33 54 22 20 21 40 45 43 17 19 28 7 19 47 66 22 34 35 52 55 49 22 30 33 21 19 65 22 32 33 51 54 48 21 29 33 19 18 45 49 47 73 77 71 44 51 56 37 41 10 7 37 46 55 39 29 44 21 44 29 34 36 31 4 14 15 17 8 33 33 27 66 14 11 21 6 65 62 35 39 46 23 34 70 43 45 54 28 43 50 46 59 29 51 23 38 14 37 32 2 26 17 41 20 
16 27 26 48 29 10 11 36 43 45 23 18 31 2 27 23 22 45 32 6 7 34 41 45 25 17 32 6 30 34 56 25 20 20 43 48 46 21 22 31 7 22 55 26 18 19 42 47 46 21 21 31 6 23 44 37 35 65 70 68 41 44 53 28 40 23 21 41 51 63 52 39 55 35 57 19 24 29 31 16 4 19 13 22 21 25 27 14 46 15 17 21 60 61 37 35 47 17 38 70 47 43 56 26 48 57 50 65 35 60 33 48 28 50 38 14 37 28 53 34 
18 32 30 48 14 23 25 34 37 33 8 12 18 13 11 27 26 44 17 19 22 30 33 32 10 8 17 12 15 40 57 11 31 33 42 44 37 10 22 22 19 8 55 11 30 32 41 43 37 10 20 21 18 8 33 41 40 62 65 60 33 41 44 28 30 11 13 27 37 47 38 24 39 24 44 34 26 26 19 7 12 4 25 13 26 24 15 11 15 77 30 15 53 50 24 28 35 14 23 59 33 34 43 16 33 42 36 50 20 44 17 33 19 37 23 9 23 14 37 25 
34 42 41 64 42 23 20 53 60 62 38 35 47 18 39 39 38 61 44 20 17 51 59 61 38 34 48 17 41 48 71 41 31 28 59 65 64 38 39 49 22 38 70 41 29 27 58 64 64 38 39 49 21 38 61 52 49 81 87 86 59 62 70 44 58 31 27 57 67 76 60 50 66 39 64 13 40 47 48 25 21 34 4 28 36 43 44 21 17 30 28 25 78 79 53 53 64 35 53 88 63 61 73 43 63 71 66 80 50 73 44 60 33 58 53 23 47 38 63 37 
32 45 44 63 21 31 32 49 52 47 20 28 32 18 18 41 39 59 21 27 28 46 49 45 18 24 30 14 17 53 72 25 41 41 58 60 52 26 36 37 28 22 71 25 39 40 57 59 52 25 35 36 26 21 48 55 54 78 81 75 48 57 60 43 44 8 3 39 47 53 35 26 41 15 39 35 41 41 34 8 20 19 21 4 39 39 30 6 21 15 25 75 69 65 38 43 49 29 35 72 45 49 56 32 43 49 47 59 30 50 22 36 8 33 32 8 23 15 38 14 
44 41 41 24 51 56 61 25 17 25 49 43 38 60 54 41 41 22 55 57 62 26 19 30 52 45 42 62 58 41 29 44 54 59 25 15 17 42 38 31 56 47 28 45 54 59 25 15 18 43 39 32 56 48 23 36 40 18 14 9 20 17 10 34 25 63 66 37 38 54 70 58 62 72 77 74 39 31 35 61 56 50 74 66 43 35 38 65 60 53 78 69 20 17 33 25 24 43 39 25 33 21 26 36 39 48 35 43 46 55 55 57 70 72 45 62 61 59 64 75 
47 49 48 38 44 60 65 34 23 17 44 43 33 60 47 48 47 35 47 60 65 32 22 19 46 44 35 61 50 52 45 39 61 66 38 28 15 41 43 30 59 43 44 40 61 65 37 27 15 41 42 30 59 43 17 47 51 36 30 14 20 28 12 41 21 57 61 27 24 38 58 48 48 64 64 78 45 35 31 58 57 46 74 61 50 40 35 62 61 50 79 65 17 50 27 27 15 44 30 10 21 17 11 35 26 33 21 26 36 39 46 44 63 60 35 59 51 52 50 67 
26 35 34 39 18 39 43 25 21 9 17 20 6 35 21 32 31 34 21 37 42 21 16 8 19 19 8 35 24 41 48 12 43 47 35 30 16 15 24 9 37 16 47 13 42 46 33 29 15 15 23 8 36 16 10 39 41 47 47 38 14 28 23 27 8 30 34 7 16 32 38 25 33 38 45 55 29 21 5 31 32 19 49 34 33 23 9 35 37 24 53 38 33 27 66 14 11 21 6 34 10 12 19 11 14 25 13 29 12 31 21 26 36 39 12 32 27 25 33 41 
20 23 22 24 28 33 38 11 8 14 24 17 16 35 30 21 20 20 33 33 38 7 6 17 28 19 20 37 35 28 34 20 34 38 20 17 11 17 15 6 32 22 32 21 34 38 19 16 11 18 15 8 32 23 11 25 28 35 37 33 6 14 17 15 9 38 41 21 28 46 52 38 47 48 59 51 19 8 12 36 31 25 48 40 23 13 14 39 35 28 53 43 25 27 14 43 15 17 21 37 21 10 25 11 27 39 25 40 25 45 33 40 45 53 26 36 39 35 47 51 
34 39 38 36 29 47 51 25 17 2 29 29 17 46 32 37 36 32 32 46 51 22 13 5 31 29 19 46 35 44 45 24 49 54 33 26 8 25 30 15 45 27 43 24 49 53 32 24 7 25 30 15 45 28 3 40 43 40 38 27 10 24 14 31 6 42 46 13 15 33 46 34 38 49 52 64 34 24 15 42 42 31 59 45 38 28 20 46 47 35 64 49 24 15 11 15 53 30 15 23 9 6 10 20 15 26 11 25 22 32 32 33 48 48 21 44 37 36 39 52 
5 18 17 34 23 17 21 20 25 28 16 2 17 17 22 14 12 30 27 16 21 17 23 29 20 6 20 19 27 26 43 14 22 25 28 31 28 7 7 14 15 13 41 16 21 24 27 30 28 9 6 14 15 15 27 27 27 49 53 50 24 28 35 14 23 25 27 27 37 52 49 34 48 38 55 34 13 12 16 21 13 13 31 27 14 10 12 23 17 14 35 29 43 44 21 17 30 73 25 53 31 26 40 10 34 45 35 51 25 50 27 41 33 48 27 21 34 26 47 39 
30 40 39 45 14 42 46 32 28 14 15 23 7 36 17 37 35 41 16 40 44 28 23 10 16 21 5 35 19 47 55 12 47 50 41 37 22 18 29 15 39 15 53 11 46 49 40 36 21 17 28 14 38 15 16 45 47 54 53 43 21 34 29 33 14 27 31 3 13 27 31 19 26 33 38 57 35 27 9 29 33 19 49 31 37 29 12 34 38 23 53 35 39 30 6 21 15 25 79 37 10 18 21 15 10 20 12 26 6 25 16 19 33 33 6 31 21 21 26 36 
57 59 59 48 51 70 75 44 34 25 52 52 40 69 54 58 57 45 53 70 74 42 32 26 53 53 42 70 56 62 54 47 71 76 48 38 25 49 53 39 69 51 53 47 71 75 47 37 25 49 52 39 69 51 26 57 61 43 36 18 30 38 23 52 30 64 68 33 27 37 60 53 50 69 65 88 56 45 39 65 66 54 83 68 60 50 43 70 70 59 88 72 25 10 34 37 23 53 37 35 27 27 15 44 30 33 25 24 43 39 52 47 70 63 41 67 56 58 52 73 
36 44 43 44 24 49 53 33 25 8 25 30 15 45 27 41 40 40 26 48 52 29 21 4 26 29 15 45 29 50 53 21 53 57 41 35 17 25 34 19 47 25 52 21 52 56 40 33 16 25 33 17 46 25 11 47 50 49 47 34 18 33 23 36 12 37 41 6 7 24 37 27 29 43 43 65 39 29 15 39 42 28 58 41 42 33 19 43 47 33 63 45 33 21 10 21 9 31 10 27 67 14 11 21 6 17 3 19 16 24 25 24 43 39 14 41 30 31 30 46 
29 33 32 30 30 43 47 19 11 6 28 25 17 43 33 31 31 26 34 43 47 17 7 10 31 26 20 44 36 38 39 23 44 49 27 20 4 23 25 12 42 26 37 24 44 48 26 19 3 24 25 12 41 27 2 34 37 36 35 26 4 18 11 25 4 42 45 16 21 38 50 37 43 50 56 61 29 19 14 41 39 30 57 45 33 23 18 45 43 34 61 49 21 17 12 10 6 26 18 27 14 51 15 17 21 31 17 31 24 38 33 37 48 51 24 43 39 37 44 53 
44 49 48 43 35 57 62 35 25 11 36 38 25 55 39 47 46 40 37 56 61 32 22 11 38 38 26 55 41 53 52 32 60 64 42 33 16 35 41 25 55 35 50 32 59 63 40 32 15 35 40 25 55 36 13 49 53 44 40 25 20 32 18 41 16 49 53 18 13 28 47 38 37 54 53 74 44 34 24 50 52 39 69 52 48 38 29 54 56 43 73 56 26 11 19 25 10 40 21 15 11 15 48 30 15 22 10 17 27 29 37 33 54 49 25 52 41 43 39 57 
15 25 24 34 18 27 32 20 20 18 13 8 8 25 19 21 20 30 22 26 31 15 17 19 17 9 12 26 24 32 44 8 32 35 29 28 21 6 14 5 25 10 42 10 31 34 28 27 20 6 12 5 25 12 17 31 32 47 49 43 16 25 28 18 14 26 29 17 27 42 43 29 40 37 50 44 19 13 6 24 22 13 39 29 22 14 3 28 26 16 43 32 36 35 11 11 20 10 15 44 21 17 30 86 25 36 25 40 17 41 23 33 33 43 19 25 29 24 40 39 
40 49 48 50 22 52 56 39 32 15 25 33 17 46 25 46 45 46 23 50 54 35 28 10 25 31 15 45 26 55 60 22 57 60 47 41 24 28 38 23 49 25 58 22 56 59 46 40 23 27 37 22 48 25 18 53 55 56 54 40 25 39 30 41 18 35 40 7 3 18 31 22 22 39 37 67 43 35 18 38 44 29 59 39 47 37 22 43 48 33 63 43 39 26 14 27 15 34 10 30 6 21 15 25 79 11 5 16 13 17 22 18 40 33 11 41 25 29 24 43 
51 61 59 62 28 62 66 50 43 25 34 43 28 55 32 57 56 57 28 60 64 46 39 21 32 41 25 54 31 67 71 32 68 71 59 52 35 38 50 35 59 35 69 31 66 70 57 51 33 37 48 33 58 34 29 64 67 66 63 47 36 50 39 53 30 41 45 18 10 7 27 24 16 41 32 76 55 46 29 45 53 37 67 45 58 49 33 50 57 42 71 49 48 33 25 39 26 45 20 33 17 31 22 36 11 54 14 11 21 6 27 15 44 30 18 48 27 34 19 45 
40 48 47 47 25 53 57 36 29 11 28 34 18 48 29 45 44 43 27 51 55 33 25 7 28 32 18 48 31 54 56 24 57 61 45 38 20 29 38 22 50 28 55 24 56 60 43 36 19 28 37 21 50 27 15 51 53 52 49 35 22 36 25 40 16 39 44 8 3 21 36 27 27 44 42 69 43 33 19 42 45 31 61 43 46 36 23 46 50 36 66 47 35 21 13 25 11 35 12 25 3 17 10 25 5 14 54 15 17 21 27 23 44 39 15 44 30 33 29 47 
56 64 62 61 38 68 72 51 42 25 42 49 34 63 41 61 60 57 38 66 71 48 39 22 41 47 32 62 41 69 69 39 72 76 58 51 33 44 54 38 66 42 68 38 71 75 57 49 32 43 53 37 65 42 29 65 68 62 57 40 36 49 36 56 31 51 55 23 13 13 38 35 27 52 43 84 58 49 34 55 60 45 75 55 62 52 38 59 65 50 80 59 43 26 29 40 25 51 26 24 19 31 17 40 16 11 15 31 30 15 37 27 54 42 27 57 38 44 30 56 
31 43 41 50 8 41 44 36 33 20 12 23 9 34 11 39 37 46 10 38 42 32 29 17 11 20 5 32 13 50 60 11 47 50 46 43 28 17 31 19 38 13 58 9 46 49 44 41 27 16 30 17 37 12 22 48 50 60 60 49 26 40 36 36 20 22 26 9 17 27 26 13 23 27 33 55 37 30 13 25 31 16 45 25 39 31 14 29 35 20 50 30 46 36 12 25 22 25 6 43 16 24 27 17 13 21 17 30 88 25 9 16 27 27 2 27 15 15 22 30 
55 66 64 68 31 66 70 56 49 32 37 48 32 58 34 62 61 64 29 63 67 52 45 28 34 45 29 56 32 72 77 36 72 75 65 59 41 42 55 40 63 38 76 34 71 74 63 57 40 41 53 39 62 37 35 70 72 73 69 54 42 57 46 58 36 42 46 24 17 3 23 23 12 40 27 79 60 52 35 47 56 41 69 45 63 54 37 51 60 44 73 50 55 39 31 45 32 50 25 39 24 38 29 41 17 6 21 15 25 61 28 14 44 27 22 50 27 35 15 44 
33 46 45 57 4 40 43 43 41 30 11 25 17 30 5 42 40 53 0 37 40 38 37 27 7 21 13 28 4 54 67 14 48 51 52 50 38 20 35 26 37 14 65 12 47 49 51 49 36 19 33 25 36 12 32 53 54 68 69 59 35 47 45 40 29 14 18 19 26 31 21 7 22 17 27 51 40 36 20 19 29 15 40 17 41 36 19 23 33 17 44 22 55 46 21 33 32 27 16 52 25 33 37 23 22 27 27 37 9 28 28 15 17 21 11 21 6 6 20 20 
46 59 57 65 19 55 58 52 47 32 25 39 25 46 21 55 53 61 16 52 56 47 43 27 22 35 21 43 19 66 75 26 63 65 61 57 41 33 47 35 52 28 73 25 61 64 60 55 40 32 46 33 51 26 35 64 66 73 72 58 40 54 47 52 34 29 33 20 20 17 13 9 7 26 19 67 53 46 28 34 45 29 56 32 55 47 30 38 48 33 60 36 57 44 26 40 33 41 19 47 24 37 33 33 18 15 23 27 16 14 15 23 30 15 14 37 13 21 6 30 
37 51 49 67 19 38 39 52 54 46 20 31 31 25 15 46 45 63 17 34 35 48 50 43 17 27 28 21 13 59 76 25 48 49 61 62 52 28 41 38 35 23 74 24 46 47 60 61 52 27 39 37 33 21 47 60 59 80 83 75 49 59 60 47 44 7 7 36 43 47 27 20 34 7 31 43 45 45 34 13 27 20 29 6 45 43 31 14 28 19 33 8 70 63 36 45 48 33 33 70 43 48 54 33 40 44 44 54 27 44 17 30 43 25 29 14 16 11 31 6 
53 67 65 77 25 60 62 63 61 46 32 46 37 48 25 63 61 73 21 56 58 59 56 42 28 42 32 44 21 75 87 35 68 70 73 70 55 41 56 46 56 35 86 33 67 69 71 69 54 40 54 45 55 33 49 74 75 87 87 74 54 67 62 61 47 28 30 35 36 30 3 14 15 18 7 67 61 56 40 35 48 35 54 29 62 57 40 37 50 37 58 33 72 60 39 53 48 48 33 63 39 51 49 43 33 30 39 42 27 27 21 15 25 13 27 37 14 23 11 21 
33 45 43 51 10 44 47 37 33 19 15 25 11 36 14 41 39 47 12 41 45 33 29 16 14 22 7 35 15 52 61 13 50 53 47 43 28 20 33 20 41 16 59 12 49 52 45 42 27 19 32 19 40 15 22 50 52 60 59 48 27 40 35 38 20 24 28 8 15 24 25 13 21 28 32 57 39 31 14 27 34 19 48 28 41 33 16 32 38 23 53 32 45 35 12 26 21 27 6 41 14 24 25 19 11 18 15 27 2 22 11 14 29 27 31 30 15 17 21 32 
24 37 36 55 19 24 25 42 45 42 15 20 26 11 16 33 31 52 20 19 21 38 42 41 15 17 25 7 18 45 64 20 33 34 50 52 46 19 28 31 20 16 63 20 32 33 49 51 46 19 27 30 19 16 42 47 46 70 74 69 42 49 53 35 39 9 7 35 44 53 39 27 43 21 44 30 32 34 28 2 13 13 19 8 31 31 24 2 14 9 23 8 62 59 32 36 44 21 31 67 41 43 52 25 41 48 44 57 27 50 21 37 14 37 30 35 25 15 40 21 
39 53 51 64 11 46 48 49 48 35 17 32 23 35 11 48 47 59 6 42 45 45 43 31 13 28 19 32 7 60 73 21 54 56 59 57 44 27 41 33 42 20 72 19 53 55 57 55 42 25 40 31 41 19 37 60 61 74 75 64 41 54 51 47 35 16 20 24 29 30 15 3 18 14 21 55 47 42 26 22 35 21 43 19 48 42 26 26 37 23 47 23 61 51 27 39 37 34 21 56 30 39 41 29 25 27 30 38 15 27 6 13 16 14 15 25 42 9 15 17 
31 45 43 58 7 37 39 44 44 35 11 24 20 25 4 40 39 54 6 33 35 39 40 32 6 20 17 22 2 53 68 15 45 47 53 53 42 20 34 28 33 13 66 14 44 46 52 51 41 19 32 27 32 12 36 53 53 71 72 63 38 49 49 40 33 7 11 25 32 38 24 11 27 13 30 46 39 36 23 13 25 13 34 10 40 36 21 17 28 14 38 15 59 52 25 35 36 26 21 58 31 37 43 24 29 34 33 44 15 35 6 21 11 23 17 15 9 60 25 15 
52 65 63 72 24 60 63 58 54 38 31 45 32 50 25 61 59 67 20 57 60 54 50 34 27 41 28 47 22 72 82 32 68 71 68 64 48 39 53 41 57 33 80 31 67 69 66 62 46 38 52 40 56 32 41 71 72 80 78 64 47 61 54 58 40 31 35 27 26 19 8 13 3 26 13 71 59 52 35 38 50 35 59 34 61 54 36 41 53 37 63 38 64 50 33 47 39 47 26 52 30 44 39 40 24 19 29 30 22 15 20 6 31 11 21 40 15 25 31 30 
43 57 56 73 23 45 46 59 60 50 26 38 36 32 20 53 51 69 20 40 42 54 56 47 22 33 33 28 17 65 82 31 54 55 68 68 57 35 47 44 41 28 81 30 53 53 66 67 56 33 46 43 40 27 52 66 66 86 88 79 54 65 65 54 49 13 13 40 46 47 24 21 33 3 27 48 52 51 39 19 34 26 35 13 51 49 36 20 34 25 37 14 75 67 41 51 52 39 36 73 46 53 57 39 43 45 47 56 30 44 20 30 6 21 32 21 17 15 30 50 
