91 14
74 40 22 34 20 17 36 7 25 13 35 17 41 14 25 4 16 31 0 41 26 45 32 21 6 16 36 25 9 39 20 18 6 25 25 42 22 14 31 21 25 32 38 42 10 28 18 19 34 6 25 18 36 14 39 16 20 21 17 25 28 5 25 17 32 34 43 43 15 24 7 24 13 35 17 41 25 46 28 26 1 39 45 13 31 46 27 17 23 41 20 
40 28 35 18 22 40 14 41 37 51 45 22 19 37 65 44 56 72 40 78 65 85 68 58 38 25 4 16 31 0 41 26 45 32 21 6 40 47 66 36 65 61 76 68 48 38 26 45 18 45 41 55 49 26 22 53 22 58 48 66 53 38 23 41 72 66 83 72 54 42 42 37 51 45 23 19 65 86 67 61 39 77 69 48 40 80 67 50 52 49 22 
22 35 50 21 15 7 25 28 3 22 14 19 26 33 37 22 36 44 22 60 36 60 35 41 15 14 31 29 15 35 40 11 27 5 33 34 4 16 31 0 41 26 45 32 21 6 11 10 20 28 6 25 17 16 22 24 15 42 15 39 17 25 12 7 48 32 52 36 28 6 29 2 23 14 19 26 39 63 36 47 22 44 34 19 9 46 43 18 17 20 15 
34 18 21 8 14 27 4 39 21 41 27 19 7 38 56 37 51 63 35 75 55 78 56 55 30 18 14 22 25 18 44 16 40 16 28 14 25 36 53 21 58 47 65 51 39 21 16 31 0 41 26 45 32 21 6 43 15 55 36 58 38 35 10 28 66 53 72 57 46 27 39 22 42 28 19 6 57 81 56 60 34 65 53 38 22 67 61 39 38 31 14 
20 22 15 14 33 19 16 24 18 29 28 5 21 24 44 23 37 51 21 61 43 65 46 41 17 3 17 14 11 21 31 4 26 14 19 22 19 25 43 15 45 40 54 47 26 20 4 23 14 26 22 33 31 6 20 31 0 41 26 45 32 21 6 19 52 45 61 51 33 21 25 18 29 28 6 21 44 67 45 45 19 55 49 26 22 58 47 28 30 33 0 
17 40 7 27 19 63 31 24 9 15 18 21 33 30 30 16 30 37 18 54 28 52 28 35 11 16 36 31 14 40 37 14 22 12 35 40 5 9 25 6 34 21 38 29 14 12 14 4 27 23 8 18 19 17 29 16 18 36 8 32 13 22 18 0 41 26 45 32 21 6 25 8 16 17 21 33 32 56 29 42 18 37 31 12 14 40 36 11 11 24 18 
36 14 25 4 16 31 1 40 25 44 32 20 6 39 59 40 53 66 37 77 59 81 59 57 33 20 10 21 27 14 44 19 42 20 27 10 29 39 56 25 61 51 69 56 42 25 19 35 4 43 30 48 36 22 8 46 16 57 39 61 42 37 13 31 68 57 76 61 49 31 41 26 45 32 21 6 60 83 60 61 36 69 57 41 27 71 63 42 42 35 16 
7 41 28 39 24 24 40 82 31 19 42 20 46 8 27 9 15 32 6 37 28 44 36 17 13 21 38 25 14 41 14 23 5 32 24 44 29 20 37 28 25 38 41 49 16 35 22 26 38 4 32 23 43 18 44 21 24 16 23 27 35 3 29 24 31 39 45 49 18 31 0 31 19 42 19 45 26 45 32 21 6 42 52 19 38 50 27 23 30 48 25 
25 37 3 21 18 9 25 31 52 24 11 22 26 36 38 25 39 46 25 63 37 61 35 44 18 17 33 32 18 37 43 14 30 5 36 35 4 18 31 3 43 25 45 30 23 3 14 11 21 31 4 26 14 19 22 25 18 45 16 41 16 28 14 9 50 31 53 35 30 5 32 0 25 10 22 26 41 65 37 50 25 45 32 21 6 45 45 20 17 17 17 
13 51 22 41 29 15 44 19 24 90 31 28 48 27 15 9 16 22 13 39 14 37 18 22 12 25 47 38 19 50 33 25 14 27 39 52 20 6 18 22 18 19 25 31 3 27 25 13 41 15 22 4 31 24 44 2 29 23 8 16 18 18 31 15 25 20 31 30 5 20 19 24 0 31 28 47 16 41 15 29 15 26 34 3 29 32 21 6 13 37 29 
35 45 14 27 28 18 32 42 11 31 64 33 30 47 44 34 47 51 35 71 42 67 37 53 29 28 41 42 30 45 54 25 40 14 47 42 12 25 33 14 49 24 48 25 31 8 25 18 27 41 9 32 4 30 25 32 28 54 23 47 16 39 23 18 56 32 55 31 37 11 42 11 32 0 33 30 47 71 41 59 36 47 26 28 5 45 52 25 21 6 27 
17 22 19 19 5 21 20 20 22 28 33 42 26 19 42 21 34 49 18 57 42 62 46 37 16 5 18 10 9 22 25 8 22 19 14 25 23 25 44 19 43 41 54 50 25 24 7 25 18 23 25 33 36 4 25 31 5 37 27 43 34 16 12 21 50 46 60 53 31 25 20 22 29 33 0 25 42 64 44 41 16 54 52 26 27 59 45 29 32 38 6 
41 19 26 7 21 33 6 46 26 48 30 26 12 45 63 44 58 70 42 82 62 85 61 62 37 25 17 28 32 19 51 23 47 21 34 14 30 42 58 27 65 51 71 55 45 25 23 37 7 48 30 51 34 28 4 49 22 62 42 64 43 42 16 34 72 58 78 61 52 31 46 26 48 30 26 0 64 88 62 67 41 71 56 44 26 72 67 45 44 32 21 
14 37 33 38 24 30 39 8 36 27 47 19 45 80 35 18 22 40 14 41 37 51 45 22 19 22 34 20 17 36 7 25 13 35 17 41 35 28 45 32 33 46 49 57 24 39 24 33 38 12 38 31 49 19 44 30 24 21 31 35 42 9 30 30 38 48 54 57 27 36 8 36 27 47 18 45 34 51 40 24 12 51 60 27 42 59 34 31 37 53 25 
25 65 37 56 44 30 59 27 38 15 44 42 63 35 44 21 15 7 25 28 3 22 14 19 26 40 61 50 33 64 39 40 22 42 50 66 34 20 17 36 7 25 13 35 17 41 40 27 56 23 36 12 43 38 59 13 43 21 22 3 28 28 46 29 12 20 18 31 10 34 27 38 14 44 42 62 3 27 7 25 26 16 38 18 43 25 8 19 23 50 44 
4 44 22 37 23 16 40 9 25 9 34 21 44 18 21 69 14 27 4 39 21 41 27 19 7 19 40 29 12 43 24 21 6 26 30 46 22 11 27 21 21 28 33 39 6 28 20 17 36 7 25 13 35 17 41 12 23 19 14 21 25 9 27 16 28 30 39 39 10 23 9 24 9 34 21 43 21 43 24 25 6 34 42 9 31 41 23 14 20 41 24 
16 56 36 51 37 30 53 15 39 16 47 34 58 22 15 14 41 19 16 24 18 29 28 5 21 33 52 40 26 55 24 35 11 41 38 59 35 22 30 36 11 35 29 46 16 42 34 29 51 11 38 18 47 31 56 17 36 7 25 13 35 17 41 29 16 33 32 44 12 36 14 38 16 47 33 58 12 30 22 12 17 31 49 19 45 41 12 23 29 54 37 
31 72 44 63 51 37 66 32 46 22 51 49 70 40 7 27 19 35 31 24 9 15 18 21 33 47 68 57 40 71 43 47 28 50 56 73 42 27 22 44 7 30 12 40 24 48 47 34 63 28 43 19 49 45 67 20 50 23 29 6 35 34 53 36 7 25 13 35 17 41 32 45 21 51 48 69 6 20 11 26 33 15 43 25 50 26 7 26 30 56 51 
0 40 22 35 21 18 37 6 25 13 35 18 42 14 25 4 16 31 73 40 25 44 32 20 6 17 36 25 10 40 20 19 5 26 25 43 23 14 31 22 24 32 37 42 10 28 18 19 34 6 26 18 37 14 40 16 20 20 17 25 28 5 25 17 32 34 43 43 14 24 7 25 13 35 17 41 24 46 28 25 1 39 45 13 31 45 27 17 23 42 21 
41 78 60 75 61 54 77 37 63 39 71 57 82 41 28 39 24 24 40 14 31 19 42 20 46 57 75 62 50 78 40 59 35 65 59 82 59 45 46 60 22 53 36 64 40 66 59 53 75 34 62 38 70 55 80 39 61 20 47 25 56 40 66 53 17 49 34 60 33 60 36 62 38 70 57 82 25 13 35 17 41 39 67 42 68 50 19 45 51 77 61 
26 65 36 55 43 28 59 28 37 14 42 42 62 37 3 21 18 9 25 31 50 24 11 22 26 40 61 51 33 65 41 40 23 41 51 66 33 19 14 35 10 22 12 32 17 40 39 25 55 24 34 10 40 38 58 12 43 24 20 6 26 29 45 28 14 17 17 28 11 32 28 36 14 42 42 61 7 29 4 28 27 13 35 17 41 23 12 17 21 47 44 
45 85 60 78 65 52 81 44 61 37 67 62 85 51 22 41 29 15 44 19 24 27 31 28 48 61 81 69 54 85 52 62 40 65 68 87 57 43 36 59 19 45 22 53 39 64 61 50 78 40 59 34 65 59 82 36 64 30 44 20 50 47 68 52 12 38 17 48 32 57 44 61 36 66 62 84 20 7 26 30 46 25 56 41 66 35 17 41 46 72 65 
32 68 35 56 46 28 59 36 35 18 37 46 61 45 14 27 28 18 32 42 11 31 71 33 30 42 63 56 37 68 50 42 31 40 57 68 31 20 4 34 21 13 11 22 21 37 41 24 55 32 31 14 34 42 57 15 45 35 20 17 20 36 46 27 24 7 18 17 18 30 36 34 18 36 46 61 18 37 7 40 33 9 25 20 38 13 23 17 17 41 46 
21 58 41 55 41 35 57 17 44 22 53 37 62 22 19 19 5 21 20 20 22 28 33 35 26 37 55 42 30 58 23 39 15 46 40 62 41 27 35 41 13 40 32 52 22 47 39 35 55 14 43 23 53 34 60 23 40 2 30 17 41 20 46 35 17 38 35 49 17 41 16 43 22 53 36 62 16 28 26 7 21 35 55 25 50 45 13 28 35 59 41 
6 38 15 30 17 11 33 13 18 12 29 16 37 19 26 7 21 33 6 46 26 48 30 26 83 13 34 25 7 38 26 14 11 20 27 40 16 10 29 15 28 28 37 37 9 22 13 13 30 12 19 16 30 12 34 15 17 26 12 27 22 10 20 11 35 30 44 39 15 17 13 18 12 28 16 36 27 50 28 31 7 38 40 10 25 43 30 13 18 35 17 
16 25 14 18 3 16 20 21 17 25 28 5 25 22 40 19 33 47 17 57 40 61 42 37 13 71 21 15 7 25 28 3 22 14 19 26 18 22 40 14 41 37 51 45 22 19 2 20 17 23 20 30 31 3 23 28 3 37 23 41 30 17 8 16 48 42 57 48 29 20 21 17 26 28 5 24 40 63 41 42 16 51 47 22 22 55 43 25 27 34 4 
36 4 31 14 17 36 10 38 33 47 41 18 17 34 61 40 52 68 36 75 61 81 63 55 34 21 36 14 27 4 39 21 41 27 19 7 35 43 61 31 61 57 72 63 43 33 22 40 14 41 37 51 45 22 19 49 18 55 43 62 48 35 18 36 68 62 78 68 50 37 38 33 47 41 19 16 61 83 62 58 35 72 65 44 35 76 64 46 48 45 17 
25 16 29 22 14 31 21 25 32 38 42 10 28 20 50 29 40 57 25 62 51 69 56 42 25 15 14 44 19 16 24 18 29 28 5 21 33 35 54 29 50 52 63 60 34 34 18 36 22 29 36 42 46 14 29 40 14 41 37 51 45 22 19 31 57 56 69 63 40 35 25 32 38 42 10 28 50 70 53 44 24 64 63 36 37 69 52 39 42 48 14 
9 31 15 25 11 14 27 14 18 19 30 9 32 17 33 12 26 40 10 50 33 54 37 30 7 7 27 19 81 31 24 9 15 18 21 33 17 16 35 15 34 33 45 43 16 21 8 18 24 16 21 23 32 5 30 22 10 30 18 34 27 11 15 14 41 37 51 45 22 19 15 18 19 29 8 31 33 56 35 35 9 45 45 17 25 50 36 20 24 36 11 
39 0 35 18 21 40 14 41 37 50 45 22 19 36 64 43 55 71 40 78 65 85 68 58 38 25 4 16 31 28 40 25 44 32 20 6 40 47 65 35 65 61 76 67 47 37 26 45 18 44 41 55 49 26 22 53 22 57 48 65 53 38 22 40 72 66 82 72 54 41 41 37 51 45 22 19 65 86 66 60 38 76 69 48 40 80 67 50 52 49 21 
20 41 40 44 31 37 44 14 43 33 54 25 51 7 39 24 24 43 20 40 41 52 50 23 26 28 39 24 24 40 83 31 19 42 20 46 42 35 51 40 35 52 53 63 30 46 31 40 44 18 45 37 56 25 50 35 30 22 38 38 49 15 37 37 40 53 57 63 32 43 14 43 33 54 25 50 37 51 45 22 19 55 66 33 49 64 36 38 44 60 31 
18 26 11 16 4 14 19 23 14 25 25 8 23 25 40 21 35 47 19 59 40 62 42 39 14 3 21 18 9 25 31 74 24 11 22 26 15 21 39 11 42 35 51 43 23 16 0 19 15 25 18 29 28 6 21 28 4 39 22 42 28 19 6 14 49 40 57 46 30 17 23 14 26 24 8 22 41 64 41 44 18 51 45 22 19 54 44 24 26 30 4 
6 45 27 40 26 22 42 5 30 14 40 22 47 13 22 6 11 28 5 35 23 40 31 15 11 22 41 29 15 44 19 24 102 31 28 48 27 17 32 27 20 34 35 45 11 33 24 23 40 1 30 18 41 19 45 16 25 15 20 22 31 6 31 22 27 34 40 45 13 29 5 30 14 40 22 47 21 41 27 20 6 37 48 14 36 45 22 19 26 47 26 
25 32 5 16 14 12 20 32 5 27 14 19 21 35 42 26 41 50 26 65 41 65 40 46 20 14 27 28 18 32 42 11 31 90 33 30 9 22 37 5 46 30 50 35 26 6 11 16 16 32 9 30 18 17 17 29 14 46 21 44 22 28 9 13 53 37 57 40 33 10 32 5 28 14 19 21 44 68 41 51 26 50 37 24 8 51 48 24 22 19 13 
25 21 33 28 19 35 27 24 36 39 47 14 34 17 50 30 38 56 25 59 51 68 57 40 27 19 19 5 21 20 20 22 28 33 45 26 37 37 56 33 49 55 63 64 35 38 22 39 28 28 40 43 50 18 34 41 18 39 39 50 48 22 24 35 55 58 69 66 40 39 24 36 39 47 14 33 50 68 54 41 24 65 66 37 41 71 51 41 45 52 19 
42 6 34 14 22 40 10 44 35 52 42 25 14 41 66 46 59 73 43 82 66 87 68 62 40 26 7 21 33 6 46 26 48 30 26 39 39 48 65 34 68 60 77 66 49 35 26 44 14 48 40 56 46 28 18 54 23 61 48 68 52 41 22 40 75 66 84 71 56 40 45 36 52 42 25 14 67 89 68 65 41 77 67 49 37 80 70 51 52 45 22 
22 40 4 25 19 5 29 29 4 20 12 23 30 35 34 22 35 42 23 59 33 57 31 41 16 18 35 33 17 40 42 15 27 9 37 39 42 14 27 4 39 21 41 27 19 7 15 7 25 28 3 22 14 19 26 21 19 41 12 37 13 26 17 5 46 27 48 32 26 2 30 3 21 12 23 30 37 61 32 47 23 40 29 17 9 42 41 15 13 19 19 
14 47 16 36 25 9 39 20 18 6 25 25 42 28 20 11 22 27 14 45 19 43 20 27 10 22 43 35 16 47 35 21 17 22 37 48 14 31 19 16 24 18 29 28 5 21 21 7 36 18 16 8 25 21 39 7 25 28 3 22 14 19 26 9 31 20 36 29 11 14 21 18 6 25 25 42 22 47 20 34 15 29 31 2 23 33 27 3 9 32 25 
31 66 31 53 43 25 56 37 31 18 33 44 58 45 17 27 30 22 31 46 14 36 4 35 29 40 61 54 35 65 51 39 32 37 56 65 27 19 14 31 24 9 15 18 21 33 39 21 52 33 28 14 30 40 54 15 43 37 17 20 16 36 43 25 28 3 22 14 19 26 37 31 18 32 44 58 21 42 10 42 33 13 21 19 34 15 26 15 14 37 43 
21 36 0 21 15 6 25 28 3 22 14 19 27 32 36 21 36 44 22 60 35 59 34 41 15 14 31 29 15 35 40 11 27 5 33 34 4 16 31 50 40 25 44 32 20 6 11 10 21 28 6 25 17 15 23 23 15 41 15 39 17 25 12 7 47 31 51 36 27 6 28 3 22 14 19 26 38 63 35 47 22 44 34 18 9 46 43 18 17 20 15 
25 65 41 58 45 34 61 25 43 18 49 43 65 33 7 21 11 7 24 22 10 19 21 13 28 41 61 50 34 65 35 42 20 46 49 68 39 24 24 40 57 31 19 42 20 46 42 32 58 21 41 16 48 39 62 17 44 15 26 4 34 27 48 33 7 27 21 39 13 39 25 42 18 49 42 65 3 22 14 19 26 21 45 22 48 32 2 23 29 55 45 
32 61 26 47 40 21 51 38 25 19 24 41 51 46 25 28 35 30 32 53 22 45 13 40 28 37 57 52 33 61 52 35 34 30 55 60 21 18 9 25 31 6 24 11 22 26 35 16 46 35 21 17 21 37 47 18 39 42 15 28 8 37 38 20 36 7 31 11 23 20 38 25 20 24 41 51 28 50 19 48 33 22 14 19 26 20 33 14 9 28 39 
38 76 45 65 54 38 69 41 45 25 48 54 71 49 13 33 29 12 37 36 12 22 11 32 37 51 72 63 45 76 53 51 35 50 63 77 41 29 15 44 19 24 45 31 28 48 50 34 65 36 42 21 45 49 68 22 54 34 29 15 31 42 56 37 19 17 7 25 23 40 40 45 25 48 53 71 16 28 9 38 39 3 34 28 49 14 19 26 28 52 54 
42 68 32 51 47 29 56 49 30 31 25 50 55 57 35 39 46 40 42 64 32 53 22 52 37 45 63 60 43 67 63 43 45 35 64 66 27 28 18 32 42 11 31 28 33 30 43 25 51 46 26 28 21 46 51 29 47 53 25 38 15 47 44 29 46 15 38 7 34 25 49 30 31 25 50 55 39 59 28 59 44 29 3 30 29 22 44 25 19 26 47 
10 48 21 39 26 14 42 16 23 3 31 25 45 24 17 6 16 24 10 40 17 39 21 22 9 22 43 34 16 47 30 23 11 26 35 49 19 5 21 20 20 22 28 33 38 26 22 13 38 13 21 7 31 21 42 6 26 23 8 19 19 15 28 13 27 23 35 33 7 19 16 22 3 30 25 45 18 42 19 28 12 29 36 3 28 35 22 7 14 37 26 
28 38 6 21 20 12 25 35 3 27 8 24 25 39 41 28 42 48 28 66 40 64 37 47 22 19 33 34 21 37 46 16 33 6 38 35 7 21 33 6 46 26 48 30 26 53 16 14 21 34 5 29 12 21 21 28 20 48 19 44 17 32 15 12 53 33 55 35 33 7 35 3 28 8 24 25 44 68 39 53 28 47 31 24 3 47 48 22 19 14 19 
18 26 11 16 4 14 19 22 14 25 25 7 23 24 40 20 34 47 18 59 39 61 41 39 13 2 22 18 8 26 31 0 24 11 22 26 15 21 39 11 42 35 50 43 22 16 29 19 16 24 18 29 28 5 21 27 4 39 21 41 27 19 7 14 49 40 57 46 29 17 23 14 25 25 8 23 41 64 41 43 17 50 45 22 19 54 44 24 26 31 4 
19 45 10 31 23 4 35 26 11 13 18 25 37 33 27 17 29 34 19 53 25 50 24 35 13 20 40 36 18 45 40 19 23 16 39 44 7 7 21 10 32 16 34 25 13 14 19 55 31 24 9 15 18 21 33 14 23 36 5 30 9 24 22 4 39 21 41 27 19 7 26 11 14 17 25 37 30 54 25 42 20 33 27 10 16 35 34 8 7 24 23 
34 18 20 0 14 27 4 38 21 41 27 18 7 38 56 36 51 63 34 75 55 78 55 55 30 17 14 22 24 18 44 15 40 16 28 14 25 36 52 21 58 46 65 51 38 21 16 31 8 40 25 44 32 20 6 43 14 55 35 57 38 35 9 27 65 53 72 56 45 26 39 21 41 27 19 7 57 80 56 59 33 65 53 37 22 67 60 38 38 31 13 
6 45 28 41 26 23 43 4 31 15 41 23 48 12 23 7 11 28 6 34 24 40 32 14 12 23 41 29 16 44 18 25 1 32 28 48 28 18 33 28 21 35 36 46 13 34 24 24 40 78 31 19 42 20 46 17 26 14 21 22 32 6 31 23 27 35 41 46 14 30 4 31 15 41 22 47 21 41 27 19 7 38 49 16 37 46 23 20 27 48 27 
25 41 6 26 22 8 30 32 4 22 9 25 30 38 36 25 38 43 26 62 34 59 31 43 19 20 37 36 21 41 45 18 30 9 40 40 3 16 28 6 41 21 42 26 21 5 18 9 25 31 43 24 11 22 26 23 22 44 14 39 12 30 18 8 48 27 49 30 28 2 33 4 23 9 25 30 39 63 34 50 26 41 27 19 7 41 43 17 14 16 21 
18 55 25 45 33 18 48 23 26 4 32 33 51 31 12 13 18 19 18 38 10 34 14 23 16 30 51 42 23 55 37 29 18 30 43 56 22 8 14 25 16 17 21 28 7 29 29 15 44 19 24 83 31 28 48 1 33 25 10 14 18 22 35 17 23 16 27 27 6 22 23 26 4 32 32 50 14 39 11 30 19 21 31 7 31 27 19 7 12 38 33 
36 49 17 32 31 19 36 43 14 31 4 36 34 49 43 35 47 49 37 70 40 65 34 53 30 31 45 46 32 49 56 28 41 18 50 46 14 25 30 17 48 21 45 21 31 12 28 18 32 42 11 31 55 33 30 31 32 54 22 45 14 41 27 19 55 28 53 27 36 12 44 14 31 4 36 34 46 70 39 60 37 44 21 28 9 41 51 25 19 7 31 
14 26 16 21 6 17 22 18 19 24 30 4 28 19 38 17 31 45 14 55 38 59 42 34 12 3 22 14 5 26 25 6 19 17 18 28 19 21 40 15 39 37 49 46 21 21 5 21 20 20 22 28 33 38 26 26 6 34 22 39 30 14 12 17 46 41 56 49 27 21 18 19 24 30 4 27 38 61 40 39 13 50 48 21 25 55 41 24 27 36 7 
39 22 22 6 20 29 8 44 22 44 25 25 4 44 59 41 56 67 40 80 58 82 57 60 34 23 19 29 30 22 50 21 45 17 34 18 26 39 54 23 62 47 68 51 42 21 21 33 6 46 26 48 30 26 14 46 20 60 38 61 38 40 14 30 69 54 75 56 49 27 44 22 45 26 25 4 61 85 59 65 39 67 52 41 21 68 65 41 40 27 19 
16 53 24 43 31 16 46 21 25 2 32 31 49 30 13 12 17 20 16 39 12 36 15 23 15 28 49 40 22 53 35 28 16 29 41 54 21 7 15 23 17 18 22 29 6 28 27 14 43 17 23 1 31 26 46 38 31 24 9 15 18 21 33 16 24 18 29 28 5 21 21 25 2 31 31 49 15 40 13 30 18 23 32 5 30 29 20 6 12 37 31 
20 22 15 15 0 18 16 24 18 29 28 5 22 24 43 23 36 50 20 61 43 64 45 40 17 3 18 14 10 22 30 4 25 14 18 23 19 25 43 15 44 39 54 47 26 20 4 23 14 26 22 33 32 6 20 31 32 40 25 44 32 20 6 19 52 44 61 51 33 21 24 18 29 28 5 21 44 67 44 45 19 54 49 26 23 58 47 28 30 34 1 
21 58 42 55 41 36 57 16 45 23 54 37 62 21 21 19 7 23 20 20 24 30 35 2 26 37 55 41 30 57 22 39 15 46 39 61 41 28 37 41 15 42 34 53 23 48 39 36 55 14 44 25 54 34 60 24 40 49 31 19 42 20 46 36 19 40 36 51 19 42 16 44 23 53 36 62 18 29 28 5 21 37 56 26 51 47 15 30 36 60 41 
17 48 15 36 26 8 39 23 16 8 23 27 42 31 22 14 25 29 17 47 20 44 20 30 12 23 43 37 18 48 38 22 20 21 39 48 12 3 17 15 26 15 29 25 8 19 21 5 35 21 14 10 22 22 38 9 25 31 36 24 11 22 26 8 33 19 36 27 14 12 24 16 9 22 26 41 24 49 20 37 18 29 28 5 21 32 29 3 6 29 26 
25 66 39 58 45 32 61 27 41 16 47 43 64 35 3 21 13 6 25 25 6 20 17 17 27 41 62 51 34 65 38 42 22 44 50 68 37 22 20 39 4 28 15 38 19 44 41 30 57 22 39 14 45 39 61 15 44 19 24 59 31 28 48 31 9 24 19 35 11 37 26 40 16 46 42 64 1 24 10 23 27 18 41 20 46 28 5 21 26 52 45 
28 53 17 38 32 13 42 35 16 18 16 34 43 42 28 25 35 35 28 56 26 50 20 41 22 30 48 45 27 53 49 28 31 22 48 52 13 14 16 17 34 8 31 15 19 17 27 9 38 32 12 18 14 30 38 18 32 42 11 31 57 33 30 13 40 15 38 19 23 11 35 16 19 16 34 42 32 55 24 48 29 30 18 16 17 29 37 12 5 21 31 
5 38 25 35 21 22 37 3 28 18 39 16 42 9 28 9 17 34 5 40 29 47 36 20 10 17 35 22 11 38 15 19 6 28 22 41 26 19 36 25 27 37 42 47 15 32 19 24 35 6 30 22 41 14 40 21 20 20 22 28 33 11 26 21 34 39 47 48 19 28 4 28 18 39 16 42 27 48 32 24 3 43 50 18 35 50 29 22 28 45 21 
25 23 12 10 6 18 13 29 14 31 23 12 16 30 46 27 41 53 25 66 45 68 46 46 20 8 18 19 15 22 37 6 31 9 24 22 17 26 43 12 48 38 56 44 28 15 7 22 9 31 18 35 27 12 14 33 6 46 26 48 30 26 43 18 55 44 62 49 36 19 30 14 31 23 12 16 47 71 46 50 24 56 46 28 18 58 51 29 29 28 5 
17 41 7 28 19 0 31 24 9 15 18 21 34 30 29 16 29 36 17 53 28 52 27 35 11 16 36 31 14 40 37 14 22 13 35 40 5 9 25 7 33 20 37 29 13 12 14 4 27 23 8 17 19 17 30 16 19 36 8 31 13 21 18 63 40 25 44 32 20 6 24 9 15 18 21 33 31 56 28 41 18 37 31 11 15 40 36 11 11 24 19 
32 72 48 66 52 41 68 31 50 25 56 50 72 38 12 28 16 7 32 17 14 12 24 17 35 48 68 57 41 72 40 49 27 53 55 75 46 31 28 47 7 36 19 46 27 53 49 39 65 27 48 23 55 46 69 24 52 19 33 9 40 34 55 40 49 31 19 42 20 46 31 49 25 55 49 72 9 15 18 21 33 22 49 29 55 33 4 30 35 61 52 
34 66 32 53 45 26 57 39 31 20 32 46 58 48 20 30 33 25 34 49 17 38 7 38 30 42 62 56 37 66 53 40 34 37 58 66 27 20 3 31 27 7 17 15 23 33 40 21 53 35 27 16 28 41 54 18 44 40 19 24 15 39 44 25 31 18 24 11 22 26 39 31 20 31 45 58 24 45 13 45 35 15 18 21 33 14 29 17 14 35 44 
43 83 52 72 61 45 76 45 53 31 55 60 78 54 18 39 32 13 43 34 17 17 18 35 44 57 78 69 51 82 57 57 40 57 69 84 48 36 22 51 21 31 7 38 35 55 57 41 72 41 49 27 53 56 75 29 61 36 36 19 38 47 62 44 19 24 31 31 28 48 45 52 31 55 60 78 19 24 16 40 45 9 40 34 56 18 21 33 35 60 61 
43 72 36 57 51 32 61 49 35 30 31 53 61 57 31 39 44 35 43 60 28 48 17 49 39 48 68 63 45 72 63 46 45 40 66 71 32 29 14 36 39 11 25 7 33 35 46 27 56 46 30 27 27 49 56 28 51 51 27 35 19 48 49 32 42 11 31 36 33 30 49 35 30 31 53 60 35 54 24 56 45 23 9 30 35 15 40 26 21 33 50 
15 54 28 46 33 21 49 18 30 5 37 31 52 27 10 10 12 17 14 33 11 32 18 17 15 29 50 40 22 54 32 30 13 33 40 56 26 11 19 27 13 23 23 34 7 33 29 19 45 14 28 6 36 27 49 5 33 19 14 11 23 19 36 20 20 22 28 33 42 26 18 29 5 36 31 52 11 35 13 24 16 24 37 9 35 32 15 11 18 43 33 
24 42 6 27 21 6 31 31 5 20 11 25 31 36 34 23 36 41 24 60 32 57 30 41 17 20 37 35 19 41 43 17 29 10 39 40 2 14 26 6 39 20 40 25 19 7 17 7 26 30 2 22 12 21 27 21 21 42 12 37 11 28 19 6 46 26 48 30 26 67 31 4 21 11 25 31 37 61 32 48 24 40 27 17 9 40 41 15 12 18 21 
7 42 29 39 25 25 41 0 32 19 42 20 46 8 27 9 14 32 7 36 28 44 36 16 13 21 38 25 15 41 14 23 5 32 24 45 30 21 37 28 25 38 40 49 16 35 23 26 39 4 33 23 44 18 44 21 24 16 24 26 35 4 30 24 31 39 45 49 18 31 81 31 19 42 20 46 25 44 32 20 6 42 52 19 38 50 26 24 30 49 25 
24 37 2 22 18 8 26 31 0 24 11 22 26 36 38 24 38 45 25 62 36 61 34 43 18 17 33 32 18 37 43 14 30 5 36 36 3 18 31 3 42 25 45 30 22 3 14 11 21 31 4 26 14 19 22 25 18 44 16 40 16 28 14 9 49 31 52 35 29 4 31 51 24 11 22 26 40 65 36 50 25 44 32 20 6 45 45 19 17 17 17 
13 51 23 42 29 16 45 19 25 0 32 29 48 27 14 9 16 21 13 38 14 36 18 22 12 26 47 38 19 51 33 26 14 28 39 52 21 6 18 22 18 20 25 31 3 28 25 14 41 15 23 4 31 24 45 2 29 23 9 16 19 18 31 15 25 20 31 30 5 21 19 24 89 31 28 48 16 40 15 29 15 25 34 4 30 32 20 6 13 38 30 
35 45 14 28 28 17 32 42 10 31 0 33 30 47 44 34 47 51 35 70 42 66 36 53 28 28 41 42 29 45 54 24 40 14 47 42 12 25 32 14 49 24 48 25 30 8 25 17 27 41 9 32 4 30 26 31 28 53 22 46 16 39 23 18 55 31 55 31 36 11 42 11 31 64 33 30 46 71 40 59 35 46 25 28 5 44 51 25 20 6 27 
17 23 19 19 6 21 21 19 22 28 33 0 26 18 42 21 33 48 17 57 42 62 46 36 16 5 19 10 8 22 25 8 22 19 14 25 23 25 44 19 42 41 53 50 25 24 8 25 19 22 25 32 36 4 25 31 5 36 26 42 34 16 12 21 49 45 60 53 31 25 20 22 28 33 41 26 42 64 44 40 16 54 52 25 27 59 44 29 32 39 6 
41 19 26 6 21 33 6 45 26 47 30 25 0 45 62 43 58 69 41 82 61 84 61 62 36 24 16 28 31 19 50 22 47 21 33 14 30 42 58 26 65 51 71 55 45 25 23 37 7 47 30 50 34 27 4 49 21 62 41 64 42 42 16 33 72 58 78 60 52 31 46 26 48 30 26 13 63 87 62 66 40 71 56 44 25 72 67 44 43 32 20 
25 65 39 57 44 32 60 26 41 16 47 42 64 34 3 21 12 6 24 25 7 20 18 16 27 40 61 50 33 65 37 41 21 44 50 67 37 22 21 38 3 28 16 39 18 44 41 30 57 21 39 14 46 38 61 15 44 18 24 1 32 27 47 31 9 24 19 35 11 37 25 40 16 46 42 63 63 24 11 22 26 19 42 20 46 29 5 21 26 53 44 
46 86 63 81 67 56 83 45 65 41 71 64 88 51 27 43 30 20 46 13 29 7 37 28 50 63 83 70 56 86 51 64 41 68 68 89 61 47 42 63 22 50 28 59 42 68 64 54 80 41 63 39 70 61 85 40 67 29 49 24 55 48 71 56 15 45 24 54 35 61 44 65 40 71 64 87 24 38 31 28 48 31 62 44 70 42 20 46 50 77 67 
28 67 36 56 45 29 60 32 37 15 41 44 62 40 7 24 22 11 28 35 4 26 7 26 28 41 62 53 35 66 45 41 27 41 54 68 32 20 10 35 14 19 9 28 19 39 41 25 56 27 34 11 39 40 59 13 44 28 20 10 24 32 46 28 18 13 16 24 13 32 32 36 15 40 44 62 11 31 85 33 30 10 31 18 40 19 15 17 20 46 45 
26 61 47 60 45 42 61 21 50 29 59 41 67 24 25 25 12 26 25 17 28 30 40 7 31 42 58 44 35 60 22 44 20 51 41 65 47 34 42 47 19 48 38 59 28 53 43 42 59 19 50 30 60 39 65 30 45 5 37 23 48 24 50 41 21 45 40 56 24 48 20 50 29 59 40 66 22 28 33 40 26 41 62 31 56 51 19 35 42 66 46 
1 39 22 34 19 18 36 6 25 15 36 16 41 12 26 6 17 33 1 41 27 46 33 21 7 16 35 24 9 38 19 18 6 26 24 41 23 15 33 22 26 33 39 44 12 28 17 20 33 7 26 19 37 13 39 18 19 21 18 27 29 3 24 18 33 35 45 45 16 24 6 25 15 35 16 40 26 48 30 26 92 40 47 14 31 47 28 19 24 42 20 
39 77 44 65 55 37 69 42 45 26 47 54 71 51 16 34 31 15 39 39 13 25 9 35 38 51 72 64 45 76 55 51 37 50 65 77 40 29 13 44 21 22 3 29 29 47 50 33 65 38 41 21 44 50 67 23 54 37 29 18 30 43 56 37 22 15 9 23 24 40 42 44 25 46 54 71 19 31 10 41 40 49 31 28 48 11 22 26 27 51 55 
45 69 34 53 49 31 57 52 32 34 26 52 56 60 38 42 49 43 45 67 35 56 25 55 40 47 65 63 45 69 66 45 48 37 66 67 29 31 21 34 45 14 34 3 36 31 45 27 53 49 27 31 21 48 52 32 49 56 28 41 18 50 46 31 49 18 40 9 37 27 52 32 34 25 52 56 42 62 31 62 47 31 22 33 30 24 47 28 22 26 49 
13 48 19 38 26 12 41 19 21 3 28 26 44 27 18 9 19 25 13 42 17 41 20 25 10 22 44 36 17 48 33 22 14 24 37 49 17 2 19 18 22 19 28 30 3 24 22 10 37 16 19 7 28 21 41 5 26 26 5 20 16 18 28 11 29 21 34 30 9 17 19 20 4 28 25 44 20 44 18 31 14 28 33 44 26 33 24 4 11 34 26 
31 40 9 22 22 14 27 38 6 29 5 27 26 42 43 31 45 50 31 68 41 66 38 50 25 22 35 37 25 40 49 19 36 8 41 37 9 23 34 9 48 26 49 29 28 3 19 16 22 37 7 31 9 25 21 30 23 51 21 46 17 35 18 15 55 33 56 35 35 9 38 6 30 5 27 25 46 70 40 56 31 48 30 26 53 47 50 24 20 11 22 
46 80 46 67 58 40 71 50 45 32 45 59 72 59 25 41 41 26 45 50 23 35 13 45 43 55 76 69 50 80 64 54 45 51 71 80 42 33 15 46 32 20 14 22 35 47 54 35 67 46 41 27 41 55 68 29 58 47 32 28 29 50 58 40 33 14 18 15 32 40 50 45 32 44 59 72 29 42 19 51 47 11 24 33 47 63 33 30 28 48 58 
27 67 43 61 47 36 63 27 45 21 52 45 67 34 8 23 12 7 27 19 12 17 23 13 30 43 64 52 36 67 36 44 22 48 51 70 41 27 26 43 2 33 19 44 22 48 44 34 60 23 43 19 51 41 65 20 47 15 29 5 37 29 51 36 4 29 21 40 15 41 26 45 20 51 44 67 5 20 15 19 28 22 47 24 50 33 57 26 31 57 48 
17 50 18 39 28 11 42 23 20 6 25 29 45 31 19 14 23 26 17 45 17 41 17 28 13 25 46 39 20 50 38 24 19 24 41 51 15 3 15 18 23 14 26 25 7 22 24 8 38 20 17 7 25 24 41 6 28 30 3 21 12 22 29 11 30 17 33 26 11 15 24 19 6 25 29 44 21 46 17 35 19 26 28 4 24 30 26 96 6 31 28 
23 52 17 38 30 11 42 30 17 13 21 32 44 37 23 20 29 30 23 51 21 46 17 35 18 27 48 42 24 52 44 26 26 22 45 52 13 9 14 17 29 9 28 19 14 19 26 7 38 27 14 12 19 27 40 12 30 36 6 26 5 28 29 11 35 14 35 21 18 12 30 17 13 20 32 43 26 50 20 42 24 27 22 11 20 28 31 6 66 26 30 
41 49 20 31 33 24 35 48 17 37 6 38 32 53 50 41 54 56 42 77 47 72 41 59 35 34 45 48 36 49 60 30 47 19 52 45 19 32 37 20 55 28 52 26 37 14 31 24 31 48 16 38 7 36 27 37 34 60 29 52 21 45 28 24 61 35 60 33 43 18 49 17 38 6 39 32 53 77 46 66 42 51 26 34 11 48 57 31 26 60 33 
20 22 15 14 0 18 16 25 17 29 27 6 21 25 44 24 37 51 21 61 44 65 46 41 17 4 17 14 11 21 31 4 26 13 19 22 19 25 43 15 45 39 54 47 26 19 4 23 13 27 21 33 31 7 19 31 1 41 26 45 31 21 5 19 52 44 61 50 33 21 25 17 30 27 6 20 44 67 45 46 20 55 49 26 22 58 48 28 30 33 52 
