105 15
106 52 46 18 37 28 47 43 7 24 41 43 14 14 3 6 43 17 29 16 10 48 30 43 38 53 56 46 21 37 29 48 43 4 23 43 45 17 17 16 31 23 42 37 4 17 38 40 16 18 20 29 29 11 37 19 49 46 48 51 19 35 27 11 7 39 39 25 27 31 18 23 6 43 42 36 38 37 9 18 50 50 29 30 10 16 33 34 13 15 27 35 31 48 50 27 25 29 32 63 54 55 50 52 60 
52 6 6 42 16 27 13 11 48 30 40 36 52 55 53 59 94 69 80 61 62 101 83 86 81 105 108 6 43 17 29 16 10 48 30 43 38 53 56 48 22 34 18 16 55 36 46 41 59 62 59 71 54 50 89 70 81 76 95 98 44 29 25 64 45 56 51 69 72 40 36 75 56 67 63 81 84 18 56 37 56 52 64 67 58 40 45 40 61 64 79 79 74 100 102 62 57 81 84 79 90 93 85 88 109 
46 6 13 36 10 22 13 5 42 24 37 34 47 49 47 53 88 63 74 55 56 95 76 80 76 99 102 3 38 12 24 16 4 42 24 40 37 48 51 43 17 29 16 10 48 30 43 38 53 56 54 65 50 45 83 64 77 72 90 93 39 25 19 58 39 52 48 64 67 37 30 69 50 64 59 76 78 14 50 31 54 50 59 62 52 34 41 37 55 58 73 74 69 94 97 57 52 75 78 76 86 88 81 84 103 
18 42 36 87 26 14 33 36 21 23 22 24 10 13 16 22 53 29 39 19 28 63 46 44 39 63 66 35 3 24 13 32 34 18 20 24 26 11 14 6 19 7 26 29 23 19 20 21 17 20 17 29 16 10 48 30 43 38 53 56 3 18 19 27 14 24 22 27 30 13 8 35 18 32 29 39 42 24 16 6 33 32 23 25 28 23 15 15 20 23 45 37 32 59 62 21 16 40 43 50 50 53 46 48 67 
37 16 10 26 34 11 12 11 34 17 29 26 36 39 37 43 78 53 64 45 47 86 67 70 65 89 92 9 27 3 13 14 8 33 16 32 29 37 40 32 6 18 10 7 40 22 33 30 43 46 43 55 39 34 73 54 66 62 79 82 29 16 10 48 30 43 38 53 56 26 20 59 40 54 49 65 68 5 40 21 45 42 48 51 44 27 31 27 45 48 64 64 59 84 87 46 41 65 68 67 75 78 70 73 93 
28 27 22 14 11 58 19 22 27 17 21 20 25 28 28 34 67 42 53 34 38 76 58 58 53 78 81 20 16 10 3 19 20 26 14 24 23 26 29 21 5 6 13 16 32 17 24 21 31 34 31 43 28 23 62 44 55 50 68 71 17 9 8 39 22 32 29 42 45 16 10 48 30 43 38 53 56 9 29 10 37 34 37 39 37 23 21 17 34 37 56 52 47 73 76 34 29 54 57 58 63 66 59 61 81 
47 13 13 33 12 19 33 18 45 29 27 22 44 46 47 53 86 62 72 53 57 96 77 75 70 97 100 9 33 10 19 3 15 44 28 29 25 44 47 39 16 25 6 18 50 34 33 28 50 53 49 61 43 43 82 63 69 64 86 89 35 17 21 58 40 43 39 60 63 29 29 68 49 55 50 71 74 10 48 30 43 38 53 56 55 39 33 28 53 56 75 70 65 92 95 51 46 74 77 65 79 81 74 76 99 
43 11 5 36 11 22 18 20 39 20 40 37 45 48 44 50 86 60 72 54 53 92 73 80 75 97 100 8 38 14 25 21 3 39 20 43 40 47 50 42 17 28 20 6 45 26 45 41 52 55 53 65 50 43 81 62 78 73 89 92 39 28 17 55 36 54 50 63 65 38 29 66 48 65 61 74 77 16 48 30 57 53 59 62 48 30 43 38 53 56 69 73 68 91 94 57 52 73 76 79 86 89 81 84 102 
7 48 42 21 34 27 45 39 97 18 43 44 20 20 10 13 49 23 35 23 14 53 34 50 46 59 62 42 24 35 28 46 38 3 18 45 46 23 24 21 29 23 40 32 6 12 42 42 23 25 27 36 34 16 43 26 56 53 55 58 23 35 24 17 6 44 43 32 34 34 18 29 13 49 47 43 45 35 16 18 54 54 36 37 10 9 36 36 20 22 30 43 38 53 56 33 31 35 38 69 61 62 57 59 67 
24 30 24 23 17 17 29 20 18 60 38 37 29 32 25 30 67 41 53 37 33 72 53 64 59 77 80 25 26 19 20 31 20 19 3 41 40 32 34 28 15 18 26 14 25 6 40 38 35 38 37 49 39 26 61 43 65 61 71 74 26 26 9 35 17 46 44 46 48 31 15 47 29 55 52 57 60 21 30 16 53 51 45 47 28 10 35 33 35 38 48 57 52 72 74 43 38 53 56 72 72 74 68 70 84 
41 40 37 22 29 21 27 40 43 38 86 4 29 32 39 44 68 49 56 37 49 83 66 53 48 79 81 34 20 26 18 24 37 40 35 3 4 28 31 25 25 20 21 36 45 37 6 1 34 37 31 40 21 31 65 49 43 38 64 67 21 12 30 48 36 17 12 41 44 9 26 54 39 29 24 51 53 24 36 25 16 13 31 34 51 43 10 6 39 42 66 48 44 76 78 30 26 58 61 38 53 56 48 51 78 
43 36 34 24 26 20 22 37 44 37 4 77 33 35 41 46 72 52 60 41 52 86 70 57 53 83 86 31 22 22 17 20 34 42 34 6 3 32 34 28 23 20 17 33 47 37 11 6 38 40 35 44 25 33 69 52 48 43 69 72 24 10 28 51 38 22 17 45 48 12 26 58 42 34 29 55 58 20 39 26 20 16 36 39 53 43 14 10 43 45 69 53 48 80 82 34 30 62 65 43 58 61 53 56 83 
14 52 47 10 36 25 44 45 20 29 29 33 107 2 11 15 42 19 28 9 20 53 37 34 29 53 56 45 10 35 24 43 44 16 27 31 34 3 4 4 29 18 37 39 18 24 26 28 6 9 8 19 14 3 38 19 37 33 43 46 9 28 28 18 15 25 25 17 20 20 16 25 10 29 28 29 31 34 6 15 36 37 16 18 24 26 20 23 10 12 36 28 23 48 51 14 11 30 33 49 43 45 38 40 56 
14 55 49 13 39 28 46 48 20 32 32 35 2 113 11 13 39 17 25 6 19 51 34 32 27 50 53 48 13 38 27 46 47 17 29 33 36 3 3 7 32 21 40 41 18 26 28 30 3 6 6 17 15 5 35 17 35 32 40 43 11 31 31 17 16 26 27 14 17 23 19 22 9 29 28 26 29 37 5 18 37 39 15 16 23 28 22 25 7 10 34 25 20 46 48 12 11 27 30 49 41 43 37 38 53 
3 53 47 16 37 28 47 44 10 25 39 41 11 11 105 6 42 16 27 13 11 48 30 40 36 52 55 46 18 37 28 47 43 7 24 41 43 14 14 14 31 22 41 38 7 18 36 38 13 15 17 26 26 8 36 18 46 43 46 49 17 34 27 11 8 36 36 22 24 29 17 21 3 40 39 33 35 37 6 17 47 48 26 27 12 18 30 32 10 13 28 33 29 47 49 24 22 28 31 60 51 52 47 49 58 
6 59 53 22 43 34 53 50 13 30 44 46 15 13 6 93 36 10 22 13 5 42 24 37 34 47 49 52 24 43 34 53 49 11 29 46 48 17 16 18 37 28 47 43 7 24 41 43 14 14 19 25 29 13 30 13 46 44 42 45 22 40 33 5 13 40 40 20 22 34 24 16 4 42 41 30 32 43 8 23 51 52 27 27 10 23 35 37 9 10 22 30 27 41 44 25 24 22 25 62 49 51 46 47 54 
43 94 88 53 78 67 86 86 49 67 68 72 42 39 42 36 37 26 14 33 36 21 23 22 24 10 13 87 52 77 66 86 85 48 66 69 73 42 39 46 71 60 80 79 43 60 62 66 36 33 37 28 47 43 7 24 41 43 14 14 51 70 69 32 50 55 59 26 24 60 58 20 38 49 52 19 16 77 38 56 67 70 37 35 42 59 58 62 33 30 30 21 25 8 10 38 42 13 11 65 35 34 36 35 18 
17 69 63 29 53 42 62 60 23 41 49 52 19 17 16 10 26 74 11 12 11 34 17 29 26 36 39 62 30 52 42 62 59 22 40 50 53 20 18 24 46 36 56 54 17 34 44 47 14 13 18 19 30 19 20 3 40 39 32 34 28 47 43 7 24 41 43 14 14 40 33 6 12 40 41 21 23 52 13 32 53 55 24 24 18 33 39 42 9 7 19 22 19 31 33 23 25 12 15 60 42 43 39 40 43 
29 80 74 39 64 53 72 72 35 53 56 60 28 25 27 22 14 11 57 19 22 27 17 21 20 25 28 73 39 63 52 72 71 33 51 57 60 28 25 32 57 46 66 65 29 46 51 54 22 19 24 18 36 29 9 9 37 37 21 23 37 56 55 18 35 45 48 15 13 47 43 7 24 41 43 14 14 62 23 42 57 59 27 25 29 45 46 50 18 15 22 16 16 20 23 27 30 2 5 59 35 36 34 34 31 
16 61 55 19 45 34 53 54 23 37 37 41 9 6 13 13 33 12 19 95 18 45 29 27 22 44 46 54 19 44 33 52 53 20 35 38 42 9 6 13 38 27 46 47 19 30 32 36 3 1 6 13 18 10 29 11 33 31 34 37 18 37 37 14 20 29 31 9 11 28 25 17 10 29 29 20 23 43 7 24 41 43 14 14 23 32 27 31 3 4 31 20 15 39 42 12 13 21 24 50 37 39 34 35 47 
10 62 56 28 47 38 57 53 14 33 49 52 20 19 11 5 36 11 22 18 87 39 20 40 37 45 48 56 29 47 39 58 52 13 32 51 54 23 22 24 41 33 52 46 7 26 46 48 19 19 24 29 35 18 29 14 50 48 44 46 28 45 37 4 17 45 46 24 25 40 28 15 10 47 47 33 34 47 14 28 57 58 32 32 7 24 41 43 14 14 17 33 30 39 42 30 30 22 24 68 53 54 50 51 54 
48 101 95 63 86 76 96 92 53 72 83 86 53 51 48 42 21 34 27 45 39 14 18 43 44 20 20 95 64 86 77 96 91 52 71 84 87 54 52 58 80 70 90 85 46 65 78 81 48 46 51 45 63 53 18 34 61 63 35 34 62 82 76 37 56 72 75 42 40 74 66 28 46 67 70 38 37 86 47 65 84 87 54 52 43 62 73 76 43 41 24 41 43 14 14 54 57 24 22 85 56 55 57 56 34 
30 83 76 46 67 58 77 73 34 53 66 70 37 34 30 24 23 17 17 29 20 18 48 38 37 29 32 76 47 67 59 78 73 34 52 68 71 38 36 41 61 52 72 67 27 46 62 65 32 30 36 34 48 36 16 18 54 54 35 36 46 64 57 19 37 58 61 30 28 57 48 13 28 56 58 31 31 67 30 47 70 73 41 40 25 43 57 60 27 25 7 33 33 22 25 41 43 14 14 76 52 52 51 51 41 
43 86 80 44 70 58 75 80 50 64 53 57 34 32 40 37 22 29 21 27 40 43 38 82 4 29 32 79 42 68 56 74 78 47 61 52 57 32 30 37 63 51 69 73 44 58 46 51 28 26 26 15 32 37 25 26 18 21 12 14 41 58 63 36 47 37 41 18 15 47 51 27 36 28 32 7 6 67 34 49 47 51 22 19 47 59 43 48 29 27 43 7 11 30 32 24 29 23 24 43 14 14 14 13 25 
38 81 76 39 65 53 70 75 46 59 48 53 29 27 36 34 24 26 20 22 37 44 37 4 86 33 35 74 37 63 52 69 73 43 57 48 52 27 25 32 58 46 64 68 41 53 42 46 23 21 22 10 27 32 25 23 17 18 16 19 36 53 58 32 43 33 37 13 12 42 46 25 32 25 28 6 7 62 29 44 43 47 17 14 44 54 39 43 25 23 42 4 7 32 34 19 24 23 23 41 16 17 14 14 30 
53 105 99 63 89 78 97 97 59 77 79 83 53 50 52 47 10 36 25 44 45 20 29 29 33 28 2 98 63 88 77 96 96 58 76 79 83 52 49 57 82 71 90 90 53 71 73 77 46 43 48 38 58 54 16 34 48 51 18 17 61 81 80 42 60 65 69 37 34 71 68 30 49 58 61 28 26 87 48 67 76 80 47 45 52 69 69 73 43 40 36 31 34 7 5 48 53 24 21 72 41 39 43 41 14 
56 108 102 66 92 81 100 100 62 80 81 86 56 53 55 49 13 39 28 46 48 20 32 32 35 2 29 101 66 91 80 99 99 61 79 82 86 55 52 60 85 74 93 93 55 73 75 80 49 46 50 41 60 57 19 37 50 53 20 18 64 84 83 45 63 68 72 40 37 74 71 33 52 60 64 31 28 90 51 70 79 82 50 47 55 72 71 76 46 43 39 33 37 9 7 51 55 26 24 74 42 41 45 43 14 
46 6 3 35 9 20 9 8 42 25 34 31 45 48 46 52 87 62 73 54 56 95 76 79 74 98 101 12 36 10 22 13 5 42 24 37 34 47 49 42 16 27 13 11 48 30 40 36 52 55 52 64 48 44 82 63 75 70 89 91 38 23 18 57 39 50 46 62 65 34 29 68 49 61 57 74 77 12 49 30 51 47 57 60 52 35 39 34 54 57 73 73 68 93 96 55 50 74 77 73 84 86 79 81 102 
21 43 38 3 27 16 33 38 24 26 20 22 10 13 18 24 52 30 39 19 29 64 47 42 37 63 66 36 84 26 14 33 36 21 23 22 24 10 13 6 21 9 27 31 25 22 18 19 16 19 16 27 13 11 48 30 40 36 52 55 1 17 21 28 17 21 19 26 29 10 11 35 19 29 26 37 40 25 17 9 30 30 21 23 31 26 12 13 20 23 46 36 31 59 62 18 14 41 43 47 48 50 43 46 65 
37 17 12 24 3 10 10 14 35 19 26 22 35 38 37 43 77 52 63 44 47 86 67 68 63 88 91 10 26 32 11 12 11 34 17 29 26 36 39 31 6 17 7 10 40 23 30 27 42 45 42 53 37 33 72 54 64 59 78 81 27 13 11 48 30 40 36 52 55 24 19 58 40 51 47 64 66 2 39 20 42 39 47 49 45 29 28 24 44 47 64 62 57 83 86 44 39 64 67 64 73 76 68 71 91 
29 29 24 13 13 3 19 25 28 20 18 17 24 27 28 34 66 42 52 33 39 77 59 56 52 77 80 22 14 11 55 19 22 27 17 21 20 25 28 20 8 6 13 19 33 20 21 18 30 33 30 42 25 23 62 43 53 48 67 69 16 7 11 39 23 29 26 41 44 13 11 48 30 40 36 52 55 10 29 11 33 31 35 38 38 26 18 14 34 36 57 50 46 73 76 33 28 54 57 55 61 64 57 59 80 
48 16 16 32 14 19 3 21 46 31 24 20 43 46 47 53 86 62 72 52 58 96 78 74 69 96 99 13 33 12 19 27 18 45 29 27 22 44 46 39 17 25 6 20 51 35 31 26 50 52 49 60 42 42 81 63 67 62 85 88 34 16 23 59 41 41 36 59 62 27 29 68 49 53 48 70 73 11 48 30 40 36 52 55 56 41 31 26 53 56 75 69 64 92 95 50 45 73 76 63 77 80 72 75 98 
43 10 4 34 8 20 15 3 38 20 37 34 44 47 43 49 85 59 71 53 52 91 73 78 73 96 99 5 36 11 22 18 22 39 20 40 37 45 48 40 15 26 16 6 45 26 42 38 50 53 51 63 48 42 80 61 75 71 87 90 37 25 16 54 36 51 47 61 64 35 27 65 47 62 58 73 76 13 47 29 54 50 57 60 48 30 40 36 52 55 69 72 67 90 93 55 50 72 75 76 84 86 79 82 100 
4 48 42 18 33 26 44 39 3 19 40 42 16 17 7 11 48 22 33 20 13 52 34 47 43 58 61 42 21 34 27 45 39 97 18 43 44 20 20 18 28 21 39 33 6 12 39 40 20 22 24 33 31 13 42 24 53 50 53 56 20 34 23 16 4 41 40 29 31 31 16 27 10 46 44 40 42 34 13 16 51 51 32 34 11 11 33 34 18 20 30 40 36 52 55 30 28 34 37 66 58 59 54 56 65 
23 30 24 20 16 14 28 20 18 3 35 34 27 29 24 29 66 40 51 35 32 71 52 61 57 76 79 24 23 17 17 29 20 18 61 38 37 29 32 25 12 15 24 14 24 6 37 35 33 36 35 46 36 24 60 42 62 58 69 72 23 24 6 34 16 43 40 44 46 28 12 45 27 52 49 55 58 18 28 13 50 48 42 45 28 11 32 30 33 36 48 55 50 71 73 40 36 52 55 69 70 72 65 67 82 
43 43 40 24 32 24 29 43 45 41 3 6 31 33 41 46 69 50 57 38 51 84 68 52 48 79 82 37 22 29 21 27 40 43 38 80 4 29 32 27 28 23 24 39 47 40 6 3 35 38 32 40 21 33 66 50 42 37 64 67 23 15 33 50 39 16 11 42 44 11 29 55 41 27 22 51 53 27 38 28 13 10 31 34 53 46 11 9 41 43 68 48 44 76 79 30 26 59 62 36 52 55 47 50 78 
45 38 37 26 29 23 25 40 46 40 4 3 34 36 43 48 73 53 60 42 54 87 71 57 52 83 86 34 24 26 20 22 37 44 37 4 72 33 35 29 26 23 20 36 49 40 10 6 39 41 36 44 25 35 70 53 47 42 69 72 25 13 31 53 40 20 16 46 49 13 29 59 43 32 27 55 58 24 41 28 17 13 36 38 55 46 14 11 44 46 70 53 48 80 83 34 30 63 65 40 57 60 52 55 82 
17 53 48 11 37 26 44 47 23 32 28 32 3 3 14 17 42 20 28 9 23 54 38 32 27 52 55 47 10 36 25 44 45 20 29 29 33 104 2 4 31 19 38 41 21 26 24 27 6 9 5 17 12 6 38 20 34 30 42 44 9 28 30 21 18 22 23 16 18 19 18 26 12 26 24 27 30 35 9 17 33 35 13 15 26 29 18 22 11 13 38 26 21 48 51 11 8 30 33 46 40 42 36 38 55 
17 56 51 14 40 29 47 50 24 34 31 34 4 3 14 16 39 18 25 6 22 52 36 30 25 49 52 49 13 39 28 46 48 20 32 32 35 2 110 7 33 22 40 43 21 28 26 29 3 6 3 15 13 8 35 18 32 29 39 42 12 31 33 19 19 23 25 13 16 22 21 23 12 26 25 24 27 38 8 19 35 37 12 13 26 31 21 24 9 11 36 23 18 46 48 9 8 27 30 46 38 40 34 36 52 
16 48 43 6 32 21 39 42 21 28 25 28 4 7 14 18 46 24 32 13 24 58 41 37 32 57 60 42 6 31 20 39 40 18 25 27 29 4 7 73 26 14 33 36 21 23 22 24 10 13 10 22 13 5 42 24 37 34 47 49 4 24 25 23 15 22 22 20 23 16 13 29 13 28 26 32 35 30 11 12 33 33 17 19 27 26 16 18 14 17 41 31 26 53 56 15 11 34 37 47 44 46 40 42 60 
31 22 17 19 6 5 16 17 29 15 25 23 29 32 31 37 71 46 57 38 41 80 61 63 58 82 85 16 21 6 8 17 15 28 12 28 26 31 33 26 21 11 12 11 34 17 29 26 36 39 36 48 33 28 66 48 60 56 73 76 22 13 5 42 24 37 34 47 49 21 13 52 34 48 44 58 61 6 33 14 41 38 42 45 39 23 26 22 38 41 58 57 52 77 80 40 35 58 61 63 69 71 64 67 86 
23 34 29 7 18 6 25 28 23 18 20 20 18 21 22 28 60 36 46 27 33 70 52 51 46 71 74 27 9 17 6 25 26 21 15 23 23 19 22 14 11 45 19 22 27 17 21 20 25 28 25 36 22 17 56 37 49 45 61 64 10 12 12 33 17 28 25 35 38 13 5 42 24 37 34 47 49 16 23 5 34 33 30 33 32 22 16 15 27 30 51 45 40 67 70 28 23 48 51 54 57 60 53 55 74 
42 18 16 26 10 13 6 20 40 26 21 17 37 40 41 47 80 56 66 46 52 90 72 69 64 90 93 13 27 7 13 6 16 39 24 24 20 38 40 33 12 19 26 18 45 29 27 22 44 46 43 54 36 36 75 57 62 58 79 82 28 10 17 52 35 37 32 53 56 22 23 62 43 49 44 65 68 5 42 24 37 34 47 49 50 35 26 21 47 50 69 63 58 86 89 44 40 67 70 60 72 75 67 70 93 
37 16 10 29 7 16 18 6 32 14 36 33 39 41 38 43 79 54 65 47 46 85 67 73 68 90 93 11 31 10 19 20 6 33 14 39 36 41 43 36 11 22 18 11 39 20 40 37 45 48 46 58 44 36 74 55 72 67 82 85 33 23 10 48 30 49 45 56 59 33 22 59 41 59 55 68 71 13 41 24 52 49 53 55 42 24 37 34 47 49 63 67 62 85 87 50 46 66 69 74 80 82 75 78 95 
4 55 48 23 40 32 50 45 6 25 45 47 18 18 7 7 43 17 29 19 7 46 27 44 41 53 55 48 25 40 33 51 45 6 24 47 49 21 21 21 34 27 45 39 85 18 43 44 20 20 24 32 33 15 36 20 52 50 49 52 24 39 30 10 10 43 43 27 29 36 22 22 9 47 46 37 39 40 13 21 54 55 33 33 5 16 37 38 16 17 24 37 34 47 49 30 29 29 32 67 56 58 53 54 60 
17 36 30 19 22 17 34 26 12 6 37 37 24 26 18 24 60 34 46 30 26 65 46 58 53 71 73 30 22 23 20 35 26 12 6 40 40 26 28 23 17 17 29 20 18 48 38 37 29 32 32 43 35 20 54 36 60 57 65 67 22 27 12 28 10 43 41 40 42 29 11 40 22 51 48 51 54 24 23 13 51 50 40 42 22 5 33 32 29 31 42 51 46 65 68 37 34 47 49 69 67 69 62 64 77 
38 46 43 20 33 24 33 45 42 40 6 11 26 28 36 41 62 44 51 32 46 78 62 46 42 73 75 40 18 30 21 31 42 39 37 6 10 24 26 22 29 21 27 40 43 38 75 4 29 32 26 34 15 28 60 44 36 31 58 61 19 17 32 45 35 10 5 36 38 8 26 49 36 22 17 44 47 28 33 25 13 12 25 28 49 43 5 6 35 37 63 42 38 70 73 24 20 53 56 34 47 49 42 44 72 
40 41 38 21 30 21 28 41 42 38 1 6 28 30 38 43 66 47 54 36 48 81 65 51 46 77 80 36 19 27 18 26 38 40 35 3 6 27 29 24 26 20 22 37 44 37 4 68 33 35 30 38 19 30 64 47 41 36 63 66 20 13 30 47 36 15 10 40 42 8 25 53 38 27 22 49 52 25 35 25 15 13 29 32 50 42 8 5 38 40 65 47 42 74 77 28 24 57 59 37 51 54 47 49 76 
16 59 53 17 43 31 50 52 23 35 34 38 6 3 13 14 36 14 22 3 19 48 32 28 23 46 49 52 16 42 30 50 50 20 33 35 39 6 3 10 36 25 44 45 20 29 29 33 94 2 4 13 16 9 32 14 32 30 36 39 15 34 35 16 19 26 28 10 13 25 23 20 10 28 27 22 25 41 7 21 38 40 13 13 24 31 24 28 5 7 33 21 16 42 45 10 10 24 27 48 37 39 34 35 49 
18 62 56 20 46 34 53 55 25 38 37 40 9 6 15 14 33 13 19 1 19 46 30 26 21 43 46 55 19 45 33 52 53 22 36 38 41 9 6 13 39 28 46 48 20 32 32 35 2 99 5 11 17 11 29 12 31 29 34 36 18 37 37 15 21 28 30 8 10 28 26 17 11 28 28 19 22 44 8 24 40 42 12 13 25 33 27 30 5 5 32 19 14 39 42 11 12 21 24 48 36 37 32 34 47 
20 59 54 17 43 31 49 53 27 37 31 35 8 6 17 19 37 18 24 6 24 51 36 26 22 48 50 52 16 42 30 49 51 24 35 32 36 5 3 10 36 25 43 46 24 32 26 30 4 5 52 11 12 11 34 17 29 26 36 39 14 33 36 21 23 22 24 10 13 23 24 23 14 23 22 21 24 41 11 22 34 36 8 10 29 34 21 25 10 11 38 20 15 44 47 6 6 27 29 43 34 36 30 32 49 
29 71 65 29 55 43 61 65 36 49 40 44 19 17 26 25 28 19 18 13 29 45 34 15 10 38 41 64 27 53 42 60 63 33 46 40 44 17 15 22 48 36 54 58 32 43 34 38 13 11 11 29 19 22 27 17 21 20 25 28 26 44 47 25 33 27 30 5 5 33 36 21 23 22 24 10 13 52 20 34 38 42 9 6 35 44 30 35 16 14 38 8 4 36 39 10 14 21 23 41 24 26 21 22 38 
29 54 50 16 39 28 43 50 34 39 21 25 14 15 26 29 47 30 36 18 35 63 48 32 27 58 60 48 13 37 25 42 48 31 36 21 25 12 13 13 33 22 36 44 33 35 15 19 16 17 12 19 66 18 45 29 27 22 44 46 13 26 34 32 28 10 12 21 23 14 24 35 24 16 13 30 32 36 21 23 22 24 10 13 38 39 11 15 21 23 49 27 23 55 58 9 5 38 41 34 35 38 31 33 57 
11 50 45 10 34 23 43 43 16 26 31 33 3 5 8 13 43 19 29 10 18 53 36 37 32 54 57 44 11 33 23 42 42 13 24 33 35 6 8 5 28 17 36 36 15 20 28 30 9 11 11 22 18 72 39 20 40 37 45 48 9 28 26 17 11 28 28 19 22 21 14 25 8 33 31 31 34 33 6 13 39 39 20 21 21 23 22 24 10 13 35 30 25 49 52 17 14 31 34 52 46 48 42 44 58 
37 89 83 48 73 62 82 81 43 61 65 69 38 35 36 30 7 20 9 29 29 18 16 25 25 16 19 82 48 72 62 81 80 42 60 66 70 38 35 42 66 56 75 74 36 54 60 64 32 29 34 27 45 39 42 18 43 44 20 20 47 66 64 26 44 54 57 24 22 57 53 14 33 49 51 19 18 72 33 52 66 69 36 33 36 53 55 59 28 25 23 22 24 10 13 36 40 8 5 66 39 38 39 38 26 
19 70 64 30 54 44 63 62 26 43 49 52 19 17 18 13 24 3 9 11 14 34 18 26 23 34 37 63 30 54 43 63 61 24 42 50 53 20 18 24 48 37 57 55 20 36 44 47 14 12 17 17 29 20 18 46 38 37 29 32 29 48 45 10 26 40 42 12 11 40 34 5 14 38 39 18 20 53 14 33 52 54 23 22 21 36 39 42 9 7 21 19 17 29 32 22 24 10 13 58 39 40 37 37 40 
49 81 77 43 66 55 69 78 56 65 43 48 37 35 46 46 41 40 37 33 50 61 54 18 17 48 50 75 40 64 53 67 75 53 62 42 47 34 32 37 60 49 62 72 52 60 36 41 32 31 29 21 27 40 43 38 44 4 29 32 39 52 62 46 52 26 31 26 26 40 51 41 43 14 19 23 24 63 40 49 33 38 20 19 56 63 36 41 36 36 58 21 21 49 51 23 26 40 41 24 10 13 6 9 41 
46 76 72 38 62 50 64 73 53 61 38 43 33 32 43 44 43 39 37 31 48 63 54 21 18 51 53 70 36 59 48 62 71 50 58 37 42 30 29 34 56 45 58 67 50 57 31 36 30 29 26 20 22 37 44 37 4 48 33 35 35 47 57 44 48 21 26 25 25 35 47 41 40 9 14 24 26 58 37 45 28 33 17 16 54 60 31 36 34 34 58 22 21 51 53 19 23 40 41 22 15 18 10 13 45 
48 95 90 53 79 68 86 89 55 71 64 69 43 40 46 42 14 32 21 34 44 35 35 12 16 18 20 89 52 78 67 85 87 53 69 64 69 42 39 47 73 61 79 82 49 65 58 63 36 34 36 25 44 45 20 29 29 33 21 2 51 69 71 39 54 49 53 26 23 58 60 28 42 40 44 14 11 77 41 58 59 64 33 30 51 65 55 59 36 33 42 16 21 21 22 34 39 23 21 54 22 20 24 22 13 
51 98 93 56 82 71 89 92 58 74 67 72 46 43 49 45 14 34 23 37 46 34 36 14 19 17 18 91 55 81 69 88 90 56 72 67 72 44 42 49 76 64 82 85 52 67 61 66 39 36 39 28 46 48 20 32 32 35 2 27 53 72 74 41 57 52 56 28 26 61 62 30 45 43 47 17 14 80 44 61 62 66 36 33 53 68 58 62 38 36 43 19 24 20 21 37 42 24 23 56 24 22 26 24 10 
19 44 39 3 29 17 35 39 23 26 21 24 9 11 17 22 51 28 37 18 28 62 46 41 36 61 64 38 1 27 16 34 37 20 23 23 25 9 12 4 22 10 28 33 24 22 19 20 15 18 14 26 13 9 47 29 39 35 51 53 23 19 22 27 17 21 20 25 28 12 11 34 17 29 26 36 39 26 15 10 30 30 20 22 30 26 13 14 19 21 45 35 30 57 60 17 13 39 42 47 47 49 42 45 64 
35 29 25 18 16 9 17 28 35 26 12 10 28 31 34 40 70 47 56 37 45 82 64 58 53 81 84 23 17 13 7 16 25 34 24 15 13 28 31 24 13 12 10 23 39 27 17 13 34 37 33 44 26 28 66 48 52 47 69 72 19 24 18 45 29 27 22 44 46 11 17 53 36 38 34 54 57 11 34 17 29 26 36 39 45 33 16 11 38 41 63 53 48 77 80 34 29 58 61 51 61 64 56 59 82 
27 25 19 19 10 8 21 17 24 9 30 28 28 31 27 33 69 43 55 37 37 76 57 63 58 80 83 18 21 11 11 23 16 23 6 33 31 30 33 25 5 12 17 10 30 12 32 30 35 37 36 47 34 26 64 45 62 57 71 74 22 18 23 39 20 40 37 45 48 24 11 49 31 50 46 57 60 12 31 13 45 43 42 45 34 17 29 26 36 39 54 56 51 74 77 40 35 56 59 66 69 72 65 67 84 
11 64 58 27 48 39 58 55 17 35 48 51 18 17 11 5 32 7 18 14 4 37 19 36 32 42 45 57 28 48 39 59 54 16 34 50 53 21 19 23 42 33 52 48 10 28 45 47 16 15 21 25 32 17 26 10 46 44 39 41 27 45 39 68 18 43 44 20 20 39 29 11 9 44 44 28 30 48 12 28 54 56 28 28 11 27 39 41 10 10 17 29 26 36 39 27 27 18 21 64 48 49 46 46 50 
7 45 39 14 30 22 40 36 6 17 36 38 15 16 8 13 50 24 35 20 17 56 37 47 43 60 63 39 17 30 23 41 36 4 16 39 40 18 19 15 24 17 35 30 10 10 35 36 19 21 23 33 28 11 44 26 52 48 54 57 17 29 20 18 35 38 37 29 32 27 12 29 11 44 42 41 43 30 13 12 47 47 31 33 15 11 30 30 18 21 34 40 36 55 57 29 26 36 39 63 57 59 53 55 66 
39 56 52 24 43 32 43 54 44 46 17 22 25 26 36 40 55 41 45 29 45 72 58 37 33 65 68 50 21 40 29 41 51 41 43 16 20 22 23 22 37 28 37 49 43 43 10 15 26 28 22 27 10 28 54 40 26 21 49 52 21 27 40 43 38 58 4 29 32 16 31 45 35 11 6 36 39 38 31 30 12 15 18 20 49 48 11 15 32 33 60 34 30 63 66 17 15 47 50 26 36 39 31 34 62 
39 51 48 22 38 29 39 50 43 44 12 17 25 27 36 40 59 43 48 31 46 75 61 41 37 69 72 46 19 36 26 36 47 40 40 11 16 23 25 22 34 25 32 45 43 41 5 10 28 30 24 30 12 28 57 42 31 26 53 56 20 22 37 44 37 4 52 33 35 12 29 47 36 16 11 40 43 34 32 28 10 12 21 24 49 46 8 11 34 35 62 38 34 67 69 21 17 50 53 29 41 44 36 39 67 
25 69 64 27 53 42 60 63 32 46 41 45 17 14 22 20 26 14 15 9 24 42 30 18 13 37 40 62 26 52 41 59 61 29 44 42 46 16 13 20 47 35 53 56 27 40 36 40 10 8 10 5 21 19 24 12 26 25 26 28 25 44 45 20 29 29 33 73 2 33 34 16 18 26 28 11 14 51 16 32 41 44 12 10 30 41 31 35 11 10 33 10 6 34 37 12 15 17 20 46 29 30 26 27 39 
27 72 67 30 56 45 63 65 34 48 44 48 20 17 24 22 24 14 13 11 25 40 28 15 12 34 37 65 29 55 44 62 64 31 46 44 49 18 16 23 49 38 56 59 29 42 38 42 13 10 13 5 23 22 22 11 26 25 23 26 28 46 48 20 32 32 35 2 78 36 36 15 20 28 30 9 11 54 18 35 44 47 14 12 32 43 34 38 13 11 32 8 5 31 34 14 18 15 17 47 27 29 25 26 36 
31 40 37 13 26 16 29 38 34 31 9 12 20 23 29 34 60 40 47 28 40 74 57 47 42 71 74 34 10 24 13 27 35 31 28 11 13 19 22 16 21 13 22 33 36 29 8 8 25 28 23 33 14 21 57 40 40 35 58 61 12 11 24 39 27 16 12 33 36 38 18 45 29 27 22 44 46 22 27 17 21 20 25 28 41 35 4 2 30 33 57 42 37 67 70 23 18 49 52 41 50 52 45 47 71 
18 36 30 8 20 10 29 29 18 15 26 26 16 19 17 24 58 33 43 25 28 66 48 51 46 68 71 29 11 19 11 29 27 16 12 29 29 18 21 13 13 5 23 22 22 11 26 25 23 26 24 36 24 14 53 34 51 47 60 62 11 17 11 29 12 31 29 34 36 18 45 39 20 40 37 45 48 19 19 1 39 38 31 33 27 17 21 20 25 28 46 44 39 64 66 28 24 45 48 57 58 60 54 56 73 
23 75 69 35 59 48 68 66 29 47 54 58 25 22 21 16 20 6 7 17 15 28 13 27 25 30 33 68 35 58 48 68 65 27 45 55 59 26 23 29 52 42 62 59 22 40 49 53 20 17 23 21 35 25 14 5 41 41 28 30 34 53 49 11 29 45 47 16 15 45 39 54 18 43 44 20 20 58 19 38 57 59 28 26 22 39 44 48 15 12 17 21 20 25 28 27 29 6 9 62 41 42 39 40 38 
6 56 50 18 40 30 49 48 13 29 39 42 10 9 3 4 38 12 24 10 10 46 28 36 32 49 52 49 19 40 30 49 47 10 27 41 43 12 12 13 34 24 43 41 9 22 36 38 10 11 14 23 24 8 33 14 43 40 42 45 17 36 31 9 11 35 36 18 20 29 20 18 34 38 37 29 32 39 3 19 46 47 23 24 14 22 30 32 7 9 27 29 25 43 46 21 20 25 28 58 47 49 44 45 55 
43 67 64 32 54 43 55 65 49 55 29 34 29 29 40 42 49 40 41 29 47 67 56 28 25 58 60 61 29 51 40 53 62 46 52 27 32 26 26 28 48 37 49 59 47 51 22 27 28 28 23 22 16 33 49 38 14 9 40 43 29 38 50 44 44 11 16 26 28 27 40 43 38 42 4 29 32 49 34 39 19 23 15 16 52 55 22 27 33 33 59 27 24 57 59 17 18 44 45 20 25 28 20 23 53 
42 63 59 29 49 38 50 61 47 52 24 29 28 28 39 41 52 41 43 29 47 70 58 32 28 61 64 57 26 47 36 48 58 44 49 22 27 24 25 26 44 34 44 55 46 48 17 22 27 28 22 24 13 31 51 39 19 14 44 47 26 34 46 44 42 6 11 28 30 22 37 44 37 4 40 33 35 45 33 35 15 19 16 18 51 52 18 22 33 34 60 30 27 60 62 17 17 46 47 21 30 32 25 28 57 
36 81 76 39 65 53 71 74 43 57 51 55 29 26 33 30 19 21 14 20 33 38 31 7 6 28 31 74 37 64 52 70 73 40 55 51 55 27 24 32 58 47 65 68 37 51 44 49 22 19 21 10 30 31 19 18 23 24 14 17 36 54 57 28 41 36 40 11 9 44 45 20 29 29 33 50 2 63 27 44 48 51 19 16 40 52 41 45 22 20 36 2 6 27 29 20 25 17 17 46 21 21 20 20 28 
38 84 78 42 68 56 74 77 45 60 53 58 31 29 35 32 16 23 14 23 34 37 31 6 7 26 28 77 40 66 55 73 76 42 58 53 58 30 27 35 61 49 68 71 39 54 47 52 25 22 24 13 32 34 18 20 24 26 11 14 39 57 60 30 43 39 43 14 11 46 48 20 32 32 35 2 56 65 30 47 50 54 22 19 41 54 44 48 25 22 36 5 9 25 27 23 28 17 17 48 21 21 20 20 25 
37 18 14 24 5 9 10 16 35 21 24 20 34 37 37 43 77 52 62 43 47 86 67 67 62 87 90 12 25 2 10 11 13 34 18 27 24 35 38 30 6 16 5 13 40 24 28 25 41 44 41 52 36 33 72 53 63 58 77 80 26 11 12 48 30 38 34 51 54 22 19 58 39 49 45 63 65 36 39 20 40 37 45 48 45 29 27 22 44 46 65 61 56 83 86 43 38 64 67 62 72 74 67 69 90 
9 56 50 16 40 29 48 48 16 30 36 39 6 5 6 8 38 13 23 7 14 47 30 34 29 48 51 49 17 39 29 48 47 13 28 38 41 9 8 11 33 23 42 41 13 23 33 35 7 8 11 20 21 6 33 14 40 37 41 44 15 34 31 12 13 31 32 16 18 27 19 19 3 34 33 27 30 39 91 18 43 44 20 20 18 24 27 30 5 8 29 27 22 44 46 17 16 25 28 54 44 46 41 42 53 
18 37 31 6 21 10 30 30 18 16 25 26 15 18 17 23 56 32 42 24 28 65 47 49 44 67 70 30 9 20 11 30 29 16 13 28 28 17 19 12 14 5 24 24 21 13 25 25 21 24 22 34 23 13 52 33 49 45 58 61 10 17 13 28 12 30 28 32 35 17 1 38 19 39 35 44 47 20 18 59 38 37 29 32 27 18 20 19 23 26 45 43 38 62 65 27 22 44 46 56 56 59 52 54 71 
50 56 54 33 45 37 43 57 54 53 16 20 36 37 47 51 67 53 57 41 57 84 70 47 43 76 79 51 30 42 33 40 54 51 50 13 17 33 35 33 41 34 37 52 54 51 13 15 38 40 34 38 22 39 66 52 33 28 59 62 30 29 45 54 47 12 10 41 44 21 39 57 46 19 15 48 50 40 43 38 54 4 29 32 60 56 18 19 44 45 72 45 42 75 77 29 27 59 61 22 44 46 39 42 73 
50 52 50 32 42 34 38 53 54 51 13 16 37 39 48 52 70 55 59 43 58 87 73 51 47 80 82 47 30 39 31 36 50 51 48 10 13 35 37 33 38 33 34 49 55 50 12 13 40 42 36 42 24 39 69 54 38 33 64 66 30 26 43 56 47 15 12 44 47 20 38 59 47 23 19 51 54 37 44 37 4 45 33 35 60 55 17 18 46 47 74 49 45 78 81 32 29 62 64 27 48 51 44 46 77 
29 64 59 23 48 37 53 59 36 45 31 36 16 15 26 27 37 24 27 14 32 54 41 22 17 47 50 57 21 47 35 52 57 32 42 31 36 13 12 17 42 30 47 53 33 40 25 29 13 12 8 9 10 20 36 23 20 17 33 36 20 36 42 28 31 18 21 12 14 25 31 28 23 15 16 19 22 45 20 29 29 33 88 2 37 43 21 26 18 18 44 17 12 45 48 2 7 29 32 35 27 29 22 24 46 
30 67 62 25 51 39 56 62 37 47 34 39 18 16 27 27 35 24 25 14 32 52 40 19 14 45 47 60 23 49 38 55 60 34 45 34 38 15 13 19 45 33 49 55 33 42 28 32 13 13 10 6 13 21 33 22 19 16 30 33 22 39 45 28 33 20 24 10 12 28 33 26 24 16 18 16 19 48 20 32 32 35 2 93 38 44 24 29 18 18 43 14 10 43 45 5 9 27 29 36 25 27 20 22 44 
10 58 52 28 44 37 55 48 10 28 51 53 24 23 12 10 42 18 29 23 7 43 25 47 44 52 55 52 31 45 38 56 48 11 28 53 55 26 26 27 39 32 50 42 5 22 49 50 24 25 29 35 38 21 36 21 56 54 51 53 30 45 34 11 15 49 49 30 32 41 27 22 14 52 51 40 41 45 18 27 60 60 37 38 78 18 43 44 20 20 20 40 37 45 48 35 34 29 31 72 59 61 56 58 61 
16 40 34 23 27 23 39 30 9 10 43 43 26 28 18 23 59 33 45 32 24 62 43 59 54 69 72 35 26 29 26 41 30 11 11 46 46 29 31 26 23 22 35 24 16 5 43 42 31 33 34 44 39 23 53 36 63 60 65 68 26 33 17 27 11 48 46 41 43 35 17 39 22 55 52 52 54 29 24 18 56 55 43 44 18 40 38 37 29 32 39 52 47 63 66 40 37 45 48 73 69 71 65 67 77 
33 45 41 15 31 21 33 43 36 35 10 14 20 22 30 35 58 39 46 27 41 73 57 43 39 69 71 39 12 28 18 31 40 33 32 11 14 18 21 16 26 16 26 37 37 33 5 8 24 27 21 30 11 22 55 39 36 31 55 58 13 16 29 39 30 11 8 31 34 4 21 44 30 22 18 41 44 27 27 20 18 17 21 24 43 38 81 4 29 32 57 39 34 66 68 20 16 48 51 37 45 48 40 43 68 
34 40 37 15 27 17 28 38 36 33 6 10 23 25 32 37 62 42 50 31 43 76 60 48 43 73 76 34 13 24 14 26 36 34 30 9 11 22 24 18 22 15 21 34 38 32 6 5 28 30 25 35 15 24 59 42 41 36 59 62 14 11 26 41 30 15 11 35 38 2 20 48 32 27 22 45 48 22 30 19 19 18 26 29 44 37 4 74 33 35 59 43 39 70 72 25 20 52 55 40 50 53 45 48 73 
13 61 55 20 45 34 53 53 20 35 39 43 10 7 10 9 33 9 18 3 14 43 27 29 25 43 46 54 20 44 34 53 52 18 33 41 44 11 9 14 38 27 47 47 16 29 35 38 5 5 10 16 21 10 28 9 36 34 36 38 19 38 36 10 18 32 34 11 13 30 25 15 7 33 33 22 25 44 5 23 44 46 18 18 20 29 29 33 91 2 27 22 18 39 42 16 16 20 23 53 40 42 37 38 48 
15 64 58 23 48 37 56 56 22 38 42 45 12 10 13 10 30 7 15 4 14 41 25 27 23 40 43 57 23 47 36 56 55 20 36 43 46 13 11 17 41 30 50 49 17 31 37 40 7 5 11 14 23 13 25 7 36 34 33 36 21 41 39 10 21 33 35 10 11 33 28 12 9 33 34 20 22 46 8 26 45 47 18 18 20 32 32 35 2 97 26 20 16 36 39 17 18 17 20 54 39 40 36 37 45 
27 79 73 45 64 56 75 69 30 48 66 69 36 34 28 22 30 19 22 31 17 24 7 43 42 36 39 73 46 64 57 75 69 30 48 68 70 38 36 41 58 51 69 63 24 42 63 65 33 32 38 38 49 35 23 21 58 58 42 43 45 63 54 17 34 60 62 33 32 57 46 17 27 59 60 36 36 65 29 45 72 74 44 43 20 39 57 59 27 26 37 38 37 29 32 43 44 20 20 79 58 58 56 56 48 
35 79 74 37 64 52 70 73 43 57 48 53 28 25 33 30 21 22 16 20 33 41 33 7 4 31 33 73 36 62 50 69 72 40 55 48 53 26 23 31 57 45 63 67 37 51 42 47 21 19 20 8 27 30 22 19 21 22 16 19 35 53 56 29 40 34 38 10 8 42 44 21 29 27 30 2 5 61 27 43 45 49 17 14 40 52 39 43 22 20 38 86 4 29 32 18 23 19 19 44 20 20 18 18 29 
31 74 69 32 59 47 65 68 38 52 44 48 23 20 29 27 25 19 16 15 30 43 33 11 7 34 37 68 31 57 46 64 67 36 50 44 48 21 18 26 52 40 58 62 34 46 38 42 16 14 15 4 23 25 24 17 21 21 21 24 30 48 51 26 36 30 34 6 5 37 39 20 25 24 27 6 9 56 22 38 42 45 12 10 37 47 34 39 18 16 37 4 89 33 35 14 18 19 21 43 22 24 20 20 34 
48 100 94 59 84 73 92 91 53 72 76 80 48 46 47 41 8 31 20 39 39 14 22 30 32 7 9 93 59 83 73 92 90 52 71 76 80 48 46 53 77 67 86 85 47 65 70 74 42 39 44 36 55 49 10 29 49 51 21 20 57 77 74 36 55 63 67 34 31 67 64 25 43 57 60 27 25 83 44 62 75 78 45 43 45 63 66 70 39 36 29 29 33 40 2 46 50 18 15 73 43 42 44 43 20 
50 102 97 62 87 76 95 94 56 74 78 82 51 48 49 44 10 33 23 42 42 14 25 32 34 5 7 96 62 86 76 95 93 55 73 79 83 51 48 56 80 70 89 87 49 68 73 77 45 42 47 39 58 52 13 32 51 53 22 21 60 80 77 39 57 66 69 37 34 70 66 28 46 59 62 29 27 86 46 65 77 81 48 45 48 66 68 72 42 39 32 32 35 2 41 48 52 21 18 75 44 43 46 44 20 
27 62 57 21 46 34 51 57 33 43 30 34 14 12 24 25 38 23 27 12 30 54 41 24 19 48 51 55 18 44 33 50 55 30 40 30 34 11 9 15 40 28 44 50 30 37 24 28 10 11 6 10 9 17 36 22 23 19 34 37 17 34 40 27 29 17 21 12 14 23 28 27 21 17 17 20 23 43 17 27 29 32 2 5 35 40 20 25 16 17 43 18 14 46 48 76 4 29 32 37 29 32 25 27 48 
25 57 52 16 41 29 46 52 31 38 26 30 11 11 22 24 42 25 30 13 30 57 43 29 24 53 55 50 14 39 28 45 50 28 36 26 30 8 8 11 35 23 40 46 29 34 20 24 10 12 6 14 5 14 40 24 26 23 39 42 13 29 35 27 26 15 17 15 18 18 24 29 20 18 17 25 28 38 16 22 27 29 7 9 34 37 16 20 16 18 44 23 18 50 52 4 74 33 35 38 34 36 29 32 53 
29 81 75 40 65 54 74 73 35 53 58 62 30 27 28 22 13 12 2 21 22 24 14 23 23 24 26 74 41 64 54 73 72 34 52 59 63 30 27 34 58 48 67 66 29 47 53 57 24 21 27 21 38 31 8 10 40 40 23 24 39 58 56 18 36 47 50 17 15 49 45 6 25 44 46 17 17 64 25 44 59 62 29 27 29 45 48 52 20 17 20 19 19 18 21 29 33 59 2 62 38 38 37 37 32 
32 84 78 43 68 57 77 76 38 56 61 65 33 30 31 25 11 15 5 24 24 22 14 24 23 21 24 77 43 67 57 76 75 37 55 62 65 33 30 37 61 51 70 69 32 49 56 59 27 24 29 23 41 34 5 13 41 41 21 23 42 61 59 21 39 50 53 20 17 52 48 9 28 45 47 17 17 67 28 46 61 64 32 29 31 48 51 55 23 20 20 19 21 15 18 32 35 2 64 64 38 38 37 37 29 
63 79 76 50 67 58 65 79 69 72 38 43 49 49 60 62 65 60 59 50 68 85 76 43 41 72 74 73 47 64 55 63 76 66 69 36 40 46 46 47 63 54 60 74 67 69 34 37 48 48 43 41 34 52 66 58 24 22 54 56 47 51 66 64 63 26 29 46 47 41 57 62 58 20 21 46 48 62 54 56 22 27 35 36 72 73 37 40 53 54 79 44 43 73 75 37 38 62 64 9 33 35 29 32 65 
54 90 86 50 75 63 79 86 61 72 53 58 43 41 51 49 35 42 35 37 53 56 52 14 16 41 42 84 48 73 61 77 84 58 70 52 57 40 38 44 69 57 72 80 56 67 47 51 37 36 34 24 35 46 39 39 10 15 22 24 47 61 69 48 57 36 41 29 27 50 58 41 47 25 30 21 21 72 44 56 44 48 27 25 59 69 45 50 40 39 58 20 22 43 44 29 34 38 38 33 59 2 4 2 32 
55 93 88 53 78 66 81 89 62 74 56 61 45 43 52 51 34 43 36 39 54 55 52 14 17 39 41 86 50 76 64 80 86 59 72 55 60 42 40 46 71 60 75 82 58 69 49 54 39 37 36 26 38 48 38 40 13 18 20 22 49 64 72 49 59 39 44 30 29 52 60 42 49 28 32 21 21 74 46 59 46 51 29 27 61 71 48 53 42 40 58 20 24 42 43 32 36 38 38 35 2 64 7 4 29 
50 85 81 46 70 59 74 81 57 68 48 53 38 37 47 46 36 39 34 34 50 57 51 14 14 43 45 79 43 68 57 72 79 54 65 47 52 36 34 40 64 53 67 75 53 62 42 47 34 32 30 21 31 42 39 37 6 10 24 26 42 56 65 46 53 31 36 26 25 45 54 39 44 20 25 20 20 67 41 52 39 44 22 20 56 65 40 45 37 36 56 18 20 44 46 25 29 37 37 29 4 7 66 2 35 
52 88 84 48 73 61 76 84 59 70 51 56 40 38 49 47 35 40 34 35 51 56 51 13 14 41 43 81 46 71 59 75 82 56 67 50 55 38 36 42 67 55 70 78 54 64 44 49 35 34 32 22 33 44 38 37 9 13 22 24 45 59 67 46 55 34 39 27 26 47 56 40 45 23 28 20 20 69 42 54 42 46 24 22 58 67 43 48 38 37 56 18 20 43 44 27 32 37 37 32 2 4 2 71 33 
60 109 103 67 93 81 99 102 67 84 78 83 56 53 58 54 18 43 31 47 54 34 41 25 30 14 14 102 65 91 80 98 100 65 82 78 82 55 52 60 86 74 93 95 60 77 72 76 49 47 49 38 57 58 26 40 41 45 13 10 64 82 84 50 66 62 67 39 36 71 73 38 55 53 57 28 25 90 53 71 73 77 46 44 61 77 68 73 48 45 48 29 34 20 20 48 53 32 29 65 32 29 35 33 5 
