66 12
38 19 16 11 4 11 14 12 4 13 19 4 10 6 0 3 12 17 8 16 18 18 7 18 0 6 0 12 16 13 3 15 2 3 11 8 11 20 3 2 20 2 5 6 3 19 1 10 16 7 7 7 18 19 11 10 4 13 18 14 1 2 20 5 16 9 
19 67 11 12 13 5 2 13 14 7 12 2 10 20 20 20 16 2 2 18 19 1 9 3 12 14 14 14 5 20 7 16 19 1 15 13 5 19 19 8 18 18 3 8 11 20 0 2 9 3 5 13 17 13 6 1 1 11 9 1 19 18 2 12 16 3 
16 11 85 3 2 16 14 14 2 9 1 7 15 19 12 18 17 4 1 16 16 12 15 12 11 4 0 19 6 15 0 6 17 17 6 9 8 19 19 8 16 6 11 10 3 17 7 0 17 0 5 0 14 3 1 5 6 15 3 6 20 9 3 5 14 20 
11 12 3 24 10 4 19 16 7 1 0 20 10 9 15 20 12 3 15 15 1 18 14 15 2 5 0 1 14 0 13 8 3 3 5 15 7 6 18 18 1 16 17 14 9 0 16 17 2 7 19 7 8 4 2 4 11 8 12 10 9 7 12 10 4 17 
4 13 2 10 4 7 9 9 14 12 14 16 20 7 10 6 6 18 4 6 9 5 11 20 4 13 15 12 16 16 8 19 20 19 7 8 10 14 18 14 7 19 17 6 4 20 2 6 0 15 18 12 19 6 17 12 14 0 16 0 16 9 13 17 17 17 
11 5 16 4 7 49 15 3 14 1 7 3 0 0 5 17 18 6 19 18 10 1 8 7 1 2 1 1 2 17 4 7 12 12 18 13 11 14 18 11 10 7 2 14 13 2 4 10 19 13 20 13 6 16 18 12 3 7 20 9 17 15 13 15 17 10 
14 2 14 19 9 15 60 8 14 20 11 5 6 19 19 7 6 7 16 11 11 12 11 8 5 20 9 19 6 16 0 16 1 4 8 9 2 15 19 12 7 18 16 20 3 9 4 0 6 1 7 6 2 20 10 15 1 20 9 13 4 1 20 18 6 4 
12 13 14 16 9 3 8 65 19 17 18 20 5 17 8 10 5 8 17 2 0 5 14 10 11 14 18 12 14 1 4 2 17 14 16 10 2 15 11 18 17 20 0 10 16 8 0 0 17 6 10 12 18 11 0 19 13 2 12 18 12 4 4 6 1 20 
4 14 2 7 14 14 14 19 49 6 15 4 8 5 5 7 2 0 18 2 9 19 17 10 11 8 10 11 17 16 18 1 11 20 13 14 10 1 12 3 4 12 8 6 12 9 5 15 5 11 9 12 5 10 5 0 10 7 14 1 11 7 14 14 20 6 
13 7 9 1 12 1 20 17 6 11 14 15 8 3 6 10 11 12 8 16 8 10 0 7 15 5 2 16 10 20 10 11 3 2 6 14 9 18 6 8 0 11 20 19 3 17 20 18 16 2 17 7 6 4 9 20 17 12 9 12 3 13 9 17 19 11 
19 12 1 0 14 7 11 18 15 14 24 1 13 18 20 16 12 9 2 9 19 18 1 6 9 18 15 1 14 4 9 12 15 0 2 15 4 19 15 3 0 14 8 9 19 13 2 5 1 5 20 11 5 0 16 4 10 0 16 0 4 0 18 11 12 16 
4 2 7 20 16 3 5 20 4 15 1 38 10 17 3 10 3 2 4 12 12 10 9 19 16 16 3 0 8 6 19 16 18 5 4 8 12 3 4 6 0 2 12 10 5 14 1 0 20 8 9 14 4 20 20 17 5 16 13 20 13 3 10 11 9 0 
10 10 15 10 20 0 6 5 8 8 13 10 15 11 5 19 18 2 19 13 4 3 14 10 5 0 16 0 4 10 0 10 8 2 5 7 17 12 12 13 19 15 4 9 20 9 7 7 8 18 12 15 5 15 3 0 15 8 5 15 5 4 4 12 8 10 
6 20 19 9 7 0 19 17 5 3 18 17 11 21 14 20 14 1 3 0 17 5 13 18 19 9 13 8 9 19 6 6 18 6 0 14 7 4 2 7 5 0 1 19 11 6 18 10 8 10 7 19 7 15 17 8 11 12 2 11 18 9 12 16 3 20 
0 20 12 15 10 5 19 8 5 6 20 3 5 14 68 8 13 18 13 9 20 7 0 9 8 6 19 15 15 8 7 14 13 6 11 8 5 7 3 18 9 5 4 3 6 15 15 4 9 19 12 7 14 8 17 17 2 5 10 1 9 4 7 3 12 15 
3 20 18 20 6 17 7 10 7 10 16 10 19 20 8 39 11 8 8 6 18 18 20 17 8 1 9 17 11 1 11 18 6 7 9 19 9 19 5 14 13 9 17 2 19 12 17 6 15 0 13 13 18 12 11 16 11 14 1 1 13 9 8 2 7 9 
12 16 17 12 6 18 6 5 2 11 12 3 18 14 13 11 90 18 12 8 18 20 12 17 5 13 20 7 1 12 9 19 20 5 17 11 20 6 12 1 3 1 10 18 8 2 18 9 7 9 9 8 3 9 2 8 18 7 16 13 17 20 5 20 10 17 
17 2 4 3 18 6 7 8 0 12 9 2 2 1 18 8 18 59 10 12 19 18 17 0 1 8 17 19 4 2 4 9 3 20 20 9 8 8 13 0 1 16 13 15 19 14 5 7 7 6 3 16 6 5 8 11 0 5 15 18 16 0 12 19 20 17 
8 2 1 15 4 19 16 17 18 8 2 4 19 3 13 8 12 10 16 7 12 1 7 8 5 14 7 8 6 17 11 19 11 8 1 17 10 12 15 16 17 12 8 18 7 4 11 0 15 16 4 1 7 15 19 2 20 1 12 8 10 13 13 11 20 3 
16 18 16 15 6 18 11 2 2 16 9 12 13 0 9 6 8 12 7 8 17 16 11 8 5 7 4 16 7 5 11 3 1 6 14 15 16 0 16 10 15 17 5 2 20 6 15 9 19 11 16 17 3 1 3 2 20 1 15 9 5 7 20 16 0 18 
18 19 16 1 9 10 11 0 9 8 19 12 4 17 20 18 18 19 12 17 28 13 14 16 5 7 9 6 20 18 10 1 20 3 10 11 18 4 10 20 0 13 19 9 16 7 12 3 8 11 19 10 7 19 2 3 10 13 6 6 7 16 20 11 10 16 
18 1 12 18 5 1 12 5 19 10 18 10 3 5 7 18 20 18 1 16 13 4 9 17 1 6 1 6 6 9 12 5 12 8 4 19 19 7 6 12 4 9 3 13 8 14 7 1 3 2 5 7 8 11 16 5 13 13 2 3 7 11 10 11 13 8 
7 9 15 14 11 8 11 14 17 0 1 9 14 13 0 20 12 17 7 11 14 9 0 1 4 15 1 18 2 2 4 6 6 0 3 0 14 13 19 10 14 2 4 12 18 4 8 4 7 18 14 9 4 20 11 17 18 20 7 4 11 13 2 17 16 17 
18 3 12 15 20 7 8 10 10 7 6 19 10 18 9 17 17 0 8 8 16 17 1 97 8 4 13 15 15 16 7 7 4 10 3 5 11 11 11 7 14 18 3 7 16 15 12 5 14 2 14 6 5 5 15 0 13 16 0 15 1 17 2 17 2 12 
0 12 11 2 4 1 5 11 11 15 9 16 5 19 8 8 5 1 5 5 5 1 4 8 58 11 11 19 17 5 6 13 2 1 10 0 9 8 2 2 7 12 17 19 15 5 17 0 15 4 17 12 9 14 5 6 13 19 4 10 17 3 15 7 15 1 
6 14 4 5 13 2 20 14 8 5 18 16 0 9 6 1 13 8 14 7 7 6 15 4 11 85 18 17 1 3 9 3 12 10 7 16 16 20 15 0 3 1 1 6 4 5 15 15 9 17 16 4 18 3 17 5 4 0 17 4 15 2 7 11 0 19 
0 14 0 0 15 1 9 18 10 2 15 3 16 13 19 9 20 17 7 4 9 1 1 13 11 18 3 2 7 4 6 9 6 14 3 6 10 10 11 14 15 3 16 15 15 3 13 9 14 10 7 9 0 6 5 0 3 12 0 4 18 1 0 0 3 5 
12 14 19 1 12 1 19 12 11 16 1 0 0 8 15 17 7 19 8 16 6 6 18 15 19 17 2 60 11 13 15 11 0 11 8 16 18 7 18 9 20 3 11 2 13 1 1 16 7 1 17 20 5 13 15 15 13 14 17 16 9 1 16 6 3 6 
16 5 6 14 16 2 6 14 17 10 14 8 4 9 15 11 1 4 6 7 20 6 2 15 17 1 7 11 97 0 0 18 18 19 2 1 20 20 17 8 11 2 16 4 2 3 14 11 7 2 18 8 18 7 7 4 6 5 20 15 17 10 19 10 15 10 
13 20 15 0 16 17 16 1 16 20 4 6 10 19 8 1 12 2 17 5 18 9 2 16 5 3 4 13 0 13 8 17 7 10 15 15 0 0 12 7 1 8 15 1 9 11 0 7 20 0 14 0 15 7 12 10 17 12 8 16 4 2 2 18 5 1 
3 7 0 13 8 4 0 4 18 10 9 19 0 6 7 11 9 4 11 11 10 12 4 7 6 9 6 15 0 8 67 10 8 8 5 7 2 19 6 12 16 1 5 19 4 13 2 15 1 15 2 8 17 7 5 0 13 20 5 14 13 20 2 11 6 8 
15 16 6 8 19 7 16 2 1 11 12 16 10 6 14 18 19 9 19 3 1 5 6 7 13 3 9 11 18 17 10 100 13 17 18 17 9 13 12 8 12 4 10 17 20 19 16 3 11 10 10 12 15 7 6 7 19 3 15 18 8 18 4 14 14 5 
2 19 17 3 20 12 1 17 11 3 15 18 8 18 13 6 20 3 11 1 20 12 6 4 2 12 6 0 18 7 8 13 22 14 8 17 8 10 12 11 15 16 10 3 11 8 0 2 20 2 1 19 5 14 19 3 15 10 6 19 1 6 6 6 15 5 
3 1 17 3 19 12 4 14 20 2 0 5 2 6 6 7 5 20 8 6 3 8 0 10 1 10 14 11 19 10 8 17 14 11 10 17 14 4 20 20 15 4 17 9 13 20 20 9 1 17 7 0 7 18 3 4 4 17 10 10 15 5 19 16 5 0 
11 15 6 5 7 18 8 16 13 6 2 4 5 0 11 9 17 20 1 14 10 4 3 3 10 7 3 8 2 15 5 18 8 10 46 6 6 9 6 2 7 3 11 10 18 0 17 5 9 15 12 9 7 14 12 13 12 18 16 9 0 19 12 2 0 2 
8 13 9 15 8 13 9 10 14 14 15 8 7 14 8 19 11 9 17 15 11 19 0 5 0 16 6 16 1 15 7 17 17 17 6 0 15 18 2 4 8 6 11 10 9 4 18 2 0 17 8 5 1 7 7 10 5 20 17 13 3 9 15 6 7 17 
11 5 8 7 10 11 2 2 10 9 4 12 17 7 5 9 20 8 10 16 18 19 14 11 9 16 10 18 20 0 2 9 8 14 6 15 29 4 13 12 2 20 14 4 1 14 17 12 12 5 3 1 14 0 17 16 7 19 16 15 0 18 11 8 17 3 
20 19 19 6 14 14 15 15 1 18 19 3 12 4 7 19 6 8 12 0 4 7 13 11 8 20 10 7 20 0 19 13 10 4 9 18 4 56 20 5 12 6 3 17 12 9 14 18 1 17 6 8 6 14 11 17 10 5 3 17 1 3 16 4 12 12 
3 19 19 18 18 18 19 11 12 6 15 4 12 2 3 5 12 13 15 16 10 6 19 11 2 15 11 18 17 12 6 12 12 20 6 2 13 20 6 3 16 12 14 6 16 2 12 17 15 7 6 17 11 17 13 7 1 4 20 4 19 3 1 16 2 12 
2 8 8 18 14 11 12 18 3 8 3 6 13 7 18 14 1 0 16 10 20 12 10 7 2 0 14 9 8 7 12 8 11 20 2 4 12 5 3 2 3 1 9 3 8 5 4 17 16 4 4 14 8 8 13 5 12 13 2 9 17 9 12 19 2 11 
20 18 16 1 7 10 7 17 4 0 0 0 19 5 9 13 3 1 17 15 0 4 14 14 7 3 15 20 11 1 16 12 15 15 7 8 2 12 16 3 49 19 18 0 0 13 20 8 4 1 14 14 17 12 10 18 13 13 10 10 1 14 11 11 19 12 
2 18 6 16 19 7 18 20 12 11 14 2 15 0 5 9 1 16 12 17 13 9 2 18 12 1 3 3 2 8 1 4 16 4 3 6 20 6 12 1 19 18 8 16 19 18 9 1 8 13 15 10 4 10 0 2 15 18 9 10 16 16 12 18 18 16 
5 3 11 17 17 2 16 0 8 20 8 12 4 1 4 17 10 13 8 5 19 3 4 3 17 1 16 11 16 15 5 10 10 17 11 11 14 3 14 9 18 8 55 9 15 5 11 19 18 20 10 5 4 15 16 3 0 14 7 9 1 10 3 17 19 18 
6 8 10 14 6 14 20 10 6 19 9 10 9 19 3 2 18 15 18 2 9 13 12 7 19 6 15 2 4 1 19 17 3 9 10 10 4 17 6 3 0 16 9 47 10 2 8 12 20 11 13 3 14 10 1 1 1 18 13 9 7 20 0 10 5 8 
3 11 3 9 4 13 3 16 12 3 19 5 20 11 6 19 8 19 7 20 16 8 18 16 15 4 15 13 2 9 4 20 11 13 18 9 1 12 16 8 0 19 15 10 33 4 0 11 10 5 20 15 12 14 4 10 17 16 0 20 9 18 17 9 9 14 
19 20 17 0 20 2 9 8 9 17 13 14 9 6 15 12 2 14 4 6 7 14 4 15 5 5 3 1 3 11 13 19 8 20 0 4 14 9 2 5 13 18 5 2 4 65 12 14 14 18 8 18 5 19 18 11 3 9 7 9 1 20 7 14 1 5 
1 0 7 16 2 4 4 0 5 20 2 1 7 18 15 17 18 5 11 15 12 7 8 12 17 15 13 1 14 0 2 16 0 20 17 18 17 14 12 4 20 9 11 8 0 12 62 20 0 20 20 0 1 15 18 1 4 4 16 6 0 18 18 19 19 0 
10 2 0 17 6 10 0 0 15 18 5 0 7 10 4 6 9 7 0 9 3 1 4 5 0 15 9 16 11 7 15 3 2 9 5 2 12 18 17 17 8 1 19 12 11 14 20 17 5 14 15 13 19 3 0 8 10 1 7 4 12 3 16 9 3 12 
16 9 17 2 0 19 6 17 5 16 1 20 8 8 9 15 7 7 15 19 8 3 7 14 15 9 14 7 7 20 1 11 20 1 9 0 12 1 15 16 4 8 18 20 10 14 0 5 58 3 6 20 17 11 11 13 5 11 15 8 7 1 17 8 4 10 
7 3 0 7 15 13 1 6 11 2 5 8 18 10 19 0 9 6 16 11 11 2 18 2 4 17 10 1 2 0 15 10 2 17 15 17 5 17 7 4 1 13 20 11 5 18 20 14 3 75 6 5 5 13 17 17 18 15 2 20 9 7 1 10 13 12 
7 5 5 19 18 20 7 10 9 17 20 9 12 7 12 13 9 3 4 16 19 5 14 14 17 16 7 17 18 14 2 10 1 7 12 8 3 6 6 4 14 15 10 13 20 8 20 15 6 6 82 8 16 20 3 6 15 2 14 10 10 18 18 7 18 12 
7 13 0 7 12 13 6 12 12 7 11 14 15 19 7 13 8 16 1 17 10 7 9 6 12 4 9 20 8 0 8 12 19 0 9 5 1 8 17 14 14 10 5 3 15 18 0 13 20 5 8 73 7 13 12 15 2 5 14 2 1 4 10 2 0 5 
18 17 14 8 19 6 2 18 5 6 5 4 5 7 14 18 3 6 7 3 7 8 4 5 9 18 0 5 18 15 17 15 5 7 7 1 14 6 11 8 17 4 4 14 12 5 1 19 17 5 16 7 25 19 18 11 11 1 19 12 3 6 10 2 18 4 
19 13 3 4 6 16 20 11 10 4 0 20 15 15 8 12 9 5 15 1 19 11 20 5 14 3 6 13 7 7 7 7 14 18 14 7 0 14 17 8 12 10 15 10 14 19 15 3 11 13 20 13 19 27 11 8 15 14 2 5 12 19 16 1 16 6 
11 6 1 2 17 18 10 0 5 9 16 20 3 17 17 11 2 8 19 3 2 16 11 15 5 17 5 15 7 12 5 6 19 3 12 7 17 11 13 13 10 0 16 1 4 18 18 0 11 17 3 12 18 11 6 7 1 11 11 10 10 6 9 10 10 18 
10 1 5 4 12 12 15 19 0 20 4 17 0 8 17 16 8 11 2 2 3 5 17 0 6 5 0 15 4 10 0 7 3 4 13 10 16 17 7 5 18 2 3 1 10 11 1 8 13 17 6 15 11 8 7 92 12 18 19 7 15 15 16 19 6 1 
4 1 6 11 14 3 1 13 10 17 10 5 15 11 2 11 18 0 20 20 10 13 18 13 13 4 3 13 6 17 13 19 15 4 12 5 7 10 1 12 13 15 0 1 17 3 4 10 5 18 15 2 11 15 1 12 79 13 18 19 6 3 4 12 14 6 
13 11 15 8 0 7 20 2 7 12 0 16 8 12 5 14 7 5 1 1 13 13 20 16 19 0 12 14 5 12 20 3 10 17 18 20 19 5 4 13 13 18 14 18 16 9 4 1 11 15 2 5 1 14 11 18 13 38 3 19 16 19 12 7 7 9 
18 9 3 12 16 20 9 12 14 9 16 13 5 2 10 1 16 15 12 15 6 2 7 0 4 17 0 17 20 8 5 15 6 10 16 17 16 3 20 2 10 9 7 13 0 7 16 7 15 2 14 14 19 2 11 19 18 3 7 0 3 0 7 11 13 17 
14 1 6 10 0 9 13 18 1 12 0 20 15 11 1 1 13 18 8 9 6 3 4 15 10 4 4 16 15 16 14 18 19 10 9 13 15 17 4 9 10 10 9 9 20 9 6 4 8 20 10 2 12 5 10 7 19 19 0 16 0 14 9 17 3 15 
1 19 20 9 16 17 4 12 11 3 4 13 5 18 9 13 17 16 10 5 7 7 11 1 17 15 18 9 17 4 13 8 1 15 0 3 0 1 19 17 1 16 1 7 9 1 0 12 7 9 10 1 3 12 10 15 6 16 3 0 28 8 20 10 13 14 
2 18 9 7 9 15 1 4 7 13 0 3 4 9 4 9 20 0 13 7 16 11 13 17 3 2 1 1 10 2 20 18 6 5 19 9 18 3 3 9 14 16 10 20 18 20 18 3 1 7 18 4 6 19 6 15 3 19 0 14 8 27 8 3 15 15 
20 2 3 12 13 13 20 4 14 9 18 10 4 12 7 8 5 12 13 20 20 10 2 2 15 7 0 16 19 2 2 4 6 19 12 15 11 16 1 12 11 12 3 0 17 7 18 16 17 1 18 10 10 16 9 16 4 12 7 9 20 8 59 18 16 11 
5 12 5 10 17 15 18 6 14 17 11 11 12 16 3 2 20 19 11 16 11 11 17 17 7 11 0 6 10 18 11 14 6 16 2 6 8 4 16 19 11 18 17 10 9 14 19 9 8 10 7 2 2 1 10 19 12 7 11 17 10 3 18 76 18 0 
16 16 14 4 17 17 6 1 20 19 12 9 8 3 12 7 10 20 20 0 10 13 16 2 15 0 3 3 15 5 6 14 15 5 0 7 17 12 2 2 19 18 19 5 9 1 19 3 4 13 18 0 18 16 10 6 14 7 13 3 13 15 16 18 5 18 
9 3 20 17 17 10 4 20 6 11 16 0 10 20 15 9 17 17 3 18 16 8 17 12 1 19 5 6 10 1 8 5 5 0 2 17 3 12 12 11 12 16 18 8 14 5 0 12 10 12 12 5 4 6 18 1 6 9 17 15 14 15 11 0 18 69 
