120 16
44 21 24 2 28 14 12 20 6 38 3 21 26 18 5 36 22 23 20 29 22 5 21 38 26 18 6 11 27 43 36 40 48 27 18 39 59 39 39 24 18 38 21 41 36 9 18 28 57 24 37 30 13 21 19 30 24 7 22 37 27 18 4 13 28 34 8 22 26 57 21 38 34 17 18 22 11 32 52 33 32 18 11 32 16 17 25 25 7 11 21 27 2 33 8 15 23 19 11 44 25 24 12 5 25 40 53 44 28 37 21 4 13 30 27 10 19 20 1 16 
21 72 21 21 27 7 33 37 16 26 19 21 37 37 22 22 1 25 5 18 32 24 17 17 26 2 19 28 29 22 23 20 29 22 5 21 38 26 18 6 11 27 1 28 15 11 19 7 39 4 21 26 17 5 4 20 34 26 19 16 28 4 19 29 31 14 14 25 10 41 2 25 32 22 2 22 10 16 32 22 11 8 14 24 37 25 5 34 15 31 40 37 19 21 24 20 37 39 27 24 20 4 16 21 23 19 35 32 15 15 5 17 28 31 25 19 8 37 19 31 
24 21 44 26 6 18 33 26 18 16 26 3 20 29 29 44 22 43 16 40 45 30 36 29 44 22 18 35 46 36 45 31 49 42 25 42 48 48 34 18 30 48 23 20 29 22 5 21 38 26 18 6 11 27 17 42 47 32 38 29 46 24 20 37 48 24 17 6 15 37 20 16 10 9 21 40 23 38 41 44 28 13 28 45 39 39 21 48 24 28 44 51 23 12 32 9 23 34 35 32 40 21 12 29 42 32 34 21 11 31 26 20 37 49 3 14 28 25 23 40 
2 21 26 47 30 15 11 21 8 40 3 23 28 18 3 35 23 22 21 29 20 3 20 39 24 19 8 9 25 44 36 42 48 27 18 39 60 39 40 25 18 38 22 43 37 10 20 29 58 24 38 32 15 22 20 29 22 5 21 38 26 18 6 11 27 35 9 24 28 59 22 39 36 19 19 21 11 32 53 32 33 19 11 31 15 15 27 23 7 11 19 25 3 34 6 17 25 19 9 45 24 25 14 3 24 40 54 45 30 37 21 6 11 29 29 12 19 21 2 14 
28 27 6 30 40 24 35 25 22 18 30 7 17 29 33 50 28 48 22 46 49 33 42 34 49 28 22 39 51 41 51 36 55 48 31 48 53 54 40 24 35 54 29 22 35 27 9 27 40 32 22 4 15 32 23 47 51 35 44 35 51 30 24 41 53 29 22 5 21 38 26 18 6 11 27 45 28 44 46 50 34 19 33 51 41 44 27 52 29 30 46 55 27 16 36 12 21 34 39 37 45 27 16 33 47 38 37 21 16 37 32 24 41 55 2 18 33 24 27 44 
14 7 18 15 24 59 26 30 9 27 13 17 31 30 16 27 8 24 6 22 29 18 17 24 25 5 12 22 28 29 28 26 36 23 7 27 45 31 25 9 11 31 8 30 22 5 14 13 44 11 24 24 11 9 4 23 31 20 19 23 27 6 12 24 30 20 7 20 13 45 7 27 29 17 4 22 5 21 38 26 18 6 11 27 31 22 11 31 9 24 34 34 12 22 18 14 31 32 22 30 21 10 10 15 23 25 40 33 16 22 9 10 23 31 22 12 9 30 13 26 
12 33 33 11 35 26 44 17 18 49 14 29 27 12 12 46 34 29 32 39 22 9 30 51 32 31 16 10 31 55 46 53 59 36 30 50 72 49 52 36 29 48 33 52 48 22 28 40 69 36 48 39 23 33 31 39 23 9 30 50 33 30 14 11 32 47 20 30 39 69 34 49 41 24 30 29 23 43 65 42 45 30 22 41 5 21 38 26 18 6 11 27 14 44 12 24 22 9 11 57 34 36 23 13 32 52 65 54 39 49 33 16 14 35 35 19 30 17 13 14 
20 37 26 21 25 30 17 11 21 42 24 22 11 5 24 55 38 43 33 49 38 22 41 51 46 35 17 26 46 57 56 54 66 48 36 57 72 59 55 37 37 58 38 46 50 28 22 41 64 41 44 29 20 39 33 50 40 23 42 51 47 36 18 28 47 46 22 20 37 63 36 42 29 17 34 42 29 51 65 53 48 30 31 52 22 36 40 42 26 11 27 43 21 38 26 18 6 11 27 56 45 39 21 24 45 54 60 46 36 52 39 21 30 50 25 18 37 0 20 31 
6 16 18 8 22 9 18 21 43 31 8 15 24 21 11 34 17 26 14 28 27 12 22 32 28 14 3 17 30 37 35 35 44 28 14 36 53 38 34 17 17 38 17 34 30 6 12 22 50 20 30 24 7 18 13 29 29 14 23 31 30 14 4 19 31 28 1 17 20 50 16 31 28 12 13 24 8 29 46 32 27 11 12 32 23 22 20 30 7 15 28 33 5 26 14 9 23 23 17 38 26 18 6 11 27 34 46 37 21 31 17 2 19 33 21 5 16 21 6 22 
38 26 16 40 18 27 49 42 31 77 39 20 35 46 43 45 26 52 22 44 57 44 44 22 52 29 33 49 55 28 47 22 46 48 32 41 36 49 29 20 37 51 28 3 24 32 21 21 22 29 7 13 25 31 24 46 59 46 46 23 54 31 35 51 57 18 30 22 16 20 24 1 17 25 27 49 33 39 29 47 25 22 39 49 54 50 22 59 36 44 59 62 37 5 45 25 39 50 48 21 46 23 26 42 49 26 18 6 11 27 31 34 50 58 17 29 34 42 37 54 
3 19 26 3 30 13 14 24 8 39 52 23 30 21 3 32 20 19 19 26 19 5 17 37 22 17 9 9 23 41 33 39 45 24 15 36 58 36 38 23 15 35 19 42 34 8 21 27 57 22 37 32 15 19 18 26 21 6 18 36 23 16 7 11 24 33 9 25 26 58 20 39 36 20 16 18 8 29 51 29 31 18 8 28 17 14 24 22 4 14 21 24 3 34 5 18 27 22 9 43 21 23 14 2 21 38 53 45 29 35 18 6 11 27 29 12 16 24 3 14 
21 21 3 23 7 17 29 22 15 20 23 37 18 25 26 43 22 40 16 39 42 26 35 31 42 22 15 32 44 38 45 33 50 41 24 43 51 47 36 18 28 48 23 24 31 19 2 22 42 26 22 9 8 26 17 41 44 28 36 31 44 23 17 34 46 26 14 3 17 40 20 20 13 5 20 38 21 38 44 43 29 13 26 44 35 37 22 45 22 24 40 48 20 16 29 5 20 30 32 35 38 21 9 26 40 34 38 24 14 33 26 17 34 48 6 11 27 22 20 37 
26 37 20 28 17 31 27 11 24 35 30 18 12 17 31 59 38 50 33 53 47 30 47 49 52 37 22 35 53 56 60 51 67 53 38 59 69 62 54 36 41 62 39 39 49 31 19 40 58 42 39 22 20 41 33 54 49 32 48 49 54 38 23 37 55 44 25 14 35 55 36 36 20 15 36 49 33 53 62 57 47 29 37 57 33 44 39 51 31 22 38 53 27 32 34 17 5 22 36 53 51 38 21 32 51 52 54 38 32 51 41 26 39 57 18 20 41 11 27 41 
18 37 29 18 29 30 12 5 21 46 21 25 17 22 21 54 38 40 34 47 34 18 39 53 42 35 17 22 42 58 54 55 65 45 35 56 74 57 55 38 36 56 38 49 51 27 24 42 67 41 47 33 22 39 34 48 35 20 40 52 43 35 17 23 44 48 22 24 39 66 36 45 34 20 34 39 28 49 67 51 48 31 29 50 16 32 40 38 25 7 22 39 19 41 22 21 11 5 23 58 43 39 22 21 42 55 63 50 38 52 38 20 26 46 29 18 36 6 18 27 
5 22 29 3 33 16 12 24 11 43 3 26 31 21 54 34 24 19 23 27 16 2 18 40 21 20 11 6 22 44 34 43 47 24 18 38 61 37 41 26 17 36 22 46 38 11 24 30 61 25 41 35 18 22 21 27 18 3 19 39 23 19 9 7 23 37 12 28 30 61 23 42 39 22 20 18 12 31 54 30 34 21 10 29 14 12 28 19 7 13 17 22 6 37 2 21 28 20 5 47 22 26 17 1 21 41 57 48 32 38 21 9 8 26 32 15 18 24 6 11 
36 22 44 35 50 27 46 55 34 45 32 43 59 54 34 42 21 21 27 7 33 37 16 26 19 21 37 37 22 24 2 28 14 12 20 6 38 3 21 26 18 5 20 46 23 27 41 24 50 18 39 48 38 17 26 7 34 37 16 24 20 20 37 37 24 27 33 47 30 54 24 44 54 44 23 19 26 6 35 5 20 30 24 8 48 28 24 32 29 47 48 35 34 41 34 41 57 54 36 32 13 23 37 33 16 24 47 51 36 21 17 34 34 22 48 39 18 55 35 37 
22 1 22 23 28 8 34 38 17 26 20 22 38 38 24 21 48 26 6 18 33 26 18 16 26 3 20 29 29 21 23 19 28 22 6 21 37 25 17 5 11 26 2 28 14 12 20 6 38 3 21 26 18 5 4 20 35 27 20 15 28 5 20 30 31 13 15 26 10 40 2 25 32 23 3 23 11 15 30 22 10 9 15 24 38 26 4 34 16 32 41 38 20 20 25 21 38 40 28 23 20 3 17 22 23 17 34 32 15 14 5 18 29 32 26 20 8 38 21 32 
23 25 43 22 48 24 29 43 26 52 19 40 50 40 19 21 26 4 30 15 11 21 8 40 3 23 28 18 3 41 21 42 36 9 20 28 57 23 37 31 14 20 24 54 37 21 38 32 64 24 47 48 33 21 28 14 12 20 6 38 3 21 26 18 5 39 26 43 36 66 27 51 53 38 24 3 19 21 52 16 33 30 14 13 29 7 31 10 19 32 28 13 22 46 17 36 47 38 17 47 8 29 32 18 5 39 60 58 41 36 21 24 15 7 46 31 17 43 23 16 
20 5 16 21 22 6 32 33 14 22 19 16 33 34 23 27 6 30 56 24 35 25 22 18 30 7 17 29 33 24 29 21 34 27 10 26 39 31 21 3 15 32 7 24 17 11 14 8 37 9 18 20 13 10 2 26 37 26 24 18 32 9 18 30 35 14 12 20 6 38 3 21 26 18 5 27 12 21 32 28 14 3 17 29 37 28 6 37 15 29 41 40 18 16 25 15 33 37 28 24 25 5 12 22 27 20 33 28 11 18 10 15 29 36 20 15 12 33 19 33 
29 18 40 29 46 22 39 49 28 44 26 39 53 47 27 7 18 15 24 28 26 30 9 27 13 17 31 30 16 27 7 29 21 6 15 12 43 10 23 24 11 9 17 45 24 21 37 23 52 15 38 45 33 13 22 2 27 30 9 25 14 15 31 30 18 28 27 43 28 55 20 43 51 39 19 12 20 6 38 3 21 26 18 5 41 21 22 25 22 40 41 29 27 39 27 36 52 48 29 34 6 21 32 26 10 26 49 50 34 22 13 28 27 17 44 33 12 49 28 30 
22 32 45 20 49 29 22 38 27 57 19 42 47 34 16 33 33 11 35 26 25 17 18 49 14 29 27 12 12 51 32 51 47 21 27 39 68 35 47 38 22 32 32 60 46 24 40 40 72 33 53 51 34 29 33 25 2 15 17 47 14 28 25 10 12 47 28 44 42 74 34 56 55 39 30 14 23 33 62 28 42 35 18 25 20 6 38 3 21 26 18 5 22 51 13 37 43 31 11 56 19 36 33 16 16 49 68 63 46 45 29 25 8 15 48 31 25 39 22 7 
5 24 30 3 33 18 9 22 12 44 5 26 30 18 2 37 26 21 25 30 17 40 21 42 24 22 11 5 24 46 37 45 49 27 21 40 63 40 43 28 19 38 25 47 40 13 24 32 62 27 42 36 19 24 23 30 19 2 21 41 25 21 9 7 25 39 13 28 31 63 25 43 39 22 22 21 14 33 56 33 36 23 12 32 12 14 30 20 9 10 15 22 6 38 3 21 26 18 5 49 24 28 18 3 23 43 58 49 33 40 24 10 8 28 32 15 21 22 6 11 
21 17 36 20 42 17 30 41 22 44 17 35 47 39 18 16 18 8 22 9 18 21 13 31 8 15 24 21 11 33 16 34 29 6 12 21 49 19 29 23 6 17 16 46 28 15 32 24 55 16 39 42 27 12 20 9 20 21 2 29 10 13 23 21 13 30 21 38 28 58 19 43 47 33 16 5 13 14 44 12 24 23 10 10 32 12 22 18 15 31 32 22 20 38 18 31 44 39 20 38 3 21 26 18 5 31 52 50 33 27 12 21 18 14 40 27 9 42 21 21 
38 17 29 39 34 24 51 51 32 22 37 31 49 53 40 26 16 40 18 27 49 42 31 77 39 20 35 46 43 6 28 2 24 33 22 21 21 29 6 14 26 32 18 21 3 29 30 10 24 16 15 31 31 20 19 29 51 43 33 2 41 21 36 47 45 5 31 35 14 28 17 21 36 35 20 37 28 21 14 30 7 21 32 33 55 42 12 49 32 48 58 53 36 20 41 33 51 56 45 6 32 14 30 39 36 3 21 26 18 5 20 34 45 44 32 34 23 51 37 49 
26 26 44 24 49 25 32 46 28 52 22 42 52 42 21 19 26 3 30 13 14 24 8 39 7 23 30 21 3 40 18 41 33 7 20 25 56 21 36 32 15 18 24 54 36 22 39 32 63 24 47 50 34 21 28 12 15 23 6 37 2 21 29 21 5 38 28 45 36 66 28 51 55 40 25 3 21 20 51 14 32 31 16 11 32 10 31 12 21 34 31 15 25 47 20 38 49 41 20 46 6 29 33 21 3 38 60 58 41 35 21 26 18 5 48 33 18 46 25 19 
18 2 22 19 28 5 31 35 14 29 17 22 37 35 20 21 3 23 7 17 29 22 15 20 23 42 18 25 26 24 23 23 30 20 3 22 41 25 21 8 8 26 2 31 18 9 19 10 42 5 24 27 16 4 5 19 31 23 17 19 25 2 18 26 28 17 13 25 13 44 4 28 33 22 1 20 8 16 34 21 14 9 11 22 34 23 8 31 12 29 37 34 16 23 21 20 37 37 24 27 18 6 15 19 20 21 38 35 18 18 3 15 25 29 26 18 5 35 17 28 
6 19 18 8 22 12 16 17 3 33 9 15 22 17 11 37 20 28 17 31 27 11 24 35 30 18 53 17 31 41 38 38 48 31 18 39 57 41 38 21 20 41 20 36 34 10 12 25 53 23 32 24 7 21 16 32 29 13 26 35 32 18 2 19 33 31 5 16 23 52 19 32 28 11 17 26 11 33 50 35 31 14 14 35 21 23 23 31 9 12 26 33 5 28 14 9 20 20 17 41 28 22 6 11 29 37 49 38 23 35 21 3 19 35 21 4 19 18 5 22 
11 28 35 9 39 22 10 26 17 49 9 32 35 22 6 37 29 18 29 30 12 5 21 46 21 25 17 36 21 49 37 48 50 26 23 41 66 40 46 32 21 38 28 52 43 17 29 36 66 30 47 41 24 26 27 30 14 3 21 44 22 24 15 2 22 42 18 33 36 67 29 48 45 28 25 19 17 34 60 33 39 27 14 31 11 10 33 16 13 14 12 17 12 43 4 26 31 20 1 52 24 32 23 6 22 46 63 54 38 43 26 15 3 24 38 21 23 26 11 5 
27 29 46 25 51 28 31 46 30 55 23 44 53 42 22 22 29 3 33 16 12 24 11 43 3 26 31 21 11 43 21 45 37 10 23 29 60 24 40 35 18 21 27 57 39 24 41 36 67 27 50 52 36 24 31 15 12 22 9 41 2 24 30 20 2 42 30 47 39 69 31 54 57 42 28 6 23 23 55 17 36 34 18 14 30 10 34 9 22 35 29 12 26 50 20 40 50 41 20 50 10 32 35 21 6 42 63 61 44 38 24 28 17 3 50 35 21 46 26 18 
43 22 36 44 41 29 55 57 37 28 41 38 56 58 44 24 21 41 24 27 51 46 33 6 40 24 41 49 43 43 26 6 18 33 26 18 16 26 3 20 29 29 21 27 7 33 37 16 26 19 21 37 37 22 24 29 53 47 34 6 42 25 41 50 45 11 36 41 20 31 21 27 43 41 24 38 32 20 11 28 10 27 35 32 59 44 17 51 37 53 62 55 41 27 45 39 57 61 48 9 33 19 36 43 37 3 23 32 25 6 23 39 48 44 39 40 26 57 42 52 
36 23 45 36 51 28 46 56 35 47 33 45 60 54 34 2 23 21 29 7 32 37 16 28 18 23 38 37 21 26 43 30 15 11 21 8 40 3 23 28 18 3 21 48 25 28 42 26 52 19 41 50 39 18 27 7 33 37 16 26 19 21 37 37 22 29 34 48 32 56 25 46 56 45 24 18 26 7 37 4 22 32 25 7 48 27 25 31 29 47 48 34 34 43 34 43 58 55 36 34 13 25 38 33 15 26 49 53 38 23 19 35 34 20 49 40 19 56 35 36 
40 20 31 42 36 26 53 54 35 22 39 33 51 55 43 28 19 42 21 29 51 45 34 2 41 23 38 48 45 6 30 55 24 35 25 22 18 30 7 17 29 33 20 21 5 31 32 12 22 18 15 32 33 22 21 31 53 46 35 4 43 24 39 49 47 7 33 37 16 26 19 21 37 37 22 39 31 23 11 31 9 24 34 35 57 45 15 52 35 50 60 55 39 21 44 35 53 58 47 4 35 16 33 42 38 4 19 26 19 7 22 36 48 46 34 36 26 53 39 51 
48 29 49 48 55 36 59 66 44 46 45 50 67 65 47 14 28 36 34 21 47 49 29 24 33 30 48 50 37 18 15 24 14 26 30 9 27 13 17 31 30 16 28 46 21 38 48 28 44 25 39 53 46 26 33 21 48 49 30 22 34 30 48 51 38 27 43 54 34 49 30 45 59 52 31 33 37 16 26 19 21 37 37 22 61 42 28 46 41 59 62 49 46 43 47 50 67 67 49 27 27 29 46 46 31 20 42 51 40 19 27 45 48 36 53 48 29 66 47 51 
27 22 42 27 48 23 36 48 28 48 24 41 53 45 24 12 22 9 27 6 21 27 6 33 7 20 31 26 10 33 11 35 26 67 17 18 49 14 29 27 12 12 20 50 30 21 38 28 58 19 43 47 34 16 25 5 21 26 5 31 8 18 30 26 12 33 27 44 32 61 24 47 53 40 21 7 20 13 44 7 26 29 16 5 37 16 26 19 21 37 37 22 26 43 23 37 51 45 25 40 2 25 33 24 4 32 54 54 37 28 16 27 23 10 46 33 14 48 27 25 
18 5 25 18 31 7 30 36 14 32 15 24 38 35 18 20 6 20 10 15 27 21 12 22 20 3 18 23 23 26 21 25 30 17 74 21 42 24 22 11 5 24 4 34 19 8 21 13 45 6 27 30 18 3 8 16 29 21 14 21 22 1 18 24 25 19 13 27 16 47 7 31 36 24 4 17 7 14 36 19 16 11 9 20 33 20 11 28 11 29 36 31 16 26 19 21 37 37 22 29 15 9 17 17 17 23 41 38 21 19 3 15 22 26 29 19 2 36 17 26 
39 21 42 39 48 27 50 57 36 41 36 43 59 56 38 6 21 28 26 12 39 40 21 21 25 22 39 41 29 18 8 22 9 18 21 32 31 8 15 24 21 11 20 42 18 29 41 21 44 17 35 46 38 18 25 13 40 40 21 19 27 21 39 42 30 23 34 47 27 48 23 40 52 44 23 25 28 7 28 12 16 30 28 15 52 33 21 38 32 50 53 41 37 38 38 42 59 58 40 26 19 21 37 37 22 18 41 47 33 15 18 36 39 29 46 40 20 57 38 42 
59 38 48 60 53 45 72 72 53 36 58 51 69 74 61 38 37 57 39 43 68 63 49 21 56 41 57 66 60 16 40 18 27 49 42 31 53 39 20 35 46 43 38 33 23 49 50 31 21 36 30 48 51 39 40 44 69 64 51 21 58 42 57 67 61 25 52 54 34 27 38 35 53 55 41 54 49 36 7 43 26 42 52 47 75 61 33 68 53 69 78 71 57 37 62 53 71 77 65 16 49 35 51 60 53 19 21 37 37 22 40 55 65 60 51 55 43 72 58 68 
39 26 48 39 54 31 49 59 38 49 36 47 62 57 37 3 25 23 31 10 35 40 19 29 21 25 41 40 24 26 3 30 13 14 24 8 39 39 23 30 21 3 24 49 26 31 45 28 53 21 42 52 42 21 30 10 36 40 19 27 21 24 40 40 25 31 37 51 34 57 27 48 58 48 27 21 29 9 36 7 23 34 28 9 51 30 28 33 32 50 51 36 37 45 37 45 61 58 39 35 16 27 41 36 18 26 50 54 40 23 21 37 37 22 51 42 21 59 38 39 
39 18 34 40 40 25 52 55 34 29 38 36 54 55 41 21 17 37 21 23 47 43 29 6 36 21 38 46 40 3 23 7 17 29 22 15 20 23 43 18 25 26 18 28 4 30 34 13 29 15 21 36 34 19 21 25 49 44 30 5 38 21 38 47 41 10 33 40 18 33 18 27 42 39 21 34 29 16 15 25 7 25 31 28 55 41 15 47 33 50 58 51 37 26 41 37 55 58 45 11 29 16 34 40 33 3 26 33 23 3 19 35 45 40 37 37 22 55 38 48 
24 6 18 25 24 9 36 37 17 20 23 18 36 38 26 26 5 31 3 24 38 28 23 14 32 8 21 32 35 20 28 17 31 27 11 24 35 30 18 75 17 31 7 22 13 15 17 4 34 8 15 21 16 11 4 26 40 30 25 14 34 10 21 34 37 10 16 22 4 35 4 19 27 21 7 28 15 20 29 27 11 7 19 29 40 31 3 39 19 33 44 43 22 15 28 19 37 41 32 20 26 3 16 25 29 17 30 26 10 15 11 19 32 37 21 19 14 37 22 36 
18 11 30 18 35 11 29 37 17 37 15 28 41 36 17 18 11 14 15 11 22 19 6 26 15 8 20 21 18 29 18 29 30 12 5 21 46 21 25 17 74 21 9 39 23 10 26 18 50 10 32 35 21 6 13 12 24 20 8 25 17 6 19 21 20 24 16 32 21 52 13 36 41 27 10 11 8 14 40 15 19 16 7 15 31 15 16 23 11 29 33 26 16 32 17 25 40 37 20 33 10 14 20 16 12 26 46 43 26 23 6 16 19 20 34 21 3 37 17 22 
38 27 48 38 54 31 48 58 38 51 35 48 62 56 36 5 26 20 32 9 32 38 17 32 18 26 41 38 21 29 3 33 16 12 24 11 43 3 26 31 21 45 25 52 28 31 45 30 56 23 44 53 42 21 31 8 33 38 17 30 18 24 40 38 21 33 37 52 35 60 28 50 59 48 27 19 29 11 40 5 26 35 27 7 49 28 29 30 32 49 49 33 37 46 35 45 61 56 37 38 14 28 41 35 16 29 53 56 41 26 22 37 35 19 52 42 21 58 37 37 
21 1 23 22 29 8 33 38 17 28 19 23 39 38 22 20 2 24 7 17 32 25 16 18 24 2 20 28 27 21 21 20 28 20 4 20 38 24 18 7 9 25 52 30 15 11 21 8 40 3 23 28 18 3 6 18 33 26 18 16 26 3 20 29 29 15 15 27 12 42 3 27 34 24 3 21 10 14 32 20 11 10 14 22 37 25 6 32 15 32 40 36 19 22 23 21 39 40 27 24 18 5 17 21 21 18 36 34 17 15 3 17 27 30 27 20 6 38 20 31 
41 28 20 43 22 30 52 46 34 3 42 24 39 49 46 46 28 54 24 45 60 47 46 21 54 31 36 52 57 27 48 21 46 50 34 42 33 49 28 22 39 52 30 12 24 35 25 22 18 30 7 17 29 33 26 47 61 49 48 23 56 33 38 54 59 18 33 26 18 16 26 3 20 29 29 51 36 40 27 48 26 24 41 51 58 53 23 61 39 48 62 65 40 8 48 29 43 54 51 20 48 25 29 45 51 25 15 5 13 26 33 37 53 60 20 33 36 46 40 57 
36 15 29 37 35 22 48 50 30 24 34 31 49 51 38 23 14 37 17 24 46 40 28 3 36 18 34 43 39 7 25 5 21 30 19 18 23 26 4 13 23 28 15 24 37 26 30 9 27 13 17 31 30 16 17 26 48 41 30 1 38 19 34 44 41 6 29 35 13 31 15 23 37 34 18 33 26 18 16 26 3 20 29 29 52 39 10 46 30 46 55 50 34 21 39 32 50 54 42 10 29 12 29 37 32 3 24 29 18 2 17 32 42 41 33 32 20 50 35 46 
9 11 22 10 27 5 22 28 6 32 8 19 31 27 11 27 12 21 11 21 24 13 15 29 22 9 10 17 24 33 28 31 38 21 8 29 49 31 30 15 10 31 11 35 26 67 17 18 49 14 29 27 12 12 10 23 26 14 17 28 24 8 9 19 26 25 6 22 18 50 12 32 32 18 8 18 1 23 43 25 23 10 6 25 26 18 16 26 3 20 29 29 7 27 13 15 30 28 16 35 19 15 11 10 20 30 45 38 21 27 11 6 17 28 25 11 9 28 8 21 
18 19 5 20 9 14 28 22 12 21 21 2 19 24 24 41 20 38 14 37 40 24 32 30 39 19 12 29 41 37 42 32 48 38 21 41 50 45 34 17 26 45 21 25 30 17 52 21 42 24 22 11 5 24 15 38 42 26 34 30 41 21 14 31 43 25 12 6 16 41 18 21 15 4 18 36 18 35 43 41 28 10 23 41 33 34 20 42 19 23 38 45 18 16 26 3 20 29 29 34 36 19 6 23 37 33 38 26 13 31 23 15 32 45 8 8 24 22 18 35 
28 7 21 29 27 13 40 41 22 21 27 22 40 42 30 24 6 32 8 23 40 32 24 10 32 10 25 36 36 16 26 12 28 28 13 21 31 28 13 4 18 30 8 22 9 18 21 36 31 8 15 24 21 11 8 25 42 33 26 9 34 12 26 37 38 6 20 26 6 33 6 19 30 25 10 29 18 18 24 26 6 11 22 29 44 33 2 41 22 37 48 45 26 16 31 23 41 45 35 16 26 3 20 29 29 12 27 26 12 10 11 23 35 38 25 23 15 41 26 39 
57 39 38 58 40 44 69 64 50 22 57 42 58 67 61 50 38 64 37 52 72 62 55 24 63 42 53 66 67 26 52 22 44 58 45 44 21 53 29 34 50 56 40 18 27 49 42 31 33 39 20 35 46 43 39 54 74 64 57 26 65 44 54 68 69 25 49 44 30 6 38 22 39 47 41 61 49 45 18 54 31 39 54 57 74 65 33 73 53 65 78 76 55 26 62 46 61 72 66 18 57 35 46 60 60 26 3 20 29 29 43 52 67 68 39 49 47 64 56 70 
24 4 26 24 32 11 36 41 20 29 22 26 42 41 25 18 3 24 9 15 33 27 16 16 24 5 23 30 27 19 19 18 25 19 6 17 36 21 15 8 10 23 3 30 13 14 24 8 39 53 23 30 21 3 8 17 34 28 17 14 26 6 23 31 29 14 18 29 13 42 6 28 36 27 6 21 13 12 30 18 9 13 16 20 40 26 7 33 17 35 42 37 22 24 26 24 42 43 29 23 18 5 20 24 21 16 36 35 19 13 3 20 29 29 30 23 7 41 23 32 
37 21 18 38 22 24 48 44 30 7 37 22 39 47 41 39 21 47 18 38 53 42 39 15 47 24 32 47 50 21 41 15 39 43 27 35 30 42 21 15 32 44 23 7 17 29 22 15 20 23 7 18 25 26 20 40 55 44 41 16 49 26 34 48 52 11 28 25 11 20 19 6 22 27 23 44 30 33 23 41 18 19 35 44 53 47 16 55 33 44 58 58 35 6 42 26 42 51 46 15 41 18 25 40 44 19 16 12 8 20 26 32 47 53 20 29 29 44 36 51 
30 26 6 32 4 24 39 29 24 13 32 9 22 33 35 48 26 48 20 45 51 36 42 31 50 27 24 41 52 37 50 32 53 47 30 46 48 52 36 21 35 53 28 17 31 27 11 24 35 30 18 41 17 31 22 47 53 37 44 31 52 29 26 43 54 26 23 9 18 33 24 13 6 14 26 46 29 42 41 49 31 18 34 50 44 45 24 54 30 33 49 57 29 11 38 15 26 38 41 32 45 25 18 35 47 34 32 16 13 34 31 26 43 55 3 20 33 29 29 46 
13 17 11 15 15 11 23 20 7 25 15 8 20 22 18 38 18 33 13 33 34 19 27 31 34 16 7 24 36 37 39 33 46 34 18 38 51 42 34 16 21 42 18 29 30 12 5 21 46 21 25 17 58 21 13 34 36 20 29 30 36 17 9 26 38 26 6 10 17 45 16 25 21 6 15 31 14 32 44 37 27 9 18 37 28 29 19 37 14 19 33 40 12 20 21 3 20 26 24 36 31 18 1 18 33 33 42 31 16 31 20 9 26 40 14 3 20 20 12 29 
21 5 27 22 32 9 33 39 18 31 19 26 41 39 22 17 5 21 10 13 29 24 12 20 21 4 21 26 24 22 18 22 26 16 3 18 39 21 19 11 6 21 3 33 16 12 24 11 43 3 26 31 21 59 9 15 31 25 14 18 23 3 21 28 26 17 16 30 15 45 7 30 37 26 6 17 10 11 33 17 13 13 12 18 36 22 10 30 14 32 39 33 19 26 22 24 41 40 26 26 15 8 20 21 18 20 39 37 21 16 0 18 25 26 30 22 3 39 20 29 
19 4 17 20 23 4 31 33 13 24 18 17 33 34 21 26 4 28 2 22 33 23 20 19 28 5 16 27 31 24 27 21 33 25 8 25 40 30 21 4 13 31 6 26 17 10 15 8 39 8 20 22 13 9 60 24 35 25 22 18 30 7 17 29 33 15 11 21 8 40 3 23 28 18 3 25 10 20 33 26 14 4 15 27 36 27 6 35 14 28 39 38 17 18 23 16 33 36 27 25 23 5 12 20 25 21 35 30 13 18 9 14 28 34 21 15 10 33 18 31 
30 20 42 29 47 23 39 50 29 46 26 41 54 48 27 7 20 14 26 2 25 30 9 29 12 19 32 30 15 29 7 31 21 5 16 13 44 10 25 26 12 8 18 47 26 23 38 25 54 17 40 47 34 15 24 30 26 30 9 27 13 17 31 30 16 30 29 44 30 57 22 45 52 40 20 11 21 8 40 3 23 28 18 3 41 20 24 24 23 40 41 27 28 41 27 38 53 48 29 36 6 23 33 27 9 28 50 52 36 24 15 29 27 15 45 34 14 50 29 29 
24 34 47 22 51 31 23 40 29 59 21 44 49 35 18 34 35 12 37 27 2 19 20 51 15 31 29 14 12 53 33 53 48 21 29 40 69 36 49 40 24 33 33 61 48 26 42 42 74 34 55 53 36 31 35 26 23 17 18 49 14 29 27 12 12 49 30 46 44 76 36 58 57 41 32 15 25 34 64 29 44 37 20 26 21 8 40 3 23 28 18 3 24 53 15 39 45 32 13 58 20 38 35 18 17 50 70 65 48 47 30 27 10 15 50 33 27 40 24 8 
7 26 32 5 35 20 9 23 14 46 6 28 32 20 3 37 27 20 26 30 15 2 21 43 23 23 13 3 22 47 37 46 49 26 21 40 64 40 44 30 20 38 26 49 41 14 26 33 64 28 44 37 20 25 25 30 17 42 21 42 24 22 11 5 24 40 15 30 33 64 26 45 41 24 23 20 15 33 58 33 37 24 12 31 11 12 31 19 11 12 14 20 8 40 3 23 28 18 3 50 24 29 20 4 23 44 60 51 35 41 24 11 6 26 34 17 21 24 8 9 
22 19 38 21 44 19 30 42 23 46 18 36 48 40 19 16 20 6 24 9 17 21 2 33 6 17 26 21 9 34 16 35 30 5 14 21 51 19 30 25 8 17 18 48 30 17 34 26 57 17 41 44 29 14 22 9 18 21 17 31 8 15 24 21 11 32 23 39 30 60 21 45 49 35 18 3 15 15 45 12 26 25 11 10 32 11 24 16 16 32 32 20 21 40 18 33 46 39 20 40 3 23 28 18 3 32 53 52 35 29 14 22 18 12 42 28 11 43 22 20 
37 16 29 38 35 23 50 51 31 23 36 31 49 52 39 24 15 38 18 25 47 41 29 2 37 19 35 44 41 6 26 4 22 31 21 19 21 27 5 14 25 30 16 23 1 28 30 9 26 14 16 31 30 18 18 27 49 42 31 80 39 20 35 46 43 5 30 35 14 30 16 22 37 35 19 35 27 19 15 28 5 21 30 31 54 41 11 48 31 47 57 51 35 21 40 33 51 55 44 8 31 13 30 38 34 3 23 28 18 3 18 33 44 42 33 33 22 51 36 47 
27 28 46 26 51 27 33 47 30 54 23 44 54 43 23 20 28 3 32 14 14 25 10 41 2 25 32 22 2 42 19 43 34 8 22 27 58 21 38 34 17 18 26 56 38 24 41 34 65 26 49 52 36 23 30 13 14 24 8 39 6 23 30 21 3 40 29 47 38 68 30 53 57 42 27 5 22 21 53 15 34 33 17 12 32 11 33 11 22 36 31 14 26 49 21 40 51 42 21 48 8 31 35 22 5 40 62 60 43 36 23 28 18 3 49 35 20 47 27 19 
18 4 24 18 30 6 30 36 14 31 16 23 38 35 19 20 5 21 9 15 28 21 13 21 21 2 18 24 24 25 21 24 30 18 1 21 42 24 21 10 6 24 3 33 19 8 21 12 44 6 26 29 17 3 7 17 29 22 15 20 23 46 18 25 26 19 13 27 15 46 6 30 35 23 3 18 7 15 35 19 15 10 10 20 33 21 10 29 11 29 36 32 16 25 20 21 37 37 23 28 16 8 16 18 18 22 40 37 20 19 3 15 23 27 28 18 3 36 17 27 
4 19 20 6 24 12 14 18 4 35 7 17 23 17 9 37 20 26 18 31 25 9 23 36 29 18 2 15 30 41 37 39 48 30 18 39 57 40 38 21 19 40 20 38 34 9 14 26 54 23 34 26 9 21 17 31 27 11 24 35 30 18 56 17 31 32 5 18 24 54 19 34 30 13 17 25 11 32 50 34 31 15 13 34 19 21 24 29 8 11 24 31 4 29 12 11 21 19 15 42 27 22 8 9 27 38 50 40 25 35 21 3 17 34 23 6 19 18 3 20 
13 29 37 11 41 24 11 28 19 51 11 34 37 23 7 37 30 18 30 30 10 7 21 47 21 26 19 2 20 50 37 49 51 26 24 42 67 40 47 34 21 38 29 54 44 19 31 37 68 31 48 43 26 28 29 30 12 5 21 46 21 25 17 37 21 44 20 35 37 69 30 50 47 30 27 19 19 35 61 33 40 29 15 31 11 10 35 14 15 16 11 15 13 45 5 28 33 21 2 54 24 33 25 8 22 48 64 56 40 44 27 17 3 23 40 23 24 28 13 3 
28 31 48 27 53 30 32 47 31 57 24 46 55 44 23 24 31 5 35 18 12 25 13 45 5 28 33 22 2 45 22 47 38 12 25 30 61 25 41 37 20 21 29 59 41 26 43 38 69 29 52 54 38 26 33 16 12 24 11 43 3 26 31 21 7 44 31 49 41 71 33 56 59 44 30 8 25 25 56 18 37 36 19 15 31 11 36 9 24 36 30 11 27 52 21 41 52 42 21 52 12 34 37 23 8 44 65 63 46 40 26 29 18 3 52 36 23 48 28 18 
34 14 24 35 29 20 47 46 28 18 33 26 44 48 37 27 13 39 14 28 47 39 30 5 38 17 31 42 42 11 29 7 27 33 19 23 25 31 10 10 24 33 15 18 6 25 25 6 25 14 11 26 26 17 15 30 49 40 32 5 40 19 32 44 44 48 26 30 9 27 13 17 31 30 16 35 25 22 18 30 7 17 29 33 51 40 8 48 29 44 54 51 32 15 38 28 46 51 42 10 32 10 26 36 35 8 21 23 13 8 18 30 42 43 27 29 21 46 33 46 
8 14 17 9 22 7 20 22 1 30 9 14 25 22 12 33 15 26 12 27 28 13 21 31 28 13 5 18 30 36 34 33 43 27 13 34 52 37 33 16 16 37 15 33 29 6 12 20 49 18 28 23 6 16 11 29 30 15 23 30 29 13 5 20 31 26 71 17 18 49 14 29 27 12 12 24 7 28 45 31 26 9 12 31 25 22 18 30 7 17 29 33 6 25 14 10 24 25 18 36 25 17 5 11 26 33 45 36 20 30 16 3 20 33 20 5 15 22 7 23 
22 25 6 24 5 20 30 20 17 22 25 3 14 24 28 47 26 43 20 43 44 28 38 35 45 25 16 33 47 41 48 37 54 44 27 47 54 51 40 22 32 52 27 26 35 22 6 26 44 29 25 9 10 30 21 44 46 30 39 35 47 27 18 35 49 30 17 50 21 42 24 22 11 5 24 41 24 41 47 47 33 16 29 47 35 39 25 47 24 24 41 50 22 18 30 7 17 29 33 38 42 25 11 27 43 38 40 26 17 37 29 19 36 50 5 12 30 20 22 39 
26 10 15 28 21 13 39 37 20 16 26 17 35 39 30 30 10 36 6 28 42 31 28 14 36 13 23 36 39 20 32 16 34 32 16 27 34 34 18 4 21 35 12 18 13 18 16 6 30 13 11 18 17 15 8 30 44 33 30 14 38 15 24 37 41 9 18 21 44 31 8 15 24 21 11 33 19 24 27 31 12 8 24 34 43 35 6 44 22 35 47 47 25 11 32 19 37 43 35 18 30 7 17 29 33 17 26 22 6 15 15 22 36 42 19 20 18 37 25 40 
57 41 37 59 38 45 69 63 50 20 58 40 55 66 61 54 40 66 38 55 74 63 58 28 66 44 52 67 69 31 56 26 49 61 47 48 27 57 33 35 52 60 42 16 31 50 41 33 6 42 20 33 45 45 40 57 76 64 60 30 68 46 54 69 71 27 49 42 31 37 39 20 35 46 43 63 50 49 24 58 34 39 55 61 74 67 35 75 54 64 78 78 56 25 63 45 59 71 67 22 60 37 46 60 63 30 7 17 29 33 45 53 68 71 37 49 49 62 56 72 
21 2 20 22 26 7 34 36 16 24 20 20 36 36 23 24 2 27 3 20 34 25 19 17 28 4 19 29 31 21 25 19 30 24 7 23 38 27 18 4 13 28 3 26 15 12 18 6 38 6 19 24 16 7 3 22 36 26 21 16 30 6 19 30 33 13 14 24 8 39 61 23 30 21 3 24 11 18 31 24 11 7 16 26 38 27 4 35 15 31 41 39 19 19 25 19 36 39 28 23 22 2 15 22 25 18 34 30 13 15 7 17 29 33 24 18 10 36 20 32 
38 25 16 39 18 27 49 42 31 1 39 20 36 45 42 44 25 51 21 43 56 43 43 21 51 28 32 48 54 27 46 21 45 47 31 40 35 48 27 19 36 50 27 3 23 32 21 19 22 28 6 13 25 30 23 45 58 45 45 22 53 30 34 50 56 17 29 22 15 20 23 14 18 25 26 48 32 38 28 46 24 21 38 48 54 49 20 58 35 44 58 61 36 4 44 25 39 50 48 20 45 22 25 41 48 25 18 7 10 25 30 33 49 57 17 29 33 42 37 53 
34 32 10 36 6 29 41 29 28 17 36 13 20 34 39 54 32 53 26 51 55 39 47 36 55 33 28 45 57 43 56 37 59 53 36 52 53 58 42 27 41 59 34 20 37 32 15 30 39 36 22 6 21 37 28 52 57 41 49 37 57 35 30 47 59 31 27 11 24 35 30 18 34 17 31 51 34 48 46 54 37 24 39 56 47 50 30 58 35 35 52 61 33 16 42 18 25 39 45 38 51 31 22 39 53 40 36 18 19 40 37 30 47 60 7 24 38 29 33 50 
17 22 9 19 11 17 24 17 12 25 20 5 15 20 22 44 23 38 18 39 39 22 33 35 40 22 11 28 42 41 45 37 52 40 24 44 55 48 39 21 27 48 24 29 34 18 4 25 47 27 27 14 6 26 18 40 41 24 35 35 42 23 13 30 44 30 12 5 21 46 21 25 17 58 21 36 19 38 48 43 32 14 24 43 30 34 24 42 19 19 35 44 16 21 25 2 16 25 28 39 37 23 7 22 38 38 43 30 18 36 26 14 30 45 10 7 26 17 16 33 
18 2 21 19 27 4 30 34 13 27 16 20 36 34 20 23 3 24 5 19 30 22 16 20 25 1 17 25 28 24 24 22 31 21 4 23 41 27 21 7 10 27 3 29 18 8 18 10 41 6 23 26 15 6 3 20 32 23 18 19 27 3 17 27 30 16 12 24 11 43 3 26 31 21 67 21 8 17 34 23 14 7 12 24 34 24 8 32 12 28 38 35 16 22 21 18 35 36 25 26 19 6 14 19 22 21 37 33 16 18 5 14 25 30 25 16 7 34 17 29 
22 22 40 21 45 22 29 42 24 49 18 38 49 39 18 19 23 3 27 12 14 21 5 37 3 20 26 19 6 38 18 39 33 7 17 25 54 21 34 28 11 19 21 51 33 18 36 29 61 21 44 46 31 17 25 11 15 20 3 35 5 18 25 19 8 35 24 41 33 63 24 48 51 36 21 53 17 18 49 14 29 27 12 12 30 9 27 13 17 31 30 16 21 43 17 34 46 38 18 44 5 26 29 18 3 36 57 55 38 32 17 23 16 9 44 29 14 43 22 18 
11 10 23 11 28 5 23 29 8 33 8 21 33 28 12 26 11 19 12 20 23 14 13 28 21 8 11 17 23 32 26 31 37 20 7 28 49 29 29 15 8 29 10 36 26 1 18 18 49 13 30 29 14 10 10 21 25 15 15 27 22 7 11 19 25 25 7 24 19 50 11 32 34 19 8 17 60 21 42 24 22 11 5 24 26 17 16 25 4 22 29 28 9 27 13 17 31 30 16 35 17 14 12 11 19 29 45 39 22 26 10 8 17 26 27 13 8 29 10 21 
32 16 38 32 44 21 43 51 29 39 29 38 53 49 31 6 15 21 21 6 33 33 14 21 20 16 33 34 23 20 7 23 16 13 14 7 36 9 16 20 14 11 14 40 18 23 35 18 45 12 33 42 32 11 20 8 34 33 15 19 21 15 32 35 25 22 28 41 24 49 18 38 48 38 17 18 21 18 31 8 15 24 21 11 45 26 18 32 25 43 46 35 30 35 30 36 52 51 33 27 13 17 31 30 16 19 42 45 30 16 12 29 32 24 42 33 13 51 31 35 
52 32 41 53 46 38 65 65 46 29 51 44 62 67 54 35 30 52 32 38 62 56 44 14 51 34 50 60 55 11 37 11 26 44 36 28 7 36 15 29 40 40 32 27 16 43 43 24 18 30 23 41 44 33 33 40 64 58 45 15 53 35 50 61 56 18 45 47 27 24 31 28 46 48 34 49 42 31 55 39 20 35 46 43 69 55 26 62 47 62 72 66 50 30 56 46 64 70 59 9 44 28 44 53 48 13 17 31 30 16 33 48 59 55 44 48 37 65 51 62 
33 22 44 32 50 26 42 53 32 47 29 43 57 51 30 5 22 16 28 3 28 33 12 30 14 21 35 33 17 28 4 31 19 7 19 12 43 7 25 27 15 5 20 48 26 25 41 26 54 18 41 49 37 17 26 3 29 33 12 28 15 19 34 33 18 30 31 47 31 58 24 46 54 43 23 14 24 8 39 26 23 30 21 3 44 23 25 26 26 43 44 30 31 42 30 40 55 51 32 36 9 24 36 30 11 27 51 53 37 24 17 31 30 16 48 37 16 53 32 32 
32 11 28 33 34 18 45 48 27 25 31 29 47 48 34 20 10 33 14 21 42 36 24 7 32 14 31 39 36 10 22 9 21 26 16 16 26 23 7 11 19 26 11 26 3 23 28 6 31 9 18 31 27 13 14 23 44 37 26 5 34 15 31 40 37 7 26 33 12 34 11 24 37 32 14 29 22 15 20 23 35 18 25 26 49 35 8 42 26 43 52 46 30 21 35 30 48 51 38 14 25 9 27 33 29 7 27 30 18 4 13 28 38 37 31 30 16 48 31 42 
18 8 13 19 19 6 30 30 11 22 18 13 29 31 21 30 9 30 3 26 35 23 23 21 31 9 14 27 34 27 32 24 37 29 11 30 42 34 25 7 16 35 10 24 20 10 10 11 39 13 19 18 9 13 4 28 37 24 25 21 33 10 15 29 36 17 9 16 8 39 7 21 24 14 7 27 11 24 35 30 18 63 17 31 35 28 10 37 14 26 39 40 16 16 23 12 30 34 27 27 26 9 9 20 29 24 35 27 11 22 13 13 28 37 17 12 14 30 16 32 
11 14 28 11 33 11 22 31 12 39 8 26 37 29 10 24 15 14 17 18 18 12 10 32 16 11 14 14 18 35 25 34 37 16 9 28 52 28 31 19 7 27 14 41 29 6 23 22 54 16 35 34 18 12 15 18 20 12 11 30 17 10 13 15 19 29 12 29 24 55 16 38 39 24 12 12 5 21 46 21 25 17 60 21 24 11 20 20 5 22 26 23 10 33 10 22 34 30 13 38 14 18 17 9 14 32 50 44 27 29 12 10 13 21 32 17 8 31 10 16 
32 24 45 31 51 27 41 52 32 49 28 44 57 50 29 8 24 13 29 5 25 32 10 33 11 22 35 31 14 32 7 35 22 5 20 15 47 9 28 29 15 7 22 51 29 25 41 29 57 20 44 50 37 18 27 3 26 31 10 31 12 20 34 31 15 33 31 47 34 61 26 48 56 43 24 12 24 11 43 3 26 31 21 33 42 21 27 23 26 42 42 26 31 45 28 41 55 50 30 39 7 26 36 28 9 31 54 55 39 27 19 31 28 13 49 37 17 53 31 30 
16 37 39 15 41 31 5 22 23 54 17 35 33 16 14 48 38 29 37 41 20 12 32 55 32 34 21 11 30 59 48 57 61 37 33 52 75 51 55 40 31 49 37 58 52 26 33 44 74 40 53 44 28 36 36 41 21 11 32 54 32 33 19 11 31 51 25 35 43 74 38 54 47 30 34 30 26 45 69 44 49 35 24 42 34 21 42 24 22 11 5 24 18 49 14 29 27 12 12 61 35 41 28 15 33 56 70 60 45 53 36 21 14 34 41 25 33 22 18 13 
17 25 39 15 44 22 21 36 22 50 14 37 44 32 12 28 26 7 28 21 6 14 12 42 10 23 23 10 10 44 27 45 42 16 20 33 61 30 41 31 15 28 25 53 39 18 34 33 65 26 47 45 29 22 27 20 8 12 11 41 11 21 21 10 11 40 22 39 35 67 27 49 50 34 24 9 17 26 55 23 35 28 11 21 21 37 31 8 15 24 21 11 17 45 10 32 40 31 10 49 14 29 27 12 12 42 61 56 39 38 22 19 7 14 42 26 18 36 17 9 
25 5 21 27 27 11 38 40 20 22 24 22 39 40 28 24 4 31 6 22 38 30 22 12 31 8 23 33 34 17 25 15 28 26 11 21 33 28 15 3 16 29 6 23 10 16 20 2 33 7 16 24 19 10 6 24 40 31 24 11 33 10 24 35 36 8 18 25 6 35 4 20 30 24 8 27 16 18 26 25 8 10 20 27 42 31 99 39 20 35 46 43 24 17 29 22 40 43 33 18 25 1 19 27 28 14 29 27 12 12 10 21 33 36 24 22 13 40 24 37 
25 34 48 23 52 31 26 42 30 59 22 45 51 38 19 32 34 10 37 25 3 20 18 49 12 31 31 16 9 51 31 52 46 19 28 38 68 33 47 39 23 30 32 61 46 26 42 41 73 33 55 54 37 30 35 24 3 19 16 48 11 29 29 14 9 48 30 47 44 75 35 58 58 42 32 13 25 32 62 26 42 37 20 23 24 8 39 28 23 30 21 3 25 53 17 40 47 35 15 56 18 37 36 19 15 49 69 65 48 45 29 27 12 12 51 34 26 42 25 11 
7 15 24 7 29 9 18 26 7 36 4 22 31 25 7 29 16 19 15 22 21 9 15 32 21 12 9 13 22 37 29 35 41 21 11 32 53 32 33 19 11 32 15 39 30 3 19 22 53 17 33 30 14 14 14 23 23 11 16 31 22 11 8 15 24 29 7 24 22 54 15 35 35 19 12 17 4 25 47 26 26 14 5 26 22 15 20 23 59 18 25 26 5 30 9 17 29 26 12 39 19 18 12 6 19 34 49 42 25 30 14 5 14 26 27 12 12 26 6 17 
11 31 28 11 30 24 6 11 15 44 14 24 22 7 13 47 32 32 29 40 26 10 31 48 34 29 12 14 35 53 47 50 59 37 29 50 69 50 50 33 29 49 32 48 46 20 23 37 65 35 44 33 19 32 28 40 28 12 32 47 36 29 11 16 36 44 17 24 35 64 31 44 35 19 28 31 22 43 62 43 43 26 22 42 11 24 35 30 18 55 17 31 13 39 14 19 17 8 15 54 35 34 18 13 34 50 61 49 35 47 32 14 18 38 29 15 30 12 12 19 
21 40 44 19 46 34 11 27 28 59 21 40 38 22 17 48 41 28 41 41 18 15 32 58 31 37 26 12 29 62 48 60 62 37 36 53 78 51 58 44 33 49 40 62 55 29 38 48 78 42 58 49 33 39 39 41 18 14 32 57 31 36 24 11 30 54 29 41 47 78 41 58 52 35 38 30 29 46 72 44 52 39 26 42 5 21 46 21 25 17 24 21 22 54 16 35 33 17 13 64 35 44 33 18 33 59 74 64 49 56 39 25 14 33 46 29 35 27 22 12 
27 37 51 25 55 34 27 43 33 62 24 48 53 39 22 35 38 13 40 29 5 22 22 53 15 34 33 17 12 55 34 55 49 22 31 41 71 36 51 43 26 33 36 65 50 29 45 45 76 37 58 57 40 33 38 27 3 20 20 51 14 32 31 15 11 51 33 50 47 78 39 61 61 44 35 16 28 35 66 30 46 40 23 26 24 11 43 3 26 31 21 24 27 56 19 42 49 36 17 60 22 41 39 22 18 53 73 68 51 49 33 30 14 14 54 37 29 44 27 12 
2 19 23 3 27 12 14 21 5 37 3 20 27 19 6 34 20 22 18 27 22 6 20 36 25 16 5 12 26 41 34 39 46 26 16 37 57 37 37 22 16 37 19 40 34 7 18 26 55 22 35 29 12 19 17 28 24 8 21 35 26 16 4 13 27 32 6 22 25 56 19 36 33 16 16 21 9 30 50 31 30 16 10 31 18 17 24 25 5 13 22 27 42 31 8 15 24 21 11 42 24 22 11 5 24 38 51 42 26 35 19 3 14 30 26 9 17 21 1 17 
33 21 12 34 16 22 44 38 26 5 34 16 32 41 37 41 20 46 16 39 51 38 38 20 47 23 28 43 50 27 43 21 43 43 26 38 37 45 26 15 32 46 22 8 21 27 16 16 26 24 6 11 20 26 18 41 53 40 40 21 49 25 29 45 52 15 25 18 11 25 19 4 16 21 22 43 27 35 30 42 21 16 33 45 49 45 17 53 30 39 54 56 31 85 39 20 35 46 43 21 41 18 21 36 44 24 22 11 5 24 26 28 44 52 14 24 29 38 32 48 
8 24 32 6 36 18 12 26 14 45 5 29 34 22 2 34 25 17 25 27 13 3 18 41 20 21 14 4 20 45 34 44 47 23 19 38 62 37 41 28 17 35 23 48 39 13 26 31 62 26 42 38 21 22 23 27 15 3 18 40 21 20 12 5 21 38 14 30 32 63 25 44 42 25 21 17 13 30 56 30 35 23 10 28 14 10 29 17 9 14 16 19 8 39 48 23 30 21 3 48 21 27 20 3 20 42 58 51 34 39 22 11 5 24 35 18 19 26 8 8 
15 20 9 17 12 14 24 18 9 25 18 5 17 21 21 41 21 36 15 36 37 21 31 33 38 20 9 26 40 39 43 35 50 37 21 42 53 45 37 19 25 45 21 29 32 15 3 23 46 24 26 15 3 24 16 38 39 23 33 33 40 21 11 28 41 28 10 7 19 45 19 25 18 2 18 34 17 36 46 40 30 12 22 41 29 32 22 40 17 19 35 42 15 20 23 44 18 25 26 37 35 21 4 20 36 36 42 30 17 34 24 12 29 43 11 5 24 18 15 32 
23 37 23 25 21 31 22 6 23 39 27 20 5 11 28 57 38 47 33 52 43 26 44 51 49 37 20 31 50 57 58 53 67 51 37 59 71 61 55 37 40 61 39 43 50 30 20 41 61 42 42 26 20 41 33 53 45 28 46 51 51 37 21 33 52 46 24 17 37 59 36 39 25 16 35 46 31 52 64 55 48 30 34 55 27 40 40 47 29 17 33 49 24 35 30 18 23 17 31 55 48 39 21 28 49 54 58 42 34 52 40 24 35 54 22 18 39 5 24 36 
19 39 34 19 34 32 9 11 23 50 22 30 22 5 20 54 40 38 37 48 31 18 39 56 41 37 20 20 41 61 55 58 67 45 37 58 77 58 58 41 37 56 40 54 54 28 29 45 72 43 51 38 26 40 36 48 32 18 39 55 42 37 19 21 42 51 25 29 43 71 39 50 39 25 36 38 30 51 70 51 51 34 30 50 12 31 43 35 26 8 17 36 21 46 21 25 17 11 21 61 42 42 25 21 41 58 68 55 42 55 40 22 24 45 35 22 38 11 20 24 
11 27 35 9 39 22 11 27 17 48 9 32 36 23 5 36 28 17 28 29 11 5 20 45 20 24 17 1 20 48 36 47 49 25 22 40 65 39 45 32 20 37 27 51 42 16 29 35 66 29 46 41 24 26 27 29 13 3 20 44 21 23 15 2 21 42 18 33 35 67 28 48 45 28 25 18 16 33 59 32 38 27 13 30 12 10 33 15 12 15 13 17 11 43 3 26 31 21 48 51 23 31 23 6 21 46 62 54 38 42 25 14 3 24 38 21 22 27 11 5 
44 24 32 45 37 30 57 56 38 21 43 35 53 58 47 32 23 47 24 34 56 49 38 6 46 27 41 52 50 9 34 4 27 40 29 26 16 35 11 20 33 38 24 20 10 35 34 16 18 23 15 32 36 26 25 36 58 50 40 8 48 28 42 54 52 10 36 38 18 22 23 20 38 39 26 44 35 27 9 36 14 27 38 39 61 49 18 56 39 54 64 60 42 21 48 37 55 61 51 63 39 20 35 46 43 8 15 24 21 11 27 40 52 51 35 39 30 56 43 55 
25 20 40 24 45 21 34 45 26 46 21 38 51 43 22 13 20 8 25 6 19 24 3 32 6 18 28 24 10 33 13 35 27 2 15 19 49 16 29 26 10 14 18 48 29 19 36 26 57 18 41 45 31 15 23 6 20 24 3 31 8 16 27 24 12 32 25 42 30 60 22 45 51 37 19 5 17 13 44 9 25 26 14 7 35 14 25 18 19 35 35 22 24 41 21 35 48 42 23 39 17 23 30 21 3 31 53 52 36 28 15 24 21 11 44 31 12 45 24 23 
24 4 21 25 27 10 36 39 18 23 23 21 38 39 26 23 3 29 5 21 36 28 21 14 29 6 22 32 32 19 25 16 29 25 9 21 35 27 16 3 14 28 5 25 12 15 19 3 35 5 18 25 18 8 5 23 38 29 23 13 31 8 22 33 34 10 17 25 7 37 2 22 31 23 6 26 14 17 28 24 9 9 18 26 41 29 1 37 18 34 44 41 22 18 27 21 39 42 31 20 23 30 18 25 26 15 31 29 13 13 8 20 32 35 24 21 11 39 23 35 
12 16 12 14 16 10 23 21 6 26 14 9 21 22 17 37 17 32 12 32 33 18 26 30 33 15 6 23 35 36 38 33 46 33 17 37 51 41 34 16 20 41 17 29 29 11 6 20 46 20 25 18 1 20 12 33 35 20 28 30 35 16 8 25 37 26 5 11 17 46 15 25 22 7 14 29 12 31 44 36 27 9 17 36 28 27 19 36 12 18 33 39 11 21 20 4 21 25 23 35 30 18 49 17 31 33 42 31 16 31 19 8 25 39 15 3 19 21 11 28 
5 21 29 3 33 15 13 24 11 42 2 26 32 21 1 33 22 18 22 26 16 3 18 39 21 19 11 6 21 43 33 42 46 24 17 37 60 36 40 25 16 35 21 45 37 10 23 29 60 24 40 35 18 21 20 27 18 4 18 38 22 18 9 8 23 36 11 27 29 60 22 41 39 22 19 18 11 30 53 30 33 20 9 28 15 12 27 19 6 13 18 22 5 36 3 20 28 21 6 46 21 25 17 42 21 40 56 48 31 37 20 8 8 25 32 15 17 24 5 11 
25 23 42 24 47 23 32 45 27 49 21 40 51 42 21 16 23 5 27 10 16 23 5 36 3 20 29 22 6 37 15 38 31 4 17 22 53 18 33 29 12 16 21 51 32 20 37 29 60 21 44 47 33 18 25 9 17 23 3 34 5 18 27 22 8 35 26 43 33 63 25 48 53 38 22 3 19 16 48 11 29 29 14 9 33 12 28 15 19 34 33 18 24 44 20 36 49 41 21 43 3 26 31 21 23 35 57 55 38 31 18 25 19 8 45 32 15 45 24 21 
40 19 32 40 38 25 52 54 34 26 38 34 52 55 41 24 17 39 20 26 49 43 31 3 38 21 37 46 42 3 26 4 20 32 23 18 19 26 3 17 26 29 18 25 3 30 33 12 26 16 19 34 33 20 21 28 50 44 32 3 40 22 38 48 44 8 33 38 17 30 18 25 40 38 21 36 29 19 13 27 7 24 32 31 56 42 14 49 34 50 59 53 38 24 42 36 54 58 46 8 31 15 33 40 35 79 23 30 21 3 20 35 46 43 36 36 24 54 38 49 
53 35 34 54 37 40 65 60 46 18 53 38 54 63 57 47 34 60 33 49 68 58 52 21 60 38 49 63 63 23 49 19 42 54 41 41 21 50 26 30 46 53 36 15 24 45 38 27 3 36 16 32 42 39 35 50 70 60 53 23 62 40 50 64 65 21 45 40 26 7 34 18 36 43 37 57 45 42 17 51 27 35 50 54 70 61 29 69 49 61 74 73 51 22 58 42 58 68 62 15 53 31 42 56 57 23 41 18 25 26 39 48 63 65 35 46 43 60 52 66 
44 32 21 45 21 33 54 46 37 6 45 24 38 50 48 51 32 58 28 50 63 49 50 26 58 35 38 54 61 32 53 26 51 54 38 47 37 54 33 26 43 56 34 5 29 38 26 26 20 35 12 16 31 37 30 52 65 51 52 28 60 37 40 56 63 23 36 26 22 17 30 7 18 30 33 55 39 45 31 53 30 27 44 55 60 56 27 65 42 49 64 68 42 11 51 30 42 55 54 24 52 29 31 48 55 30 18 71 17 31 37 39 56 64 20 34 40 46 43 59 
28 15 11 30 16 16 39 36 21 11 29 14 32 38 32 36 15 41 11 34 46 33 33 18 41 18 23 38 44 25 38 19 40 37 21 33 37 40 23 10 26 41 17 13 18 21 13 12 29 19 8 13 16 21 13 36 48 35 35 18 43 20 25 40 46 13 20 17 6 29 13 10 19 18 16 38 22 30 30 37 18 11 27 39 45 39 12 48 25 35 49 51 26 5 34 17 34 42 38 21 36 13 16 31 38 21 25 17 92 21 21 23 39 47 14 20 23 35 27 43 
37 15 31 37 37 22 49 52 31 27 35 33 51 52 38 21 14 36 18 22 45 40 27 5 35 18 35 43 38 6 23 7 19 28 19 15 22 23 3 15 23 26 15 26 2 27 31 10 29 13 20 34 31 16 18 24 47 41 29 3 36 19 35 44 40 8 30 37 15 33 15 25 40 36 18 32 26 16 16 24 4 22 29 27 53 38 12 45 30 47 56 49 35 24 39 34 52 55 42 11 28 13 31 37 31 3 26 31 21 86 17 33 42 39 35 34 20 52 35 46 
21 5 26 21 32 9 33 39 17 31 18 26 41 38 21 17 5 21 10 13 29 24 12 20 21 3 21 26 24 23 19 22 27 16 3 18 40 21 19 11 6 22 3 33 17 11 23 11 43 3 26 31 20 0 9 15 30 24 14 18 23 3 21 27 26 18 16 29 15 45 7 30 37 26 5 17 10 12 33 17 13 13 12 19 36 22 10 29 14 32 39 33 19 26 22 24 40 40 25 27 15 8 19 20 18 20 39 37 21 17 47 18 25 26 30 21 3 39 20 29 
4 17 20 6 24 10 16 21 2 34 6 17 26 20 9 34 18 24 15 28 25 10 21 34 26 15 3 15 28 39 35 36 45 27 15 36 55 37 35 19 16 37 17 37 32 6 15 23 52 20 32 26 9 18 14 29 27 11 22 33 28 15 3 17 29 30 3 19 22 53 17 33 30 14 14 23 8 29 48 31 28 13 10 31 21 19 21 27 5 14 25 30 3 28 11 12 24 22 14 40 24 20 8 8 25 35 48 39 23 33 18 61 17 31 23 6 16 21 3 20 
13 28 37 11 41 23 14 30 19 50 11 34 39 26 8 34 29 15 29 27 8 8 18 45 18 25 19 3 17 48 34 48 48 23 22 39 65 37 45 32 19 35 27 53 42 17 32 35 67 29 47 43 26 25 28 27 10 6 18 44 18 23 17 3 18 42 20 36 36 68 29 49 47 30 25 16 17 32 59 30 38 28 13 28 14 7 33 12 14 18 14 14 14 44 5 29 35 24 3 52 21 32 25 8 19 46 63 56 39 42 25 17 43 21 40 23 22 30 14 3 
30 31 49 29 55 31 35 50 33 58 27 48 57 46 26 22 32 7 36 17 15 28 14 44 5 29 35 24 3 44 20 46 36 10 26 29 60 22 40 37 20 19 30 60 41 28 45 38 68 29 53 55 40 26 34 15 15 26 12 42 3 27 34 23 3 43 33 50 42 71 33 57 60 45 30 9 26 24 55 16 37 37 21 13 34 14 36 12 26 38 33 14 30 52 24 43 54 45 24 51 11 35 39 25 8 43 65 64 47 39 26 31 21 7 53 38 23 50 30 21 
27 25 3 29 2 22 35 25 21 17 29 6 18 29 32 48 26 46 20 44 48 32 40 32 48 26 21 38 50 39 49 34 53 46 29 46 51 51 37 21 34 52 27 20 33 25 8 25 39 30 20 3 14 30 21 45 50 34 42 33 49 28 23 40 52 27 20 5 19 37 24 17 7 10 25 44 27 42 44 48 31 17 32 49 41 42 24 51 27 29 46 54 26 14 35 11 22 35 38 35 44 24 15 32 45 36 35 20 14 35 30 23 40 53 36 17 31 25 26 43 
10 19 14 12 18 12 19 18 5 29 12 11 20 18 15 39 20 31 15 33 31 15 27 34 33 18 4 21 35 40 40 36 48 33 19 40 55 42 37 19 21 42 20 33 32 11 8 23 49 23 29 20 3 22 15 34 33 17 28 33 35 18 6 23 36 29 5 12 20 49 18 29 24 7 16 29 13 33 48 37 30 12 17 37 25 26 22 34 12 15 29 37 9 24 18 5 18 22 21 39 31 21 3 15 32 36 46 34 20 34 21 6 23 38 17 51 21 18 9 26 
19 8 28 19 33 9 30 37 16 34 16 27 41 36 18 18 8 17 12 12 25 21 9 23 18 5 19 23 21 26 19 26 29 14 2 20 43 21 22 14 3 21 6 36 20 9 24 15 47 7 29 33 20 3 10 14 27 21 11 22 20 3 19 24 23 21 15 30 18 49 10 33 38 26 7 14 8 13 37 16 16 14 8 17 33 18 13 26 12 30 35 29 17 29 19 24 39 38 22 30 12 11 19 17 15 24 43 40 23 20 3 16 22 23 31 21 53 37 18 25 
20 37 25 21 24 30 17 0 21 42 24 22 11 6 24 55 38 43 33 49 39 22 42 51 46 35 18 26 46 57 56 53 66 48 36 57 72 59 55 37 37 58 38 46 50 28 22 41 64 41 44 29 20 39 33 50 40 24 43 51 47 36 18 28 48 46 22 20 37 62 36 42 29 17 34 43 29 51 65 53 48 30 31 53 22 36 40 42 26 12 27 44 21 38 26 18 5 11 27 56 45 39 21 24 45 54 60 46 35 52 39 21 30 50 25 18 37 34 21 31 
1 19 23 2 27 13 13 20 6 37 3 20 27 18 6 35 21 23 19 28 22 6 21 37 25 17 5 11 26 42 35 39 47 27 17 38 58 38 38 22 17 37 20 40 35 8 18 26 56 23 36 29 12 20 18 29 24 8 22 36 27 17 3 13 28 33 7 22 25 56 20 37 33 16 17 22 10 31 51 32 31 16 10 31 18 17 24 25 6 12 22 27 1 32 8 15 24 20 11 43 24 23 11 5 24 38 52 43 27 35 20 3 14 30 26 9 18 21 63 17 
16 31 40 14 44 26 14 31 22 54 14 37 41 27 11 37 32 16 33 30 7 11 21 49 19 28 22 5 18 52 36 51 51 25 26 42 68 39 48 36 22 37 31 57 46 21 35 39 70 32 51 46 29 29 31 29 8 9 20 47 19 27 20 3 18 46 23 39 40 72 32 53 50 33 29 18 21 35 62 32 42 32 16 30 13 9 37 11 17 19 12 12 17 48 8 32 36 24 5 55 23 35 28 11 21 49 66 59 43 46 29 20 3 21 43 26 25 31 17 42 
