15 6
76 27 35 35 6 41 40 21 38 62 7 38 13 36 27 
27 83 9 52 33 38 30 49 55 40 21 38 14 30 54 
35 9 81 54 41 46 38 57 65 41 30 47 21 38 63 
35 52 54 43 32 77 74 38 69 92 41 73 40 71 38 
6 33 41 32 77 45 45 16 38 67 13 41 19 40 21 
41 38 46 77 45 55 9 52 33 35 35 6 39 7 57 
40 30 38 74 45 9 71 54 41 27 33 14 35 6 60 
21 49 57 38 16 52 54 71 32 79 27 46 35 49 6 
38 55 65 69 38 33 41 32 12 68 38 27 47 35 35 
62 40 41 92 67 35 27 79 68 19 54 41 52 33 85 
7 21 30 41 13 35 33 27 38 54 104 32 9 29 33 
38 38 47 73 41 6 14 46 27 41 32 67 38 9 52 
13 14 21 40 19 39 35 35 47 52 9 38 109 32 41 
36 30 38 71 40 7 6 49 35 33 29 9 32 82 54 
27 54 63 38 21 57 60 6 35 85 33 52 41 54 65 
