91 14
79 8 32 40 28 9 32 20 38 31 27 37 19 34 47 22 12 32 16 23 7 13 19 33 40 48 28 12 26 8 16 3 15 11 37 39 53 36 37 19 29 25 41 21 62 59 34 16 24 18 35 39 20 54 41 3 20 8 26 22 15 35 24 18 18 13 3 19 25 30 22 33 20 29 20 8 21 8 21 21 20 27 29 31 12 15 40 28 18 12 49 
8 69 25 32 23 11 30 19 34 24 27 29 12 39 47 19 17 38 25 30 15 15 28 31 43 47 22 12 32 16 23 7 13 19 33 40 47 31 37 16 27 19 35 20 57 57 25 10 17 9 27 30 13 46 35 11 19 10 22 14 16 27 20 26 27 18 7 27 22 33 27 33 17 33 12 11 23 6 27 14 23 22 30 22 7 14 32 24 10 16 45 
32 25 94 30 36 37 51 42 50 34 48 18 12 47 39 15 32 52 48 48 39 27 49 21 42 34 6 24 43 40 39 32 19 41 16 35 22 12 32 16 23 7 13 19 33 40 18 15 29 19 31 19 26 22 11 34 43 36 40 23 41 7 15 50 49 43 29 51 15 37 53 56 39 58 18 28 48 31 52 11 30 37 54 18 19 37 10 11 15 30 23 
40 32 30 45 18 37 35 33 28 13 35 12 29 69 69 39 48 70 56 63 46 45 59 50 69 65 34 41 63 48 55 37 38 51 46 64 47 42 60 39 50 31 42 43 59 70 12 32 16 23 7 13 19 33 40 43 34 37 25 17 36 24 40 54 58 43 39 56 41 61 50 42 29 51 21 43 40 32 52 31 52 20 42 12 33 31 25 39 25 47 52 
28 23 36 18 24 22 17 15 13 5 17 25 28 62 69 38 39 60 42 51 32 38 46 51 65 67 37 34 54 35 44 25 34 39 50 62 57 47 59 37 49 33 49 41 69 75 22 29 6 18 11 26 11 48 47 32 16 23 7 13 19 33 40 38 45 27 29 41 41 56 32 23 12 33 19 34 22 20 35 31 46 2 24 19 28 15 36 41 23 39 59 
9 11 37 37 22 64 22 10 29 26 18 37 24 44 56 30 21 39 20 29 10 22 24 42 50 57 34 21 34 13 24 7 23 17 44 49 59 43 47 27 38 31 47 30 69 68 34 22 20 19 30 39 17 56 47 12 10 1 18 20 6 38 32 16 23 7 13 19 33 40 16 23 11 21 21 18 12 5 16 26 30 20 19 30 18 6 43 35 21 22 57 
32 30 51 35 17 22 33 12 10 21 4 42 40 66 78 49 44 61 39 51 32 44 44 62 72 78 51 42 57 34 46 29 43 39 63 70 73 60 68 47 58 46 63 51 84 87 39 40 22 31 28 44 24 65 62 34 12 24 11 27 16 49 51 32 42 23 34 36 52 62 23 7 13 19 33 40 13 24 27 43 52 15 9 36 37 16 53 53 36 44 74 
20 19 42 33 15 10 12 46 19 20 7 37 30 54 66 38 32 50 29 39 20 32 33 50 60 66 41 30 45 23 34 17 32 28 52 59 65 50 56 36 47 37 54 39 75 76 34 29 17 22 26 39 17 59 53 22 1 12 9 21 4 41 40 22 32 12 22 26 41 50 16 14 4 18 24 28 7 13 19 33 40 14 11 30 26 5 46 43 26 32 64 
38 34 50 28 13 29 10 19 14 16 14 38 42 72 81 51 49 69 48 59 39 49 52 64 77 80 51 46 64 42 53 34 46 47 63 74 71 61 72 49 61 47 63 54 83 89 35 42 20 32 22 39 24 60 61 40 19 30 12 26 24 47 53 41 51 32 40 45 54 68 33 16 17 30 33 45 23 29 37 44 57 13 19 33 40 22 50 55 37 50 73 
31 24 34 13 5 26 21 20 16 26 22 21 28 64 69 38 41 63 46 54 36 39 50 50 66 66 36 36 56 38 47 28 34 42 48 62 54 45 59 37 49 32 47 41 66 74 18 29 6 18 6 22 11 44 45 34 21 26 12 12 24 30 40 42 48 31 32 45 41 57 37 28 16 38 18 36 27 23 40 30 47 7 29 16 28 19 33 40 23 41 57 
27 27 48 35 17 18 4 7 14 22 39 41 37 62 74 46 39 56 35 46 27 40 39 58 68 74 48 38 52 30 42 24 40 34 59 66 71 57 64 43 54 43 60 47 82 84 38 36 21 28 28 43 22 63 59 30 7 19 10 26 12 47 47 27 37 18 30 32 49 58 19 7 9 16 30 36 9 20 23 40 48 15 7 35 34 13 51 50 33 40 71 
37 29 18 12 25 37 42 37 38 21 41 66 21 62 58 30 43 65 54 58 44 39 57 39 60 53 24 34 57 46 50 35 31 48 34 53 34 30 50 30 40 21 30 35 47 58 3 24 20 19 15 1 20 22 28 40 38 37 31 17 39 12 31 54 56 44 35 56 32 53 53 49 33 55 16 38 44 32 54 23 44 27 48 7 27 34 13 29 19 41 40 
19 12 12 29 28 24 40 30 42 28 37 21 80 40 41 10 21 43 35 37 26 17 37 22 39 38 10 13 35 27 29 19 9 28 22 34 35 19 31 9 21 6 23 14 44 47 19 3 21 9 27 23 17 34 22 21 31 23 30 16 29 16 12 38 36 30 16 38 13 32 40 45 28 46 9 16 35 19 40 2 23 29 42 17 7 25 21 13 5 19 33 
34 39 47 69 62 44 66 54 72 64 62 62 40 17 25 32 23 11 30 19 34 24 27 29 12 32 40 28 9 32 20 38 31 27 37 19 58 40 22 31 25 41 45 27 59 44 60 38 57 47 66 63 53 68 47 32 54 42 61 53 50 53 32 40 28 44 33 36 31 10 50 66 55 58 48 27 54 43 46 39 17 62 62 58 36 50 57 36 44 23 47 
47 47 39 69 69 56 78 66 81 69 74 58 41 25 65 30 36 37 51 42 50 34 48 18 12 8 34 36 31 48 38 49 34 45 24 7 40 28 9 32 20 38 31 27 37 19 57 40 62 50 68 58 58 55 34 45 66 55 70 57 62 47 29 59 50 59 43 57 28 19 68 80 65 75 50 38 69 53 65 38 27 69 76 56 41 61 49 29 46 34 28 
22 19 15 39 38 30 49 38 51 38 46 30 10 32 30 80 18 37 35 33 28 13 35 12 29 28 8 11 28 28 25 23 6 28 14 24 32 14 21 2 10 9 19 4 39 38 28 9 32 20 38 31 27 37 19 23 39 29 40 26 36 21 1 40 35 35 18 39 2 22 45 53 36 51 20 15 42 25 43 8 15 39 49 27 12 33 25 6 15 16 27 
12 17 32 48 39 21 44 32 49 41 39 43 21 23 36 18 57 22 17 15 13 5 17 25 28 38 26 8 15 12 7 15 13 10 31 28 50 32 27 16 20 25 37 15 57 50 40 18 34 25 44 44 30 55 38 9 32 20 38 31 27 37 19 24 17 23 9 22 20 18 31 45 32 39 27 5 33 20 28 21 9 39 40 37 15 27 42 24 23 2 44 
32 38 52 70 60 39 61 50 69 63 56 65 43 11 37 37 22 19 22 10 29 26 18 37 24 43 45 30 8 26 15 35 34 21 45 30 66 48 32 35 32 46 53 32 69 56 62 40 56 47 66 66 52 74 54 28 49 38 57 53 45 58 37 32 20 38 31 27 37 19 42 60 51 50 49 27 48 40 38 42 21 59 55 59 37 46 62 42 45 23 57 
16 25 48 56 42 20 39 29 48 46 35 54 35 30 51 35 17 22 64 12 10 21 4 42 40 55 42 24 21 8 12 19 29 7 48 43 67 49 43 32 37 41 54 32 74 67 51 32 40 35 50 55 36 70 54 14 28 19 38 39 24 51 36 9 2 16 19 5 37 32 20 38 31 27 37 19 26 23 15 36 25 41 33 48 28 27 56 41 35 19 61 
23 30 48 63 51 29 51 39 59 54 46 58 37 19 42 33 15 10 12 40 19 20 7 37 30 47 42 24 10 16 8 26 29 12 45 34 65 47 35 31 32 41 52 30 70 60 55 34 47 40 58 60 43 71 53 19 39 28 48 45 34 53 34 21 9 27 23 17 35 23 32 49 41 39 42 20 38 31 27 37 19 50 45 52 31 36 58 39 39 18 57 
7 15 39 46 32 10 32 20 39 36 27 44 26 34 50 28 13 29 10 19 76 16 14 38 42 52 34 17 25 2 14 8 21 7 43 42 60 42 41 25 33 32 47 27 68 64 40 23 29 25 40 45 26 61 47 5 20 9 28 28 15 42 30 11 12 9 10 12 31 32 17 32 22 25 27 13 20 13 15 27 23 31 27 37 19 17 47 34 25 15 55 
13 15 27 45 38 22 44 32 49 39 40 39 17 24 34 13 5 26 21 20 16 63 22 21 28 35 21 4 18 16 12 15 8 14 26 26 46 27 24 11 16 20 32 10 52 47 36 14 32 22 41 40 28 50 33 11 32 21 37 28 28 32 14 28 22 25 9 26 15 18 34 46 32 41 23 4 34 20 32 17 8 38 42 33 12 27 37 19 19 2 39 
19 28 49 59 46 24 44 33 52 50 39 57 37 27 48 35 17 18 4 7 14 22 55 41 37 53 43 25 17 11 10 22 30 8 48 41 68 49 41 33 36 42 54 32 74 65 53 34 43 38 54 58 40 71 55 16 33 23 42 42 28 53 36 14 2 21 21 9 37 29 24 42 35 32 40 20 31 27 20 37 23 45 38 50 30 31 58 41 37 19 61 
33 31 21 50 51 42 62 50 64 50 58 39 22 29 18 12 25 37 42 37 38 21 41 75 21 16 15 21 29 37 30 35 18 35 8 14 29 12 10 14 5 19 16 11 32 26 38 22 44 32 49 40 40 40 18 32 51 40 52 38 47 28 10 49 42 46 29 47 9 18 55 65 49 62 32 25 54 37 53 20 18 51 61 38 24 45 31 10 27 23 19 
40 43 42 69 65 50 72 60 77 66 68 60 39 12 12 29 28 24 40 30 42 28 37 21 39 20 36 31 20 40 28 43 31 36 30 8 49 34 12 30 19 38 38 25 48 32 58 37 59 48 67 60 55 62 40 38 60 48 65 54 56 50 28 50 39 51 37 46 28 9 59 73 60 67 48 32 61 48 55 37 20 65 69 57 38 55 53 31 44 27 37 
48 47 34 65 67 57 78 66 80 66 74 53 38 32 8 28 38 43 55 47 52 35 53 16 20 51 30 36 37 51 42 50 34 48 18 12 32 23 11 30 19 34 24 27 29 12 53 38 60 48 65 54 56 48 27 47 67 56 68 54 63 41 26 62 54 61 44 60 25 24 70 80 65 77 48 39 69 53 67 36 30 67 77 53 40 61 43 26 43 36 19 
28 22 6 34 37 34 51 41 51 36 48 24 10 40 34 8 26 45 42 42 34 21 43 15 36 30 64 18 37 35 33 28 13 35 12 29 25 9 26 10 16 4 13 12 34 37 23 11 30 19 34 24 27 29 12 29 41 33 40 24 39 13 8 46 43 40 24 46 8 30 50 55 38 56 18 23 46 29 49 7 24 38 52 22 15 35 17 4 14 24 23 
12 12 24 41 34 21 42 30 46 36 38 34 13 28 36 11 8 30 24 24 17 4 25 21 31 36 18 46 22 17 15 13 5 17 25 28 43 25 26 8 17 17 30 9 50 47 32 10 29 18 37 36 24 46 30 11 30 19 34 24 27 29 12 29 25 25 8 28 13 21 34 44 29 41 19 4 33 17 32 13 11 34 40 29 7 25 33 17 15 6 38 
26 32 43 63 54 34 57 45 64 56 52 57 35 9 31 28 15 8 21 10 25 18 17 29 20 37 37 22 23 22 10 29 26 18 37 24 58 40 25 27 24 37 45 24 61 50 54 32 49 40 59 58 45 66 46 23 45 33 52 46 40 49 28 30 19 34 24 27 29 12 40 57 46 48 41 20 45 34 36 34 13 53 52 51 30 41 54 33 37 16 49 
8 16 40 48 35 13 34 23 42 38 30 46 27 32 48 28 12 26 8 16 2 16 11 37 40 51 35 17 22 61 12 10 21 4 42 40 60 42 39 25 32 33 47 26 68 63 42 24 32 26 42 47 28 62 47 6 23 12 31 30 18 43 30 11 10 12 11 11 30 30 19 34 24 27 29 12 22 15 16 28 21 34 30 39 20 20 48 34 26 14 55 
16 23 39 55 44 24 46 34 53 47 42 50 29 20 38 25 7 15 12 8 14 12 10 30 28 42 33 15 10 12 38 19 20 7 37 30 57 39 30 23 25 33 44 22 63 54 47 25 40 32 50 51 36 62 45 13 34 23 42 37 30 45 26 21 11 24 15 18 27 19 30 46 35 38 34 12 34 24 27 29 12 44 42 44 22 31 49 31 30 9 50 
3 7 32 37 25 7 29 17 34 28 24 35 19 38 49 23 15 35 19 26 8 15 22 35 43 50 28 13 29 10 19 69 16 14 38 42 54 37 40 20 30 25 41 23 62 61 32 16 21 16 32 37 18 53 41 6 17 5 23 20 13 34 25 19 21 11 5 20 26 33 21 30 17 27 18 11 19 5 20 21 23 24 27 29 12 12 39 29 17 15 50 
15 13 19 38 34 23 43 32 46 34 40 31 9 31 34 6 13 34 29 29 21 8 30 18 31 34 13 5 26 21 20 16 49 22 21 28 38 21 25 3 15 12 25 7 46 44 28 6 28 16 35 32 23 41 25 16 32 22 35 23 29 24 8 33 30 28 11 33 9 23 38 46 30 44 17 9 36 19 36 8 13 34 43 26 6 27 29 12 12 11 33 
11 19 41 51 39 17 39 28 47 42 34 48 28 27 45 28 10 21 7 12 7 14 8 35 36 48 35 17 18 4 7 14 22 54 41 37 60 42 37 25 30 34 47 25 67 61 45 25 36 29 46 49 32 63 47 8 27 16 36 34 23 45 29 14 8 16 12 11 30 26 23 39 29 30 31 12 27 19 19 29 18 38 34 42 21 24 50 34 29 12 54 
37 33 16 46 50 44 63 52 63 48 59 34 22 37 24 14 31 45 48 45 43 26 48 8 30 18 12 25 37 42 37 38 21 41 58 21 20 4 18 17 13 16 8 16 25 25 34 22 43 31 46 35 39 32 10 37 53 43 52 37 50 23 12 54 49 50 33 53 11 27 59 66 50 66 30 29 56 40 58 19 25 50 63 34 26 47 24 9 27 29 12 
39 40 35 64 62 49 70 59 74 62 66 53 34 19 7 24 28 30 43 34 42 26 41 14 8 12 29 28 24 40 30 42 28 37 21 25 40 26 3 25 13 32 29 21 40 25 52 33 56 44 62 54 51 54 32 38 59 47 62 50 55 43 23 52 42 51 36 49 22 11 60 72 58 67 44 30 61 46 57 32 19 62 68 51 34 53 45 24 39 27 29 
53 47 22 47 57 59 73 65 71 54 71 34 35 58 40 32 50 66 67 65 60 46 68 29 49 32 25 43 58 60 57 54 38 60 20 40 61 18 37 35 33 28 13 35 12 29 36 37 51 42 50 34 48 18 12 55 65 58 62 45 64 24 31 72 68 65 50 71 30 47 75 78 61 81 40 48 70 54 74 33 46 59 76 38 41 59 21 26 38 48 12 
36 31 12 42 47 43 60 50 61 45 57 30 19 40 28 14 32 48 49 47 42 27 49 12 34 23 9 25 40 42 39 37 21 42 4 26 18 73 22 17 15 13 5 17 25 28 30 21 40 29 43 30 36 28 6 37 51 42 50 34 48 18 12 54 50 49 32 53 12 30 59 64 48 65 27 30 55 38 57 17 27 48 62 30 24 45 20 8 24 30 13 
37 37 32 60 59 47 68 56 72 59 64 50 31 22 9 21 27 32 43 35 41 24 41 10 12 11 26 26 25 39 30 40 25 37 18 3 37 22 74 22 10 29 26 18 37 24 49 30 53 41 59 50 48 50 28 36 57 45 60 47 53 39 19 51 42 50 34 48 18 12 59 70 55 66 41 29 59 43 56 29 18 59 67 48 31 51 42 21 36 25 25 
19 16 16 39 37 27 47 36 49 37 43 30 9 31 32 2 16 35 32 31 25 11 33 14 30 30 10 8 27 25 23 20 3 25 17 25 35 17 22 102 12 10 21 4 42 40 28 8 30 18 37 31 26 39 22 20 36 26 38 25 33 22 4 37 33 32 15 36 5 22 42 50 34 48 18 12 39 23 40 7 14 37 47 27 9 30 27 9 14 13 30 
29 27 23 50 49 38 58 47 61 49 54 40 21 25 20 10 20 32 37 32 33 16 36 5 19 19 16 17 24 32 25 30 15 30 13 13 33 15 10 12 84 19 20 7 37 30 39 20 42 30 48 41 38 43 22 28 47 36 50 37 44 30 9 44 37 42 25 42 8 14 51 61 45 58 30 20 50 34 48 18 12 49 57 37 21 41 33 11 26 18 24 
25 19 7 31 33 31 46 37 47 32 43 21 6 41 38 9 25 46 41 41 32 20 42 19 38 34 4 17 37 33 33 25 12 34 16 32 28 13 29 10 19 100 16 14 38 42 19 8 26 15 30 22 22 29 16 27 37 29 36 20 35 12 10 44 42 37 22 44 10 32 47 51 34 52 14 21 42 25 46 4 24 34 48 18 12 31 16 8 10 23 27 
41 35 13 42 49 47 63 54 63 47 60 30 23 45 31 19 37 53 54 52 47 32 54 16 38 24 13 30 45 47 44 41 25 47 8 29 13 5 26 21 20 16 68 22 21 28 30 25 42 32 44 30 39 24 2 41 54 46 53 36 52 18 17 59 54 53 37 58 17 35 63 68 51 69 30 34 59 42 62 21 32 50 65 31 28 48 18 12 27 34 10 
21 20 19 43 41 30 51 39 54 41 47 35 14 27 27 4 15 32 32 30 27 10 32 11 25 27 12 9 24 26 22 23 7 25 16 21 35 17 18 4 7 14 22 97 41 37 33 12 35 23 41 36 30 41 23 21 40 29 42 29 36 26 4 38 32 35 18 37 5 18 44 53 38 51 23 14 42 26 42 12 11 41 50 31 13 34 30 9 18 12 28 
62 57 33 59 69 69 84 75 83 66 82 47 44 59 37 39 57 69 74 70 68 52 74 32 48 29 34 50 61 68 63 62 46 67 25 40 12 25 37 42 37 38 21 41 37 21 48 46 62 53 62 46 59 30 22 62 76 67 73 56 73 36 38 80 74 74 58 79 37 50 84 89 72 90 51 55 80 63 83 42 50 70 87 50 50 70 34 33 48 54 12 
59 57 40 70 75 68 87 76 89 74 84 58 47 44 19 38 50 56 67 60 64 47 65 26 32 12 37 47 50 63 54 61 44 61 25 25 29 28 24 40 30 42 28 37 21 25 58 47 68 57 71 58 64 48 30 59 77 66 78 62 74 46 36 75 66 72 55 72 35 37 82 91 74 89 56 51 80 64 79 44 42 76 88 59 50 71 46 34 52 48 18 
34 25 18 12 22 34 39 34 35 18 38 3 19 60 57 28 40 62 51 55 40 36 53 38 58 53 23 32 54 42 47 32 28 45 34 52 36 30 49 28 39 19 30 33 48 58 37 22 17 15 13 5 17 25 28 37 35 33 28 13 35 12 29 50 53 41 32 52 30 51 49 45 30 52 13 35 41 28 50 20 42 24 45 3 24 30 14 28 16 38 41 
16 10 15 32 29 22 40 29 42 29 36 24 3 38 40 9 18 40 32 34 23 14 34 22 37 38 11 10 32 24 25 16 6 25 22 33 37 21 30 8 20 8 25 12 46 47 22 74 22 10 29 26 18 37 24 18 30 21 30 17 27 19 11 35 33 28 13 35 12 29 38 44 27 44 10 13 34 17 37 4 20 29 41 20 4 24 24 13 6 16 34 
24 17 29 16 6 20 22 17 20 6 21 20 21 57 62 32 34 56 40 47 29 32 43 44 59 60 30 29 49 32 40 21 28 36 43 56 51 40 53 30 42 26 42 35 62 68 17 22 70 12 10 21 4 42 40 28 18 20 11 6 19 26 33 37 42 26 25 40 34 50 33 28 13 35 12 29 24 16 35 24 40 7 27 14 21 14 30 34 16 34 53 
18 9 19 23 18 19 31 22 32 18 28 19 9 47 50 20 25 47 35 40 25 22 38 32 48 48 19 18 40 26 32 16 16 29 31 44 42 29 41 18 30 15 32 23 53 57 15 10 12 67 19 20 7 37 30 21 23 18 21 6 22 19 21 35 37 26 16 36 22 39 35 36 19 39 2 20 28 13 35 12 29 19 34 12 10 17 24 22 4 24 42 
35 27 31 7 11 30 28 26 22 6 28 15 27 66 68 38 44 66 50 58 40 41 54 49 67 65 34 37 59 42 50 32 35 46 46 62 50 43 59 37 48 30 44 41 62 71 13 29 10 19 57 16 14 38 42 38 27 31 18 12 29 26 39 47 53 37 34 50 40 58 43 35 22 44 18 38 33 27 45 29 48 13 35 12 29 25 28 39 22 43 54 
39 30 19 13 26 39 44 39 39 22 43 1 23 63 58 31 44 66 55 60 45 40 58 40 60 54 24 36 58 47 51 37 32 49 35 54 34 30 50 31 41 22 30 36 46 58 5 26 21 20 16 27 22 21 28 41 40 38 33 18 40 12 32 55 57 46 37 57 32 54 54 50 35 57 18 39 46 33 55 24 45 28 49 8 28 35 12 29 21 42 40 
20 13 26 19 11 17 24 17 24 11 22 20 17 53 58 27 30 52 36 43 26 28 40 40 55 56 27 24 45 28 36 18 23 32 39 51 48 36 48 26 38 22 39 30 59 64 17 18 4 7 14 22 71 41 37 24 18 17 13 3 18 24 29 34 39 24 20 37 30 46 32 30 13 35 8 25 24 13 33 20 36 11 28 13 17 13 29 30 12 29 49 
54 46 22 33 48 56 65 59 60 44 63 22 34 68 55 37 55 74 70 71 61 50 71 40 62 48 29 46 66 62 62 53 41 63 32 54 18 28 50 39 43 29 24 41 30 48 25 37 42 37 38 21 41 25 21 56 60 56 54 38 59 18 37 72 71 63 51 73 37 58 73 71 55 76 35 51 65 51 73 33 53 49 70 28 41 54 13 32 35 52 29 
41 35 11 40 47 47 62 53 61 45 59 28 22 47 34 19 38 54 54 53 47 33 55 18 40 27 12 30 46 47 45 41 25 47 10 32 12 6 28 22 22 16 2 23 22 30 28 24 40 30 42 28 37 21 59 42 53 45 51 34 51 16 18 59 55 53 37 58 18 37 63 67 50 68 29 35 58 41 61 20 33 48 64 29 28 47 16 13 26 35 12 
3 11 34 43 32 12 34 22 40 34 30 40 21 32 45 23 9 28 14 19 5 11 16 32 38 47 29 11 23 6 13 6 16 8 37 38 55 37 36 20 28 27 41 21 62 59 37 18 28 21 38 41 24 56 42 44 22 10 29 26 18 37 24 17 15 13 5 17 25 28 23 35 22 30 23 7 23 11 20 22 18 31 31 33 14 18 42 29 21 10 50 
20 19 43 34 16 10 12 1 19 21 7 38 31 54 66 39 32 49 28 39 20 32 33 51 60 67 41 30 45 23 34 17 32 27 53 59 65 51 57 36 47 37 54 40 76 77 35 30 18 23 27 40 18 60 53 22 34 12 10 21 4 42 40 22 31 12 23 26 42 50 15 13 5 17 25 28 6 13 18 33 40 15 10 31 27 6 47 43 27 32 64 
8 10 36 37 23 1 24 12 30 26 19 37 23 42 55 29 20 38 19 28 9 21 23 40 48 56 33 19 33 12 23 5 22 16 43 47 58 42 45 26 36 29 46 29 67 66 33 21 20 18 31 38 17 56 45 10 12 31 19 20 7 37 30 16 22 7 11 19 31 38 17 25 12 22 21 16 13 5 17 25 28 21 21 30 17 8 42 34 20 20 55 
26 22 40 25 7 18 11 9 12 12 10 31 30 61 70 40 38 57 38 48 28 37 42 52 65 68 40 34 52 31 42 23 35 36 52 62 62 50 60 38 50 36 53 42 73 78 28 30 11 21 18 33 13 54 51 29 10 19 27 16 14 38 42 32 40 22 28 36 43 56 26 17 6 26 22 33 15 17 29 33 45 5 17 25 28 11 42 43 25 38 63 
22 14 23 17 13 20 27 21 26 12 26 17 16 53 57 26 31 53 39 45 28 28 42 38 54 54 24 24 46 30 37 20 23 34 37 50 45 34 47 25 37 20 36 29 56 62 13 17 6 6 12 18 3 38 34 26 21 20 16 10 22 21 28 37 41 27 22 40 29 46 36 33 17 38 6 26 27 15 37 18 36 13 32 10 17 17 25 28 11 30 47 
15 16 41 36 19 6 16 4 24 24 12 39 29 50 62 36 27 45 24 34 15 28 28 47 56 63 39 27 40 18 30 13 29 23 50 55 64 48 53 33 44 35 52 36 73 74 35 27 19 22 29 40 18 59 51 18 4 7 14 22 34 41 37 18 27 8 19 22 38 46 14 17 7 17 24 24 6 10 15 31 36 18 13 32 24 5 46 41 25 28 62 
35 27 7 24 33 38 49 41 47 30 47 12 16 53 47 21 37 58 51 53 42 32 53 28 50 41 13 29 49 43 45 34 24 45 23 43 24 18 39 22 30 12 18 26 36 46 12 19 26 19 26 12 24 18 16 37 42 37 38 21 41 51 21 53 53 45 32 54 22 44 54 54 38 59 17 33 48 32 54 15 37 34 53 13 23 37 5 18 17 35 28 
24 20 15 40 40 32 51 40 53 40 47 31 12 32 29 1 19 37 36 34 30 14 36 10 28 26 8 12 28 30 26 25 8 29 12 23 31 12 19 4 9 10 17 4 38 36 29 11 33 21 39 32 29 37 18 24 40 30 42 28 37 21 57 41 37 37 20 40 1 22 47 54 38 53 21 17 44 27 45 9 15 40 51 28 13 34 25 5 17 17 25 
18 26 50 54 38 16 32 22 41 42 27 54 38 40 59 40 24 32 9 21 11 28 14 49 50 62 46 29 30 11 21 19 33 14 54 52 72 54 51 37 44 44 59 38 80 75 50 35 37 35 47 55 34 72 59 17 22 16 32 37 18 53 41 45 12 10 21 4 42 40 10 29 26 18 37 24 18 21 6 39 32 36 24 47 31 22 58 46 36 26 67 
18 27 49 58 45 23 42 32 51 48 37 56 36 28 50 35 17 20 2 9 12 22 2 42 39 54 43 25 19 10 11 21 30 8 49 42 68 50 42 33 37 42 54 32 74 66 53 33 42 37 53 57 39 71 55 15 31 22 40 41 27 53 37 12 21 19 20 7 37 30 22 40 34 30 39 20 29 26 18 37 24 43 36 49 30 29 58 42 37 20 61 
13 18 43 43 27 7 23 12 32 31 18 44 30 44 59 35 23 38 16 27 9 25 21 46 51 61 40 25 34 12 24 11 28 16 50 51 65 49 50 32 42 37 53 35 74 72 41 28 26 26 37 46 24 63 53 13 12 7 22 27 8 45 37 10 19 58 16 14 38 42 9 22 15 16 28 21 10 12 9 32 32 26 18 37 24 12 50 41 28 24 62 
3 7 29 39 29 13 34 22 40 32 30 35 16 33 43 18 9 31 19 23 10 9 21 29 37 44 24 8 24 11 15 5 11 12 33 36 50 32 34 15 25 22 37 18 58 55 32 13 25 16 34 37 20 51 37 5 23 11 28 22 19 32 20 21 20 16 52 22 21 28 26 36 22 33 19 5 25 10 24 17 17 29 32 29 9 18 37 24 16 10 45 
19 27 51 56 41 19 36 26 45 45 32 56 38 36 57 39 22 27 5 17 12 26 9 47 46 60 46 28 27 11 18 20 33 11 53 49 71 53 48 36 42 44 58 37 79 72 52 35 40 36 50 57 37 73 58 17 26 19 36 40 22 54 40 4 7 14 22 36 41 37 15 33 29 22 39 23 23 24 10 39 30 40 29 49 31 26 59 45 37 24 66 
25 22 15 41 41 33 52 41 54 41 49 32 13 31 28 2 20 37 37 35 31 15 37 9 28 25 8 13 29 30 27 26 9 30 11 22 30 12 18 5 8 10 17 5 37 35 30 12 34 22 40 32 30 37 18 25 42 31 43 29 38 22 1 42 37 38 21 41 75 21 48 55 39 54 22 18 45 28 46 10 16 41 52 29 15 36 26 4 18 17 24 
30 33 37 61 56 40 62 50 68 57 58 53 32 10 19 22 18 19 32 23 32 18 29 18 9 24 30 21 12 30 19 33 23 26 27 11 47 30 12 22 14 32 35 18 50 37 51 29 50 39 58 54 46 58 37 28 50 38 56 46 46 44 22 40 30 42 28 37 21 49 49 63 50 57 40 22 52 38 46 30 10 56 59 49 29 46 47 26 36 18 37 
22 27 53 50 32 16 23 16 33 37 19 53 40 50 68 45 31 42 20 32 17 34 24 55 59 70 50 34 40 19 30 21 38 23 59 60 75 59 59 42 51 47 63 44 84 82 49 38 33 35 43 54 32 73 63 23 15 17 26 36 14 54 47 10 22 9 26 15 48 49 24 19 20 7 37 30 10 21 4 42 40 31 14 46 34 19 59 51 37 33 72 
33 33 56 42 23 23 7 14 16 28 7 49 45 66 80 53 45 60 38 49 32 46 42 65 73 80 55 44 57 34 46 30 46 39 66 72 78 64 70 50 61 51 68 53 89 91 45 44 28 36 35 50 30 71 67 35 13 25 17 33 17 54 54 29 40 22 36 33 55 63 19 21 16 14 38 42 12 27 23 47 53 21 4 42 40 19 59 57 40 46 78 
20 17 39 29 12 11 13 4 17 16 9 33 28 55 65 36 32 51 31 41 22 32 35 49 60 65 38 29 46 24 35 17 30 29 50 58 61 48 55 34 45 34 51 38 72 74 30 27 13 19 22 35 13 55 50 22 5 12 6 17 7 38 38 26 34 15 22 29 39 50 20 16 43 22 21 28 11 12 23 30 40 10 15 27 24 4 42 40 23 32 61 
29 33 58 51 33 21 19 18 30 38 16 55 46 58 75 51 39 50 27 39 25 41 32 62 67 77 56 41 48 27 38 27 44 30 66 67 81 65 66 48 58 52 69 51 90 89 52 44 35 39 44 57 35 76 68 30 17 22 26 38 17 59 53 18 30 16 33 22 54 57 7 14 22 9 41 37 11 26 12 48 48 31 10 48 40 21 63 57 42 40 78 
20 12 18 21 19 21 33 24 33 18 30 16 9 48 50 20 27 49 37 42 27 23 40 32 48 48 18 19 41 29 34 18 17 31 30 44 40 27 41 18 30 14 30 23 51 56 13 10 12 2 18 18 8 35 29 23 25 21 22 6 24 17 21 37 39 28 19 39 22 40 37 38 21 41 85 21 30 16 38 12 30 20 36 10 11 19 21 22 4 25 40 
8 11 28 43 34 18 40 28 45 36 36 38 16 27 38 15 5 27 19 20 13 4 20 25 32 39 23 4 20 12 12 11 9 12 29 30 48 30 29 12 20 21 34 14 55 51 35 13 29 20 38 39 25 51 35 7 28 16 33 26 24 33 17 24 20 21 5 23 18 22 30 42 28 37 21 81 30 16 28 17 12 34 38 32 10 23 37 21 18 4 42 
21 23 48 40 22 12 13 7 23 27 9 44 35 54 69 42 33 48 26 38 20 34 31 54 61 69 46 33 45 22 34 19 36 27 56 61 70 55 59 39 50 42 59 42 80 80 41 34 24 28 33 46 24 65 58 23 6 13 15 27 6 48 44 18 29 10 25 23 45 52 10 12 11 11 30 30 38 16 14 38 42 20 7 37 30 10 52 47 32 34 68 
8 6 31 32 20 5 24 13 29 23 20 32 19 43 53 25 20 40 23 31 13 20 27 37 48 53 29 17 34 15 24 5 19 19 40 46 54 38 43 23 34 25 42 26 63 64 28 17 16 13 27 33 13 51 41 11 13 5 17 15 10 32 27 21 26 12 10 24 28 38 21 27 12 26 16 16 16 41 22 21 28 19 24 25 13 7 37 30 15 20 52 
21 27 52 52 35 16 27 19 37 40 23 54 40 46 65 43 28 38 15 27 15 32 20 53 55 67 49 32 36 16 27 20 36 19 58 57 74 57 56 40 48 46 62 42 83 79 50 37 35 35 45 55 33 73 61 20 18 17 29 37 15 54 45 6 18 9 24 10 46 46 4 23 23 12 38 28 14 22 15 41 37 33 19 47 33 20 59 49 37 30 70 
21 14 11 31 31 26 43 33 44 30 40 23 2 39 38 8 21 42 36 37 27 17 37 20 37 36 7 13 34 28 29 21 8 29 19 32 33 17 29 7 18 4 21 12 42 44 20 4 24 12 29 24 20 33 20 22 33 25 33 18 31 15 9 39 37 32 17 39 10 30 42 47 30 48 12 17 38 21 41 75 21 31 44 19 8 27 20 10 7 19 30 
20 23 30 52 46 30 52 40 57 47 48 44 23 17 27 15 9 21 25 19 23 8 23 18 20 30 24 11 13 21 12 23 13 18 25 19 46 27 18 14 12 24 32 11 50 42 42 20 40 29 48 45 36 53 33 18 40 28 45 36 36 37 15 32 24 32 17 30 16 10 40 53 40 48 30 12 42 28 37 21 61 46 49 40 19 35 41 20 26 7 37 
27 22 37 20 2 20 15 14 13 7 15 27 29 62 69 39 39 59 41 50 31 38 45 51 65 67 38 34 53 34 44 24 34 38 50 62 59 48 59 37 49 34 50 41 70 76 24 29 7 19 13 28 11 49 48 31 15 21 5 13 18 34 40 36 43 26 29 40 41 56 31 21 10 31 20 34 20 19 33 31 46 33 22 21 28 14 38 42 24 39 60 
29 30 54 42 24 19 9 11 19 29 7 48 42 62 76 49 40 55 33 45 27 42 38 61 69 77 52 40 52 30 42 27 43 34 63 68 76 62 67 47 57 48 65 50 87 88 45 41 27 34 35 49 28 70 64 31 10 21 17 32 13 53 51 24 36 18 32 29 52 59 14 4 15 10 36 38 7 24 19 44 49 22 28 41 37 16 57 54 38 42 75 
31 22 18 12 19 30 36 30 33 16 35 7 17 58 56 27 37 59 48 52 37 33 50 38 57 53 22 29 51 39 44 29 26 42 34 51 38 30 48 27 37 18 31 31 50 59 3 20 14 12 12 8 13 28 29 33 31 30 25 10 32 13 28 47 49 37 29 49 29 49 46 42 27 48 10 32 37 25 47 19 40 21 41 76 21 27 16 27 14 36 42 
12 7 19 33 28 18 37 26 40 28 34 27 7 36 41 12 15 37 28 31 19 12 30 24 38 40 15 7 30 20 22 12 6 21 26 34 41 24 31 9 21 12 28 13 50 50 24 4 21 10 29 28 17 41 28 14 27 17 28 17 24 23 13 31 30 24 9 31 15 29 34 40 24 40 11 10 30 13 33 8 19 28 37 21 84 21 28 16 7 14 38 
15 14 37 31 15 6 16 5 22 19 13 34 25 50 61 33 27 46 27 36 17 27 31 45 55 61 35 25 41 20 31 12 27 24 47 53 59 45 51 30 41 31 48 34 70 71 30 24 14 17 25 35 13 54 47 18 6 8 11 17 5 37 34 22 29 12 18 26 36 46 19 19 4 21 19 23 10 7 20 27 35 14 16 27 21 44 41 37 21 28 58 
40 32 10 25 36 43 53 46 50 33 51 13 21 57 49 25 42 62 56 58 47 37 58 31 53 43 17 33 54 48 49 39 29 50 24 45 21 20 42 27 33 16 18 30 34 46 14 24 30 24 28 12 29 13 16 42 47 42 42 25 46 5 25 58 58 50 37 59 26 47 59 59 42 63 21 37 52 37 59 20 41 38 57 16 28 41 42 21 22 40 28 
28 24 11 39 41 35 53 43 55 40 50 29 13 36 29 6 24 42 41 39 34 19 41 10 31 26 4 17 33 34 31 29 12 34 9 24 26 8 21 9 11 8 12 9 33 34 28 13 34 22 39 29 30 32 13 29 43 34 43 28 41 18 5 46 42 41 24 45 4 26 51 57 40 57 22 21 47 30 49 10 20 42 54 27 16 37 21 56 18 22 21 
18 10 15 25 23 21 36 26 37 23 33 19 5 44 46 15 23 45 35 39 25 19 37 27 44 43 14 15 37 26 30 17 12 29 27 39 38 24 36 14 26 10 27 18 48 52 16 6 16 4 22 21 12 35 26 21 27 20 25 11 25 17 17 36 37 28 16 37 18 36 37 40 23 42 4 18 32 15 37 7 26 24 38 14 7 21 22 18 83 21 37 
12 16 30 47 39 22 44 32 50 41 40 41 19 23 34 16 2 23 19 18 15 2 19 23 27 36 24 6 16 14 9 15 11 12 29 27 48 30 25 13 18 23 34 12 54 48 38 16 34 24 43 42 29 52 35 10 32 20 38 30 28 35 17 26 20 24 10 24 17 18 33 46 32 40 25 4 34 20 30 19 7 39 42 36 14 28 40 22 21 75 41 
49 45 23 52 59 57 74 64 73 57 71 40 33 47 28 27 44 57 61 57 55 39 61 19 37 19 23 38 49 55 50 50 33 54 12 29 12 13 25 30 24 27 10 28 12 18 41 34 53 42 54 40 49 29 12 50 64 55 63 47 62 28 25 67 61 62 45 66 24 37 72 78 61 78 40 42 68 52 70 30 37 60 75 42 38 58 28 21 37 41 43 
