28 8
80 2 15 13 19 19 18 5 20 18 5 8 5 15 9 10 13 3 19 6 1 11 9 4 20 5 20 15 
2 88 8 10 3 7 4 11 4 9 13 8 15 10 13 2 13 12 9 5 18 2 19 17 19 20 5 15 
15 8 79 15 15 15 12 18 6 18 19 11 4 18 7 1 17 2 17 9 20 9 8 1 13 6 16 8 
13 10 15 24 15 1 10 15 10 5 19 13 12 5 9 4 16 0 12 14 18 14 16 1 17 1 7 7 
19 3 15 15 15 9 7 0 13 15 15 20 19 7 7 8 17 0 14 1 16 19 9 12 5 14 12 7 
19 7 15 1 9 31 7 18 20 13 0 10 13 3 1 5 18 2 3 17 14 19 9 9 14 16 15 6 
18 4 12 10 7 7 0 9 9 10 5 12 10 10 16 18 8 4 4 1 2 8 0 10 0 12 13 17 
5 11 18 15 0 18 9 13 7 11 4 19 2 2 10 7 9 14 16 4 8 1 6 6 8 16 1 11 
20 4 6 10 13 20 9 7 41 20 5 18 7 12 11 7 6 16 19 17 12 13 10 10 16 2 11 16 
18 9 18 5 15 13 10 11 20 6 2 2 10 14 16 0 8 18 5 4 15 13 14 9 8 11 6 6 
5 13 19 19 15 0 5 4 5 2 84 12 4 14 11 4 1 15 14 18 16 1 19 20 17 6 12 19 
8 8 11 13 20 10 12 19 18 2 12 10 3 9 2 0 4 17 1 11 1 15 20 12 16 18 11 15 
5 15 4 12 19 13 10 2 7 10 4 3 97 9 12 13 14 7 19 13 18 4 11 2 0 8 13 5 
15 10 18 5 7 3 10 2 12 14 14 9 9 66 2 1 20 9 20 5 19 6 15 17 2 11 8 1 
9 13 7 9 7 1 16 10 11 16 11 2 12 2 46 12 3 5 4 1 19 10 18 6 14 0 5 6 
10 2 1 4 8 5 18 7 7 0 4 0 13 1 12 10 10 1 20 10 6 5 3 4 8 18 16 9 
13 13 17 16 17 18 8 9 6 8 1 4 14 20 3 10 51 0 19 2 8 15 8 3 7 9 9 16 
3 12 2 0 0 2 4 14 16 18 15 17 7 9 5 1 0 5 13 4 15 19 0 16 16 5 13 3 
19 9 17 12 14 3 4 16 19 5 14 1 19 20 4 20 19 13 11 6 13 3 10 5 20 13 11 20 
6 5 9 14 1 17 1 4 17 4 18 11 13 5 1 10 2 4 6 50 1 6 12 19 6 4 16 20 
1 18 20 18 16 14 2 8 12 15 16 1 18 19 19 6 8 15 13 1 69 15 14 2 17 17 12 18 
11 2 9 14 19 19 8 1 13 13 1 15 4 6 10 5 15 19 3 6 15 61 1 20 18 19 9 0 
9 19 8 16 9 9 0 6 10 14 19 20 11 15 18 3 8 0 10 12 14 1 37 16 8 11 0 4 
4 17 1 1 12 9 10 6 10 9 20 12 2 17 6 4 3 16 5 19 2 20 16 65 10 19 18 11 
20 19 13 17 5 14 0 8 16 8 17 16 0 2 14 8 7 16 20 6 17 18 8 10 72 15 9 14 
5 20 6 1 14 16 12 16 2 11 6 18 8 11 0 18 9 5 13 4 17 19 11 19 15 74 3 12 
20 5 16 7 12 15 13 1 11 6 12 11 13 8 5 16 9 13 11 16 12 9 0 18 9 3 70 5 
15 15 8 7 7 6 17 11 16 6 19 15 5 1 6 9 16 3 20 20 18 0 4 11 14 12 5 77 
