66 12
36 17 31 40 23 41 45 41 41 13 40 25 26 23 21 26 27 24 23 20 22 43 34 38 38 34 34 25 34 31 53 48 57 55 54 46 39 51 45 65 68 64 62 32 63 49 46 45 38 33 42 69 66 62 36 64 69 68 34 68 63 33 64 26 63 30 
17 51 21 40 13 39 47 41 47 5 42 18 9 23 6 21 30 24 32 15 25 26 23 21 26 27 24 23 20 22 44 32 47 48 45 42 22 43 36 61 67 62 64 25 62 38 40 37 36 16 36 66 62 63 26 61 68 71 30 68 65 25 63 27 66 25 
31 21 53 26 8 23 34 28 39 20 30 37 18 16 24 10 23 17 32 36 21 25 2 27 7 9 3 15 35 4 23 21 26 27 24 23 20 22 15 42 49 44 49 6 44 17 21 16 20 23 16 48 43 46 5 43 50 57 14 51 50 7 45 20 52 9 
40 40 26 47 29 6 7 1 15 37 4 58 42 18 46 19 13 17 22 55 17 52 25 54 30 17 24 17 59 22 26 46 32 22 26 11 47 22 21 26 27 24 23 20 22 27 15 20 6 49 17 28 26 22 25 24 28 30 12 28 25 19 23 14 26 17 
23 13 8 29 43 27 36 30 39 12 32 30 13 14 18 9 21 15 28 28 18 26 11 25 15 14 11 13 30 9 31 26 34 35 32 29 21 30 23 48 55 50 53 11 50 26 27 24 23 20 22 54 49 51 13 49 56 60 17 56 54 12 51 18 55 12 
41 39 23 6 27 52 13 6 21 36 10 57 40 18 45 18 15 17 26 54 19 48 21 50 25 13 20 16 57 18 20 41 26 16 20 5 43 16 15 23 28 23 26 16 23 21 9 14 3 46 11 27 24 23 20 22 29 34 9 29 27 15 24 15 29 14 
45 47 34 7 36 13 55 6 11 43 5 65 50 24 53 27 18 23 24 61 23 60 33 61 38 25 32 23 67 29 32 53 38 26 31 16 55 27 28 26 23 22 17 28 19 34 21 27 14 57 24 26 26 17 33 23 24 23 20 22 18 27 20 20 18 25 
41 41 28 1 30 6 6 48 15 38 4 59 43 19 47 20 13 18 22 56 18 53 26 55 31 18 25 18 60 23 27 47 33 22 26 11 48 22 22 25 26 23 22 21 22 28 16 21 7 50 17 27 26 21 26 23 27 29 14 27 23 20 22 15 24 18 
41 47 39 15 39 21 11 15 47 43 11 64 52 25 54 30 17 24 18 60 22 64 38 64 44 31 37 25 68 34 42 60 48 37 41 26 59 37 37 36 32 32 23 33 29 43 31 36 21 60 32 36 36 26 39 33 33 27 26 30 24 32 29 20 22 29 
13 5 20 37 12 36 43 38 43 41 38 21 13 19 11 18 26 20 28 18 21 30 23 26 27 26 23 20 25 21 44 35 47 46 44 40 26 42 35 59 64 60 61 23 59 38 39 36 33 21 34 64 60 60 26 59 65 67 27 65 62 24 60 23 62 22 
40 42 30 4 32 10 5 4 11 38 45 60 45 19 48 22 13 18 20 56 18 56 29 57 34 21 28 18 62 25 31 50 37 26 30 15 51 26 26 28 28 25 22 24 23 32 20 25 10 52 21 29 29 22 29 26 28 28 16 27 23 23 24 15 23 20 
25 18 37 58 30 57 65 59 64 21 60 34 21 40 13 39 47 41 47 5 42 31 40 23 41 45 41 41 13 40 61 42 62 65 62 60 30 60 53 79 85 80 82 42 80 54 58 54 54 22 53 84 80 81 43 79 86 89 48 86 83 43 81 45 84 43 
26 9 18 42 13 40 50 43 52 13 45 21 63 26 8 23 34 28 39 20 30 17 20 13 20 26 21 26 17 21 40 23 41 45 41 41 13 40 33 60 67 62 66 23 62 34 39 34 36 8 34 66 61 63 22 61 68 73 30 69 67 24 63 31 68 25 
23 23 16 18 14 18 24 19 25 19 19 40 26 81 29 6 7 1 15 37 4 40 17 39 23 12 16 1 43 12 31 38 36 31 32 22 35 28 23 41 45 41 41 13 40 28 23 23 14 34 20 45 42 40 19 41 46 48 10 46 42 12 41 4 43 8 
21 6 24 46 18 45 53 47 54 11 48 13 8 29 47 27 36 30 39 12 32 23 27 17 28 32 28 30 14 27 48 31 49 52 49 47 20 47 40 66 73 68 70 29 68 41 45 41 41 13 40 72 67 68 30 67 74 77 35 74 71 30 69 34 72 30 
26 21 10 19 9 18 27 20 30 18 22 39 23 6 27 83 13 6 21 36 10 34 11 35 17 8 10 4 40 6 27 32 31 28 27 21 29 25 19 40 46 41 43 7 41 23 20 19 14 30 16 45 41 41 13 40 47 50 8 47 44 7 42 9 45 4 
27 30 23 13 21 15 18 13 17 26 13 47 34 7 36 13 90 6 11 43 5 47 23 47 29 17 22 8 50 18 33 44 39 31 33 21 42 30 26 39 40 37 35 18 36 32 23 26 12 42 22 41 39 35 24 37 41 41 13 40 36 17 36 3 36 13 
24 24 17 17 15 17 23 18 24 20 18 41 28 1 30 6 6 82 15 38 4 41 17 40 23 12 17 2 44 13 31 38 36 31 31 22 36 28 23 41 44 40 40 13 39 28 22 23 13 35 20 44 41 39 19 40 45 47 10 45 41 13 40 3 42 9 
23 32 32 22 28 26 24 22 18 28 20 47 39 15 39 21 11 15 83 43 11 54 32 52 38 27 32 17 53 28 44 53 50 42 44 31 49 41 37 48 47 45 40 28 43 43 34 37 23 47 33 50 48 41 34 46 48 45 24 46 41 28 44 13 40 24 
20 15 36 55 28 54 61 56 60 18 56 5 20 37 12 36 43 38 43 26 38 34 39 26 41 43 39 38 17 38 60 43 62 63 60 57 31 59 52 77 82 78 79 40 77 53 56 53 51 23 51 82 78 78 41 77 83 85 45 83 80 41 78 41 80 40 
22 25 21 17 18 19 23 18 22 21 18 42 30 4 32 10 5 4 11 38 81 44 21 43 27 16 21 6 46 17 35 42 40 34 35 24 39 31 27 43 45 41 40 17 40 32 26 27 16 38 23 46 43 40 23 41 46 46 14 45 41 17 41 3 41 13 
43 26 25 52 26 48 60 53 64 30 56 31 17 40 23 34 47 41 54 34 44 42 26 8 23 34 28 39 20 30 40 13 39 47 41 47 5 42 36 63 73 67 74 31 68 33 43 37 45 10 38 70 64 70 27 65 74 82 39 75 75 32 69 44 77 35 
34 23 2 25 11 21 33 26 38 23 29 40 20 17 27 11 23 17 32 39 21 26 81 29 6 7 1 15 37 4 21 21 23 25 21 21 22 20 13 39 47 41 47 5 42 15 18 13 18 25 13 45 40 44 2 40 48 55 12 49 48 6 43 20 50 9 
38 21 27 54 25 50 61 55 64 26 57 23 13 39 17 35 47 40 52 26 43 8 29 26 27 36 30 39 12 32 46 21 45 52 47 51 9 47 40 68 77 71 77 33 72 39 47 41 47 5 42 74 69 74 30 69 78 84 41 79 78 34 73 44 80 36 
38 26 7 30 15 25 38 31 44 27 34 41 20 23 28 17 29 23 38 41 27 23 6 27 79 13 6 21 36 10 19 15 21 25 20 24 18 20 13 40 50 44 51 10 45 13 20 14 23 24 15 47 41 47 5 42 51 59 18 52 52 11 46 26 54 15 
34 27 9 17 14 13 25 18 31 26 21 45 26 12 32 8 17 12 27 43 16 34 7 36 13 95 6 11 43 5 19 28 23 21 19 15 29 17 11 33 40 35 40 3 35 15 13 11 11 32 8 39 34 37 8 34 41 47 5 42 41 2 36 14 43 4 
34 24 3 24 11 20 32 25 37 23 28 41 21 16 28 10 22 17 32 39 21 28 1 30 6 6 83 15 38 4 20 22 23 24 21 20 23 19 12 38 46 40 46 4 41 14 17 13 17 26 12 44 39 43 2 39 47 54 11 48 47 5 42 19 49 8 
25 23 15 17 13 16 23 18 25 20 18 41 26 1 30 4 8 2 17 38 6 39 15 39 21 11 15 95 43 11 30 37 34 30 30 21 34 27 21 40 44 40 40 11 39 27 21 21 13 34 18 44 41 39 17 39 45 47 9 45 41 11 40 5 42 7 
34 20 35 59 30 57 67 60 68 25 62 13 17 43 14 40 50 44 53 17 46 20 37 12 36 43 38 43 10 38 56 33 56 62 57 58 21 57 50 77 84 79 83 40 79 49 56 51 54 13 51 83 78 81 39 78 85 90 47 86 84 41 80 47 85 42 
31 22 4 22 9 18 29 23 34 21 25 40 21 12 27 6 18 13 28 38 17 30 4 32 10 5 4 11 38 85 22 26 26 25 23 20 25 21 14 38 45 40 45 2 40 17 17 14 15 27 13 44 39 42 6 39 46 52 9 47 46 3 41 15 47 5 
53 44 23 26 31 20 32 27 42 44 31 61 40 31 48 27 33 31 44 60 35 40 21 46 19 19 20 30 56 22 53 29 6 7 1 15 37 4 8 23 34 28 39 20 30 7 11 8 21 43 11 30 24 34 18 26 35 47 21 38 40 20 31 32 43 23 
48 32 21 46 26 41 53 47 60 35 50 42 23 38 31 32 44 38 53 43 42 13 21 21 15 28 22 37 33 26 29 16 27 36 30 39 12 32 26 52 63 57 66 26 58 23 34 28 39 20 30 60 53 61 20 55 64 74 33 66 67 27 60 41 69 31 
57 47 26 32 34 26 38 33 48 47 37 62 41 36 49 31 39 36 50 62 40 39 23 45 21 23 23 34 56 26 6 27 46 13 6 21 36 10 13 26 39 32 44 24 35 8 17 13 27 43 16 34 28 39 20 30 40 52 26 43 45 24 36 37 49 27 
55 48 27 22 35 16 26 22 37 46 26 65 45 31 52 28 31 31 42 63 34 47 25 52 25 21 24 30 62 25 7 36 13 69 6 11 43 5 12 15 26 20 31 23 22 13 8 11 19 49 12 23 16 26 22 18 28 39 20 30 32 22 23 31 36 24 
54 45 24 26 32 20 31 26 41 44 30 62 41 32 49 27 33 31 44 60 35 41 21 47 20 19 21 30 57 23 1 30 6 6 56 15 38 4 8 21 33 26 38 21 29 8 10 8 21 44 11 29 23 33 19 24 34 46 21 37 39 20 30 32 42 23 
46 42 23 11 29 5 16 11 26 40 15 60 41 22 47 21 21 22 31 57 24 47 21 51 24 15 20 21 58 20 15 39 21 11 15 79 43 11 12 19 25 20 26 18 20 18 5 11 8 47 9 24 20 23 20 19 27 34 12 28 28 17 22 20 30 17 
39 22 20 47 21 43 55 48 59 26 51 30 13 35 20 29 42 36 49 31 39 5 22 9 18 29 23 34 21 25 37 12 36 43 38 43 41 38 32 59 69 62 70 26 64 30 39 33 41 8 34 66 60 66 23 61 70 77 34 71 71 28 65 39 73 30 
51 43 22 22 30 16 27 22 37 42 26 60 40 28 47 25 30 28 41 59 31 42 20 47 20 17 19 27 57 21 4 32 10 5 4 11 38 60 7 20 31 24 35 19 26 9 6 6 17 44 8 27 21 30 17 23 32 43 17 34 36 18 28 28 39 20 
45 36 15 21 23 15 28 22 37 35 26 53 33 23 40 19 26 23 37 52 27 36 13 40 13 11 12 21 50 14 8 26 13 12 8 12 32 7 59 27 36 30 39 12 32 6 7 1 15 37 4 34 28 35 10 29 38 47 13 39 40 12 33 24 43 15 
65 61 42 26 48 23 26 25 36 59 28 79 60 41 66 40 39 41 48 77 43 63 39 68 40 33 38 40 77 38 23 52 26 15 21 19 59 20 27 12 13 6 21 36 10 29 21 26 27 64 26 7 1 15 37 4 14 28 31 17 22 35 11 39 26 36 
68 67 49 27 55 28 23 26 32 64 28 85 67 45 73 46 40 44 47 82 45 73 47 77 50 40 46 44 84 45 34 63 39 26 33 25 69 31 36 13 15 6 11 43 5 40 29 35 31 73 34 6 12 6 46 8 1 15 37 4 11 42 4 41 15 42 
64 62 44 24 50 23 22 23 32 60 25 80 62 41 68 41 37 40 45 78 41 67 41 71 44 35 40 40 79 40 28 57 32 20 26 20 62 24 30 6 6 2 15 38 4 34 23 29 27 67 28 4 6 9 40 2 7 21 32 10 15 37 4 38 19 37 
62 64 49 23 53 26 17 22 23 61 22 82 66 41 70 43 35 40 40 79 40 74 47 77 51 40 46 40 83 45 39 66 44 31 38 26 70 35 39 21 11 15 31 43 11 44 31 38 29 72 35 16 21 6 47 17 10 7 36 7 1 42 10 37 4 40 
32 25 6 20 11 16 28 21 33 23 24 42 23 13 29 7 18 13 28 40 17 31 5 33 10 3 4 11 40 2 20 26 24 23 21 18 26 19 12 36 43 38 43 75 38 16 15 12 14 29 11 42 37 40 6 37 45 50 7 45 44 1 40 15 46 4 
63 62 44 22 50 23 19 22 29 59 23 80 62 40 68 41 36 39 43 77 40 68 42 72 45 35 41 39 79 40 30 58 35 22 29 20 64 26 32 10 5 4 11 38 9 36 24 31 26 68 29 6 10 5 41 6 6 17 32 7 11 37 1 37 15 37 
49 38 17 27 26 21 34 28 43 38 32 54 34 28 41 23 32 28 43 53 32 33 15 39 13 15 14 27 49 17 7 23 8 13 8 18 30 9 6 29 40 34 44 16 36 54 13 6 21 36 10 36 30 39 12 32 41 51 19 43 45 16 37 30 48 19 
46 40 21 15 27 9 21 16 31 39 20 58 39 23 45 20 23 22 34 56 26 43 18 47 20 13 17 21 56 17 11 34 17 8 10 5 39 6 7 21 29 23 31 15 24 13 73 6 11 43 5 27 22 27 16 22 30 39 12 32 32 14 25 22 35 16 
45 37 16 20 24 14 27 21 36 36 25 54 34 23 41 19 26 23 37 53 27 37 13 41 14 11 13 21 51 14 8 28 13 11 8 11 33 6 1 26 35 29 38 12 31 6 6 61 15 38 4 32 27 33 11 28 36 46 13 38 39 12 32 24 42 15 
38 36 20 6 23 3 14 7 21 33 10 54 36 14 41 14 12 13 23 51 16 45 18 47 23 11 17 13 54 15 21 39 27 19 21 8 41 17 15 27 31 27 29 14 26 21 11 15 78 43 11 31 27 27 18 26 32 36 6 32 30 13 27 12 32 11 
33 16 23 49 20 46 57 50 60 21 52 22 8 34 13 30 42 35 47 23 38 10 25 5 24 32 26 34 13 27 43 20 43 49 44 47 8 44 37 64 73 67 72 29 68 36 43 38 43 24 38 71 65 70 27 66 74 80 36 75 74 30 69 39 75 32 
42 36 16 17 22 11 24 17 32 34 21 53 34 20 40 16 22 20 33 51 23 38 13 42 15 8 12 18 51 13 11 30 16 12 11 9 34 8 4 26 34 28 35 11 29 10 5 4 11 38 64 32 27 31 11 27 35 43 9 36 37 10 30 20 39 12 
69 66 48 28 54 27 26 27 36 64 29 84 66 45 72 45 41 44 50 82 46 70 45 74 47 39 44 44 83 44 30 60 34 23 29 24 66 27 34 7 6 4 16 42 6 36 27 32 31 71 32 26 6 11 43 5 6 21 36 10 17 41 6 42 21 41 
66 62 43 26 49 24 26 26 36 60 29 80 61 42 67 41 39 41 48 78 43 64 40 69 41 34 39 41 78 39 24 53 28 16 23 20 60 21 28 1 12 6 21 37 10 30 22 27 27 65 27 6 13 15 38 4 13 27 32 16 21 36 10 40 25 37 
62 63 46 22 51 23 17 21 26 60 22 81 63 40 68 41 35 39 41 78 40 70 44 74 47 37 43 39 81 42 34 61 39 26 33 23 66 30 35 15 6 9 6 40 5 39 27 33 27 70 31 11 15 43 43 11 6 13 33 5 6 39 4 36 10 38 
36 26 5 25 13 20 33 26 39 26 29 43 22 19 30 13 24 19 34 41 23 27 2 30 5 8 2 17 39 6 18 20 20 22 19 20 23 17 10 37 46 40 47 6 41 12 16 11 18 27 11 43 38 43 73 38 47 54 13 48 48 6 42 21 50 10 
64 61 43 24 49 22 23 23 33 59 26 79 61 41 67 40 37 40 46 77 41 65 40 69 42 34 39 39 78 39 26 55 30 18 24 19 61 23 29 4 8 2 17 37 6 32 22 28 26 66 27 5 4 11 38 21 9 23 31 13 17 36 6 38 21 36 
69 68 50 28 56 29 24 27 33 65 28 86 68 46 74 47 41 45 48 83 46 74 48 78 51 41 47 45 85 46 35 64 40 28 34 27 70 32 38 14 1 7 10 45 6 41 30 36 32 74 35 6 13 6 47 9 13 15 38 4 11 43 5 42 14 43 
68 71 57 30 60 34 23 29 27 67 28 89 73 48 77 50 41 47 45 85 46 82 55 84 59 47 54 47 90 52 47 74 52 39 46 34 77 43 47 28 15 21 7 50 17 51 39 46 36 80 43 21 27 13 54 23 15 22 43 11 6 49 16 43 5 48 
34 30 14 12 17 9 20 14 26 27 16 48 30 10 35 8 13 10 24 45 14 39 12 41 18 5 11 9 47 9 21 33 26 20 21 12 34 17 13 31 37 32 36 7 32 19 12 13 6 36 9 36 32 33 13 31 38 43 87 38 37 6 33 11 38 5 
68 68 51 28 56 29 22 27 30 65 27 86 69 46 74 47 40 45 46 83 45 75 49 79 52 42 48 45 86 47 38 66 43 30 37 28 71 34 39 17 4 10 7 45 7 43 32 38 32 75 36 10 16 5 48 13 4 11 38 10 7 44 6 42 11 43 
63 65 50 25 54 27 18 23 24 62 23 83 67 42 71 44 36 41 41 80 41 75 48 78 52 41 47 41 84 46 40 67 45 32 39 28 71 36 40 22 11 15 1 44 11 45 32 39 30 74 37 17 21 6 48 17 11 6 37 7 30 43 11 38 4 42 
33 25 7 19 12 15 27 20 32 24 23 43 24 12 30 7 17 13 28 41 17 32 6 34 11 2 5 11 41 3 20 27 24 22 20 17 28 18 12 35 42 37 42 1 37 16 14 12 13 30 10 41 36 39 6 36 43 49 6 44 43 77 38 15 45 4 
64 63 45 23 51 24 20 22 29 60 24 81 63 41 69 42 36 40 44 78 41 69 43 73 46 36 42 40 80 41 31 60 36 23 30 22 65 28 33 11 4 4 10 40 1 37 25 32 27 69 30 6 10 4 42 6 5 16 33 6 11 38 8 38 15 38 
26 27 20 14 18 15 20 15 20 23 15 45 31 4 34 9 3 3 13 41 3 44 20 44 26 14 19 5 47 15 32 41 37 31 32 20 39 28 24 39 41 38 37 15 37 30 22 24 12 39 20 42 40 36 21 38 42 43 11 42 38 15 38 86 38 11 
63 66 52 26 55 29 18 24 22 62 23 84 68 43 72 45 36 42 40 80 41 77 50 80 54 43 49 42 85 47 43 69 49 36 42 30 73 39 43 26 15 19 4 46 15 48 35 42 32 75 39 21 25 10 50 21 14 5 38 11 4 45 15 38 22 43 
30 25 9 17 12 14 25 18 29 22 20 43 25 8 30 4 13 9 24 40 13 35 9 36 15 4 8 7 42 5 23 31 27 24 23 17 30 20 15 36 42 37 40 4 37 19 16 15 11 32 12 41 37 38 10 36 43 48 5 43 42 4 38 11 43 77 
