28 8
110 12 10 29 2 35 37 43 54 27 53 37 43 44 18 41 25 38 31 53 30 50 26 15 37 35 42 8 
12 87 12 16 10 30 28 55 66 38 65 48 50 54 27 53 37 43 40 64 42 55 37 23 36 46 49 17 
10 12 109 27 9 42 29 45 55 28 55 45 37 43 16 43 35 31 27 53 37 43 26 26 26 43 36 7 
29 16 27 55 27 30 23 71 82 55 81 64 63 70 43 69 52 54 54 80 59 67 53 37 43 62 62 33 
2 10 9 27 106 34 36 45 56 29 55 39 44 46 19 43 27 39 32 54 32 51 27 16 36 37 43 9 
35 30 42 30 34 74 53 74 87 61 83 55 78 78 53 73 43 73 66 85 54 85 60 27 67 53 77 43 
37 28 29 23 36 53 86 71 79 55 82 74 55 67 43 69 63 43 50 77 66 54 53 51 27 72 53 37 
43 55 45 71 45 74 71 24 12 16 10 30 28 10 29 2 35 37 22 11 22 38 18 46 52 30 30 38 
54 66 55 82 56 87 79 12 21 27 9 42 29 12 38 13 47 41 29 2 35 37 29 59 57 42 31 48 
27 38 28 55 29 61 55 16 27 58 27 30 23 16 12 14 28 27 10 25 19 33 2 35 37 29 23 21 
53 65 55 81 55 83 82 10 9 27 4 34 36 17 39 12 41 46 32 10 28 45 29 55 61 35 37 48 
37 48 45 64 39 55 74 30 42 30 34 70 53 39 36 30 12 57 41 41 10 63 31 29 65 2 53 37 
43 50 37 63 44 78 55 28 29 23 36 53 75 18 25 27 51 12 13 27 42 10 22 55 29 52 2 35 
44 54 43 70 46 78 67 10 12 16 17 39 18 25 27 9 42 29 16 10 30 28 18 51 44 39 20 37 
18 27 16 43 19 53 43 29 38 12 39 36 25 27 33 27 30 23 12 36 26 33 10 30 28 35 24 10 
41 53 43 69 43 73 69 2 13 14 12 30 27 9 27 20 34 36 20 12 22 37 16 45 50 30 28 36 
25 37 35 52 27 43 63 35 47 28 41 12 51 42 30 34 61 53 38 46 12 61 28 16 58 10 51 28 
38 43 31 54 39 73 43 37 41 27 46 57 12 29 23 36 53 57 16 39 46 12 25 52 16 56 10 30 
31 40 27 54 32 66 50 22 29 10 32 41 13 16 12 20 38 16 54 27 30 23 9 42 29 40 13 23 
53 64 53 80 54 85 77 11 2 25 10 41 27 10 36 12 46 39 27 19 34 36 27 58 55 42 29 47 
30 42 37 59 32 54 66 22 35 19 28 10 42 30 26 22 12 46 30 34 84 53 20 27 55 9 43 29 
50 55 43 67 51 85 54 38 37 33 45 63 10 28 33 37 61 12 23 36 53 59 32 63 27 62 9 42 
26 37 26 53 27 60 53 18 29 2 29 31 22 18 10 16 28 25 9 27 20 32 54 34 36 30 23 19 
15 23 26 37 16 27 51 46 59 35 55 29 55 51 30 45 16 52 42 58 27 63 34 60 53 27 54 23 
37 36 26 43 36 67 27 52 57 37 61 65 29 44 28 50 58 16 29 55 55 27 36 53 46 63 27 30 
35 46 43 62 37 53 72 30 42 29 35 2 52 39 35 30 10 56 40 42 9 62 30 27 63 68 53 36 
42 49 36 62 43 77 53 30 31 23 37 53 2 20 24 28 51 10 13 29 43 9 23 54 27 53 72 34 
8 17 7 33 9 43 37 38 48 21 48 37 35 37 10 36 28 30 23 47 29 42 19 23 30 36 34 106 
