78 13
26 13 23 17 12 24 7 2 13 21 34 18 26 36 26 7 36 17 12 26 33 42 31 50 38 18 49 31 25 40 46 54 45 45 26 59 39 35 49 54 59 53 24 43 33 24 38 48 59 44 25 14 5 18 28 41 24 38 36 49 52 56 52 16 31 39 49 36 25 31 40 30 46 54 45 64 51 60 
13 53 10 16 24 13 12 15 0 12 29 7 13 23 16 11 24 6 3 13 20 33 18 36 26 7 36 17 12 26 33 42 31 32 12 47 25 22 36 40 47 40 21 30 24 14 26 37 51 33 12 14 12 7 19 36 14 25 24 36 38 43 39 4 17 27 41 24 12 18 31 16 33 43 31 54 39 50 
23 10 73 25 34 5 22 24 10 18 34 12 6 13 20 22 13 12 10 6 19 34 13 26 24 12 26 13 4 18 27 41 24 26 7 36 17 12 26 33 42 31 29 22 26 18 24 36 52 31 2 24 22 13 24 40 18 15 13 26 30 38 29 11 14 26 42 21 4 16 32 11 28 41 24 53 35 48 
17 16 25 52 20 29 10 19 15 9 16 12 24 35 13 10 37 12 18 24 22 26 24 46 26 12 48 23 24 35 36 39 37 36 23 58 34 35 46 46 47 47 7 36 17 12 26 33 42 31 25 3 12 12 13 24 13 36 38 47 46 45 48 13 23 26 33 26 24 21 25 24 36 39 37 48 40 45 
12 24 34 20 14 35 13 12 24 28 36 27 37 47 32 13 48 26 23 37 41 47 40 60 46 26 61 40 36 50 54 59 54 54 36 71 49 46 60 63 66 63 26 53 37 31 46 53 62 51 36 17 12 26 33 42 31 49 47 60 62 64 63 25 40 45 53 44 36 39 45 39 54 59 54 68 59 65 
24 13 5 29 35 73 25 24 13 23 39 17 11 15 25 24 13 17 12 11 24 40 18 28 29 17 26 18 9 21 32 46 28 30 12 36 21 13 28 36 47 33 33 26 32 23 29 42 57 36 7 27 24 18 29 45 23 17 12 26 33 42 31 15 19 31 47 26 9 22 38 16 32 46 28 58 39 53 
7 12 22 10 13 25 35 9 11 15 27 14 24 34 20 0 36 13 12 24 28 36 27 47 33 13 48 26 24 37 41 47 41 41 23 58 36 34 47 50 54 50 17 40 26 18 33 41 52 38 24 7 2 13 21 34 18 36 36 48 49 51 50 12 26 33 42 31 23 26 33 26 41 47 41 57 46 54 
2 15 24 19 12 24 9 24 15 23 36 20 28 37 28 9 37 19 13 28 34 44 33 51 40 20 50 32 26 41 47 56 46 47 27 60 40 36 50 55 61 54 27 45 35 26 40 50 62 46 26 16 7 20 30 43 26 39 36 50 53 58 53 17 32 40 52 38 26 33 42 31 47 56 46 66 53 62 
13 0 10 15 24 13 11 15 53 12 28 7 13 23 16 11 24 6 3 13 20 33 18 36 26 6 36 17 12 26 33 42 31 32 12 47 25 22 36 40 46 40 21 30 23 14 26 37 50 33 12 13 11 7 19 35 14 25 24 36 38 43 39 3 17 27 40 23 12 18 31 16 33 42 31 54 39 49 
21 12 18 9 28 23 15 23 12 66 16 6 16 26 4 15 29 6 16 15 13 21 15 36 18 6 38 14 16 26 26 32 27 27 14 49 24 26 36 36 38 38 10 27 11 3 18 26 38 23 18 10 17 5 7 23 3 26 30 38 36 36 39 8 14 17 28 16 16 12 19 14 26 32 27 42 31 39 
34 29 34 16 36 39 27 36 28 16 85 22 30 39 14 27 43 23 32 30 21 13 26 46 21 22 49 25 32 36 30 26 34 32 29 59 35 40 46 41 36 45 10 34 9 16 21 20 26 21 34 20 29 22 10 7 16 38 44 49 43 36 47 25 25 18 17 22 31 21 12 27 30 26 34 33 31 31 
18 7 12 12 27 17 14 20 7 6 22 63 11 22 9 14 24 1 10 11 14 26 13 34 19 0 35 12 11 23 27 35 26 27 10 46 22 22 34 36 40 36 16 25 16 7 19 30 43 26 13 12 15 0 12 29 7 23 25 35 35 37 36 3 12 20 33 17 11 12 24 12 27 36 26 47 33 42 
26 13 6 24 37 11 24 28 13 16 30 11 27 10 16 24 13 12 15 0 12 29 7 23 17 12 24 7 2 13 21 34 18 20 1 34 12 10 23 27 36 26 26 17 22 15 18 30 46 25 4 24 25 12 20 36 14 12 14 23 25 32 25 12 7 20 36 14 1 10 27 5 21 35 18 47 28 42 
36 23 13 35 47 15 34 37 23 26 39 22 10 46 25 34 5 22 24 10 18 34 12 13 21 22 13 13 10 7 20 36 14 17 12 24 7 2 13 21 34 18 36 12 29 24 21 33 50 27 11 34 35 22 28 43 23 2 7 13 18 29 16 22 13 24 41 18 11 17 33 11 20 36 15 48 27 43 
26 16 20 13 32 25 20 28 16 4 14 9 16 25 35 20 29 10 19 15 9 16 12 34 13 9 37 12 17 23 22 27 24 23 14 47 22 26 34 32 34 34 12 24 7 2 13 21 34 18 19 15 22 9 4 20 2 25 30 36 33 32 36 12 11 13 24 12 17 9 14 13 22 27 24 38 27 34 
7 11 22 10 13 24 0 9 11 15 27 14 24 34 20 24 35 13 12 24 28 36 27 47 33 13 48 26 23 37 41 47 41 41 23 58 36 34 47 50 54 50 17 39 26 18 33 41 53 39 24 7 2 13 21 34 18 36 35 47 49 51 50 12 26 33 43 31 23 26 34 26 41 48 41 57 46 54 
36 24 13 37 48 13 36 37 24 29 43 24 13 5 29 35 48 25 24 13 23 39 17 15 26 25 13 18 12 12 25 41 19 23 14 23 12 3 15 25 39 22 40 17 34 28 26 39 55 33 12 36 36 25 33 48 27 7 2 13 21 34 18 24 18 29 46 23 13 22 38 16 25 41 20 54 32 48 
17 6 12 12 26 17 13 19 6 6 23 1 12 22 10 13 25 15 9 11 15 27 14 34 20 0 36 13 12 24 28 36 27 28 10 46 23 22 34 36 41 37 16 26 17 8 21 31 44 27 13 12 14 1 13 29 8 24 25 35 36 38 37 2 13 21 34 18 11 13 25 13 28 37 27 48 34 43 
12 3 10 18 23 12 12 13 3 16 32 10 15 24 19 12 24 9 4 15 23 36 20 37 29 10 37 20 13 28 35 45 33 34 14 47 27 23 37 42 49 41 24 32 27 17 29 40 54 36 13 16 12 10 23 39 17 26 24 37 40 46 40 7 20 30 44 26 13 21 34 18 35 46 33 57 42 53 
26 13 6 24 37 11 24 28 13 15 30 11 0 10 15 24 13 11 15 27 12 28 7 23 17 11 24 7 2 13 21 34 18 20 1 34 12 11 23 27 36 26 26 17 21 14 17 30 46 24 4 23 24 12 19 35 13 12 14 24 25 32 26 12 7 19 36 14 2 10 26 4 21 34 18 46 28 41 
33 20 19 22 41 24 28 34 20 13 21 14 12 18 9 28 23 15 23 12 43 16 6 25 5 14 28 5 15 15 13 22 14 13 11 38 14 20 25 23 26 25 21 14 11 10 5 17 33 12 17 24 29 14 12 24 9 18 25 28 24 23 27 17 5 7 23 3 14 2 14 7 13 22 14 34 18 29 
42 33 34 26 47 40 36 44 33 21 13 26 29 34 16 36 39 27 36 28 16 69 22 38 13 26 42 22 31 29 20 13 25 22 28 51 28 36 37 30 23 35 21 26 9 19 13 7 17 10 33 29 38 26 14 12 19 33 41 42 33 24 38 29 21 10 7 16 30 18 2 24 19 13 24 21 19 18 
31 18 13 24 40 18 27 33 18 15 26 13 7 12 12 27 17 14 20 7 6 22 37 21 10 13 24 0 9 11 15 27 13 14 6 34 9 14 21 22 29 23 24 12 16 12 10 23 39 17 11 25 28 13 16 30 12 12 19 23 22 25 24 15 1 13 29 7 9 4 20 2 15 27 13 39 21 34 
50 36 26 46 60 28 47 51 36 36 46 34 23 13 34 47 15 34 37 23 25 38 21 21 25 34 5 22 24 10 18 34 12 16 24 13 12 15 0 12 29 7 46 11 36 34 25 34 50 29 24 46 48 34 37 49 33 11 17 4 7 23 3 35 23 28 43 23 24 25 37 22 19 35 13 46 24 40 
38 26 24 26 46 29 33 40 26 18 21 19 17 21 13 33 26 20 29 17 5 13 10 25 32 20 29 10 19 15 9 16 12 10 16 38 15 22 24 20 20 23 24 13 12 15 0 12 29 7 22 28 34 20 14 23 14 20 28 28 21 18 26 22 9 3 19 2 19 7 12 12 9 17 12 29 13 24 
18 7 12 12 26 17 13 20 6 6 22 0 12 22 9 13 25 0 10 11 14 26 13 34 20 48 35 13 12 24 28 36 27 27 10 46 23 22 34 36 41 37 16 26 17 7 20 30 44 26 13 12 15 0 12 29 7 23 25 35 35 38 37 2 13 21 33 18 11 13 24 12 28 36 27 47 33 43 
49 36 26 48 61 26 48 50 36 38 49 35 24 13 37 48 13 36 37 24 28 42 24 5 29 35 26 25 24 13 23 39 17 21 25 10 14 14 5 18 34 12 49 16 40 36 29 39 55 33 24 47 48 36 40 53 36 12 15 0 12 29 7 36 25 32 47 27 24 28 41 24 24 40 18 51 29 45 
31 17 13 23 40 18 26 32 17 14 25 12 7 13 12 26 18 13 20 7 5 22 0 22 10 13 25 24 9 11 15 27 14 14 6 35 10 14 22 23 29 23 24 13 16 12 10 23 39 17 11 24 28 13 15 30 11 13 19 24 22 26 24 15 0 12 29 7 9 4 20 2 15 27 14 39 21 34 
25 12 4 24 36 9 24 26 12 16 32 11 2 10 17 23 12 12 13 2 15 31 9 24 19 12 24 9 30 15 23 36 20 22 3 34 14 10 24 29 38 28 27 18 23 16 20 32 48 27 2 24 24 12 21 37 15 12 13 24 27 34 26 12 10 22 38 17 0 12 29 7 23 37 20 49 30 44 
40 26 18 35 50 21 37 41 26 26 36 23 13 7 23 37 12 24 28 13 15 29 11 10 15 24 13 11 15 1 12 28 7 10 14 24 1 9 10 14 26 13 35 4 26 23 16 27 43 21 16 35 38 24 26 39 23 5 15 13 12 21 13 25 12 19 35 13 15 14 27 11 12 29 7 41 19 35 
46 33 27 36 54 32 41 47 33 26 30 27 21 20 22 41 25 28 35 21 13 20 15 18 9 28 23 15 23 12 25 16 6 2 21 31 12 22 18 10 15 14 33 7 21 24 9 16 32 10 25 37 43 28 24 32 23 17 27 23 13 10 18 30 15 12 24 10 23 15 19 16 0 16 5 29 7 23 
54 42 41 39 59 46 47 56 42 32 26 35 34 36 27 47 41 36 45 34 22 13 27 34 16 36 39 27 36 28 16 58 22 19 33 46 28 38 34 23 10 29 34 24 21 29 16 6 16 9 38 41 49 36 26 24 29 34 43 39 28 13 34 38 26 15 12 19 36 24 15 29 16 0 22 12 10 7 
45 31 24 37 54 28 41 46 31 27 34 26 18 14 24 41 19 27 33 18 14 25 13 12 12 27 17 14 20 7 6 22 14 3 19 26 7 16 12 9 19 10 36 2 24 25 13 22 38 16 22 38 42 27 26 36 24 12 22 17 9 14 13 29 14 16 30 12 20 15 24 15 6 23 0 35 12 29 
45 32 26 36 54 30 41 47 32 27 32 27 20 17 23 41 23 28 34 20 13 22 14 16 10 27 21 14 22 10 2 19 3 50 20 29 10 19 15 9 16 12 34 5 22 24 10 18 34 12 23 37 42 27 25 33 23 15 25 20 11 12 16 29 14 13 26 10 22 14 21 15 3 19 3 31 9 25 
26 12 7 23 36 12 23 27 12 14 29 10 1 12 14 23 14 10 14 1 11 28 6 24 16 10 25 6 3 14 21 33 19 20 69 35 13 12 24 28 36 27 25 17 20 13 17 29 45 24 5 22 24 10 18 34 12 13 15 25 26 32 26 11 7 19 35 14 2 9 26 4 21 34 19 46 28 41 
59 47 36 58 71 36 58 60 47 49 59 46 34 24 47 58 23 46 47 34 38 51 34 13 38 46 10 35 34 24 31 46 26 29 35 10 25 24 13 23 39 17 59 25 49 47 39 47 62 42 34 58 59 46 50 62 46 22 24 10 18 34 12 46 35 42 56 37 35 38 50 34 32 47 26 58 36 52 
39 25 17 34 49 21 36 40 25 24 35 22 12 7 22 36 12 23 27 12 14 28 9 12 15 23 14 10 14 1 12 28 7 10 13 25 45 9 11 15 27 14 34 5 25 22 15 26 43 20 15 34 37 23 25 38 21 5 14 14 13 22 14 24 10 18 34 12 14 13 27 10 13 29 7 41 20 35 
35 22 12 35 46 13 34 36 22 26 40 22 10 2 26 34 3 22 23 11 20 36 14 15 22 22 14 14 10 9 22 38 16 19 12 24 9 48 15 23 36 20 37 14 30 25 23 35 52 29 10 34 34 23 29 44 24 4 5 13 19 31 18 22 15 26 42 20 10 18 34 12 22 38 17 50 29 45 
49 36 26 46 60 28 47 50 36 36 46 34 23 13 34 47 15 34 37 23 25 37 21 0 24 34 5 22 24 10 18 34 12 15 24 13 11 15 21 12 28 7 46 11 36 34 25 34 50 28 24 46 48 34 37 48 33 11 17 5 7 23 3 35 22 28 42 23 24 25 36 21 18 34 12 46 23 40 
54 40 33 46 63 36 50 55 40 36 41 36 27 21 32 50 25 36 42 27 23 30 22 12 20 36 18 23 29 14 10 23 9 9 28 23 15 23 12 37 16 6 44 10 32 33 20 25 39 20 30 47 51 36 34 42 33 19 28 17 5 11 11 38 23 22 33 20 29 24 30 24 10 23 9 34 12 28 
59 47 42 47 66 47 54 61 46 38 36 40 36 34 34 54 39 41 49 36 26 23 29 29 20 41 34 29 38 26 15 10 19 16 36 39 27 36 28 16 69 22 42 21 29 35 20 16 25 15 40 49 55 41 34 34 35 32 41 34 21 5 27 43 29 21 22 23 38 28 24 31 14 10 19 18 7 12 
53 40 31 47 63 33 50 54 40 38 45 36 26 18 34 50 22 37 41 26 25 35 23 7 23 37 12 23 28 13 14 29 10 12 27 17 14 20 7 6 22 25 46 10 35 35 23 30 45 25 29 48 51 37 37 46 34 16 24 12 1 17 5 38 24 26 38 22 28 25 34 24 15 29 10 40 18 34 
24 21 29 7 26 33 17 27 21 10 10 16 26 36 12 17 40 16 24 26 21 21 24 46 24 16 49 24 27 35 33 34 36 34 25 59 34 37 46 44 42 46 40 35 13 12 24 28 36 27 29 10 19 15 9 16 12 37 41 48 45 41 48 18 23 22 27 24 27 21 19 25 33 34 35 42 36 40 
43 30 22 36 53 26 40 45 30 27 34 25 17 12 24 39 17 26 32 17 14 26 12 11 13 26 16 13 18 4 7 24 2 5 17 25 5 14 11 10 21 10 35 58 25 24 13 23 39 17 20 37 41 26 26 37 23 10 19 15 9 16 12 27 13 16 31 12 18 14 25 13 8 24 2 37 15 31 
33 24 26 17 37 32 26 35 23 11 9 16 22 29 7 26 34 17 27 21 11 9 16 36 12 17 40 16 23 26 21 21 24 22 20 49 25 30 36 32 29 35 13 25 20 9 11 15 27 14 25 20 28 16 4 14 9 29 35 39 33 28 37 19 15 9 16 12 23 12 7 18 21 21 24 31 23 27 
24 14 18 12 31 23 18 26 14 3 16 7 15 24 2 18 28 8 17 14 10 19 12 34 15 7 36 12 16 23 24 29 25 24 13 47 22 25 34 33 35 35 12 24 9 39 15 23 36 20 18 13 20 7 5 22 0 25 29 36 34 33 36 10 11 14 26 13 15 9 16 12 23 29 24 40 28 36 
38 26 24 26 46 29 33 40 26 18 21 19 18 21 13 33 26 21 29 17 5 13 10 25 0 20 29 10 20 16 9 16 13 10 17 39 15 23 25 20 20 23 24 13 11 15 31 12 28 7 22 28 34 20 14 23 14 20 28 29 22 18 26 22 10 3 19 3 19 7 11 12 9 16 12 29 13 24 
48 37 36 33 53 42 41 50 37 26 20 30 30 33 21 41 39 31 40 30 17 7 23 34 12 30 39 23 32 27 16 6 22 18 29 47 26 35 34 25 16 30 28 23 15 23 12 19 16 6 34 35 43 30 20 18 23 32 40 39 29 17 34 33 22 10 8 15 32 19 8 25 15 6 21 16 12 12 
59 51 52 42 62 57 52 62 50 38 26 43 46 50 34 53 55 44 54 46 33 17 39 50 29 44 55 39 48 43 32 16 38 34 45 62 43 52 50 39 25 45 36 39 27 36 28 16 33 22 50 45 55 43 31 20 36 48 57 55 44 29 50 47 38 26 10 32 48 35 19 41 31 15 37 9 26 12 
44 33 31 31 51 36 38 46 33 23 21 26 25 27 18 39 33 27 36 24 12 10 17 29 7 26 33 17 27 21 10 9 16 12 24 42 20 29 28 20 15 25 27 17 14 20 7 6 22 25 29 33 40 26 18 21 20 26 34 33 23 14 29 29 17 5 14 10 26 14 9 19 10 9 15 22 9 16 
25 12 2 25 36 7 24 26 12 18 34 13 4 11 19 24 12 13 13 4 17 33 11 24 22 13 24 11 2 16 25 38 22 23 5 34 15 10 24 30 40 29 29 20 25 18 22 34 50 29 71 25 24 13 23 39 17 13 12 24 28 36 27 12 12 24 40 19 2 15 31 9 25 39 22 51 32 46 
14 14 24 3 17 27 7 16 13 10 20 12 24 34 15 7 36 12 16 23 24 29 25 46 28 12 47 24 24 35 37 41 38 37 22 58 34 34 46 47 49 48 10 37 20 13 28 35 45 33 25 26 9 11 15 27 14 35 37 47 47 47 48 12 24 28 36 27 23 22 27 24 37 42 38 51 42 48 
5 12 22 12 12 24 2 7 11 17 29 15 25 35 22 2 36 14 12 24 29 38 28 48 34 15 48 28 24 38 43 49 42 42 24 59 37 34 48 51 55 51 19 41 28 20 34 43 55 40 24 9 24 15 23 36 20 37 35 48 50 53 51 13 28 35 45 33 24 28 36 27 43 49 42 59 48 56 
18 7 13 12 26 18 13 20 7 5 22 0 12 22 9 13 25 1 10 12 14 26 13 34 20 0 36 13 12 24 28 36 27 27 10 46 23 23 34 36 41 37 15 26 16 7 20 30 43 26 13 11 15 48 12 28 7 24 25 35 35 38 37 3 13 20 33 18 12 13 24 13 28 36 27 47 33 43 
28 19 24 13 33 29 21 30 19 7 10 12 20 28 4 21 33 13 23 19 12 14 16 37 14 12 40 15 21 26 24 26 26 25 18 50 25 29 37 34 34 37 9 26 4 5 14 20 31 18 23 15 23 12 56 16 6 29 34 40 35 32 39 15 15 13 21 14 21 12 12 17 24 26 26 36 27 32 
41 36 40 24 42 45 34 43 35 23 7 29 36 43 20 34 48 29 39 35 24 12 30 49 23 29 53 30 37 39 32 24 36 33 34 62 38 44 48 42 34 46 16 37 14 22 23 18 20 21 39 27 36 28 16 72 22 42 49 52 45 35 50 31 29 20 13 25 37 26 12 32 31 24 36 28 31 27 
24 14 18 13 31 23 18 26 14 3 16 7 14 23 2 18 27 8 17 13 9 19 12 33 14 7 36 11 15 23 23 29 24 23 12 46 21 24 33 33 35 34 12 23 9 0 14 23 36 20 17 14 20 7 6 22 54 24 28 35 33 33 35 10 10 14 26 13 15 8 16 12 23 29 24 40 28 36 
38 25 15 36 49 17 36 39 25 26 38 23 12 2 25 36 7 24 26 12 18 33 12 11 20 23 12 13 12 5 17 34 12 15 13 22 5 4 11 19 32 16 37 10 29 25 20 32 48 26 13 35 37 24 29 42 24 50 9 11 15 27 14 24 13 23 39 17 13 17 32 12 18 34 12 47 25 41 
36 24 13 38 47 12 36 36 24 30 44 25 14 7 30 35 2 25 24 14 25 41 19 17 28 25 15 19 13 15 27 43 22 25 15 24 14 5 17 28 41 24 41 19 35 29 28 40 57 34 12 37 35 25 34 49 28 9 48 15 23 36 20 25 20 31 48 25 13 23 39 17 27 43 22 56 34 50 
49 36 26 47 60 26 48 50 36 38 49 35 23 13 36 47 13 35 37 24 28 42 23 4 28 35 0 24 24 13 23 39 17 20 25 10 14 13 5 17 34 12 48 15 39 36 29 39 55 33 24 47 48 35 40 52 35 11 15 27 12 28 7 36 25 32 47 26 24 27 41 23 23 39 17 51 28 45 
52 38 30 46 62 33 49 53 38 36 43 35 25 18 33 49 21 36 40 25 24 33 22 7 21 35 12 22 27 12 13 28 9 11 26 18 13 19 7 5 21 1 45 9 33 34 22 29 44 23 28 47 50 35 35 45 33 15 23 12 47 16 6 37 22 25 37 21 27 24 33 22 13 28 9 39 17 33 
56 43 38 45 64 42 51 58 43 36 36 37 32 29 32 51 34 38 46 32 23 24 25 23 18 38 29 26 34 21 10 13 14 12 32 34 22 31 23 11 5 17 41 16 28 33 18 17 29 14 36 47 53 38 32 35 33 27 36 28 16 79 22 40 25 19 25 20 34 25 24 27 10 13 14 23 5 17 
52 39 29 48 63 31 50 53 39 39 47 36 25 16 36 50 18 37 40 26 27 38 24 3 26 37 7 24 26 13 18 34 13 16 26 12 14 18 3 11 27 5 48 12 37 36 26 34 50 29 27 48 51 37 39 50 35 14 20 7 6 22 35 38 25 29 43 25 27 27 38 24 19 34 13 45 23 39 
16 4 11 13 25 15 12 17 3 8 25 3 12 22 12 12 24 2 7 12 17 29 15 35 22 2 36 15 12 25 30 38 29 29 11 46 24 22 35 38 43 38 18 27 19 10 22 33 47 29 12 12 13 3 15 31 10 24 25 36 37 40 38 19 15 23 36 20 11 15 27 14 30 39 29 50 36 46 
31 17 14 23 40 19 26 32 17 14 25 12 7 13 11 26 18 13 20 7 5 21 1 23 9 13 25 0 10 12 15 26 14 14 7 35 10 15 22 23 29 24 23 13 15 11 10 22 38 17 12 24 28 13 15 29 10 13 20 25 22 25 25 15 23 12 28 7 9 3 19 2 15 27 14 39 21 34 
39 27 26 26 45 31 33 40 27 17 18 20 20 24 13 33 29 21 30 19 7 10 13 28 3 21 32 12 22 19 12 15 16 13 19 42 18 26 28 22 21 26 22 16 9 14 3 10 26 5 24 28 35 20 13 20 14 23 31 32 25 19 29 23 12 30 16 6 22 9 8 15 11 15 15 27 14 22 
49 41 42 33 53 47 42 52 40 28 17 33 36 41 24 43 46 34 44 36 23 7 29 43 19 33 47 29 38 35 24 12 30 26 35 56 34 42 42 33 22 38 27 31 16 26 19 8 10 14 40 36 45 33 21 13 26 39 48 47 37 25 43 36 28 16 54 22 38 25 9 31 24 11 29 15 21 14 
36 24 21 26 44 26 31 38 23 16 22 17 14 18 12 31 23 18 26 14 3 16 7 23 2 18 27 7 17 13 10 19 12 10 14 37 12 20 23 20 23 22 24 12 12 13 3 15 32 10 19 27 33 18 14 25 13 17 25 26 21 20 25 20 7 6 22 28 16 5 14 9 10 20 11 32 15 27 
25 12 4 24 36 9 23 26 12 16 31 11 1 11 17 23 13 11 13 2 14 30 9 24 19 11 24 9 0 15 23 36 20 22 2 35 14 10 24 29 38 28 27 18 23 15 19 32 48 26 2 23 24 12 21 37 15 13 13 24 27 34 27 11 9 22 38 16 30 12 28 7 23 36 20 49 30 43 
31 18 16 21 39 22 26 33 18 12 21 12 10 17 9 26 22 13 21 10 2 18 4 25 7 13 28 4 12 14 15 24 15 14 9 38 13 18 25 24 28 25 21 14 12 9 7 19 35 14 15 22 28 13 12 26 8 17 23 27 24 25 27 15 3 9 25 5 12 47 16 6 15 24 15 36 20 31 
40 31 32 25 45 38 33 42 31 19 12 24 27 33 14 34 38 25 34 26 14 2 20 37 12 24 41 20 29 27 19 15 24 21 26 50 27 34 36 30 24 34 19 25 7 16 11 8 19 9 31 27 36 24 12 12 16 32 39 41 33 24 38 27 19 8 9 14 28 16 73 22 19 15 24 23 19 20 
30 16 11 24 39 16 26 31 16 14 27 12 5 11 13 26 16 13 18 4 7 24 2 22 12 12 24 2 7 11 16 29 15 15 4 34 10 12 21 24 31 24 25 13 18 12 12 25 41 19 9 24 27 13 17 32 12 12 17 23 22 27 24 14 2 15 31 9 7 6 22 41 17 29 15 42 23 36 
46 33 28 36 54 32 41 47 33 26 30 27 21 20 22 41 25 28 35 21 13 19 15 19 9 28 24 15 23 12 0 16 6 3 21 32 13 22 18 10 14 15 33 8 21 23 9 15 31 10 25 37 43 28 24 31 23 18 27 23 13 10 19 30 15 11 24 10 23 15 19 17 25 16 6 28 7 22 
54 43 41 39 59 46 47 56 42 32 26 36 35 36 27 48 41 37 46 34 22 13 27 35 17 36 40 27 37 29 16 0 23 19 34 47 29 38 34 23 10 29 34 24 21 29 16 6 15 9 39 42 49 36 26 24 29 34 43 39 28 13 34 39 27 15 11 20 36 24 15 29 16 57 22 12 11 7 
45 31 24 37 54 28 41 46 31 27 34 26 18 15 24 41 20 27 33 18 14 24 13 13 12 27 18 14 20 7 5 22 0 3 19 26 7 17 12 9 19 10 35 2 24 24 12 21 37 15 22 38 42 27 26 36 24 12 22 17 9 14 13 29 14 15 29 11 20 15 24 15 6 22 14 34 12 28 
64 54 53 48 68 58 57 66 54 42 33 47 47 48 38 57 54 48 57 46 34 21 39 46 29 47 51 39 49 41 29 12 35 31 46 58 41 50 46 34 18 40 42 37 31 40 29 16 9 22 51 51 59 47 36 28 40 47 56 51 39 23 45 50 39 27 15 32 49 36 23 42 28 12 34 32 22 6 
51 39 35 40 59 39 46 53 39 31 31 33 28 27 27 46 32 34 42 28 18 19 21 24 13 33 29 21 30 19 7 10 12 9 28 36 20 29 23 12 7 18 36 15 23 28 13 12 26 9 32 42 48 33 27 31 28 25 34 28 17 5 23 36 21 14 21 15 30 20 19 23 7 11 12 22 12 16 
60 50 48 45 65 53 54 62 49 39 31 42 42 43 34 54 48 43 53 41 29 18 34 40 24 43 45 34 44 35 23 7 29 25 41 52 35 45 40 28 12 34 40 31 27 36 24 12 12 16 46 48 56 43 32 27 36 41 50 45 33 17 39 46 34 22 14 27 43 31 20 36 22 7 28 6 16 45 
