66 12
70 24 2 23 33 20 28 51 28 12 20 14 33 45 29 25 38 19 13 26 50 12 21 19 6 19 38 23 2 25 45 30 25 39 22 10 25 49 52 45 59 38 18 42 64 40 53 52 20 33 50 43 40 7 24 45 46 17 38 59 41 32 30 3 21 44 
24 29 24 41 34 24 38 34 3 20 43 35 58 69 51 49 61 23 31 51 74 33 45 29 25 38 19 13 26 50 69 51 49 61 24 30 50 74 71 66 80 46 41 65 88 54 68 49 26 50 71 61 36 21 45 68 48 35 59 81 21 28 43 22 46 68 
2 24 67 21 30 18 26 49 28 10 20 17 35 45 28 25 38 17 15 27 50 14 21 17 4 17 36 24 4 26 45 29 25 38 19 13 26 50 51 44 58 35 17 41 64 38 51 50 17 31 49 42 37 5 23 45 43 15 37 58 39 29 28 4 22 44 
23 41 21 90 24 19 12 54 45 21 10 33 37 35 11 19 24 20 33 27 44 30 14 13 18 4 45 45 24 25 33 10 17 23 20 31 24 42 29 25 38 19 13 26 50 17 30 41 17 10 30 20 32 20 7 30 30 6 17 41 48 27 9 26 23 33 
33 34 30 24 59 13 12 31 36 21 33 47 59 59 35 43 48 14 46 49 68 45 37 14 27 25 27 44 35 47 58 33 41 46 11 43 47 66 45 46 57 14 35 49 72 25 38 19 13 26 50 37 8 26 31 53 14 22 38 62 30 6 18 34 45 57 
20 24 18 19 13 51 14 35 27 8 26 35 49 53 31 35 43 1 33 40 61 32 29 6 14 18 25 32 22 38 52 30 33 42 1 31 38 60 47 45 57 22 26 45 69 29 43 32 2 26 49 38 19 13 26 50 27 15 37 61 29 11 19 21 35 52 
28 38 26 12 12 14 77 43 41 20 22 40 49 47 22 31 35 15 40 38 56 38 26 9 21 14 37 46 29 36 45 21 29 33 14 38 36 54 34 34 45 9 24 36 60 15 29 29 11 13 37 25 20 22 19 41 19 13 26 50 40 17 6 30 34 45 
51 34 49 54 31 35 43 39 32 39 61 65 84 88 65 70 78 35 62 75 96 63 65 41 47 53 14 47 53 73 87 64 69 77 33 60 73 95 76 78 88 45 61 80 103 56 68 29 37 57 81 68 25 44 61 84 38 50 70 93 13 26 50 50 70 87 
28 3 28 45 36 27 41 32 26 24 47 38 61 73 54 53 65 26 35 54 78 37 49 32 29 42 18 14 30 53 73 55 53 65 27 33 54 78 74 70 83 49 45 68 92 57 71 49 29 53 75 65 37 25 49 72 50 38 62 85 19 30 46 26 50 72 
12 20 10 21 21 8 20 39 24 52 23 27 44 51 30 32 42 7 25 35 58 24 26 10 7 18 27 26 14 33 50 31 31 42 9 23 33 57 50 46 59 29 22 45 69 34 48 40 9 29 51 41 27 5 25 49 35 14 38 61 31 19 24 13 30 50 
20 43 20 10 33 26 22 61 47 23 100 25 26 27 9 9 18 26 27 16 35 23 4 20 17 8 50 44 20 14 26 11 7 18 27 25 14 33 33 24 38 30 3 21 45 26 36 51 24 17 29 24 41 21 5 25 41 11 18 38 54 36 19 23 13 26 
14 35 17 33 47 35 40 65 38 27 25 49 24 41 34 24 38 34 3 20 43 2 23 33 20 28 51 28 12 20 42 36 26 40 36 5 21 43 58 48 61 50 21 42 62 50 61 67 34 42 53 50 54 22 30 45 59 28 43 59 54 46 41 14 17 41 
33 58 35 37 59 49 49 84 61 44 26 24 5 21 30 18 26 49 28 10 20 24 22 45 36 34 71 52 32 12 23 33 20 28 51 28 12 20 50 37 48 56 24 29 41 51 58 78 48 43 41 45 67 39 30 29 68 36 36 42 75 61 46 35 14 22 
45 69 45 35 59 53 47 88 73 51 27 41 21 47 24 19 12 54 45 21 10 41 24 47 44 35 78 67 44 21 2 26 20 14 55 44 20 8 33 20 28 51 28 12 20 42 44 75 51 35 23 31 67 48 27 10 63 38 24 20 82 63 41 48 24 2 
29 51 28 11 35 31 22 65 54 30 9 34 30 24 66 13 12 31 36 21 33 32 10 24 26 12 56 53 29 19 22 2 10 11 32 34 18 31 23 15 29 27 12 14 38 20 28 51 28 12 20 15 43 29 5 19 39 16 8 30 60 39 17 32 19 22 
25 49 25 19 43 35 31 70 53 32 9 24 18 19 13 41 14 35 27 8 26 23 5 30 24 17 59 48 24 6 19 15 2 15 36 26 5 25 35 23 37 38 9 17 39 33 41 61 33 25 28 28 51 28 12 20 50 20 20 34 63 45 28 28 7 18 
38 61 38 24 48 43 35 78 65 42 18 38 26 12 12 14 56 43 41 20 22 37 17 37 36 24 68 62 38 18 10 14 13 2 44 40 18 20 24 11 23 39 20 3 26 30 33 63 41 23 15 20 55 40 17 7 51 28 12 20 72 52 30 41 21 10 
19 23 17 20 14 1 15 35 26 7 26 34 49 54 31 35 43 102 32 39 61 31 29 7 13 19 24 31 21 38 52 31 34 43 2 30 38 60 48 45 58 23 26 46 70 31 45 33 3 27 50 39 20 12 26 50 28 15 37 61 28 12 20 20 35 52 
13 31 15 33 46 33 40 62 35 25 27 3 28 45 36 27 41 32 57 24 47 4 25 32 19 29 48 24 11 24 45 38 28 42 35 2 24 47 60 50 64 50 23 45 65 51 63 65 33 43 55 52 53 20 32 48 59 28 45 62 51 45 41 12 20 44 
26 51 27 27 49 40 38 75 54 35 16 20 10 21 21 8 20 39 24 25 23 20 12 35 27 24 62 47 24 2 21 24 10 21 41 23 2 23 42 30 43 46 14 23 41 41 49 68 38 33 35 36 57 31 20 25 58 26 28 39 66 51 36 28 4 20 
50 74 50 44 68 61 56 96 78 58 35 43 20 10 33 26 22 61 47 23 41 43 31 55 50 43 85 71 48 24 13 35 27 24 62 47 24 2 43 31 37 61 35 23 23 52 54 85 59 45 33 42 76 54 36 20 73 46 34 28 89 71 51 52 28 12 
12 33 14 30 45 32 38 63 37 24 23 2 24 41 32 23 37 31 4 20 43 48 21 30 18 26 49 28 10 20 41 34 24 38 34 3 20 43 56 46 60 48 19 41 61 48 59 64 32 40 51 48 52 19 28 44 57 25 41 58 52 44 38 12 16 40 
21 45 21 14 37 29 26 65 49 26 4 23 22 24 10 5 17 29 25 12 31 21 83 24 19 12 54 45 21 10 24 13 4 17 31 24 10 30 34 24 38 34 3 20 43 29 39 55 27 21 30 26 45 23 8 24 45 15 19 37 57 40 23 24 9 23 
19 29 17 13 14 6 9 41 32 10 20 33 45 47 24 30 37 7 32 35 55 30 24 69 13 12 31 36 21 33 46 24 28 36 7 30 33 54 41 38 51 19 21 39 63 24 38 34 3 20 43 32 22 13 20 43 26 9 30 54 35 15 14 21 30 46 
6 25 4 18 27 14 21 47 29 7 17 20 36 44 26 24 36 13 19 27 50 18 19 13 49 14 35 27 8 26 44 26 24 36 16 16 26 49 47 41 55 31 15 39 62 34 47 46 14 27 46 38 34 3 20 43 39 11 34 56 38 26 24 8 22 43 
19 38 17 4 25 18 14 53 42 18 8 28 34 35 12 17 24 19 29 24 43 26 12 12 14 77 43 41 20 22 34 13 15 24 20 26 21 41 33 28 41 23 9 27 51 22 34 44 16 14 33 24 33 17 7 31 34 3 20 43 47 28 13 22 20 33 
38 19 36 45 27 25 37 14 18 27 50 51 71 78 56 59 68 24 48 62 85 49 54 31 35 43 68 32 39 61 77 55 58 67 24 46 61 84 71 70 82 41 50 71 95 52 65 34 27 50 74 62 24 31 51 75 38 40 62 86 3 20 43 36 57 77 
23 13 24 45 44 32 46 47 14 26 44 28 52 67 53 48 62 31 24 47 71 28 45 36 27 41 32 7 24 47 68 54 49 62 33 24 47 71 75 68 82 55 41 65 87 60 74 61 34 55 73 66 48 24 47 69 59 38 61 82 34 40 50 20 43 67 
2 26 4 24 35 22 29 53 30 14 20 12 32 44 29 24 38 21 11 24 48 10 21 21 8 20 39 24 41 23 44 31 25 38 24 8 24 48 53 45 59 39 17 41 63 41 54 54 22 34 50 44 42 9 24 45 48 18 38 58 43 34 31 3 20 43 
25 50 26 25 47 38 36 73 53 33 14 20 12 21 19 6 18 38 24 2 24 20 10 33 26 22 61 47 23 86 21 22 9 20 40 23 0 24 41 29 42 44 12 22 41 39 47 66 36 31 34 34 55 29 18 24 56 24 26 38 65 49 34 27 3 20 
45 69 45 33 58 52 45 87 73 50 26 42 23 2 22 19 10 52 45 21 13 41 24 46 44 34 77 68 44 21 43 24 19 12 54 45 21 10 30 18 26 49 28 10 20 40 41 73 50 33 20 29 65 47 26 7 61 37 22 18 81 61 40 47 25 1 
30 51 29 10 33 30 21 64 55 31 11 36 33 26 2 15 14 31 38 24 35 34 13 24 26 13 55 54 31 22 24 61 13 12 31 36 21 33 21 15 28 25 14 15 39 18 26 49 28 10 20 13 41 30 6 20 37 16 7 30 59 38 15 34 22 24 
25 49 25 17 41 33 29 69 53 31 7 26 20 20 10 2 13 34 28 10 27 24 4 28 24 15 58 49 25 9 19 13 36 14 35 27 8 26 32 21 35 36 8 16 39 30 38 59 31 22 27 26 49 28 10 20 48 19 18 33 62 44 25 28 9 19 
39 61 38 23 46 42 33 77 65 42 18 40 28 14 11 15 2 43 42 21 24 38 17 36 36 24 67 62 38 20 12 12 14 52 43 41 20 22 21 8 21 37 21 3 27 27 30 61 40 21 13 18 54 40 16 7 49 28 10 20 71 51 28 42 22 12 
22 24 19 20 11 1 14 33 27 9 27 36 51 55 32 36 44 2 35 41 62 34 31 7 16 20 24 33 24 40 54 31 35 43 98 32 39 61 48 46 58 21 27 46 70 30 44 30 3 27 50 39 18 14 27 51 26 16 38 61 28 10 20 22 36 53 
10 30 13 31 43 31 38 60 33 23 25 5 28 44 34 26 40 30 2 23 47 3 24 30 16 26 46 24 8 23 45 36 27 41 32 56 24 47 58 49 63 48 21 44 65 49 61 63 30 41 54 50 50 18 30 47 56 26 43 61 49 42 39 10 20 44 
25 50 26 24 47 38 36 73 54 33 14 21 12 20 18 5 18 38 24 2 24 20 10 33 26 21 61 47 24 0 21 21 8 20 39 24 20 23 40 28 41 44 12 21 41 39 47 66 36 30 33 34 55 29 18 24 55 24 26 38 65 49 33 28 4 20 
49 74 50 42 66 60 54 95 78 57 33 43 20 8 31 25 20 60 47 23 2 43 30 54 49 41 84 71 48 24 10 33 26 22 61 47 23 40 41 28 35 59 34 20 21 50 52 83 57 43 30 39 74 53 34 18 71 45 32 26 88 70 49 52 28 10 
52 71 51 29 45 47 34 76 74 50 33 58 50 33 23 35 24 48 60 42 43 56 34 41 47 33 71 75 53 41 30 21 32 21 48 58 40 41 48 13 12 31 36 21 33 19 12 54 45 21 10 9 51 50 28 23 41 36 14 21 74 51 28 55 42 31 
45 66 44 25 46 45 34 78 70 46 24 48 37 20 15 23 11 45 50 30 31 46 24 38 41 28 70 68 45 29 18 15 21 8 46 49 28 28 13 39 14 35 27 8 26 24 23 59 42 20 5 12 54 45 21 10 46 31 8 15 74 51 28 48 31 18 
59 80 58 38 57 57 45 88 83 59 38 61 48 28 29 37 23 58 64 43 37 60 38 51 55 41 82 82 59 42 26 28 35 21 58 63 41 35 12 14 24 43 41 20 22 32 24 66 55 31 8 19 63 58 34 19 54 45 21 10 85 62 38 62 44 27 
38 46 35 19 14 22 9 45 49 29 30 50 56 51 27 38 39 23 50 46 61 48 34 19 31 23 41 55 39 44 49 25 36 37 21 48 44 59 31 35 43 108 32 39 61 11 24 24 20 15 37 24 19 32 26 44 12 22 28 50 45 21 10 40 43 49 
18 41 17 13 35 26 24 61 45 22 3 21 24 28 12 9 20 26 23 14 35 19 3 21 15 9 50 41 17 12 28 14 8 21 27 21 12 34 36 27 41 32 90 24 47 29 40 53 24 21 32 28 43 19 8 27 43 12 21 41 54 37 22 21 10 27 
42 65 41 26 49 45 36 80 68 45 21 42 29 12 14 17 3 46 45 23 23 41 20 39 39 27 71 65 41 22 10 15 16 3 46 44 21 20 21 8 20 39 24 42 23 30 31 64 43 24 12 19 57 43 19 4 51 31 12 17 74 54 31 45 25 10 
64 88 64 50 72 69 60 103 92 69 45 62 41 20 38 39 26 70 65 41 23 61 43 63 62 51 95 87 63 41 20 39 39 27 70 65 41 21 33 26 22 61 47 23 21 50 45 85 67 46 24 37 80 66 43 19 72 55 33 12 98 77 54 67 45 21 
40 54 38 17 25 29 15 56 57 34 26 50 51 42 20 33 30 31 51 41 52 48 29 24 34 22 52 60 41 39 40 18 30 27 30 49 39 50 19 24 32 11 29 30 50 26 14 35 27 8 26 12 31 36 21 33 22 23 17 38 55 31 10 43 39 40 
53 68 51 30 38 43 29 68 71 48 36 61 58 44 28 41 33 45 63 49 54 59 39 38 47 34 65 74 54 47 41 26 38 30 44 61 47 52 12 23 24 24 40 31 45 14 25 43 41 20 22 13 43 50 31 34 31 36 21 33 69 45 24 56 48 42 
52 49 50 41 19 32 29 29 49 40 51 67 78 75 51 61 63 33 65 68 85 64 55 34 46 44 34 61 54 66 73 49 59 61 30 63 66 83 54 59 66 24 53 64 85 35 43 63 32 39 61 48 13 45 49 68 12 41 52 74 36 21 33 53 64 73 
20 26 17 17 13 2 11 37 29 9 24 34 48 51 28 33 41 3 33 38 59 32 27 3 14 16 27 34 22 36 50 28 31 40 3 30 36 57 45 42 55 20 24 43 67 27 41 32 72 24 47 36 20 13 23 47 26 12 34 58 31 13 17 21 33 49 
33 50 31 10 26 26 13 57 53 29 17 42 43 35 12 25 23 27 43 33 45 40 21 20 27 14 50 55 34 31 33 10 22 21 27 41 30 43 21 20 31 15 21 24 46 8 20 39 24 43 23 12 33 30 13 28 27 16 12 36 54 31 7 36 30 33 
50 71 49 30 50 49 37 81 75 51 29 53 41 23 20 28 15 50 55 35 33 51 30 43 46 33 74 73 50 34 20 20 27 13 50 54 33 30 10 5 8 37 32 12 24 26 22 61 47 23 67 13 57 50 26 13 48 36 12 12 78 55 31 53 36 21 
43 61 42 20 37 38 25 68 65 41 24 50 45 31 15 28 20 39 52 36 42 48 26 32 38 24 62 66 44 34 29 13 26 18 39 50 34 39 9 12 19 24 28 19 37 12 13 48 36 12 13 28 43 41 20 22 35 27 8 26 66 43 19 46 35 29 
40 36 37 32 8 19 20 25 37 27 41 54 67 67 43 51 55 20 53 57 76 52 45 22 34 33 24 48 42 55 65 41 49 54 18 50 55 74 51 54 63 19 43 57 80 31 43 13 20 33 57 43 70 32 39 61 14 30 46 69 27 8 26 40 53 65 
7 21 5 20 26 13 22 44 25 5 21 22 39 48 29 28 40 12 20 31 54 19 23 13 3 17 31 24 9 29 47 30 28 40 14 18 29 53 50 45 58 32 19 43 66 36 50 45 13 30 50 41 32 55 24 47 39 14 37 59 35 24 25 8 26 47 
24 45 23 7 31 26 19 61 49 25 5 30 30 27 5 12 17 26 32 20 36 28 8 20 20 7 51 47 24 18 26 6 10 16 27 30 18 34 28 21 34 26 8 19 43 21 31 49 23 13 26 20 39 24 16 23 38 11 14 35 55 35 15 27 17 26 
45 68 45 30 53 50 41 84 72 49 25 45 29 10 19 20 7 50 48 25 20 44 24 43 43 31 75 69 45 24 7 20 20 7 51 47 24 18 23 10 19 44 27 4 19 33 34 68 47 28 13 22 61 47 23 52 55 35 15 14 79 58 35 48 27 8 
46 48 43 30 14 27 19 38 50 35 41 59 68 63 39 50 51 28 59 58 73 57 45 26 39 34 38 59 48 56 61 37 48 49 26 56 55 71 41 46 54 12 43 51 72 22 31 12 26 27 48 35 14 39 38 55 87 32 39 61 41 20 22 47 54 61 
17 35 15 6 22 15 13 50 38 14 11 28 36 38 16 20 28 15 28 26 46 25 15 9 11 3 40 38 18 24 37 16 19 28 16 26 24 45 36 31 45 22 12 31 55 23 36 41 12 16 36 27 30 14 11 35 32 83 24 47 43 25 13 20 22 37 
38 59 37 17 38 37 26 70 62 38 18 43 36 24 8 20 12 37 45 28 34 41 19 30 34 20 62 61 38 26 22 7 18 10 38 43 26 32 14 8 21 28 21 12 33 17 21 52 34 12 12 8 46 37 14 15 39 24 40 23 66 43 20 41 27 22 
59 81 58 41 62 61 50 93 85 61 38 59 42 20 30 34 20 61 62 39 28 58 37 54 56 43 86 82 58 38 18 30 33 20 61 61 38 26 21 15 10 50 41 17 12 38 33 74 58 36 12 26 69 59 35 14 61 47 23 44 90 67 43 62 41 20 
41 21 39 48 30 29 40 13 19 31 54 54 75 82 60 63 72 28 51 66 89 52 57 35 38 47 3 34 43 65 81 59 62 71 28 49 65 88 74 74 85 45 54 74 98 55 69 36 31 54 78 66 27 35 55 79 41 43 66 90 65 24 47 39 61 80 
32 28 29 27 6 11 17 26 30 19 36 46 61 63 39 45 52 12 45 51 71 44 40 15 26 28 20 40 34 49 61 38 44 51 10 42 49 70 51 51 62 21 37 54 77 31 45 21 13 31 55 43 8 24 35 58 20 25 43 67 24 79 23 32 46 61 
30 43 28 9 18 19 6 50 46 24 19 41 46 41 17 28 30 20 41 36 51 38 23 14 24 13 43 50 31 34 40 15 25 28 20 39 33 49 28 28 38 10 22 31 54 10 24 33 17 7 31 19 26 25 15 35 22 13 20 43 47 23 123 32 32 39 
3 22 4 26 34 21 30 50 26 13 23 14 35 48 32 28 41 20 12 28 52 12 24 21 8 22 36 20 3 27 47 34 28 42 22 10 28 52 55 48 62 40 21 45 67 43 56 53 21 36 53 46 40 8 27 48 47 20 41 62 39 32 32 48 23 47 
21 46 22 23 45 35 34 70 50 30 13 17 14 24 19 7 21 35 20 4 28 16 9 30 22 20 57 43 20 3 25 22 9 22 36 20 4 28 42 31 44 43 10 25 45 39 48 64 33 30 36 35 53 26 17 27 54 22 27 41 61 46 32 23 94 24 
44 68 44 33 57 52 45 87 72 50 26 41 22 2 22 18 10 52 44 20 12 40 23 46 43 33 77 67 43 20 1 24 19 12 53 44 20 10 31 18 27 49 27 10 21 40 42 73 49 33 21 29 65 47 26 8 61 37 22 20 80 61 39 47 24 47 
