36 9
64 17 17 5 16 5 10 7 9 2 11 16 16 0 2 0 5 8 8 2 6 20 16 0 10 14 14 3 11 15 11 7 19 7 16 10 
17 18 3 7 7 16 13 17 20 9 19 18 3 3 9 11 16 10 17 8 19 13 0 3 15 12 4 14 4 19 14 6 5 10 9 9 
17 3 81 6 1 0 9 6 7 19 3 19 19 2 20 3 4 1 6 14 5 12 19 1 3 7 20 2 9 11 17 12 18 8 14 2 
5 7 6 73 2 19 5 14 16 7 7 18 7 2 20 19 2 17 19 15 14 4 4 13 9 3 9 10 8 1 1 7 7 1 6 0 
16 7 1 2 71 2 3 17 0 6 16 8 19 20 20 1 0 14 17 19 16 16 8 16 11 15 6 12 4 8 19 7 5 2 17 20 
5 16 0 19 2 62 11 11 19 2 5 2 13 8 18 20 8 4 6 9 16 14 3 10 7 20 15 20 8 9 7 3 11 9 0 14 
10 13 9 5 3 11 46 11 4 5 5 4 12 9 1 16 3 2 3 15 0 3 2 8 19 8 4 18 13 9 11 11 20 0 18 9 
7 17 6 14 17 11 11 84 6 20 2 16 9 19 7 7 1 1 17 11 9 20 17 12 20 6 6 7 2 15 17 9 9 0 3 18 
9 20 7 16 0 19 4 6 61 18 6 9 5 16 13 17 13 6 20 18 17 10 10 8 16 17 5 3 16 5 13 11 11 16 17 14 
2 9 19 7 6 2 5 20 18 15 14 6 19 8 3 2 10 15 14 12 16 20 10 17 20 19 1 17 4 9 1 11 10 7 17 20 
11 19 3 7 16 5 5 2 6 14 12 4 17 8 5 15 14 20 7 19 20 2 20 0 8 0 2 2 17 19 18 4 15 15 16 19 
16 18 19 18 8 2 4 16 9 6 4 64 8 11 20 14 20 10 16 9 12 19 13 17 7 17 9 11 10 9 19 6 6 3 11 18 
16 3 19 7 19 13 12 9 5 19 17 8 90 11 13 11 17 11 5 12 11 9 6 17 15 9 16 7 17 15 19 0 8 15 0 3 
0 3 2 2 20 8 9 19 16 8 8 11 11 19 2 2 7 4 4 3 11 10 2 12 16 20 4 5 4 13 20 12 3 18 11 15 
2 9 20 20 20 18 1 7 13 3 5 20 13 2 36 7 13 18 6 0 16 13 1 11 1 6 18 6 8 5 3 3 15 0 5 7 
0 11 3 19 1 20 16 7 17 2 15 14 11 2 7 12 18 0 15 4 0 0 2 1 0 9 19 18 17 14 6 18 6 18 10 11 
5 16 4 2 0 8 3 1 13 10 14 20 17 7 13 18 35 8 19 19 5 0 18 7 1 10 3 15 14 5 1 6 4 15 5 10 
8 10 1 17 14 4 2 1 6 15 20 10 11 4 18 0 8 75 7 2 11 15 5 10 16 6 5 6 4 12 10 7 1 15 13 11 
8 17 6 19 17 6 3 17 20 14 7 16 5 4 6 15 19 7 43 12 14 11 18 6 1 18 8 11 20 14 8 12 15 10 16 9 
2 8 14 15 19 9 15 11 18 12 19 9 12 3 0 4 19 2 12 51 5 16 0 11 17 4 4 13 2 20 4 3 19 1 2 1 
6 19 5 14 16 16 0 9 17 16 20 12 11 11 16 0 5 11 14 5 72 17 1 14 9 8 13 1 10 19 12 12 12 13 0 14 
20 13 12 4 16 14 3 20 10 20 2 19 9 10 13 0 0 15 11 16 17 56 17 7 13 3 15 19 13 14 7 20 9 5 5 10 
16 0 19 4 8 3 2 17 10 10 20 13 6 2 1 2 18 5 18 0 1 17 2 18 13 9 16 7 18 7 1 8 4 13 8 1 
0 3 1 13 16 10 8 12 8 17 0 17 17 12 11 1 7 10 6 11 14 7 18 25 17 7 14 16 7 5 7 15 6 7 0 18 
10 15 3 9 11 7 19 20 16 20 8 7 15 16 1 0 1 16 1 17 9 13 13 17 45 5 2 15 10 19 12 15 6 3 11 14 
14 12 7 3 15 20 8 6 17 19 0 17 9 20 6 9 10 6 18 4 8 3 9 7 5 24 13 20 14 18 2 17 12 11 17 14 
14 4 20 9 6 15 4 6 5 1 2 9 16 4 18 19 3 5 8 4 13 15 16 14 2 13 66 11 0 20 4 20 14 10 10 11 
3 14 2 10 12 20 18 7 3 17 2 11 7 5 6 18 15 6 11 13 1 19 7 16 15 20 11 97 9 0 14 12 8 7 7 9 
11 4 9 8 4 8 13 2 16 4 17 10 17 4 8 17 14 4 20 2 10 13 18 7 10 14 0 9 20 19 19 11 11 18 11 15 
15 19 11 1 8 9 9 15 5 9 19 9 15 13 5 14 5 12 14 20 19 14 7 5 19 18 20 0 19 25 2 14 13 18 19 7 
11 14 17 1 19 7 11 17 13 1 18 19 19 20 3 6 1 10 8 4 12 7 1 7 12 2 4 14 19 2 88 17 0 12 18 13 
7 6 12 7 7 3 11 9 11 11 4 6 0 12 3 18 6 7 12 3 12 20 8 15 15 17 20 12 11 14 17 58 2 5 8 10 
19 5 18 7 5 11 20 9 11 10 15 6 8 3 15 6 4 1 15 19 12 9 4 6 6 12 14 8 11 13 0 2 100 9 19 4 
7 10 8 1 2 9 0 0 16 7 15 3 15 18 0 18 15 15 10 1 13 5 13 7 3 11 10 7 18 18 12 5 9 51 19 12 
16 9 14 6 17 0 18 3 17 17 16 11 0 11 5 10 5 13 16 2 0 5 8 0 11 17 10 7 11 19 18 8 19 19 89 19 
10 9 2 0 20 14 9 18 14 20 19 18 3 15 7 11 10 11 9 1 14 10 1 18 14 14 11 9 15 7 13 10 4 12 19 52 
