45 10
50 7 35 23 29 33 9 13 29 25 21 6 6 39 22 14 11 28 1 13 45 25 12 18 30 42 54 30 21 44 27 27 3 15 25 38 15 16 35 45 29 44 9 20 15 
7 50 30 25 28 26 3 17 26 25 14 13 4 34 22 18 4 21 6 6 39 22 14 11 26 37 47 23 16 39 27 20 4 21 24 31 9 17 32 39 23 37 10 13 13 
35 30 43 28 16 27 27 31 10 54 25 40 28 51 50 49 27 25 35 24 52 48 44 25 6 6 39 22 14 11 22 27 32 37 16 26 21 25 6 50 38 32 41 22 21 
23 25 28 12 12 44 24 11 17 49 34 25 21 59 46 36 26 39 25 25 64 48 35 31 21 34 63 39 23 39 6 39 22 14 11 46 24 8 23 63 47 53 33 30 14 
29 28 16 12 13 38 25 20 6 53 31 33 25 58 50 43 27 34 30 25 61 50 41 29 10 21 54 33 17 27 6 35 27 25 4 39 22 14 11 60 45 45 38 27 15 
33 26 27 44 38 79 24 39 32 37 11 39 28 25 34 41 22 4 32 21 25 29 35 15 29 30 21 5 21 27 42 6 30 45 36 6 20 36 33 22 14 11 32 13 30 
9 3 27 24 25 24 45 16 23 28 13 15 3 35 25 22 2 20 9 3 40 25 17 9 23 33 46 21 13 35 25 18 6 21 21 29 6 15 28 39 23 35 14 11 11 
13 17 31 11 20 39 16 28 22 38 28 14 13 51 36 25 19 35 14 19 56 38 25 25 25 38 60 36 21 42 16 34 13 6 17 44 19 6 29 56 39 50 22 26 11 
29 26 10 17 6 32 23 22 22 51 26 33 23 54 48 43 25 29 30 22 56 47 40 25 4 16 48 27 13 21 12 30 26 28 6 33 19 15 6 54 40 39 37 22 14 
25 25 54 49 53 37 28 38 51 14 30 25 28 26 3 17 26 35 23 29 33 9 13 29 51 59 56 38 40 60 52 32 26 39 49 44 33 41 56 35 24 47 15 32 38 
21 14 25 34 31 11 13 28 26 30 70 28 16 27 27 31 10 7 20 9 30 24 25 3 23 29 33 9 13 29 33 5 19 34 27 17 9 25 29 29 14 22 22 3 19 
6 13 40 25 33 39 15 14 33 25 28 47 12 44 24 11 17 35 7 19 50 28 12 24 35 47 61 37 27 50 29 33 9 13 29 45 22 19 40 50 34 50 11 26 19 
6 4 28 21 25 28 3 13 23 28 16 12 59 38 25 20 6 23 6 7 43 26 16 13 24 35 49 25 15 37 23 22 3 17 21 33 9 13 29 43 26 39 13 14 10 
39 34 51 59 58 25 35 51 54 26 27 44 38 66 24 39 32 26 38 34 7 17 33 29 51 55 35 29 41 52 60 23 38 55 55 29 36 51 56 9 13 29 32 31 45 
22 22 50 46 50 34 25 36 48 3 27 24 25 24 18 16 23 32 21 26 31 7 11 26 47 56 53 35 37 56 49 28 23 37 46 41 29 38 53 33 21 44 13 29 35 
14 18 49 36 43 41 22 25 43 17 31 11 20 39 16 26 22 38 13 25 46 22 7 28 44 55 63 40 35 57 40 35 17 23 39 48 28 29 49 47 33 53 9 31 29 
11 4 27 26 27 22 2 19 25 26 10 17 6 32 23 22 58 17 10 3 37 23 17 7 24 33 43 19 13 35 27 16 8 24 23 27 6 18 29 36 20 33 14 9 13 
28 21 25 39 34 4 20 35 29 35 7 35 23 26 32 38 17 61 28 16 27 27 31 10 25 28 26 3 17 26 37 3 26 40 31 10 15 31 30 25 14 15 28 9 25 
1 6 35 25 30 32 9 14 30 23 20 7 6 38 21 13 10 28 51 12 44 24 11 17 30 42 54 30 21 44 28 26 3 17 26 38 15 17 36 44 27 43 8 19 16 
13 6 24 25 25 21 3 19 22 29 9 19 7 34 26 25 3 16 12 57 38 25 20 6 21 30 42 18 10 32 25 15 10 24 21 26 3 17 26 37 21 32 17 7 11 
45 39 52 64 61 25 40 56 56 33 30 50 43 7 31 46 37 27 44 38 52 24 39 32 53 55 30 29 43 52 63 25 44 60 58 28 39 55 58 3 17 26 39 34 49 
25 22 48 48 50 29 25 38 47 9 24 28 26 17 7 22 23 27 24 25 24 6 16 23 46 53 47 30 35 53 50 24 25 41 46 35 28 40 52 26 15 38 17 26 36 
12 14 44 35 41 35 17 25 40 13 25 12 16 33 11 7 17 31 11 20 39 16 34 22 40 51 56 34 30 52 39 28 14 25 37 41 23 28 46 40 26 46 3 25 26 
18 11 25 31 29 15 9 25 25 29 3 24 13 29 26 28 7 10 17 6 32 23 22 53 23 30 36 12 12 30 30 9 15 30 25 20 6 23 28 31 16 26 19 3 17 
30 26 6 21 10 29 23 25 4 51 23 35 24 51 47 44 24 25 30 21 53 46 40 23 56 12 44 24 11 17 16 27 27 31 10 29 18 18 5 51 38 35 37 20 15 
42 37 6 34 21 30 33 38 16 59 29 47 35 55 56 55 33 28 42 30 55 53 51 30 12 33 38 25 20 6 28 31 38 44 22 27 27 31 10 52 42 32 47 27 27 
54 47 39 63 54 21 46 60 48 56 33 61 49 35 53 63 43 26 54 42 30 47 56 36 44 38 55 24 39 32 59 28 52 66 53 16 41 56 46 27 31 10 53 35 50 
30 23 22 39 33 5 21 36 27 38 9 37 25 29 35 40 19 3 30 18 29 30 34 12 24 25 24 55 16 23 37 6 28 42 31 8 16 32 28 27 17 14 31 10 25 
21 16 14 23 17 21 13 21 13 40 13 27 15 41 37 35 13 17 21 10 43 35 30 12 11 20 39 16 63 22 20 18 18 28 14 23 7 16 16 42 27 30 27 9 10 
44 39 11 39 27 27 35 42 21 60 29 50 37 52 56 57 35 26 44 32 52 53 52 30 17 6 32 23 22 21 33 29 41 48 28 23 29 36 16 49 40 27 49 27 31 
27 27 22 6 6 42 25 16 12 52 33 29 23 60 49 40 27 37 28 25 63 50 39 30 16 28 59 37 20 33 25 38 25 20 6 44 24 11 17 62 47 50 36 29 14 
27 20 27 39 35 6 18 34 30 32 5 33 22 23 28 35 16 3 26 15 25 24 28 9 27 31 28 6 18 29 38 88 24 39 32 12 15 31 32 24 11 17 26 9 25 
3 4 32 22 27 30 6 13 26 26 19 9 3 38 23 17 8 26 3 10 44 25 14 15 27 38 52 28 18 41 25 24 48 16 23 36 12 14 32 44 27 41 11 17 12 
15 21 37 14 25 45 21 6 28 39 34 13 17 55 37 23 24 40 17 24 60 41 25 30 31 44 66 42 28 48 20 39 16 22 22 50 25 12 35 60 44 56 24 31 17 
25 24 16 11 4 36 21 17 6 49 27 29 21 55 46 39 23 31 26 21 58 46 37 25 10 22 53 31 14 28 6 32 23 22 35 37 19 10 12 57 41 44 34 24 11 
38 31 26 46 39 6 29 44 33 44 17 45 33 29 41 48 27 10 38 26 28 35 41 20 29 27 16 8 23 23 44 12 36 50 37 77 24 39 32 25 20 6 38 18 33 
15 9 21 24 22 20 6 19 19 33 9 22 9 36 29 28 6 15 15 3 39 28 23 6 18 27 41 16 7 29 24 15 12 25 19 24 51 16 23 38 22 30 20 6 10 
16 17 25 8 14 36 15 6 15 41 25 19 13 51 38 29 18 31 17 17 55 40 28 23 18 31 56 32 16 36 11 31 14 12 10 39 16 40 22 54 38 46 25 22 6 
35 32 6 23 11 33 28 29 6 56 29 40 29 56 53 49 29 30 36 26 58 52 46 28 5 10 46 28 16 16 17 32 32 35 12 32 23 22 12 56 43 38 42 25 20 
45 39 50 63 60 22 39 56 54 35 29 50 43 9 33 47 36 25 44 37 3 26 40 31 51 52 27 27 42 49 62 24 44 60 57 25 38 54 56 49 16 23 39 32 48 
29 23 38 47 45 14 23 39 40 24 14 34 26 13 21 33 20 14 27 21 17 15 26 16 38 42 31 17 27 40 47 11 27 44 41 20 22 38 43 16 79 22 24 17 32 
44 37 32 53 45 11 35 50 39 47 22 50 39 29 44 53 33 15 43 32 26 38 46 26 35 32 10 14 30 27 50 17 41 56 44 6 30 46 38 23 22 65 43 24 39 
9 10 41 33 38 32 14 22 37 15 22 11 13 32 13 9 14 28 8 17 39 17 3 19 37 47 53 31 27 49 36 26 11 24 34 38 20 25 42 39 24 43 33 22 23 
20 13 22 30 27 13 11 26 22 32 3 26 14 31 29 31 9 9 19 7 34 26 25 3 20 27 35 10 9 27 29 9 17 31 24 18 6 22 25 32 17 24 22 47 16 
15 13 21 14 15 30 11 11 14 38 19 19 10 45 35 29 13 25 16 11 49 36 26 17 15 27 50 25 10 31 14 25 12 17 11 33 10 6 20 48 32 39 23 16 45 
