91 14
84 30 14 27 2 25 19 21 13 22 12 22 23 46 33 19 44 18 47 48 52 36 39 22 50 32 22 48 26 61 62 59 26 36 26 65 21 36 18 34 35 42 36 35 21 37 21 18 19 20 25 29 24 18 22 21 49 50 54 38 41 25 52 23 24 27 26 22 14 26 60 60 31 39 25 62 61 31 39 25 63 41 47 31 63 40 29 33 26 41 27 
30 92 40 44 31 40 12 11 26 49 41 40 11 42 55 45 59 43 50 50 61 61 60 47 51 33 19 44 18 47 48 52 36 39 22 50 51 57 48 44 44 57 65 62 51 44 46 45 30 30 44 59 54 47 30 44 52 52 64 62 62 48 53 30 29 43 56 51 44 29 51 59 47 50 34 53 59 47 49 33 54 61 63 47 60 69 59 47 55 50 33 
14 40 67 16 15 15 32 33 27 9 5 11 35 60 42 26 55 28 61 61 64 41 47 31 63 46 36 62 40 75 76 74 39 49 40 79 19 44 18 47 48 52 36 39 22 50 28 6 33 34 37 23 24 9 37 30 62 63 66 43 49 33 65 37 38 39 21 24 8 40 74 74 42 52 38 77 74 43 52 39 77 50 57 42 77 41 25 45 28 54 41 
27 44 16 38 29 4 40 41 40 17 21 5 43 73 58 42 71 44 75 75 80 57 63 47 77 59 46 75 50 86 87 86 54 63 51 89 33 60 34 62 62 68 50 55 38 64 44 18 47 48 52 36 39 22 50 46 77 77 82 59 66 49 79 50 51 55 35 40 23 53 86 88 58 67 52 89 88 58 67 53 89 66 73 58 90 56 39 60 44 69 55 
2 31 15 29 88 27 20 21 12 23 13 24 23 44 31 17 42 16 45 46 50 34 37 20 48 30 21 46 25 60 61 58 24 34 25 64 20 33 17 32 33 39 34 33 20 35 19 19 18 18 23 29 23 19 21 18 47 48 52 36 39 22 50 21 22 25 25 21 15 24 58 58 29 37 23 61 59 29 37 23 62 39 45 28 61 39 28 30 24 39 26 
25 40 15 4 27 37 36 37 37 18 20 4 39 70 56 40 69 42 72 72 77 56 62 45 74 56 42 71 46 82 83 83 51 60 47 85 33 59 33 59 60 66 50 54 37 62 42 19 44 45 50 36 39 23 47 44 74 74 79 58 64 47 76 47 48 52 36 39 22 50 83 85 56 64 49 85 85 56 65 50 86 64 71 55 87 56 40 58 43 66 52 
19 12 32 40 20 36 95 1 13 41 32 35 3 36 43 33 47 31 42 42 52 48 48 34 43 24 8 38 11 46 47 48 24 30 13 49 40 45 37 33 33 46 53 50 39 34 34 37 19 18 32 49 43 38 18 32 44 44 54 50 50 36 45 18 18 31 45 40 34 19 48 52 36 39 22 50 53 35 39 22 50 49 51 35 54 56 48 35 43 40 23 
21 11 33 41 21 37 1 96 14 42 33 36 2 35 44 34 48 31 42 42 52 49 49 35 43 24 8 37 10 45 46 47 25 30 13 48 41 45 38 34 33 46 54 50 41 34 35 38 19 19 32 50 44 39 19 33 44 44 54 51 51 37 45 19 18 32 46 41 35 19 47 52 36 39 23 49 52 36 39 22 50 49 52 36 54 57 49 36 44 40 23 
13 26 27 40 12 37 13 14 105 35 25 35 15 33 29 20 35 17 35 35 42 35 35 21 37 19 10 34 14 48 49 46 14 23 13 52 29 31 25 23 23 33 40 36 28 25 21 31 7 7 19 38 31 31 9 18 37 37 44 36 37 22 39 10 10 18 34 27 27 13 46 47 23 29 12 49 48 23 29 13 50 36 39 22 50 43 36 23 30 30 15 
22 49 9 17 23 18 41 42 35 72 10 14 44 68 44 29 59 32 67 68 69 42 50 34 70 53 44 69 48 84 85 81 46 56 48 87 18 47 19 53 54 56 33 39 23 56 31 4 41 41 42 19 23 7 44 34 69 69 71 44 52 36 72 44 45 45 18 25 9 48 82 80 47 57 45 84 81 48 57 46 85 52 61 47 83 39 22 50 28 60 49 
12 41 5 21 13 20 32 33 25 10 79 16 35 57 36 20 50 22 57 57 60 35 42 25 60 43 34 59 38 74 75 71 36 46 38 77 13 38 13 43 44 47 30 33 17 46 22 5 30 31 32 19 19 6 34 25 59 59 62 37 44 28 61 34 35 35 17 18 2 37 71 70 38 47 35 74 71 38 48 36 75 44 52 37 73 36 20 40 22 50 38 
22 40 11 5 24 4 35 36 35 14 16 45 39 68 53 37 65 38 70 70 74 52 58 42 72 54 41 69 45 81 82 81 48 58 46 85 29 55 30 57 57 63 46 50 33 59 39 15 42 42 47 32 35 19 45 41 72 72 77 54 61 44 74 45 46 49 32 35 18 48 81 82 53 61 47 84 83 53 62 48 84 61 68 52 85 52 36 55 39 64 50 
23 11 35 43 23 39 3 2 15 44 35 39 100 33 44 35 48 33 40 40 51 50 49 36 42 23 8 36 9 43 44 45 25 29 12 46 43 46 40 33 33 46 55 52 42 33 36 40 19 19 33 52 45 41 19 34 43 43 53 52 51 38 44 19 18 32 48 42 38 18 45 50 36 39 23 47 51 36 39 22 48 50 52 36 52 59 51 36 45 39 22 
46 42 60 73 44 70 36 35 33 68 57 68 33 60 40 44 31 40 12 11 26 49 41 40 11 14 27 2 25 19 21 13 22 12 22 23 58 40 54 20 19 31 61 52 54 17 43 63 27 26 31 66 56 62 23 39 13 13 27 49 42 40 13 23 22 27 62 52 58 20 14 17 29 22 22 16 17 28 20 21 17 39 34 29 18 61 62 25 53 19 19 
33 55 42 58 31 56 43 44 29 44 36 53 44 40 28 16 15 15 32 33 27 9 5 11 35 30 37 40 39 60 61 51 22 28 36 63 27 2 25 19 21 13 22 12 22 23 13 40 25 26 11 33 23 37 27 12 32 33 29 9 7 9 36 27 28 14 30 20 35 29 52 44 11 19 24 55 45 12 20 25 56 7 17 11 48 21 28 14 18 22 26 
19 45 26 42 17 40 33 34 20 29 20 37 35 44 16 55 29 4 40 41 40 17 21 5 43 30 30 45 33 62 64 57 21 31 31 66 14 18 10 25 26 27 20 17 10 29 2 25 19 21 13 22 12 22 23 5 41 42 42 19 23 7 44 23 24 17 18 8 19 27 58 53 18 28 22 60 54 19 29 23 61 24 32 18 56 23 18 21 10 31 25 
44 59 55 71 42 69 47 48 35 59 50 65 48 31 15 29 4 27 20 21 12 23 13 24 23 26 40 30 40 50 51 39 23 22 36 53 43 14 39 14 15 2 37 27 37 16 27 54 29 29 18 49 39 52 29 25 19 21 13 22 12 22 23 29 29 17 45 35 49 29 41 30 12 9 25 43 31 13 10 25 44 10 4 13 34 36 44 12 34 12 25 
18 43 28 44 16 42 31 31 17 32 22 38 33 40 15 4 27 50 36 37 37 18 20 4 39 26 27 41 30 58 60 53 17 27 27 62 18 17 14 22 22 24 23 19 14 25 3 27 16 17 9 26 16 25 19 2 37 38 39 19 22 6 41 19 21 13 22 12 22 23 54 49 15 25 18 56 50 15 26 19 57 22 29 15 53 26 22 18 14 28 21 
47 50 61 75 45 72 42 42 35 67 57 70 40 12 32 40 20 36 39 1 13 41 32 35 3 17 33 10 31 30 31 19 21 12 28 33 54 31 50 14 13 21 54 44 49 11 38 62 27 27 26 62 52 61 25 35 2 2 15 40 32 34 4 25 24 22 58 48 57 23 21 13 22 12 22 23 14 21 11 22 24 29 23 22 16 53 58 19 48 9 20 
48 50 61 75 46 72 42 42 35 68 57 70 40 11 33 41 21 37 1 42 14 42 33 36 2 17 33 10 31 29 30 18 21 12 28 32 55 32 51 15 14 22 55 45 50 11 39 63 28 27 27 63 53 61 25 35 2 2 16 41 33 35 4 25 25 23 59 49 58 23 19 12 23 13 23 22 13 22 12 22 23 31 24 23 15 54 59 20 49 10 20 
52 61 64 80 50 77 52 52 42 69 60 74 51 26 27 40 12 37 13 14 26 35 25 35 15 27 43 24 42 43 44 30 27 22 39 45 54 26 51 18 18 14 49 39 49 17 38 65 34 34 27 61 50 62 33 35 12 13 2 34 24 33 14 33 33 25 57 47 59 32 32 19 22 13 29 34 21 21 13 29 35 22 12 22 23 48 56 19 45 11 28 
36 61 41 57 34 56 48 49 35 42 35 52 50 49 9 17 23 18 41 42 35 45 10 14 44 38 44 49 46 69 70 60 30 36 43 72 24 9 22 28 29 21 14 4 19 32 15 38 32 33 19 27 18 35 34 16 41 42 36 2 11 12 45 34 35 22 25 17 33 37 61 53 19 28 31 64 54 21 29 32 65 13 23 20 56 12 22 23 13 31 34 
39 60 47 63 37 62 48 49 35 50 42 58 49 41 5 21 13 20 32 33 25 10 25 16 35 33 42 41 44 61 62 51 26 30 40 64 32 3 30 21 23 11 24 14 27 24 19 46 30 30 16 37 27 42 31 18 32 33 26 9 2 14 36 31 32 18 34 25 40 33 53 43 14 19 28 55 44 15 21 29 56 3 13 14 47 22 32 16 22 23 30 
22 47 31 47 20 45 34 35 21 34 25 42 36 40 11 5 24 4 35 36 35 14 16 45 39 28 30 41 33 59 61 53 19 27 30 63 19 13 15 21 22 22 21 15 14 25 3 30 18 19 9 26 16 27 21 2 36 37 37 15 19 2 40 22 23 13 22 12 25 25 54 49 13 23 19 56 49 14 24 21 57 19 26 13 52 23 22 16 12 27 23 
50 51 63 77 48 74 43 43 37 70 60 72 42 11 35 43 23 39 3 2 15 44 35 39 46 19 35 9 33 27 28 15 24 14 29 30 57 35 54 17 16 24 57 48 53 14 42 65 30 29 30 65 55 64 27 38 3 2 17 44 35 38 2 27 26 26 61 51 60 25 17 10 26 16 25 19 11 25 15 24 21 33 26 26 13 57 61 22 51 12 22 
32 33 46 59 30 56 24 24 19 53 43 54 23 14 30 30 26 26 17 17 27 38 33 28 19 80 16 15 15 32 33 27 9 5 11 35 44 31 40 12 11 26 49 41 40 11 30 49 12 11 19 52 43 48 9 26 19 19 30 39 34 27 21 9 8 16 48 39 44 6 28 28 19 17 8 30 29 18 16 7 31 32 30 19 31 50 49 16 40 16 5 
22 19 36 46 21 42 8 8 10 44 34 41 8 27 37 30 40 27 33 33 43 44 42 30 35 16 88 29 4 40 41 40 17 21 5 43 40 39 36 25 25 38 50 45 38 25 31 40 12 11 26 49 41 40 11 28 35 35 45 45 44 31 37 11 10 24 45 38 36 10 40 44 28 31 15 42 44 28 31 14 43 42 44 28 46 53 47 28 40 31 14 
48 44 62 75 46 71 38 37 34 69 59 69 36 2 40 45 30 41 10 10 24 49 41 41 9 15 29 62 27 20 21 12 23 13 24 23 59 40 55 20 19 30 61 52 55 17 44 64 28 27 32 67 57 64 25 40 12 11 26 49 41 40 11 24 24 28 63 53 60 21 13 15 29 21 23 15 15 28 20 22 16 39 33 29 16 61 63 26 54 18 20 
26 18 40 50 25 46 11 10 14 48 38 45 9 25 39 33 40 30 31 31 42 46 44 33 33 15 4 27 80 36 37 37 18 20 4 39 44 41 40 26 25 39 53 48 42 25 34 44 14 13 28 53 45 44 12 31 34 34 45 47 45 34 35 12 11 26 49 41 40 11 37 41 30 31 16 39 42 29 31 15 40 44 44 29 43 56 51 29 44 31 15 
61 47 75 86 60 82 46 45 48 84 74 81 43 19 60 62 50 58 30 29 43 69 61 59 27 32 40 20 36 24 1 13 41 32 35 3 76 60 72 40 39 51 80 72 72 36 62 79 44 43 51 85 75 79 40 58 31 30 44 69 61 59 28 40 39 47 81 71 75 36 11 26 49 41 40 11 25 48 40 39 10 59 53 48 24 81 81 45 72 38 37 
62 48 76 87 61 83 47 46 49 85 75 82 44 21 61 64 51 60 31 30 44 70 62 61 28 33 41 21 37 1 23 14 42 33 36 2 77 61 73 41 40 52 81 73 73 38 63 80 45 44 52 86 76 80 41 59 32 31 45 70 62 60 29 41 40 48 82 72 76 37 12 26 50 42 41 11 26 49 41 40 11 60 54 50 25 82 82 46 73 39 38 
59 52 74 86 58 83 48 47 46 81 71 81 45 13 51 57 39 53 19 18 30 60 51 53 15 27 40 12 37 13 14 52 35 25 35 15 71 50 67 31 30 40 72 63 67 28 56 76 40 39 44 79 69 76 37 52 19 18 31 59 51 52 16 36 35 40 75 65 72 33 2 12 40 31 35 4 11 39 30 35 5 49 41 40 11 72 75 37 65 28 32 
26 36 39 54 24 51 24 25 14 46 36 48 25 22 22 21 23 17 21 21 27 30 26 19 24 9 17 23 18 41 42 35 98 10 14 44 35 23 31 9 9 21 40 33 31 10 21 41 6 6 11 44 34 40 6 17 23 23 30 31 27 19 25 6 6 8 40 30 36 7 36 34 12 15 2 39 35 11 14 2 40 26 27 11 37 41 40 11 31 16 4 
36 39 49 63 34 60 30 30 23 56 46 58 29 12 28 31 22 27 12 12 22 36 30 27 14 5 21 13 20 32 33 25 10 83 16 35 45 28 41 8 7 21 48 40 41 6 30 52 16 15 19 54 44 50 13 26 14 14 24 37 31 27 16 13 12 15 50 40 47 11 26 24 17 12 10 29 25 15 11 10 30 29 26 16 27 49 50 13 40 11 8 
26 22 40 51 25 47 13 13 13 48 38 46 12 22 36 31 36 27 28 28 39 43 40 30 29 11 5 24 4 35 36 35 14 16 81 39 42 37 38 22 21 35 51 45 40 21 31 44 11 10 24 51 43 44 9 28 30 30 41 44 41 31 32 8 7 22 47 39 40 7 35 38 26 27 12 37 39 25 27 11 38 40 40 26 41 53 49 25 41 27 11 
65 50 79 89 64 85 49 48 52 87 77 85 46 23 63 66 53 62 33 32 45 72 64 63 30 35 43 23 39 3 2 15 44 35 39 22 79 63 75 43 42 54 84 75 76 40 65 83 47 46 54 88 79 83 44 61 33 32 46 72 65 63 31 43 42 50 84 75 79 40 13 27 52 44 44 12 27 51 43 43 11 62 56 52 26 84 85 49 76 41 40 
21 51 19 33 20 33 40 41 29 18 13 29 43 58 27 14 43 18 54 55 54 24 32 19 57 44 40 59 44 76 77 71 35 45 42 79 32 29 4 40 41 40 17 21 5 43 15 15 32 33 27 9 5 11 35 19 55 56 56 26 34 20 59 36 37 31 5 7 11 39 72 67 32 43 35 74 68 33 43 36 75 35 44 32 71 22 7 35 10 46 39 
36 57 44 60 33 59 45 45 31 47 38 55 46 40 2 18 14 17 31 32 26 9 3 13 35 31 39 40 41 60 61 50 23 28 37 63 29 31 27 20 21 12 23 13 24 23 16 43 26 27 13 35 25 39 28 15 32 33 27 9 5 11 35 28 29 15 32 22 37 30 52 43 11 18 25 54 44 12 20 26 55 5 15 12 47 22 30 14 20 22 27 
18 48 18 34 17 33 37 38 25 19 13 30 40 54 25 10 39 14 50 51 51 22 30 15 54 40 36 55 40 72 73 67 31 41 38 75 4 27 30 36 37 37 18 20 4 39 12 16 28 29 24 12 6 12 31 15 52 52 52 24 32 17 55 32 33 27 9 5 11 35 68 64 29 39 31 70 65 29 40 32 71 32 41 28 67 23 11 32 9 42 35 
34 44 47 62 32 59 33 34 23 53 43 57 33 20 19 25 14 22 14 15 18 28 21 21 17 12 25 20 26 40 41 31 9 8 22 43 40 20 36 64 1 13 41 32 35 3 24 48 16 16 12 48 38 47 15 20 15 16 20 28 22 20 19 15 15 8 44 34 43 15 33 27 9 5 11 35 28 7 5 11 36 20 18 8 31 41 44 5 34 7 11 
35 44 48 62 33 60 33 33 23 54 44 57 33 19 21 26 15 22 13 14 18 29 23 22 16 11 25 19 25 39 40 30 9 7 21 42 41 21 37 1 66 14 42 33 36 2 25 49 16 16 13 49 39 47 15 21 15 15 20 30 23 21 18 14 15 9 45 35 44 14 32 26 10 6 11 34 27 9 5 11 35 21 19 9 30 42 45 6 35 6 10 
42 57 52 68 39 66 46 46 33 56 47 63 46 31 13 27 2 24 21 22 14 21 11 22 24 26 38 30 39 51 52 40 21 21 35 54 40 12 37 13 14 55 35 25 35 15 25 52 27 27 16 46 36 49 27 22 21 22 15 20 11 20 24 27 28 15 43 33 47 28 42 32 10 9 23 44 33 10 10 24 45 9 5 11 35 34 41 10 31 12 24 
36 65 36 50 34 50 53 54 40 33 30 46 55 61 22 20 37 23 54 55 49 14 24 21 57 49 50 61 53 80 81 72 40 48 51 84 17 23 18 41 42 35 18 10 14 44 19 31 39 40 29 16 11 27 42 23 55 56 51 15 26 21 58 43 44 33 15 13 28 46 74 67 32 41 41 76 68 33 42 42 77 27 38 32 70 5 11 35 10 45 44 
35 62 39 55 33 54 50 50 36 39 33 50 52 52 12 17 27 19 44 45 39 4 14 15 48 41 45 52 48 72 73 63 33 40 45 75 21 13 20 32 33 25 10 11 16 35 15 36 34 35 21 24 16 32 36 17 45 46 40 5 15 14 49 37 38 25 22 15 31 39 65 57 23 32 34 67 58 24 33 35 68 17 27 23 60 9 19 26 11 35 37 
21 51 22 38 20 37 39 41 28 23 17 33 42 54 22 10 37 14 49 50 49 19 27 14 53 40 38 55 42 72 73 67 31 41 40 76 5 24 4 35 36 35 14 16 22 39 11 19 29 30 23 12 3 16 32 15 51 52 50 21 29 15 54 33 34 27 8 2 15 36 68 63 27 38 32 70 64 28 39 33 71 30 39 27 66 19 9 31 5 41 35 
37 44 50 64 35 62 34 34 25 56 46 59 33 17 23 29 16 25 11 11 17 32 24 25 14 11 25 17 25 36 38 28 10 6 21 40 43 23 39 3 2 15 44 35 39 71 28 51 17 17 16 51 41 50 16 24 12 13 19 32 25 24 15 15 15 12 47 37 46 15 29 24 12 6 12 32 25 11 5 12 33 23 20 12 27 44 47 9 37 5 11 
21 46 28 44 19 42 34 35 21 31 22 39 36 43 13 2 27 3 38 39 38 15 19 3 42 30 31 44 34 62 63 56 21 30 31 65 15 16 12 24 25 25 19 15 11 28 59 27 20 21 12 23 13 24 23 4 40 41 40 17 21 5 43 23 24 16 19 9 21 27 57 52 16 27 22 59 53 17 28 23 60 21 30 16 55 22 19 20 10 30 25 
18 45 6 18 19 19 37 38 31 4 5 15 40 63 40 25 54 27 62 63 65 38 46 30 65 49 40 64 44 79 80 76 41 52 44 83 15 43 16 48 49 52 31 36 19 51 27 8 36 37 37 18 20 4 39 29 64 65 67 40 48 32 67 40 41 40 17 21 5 43 77 76 43 52 41 79 76 43 53 41 80 48 57 42 79 37 21 45 25 55 44 
19 30 33 47 18 44 19 19 7 41 30 42 19 27 25 19 29 16 27 28 34 32 30 18 30 12 12 28 14 44 45 40 6 16 11 47 32 26 28 16 16 27 39 34 29 17 20 36 80 1 13 41 32 35 3 16 29 30 36 33 31 19 32 4 5 12 37 28 31 7 41 40 17 21 5 43 41 16 21 5 44 30 32 16 43 42 38 16 30 23 8 
20 30 34 48 18 45 18 19 7 41 31 42 19 26 26 21 29 17 27 27 34 33 30 19 29 11 11 27 13 43 44 39 6 15 10 46 33 27 29 16 16 27 40 35 30 17 21 37 1 82 14 42 33 36 2 17 29 29 36 34 32 20 31 3 4 13 38 29 32 6 40 39 17 21 5 42 40 17 21 5 43 31 33 17 42 43 39 17 31 22 7 
25 44 37 52 23 50 32 32 19 42 32 47 33 31 11 13 18 9 26 27 27 19 16 9 30 19 26 32 28 51 52 44 11 19 24 54 27 13 24 12 13 16 29 21 23 16 12 37 13 14 81 35 25 35 15 8 28 29 29 19 18 8 31 15 16 4 31 21 32 18 45 40 5 15 12 47 41 6 16 13 48 17 21 5 43 30 31 8 21 18 15 
29 59 23 36 29 36 49 50 38 19 19 32 52 66 33 22 49 26 62 63 61 27 37 26 65 52 49 67 53 85 86 79 44 54 51 88 9 35 12 48 49 46 16 24 12 51 23 18 41 42 35 34 10 14 44 27 63 64 62 29 39 28 67 45 46 39 4 14 16 48 80 75 40 50 44 83 76 41 51 45 84 40 50 40 79 21 5 43 15 53 47 
24 54 24 39 23 39 43 44 31 23 19 35 45 56 23 12 39 16 52 53 50 18 27 16 55 43 41 57 45 75 76 69 34 44 43 79 5 25 6 38 39 36 11 16 3 41 13 20 32 33 25 10 43 16 35 17 53 54 52 21 29 17 56 36 37 29 6 4 16 39 70 65 29 40 35 73 66 30 41 36 74 30 40 29 68 17 6 33 5 43 38 
18 47 9 22 19 23 38 39 31 7 6 19 41 62 37 22 52 25 61 61 62 35 42 27 64 48 40 64 44 79 80 76 40 50 44 83 11 39 12 47 47 49 27 32 16 50 24 4 35 36 35 14 16 10 39 27 62 63 64 37 45 29 65 39 40 38 13 18 4 43 76 74 40 50 40 79 75 41 51 41 80 45 54 40 77 33 17 43 21 53 43 
22 30 37 50 21 47 18 19 9 44 34 45 19 23 27 23 29 19 25 25 33 34 31 21 27 9 11 25 12 40 41 37 6 13 9 44 35 28 31 15 15 27 42 36 32 16 23 39 3 2 15 44 35 39 87 19 27 27 35 35 33 22 29 0 1 13 40 31 35 4 37 37 17 20 4 40 38 17 20 3 41 31 33 17 40 45 41 17 33 21 5 
21 44 30 46 18 44 32 33 18 34 25 41 34 39 12 5 25 2 35 35 35 16 18 2 38 26 28 40 31 58 59 52 17 26 28 61 19 15 15 20 21 22 23 17 15 24 4 29 16 17 8 27 17 27 19 54 36 37 37 18 20 4 39 20 21 12 23 13 24 23 53 48 13 23 18 55 49 14 24 19 56 20 27 13 51 25 23 16 14 26 21 
49 52 62 77 47 74 44 44 37 69 59 72 43 13 32 41 19 37 2 2 12 41 32 36 3 19 35 12 34 31 32 19 23 14 30 33 55 32 52 15 15 21 55 45 51 12 40 64 29 29 28 63 53 62 27 36 40 1 13 41 32 35 3 27 26 24 59 49 59 25 21 12 23 13 24 23 13 22 12 24 24 30 22 23 15 54 59 20 49 10 22 
50 52 63 77 48 74 44 44 37 69 59 72 43 13 33 42 21 38 2 2 13 42 33 37 2 19 35 11 34 30 31 18 23 14 30 32 56 33 52 16 15 22 56 46 52 13 41 65 30 29 29 64 54 63 27 37 1 42 14 42 33 36 2 27 27 25 60 50 60 25 20 11 24 14 25 22 12 23 13 24 23 31 23 24 14 55 60 21 50 11 22 
54 64 66 82 52 79 54 54 44 71 62 77 53 27 29 42 13 39 15 16 2 36 26 37 17 30 45 26 45 44 45 31 30 24 41 46 56 27 52 20 20 15 51 40 50 19 40 67 36 36 29 62 52 64 35 37 13 14 24 35 25 35 15 35 35 27 59 48 61 34 33 20 24 15 31 35 21 23 15 31 36 23 13 24 23 49 57 21 47 14 31 
38 62 43 59 36 58 50 51 36 44 37 54 52 49 9 19 22 19 40 41 34 2 9 15 44 39 45 49 47 69 70 59 31 37 44 72 26 9 24 28 30 20 15 5 21 32 17 40 33 34 19 29 21 37 35 18 41 42 35 47 10 14 44 35 36 22 27 19 36 38 61 52 20 27 32 63 53 21 29 33 64 12 22 20 56 13 24 23 15 31 35 
41 62 49 66 39 64 50 51 37 52 44 61 51 42 7 23 12 22 32 33 24 11 2 19 35 34 44 41 45 61 62 51 27 31 41 65 34 5 32 22 23 11 26 15 29 25 21 48 31 32 18 39 29 45 33 20 32 33 25 10 27 16 35 33 34 19 36 27 43 35 53 43 15 20 29 55 44 16 21 30 56 2 12 15 46 23 34 17 24 23 31 
25 48 33 49 22 47 36 37 22 36 28 44 38 40 9 7 22 6 34 35 33 12 14 2 38 27 31 40 34 59 60 52 19 27 31 63 20 11 17 20 21 20 21 14 15 24 5 32 19 20 8 28 17 29 22 4 35 36 35 14 16 49 39 22 23 12 24 13 27 25 53 47 12 22 20 56 48 13 23 21 57 16 24 12 51 22 23 15 13 25 23 
52 53 65 79 50 76 45 45 39 72 61 74 44 13 36 44 23 41 4 4 14 45 36 40 2 21 37 11 35 28 29 16 25 16 32 31 59 35 55 19 18 24 58 49 54 15 43 67 32 31 31 67 56 65 29 39 3 2 15 44 35 39 46 29 29 27 63 52 62 27 18 8 27 17 27 20 9 26 16 26 21 33 25 27 12 57 62 23 52 13 24 
23 30 37 50 21 47 18 19 10 44 34 45 19 23 27 23 29 19 25 25 33 34 31 22 27 9 11 24 12 40 41 36 6 13 8 43 36 28 32 15 14 27 43 37 33 15 23 40 4 3 15 45 36 39 0 20 27 27 35 35 33 22 29 72 1 13 41 32 35 3 37 37 18 20 4 39 38 17 20 3 40 31 33 17 40 45 42 17 34 21 4 
24 29 38 51 22 48 18 18 10 45 35 46 18 22 28 24 29 21 24 25 33 35 32 23 26 8 10 24 11 39 40 35 6 12 7 42 37 29 33 15 15 28 44 38 34 15 24 41 5 4 16 46 37 40 1 21 26 27 35 36 34 23 29 1 74 14 42 33 36 2 36 36 18 20 4 38 37 18 20 4 39 32 33 18 39 46 43 17 35 21 4 
27 43 39 55 25 52 31 32 18 45 35 49 32 27 14 17 17 13 22 23 25 22 18 13 26 16 24 28 26 47 48 40 8 15 22 50 31 15 27 8 9 15 33 25 27 12 16 40 12 13 4 39 29 38 13 12 24 25 27 22 19 12 27 13 14 74 35 25 35 15 41 36 4 12 10 43 37 4 12 10 44 18 20 4 39 34 35 5 25 14 12 
26 56 21 35 25 36 45 46 34 18 17 32 48 62 30 18 45 22 58 59 57 25 34 22 61 48 45 63 49 81 82 75 40 50 47 84 5 32 9 44 45 43 15 22 8 47 19 17 37 38 31 4 6 13 40 23 59 60 59 27 36 24 63 41 42 35 36 10 14 44 76 71 36 46 40 79 72 37 47 41 80 37 47 36 75 20 4 39 11 50 43 
22 51 24 40 21 39 40 41 27 25 18 35 42 52 20 8 35 12 48 49 47 17 25 12 51 39 38 53 41 71 72 65 30 40 39 75 7 22 5 34 35 33 13 15 2 37 9 21 28 29 21 14 4 18 31 13 49 50 48 19 27 13 52 32 33 25 10 41 16 35 66 61 26 36 31 69 62 26 37 32 70 27 37 25 65 18 10 29 4 39 34 
14 44 8 23 15 22 34 35 27 9 2 18 38 58 35 19 49 22 57 58 59 33 40 25 60 44 36 60 40 75 76 72 36 47 40 79 11 37 11 43 44 47 28 31 15 46 21 5 31 32 32 16 16 4 35 24 59 60 61 36 43 27 62 35 36 35 14 16 8 39 72 71 37 47 36 75 71 38 48 37 76 43 51 37 74 33 18 40 20 50 39 
26 29 40 53 24 50 19 19 13 48 37 48 18 20 29 27 29 23 23 23 32 37 33 25 25 6 10 21 11 36 37 33 7 11 7 40 39 30 35 15 14 28 46 39 36 15 27 43 7 6 18 48 39 43 4 23 25 25 34 38 35 25 27 3 2 15 44 35 39 79 33 34 19 20 5 36 35 18 20 4 37 33 33 19 37 48 45 18 37 20 4 
60 51 74 86 58 83 48 47 46 82 71 81 45 14 52 58 41 54 21 19 32 61 53 54 17 28 40 13 37 11 12 2 36 26 35 13 72 52 68 33 32 42 74 65 68 29 57 77 41 40 45 80 70 76 37 53 21 20 33 61 53 53 18 37 36 41 76 66 72 33 2 14 42 33 36 2 13 41 32 35 3 50 43 42 13 74 76 38 67 30 33 
60 59 74 88 58 85 52 52 47 80 70 82 50 17 44 53 30 49 13 12 19 53 43 49 10 28 44 15 41 26 26 12 34 24 38 27 67 43 64 27 26 32 67 57 63 24 52 76 40 39 40 75 65 74 37 48 12 11 20 52 43 47 8 37 36 36 71 61 71 34 14 27 35 25 35 15 1 34 24 34 16 41 32 35 3 66 71 32 61 22 32 
31 47 42 58 29 56 36 36 23 47 38 53 36 29 11 18 12 15 22 23 22 19 14 13 26 19 28 29 30 49 50 40 12 17 26 52 32 11 29 9 10 10 32 23 27 12 16 43 17 17 5 40 29 40 17 13 23 24 24 20 15 12 27 18 18 4 36 26 37 19 42 35 82 10 14 44 36 1 11 15 45 13 16 0 39 32 35 3 25 13 16 
39 50 52 67 37 64 39 39 29 57 47 61 39 22 19 28 9 25 12 13 13 28 19 23 16 17 31 21 31 41 42 31 15 12 27 44 43 18 39 5 6 9 41 32 38 6 27 52 21 21 15 50 40 50 20 23 13 14 15 27 20 22 17 20 20 12 46 36 47 20 33 25 10 64 16 35 26 9 1 17 36 17 13 10 29 41 45 7 35 3 16 
25 34 38 52 23 49 22 23 12 45 35 47 23 22 24 22 25 18 22 23 29 31 28 19 25 8 15 23 16 40 41 35 2 10 12 44 35 25 31 11 11 23 41 34 32 12 22 41 5 5 12 44 35 40 4 18 24 25 31 32 29 20 27 4 4 10 40 31 36 5 36 35 14 16 71 39 36 13 16 1 40 27 29 13 38 42 41 13 32 17 3 
62 53 77 89 61 85 50 49 49 84 74 84 47 16 55 60 43 56 23 22 34 64 55 56 19 30 42 15 39 11 11 4 39 29 37 12 74 54 70 35 34 44 76 67 70 32 59 79 43 42 47 83 73 79 40 55 23 22 35 63 55 56 20 39 38 43 79 69 75 36 2 15 44 35 39 7 14 43 34 38 1 53 45 44 13 76 79 41 69 32 35 
61 59 74 88 59 85 53 52 48 81 71 83 51 17 45 54 31 50 14 13 21 54 44 49 11 29 44 15 42 25 26 11 35 25 39 27 68 44 65 28 27 33 68 58 64 25 53 76 41 40 41 76 66 75 38 49 13 12 21 53 44 48 9 38 37 37 72 62 71 35 13 1 36 26 36 14 29 35 25 35 15 42 33 36 2 67 72 33 62 23 33 
31 47 43 58 29 56 35 36 23 48 38 53 36 28 12 19 13 15 21 22 21 21 15 14 25 18 28 28 29 48 49 39 11 15 25 51 33 12 29 7 9 10 33 24 28 11 17 43 16 17 6 41 30 41 17 14 22 23 23 21 16 13 26 17 18 4 37 26 38 18 41 34 1 9 13 43 35 84 10 14 44 14 16 1 38 33 36 2 26 12 15 
39 49 52 67 37 65 39 39 29 57 48 62 39 20 20 29 10 26 11 12 13 29 21 24 15 16 31 20 31 40 41 30 14 11 27 43 43 20 40 5 5 10 42 33 39 5 28 53 21 21 16 51 41 51 20 24 12 13 15 29 21 23 16 20 20 12 47 37 48 20 32 24 11 1 16 34 25 10 66 16 35 19 14 11 28 42 46 7 36 2 16 
25 33 39 53 23 50 22 22 13 46 36 48 22 21 25 23 25 19 22 22 29 32 29 21 24 7 14 22 15 39 40 35 2 10 11 43 36 26 32 11 11 24 42 35 33 12 23 41 5 5 13 45 36 41 3 19 24 24 31 33 30 21 26 3 4 10 41 32 37 4 35 34 15 17 1 38 35 14 16 73 39 28 29 14 37 44 42 13 33 17 2 
63 54 77 89 62 86 50 50 50 85 75 84 48 17 56 61 44 57 24 23 35 65 56 57 21 31 43 16 40 10 11 5 40 30 38 11 75 55 71 36 35 45 77 68 71 33 60 80 44 43 48 84 74 80 41 56 24 23 36 64 56 57 21 40 39 44 80 70 76 37 3 16 45 36 40 1 15 44 35 39 5 54 46 45 14 77 80 42 70 33 36 
41 61 50 66 39 64 49 49 36 52 44 61 50 39 7 24 10 22 29 31 22 13 3 19 33 32 42 39 44 59 60 49 26 29 40 62 35 5 32 20 21 9 27 17 30 23 21 48 30 31 17 40 30 45 31 20 30 31 23 12 2 16 33 31 32 18 37 27 43 33 50 41 13 17 27 53 42 14 19 28 54 71 10 14 44 25 35 15 25 21 29 
47 63 57 73 45 71 51 52 39 61 52 68 52 34 17 32 4 29 23 24 12 23 13 26 26 30 44 33 44 53 54 41 27 26 40 56 44 15 41 18 19 5 38 27 39 20 30 57 32 33 21 50 40 54 33 27 22 23 13 22 12 24 25 33 33 20 47 37 51 33 43 32 16 13 29 45 33 16 14 29 46 10 51 16 35 35 45 16 35 15 29 
31 47 42 58 28 55 35 36 22 47 37 52 36 29 11 18 13 15 22 23 22 20 14 13 26 19 28 29 29 48 50 40 11 16 26 52 32 12 28 8 9 11 32 23 27 12 16 42 16 17 5 40 29 40 17 13 23 24 24 20 15 12 27 17 18 4 36 25 37 19 42 35 0 10 13 44 36 1 11 14 45 14 16 70 39 32 35 3 25 13 15 
63 60 77 90 61 87 54 54 50 83 73 85 52 18 48 56 34 53 16 15 23 56 47 52 13 31 46 16 43 24 25 11 37 27 41 26 71 47 67 31 30 35 70 60 66 27 55 79 43 42 43 79 68 77 40 51 15 14 23 56 46 51 12 40 39 39 75 65 74 37 13 3 39 29 38 13 2 38 28 37 14 44 35 39 31 69 74 35 64 25 35 
40 69 41 56 39 56 56 57 43 39 36 52 59 61 21 23 36 26 53 54 48 12 22 23 57 50 53 61 56 81 82 72 41 49 53 84 22 22 23 41 42 34 5 9 19 44 22 37 42 43 30 21 17 33 45 25 54 55 49 13 23 22 57 45 46 34 20 18 33 48 74 66 32 41 42 76 67 33 42 44 77 25 35 32 69 20 16 35 14 44 46 
29 59 25 39 28 40 48 49 36 22 20 36 51 62 28 18 44 22 58 59 56 22 32 22 61 49 47 63 51 81 82 75 40 50 49 85 7 30 11 44 45 41 11 19 9 47 19 21 38 39 31 5 6 17 41 23 59 60 57 24 34 23 62 42 43 35 4 10 18 45 76 71 35 45 41 79 72 36 46 42 80 35 45 35 74 16 28 39 10 49 44 
33 47 45 60 30 58 35 36 23 50 40 55 36 25 14 21 12 18 19 20 19 23 16 16 22 16 28 26 29 45 46 37 11 13 25 49 35 14 32 5 6 10 35 26 31 9 20 45 16 17 8 43 33 43 17 16 20 21 21 23 17 15 23 17 17 5 39 29 40 18 38 32 3 7 13 41 33 2 7 13 42 15 16 3 35 35 39 89 29 10 14 
26 55 28 44 24 43 43 44 30 28 22 39 45 53 18 10 34 14 48 49 45 13 22 12 51 40 40 54 44 72 73 65 31 40 41 76 10 20 9 34 35 31 10 11 5 37 10 25 30 31 21 15 5 21 33 14 49 50 47 15 24 13 52 34 35 25 11 4 20 37 67 61 25 35 32 69 62 26 36 33 70 25 35 25 64 14 10 29 33 39 35 
41 50 54 69 39 66 40 40 30 60 50 64 39 19 22 31 12 28 9 10 11 31 23 27 12 16 31 18 31 38 39 28 16 11 27 41 46 22 42 7 6 12 45 35 41 5 30 55 23 22 18 53 43 53 21 26 10 11 14 31 23 25 13 21 21 14 50 39 50 20 30 22 13 3 17 32 23 12 2 17 33 21 15 13 25 44 49 10 39 71 16 
27 33 41 55 26 52 23 23 15 49 38 50 22 19 26 25 25 21 20 20 28 34 30 23 22 5 14 20 15 37 38 32 4 8 11 40 39 27 35 11 10 24 44 37 35 11 25 44 8 7 15 47 38 43 5 21 22 22 31 35 31 23 24 4 4 12 43 34 39 4 33 32 16 16 3 35 33 15 16 2 36 29 29 15 35 46 44 14 35 16 78 
