120 16
86 47 30 28 22 40 45 14 15 44 25 48 38 6 1 8 31 14 33 44 26 32 36 40 33 8 8 46 44 38 33 30 48 52 21 23 52 33 54 44 12 7 22 40 59 50 31 37 58 42 39 33 37 31 16 35 33 7 12 37 19 34 24 18 15 54 43 29 35 53 38 31 25 38 33 63 45 51 72 56 49 45 50 44 34 38 65 46 53 45 32 26 29 44 31 22 15 36 32 49 36 23 19 41 37 56 53 47 46 40 34 28 39 34 45 12 7 14 8 47 
47 16 30 20 34 41 21 35 38 36 33 1 9 50 48 43 71 62 76 77 56 78 81 71 75 42 52 93 91 31 14 33 44 26 32 36 40 33 8 8 46 44 43 63 72 52 61 66 67 64 30 38 75 71 47 52 30 49 53 46 47 13 23 65 63 73 52 66 70 68 66 32 41 80 77 65 70 75 80 74 43 49 82 78 49 54 61 53 26 29 61 57 70 64 65 31 41 81 79 69 69 35 45 85 82 69 39 44 76 71 32 41 79 76 7 45 43 55 53 94 
30 30 63 24 8 14 16 17 16 14 5 31 23 29 31 23 43 42 49 47 27 54 56 40 48 22 30 69 69 8 20 2 20 22 9 8 22 4 32 22 22 24 14 33 44 26 32 36 40 33 8 8 46 44 21 21 3 28 28 16 19 21 16 42 43 43 23 37 40 38 36 1 11 52 50 40 40 45 54 44 20 21 52 48 18 23 39 25 23 14 31 27 43 34 36 9 16 56 55 39 40 7 17 58 57 40 22 20 45 41 4 10 51 49 24 21 23 31 31 70 
28 20 24 29 22 38 28 18 23 37 24 21 12 32 29 25 55 43 59 65 43 60 64 59 59 24 34 75 72 30 8 26 44 36 19 25 44 28 27 19 30 26 31 54 67 51 49 54 64 55 30 32 60 56 33 44 26 32 36 40 33 8 8 46 44 66 48 51 56 62 55 26 30 64 60 65 61 66 78 68 44 46 70 65 41 46 63 50 36 33 49 44 54 56 52 18 26 64 61 61 57 24 31 68 64 64 43 44 64 59 28 32 64 60 20 29 25 38 35 75 
22 34 8 22 66 19 24 9 7 22 3 35 25 21 23 14 37 34 43 43 22 47 49 37 41 14 22 62 61 16 21 8 27 30 2 2 30 11 37 27 14 15 9 31 45 31 28 33 43 32 16 12 41 38 14 21 11 20 21 18 13 22 14 34 35 44 26 32 36 40 33 8 8 46 44 45 38 43 57 45 27 26 49 44 18 23 45 29 31 23 27 23 37 33 31 3 8 49 48 39 36 1 11 52 50 42 30 26 43 38 11 10 45 42 28 13 15 23 23 63 
40 41 14 38 19 88 21 29 26 7 16 42 35 38 41 32 42 49 50 43 26 57 58 35 48 32 38 71 72 9 33 12 8 23 22 18 13 9 41 32 30 33 19 25 31 12 29 31 26 25 10 7 44 44 27 14 12 36 34 7 24 34 31 48 50 33 11 36 38 27 30 12 15 51 51 26 32 36 40 33 8 8 46 44 12 15 25 12 24 14 27 27 44 25 34 22 25 57 58 29 36 18 23 59 59 27 14 6 39 36 10 12 49 49 33 29 33 36 39 72 
45 21 16 28 24 21 53 31 31 15 22 22 19 45 46 38 59 58 66 62 43 70 72 55 64 37 46 86 85 12 20 18 22 8 24 25 18 17 19 13 38 39 31 46 52 31 47 51 47 46 11 21 62 60 38 34 14 44 45 27 36 20 24 59 59 54 33 53 56 48 50 17 27 68 67 44 53 57 59 55 21 29 66 63 32 36 40 33 8 8 46 44 59 46 52 23 32 72 72 51 55 24 34 75 73 49 18 23 59 56 15 26 67 65 13 37 38 47 47 87 
14 35 17 18 9 29 31 64 5 31 12 36 26 15 15 7 37 27 41 46 25 43 46 41 40 6 17 58 56 25 20 17 37 38 8 11 39 20 41 30 11 8 15 37 53 40 31 36 51 39 26 21 42 37 14 29 20 14 17 27 15 21 11 29 28 50 35 33 38 48 37 18 16 45 42 54 44 49 66 52 37 35 52 47 26 31 55 38 39 32 31 25 36 40 33 8 8 46 44 45 38 11 13 50 47 50 40 36 46 41 21 18 45 41 31 10 7 20 18 59 
15 38 16 23 7 26 31 5 72 29 10 39 29 13 16 7 32 26 37 41 20 40 43 35 36 6 15 55 54 23 24 15 34 38 7 8 37 18 43 33 7 8 9 31 48 36 26 31 47 33 24 18 37 33 9 24 18 12 14 23 10 25 15 27 27 45 30 28 33 42 32 16 11 41 38 50 38 44 61 47 34 31 47 42 21 26 51 33 39 30 26 20 32 34 28 8 3 43 41 40 33 8 8 46 44 45 38 32 41 36 19 14 41 37 34 6 7 17 16 56 
44 36 14 37 22 7 15 31 29 80 19 37 32 42 45 36 49 54 57 50 33 63 64 43 55 36 42 78 78 6 31 14 7 16 23 21 8 11 35 28 34 37 24 33 37 16 36 38 31 32 7 12 51 50 32 21 11 41 40 14 29 31 30 53 55 39 17 43 45 33 37 13 20 58 58 29 39 43 44 39 7 14 53 51 19 22 26 18 17 7 35 34 50 32 41 23 29 64 64 36 43 21 28 65 65 33 8 8 46 44 10 17 56 56 28 33 37 41 43 79 
25 33 5 24 3 16 22 12 10 19 67 34 25 24 26 17 38 37 44 44 22 48 50 37 43 17 25 64 63 13 21 5 24 28 5 3 27 8 36 26 17 18 9 30 43 28 28 32 41 31 13 9 42 39 16 19 8 22 23 16 14 22 15 37 38 42 24 32 36 38 33 5 7 47 45 42 37 42 55 44 24 23 49 44 16 22 42 26 29 20 27 23 38 32 32 5 10 50 50 37 36 2 12 53 51 40 27 23 42 38 8 8 46 44 27 16 18 25 26 65 
48 1 31 21 35 42 22 36 39 37 34 17 10 51 49 44 72 63 77 78 57 79 82 72 76 43 53 94 92 32 15 34 44 26 33 37 40 34 8 9 47 45 44 64 73 53 63 67 68 65 31 39 76 73 49 53 31 51 54 47 48 14 25 66 64 74 53 67 71 69 67 33 42 81 78 66 71 76 81 75 44 50 83 79 50 55 62 54 26 30 62 58 71 65 66 32 42 82 80 70 71 36 46 86 83 70 40 45 77 72 33 42 80 77 8 46 44 56 54 95 
38 9 23 12 25 35 19 26 29 32 25 10 16 41 39 33 62 53 67 69 47 69 72 62 66 32 43 84 82 26 5 25 39 26 23 27 37 26 16 8 37 34 34 56 66 47 53 58 62 56 25 31 66 62 38 44 23 40 43 39 38 4 14 55 54 66 46 57 61 61 58 24 33 71 67 61 63 68 75 68 39 44 74 70 41 46 58 47 26 26 52 48 61 57 57 22 32 72 70 62 61 26 36 76 73 63 37 40 68 63 25 33 70 67 8 36 33 46 44 85 
6 50 29 32 21 38 45 15 13 42 24 51 41 93 6 7 25 12 27 37 20 28 31 34 28 8 2 43 41 37 35 28 46 52 21 21 50 31 56 45 8 6 19 34 53 46 25 31 54 37 37 30 31 26 11 31 32 1 6 33 14 36 26 14 14 48 39 23 28 48 33 29 22 33 28 59 40 45 67 51 46 41 44 38 29 33 61 42 53 44 26 20 24 38 25 22 13 32 29 43 30 21 15 36 32 51 50 44 40 34 32 25 33 28 47 8 7 8 3 44 
1 48 31 29 23 41 46 15 16 45 26 49 39 6 88 9 31 13 32 43 26 31 35 40 33 9 8 45 43 39 34 31 49 53 22 24 53 34 55 45 12 8 23 40 59 51 32 37 59 43 40 34 37 31 16 36 34 7 12 37 19 35 25 17 14 54 44 29 34 54 39 32 26 38 33 64 46 51 73 57 50 45 49 44 34 38 66 47 54 46 32 26 29 44 31 23 16 35 32 49 36 24 19 40 36 56 54 48 46 40 35 29 38 33 46 12 8 14 8 46 
8 43 23 25 14 32 38 7 7 36 17 44 33 7 9 95 30 20 34 41 21 35 38 36 33 1 9 50 48 30 28 22 40 45 14 15 44 25 48 38 6 1 14 34 52 43 27 32 52 36 31 25 36 31 10 28 25 6 10 29 12 29 19 21 21 48 36 27 32 47 34 23 17 38 34 56 40 46 66 51 41 37 47 41 26 31 57 39 46 37 27 21 29 38 28 14 7 38 36 43 33 15 11 42 39 49 45 39 42 36 26 20 38 34 39 5 0 13 10 51 
31 71 43 55 37 42 59 37 32 49 38 72 62 25 31 30 61 24 8 14 16 17 16 14 5 31 23 29 31 47 57 41 49 64 39 35 55 42 75 64 25 30 28 22 40 45 14 15 44 25 48 38 6 1 23 29 44 25 20 35 23 58 48 18 24 33 37 6 7 36 17 42 31 9 9 52 23 26 55 36 50 40 19 13 30 29 57 39 65 55 15 15 2 27 8 40 30 15 18 29 10 36 26 16 17 39 56 47 19 13 43 33 8 6 65 26 31 17 22 30 
14 62 42 43 34 49 58 27 26 54 37 63 53 12 13 20 24 57 22 38 28 18 23 37 24 21 12 32 29 49 47 41 57 65 34 34 62 44 68 58 20 19 30 41 60 57 31 35 62 44 50 42 30 24 22 40 45 14 15 44 25 48 38 6 1 54 49 25 30 55 37 42 34 28 22 68 44 49 75 57 58 52 44 38 40 42 71 52 66 57 32 27 21 45 28 35 26 24 19 49 32 34 26 29 24 58 63 56 42 36 45 37 30 24 59 21 20 14 10 33 
33 76 49 59 43 50 66 41 37 57 44 77 67 27 32 34 8 22 45 19 24 9 7 22 3 35 25 21 23 54 61 47 57 71 44 41 63 49 80 70 29 33 35 30 48 53 22 23 52 33 55 45 11 7 28 37 51 27 23 43 29 63 52 16 22 40 45 14 15 44 25 48 38 6 1 61 31 33 62 43 58 49 24 19 38 37 66 48 72 62 23 23 6 35 16 45 35 7 10 37 18 42 32 9 8 47 64 55 25 21 50 40 8 2 71 30 34 20 24 22 
44 77 47 65 43 43 62 46 41 50 44 78 69 37 43 41 14 38 19 81 21 29 26 7 16 42 35 38 41 50 64 45 47 66 46 41 54 45 80 70 35 41 34 17 30 41 15 11 36 19 51 41 8 14 32 28 48 37 31 35 31 65 57 32 38 22 34 14 9 27 12 46 36 15 20 45 14 15 44 25 48 38 6 1 30 27 51 36 67 56 16 21 16 20 13 47 38 25 30 20 8 42 33 23 27 30 55 45 6 6 47 37 12 17 71 36 41 29 35 39 
26 56 27 43 22 26 43 25 20 33 22 57 47 20 26 21 16 28 24 21 90 31 31 15 22 22 19 45 46 31 43 24 33 47 24 20 39 26 59 49 15 21 12 13 33 30 6 11 34 16 32 21 19 17 11 13 28 19 14 19 10 44 35 24 28 27 22 10 13 27 12 25 15 25 25 40 19 24 47 30 34 25 27 22 14 15 44 25 48 38 6 1 17 18 9 25 17 31 32 22 13 21 12 32 32 30 40 31 21 16 27 16 24 23 50 16 22 14 19 46 
32 78 54 60 47 57 70 43 40 63 48 79 69 28 31 35 17 18 9 29 31 28 5 31 12 36 26 15 15 60 63 52 64 76 47 45 70 54 83 73 32 34 40 40 58 61 30 32 62 43 61 51 21 16 32 44 56 28 25 50 34 65 54 13 18 50 53 22 24 54 35 53 43 14 9 70 40 43 72 53 65 56 34 28 45 45 74 56 77 68 32 30 15 44 25 48 38 6 1 46 27 46 36 11 5 57 71 62 35 30 55 46 17 12 74 33 35 23 25 16 
36 81 56 64 49 58 72 46 43 64 50 82 72 31 35 38 16 23 7 26 31 5 30 29 10 39 29 13 16 61 67 54 64 78 50 47 71 56 86 76 35 37 41 38 56 61 30 30 60 41 62 52 18 14 34 44 58 31 28 51 36 68 57 18 23 48 53 21 22 52 33 55 45 10 6 68 38 40 70 51 65 56 30 25 45 45 73 55 79 69 31 30 14 42 24 51 41 0 5 44 25 48 38 6 1 55 72 62 32 28 57 47 13 9 77 36 38 25 28 14 
40 71 40 59 37 35 55 41 35 43 37 72 62 34 40 36 14 37 22 7 15 31 29 89 19 37 32 42 45 43 58 38 40 58 40 35 47 38 73 63 30 36 28 10 26 34 9 4 30 12 44 34 11 15 26 21 41 33 27 28 25 59 51 32 37 18 27 11 7 22 5 39 29 19 23 39 9 12 40 21 41 31 11 8 23 20 45 29 60 49 10 15 17 14 9 41 32 29 32 15 4 36 27 27 30 25 48 38 6 1 40 30 16 20 64 31 37 26 32 43 
33 75 48 59 41 48 64 40 36 55 43 76 66 28 33 33 5 24 3 16 22 12 10 19 51 34 25 24 26 53 61 46 54 69 43 40 61 47 79 69 29 33 33 27 45 50 19 20 49 30 54 43 8 4 27 34 50 27 23 41 28 62 52 18 24 37 42 11 12 41 22 47 36 5 4 58 28 30 59 40 55 46 21 16 35 35 63 45 70 60 21 20 4 32 14 44 34 10 13 34 15 41 30 10 11 44 62 52 22 18 48 38 6 1 70 30 34 20 25 25 
8 42 22 24 14 32 37 6 6 36 17 43 32 8 9 1 31 21 35 42 22 36 39 37 34 97 10 51 49 30 27 22 40 44 13 14 44 25 47 37 6 2 15 35 53 42 28 33 52 37 30 24 37 32 10 28 25 7 11 29 12 28 18 23 22 49 36 28 33 47 34 22 17 39 35 56 41 46 66 51 40 37 48 42 26 31 57 39 45 37 28 22 30 38 29 14 7 40 37 43 34 15 12 43 40 49 44 39 43 37 25 20 39 35 38 6 1 14 11 52 
8 52 30 34 22 38 46 17 15 42 25 53 43 2 8 9 23 12 25 35 19 26 29 32 25 10 77 41 39 37 37 29 46 53 22 22 50 32 58 47 8 8 19 33 52 46 24 29 53 35 38 30 29 23 11 30 33 2 4 33 14 38 28 12 13 47 39 21 26 46 31 30 22 30 26 58 38 43 66 49 46 40 41 35 29 32 61 42 54 45 24 18 21 37 23 23 14 29 27 41 28 22 15 33 30 49 51 44 38 32 33 25 31 26 48 9 9 6 1 42 
46 93 69 75 62 71 86 58 55 78 64 94 84 43 45 50 29 32 21 38 45 15 13 42 24 51 41 12 6 75 78 67 78 91 62 60 85 69 99 88 47 49 55 52 68 75 43 44 73 54 76 66 30 28 47 58 71 43 41 64 49 80 69 28 31 60 66 35 36 65 46 68 58 22 20 82 51 53 82 63 79 70 40 37 59 59 87 69 92 83 45 44 27 56 38 64 53 14 14 57 38 61 51 15 12 67 85 76 44 41 70 61 25 23 89 48 50 38 40 1 
44 91 69 72 61 72 85 56 54 78 63 92 82 41 43 48 31 29 23 41 46 15 16 45 26 49 39 6 2 75 77 67 79 91 61 60 85 69 97 87 46 47 55 54 72 76 45 46 76 57 76 66 34 30 47 60 71 42 40 65 49 78 67 26 28 64 68 37 38 68 49 68 58 26 22 84 54 56 86 67 80 72 45 40 60 60 89 71 92 83 47 45 29 58 40 63 52 16 14 60 41 61 51 19 15 71 86 77 48 44 70 61 29 25 88 47 48 37 38 6 
38 31 8 30 16 9 12 25 23 6 13 32 26 37 39 30 47 49 54 50 31 60 61 43 53 30 37 75 75 61 24 8 14 16 17 16 14 5 31 23 29 31 20 34 41 21 35 38 36 33 1 9 50 48 28 22 5 35 35 15 25 25 23 49 51 42 21 41 44 36 38 7 16 57 55 35 40 45 49 43 13 18 54 51 19 23 33 22 17 7 34 32 48 33 40 17 23 61 61 38 43 15 23 63 62 37 14 14 47 44 4 14 55 54 24 28 31 37 39 76 
33 14 20 8 21 33 20 20 24 31 21 15 5 35 34 28 57 47 61 64 43 63 67 58 61 27 37 78 77 24 40 22 38 28 18 23 37 24 21 12 32 29 30 52 64 45 49 54 60 53 24 28 61 58 34 41 21 35 38 36 33 1 9 50 48 63 43 52 56 59 54 21 29 66 62 59 59 64 73 65 38 41 70 65 38 43 57 45 28 26 48 43 56 53 52 17 27 67 64 59 56 22 31 70 68 60 37 38 64 59 23 29 65 62 12 31 28 41 38 79 
30 33 2 26 8 12 18 17 15 14 5 34 25 28 31 22 41 41 47 45 24 52 54 38 46 22 29 67 67 8 22 68 19 24 9 7 22 3 35 25 21 23 12 30 41 24 29 33 38 31 9 6 44 42 20 19 3 27 27 13 18 23 18 41 42 41 21 35 38 36 33 1 9 50 48 38 37 42 52 42 19 19 49 46 16 21 38 23 25 15 28 25 41 31 34 9 15 54 53 36 37 7 16 56 55 38 22 19 43 39 3 8 49 47 26 20 23 29 30 68 
48 44 20 44 27 8 22 37 34 7 24 44 39 46 49 40 49 57 57 47 33 64 64 40 54 40 46 78 79 14 38 19 82 21 29 26 7 16 42 35 38 41 27 30 30 9 35 36 24 28 14 15 50 50 35 20 18 44 42 13 32 39 37 56 58 34 13 43 44 27 35 19 23 57 58 21 35 38 36 33 1 9 50 48 19 20 19 12 22 14 33 34 50 28 40 29 33 64 65 31 42 25 31 65 65 27 8 2 43 41 16 20 55 56 36 37 41 44 47 79 
52 26 22 36 30 23 8 38 38 16 28 26 26 52 53 45 64 65 71 66 47 76 78 58 69 44 53 91 91 16 28 24 21 42 31 31 15 22 22 19 45 46 36 49 52 30 51 54 46 48 15 25 66 65 44 37 20 51 51 30 42 27 32 65 66 55 34 58 60 48 53 23 33 73 72 41 55 59 56 55 20 29 69 67 35 38 36 33 1 9 50 48 65 48 56 30 39 78 78 52 59 30 40 80 79 48 14 23 62 59 21 31 71 70 19 44 45 53 54 93 
21 32 9 19 2 22 24 8 7 23 5 33 23 21 22 14 39 34 44 46 24 47 50 40 43 13 22 62 61 17 18 9 29 31 70 5 31 12 36 26 15 15 12 34 48 34 30 35 46 35 18 14 43 39 15 24 12 20 21 21 15 19 11 35 35 46 29 34 38 43 36 10 11 48 45 48 41 46 60 48 29 28 51 46 21 26 47 31 32 24 30 25 38 36 33 1 9 50 48 41 38 4 12 53 51 45 32 28 45 40 13 13 47 44 27 14 14 24 23 64 
23 36 8 25 2 18 25 11 8 21 3 37 27 21 24 15 35 34 41 41 20 45 47 35 40 14 22 60 60 16 23 7 26 31 5 77 29 10 39 29 13 16 7 29 43 29 25 30 41 30 16 10 39 36 13 19 11 19 20 16 11 24 16 34 35 41 24 30 34 37 31 8 5 44 42 43 36 41 55 43 26 24 46 42 16 21 43 26 32 23 25 20 35 31 29 6 7 47 46 36 33 1 9 50 48 39 30 25 40 35 11 7 43 41 30 13 15 22 23 61 
52 40 22 44 30 13 18 39 37 8 27 40 37 50 53 44 55 62 63 54 39 70 71 47 61 44 50 85 85 14 37 22 7 15 31 29 73 19 37 32 42 45 31 37 36 15 42 43 30 35 14 19 57 56 40 27 19 48 47 20 37 37 38 61 63 40 20 49 51 34 42 21 28 64 64 25 42 45 41 40 6 16 57 55 25 27 21 19 16 10 40 40 57 35 47 31 37 71 71 38 49 29 35 71 72 33 1 9 50 48 18 25 62 62 32 41 45 49 51 86 
33 33 4 28 11 9 17 20 18 11 8 34 26 31 34 25 42 44 49 45 26 54 56 38 47 25 32 69 69 5 24 3 16 22 12 10 19 67 34 25 24 26 14 30 40 22 30 34 36 30 6 5 45 43 22 18 3 30 30 12 20 24 21 44 45 40 19 36 39 35 34 2 11 51 50 36 37 42 49 41 16 17 50 46 15 20 35 21 23 13 29 27 43 31 35 12 18 56 56 36 38 10 18 58 57 36 19 16 43 39 1 9 50 48 26 23 26 32 33 71 
54 8 32 27 37 41 19 41 43 35 36 8 16 56 55 48 75 68 80 80 59 83 86 73 79 47 58 99 97 31 21 35 42 22 36 39 37 34 2 10 51 49 46 65 72 51 64 68 66 65 30 39 78 76 52 53 31 55 58 46 51 20 30 70 69 74 52 69 73 68 68 34 44 84 81 62 72 76 78 74 41 49 85 81 50 55 58 53 21 27 63 60 75 65 69 35 45 86 84 70 72 38 49 89 87 68 36 43 78 74 33 43 83 80 9 50 48 60 59 100 
44 8 22 19 27 32 13 30 33 28 26 9 8 45 45 38 64 58 70 70 49 73 76 63 69 37 47 88 87 23 12 25 35 19 26 29 32 25 10 18 41 39 36 55 64 44 54 59 59 56 22 30 68 65 41 44 22 45 47 38 40 11 20 60 59 65 44 59 63 59 59 24 34 74 71 57 62 67 72 66 34 41 75 71 41 46 53 45 19 21 53 50 64 56 58 24 35 76 74 61 62 28 38 79 77 60 31 36 68 64 24 33 73 70 1 40 38 50 48 89 
12 46 22 30 14 30 38 11 7 34 17 47 37 8 12 6 25 20 29 35 15 32 35 30 29 6 8 47 46 29 32 21 38 45 15 13 42 24 51 41 100 6 11 28 47 39 21 26 46 31 30 22 30 26 4 23 25 6 6 25 6 33 23 20 21 42 31 21 26 41 28 22 14 34 30 51 34 40 60 45 38 33 41 35 22 25 53 34 46 37 21 15 24 32 22 16 6 35 33 37 27 14 7 38 36 44 43 36 36 30 24 17 33 29 42 1 6 9 9 48 
7 44 24 26 15 33 39 8 8 37 18 45 34 6 8 1 30 19 33 41 21 34 37 36 33 2 8 49 47 31 29 23 41 46 15 16 45 26 49 39 6 97 15 34 53 43 27 32 52 37 32 26 35 30 10 29 27 5 10 30 12 30 20 20 20 48 37 26 32 47 34 24 18 38 34 56 40 46 66 51 42 38 46 41 27 31 58 40 47 39 27 21 28 38 27 16 8 38 35 43 33 16 12 41 38 50 46 40 42 36 27 21 38 33 40 5 1 12 9 50 
22 43 14 31 9 19 31 15 9 24 9 44 34 19 23 14 28 30 35 34 12 40 41 28 33 15 19 55 55 20 30 12 27 36 12 7 31 14 46 36 11 15 49 22 38 28 18 23 37 24 21 12 32 29 8 14 16 17 16 14 5 31 23 29 31 35 21 23 26 33 24 13 3 37 36 41 29 34 51 37 27 22 39 35 11 16 42 24 37 27 18 13 28 25 22 13 7 41 41 30 26 8 4 43 42 35 32 25 33 28 15 6 36 34 37 10 15 17 20 56 
40 63 33 54 31 25 46 37 31 33 30 64 56 34 40 34 22 41 30 17 13 40 38 10 27 35 33 52 54 34 52 30 30 49 34 29 37 30 65 55 28 34 22 16 19 24 9 7 22 3 35 25 21 23 24 11 33 33 28 18 22 53 45 36 41 14 16 17 16 14 5 31 23 29 31 30 7 12 34 16 31 20 20 18 14 10 35 18 50 40 8 14 25 4 14 35 29 38 41 8 13 29 23 37 39 17 38 27 13 11 31 22 27 29 56 29 35 27 33 53 
59 72 44 67 45 31 52 53 48 37 43 73 66 53 59 52 40 60 48 30 33 58 56 26 45 53 52 68 72 41 64 41 30 52 48 43 36 40 72 64 47 53 38 19 28 21 29 26 7 16 42 35 38 41 42 24 43 52 47 27 40 65 59 56 61 8 20 36 33 5 23 42 37 46 49 16 17 16 14 5 31 23 29 31 27 22 23 19 53 44 28 33 43 15 33 49 46 55 59 11 30 43 41 53 57 3 38 29 24 27 40 35 43 46 65 47 53 47 53 69 
50 52 26 51 31 12 31 40 36 16 28 53 47 46 51 43 45 57 53 41 30 61 61 34 50 42 46 75 76 21 45 24 9 30 34 29 15 22 51 44 39 43 28 24 21 33 31 31 15 22 22 19 45 46 35 17 24 45 42 13 32 46 43 55 58 25 8 39 39 18 29 25 25 53 54 14 28 30 28 25 10 5 43 42 17 16 14 5 31 23 29 31 47 21 36 34 35 61 62 23 37 29 31 61 62 18 16 7 36 35 22 22 51 52 44 38 43 43 47 76 
31 61 32 49 28 29 47 31 26 36 28 63 53 25 32 27 14 31 22 15 6 30 30 9 19 28 24 43 45 35 49 29 35 51 30 25 42 30 64 54 21 27 18 9 29 31 35 5 31 12 36 26 15 15 17 15 33 24 19 21 16 50 41 26 31 23 23 8 9 24 7 30 20 22 23 39 14 19 44 26 36 26 21 16 16 15 43 25 52 42 1 5 16 14 5 31 23 29 31 18 8 26 18 30 31 27 43 33 15 10 31 21 20 20 55 22 27 18 24 44 
37 66 36 54 33 31 51 36 31 38 32 67 58 31 37 32 15 35 23 11 11 32 30 4 20 33 29 44 46 38 54 33 36 54 35 30 43 34 68 59 26 32 23 7 26 31 5 32 29 10 39 29 13 16 22 17 37 29 24 24 21 55 46 30 36 19 23 10 8 21 2 34 25 22 24 37 9 14 40 22 37 27 16 12 19 16 43 25 55 45 5 11 17 12 7 36 28 30 33 14 5 31 23 29 31 24 44 34 10 5 35 25 19 21 60 27 33 23 29 45 
58 67 40 64 43 26 47 51 47 31 41 68 62 54 59 52 44 62 52 36 34 62 60 30 49 52 53 73 76 36 60 38 24 46 46 41 30 36 66 59 46 52 37 22 7 15 31 29 29 19 37 32 42 45 42 23 38 52 48 24 39 61 56 58 63 14 16 39 37 8 27 38 35 50 53 9 22 21 14 12 25 18 35 37 25 20 16 14 47 38 30 35 47 17 36 46 44 59 63 16 34 41 40 58 61 5 31 23 29 31 36 33 47 50 60 47 52 48 53 74 
42 64 33 55 32 25 46 39 33 32 31 65 56 37 43 36 25 44 33 19 16 43 41 12 30 37 35 54 57 33 53 31 28 48 35 30 35 30 65 56 31 37 24 3 16 22 12 10 19 11 34 25 24 26 26 12 33 35 31 18 24 54 46 39 44 11 15 20 18 11 8 32 24 32 34 27 6 11 31 14 29 19 21 20 15 10 32 16 49 39 11 17 28 1 17 36 30 41 44 6 16 31 25 40 42 14 36 26 14 14 31 23 29 31 57 31 37 30 36 55 
39 30 8 30 16 10 11 26 24 7 13 31 25 37 40 31 48 50 55 51 32 61 62 44 54 30 38 76 76 1 24 9 14 15 18 16 14 6 30 22 30 32 21 35 42 22 36 39 37 34 63 10 51 49 29 23 5 36 36 16 26 24 23 50 51 43 22 42 45 37 39 8 17 58 56 35 41 46 50 44 14 18 55 52 20 24 33 22 16 6 35 33 49 35 41 17 24 62 62 39 44 16 24 64 63 38 14 14 48 45 5 15 56 55 23 29 31 38 39 77 
33 38 8 32 12 7 21 21 18 12 9 39 31 30 34 25 38 42 45 41 21 51 52 34 43 24 30 66 66 9 28 6 15 25 14 10 19 5 39 30 22 26 12 25 35 19 26 29 32 25 10 46 41 39 20 13 8 29 28 7 17 29 24 41 43 35 15 32 35 30 29 6 8 47 46 33 32 37 46 36 16 14 45 42 10 15 33 17 26 16 24 22 39 26 31 14 17 52 52 31 34 10 16 54 54 32 20 14 38 34 6 5 46 44 31 22 25 29 31 67 
37 75 46 60 41 44 62 42 37 51 42 76 66 31 37 36 6 30 11 8 19 21 18 11 8 37 29 30 34 50 61 44 50 66 43 39 57 45 78 68 30 35 32 21 38 45 15 13 42 24 51 41 59 6 27 30 48 30 25 37 28 62 53 24 30 30 37 9 6 34 15 45 35 8 11 51 20 22 52 33 51 41 14 8 31 30 56 39 67 57 16 18 8 25 10 44 34 17 21 26 8 40 30 16 19 37 58 48 14 10 46 36 5 8 69 31 36 23 28 31 
31 71 44 56 38 44 60 37 33 50 39 73 62 26 31 31 1 24 7 14 17 16 14 15 4 32 23 28 30 48 58 42 50 65 39 36 56 43 76 65 26 30 29 23 41 46 15 16 45 26 49 39 6 63 24 30 45 25 20 36 24 59 49 18 24 34 38 7 8 37 18 43 32 8 8 53 24 27 56 37 51 42 20 14 31 30 58 40 66 56 16 16 2 28 9 40 30 14 17 30 11 37 27 15 16 40 57 48 19 14 44 34 7 5 66 27 31 18 23 29 
16 47 21 33 14 27 38 14 9 32 16 49 38 11 16 10 23 22 28 32 11 32 34 26 27 10 11 47 47 28 34 20 35 44 15 13 40 22 52 41 4 10 8 24 42 35 17 22 42 26 29 20 27 24 45 19 24 9 7 22 3 35 25 21 23 38 28 18 23 37 24 21 12 32 29 47 30 36 56 41 35 29 37 32 18 21 50 31 45 35 17 11 22 28 19 17 6 34 33 33 24 14 4 37 35 40 40 33 32 27 23 14 31 28 43 4 10 9 12 48 
35 52 21 44 21 14 34 29 24 21 19 53 44 31 36 28 29 40 37 28 13 44 44 21 34 28 30 58 60 22 41 19 20 37 24 19 27 18 53 44 23 29 14 11 24 17 15 17 23 12 23 13 30 30 19 77 21 29 26 7 16 42 35 38 41 22 9 23 24 19 16 20 13 37 38 28 18 23 37 24 21 12 32 29 3 2 31 12 38 28 13 14 30 12 20 25 21 44 46 17 22 19 16 45 45 21 28 18 25 22 19 11 35 35 45 23 29 26 31 59 
33 30 3 26 11 12 14 20 18 11 8 31 23 32 34 25 44 45 51 48 28 56 58 41 50 25 33 71 71 5 21 3 18 20 12 11 19 3 31 22 25 27 16 33 43 24 33 37 38 33 5 8 48 45 24 21 56 31 31 15 22 22 19 45 46 43 22 39 42 38 36 2 13 54 52 38 40 45 52 44 18 20 53 49 18 23 37 24 21 12 32 29 45 34 37 12 19 58 57 39 41 10 20 60 59 39 19 18 46 42 2 11 52 51 23 24 26 33 34 72 
7 49 28 32 20 36 44 14 12 41 22 51 40 1 7 6 25 14 27 37 19 28 31 33 27 7 2 43 42 35 35 27 44 51 20 19 48 30 55 45 6 5 17 33 52 45 24 29 52 35 36 29 30 25 9 29 31 37 5 31 12 36 26 15 15 47 38 22 27 46 31 28 21 32 28 57 38 43 66 49 45 39 43 37 28 31 59 41 52 43 25 19 23 37 24 21 12 32 29 42 29 20 13 36 32 49 49 43 39 33 31 24 33 28 46 7 6 7 3 44 
12 53 28 36 21 34 45 17 14 40 23 54 43 6 12 10 20 15 23 31 14 25 28 27 23 11 4 41 40 35 38 27 42 51 21 20 47 30 58 47 6 10 16 28 47 42 19 24 48 31 36 28 25 20 7 26 31 5 47 29 10 39 29 13 16 42 35 17 22 42 26 28 19 28 24 54 33 38 61 45 43 37 37 31 25 28 57 38 52 43 20 14 18 32 18 23 12 28 26 37 24 21 12 32 29 45 48 41 33 27 31 22 28 23 48 7 11 2 5 42 
37 46 16 40 18 7 27 27 23 14 16 47 39 33 37 29 35 44 43 35 19 50 51 28 41 29 33 64 65 15 36 13 13 30 21 16 20 12 46 38 25 30 14 18 27 13 21 24 24 18 16 7 37 36 22 7 15 31 29 74 19 37 32 42 45 27 7 29 31 22 23 14 11 44 44 26 25 29 38 28 14 7 39 36 5 8 28 10 31 21 20 20 36 18 27 22 21 50 51 23 29 16 18 51 52 24 21 12 32 29 13 9 42 42 39 25 30 30 34 65 
19 47 19 33 13 24 36 15 10 29 14 48 38 14 19 12 23 25 29 31 10 34 36 25 28 12 14 49 49 25 33 18 32 42 15 11 37 20 51 40 6 12 5 22 40 32 16 21 39 24 26 17 28 24 3 16 22 12 10 19 48 34 25 24 26 36 25 18 23 34 22 19 9 33 30 44 28 34 53 38 32 26 37 32 15 19 46 28 43 33 16 10 23 25 18 16 7 36 35 31 23 12 2 38 37 37 37 30 31 26 21 12 32 29 42 7 13 12 15 50 
34 13 21 8 22 34 20 21 25 31 22 14 4 36 35 29 58 48 63 65 44 65 68 59 62 28 38 80 78 25 1 23 39 27 19 24 37 24 20 11 33 30 31 53 65 46 50 55 61 54 24 29 62 59 35 42 22 36 39 37 34 42 10 51 49 64 44 53 58 59 55 22 30 67 63 60 60 65 74 65 38 42 71 66 39 44 58 46 28 26 49 45 57 54 53 18 28 68 66 60 58 23 32 72 69 61 37 39 65 60 24 30 66 63 12 32 29 42 39 81 
24 23 16 8 14 31 24 11 15 30 15 25 14 26 25 19 48 38 52 57 35 54 57 51 52 18 28 69 67 23 9 18 37 32 11 16 38 21 30 20 23 20 23 45 59 43 41 46 56 46 23 24 53 49 25 35 19 26 29 32 25 10 24 41 39 58 39 44 48 54 47 18 22 57 53 57 52 57 70 59 37 38 62 57 32 38 56 42 33 28 41 36 47 47 44 10 18 58 55 53 49 15 23 61 58 56 38 37 56 51 20 24 56 53 21 22 19 32 29 70 
18 65 42 46 34 48 59 29 27 53 37 66 55 14 17 21 18 6 16 32 24 13 18 32 18 23 12 28 26 49 50 41 56 65 35 34 61 44 70 60 20 20 29 36 56 55 26 30 58 39 50 41 24 18 21 38 45 15 13 42 24 51 41 64 6 49 47 20 24 51 33 42 33 22 16 65 40 44 71 52 56 49 38 32 37 39 69 50 66 57 28 23 16 41 23 36 26 18 14 45 27 34 25 23 18 54 62 54 37 31 44 36 24 18 61 21 22 12 11 29 
15 63 43 44 35 50 59 28 27 55 38 64 54 14 14 21 24 1 22 38 28 18 23 37 24 22 13 31 28 51 48 42 58 66 35 35 63 45 69 59 21 20 31 41 61 58 31 36 63 44 51 43 30 24 23 41 46 15 16 45 26 49 39 6 59 55 50 26 30 56 38 43 35 28 22 69 45 49 76 58 59 53 44 38 41 43 72 53 67 58 33 28 22 46 28 36 27 23 18 50 33 35 27 28 23 59 64 57 43 37 46 38 30 24 60 22 21 15 12 32 
54 73 43 66 44 33 54 50 45 39 42 74 66 48 54 48 33 54 40 22 27 50 48 18 37 49 47 60 64 42 63 41 34 55 46 41 40 40 74 65 42 48 35 14 8 25 23 19 14 11 43 35 30 34 38 22 43 47 42 27 36 64 58 49 55 39 21 29 26 7 16 42 35 38 41 24 9 7 22 3 35 25 21 23 25 20 30 21 56 46 22 28 36 10 26 47 42 47 51 5 23 42 37 45 49 8 42 32 16 19 41 34 35 38 66 43 49 41 47 61 
43 52 23 48 26 11 33 35 30 17 24 53 46 39 44 36 37 49 45 34 22 53 53 27 42 36 39 66 68 21 43 21 13 34 29 24 20 19 52 44 31 37 21 16 20 8 23 23 16 15 22 15 37 38 28 9 22 38 35 7 25 44 39 47 50 21 48 31 31 15 22 22 19 45 46 19 21 25 30 22 14 4 36 35 9 7 22 3 35 25 21 23 39 14 28 29 28 52 54 18 29 24 24 52 54 16 21 11 29 28 20 16 43 43 45 31 37 35 39 68 
29 66 37 51 32 36 53 33 28 43 32 67 57 23 29 27 6 25 14 14 10 22 21 11 11 28 21 35 37 41 52 35 43 58 34 30 49 36 69 59 21 26 23 17 36 39 8 10 39 20 42 32 9 7 18 23 39 22 17 29 18 53 44 20 26 29 31 19 5 31 12 36 26 15 15 47 19 23 51 32 44 34 20 14 24 23 52 34 59 49 9 9 7 22 3 35 25 21 23 25 7 31 21 22 22 34 50 41 17 11 37 27 13 12 60 22 27 15 21 36 
35 70 40 56 36 38 56 38 33 45 36 71 61 28 34 32 7 30 15 9 13 24 22 7 12 33 26 36 38 44 56 38 44 60 38 34 51 39 73 63 26 32 26 16 33 39 9 8 37 18 45 35 6 8 23 24 42 27 22 31 23 58 48 24 30 26 31 5 15 29 10 39 29 13 16 46 16 19 48 29 45 35 15 9 25 24 51 33 62 51 10 13 9 20 4 39 30 22 25 22 3 35 25 21 23 32 52 42 12 6 40 30 11 13 64 27 32 20 26 37 
53 68 38 62 40 27 48 48 42 33 38 69 61 48 54 47 36 55 44 27 27 54 52 22 41 47 46 65 68 36 59 36 27 48 43 37 34 35 68 59 41 47 33 14 5 18 24 21 8 11 37 30 34 37 37 19 38 46 42 22 34 59 54 51 56 7 15 31 29 44 19 37 32 42 45 17 13 14 19 6 28 19 27 28 21 16 24 15 49 40 23 28 39 9 28 43 40 51 55 7 26 38 35 50 53 3 35 25 21 23 36 30 39 42 60 41 47 42 47 66 
38 66 36 55 33 30 50 37 32 37 33 67 58 33 39 34 17 37 25 12 12 35 33 5 22 34 31 46 49 38 54 33 35 53 36 31 42 34 68 59 28 34 24 5 23 29 7 2 27 8 39 29 15 18 24 16 36 31 26 23 22 55 47 33 38 16 22 12 10 19 6 34 25 24 26 35 7 12 38 19 36 26 16 13 18 15 40 24 54 44 6 12 20 9 9 37 29 32 36 12 7 32 24 31 34 22 43 33 9 6 35 25 21 23 60 28 34 25 31 47 
31 32 1 26 8 12 17 18 16 13 5 33 24 29 32 23 42 42 48 46 25 53 55 39 47 22 30 68 68 7 21 1 19 23 10 8 21 2 34 24 22 24 13 31 42 25 30 34 38 32 8 6 45 43 21 20 2 28 28 14 19 22 18 42 43 42 22 36 39 37 34 70 10 51 49 39 38 43 52 43 19 20 51 47 17 22 38 24 24 14 29 26 42 32 35 9 16 55 54 37 39 7 17 57 56 38 22 19 44 40 3 9 50 48 25 21 23 30 31 69 
25 41 11 30 8 15 27 16 11 20 7 42 33 22 26 17 31 34 38 36 15 43 45 29 36 17 22 58 58 16 29 9 23 33 11 5 28 11 44 34 14 18 3 23 37 25 20 25 35 24 17 8 35 32 12 13 13 21 19 11 9 30 22 33 35 35 19 26 29 32 25 10 50 41 39 38 30 35 49 37 24 19 41 37 10 15 39 22 34 24 20 16 32 25 25 12 9 45 45 30 28 6 7 47 46 34 28 22 35 30 12 3 39 37 35 14 18 21 23 60 
38 80 52 64 46 51 68 45 41 58 47 81 71 33 38 38 9 28 6 15 25 14 10 19 5 39 30 22 26 57 66 50 57 73 48 44 64 51 84 74 34 38 37 29 46 53 22 22 50 32 58 47 8 8 32 37 54 32 28 44 33 67 57 22 28 38 45 15 13 42 24 51 41 43 6 59 28 30 60 41 58 49 19 14 39 37 64 47 74 64 24 24 9 33 17 49 39 9 15 34 16 45 35 7 11 45 65 55 22 18 52 42 3 4 75 35 39 25 30 23 
33 77 50 60 44 51 67 42 38 58 45 78 67 28 33 34 9 22 1 20 25 9 6 23 4 35 26 20 22 55 62 48 58 72 45 42 64 50 81 71 30 34 36 31 49 54 23 24 53 34 56 46 11 8 29 38 52 28 24 44 30 63 53 16 22 41 46 15 16 45 26 49 39 6 47 62 32 34 63 44 59 50 25 19 39 38 67 49 73 63 24 24 7 36 17 46 36 6 9 38 19 43 33 8 7 48 65 56 26 22 51 41 8 3 72 31 35 21 25 21 
63 65 40 65 45 26 44 54 50 29 42 66 61 59 64 56 52 68 61 45 40 70 68 39 58 56 58 82 84 35 59 38 21 41 48 43 25 36 62 57 51 56 41 30 16 14 39 37 9 27 35 33 51 53 47 28 38 57 54 26 44 60 57 65 69 24 19 47 46 17 35 39 38 59 62 43 31 31 15 22 22 19 45 46 29 26 7 16 42 35 38 41 55 25 44 48 48 68 71 25 43 43 44 67 69 15 26 20 39 40 36 35 56 59 57 51 56 54 59 83 
45 70 40 61 38 32 53 44 38 39 37 71 63 40 46 40 23 44 31 14 19 40 38 9 28 41 38 51 54 40 59 37 35 55 41 36 42 37 72 62 34 40 29 7 17 28 14 9 22 6 41 32 20 24 30 18 40 38 33 25 28 60 52 40 45 9 21 19 16 13 7 38 30 28 32 31 59 5 31 12 36 26 15 15 21 16 37 23 56 46 13 19 26 7 16 42 35 38 41 6 13 36 30 36 39 16 43 33 8 10 38 29 25 29 63 35 41 32 38 52 
51 75 45 66 43 36 57 49 44 43 42 76 68 45 51 46 26 49 33 15 24 43 40 12 30 46 43 53 56 45 64 42 38 59 46 41 45 42 76 67 40 46 34 12 16 30 19 14 21 11 46 37 22 27 36 23 45 43 38 29 34 65 57 44 49 7 25 23 19 14 12 43 35 30 34 31 5 52 29 10 39 29 13 16 26 21 38 26 60 50 18 24 29 11 21 47 41 40 44 7 16 42 35 38 41 16 46 36 8 13 43 34 27 31 68 40 46 37 43 54 
72 80 54 78 57 40 59 66 61 44 55 81 75 67 73 66 55 75 62 44 47 72 70 40 59 66 66 82 86 49 73 52 36 56 60 55 41 49 78 72 60 66 51 34 14 28 44 40 14 31 50 46 52 56 56 37 52 66 61 38 53 74 70 71 76 22 30 51 48 19 38 52 49 60 63 15 31 29 14 19 37 32 42 45 39 34 21 28 57 50 42 48 58 29 48 60 58 69 73 26 45 55 54 67 71 16 42 35 38 41 50 47 57 60 72 60 66 61 67 83 
56 74 44 68 45 33 55 52 47 39 44 75 68 51 57 51 36 57 43 25 30 53 51 21 40 51 49 63 67 43 65 42 33 55 48 43 40 41 74 66 45 51 37 16 5 25 26 22 12 14 44 36 33 37 41 24 44 49 45 28 38 65 59 52 58 3 22 32 29 6 19 43 37 41 44 22 12 10 19 33 34 25 24 26 27 21 29 21 56 47 25 31 39 12 29 49 44 50 54 7 26 43 39 48 52 7 41 31 19 22 42 35 38 41 67 45 51 44 50 64 
49 43 20 44 27 8 21 37 34 7 24 44 39 46 50 41 50 58 58 48 34 65 65 41 55 40 46 79 80 13 38 19 1 20 29 26 6 16 41 34 38 42 27 31 31 10 36 37 25 29 14 16 51 51 35 21 18 45 43 14 32 38 37 56 59 35 14 44 45 28 36 19 24 58 59 22 36 39 37 34 84 10 51 49 20 21 19 13 21 13 34 35 51 29 41 29 33 65 66 32 43 26 31 66 66 28 7 3 44 42 16 21 56 56 35 38 41 44 47 80 
45 49 21 46 26 8 29 35 31 14 23 50 44 41 45 37 40 52 49 38 25 56 56 31 46 37 40 70 72 18 41 19 9 29 28 24 16 17 49 41 33 38 22 20 23 5 26 27 18 19 18 14 41 42 29 12 20 39 37 7 26 42 38 49 53 25 4 34 35 19 26 20 19 49 50 19 26 29 32 25 10 71 41 39 12 11 20 4 31 21 25 26 42 18 32 29 29 56 58 22 33 24 26 56 57 19 17 7 33 32 18 16 47 47 42 33 37 38 41 71 
50 82 52 70 49 46 66 52 47 53 49 83 74 44 49 47 19 44 24 6 27 34 30 11 21 48 41 40 45 54 70 49 50 69 51 46 57 50 85 75 41 46 39 20 29 43 21 16 35 21 55 45 14 20 37 32 53 43 37 39 37 71 62 38 44 21 36 20 15 27 16 51 41 19 25 45 15 13 42 24 51 41 76 6 34 31 51 38 70 60 21 26 22 22 19 52 44 29 34 20 13 47 39 26 31 30 58 48 7 11 51 41 16 22 76 42 47 35 41 41 
44 78 48 65 44 44 63 47 42 51 44 79 70 38 44 41 13 38 19 1 22 28 25 8 16 42 35 37 40 51 65 46 48 67 46 42 55 46 81 71 35 41 35 18 31 42 16 12 37 20 52 42 8 14 32 29 49 37 31 36 32 66 57 32 38 23 35 14 9 28 13 47 37 14 19 46 15 16 45 26 49 39 6 83 31 28 52 37 68 57 17 21 16 21 13 47 39 24 29 21 8 43 34 22 26 31 57 46 7 7 47 37 11 16 72 36 42 29 35 38 
34 49 18 41 18 12 32 26 21 19 16 50 41 29 34 26 30 40 38 30 14 45 45 23 35 26 29 59 60 19 38 16 19 35 21 16 25 15 50 41 22 27 11 14 27 17 16 19 25 15 20 10 31 31 18 3 18 28 25 5 15 39 32 37 41 25 9 24 25 21 18 17 10 39 39 29 21 26 39 27 20 12 34 31 62 5 31 12 36 26 15 15 31 15 22 22 19 45 46 20 24 16 14 46 46 23 26 17 27 24 16 8 37 36 42 21 27 26 30 60 
38 54 23 46 23 15 36 31 26 22 22 55 46 33 38 31 29 42 37 27 15 45 45 20 35 31 32 59 60 23 43 21 20 38 26 21 27 20 55 46 25 31 16 10 22 16 15 16 20 10 24 15 30 30 21 2 23 31 28 8 19 44 38 39 43 20 7 23 24 16 15 22 15 37 38 26 16 21 34 21 21 11 31 28 5 63 29 10 39 29 13 16 31 10 21 27 24 45 46 15 22 22 19 45 46 18 28 18 23 21 21 13 35 36 47 26 31 28 33 60 
65 61 39 63 45 25 40 55 51 26 42 62 58 61 66 57 57 71 66 51 44 74 73 45 63 57 61 87 89 33 57 38 19 36 47 43 21 35 58 53 53 58 42 35 23 14 43 43 16 32 33 33 56 58 50 31 37 59 57 28 46 58 56 69 72 30 22 52 51 24 40 38 39 64 67 7 37 38 21 29 19 20 51 52 31 29 31 19 37 32 42 45 59 31 49 48 49 73 75 31 48 43 46 72 74 22 22 19 45 46 35 36 62 64 54 53 58 57 61 88 
46 53 25 50 29 12 33 38 33 18 26 54 47 42 47 39 39 52 48 36 25 56 55 29 45 39 42 69 71 22 45 23 12 33 31 26 19 21 53 45 34 40 24 18 19 5 25 25 14 16 22 17 39 40 31 12 24 41 38 10 28 46 42 50 53 21 3 34 33 15 24 24 22 47 49 16 23 26 28 21 13 4 38 37 12 10 19 44 34 25 24 26 41 15 31 32 31 55 57 19 31 27 27 55 56 15 20 10 31 30 22 19 45 46 46 34 40 38 42 70 
53 26 23 36 31 24 8 39 39 17 29 26 26 53 54 46 65 66 72 67 48 77 79 60 70 45 54 92 92 17 28 25 22 1 32 32 16 23 21 19 46 47 37 50 53 31 52 55 47 49 16 26 67 66 45 38 21 52 52 31 43 28 33 66 67 56 35 59 62 49 54 24 34 74 73 42 56 60 57 56 21 31 70 68 36 39 37 34 44 10 51 49 66 49 57 31 40 79 79 53 60 31 41 81 80 49 15 24 63 61 22 32 73 71 19 45 46 54 55 94 
45 29 14 33 23 14 8 32 30 7 20 30 26 44 46 37 55 57 62 56 38 68 69 49 60 37 45 83 83 7 26 15 14 9 24 23 10 13 27 21 37 39 27 40 44 23 42 45 38 39 6 16 57 56 35 28 12 43 43 21 33 26 28 57 58 46 25 49 51 40 44 14 24 64 63 35 46 50 50 47 13 21 60 57 26 29 32 25 10 38 41 39 55 39 47 23 31 69 69 43 50 22 31 71 70 41 10 15 53 50 12 22 62 61 22 36 38 45 46 84 
32 61 31 49 27 27 46 31 26 35 27 62 52 26 32 27 15 32 23 16 6 32 31 10 21 28 24 45 47 34 48 28 33 50 30 25 40 29 63 53 21 27 18 8 28 29 1 5 30 11 35 24 16 16 17 13 32 25 20 20 16 49 41 28 33 22 21 9 10 23 6 29 20 24 24 38 13 18 42 25 34 25 21 17 15 13 42 24 51 41 90 6 17 13 7 31 23 31 33 17 9 26 17 31 32 26 41 31 15 10 30 20 22 22 55 22 28 19 25 46 
26 57 27 44 23 27 44 25 20 34 23 58 48 20 26 21 15 27 23 21 1 30 30 15 20 22 18 44 45 32 43 25 34 48 25 20 40 27 60 50 15 21 13 14 33 31 5 11 35 17 33 22 18 16 11 14 29 19 14 20 10 45 36 23 28 28 23 9 13 28 12 26 16 24 24 41 19 24 48 31 35 26 26 21 15 16 45 26 49 39 6 93 16 18 8 26 17 30 31 23 13 21 12 31 31 31 41 32 21 15 28 17 23 22 51 16 22 13 19 45 
29 70 43 54 37 44 59 36 32 50 38 71 61 24 29 29 2 21 6 16 17 15 14 17 4 30 21 27 29 48 56 41 50 65 38 35 57 43 75 64 24 28 28 25 43 47 16 17 47 28 49 39 8 2 22 30 45 23 18 36 23 57 47 16 22 36 39 7 9 39 20 42 32 9 7 55 26 29 58 39 51 42 22 16 31 31 59 41 66 55 17 16 10 29 10 39 29 13 16 31 12 36 26 15 15 42 58 48 21 16 44 33 9 5 65 25 29 16 21 29 
44 64 34 56 33 25 46 40 34 32 32 65 57 38 44 38 27 45 35 20 18 44 42 14 32 38 37 56 58 33 53 31 28 48 36 31 35 31 65 56 32 38 25 4 15 21 14 12 17 1 35 26 25 28 28 12 34 37 32 18 25 54 47 41 46 10 14 22 20 9 9 32 25 33 36 25 7 11 29 12 29 18 22 21 15 10 31 15 49 39 13 18 29 63 19 37 32 42 45 5 17 31 26 41 43 12 36 26 15 15 32 24 30 33 57 32 38 32 37 57 
31 65 36 52 31 34 52 33 28 41 32 66 57 25 31 28 8 28 16 13 9 25 24 9 14 29 23 38 40 40 52 34 40 56 33 29 47 35 69 58 22 27 22 14 33 36 5 7 36 17 41 31 10 9 19 20 37 24 18 27 18 53 44 23 28 26 28 3 4 28 9 35 25 17 17 44 16 21 48 29 41 32 19 13 22 21 49 31 57 47 7 8 10 19 25 34 25 24 26 21 5 30 20 24 25 31 48 38 15 9 36 26 15 15 59 23 28 17 23 39 
22 31 9 18 3 22 23 8 8 23 5 32 22 22 23 14 40 35 45 47 25 48 51 41 44 14 23 64 63 17 17 9 29 30 1 6 31 12 35 24 16 16 13 35 49 34 31 36 46 36 17 14 44 40 17 25 12 21 23 22 16 18 10 36 36 47 29 35 39 43 37 9 12 49 46 48 42 47 60 49 29 29 52 47 22 27 48 32 31 23 31 26 39 37 34 72 10 51 49 42 39 5 14 54 52 45 31 28 46 41 12 13 48 45 26 15 15 25 24 65 
15 41 16 26 8 25 32 8 3 29 10 42 32 13 16 7 30 26 35 38 17 38 41 32 34 7 14 53 52 23 27 15 33 39 9 7 37 18 45 35 6 8 7 29 46 35 23 28 44 30 24 17 34 30 6 21 19 12 12 21 7 28 18 26 27 42 28 25 30 40 29 16 9 39 36 48 35 41 58 44 33 29 44 39 19 24 49 31 40 31 23 17 29 32 25 10 52 41 39 37 30 8 5 44 42 42 37 31 38 33 19 12 38 35 36 5 8 15 15 54 
36 81 56 64 49 57 72 46 43 64 50 82 72 32 35 38 15 24 7 25 31 6 0 29 10 40 29 14 16 61 67 54 64 78 50 47 71 56 86 76 35 38 41 38 55 61 29 30 59 41 62 52 17 14 34 44 58 32 28 50 36 68 58 18 23 47 52 21 22 51 32 55 45 9 6 68 38 40 69 50 65 56 29 24 45 45 73 55 79 69 31 30 13 42 24 51 41 30 6 44 25 48 38 5 1 54 71 62 31 28 57 47 12 9 77 36 39 26 28 15 
32 79 55 61 48 58 72 44 41 64 50 80 70 29 32 36 18 19 10 30 32 1 5 32 13 37 27 14 14 61 64 53 65 78 48 46 71 56 84 74 33 35 41 41 59 62 31 33 63 44 62 52 21 17 33 46 57 29 26 51 35 66 55 14 18 51 54 23 25 55 36 54 45 15 9 71 41 44 73 54 66 58 34 29 46 46 75 57 79 69 33 31 16 45 26 49 39 6 30 47 28 47 37 11 5 58 72 63 36 31 57 47 18 12 75 34 36 24 26 15 
49 69 39 61 39 29 51 45 40 36 37 70 62 43 49 43 29 49 37 20 22 46 44 15 34 43 41 57 60 38 59 36 31 52 41 36 38 36 70 61 37 43 30 8 11 23 18 14 16 6 39 31 26 30 33 17 39 42 37 23 31 60 53 45 50 5 18 25 22 7 12 37 30 34 38 25 6 7 26 7 32 22 20 21 20 15 31 19 53 43 17 23 31 5 21 42 37 44 47 59 19 37 32 42 45 10 39 29 13 16 37 29 31 35 62 38 44 36 42 58 
36 69 40 57 36 36 55 38 33 43 36 71 61 30 36 33 10 32 18 8 13 27 25 4 15 34 28 38 41 43 56 37 42 59 38 33 49 38 72 62 27 33 26 13 30 37 8 5 34 16 44 34 8 11 24 22 41 29 24 29 23 58 49 27 33 23 29 7 3 26 7 39 28 16 19 43 13 16 45 26 43 33 13 8 24 22 48 31 60 50 9 13 12 17 5 39 30 25 28 19 21 34 25 24 26 29 50 40 9 3 39 29 13 16 64 28 34 22 28 39 
23 35 7 24 1 18 24 11 8 21 2 36 26 21 24 15 36 34 42 42 21 46 48 36 41 15 22 61 61 15 22 7 25 30 4 1 29 10 38 28 14 16 8 29 43 29 26 31 41 31 16 10 40 37 14 19 10 20 21 16 12 23 15 34 35 42 24 31 35 38 32 7 6 45 43 43 36 42 55 43 26 24 47 43 16 22 43 27 31 22 26 21 36 31 30 5 8 48 47 37 34 79 10 51 49 40 29 24 41 36 10 8 44 42 29 13 16 23 23 62 
19 45 17 31 11 23 34 13 8 28 12 46 36 15 19 11 26 26 32 33 12 36 38 27 30 12 15 51 51 23 31 16 31 40 12 9 35 18 49 38 7 12 4 23 41 31 18 23 40 25 24 16 30 27 4 16 20 13 12 18 2 32 23 25 27 37 24 21 25 35 24 17 7 35 33 44 30 35 54 39 31 26 39 34 14 19 46 27 41 31 17 12 26 26 20 14 5 38 37 32 25 10 59 41 39 37 36 29 33 28 19 10 34 31 39 6 12 13 16 52 
41 85 58 68 52 59 75 50 46 65 53 86 76 36 40 42 16 29 9 23 32 11 6 27 10 43 33 15 19 63 70 56 65 80 53 50 71 58 89 79 38 41 43 37 53 61 30 29 58 40 64 54 16 15 37 45 60 36 32 51 38 72 61 23 28 45 52 22 21 50 31 57 47 7 8 67 36 38 67 48 66 56 26 22 46 45 72 55 81 71 31 31 15 41 24 54 44 5 11 42 24 51 41 27 6 53 72 63 29 26 59 49 10 9 80 39 43 29 33 16 
37 82 57 64 50 59 73 47 44 65 51 83 73 32 36 39 17 24 8 27 32 5 1 30 11 40 30 12 15 62 68 55 65 79 51 48 72 57 87 77 36 38 42 39 57 62 31 31 61 42 63 54 19 16 35 45 59 32 29 52 37 69 58 18 23 49 54 22 23 53 34 56 46 11 7 69 39 41 71 52 66 57 31 26 46 46 74 56 80 70 32 31 15 43 25 52 42 1 5 45 26 49 39 6 32 56 73 63 33 29 58 48 14 10 78 37 39 26 29 13 
56 69 40 64 42 27 49 50 45 33 40 70 63 51 56 49 39 58 47 30 30 57 55 25 44 49 49 67 71 37 60 38 27 48 45 39 33 36 68 60 44 50 35 17 3 18 27 24 5 14 38 32 37 40 40 21 39 49 45 24 37 61 56 54 59 8 16 34 32 3 22 38 34 45 48 15 16 16 16 7 28 19 30 31 23 18 22 15 49 41 26 31 42 12 31 45 42 54 58 10 29 40 37 53 56 38 34 25 24 26 37 32 42 45 61 44 50 44 50 69 
53 39 22 43 30 14 18 40 38 8 27 40 37 50 54 45 56 63 64 55 40 71 72 48 62 44 51 85 86 14 37 22 8 14 32 30 1 19 36 31 43 46 32 38 38 16 43 44 31 36 14 20 58 57 40 28 19 49 48 21 37 37 38 62 64 42 21 50 52 35 43 22 28 65 65 26 43 46 42 41 7 17 58 57 26 28 22 20 15 10 41 41 58 36 48 31 37 71 72 39 50 29 36 72 73 34 74 10 51 49 19 25 63 63 32 42 45 50 52 87 
47 44 20 44 26 6 23 36 32 8 23 45 40 44 48 39 47 56 55 45 31 62 62 38 52 39 44 76 77 14 38 19 2 23 28 25 9 16 43 36 36 40 25 27 29 7 33 34 23 26 14 14 48 48 33 18 18 43 41 12 30 39 37 54 57 32 11 41 42 25 33 19 22 55 56 20 33 36 35 31 3 7 48 46 17 18 19 10 24 15 31 32 48 26 38 28 31 62 63 29 40 24 29 63 63 25 10 64 41 39 16 19 53 53 37 36 40 42 45 77 
46 76 45 64 43 39 59 46 41 46 42 77 68 40 46 42 19 42 25 6 21 35 32 6 22 43 38 44 48 47 64 43 43 62 45 40 50 43 78 68 36 42 33 13 24 36 15 10 29 14 48 38 14 19 32 25 46 39 33 32 31 65 56 37 43 16 29 17 12 21 9 44 35 22 26 39 8 8 38 19 44 33 7 7 27 23 45 31 63 53 15 21 21 15 15 46 38 31 36 13 9 41 33 29 33 24 51 41 84 6 44 34 19 23 69 37 43 32 38 45 
40 71 41 59 38 36 56 41 36 44 38 72 63 34 40 36 13 36 21 6 16 30 28 1 18 37 32 41 44 44 59 39 41 59 40 35 48 39 74 64 30 36 28 11 27 35 10 5 31 14 45 34 10 14 27 22 42 33 27 29 26 60 51 31 37 19 28 11 6 23 6 40 30 18 22 40 10 13 41 22 42 32 11 7 24 21 46 30 61 50 10 15 16 15 9 41 33 28 31 16 3 36 28 26 29 26 49 39 6 91 40 30 15 19 65 31 37 26 32 42 
34 32 4 28 11 10 15 21 19 10 8 33 25 32 35 26 43 45 50 47 27 55 57 40 48 25 33 70 70 4 23 3 16 21 13 11 18 1 33 24 24 27 15 31 40 22 31 35 36 31 5 6 46 44 23 19 2 31 31 13 21 24 20 44 46 41 20 37 40 36 35 3 12 52 51 36 38 43 50 42 16 18 51 47 16 21 35 22 22 12 30 28 44 32 36 12 19 57 57 37 39 10 19 59 58 37 19 16 44 40 69 10 51 49 25 24 26 33 34 72 
28 41 10 32 10 12 26 18 14 17 8 42 33 25 29 20 33 37 40 37 16 46 47 30 38 20 25 61 61 14 29 8 20 31 13 7 25 9 43 33 17 21 6 22 35 22 21 25 33 23 15 5 36 34 14 11 11 24 22 9 12 30 24 36 38 34 16 27 30 30 25 9 3 42 41 35 29 34 47 35 21 16 41 37 8 13 36 19 32 22 20 17 33 24 26 13 12 47 47 29 29 8 10 49 48 32 25 19 34 30 10 51 41 39 34 17 21 24 26 62 
39 79 51 64 45 49 67 45 41 56 46 80 70 33 38 38 8 30 8 12 24 17 13 16 6 39 31 25 29 55 65 49 55 71 47 43 62 50 83 73 33 38 36 27 43 51 20 19 47 29 56 46 5 7 31 35 52 33 28 42 32 66 56 24 30 35 43 13 11 39 21 50 39 3 8 56 25 27 57 38 56 47 16 11 37 35 62 45 73 62 22 23 9 30 15 48 38 12 18 31 13 44 34 10 14 42 63 53 19 15 51 41 48 6 74 34 39 25 30 26 
34 76 49 60 42 49 65 41 37 56 44 77 67 28 33 34 6 24 2 17 23 12 9 20 1 35 26 23 25 54 62 47 56 70 44 41 62 48 80 70 29 33 34 29 46 52 20 21 50 31 55 44 8 5 28 35 51 28 23 42 29 63 53 18 24 38 43 12 13 42 23 48 37 4 3 59 29 31 60 41 56 47 22 16 36 36 64 46 71 61 22 22 5 33 15 45 35 9 12 35 16 42 31 9 10 45 63 53 23 19 49 39 6 53 71 31 34 21 25 24 
45 7 24 20 28 33 13 31 34 28 27 8 8 47 46 39 65 59 71 71 50 74 77 64 70 38 48 89 88 24 12 26 36 19 27 30 32 26 9 1 42 40 37 56 65 44 55 60 60 57 23 31 69 66 43 45 23 46 48 39 42 12 21 61 60 66 45 60 64 60 60 25 35 75 72 57 63 68 72 67 35 42 76 72 42 47 54 46 19 22 55 51 65 57 59 26 36 77 75 62 64 29 39 80 78 61 32 37 69 65 25 34 74 71 20 41 39 51 49 90 
12 45 21 29 13 29 37 10 6 33 16 46 36 8 12 5 26 21 30 36 16 33 36 31 30 6 9 48 47 28 31 20 37 44 14 13 41 23 50 40 1 5 10 29 47 38 22 27 47 31 29 22 31 27 4 23 24 7 7 25 7 32 22 21 22 43 31 22 27 41 28 21 14 35 31 51 35 40 60 45 38 33 42 36 21 26 53 34 45 36 22 16 25 32 23 15 5 36 34 38 28 13 6 39 37 44 42 36 37 31 24 17 34 31 41 103 6 10 10 49 
7 43 23 25 15 33 38 7 7 37 18 44 33 7 8 0 31 20 34 41 22 35 38 37 34 1 9 50 48 31 28 23 41 45 14 15 45 26 48 38 6 1 15 35 53 43 27 33 52 37 31 25 36 31 10 29 26 6 11 30 13 29 19 22 21 49 37 27 32 47 34 23 18 39 35 56 41 46 66 51 41 37 47 42 27 31 58 40 46 38 28 22 29 38 28 15 8 39 36 44 34 16 12 43 39 50 45 40 43 37 26 21 39 34 39 6 99 13 10 51 
14 55 31 38 23 36 47 20 17 41 25 56 46 8 14 13 17 14 20 29 14 23 25 26 20 14 6 38 37 37 41 29 44 53 24 22 49 32 60 50 9 12 17 27 47 43 18 23 48 30 38 29 23 18 9 26 33 7 2 30 12 42 32 12 15 41 35 15 20 42 25 30 21 25 21 54 32 37 61 44 44 38 35 29 26 28 57 38 54 45 19 13 16 32 17 25 15 26 24 36 22 23 13 29 26 44 50 42 32 26 33 24 25 21 51 10 13 82 6 39 
8 53 31 35 23 39 47 18 16 43 26 54 44 3 8 10 22 10 24 35 19 25 28 32 25 11 1 40 38 39 38 30 47 54 23 23 51 33 59 48 9 9 20 33 53 47 24 29 53 36 39 31 28 23 12 31 34 3 5 34 15 39 29 11 12 47 39 21 26 47 31 31 23 30 25 59 38 43 67 50 47 41 41 35 30 33 61 42 55 46 25 19 21 37 23 24 15 28 26 42 28 23 16 33 29 50 52 45 38 32 34 26 30 25 49 10 10 6 79 41 
47 94 70 75 63 72 87 59 56 79 65 95 85 44 46 51 30 33 22 39 46 16 14 43 25 52 42 1 6 76 79 68 79 93 64 61 86 71 100 89 48 50 56 53 69 76 44 45 74 55 77 67 31 29 48 59 72 44 42 65 50 81 70 29 32 61 68 36 37 66 47 69 60 23 21 83 52 54 83 64 80 71 41 38 60 60 88 70 94 84 46 45 29 57 39 65 54 15 15 58 39 62 52 16 13 69 87 77 45 42 72 62 26 24 90 49 51 39 41 12 
