78 13
12 6 29 22 32 32 40 26 33 23 9 17 12 26 22 30 31 37 20 27 21 14 13 25 24 30 31 36 14 21 21 19 9 48 59 59 66 41 52 49 17 29 53 53 60 30 40 43 17 18 63 70 42 53 53 21 30 70 41 51 53 23 29 50 61 61 28 38 53 36 18 37 46 21 42 12 23 17 
6 24 32 23 35 34 43 32 39 26 8 23 6 28 21 31 31 39 26 33 22 10 18 26 22 30 31 37 20 27 21 14 13 50 61 60 69 46 56 52 19 34 53 54 61 34 44 44 14 22 64 72 47 57 55 22 35 72 45 55 55 22 33 55 65 63 30 43 59 41 23 43 50 28 49 13 29 20 
29 32 52 13 5 8 11 29 26 6 39 33 37 6 19 9 12 11 28 23 11 42 34 12 25 15 18 14 27 20 16 46 35 22 30 31 37 20 27 21 14 13 27 29 33 9 14 19 26 11 35 41 18 26 25 14 8 42 15 24 26 17 5 24 34 32 9 12 44 17 36 42 23 28 39 20 14 43 
22 23 13 45 12 11 20 34 35 8 31 33 26 7 6 8 8 16 31 30 3 34 32 2 12 7 9 14 27 25 3 36 31 26 37 37 45 33 40 29 6 23 30 31 37 20 27 21 14 13 40 48 31 39 31 1 20 48 28 37 31 4 17 37 46 39 6 25 55 29 35 47 36 32 48 10 21 39 
32 35 5 12 60 3 8 35 31 9 42 38 38 6 18 6 9 6 33 28 12 45 38 10 23 12 15 9 32 25 16 48 39 17 26 26 34 23 29 17 16 18 22 24 28 14 16 14 26 16 31 37 20 27 21 14 13 38 17 24 21 16 10 25 34 28 6 14 49 22 41 47 25 34 44 21 19 47 
32 34 8 11 3 62 9 37 34 10 42 40 38 6 16 3 6 5 35 31 11 44 40 8 21 9 12 6 34 28 14 47 40 16 26 26 34 27 32 17 15 21 21 22 27 17 20 12 25 17 30 37 23 30 20 12 16 37 20 27 21 14 13 28 36 28 4 18 52 25 42 50 28 36 47 21 22 48 
40 43 11 20 8 9 75 39 34 17 50 44 47 14 25 12 15 6 39 32 20 53 45 18 30 18 20 12 39 31 24 56 46 12 18 19 26 22 25 9 24 21 18 20 22 17 14 12 34 23 24 30 17 22 14 22 15 31 14 19 15 23 14 20 27 21 14 13 49 22 47 51 22 39 46 30 24 54 
26 32 29 34 35 37 39 41 10 27 32 12 38 32 38 37 40 41 6 7 31 38 17 36 44 41 44 44 12 9 36 44 23 52 57 59 63 26 36 48 29 19 57 59 62 22 30 49 39 21 64 68 30 40 53 34 24 70 31 40 55 37 25 37 47 59 36 30 27 21 14 13 30 4 16 30 15 26 
33 39 26 35 31 34 34 10 55 27 40 22 45 30 40 35 38 37 15 6 31 46 27 36 46 40 43 41 20 12 37 52 32 47 50 52 56 16 26 42 31 13 52 55 56 17 22 45 43 22 57 61 21 30 47 35 19 62 23 31 49 39 21 28 37 52 35 22 20 12 24 17 21 14 13 34 14 36 
23 26 6 8 9 10 17 27 27 42 33 29 31 4 14 9 12 15 25 22 6 36 29 9 20 13 16 16 23 18 12 40 30 26 35 36 43 24 32 26 8 14 31 33 37 11 19 22 21 7 40 47 22 32 30 9 11 47 20 30 31 12 8 29 39 37 8 17 46 20 32 40 27 26 40 14 13 38 
9 8 39 31 42 42 50 32 40 33 28 21 10 35 30 39 39 47 26 35 30 6 15 34 31 38 39 45 20 29 29 12 9 57 68 68 76 50 61 59 26 38 61 62 69 39 49 52 22 27 72 79 52 62 62 30 40 79 50 61 62 31 39 60 70 70 37 48 59 44 20 41 55 27 48 21 32 13 
17 23 33 33 38 40 44 12 22 29 21 26 28 33 36 38 41 44 7 17 30 27 6 35 40 41 43 45 6 14 33 33 12 56 63 64 70 36 46 54 27 26 61 62 67 28 38 52 33 22 69 74 39 49 58 33 30 75 39 49 60 35 31 47 57 65 37 37 39 30 2 20 41 8 27 26 21 14 
12 6 37 26 38 38 47 38 45 31 10 28 12 32 23 35 34 43 32 39 26 8 23 29 22 32 32 40 26 33 23 9 17 52 64 63 72 52 62 55 23 40 56 56 64 39 49 47 14 27 67 75 52 62 58 25 40 75 50 60 58 25 38 60 70 66 33 48 65 46 29 49 56 33 55 16 34 23 
26 28 6 7 6 6 14 32 30 4 35 33 32 58 13 5 8 11 29 26 6 39 33 6 19 10 13 12 27 22 10 42 33 22 32 32 40 26 33 23 9 17 27 29 34 14 20 18 21 11 36 44 24 32 27 8 13 44 21 30 27 11 10 30 39 34 4 18 49 23 36 44 29 30 43 15 17 41 
22 21 19 6 18 16 25 38 40 14 30 36 23 13 45 12 11 20 34 35 8 31 33 7 6 9 9 17 30 29 2 33 31 29 41 40 49 39 46 33 9 29 32 32 40 26 33 23 9 17 43 52 37 45 35 5 26 51 34 42 34 2 23 43 52 43 11 31 60 35 38 51 42 35 53 10 26 39 
30 31 9 8 6 3 12 37 35 9 39 38 35 5 12 65 3 8 35 31 9 42 38 5 17 6 9 7 32 27 11 44 37 18 29 29 37 29 35 20 13 22 22 24 30 18 22 13 22 16 32 40 26 33 23 9 17 40 23 30 23 10 14 31 40 31 1 20 53 27 41 50 31 35 48 18 22 46 
31 31 12 8 9 6 15 40 38 12 39 41 34 8 11 3 65 9 37 34 10 42 40 5 15 3 6 6 34 30 10 44 39 18 30 29 38 32 38 22 14 25 22 22 29 21 25 12 20 18 32 40 29 36 24 9 21 40 26 33 23 9 17 34 42 32 3 24 57 30 43 53 34 38 51 18 25 47 
37 39 11 16 6 5 6 41 37 15 47 44 43 11 20 8 9 81 39 34 17 50 44 13 25 12 14 6 38 31 19 52 44 11 21 21 29 27 31 12 20 23 16 18 22 19 19 8 30 22 25 32 23 28 15 17 18 32 19 25 16 18 15 26 33 23 9 17 53 26 47 53 28 40 50 26 25 53 
20 26 28 31 33 35 39 6 15 25 26 7 32 29 34 35 37 39 52 10 27 32 12 33 39 38 41 42 6 8 32 38 17 51 57 59 64 29 39 48 25 19 56 58 62 22 32 47 34 18 64 69 32 42 53 31 24 70 32 42 55 34 25 40 50 59 34 31 33 23 9 17 34 1 22 25 15 21 
27 33 23 30 28 31 32 7 6 22 35 17 39 26 35 31 34 34 10 67 27 40 22 31 40 36 39 38 14 6 32 46 27 45 50 51 56 19 29 41 26 11 50 52 55 15 22 43 37 17 56 61 22 32 46 30 16 62 23 32 48 34 19 30 40 52 31 22 26 13 20 18 23 9 17 28 9 31 
21 22 11 3 12 11 20 31 31 6 30 30 26 6 8 9 10 17 27 27 47 33 29 5 14 10 13 16 24 21 6 36 28 27 38 38 46 30 38 29 3 20 32 33 39 17 25 22 15 9 42 49 28 37 32 3 17 49 26 35 32 7 14 35 45 40 7 23 51 26 32 44 33 28 44 9 17 37 
14 10 42 34 45 44 53 38 46 36 6 27 8 39 31 42 42 50 32 40 33 19 21 36 31 40 40 48 26 35 31 6 15 60 71 71 79 55 66 62 29 43 64 64 71 44 54 54 22 32 74 82 56 67 65 32 45 82 55 65 65 32 43 64 75 73 40 53 65 50 26 47 60 33 54 23 38 17 
13 18 34 32 38 40 45 17 27 29 15 6 23 33 33 38 40 44 12 22 29 21 35 34 37 39 41 45 7 18 31 27 6 56 64 65 72 40 50 55 26 29 61 62 67 31 41 52 29 22 70 76 42 53 59 31 32 77 42 52 60 33 32 50 61 66 37 40 45 34 5 26 44 13 33 23 23 9 
25 26 12 2 10 8 18 36 36 9 34 35 29 6 7 5 5 13 33 31 5 36 34 65 13 5 8 11 29 26 6 39 33 23 35 34 43 32 39 26 8 23 27 28 35 20 26 18 16 14 38 46 30 38 29 4 19 45 27 35 28 5 16 35 44 37 4 24 55 29 38 49 35 33 48 13 21 42 
24 22 25 12 23 21 30 44 46 20 31 40 22 19 6 17 15 25 39 40 14 31 37 13 47 12 11 20 34 35 8 31 33 32 45 43 53 45 52 37 14 35 35 34 43 32 39 26 8 23 46 55 43 51 38 11 32 54 40 48 37 8 29 49 57 47 16 37 66 41 41 57 48 40 58 13 32 41 
30 30 15 7 12 9 18 41 40 13 38 41 32 10 9 6 3 12 38 36 10 40 39 5 12 70 3 8 35 31 9 42 38 20 32 31 40 35 41 24 13 27 23 24 31 24 28 14 18 19 34 43 32 39 26 8 23 42 29 36 25 7 20 37 45 34 6 26 59 32 43 54 37 39 53 17 26 47 
31 31 18 9 15 12 20 44 43 16 39 43 32 13 9 9 6 14 41 39 13 40 41 8 11 3 69 9 37 34 10 42 40 21 33 32 41 38 44 26 15 31 23 23 31 27 32 15 18 22 35 43 35 42 27 10 26 43 32 39 26 8 23 40 48 35 9 30 62 36 45 57 40 41 57 19 30 48 
36 37 14 14 9 6 12 44 41 16 45 45 40 12 17 7 6 6 42 38 16 48 45 11 20 8 9 86 39 34 17 50 44 12 24 23 32 32 37 17 19 27 16 17 23 23 25 6 26 23 26 35 28 34 18 15 22 34 25 31 17 15 19 32 39 26 8 23 58 31 48 56 34 42 54 24 28 53 
14 20 27 27 32 34 39 12 20 23 20 6 26 27 30 32 34 38 6 14 24 26 7 29 34 35 37 39 64 10 27 32 12 50 57 58 64 32 43 48 21 21 55 56 61 23 33 46 28 16 63 69 35 45 53 27 25 70 34 44 54 29 25 43 53 59 31 32 39 26 8 23 37 7 28 20 15 17 
21 27 20 25 25 28 31 9 12 18 29 14 33 22 29 27 30 31 8 6 21 35 18 26 35 31 34 34 10 79 27 40 22 42 49 50 55 21 32 40 20 11 48 50 53 14 23 40 31 12 55 60 24 35 45 25 15 61 24 34 46 28 17 32 43 51 26 22 32 15 17 22 26 8 23 22 6 27 
21 21 16 3 16 14 24 36 37 12 29 33 23 10 2 11 10 19 32 32 6 31 31 6 8 9 10 17 27 27 53 33 29 29 40 40 49 36 44 32 6 26 32 33 40 23 31 23 10 14 43 51 34 43 35 2 23 51 31 40 34 2 20 41 50 43 10 29 57 32 35 49 39 33 50 8 23 38 
19 14 46 36 48 47 56 44 52 40 12 33 9 42 33 44 44 52 38 46 36 6 27 39 31 42 42 50 32 40 33 17 21 62 74 73 82 60 70 65 32 48 65 65 73 48 58 56 23 36 76 85 61 71 68 35 49 84 59 70 67 34 47 69 79 76 43 57 71 55 32 53 65 39 60 26 43 23 
9 13 35 31 39 40 46 23 32 30 9 12 17 33 31 37 39 44 17 27 28 15 6 33 33 38 40 44 12 22 29 21 46 56 65 66 73 44 54 56 25 32 60 61 67 33 44 51 25 23 70 77 45 56 60 30 35 77 45 55 61 31 34 54 64 67 36 43 50 38 11 32 48 18 39 21 26 8 
48 50 22 26 17 16 12 52 47 26 57 56 52 22 29 18 18 11 51 45 27 60 56 23 32 20 21 12 50 42 29 62 56 26 12 11 20 34 35 8 31 33 5 8 11 29 26 6 39 33 14 22 29 31 6 27 28 22 26 27 5 27 26 30 34 14 20 25 61 35 58 63 34 51 59 36 36 64 
59 61 30 37 26 26 18 57 50 35 68 63 64 32 41 29 30 21 57 50 38 71 64 35 45 32 33 24 57 49 40 74 65 12 10 3 8 35 31 9 42 38 13 16 8 35 28 18 50 42 8 11 29 26 6 39 33 12 27 23 7 39 32 26 26 2 30 27 61 38 66 67 33 57 61 47 42 73 
59 60 31 37 26 26 19 59 52 36 68 64 63 32 40 29 29 21 59 51 38 71 65 34 43 31 32 23 58 50 40 73 66 11 3 16 9 37 34 10 42 40 10 13 5 36 30 17 50 42 5 11 32 29 5 38 35 11 29 26 6 39 33 29 29 4 30 29 63 40 67 69 35 59 64 47 44 74 
66 69 37 45 34 34 26 63 56 43 76 70 72 40 49 37 38 29 64 56 46 79 72 43 53 40 41 32 64 55 49 82 73 20 8 9 23 39 34 17 50 44 19 22 13 41 33 26 59 49 10 5 34 29 14 47 40 8 33 26 15 47 39 29 26 6 39 33 64 43 73 73 36 64 66 55 49 81 
41 46 20 33 23 27 22 26 16 24 50 36 52 26 39 29 32 27 29 19 30 55 40 32 45 35 38 32 32 21 36 60 44 34 35 37 39 59 10 27 32 12 40 43 42 13 8 35 45 24 43 45 5 13 33 34 13 47 8 14 36 37 16 11 21 36 29 9 26 6 39 33 4 28 26 37 17 49 
52 56 27 40 29 32 25 36 26 32 61 46 62 33 46 35 38 31 39 29 38 66 50 39 52 41 44 37 43 32 44 70 54 35 31 34 34 10 53 27 40 22 39 43 40 22 13 37 53 34 40 39 9 5 31 41 21 42 12 8 35 44 24 5 11 33 36 15 29 16 49 42 6 39 33 46 28 60 
49 52 21 29 17 17 9 48 42 26 59 54 55 23 33 20 22 12 48 41 29 62 55 26 37 24 26 17 48 40 32 65 56 8 9 10 17 27 27 12 33 29 12 16 14 26 20 13 42 32 15 20 22 22 5 30 24 21 19 19 8 31 23 21 25 11 22 19 54 29 56 59 26 48 53 39 33 64 
17 19 14 6 16 15 24 29 31 8 26 27 23 9 9 13 14 20 25 26 3 29 26 8 14 13 15 19 21 20 6 32 25 31 42 42 50 32 40 33 78 21 35 36 43 19 27 26 13 8 45 53 31 40 36 5 19 53 28 38 36 8 16 38 48 44 11 26 51 27 29 42 35 26 43 6 17 33 
29 34 13 23 18 21 21 19 13 14 38 26 40 17 29 22 25 23 19 11 20 43 29 23 35 27 31 27 21 11 26 48 32 33 38 40 44 12 22 29 21 67 39 41 43 4 12 32 34 13 45 49 13 24 34 24 5 51 12 23 36 27 8 21 32 40 21 11 31 6 29 29 16 19 26 25 6 39 
53 53 27 30 22 21 18 57 52 31 61 61 56 27 32 22 22 16 56 50 32 64 61 27 35 23 23 16 55 48 32 65 60 5 13 10 19 40 39 12 35 39 25 3 8 35 31 9 42 38 11 20 34 35 8 31 33 19 31 32 5 31 31 34 37 14 24 30 66 40 63 69 39 56 65 40 41 69 
53 54 29 31 24 22 20 59 55 33 62 62 56 29 32 24 22 18 58 52 33 64 62 28 34 24 23 17 56 50 33 65 61 8 16 13 22 43 43 16 36 41 3 22 9 37 34 10 42 40 12 22 37 38 12 32 36 20 34 35 8 31 33 37 40 17 25 33 69 43 65 71 42 58 67 41 44 70 
60 61 33 37 28 27 22 62 56 37 69 67 64 34 40 30 29 22 62 55 39 71 67 35 43 31 31 23 61 53 40 73 67 11 8 5 13 42 40 14 43 43 8 9 41 39 34 17 50 44 3 12 36 35 9 39 38 11 34 31 7 39 36 34 35 8 31 33 68 44 69 73 40 62 68 48 47 76 
30 34 9 20 14 17 17 22 17 11 39 28 39 14 26 18 21 19 22 15 17 44 31 20 32 24 27 23 23 14 23 48 33 29 35 36 41 13 22 26 19 4 35 37 39 69 10 27 32 12 41 46 12 23 31 21 1 47 11 21 32 24 4 20 31 37 18 9 35 8 31 33 16 22 30 24 7 40 
40 44 14 27 16 20 14 30 22 19 49 38 49 20 33 22 25 19 32 22 25 54 41 26 39 28 32 25 33 23 31 58 44 26 28 30 33 8 13 20 27 12 31 34 34 10 70 27 40 22 35 38 3 12 25 28 9 40 0 11 28 31 11 10 20 29 23 2 34 10 41 39 8 31 33 33 18 51 
43 44 19 21 14 12 12 49 45 22 52 52 47 18 23 13 12 8 47 43 22 54 52 18 26 14 15 6 46 40 23 56 51 6 18 17 26 35 37 13 26 32 9 10 17 27 27 17 33 29 19 28 30 33 12 22 26 28 27 30 11 22 23 32 37 20 15 25 61 34 54 61 35 48 58 31 33 59 
17 14 26 14 26 25 34 39 43 21 22 33 14 21 9 22 20 30 34 37 15 22 29 16 8 18 18 26 28 31 10 23 25 39 50 50 59 45 53 42 13 34 42 42 50 32 40 33 63 21 53 61 44 53 45 12 32 61 41 50 44 11 29 50 60 53 20 38 63 40 34 51 48 35 54 8 29 33 
18 22 11 13 16 17 23 21 22 7 27 22 27 11 17 16 18 22 18 17 9 32 22 14 23 19 22 23 16 12 14 36 23 33 42 42 49 24 34 32 8 13 38 40 44 12 22 29 21 67 47 53 24 35 36 13 12 54 23 33 37 16 11 32 43 44 15 20 43 19 25 34 28 19 35 12 8 31 
63 64 35 40 31 30 24 64 57 40 72 69 67 36 43 32 32 25 64 56 42 74 70 38 46 34 35 26 63 55 43 76 70 14 8 5 10 43 40 15 45 45 11 12 3 41 35 19 53 47 6 9 37 34 10 42 40 8 35 31 9 42 38 34 34 7 34 35 69 45 71 74 41 64 69 51 49 78 
70 72 41 48 37 37 30 68 61 47 79 74 75 44 52 40 40 32 69 61 49 82 76 46 55 43 43 35 69 60 51 85 77 22 11 11 5 45 39 20 53 49 20 22 12 46 38 28 61 53 9 16 39 34 17 50 44 3 38 32 17 50 43 35 31 9 42 38 69 48 77 78 42 68 71 59 54 85 
42 47 18 31 20 23 17 30 21 22 52 39 52 24 37 26 29 23 32 22 28 56 42 30 43 32 35 28 35 24 34 61 45 29 29 32 34 5 9 22 31 13 34 37 36 12 3 30 44 24 37 39 70 10 27 32 12 41 3 10 30 35 14 8 18 31 26 5 31 9 42 38 5 31 31 36 19 52 
53 57 26 39 27 30 22 40 30 32 62 49 62 32 45 33 36 28 42 32 37 67 53 38 51 39 42 34 45 35 43 71 56 31 26 29 29 13 5 22 40 24 35 38 35 23 12 33 53 35 34 34 10 63 27 40 22 37 12 3 30 43 24 2 8 27 34 14 35 19 52 46 9 42 38 46 30 62 
53 55 25 31 21 20 14 53 47 30 62 58 58 27 35 23 24 15 53 46 32 65 59 29 38 26 27 18 53 45 35 68 60 6 6 5 14 33 31 5 36 34 8 12 9 31 25 12 45 36 10 17 27 27 18 33 29 17 25 23 3 33 28 26 28 8 25 24 59 35 61 64 31 53 59 42 38 68 
21 22 14 1 14 12 22 34 35 9 30 33 25 8 5 9 9 17 31 30 3 32 31 4 11 8 10 15 27 25 2 35 30 27 39 38 47 34 41 30 5 24 31 32 39 21 28 22 12 13 42 50 32 40 33 84 21 49 29 38 32 3 18 38 47 41 8 26 55 30 35 47 37 31 48 9 21 38 
30 35 8 20 13 16 15 24 19 11 40 30 40 13 26 17 21 18 24 16 17 45 32 19 32 23 26 22 25 15 23 49 35 28 33 35 40 13 21 24 19 5 33 36 38 1 9 26 32 12 40 44 12 22 29 21 77 46 10 20 31 24 3 19 30 35 17 8 36 9 33 35 16 24 31 24 9 42 
70 72 42 48 38 37 31 70 62 47 79 75 75 44 51 40 40 32 70 62 49 82 77 45 54 42 43 34 70 61 51 84 77 22 12 11 8 47 42 21 53 51 19 20 11 47 40 28 61 54 8 3 41 37 17 49 46 19 39 34 17 50 44 37 34 10 42 40 72 50 78 79 44 70 73 59 55 85 
41 45 15 28 17 20 14 31 23 20 50 39 50 21 34 23 26 19 32 23 26 55 42 27 40 29 32 25 34 24 31 59 45 26 27 29 33 8 12 19 28 12 31 34 34 11 0 27 41 23 35 38 3 12 25 29 10 39 75 10 27 32 12 9 20 29 23 2 34 10 42 40 8 32 34 34 18 51 
51 55 24 37 24 27 19 40 31 30 61 49 60 30 42 30 33 25 42 32 35 65 52 35 48 36 39 31 44 34 40 70 55 27 23 26 26 14 8 19 38 23 32 35 31 21 11 30 50 33 31 32 10 3 23 38 20 34 10 69 27 40 22 3 9 24 31 12 37 19 52 47 10 42 40 44 29 62 
53 55 26 31 21 21 15 55 49 31 62 60 58 27 34 23 23 16 55 48 32 65 60 28 37 25 26 17 54 46 34 67 61 5 7 6 15 36 35 8 36 36 5 8 7 32 28 11 44 37 9 17 30 30 3 32 31 17 27 27 21 33 29 29 32 9 25 27 62 37 62 66 34 55 61 42 40 69 
23 22 17 4 16 14 23 37 39 12 31 35 25 11 2 10 9 18 34 34 7 32 33 5 8 7 8 15 29 28 2 34 31 27 39 39 47 37 44 31 8 27 31 31 39 24 31 22 11 16 42 50 35 43 33 3 24 50 32 40 33 84 21 41 50 41 9 29 58 33 37 50 40 34 51 10 24 40 
29 33 5 17 10 13 14 25 21 8 39 31 38 10 23 14 17 15 25 19 14 43 32 16 29 20 23 19 25 17 20 47 34 26 32 33 39 16 24 23 16 8 31 33 36 4 11 23 29 11 38 43 14 24 28 18 3 44 12 22 29 21 80 21 31 34 14 9 39 12 33 37 19 25 34 22 10 42 
50 55 24 37 25 28 20 37 28 29 60 47 60 30 43 31 34 26 40 30 35 64 50 35 49 37 40 32 43 32 41 69 54 30 26 29 29 11 5 21 38 21 34 37 34 20 10 32 50 32 34 35 8 2 26 38 19 37 9 3 29 41 21 79 10 27 32 12 34 17 50 44 7 39 37 43 27 60 
61 65 34 46 34 36 27 47 37 39 70 57 70 39 52 40 42 33 50 40 45 75 61 44 57 45 48 39 53 43 50 79 64 34 26 29 26 21 11 25 48 32 37 40 35 31 20 37 60 43 34 31 18 8 28 47 30 34 20 9 32 50 31 10 69 27 40 22 39 27 60 53 17 50 44 53 38 71 
61 63 32 39 28 28 21 59 52 37 70 65 66 34 43 31 32 23 59 52 40 73 66 37 47 34 35 26 59 51 43 76 67 14 2 4 6 36 33 11 44 40 14 17 8 37 29 20 53 44 7 9 31 27 8 41 35 10 29 24 9 41 34 27 27 34 33 29 62 39 68 69 34 59 63 50 44 75 
28 30 9 6 6 4 14 36 35 8 37 37 33 4 11 1 3 9 34 31 7 40 37 4 16 6 9 8 31 26 10 43 36 20 30 30 39 29 36 22 11 21 24 25 31 18 23 15 20 15 34 42 26 34 25 8 17 42 23 31 25 9 14 32 40 33 100 21 53 26 39 49 31 34 48 17 21 44 
38 43 12 25 14 18 13 30 22 17 48 37 48 18 31 20 24 17 31 22 23 53 40 24 37 26 30 23 32 22 29 57 43 25 27 29 33 9 15 19 26 11 30 33 33 9 2 25 38 20 35 38 5 14 24 26 8 40 2 12 27 29 9 12 22 29 21 89 36 10 40 39 10 31 34 31 17 50 
53 59 44 55 49 52 49 27 20 46 59 39 65 49 60 53 57 53 33 26 51 65 45 55 66 59 62 58 39 32 57 71 50 61 61 63 64 26 29 54 51 31 66 69 68 35 34 61 63 43 69 69 31 35 59 55 36 72 34 37 62 58 39 34 39 62 53 36 21 27 40 22 27 32 12 54 34 52 
36 41 17 29 22 25 22 21 12 20 44 30 46 23 35 27 30 26 23 13 26 50 34 29 41 32 36 31 26 15 32 55 38 35 38 40 43 6 16 29 27 6 40 43 44 8 10 34 40 19 45 48 9 19 35 30 9 50 10 19 37 33 12 17 27 39 26 10 27 55 33 29 10 22 24 32 12 43 
18 23 36 35 41 42 47 14 24 32 20 2 29 36 38 41 43 47 9 20 32 26 5 38 41 43 45 48 8 17 35 32 11 58 66 67 73 39 49 56 29 29 63 65 69 31 41 54 34 25 71 77 42 52 61 35 33 78 42 52 62 37 33 50 60 68 39 40 40 33 64 21 43 10 29 27 23 12 
37 43 42 47 47 50 51 13 17 40 41 20 49 44 51 50 53 53 17 18 44 47 26 49 57 54 57 56 23 22 49 53 32 63 67 69 73 33 42 59 42 29 69 71 73 33 39 61 51 34 74 78 38 46 64 47 35 79 40 47 66 50 37 44 53 69 49 39 22 29 21 24 37 16 10 43 27 32 
46 50 23 36 25 28 22 30 21 27 55 41 56 29 42 31 34 28 34 23 33 60 44 35 48 37 40 34 37 26 39 65 48 34 33 35 36 4 6 26 35 16 39 42 40 16 8 35 48 28 41 42 5 9 31 37 16 44 8 10 34 40 19 7 17 34 31 10 27 10 43 37 54 33 29 40 22 54 
21 28 28 32 34 36 39 4 14 26 27 8 33 30 35 35 38 40 1 9 28 33 13 33 40 39 41 42 7 8 33 39 18 51 57 59 64 28 39 48 26 19 56 58 62 22 31 48 35 19 64 68 31 42 53 31 24 70 32 42 55 34 25 39 50 59 34 31 32 22 10 16 33 81 21 27 15 22 
42 49 39 48 44 47 46 16 13 40 48 27 55 43 53 48 51 50 22 17 44 54 33 48 58 53 57 54 28 23 50 60 39 59 61 64 66 26 33 53 43 26 65 67 68 30 33 58 54 35 69 71 31 38 59 48 31 73 34 40 61 51 34 37 44 63 48 34 12 24 29 10 29 21 44 46 27 40 
12 13 20 10 21 21 30 30 34 14 21 26 16 15 10 18 18 26 25 28 9 23 23 13 13 17 19 24 20 22 8 26 21 36 47 47 55 37 46 39 6 25 40 41 48 24 33 31 8 12 51 59 36 46 42 9 24 59 34 44 42 10 22 43 53 50 17 31 54 32 27 43 40 27 46 66 21 29 
23 29 14 21 19 22 24 15 14 13 32 21 34 17 26 22 25 25 15 9 17 38 23 21 32 26 30 28 15 6 23 43 26 36 42 44 49 17 28 33 17 6 41 44 47 7 18 33 29 8 49 54 19 30 38 21 9 55 18 29 40 24 10 27 38 44 21 17 34 12 23 27 22 15 27 21 59 33 
17 20 43 39 47 48 54 26 36 38 13 14 23 41 39 46 47 53 21 31 37 17 9 42 41 47 48 53 17 27 38 23 8 64 73 74 81 49 60 64 33 39 69 70 76 40 51 59 33 31 78 85 52 62 68 38 42 85 51 62 69 40 42 60 71 75 44 50 52 43 12 32 54 22 40 29 33 42 
