136 17
59 27 36 30 39 12 32 37 35 13 34 32 32 35 2 29 6 7 1 15 37 4 31 10 42 34 19 3 9 31 0 34 28 35 10 29 30 34 15 28 26 30 32 8 26 38 47 13 39 43 42 10 40 39 40 43 5 36 40 12 33 37 36 12 34 33 34 36 1 30 24 43 52 41 20 49 46 42 47 13 39 15 43 2 51 46 31 10 17 39 13 41 36 14 38 36 35 39 2 31 32 41 61 52 38 46 30 37 8 28 31 39 39 11 35 45 30 10 14 44 14 51 34 43 34 34 34 40 18 32 38 2 32 6 35 2 
27 12 13 6 21 36 10 36 8 40 38 24 7 15 29 6 29 21 26 27 64 26 49 22 69 55 39 23 24 58 27 7 1 15 37 4 31 10 42 34 19 3 9 31 0 14 28 31 17 38 14 34 39 28 15 21 22 13 22 35 11 36 9 39 38 24 8 15 27 7 39 26 49 17 40 50 39 22 30 27 22 36 62 29 78 67 51 33 35 66 37 39 9 39 41 28 11 19 27 11 25 62 69 55 34 42 50 36 34 27 15 12 13 24 8 68 52 37 38 71 41 57 36 43 55 38 23 32 40 25 16 25 7 25 15 29 
36 13 15 6 11 43 5 31 13 49 35 20 5 4 39 7 40 29 35 31 73 34 52 34 78 58 44 33 31 68 37 6 12 6 46 8 28 19 51 33 18 11 4 42 12 1 15 37 4 31 10 42 34 19 3 9 31 0 11 42 4 31 12 48 35 19 4 4 38 6 41 15 42 4 45 44 30 10 19 33 11 42 64 38 86 69 54 40 40 75 44 34 8 47 37 22 1 8 36 5 20 66 65 50 29 35 53 32 44 25 9 13 6 37 12 72 57 45 44 80 49 54 32 38 60 36 17 24 45 20 3 36 5 33 5 39 
30 6 6 2 15 38 4 31 10 43 34 19 2 8 32 1 34 23 29 27 67 28 49 28 72 54 39 27 26 62 30 4 6 9 40 2 27 15 45 31 15 6 2 36 6 7 21 32 10 32 12 36 34 22 9 15 25 6 15 37 4 31 10 42 34 19 3 9 31 0 38 19 44 11 40 45 33 15 23 28 15 37 60 32 80 66 50 35 36 69 39 34 8 41 37 23 5 12 30 4 20 62 65 51 29 37 50 32 38 23 9 13 9 30 10 68 53 39 39 74 43 53 32 39 55 35 18 26 40 20 9 29 2 27 8 33 
39 21 11 15 31 43 11 22 24 49 27 12 15 7 41 15 44 31 38 29 72 35 48 40 78 54 41 36 32 70 39 16 21 6 47 17 21 29 53 27 14 21 13 46 21 10 7 36 7 20 21 42 24 9 12 6 34 10 1 42 10 21 23 48 27 11 15 6 40 14 37 4 31 10 42 34 19 3 9 31 0 40 58 41 85 64 50 40 37 75 43 24 19 46 28 12 11 2 38 10 12 61 56 40 19 25 49 23 47 19 8 24 17 42 23 68 54 46 43 81 49 44 24 29 56 28 9 13 43 13 8 39 15 34 6 41 
12 36 43 38 43 75 38 34 45 7 29 33 41 41 12 37 16 15 12 14 29 11 19 23 35 21 9 15 12 27 11 42 37 40 6 37 28 45 13 23 29 40 39 17 36 45 50 7 45 41 51 2 36 40 47 48 14 43 44 1 40 35 46 6 30 34 42 42 13 38 15 46 48 48 9 44 45 46 49 11 43 4 31 10 42 34 19 3 9 31 0 38 46 3 33 36 42 43 10 38 33 29 52 45 36 42 18 34 14 27 36 48 48 23 44 33 17 6 2 37 7 43 31 38 21 29 36 40 7 33 45 15 40 11 41 12 
32 10 5 4 11 38 9 28 14 44 32 16 5 4 34 4 36 24 31 26 68 29 48 30 73 54 39 29 26 63 32 6 10 5 41 6 24 19 47 29 13 10 2 38 10 6 17 32 7 29 14 37 31 18 8 12 26 4 11 37 1 28 14 43 31 16 5 5 33 3 37 15 40 9 40 42 29 12 20 28 11 37 59 34 81 65 49 35 35 70 39 31 10 42 34 19 3 9 31 0 17 61 62 47 26 33 49 29 40 21 5 16 10 33 13 67 52 40 39 75 44 50 29 36 55 32 14 22 40 17 6 31 4 28 4 34 
37 36 31 31 22 34 28 62 42 41 6 11 33 26 39 30 43 30 36 21 60 32 29 43 67 36 27 36 28 61 36 35 36 25 39 32 6 46 46 10 16 37 30 45 35 31 26 26 29 7 42 33 3 14 34 29 33 30 23 33 28 1 42 40 5 12 33 27 38 30 21 21 15 33 28 14 11 25 23 23 21 29 37 37 70 44 31 32 25 63 33 4 39 37 6 9 30 25 34 27 10 42 34 19 3 9 31 0 44 9 22 44 37 45 41 48 37 39 32 69 41 22 3 7 38 7 14 10 30 11 29 38 32 30 26 39 
35 8 13 10 24 45 14 42 21 49 45 30 8 17 37 11 37 29 34 35 73 34 58 29 77 63 48 32 33 66 36 7 7 18 46 9 38 6 50 41 26 5 11 39 9 13 28 40 17 43 7 43 45 32 13 21 31 13 24 44 14 42 1 48 44 30 9 17 36 11 47 28 54 15 49 56 43 23 32 36 24 45 70 37 86 75 59 42 44 74 46 45 4 48 47 33 12 21 36 14 31 71 76 61 40 47 58 42 42 34 19 3 9 31 0 77 61 45 46 79 49 64 42 49 64 45 28 36 48 31 16 33 9 34 17 37 
13 40 49 43 49 7 44 41 49 84 36 39 45 47 12 41 14 19 14 20 24 14 24 23 29 24 15 17 17 20 13 46 41 46 3 41 35 48 6 30 35 44 44 14 40 50 57 14 51 48 55 7 43 47 52 54 18 48 50 8 45 42 50 1 37 41 46 48 13 42 22 52 55 53 15 51 52 52 56 18 49 11 34 11 37 36 23 9 16 26 7 45 50 4 40 43 47 49 13 43 40 31 58 52 43 49 22 41 10 34 42 52 52 22 48 34 19 3 9 31 0 49 38 45 23 36 42 47 13 39 50 16 45 15 46 12 
34 38 35 34 27 29 32 6 45 36 68 15 36 31 36 33 40 29 33 18 54 29 22 42 61 29 22 34 25 56 33 38 38 29 35 35 7 49 42 6 18 40 34 42 37 36 32 22 34 14 46 29 7 20 38 34 31 35 28 28 32 7 45 35 1 16 37 32 35 33 15 27 19 38 22 15 18 31 29 20 27 24 31 34 64 37 25 27 20 57 29 9 42 32 4 15 34 30 31 31 15 35 31 18 10 13 25 6 41 10 26 47 42 44 44 42 31 34 27 64 36 19 3 9 31 0 19 17 24 15 34 36 36 27 30 36 
32 24 20 19 12 33 16 11 30 39 15 39 21 15 34 19 37 24 31 19 62 27 35 36 68 42 29 30 23 60 31 23 24 13 37 21 9 35 44 15 6 26 18 40 24 20 18 25 18 14 30 32 14 7 22 19 27 19 13 32 16 11 30 38 15 1 21 16 33 19 25 13 25 22 30 25 15 16 17 21 12 29 45 33 73 51 37 30 26 64 33 14 27 36 17 4 19 14 30 15 1 49 45 31 9 18 37 12 40 6 10 32 26 38 29 55 42 37 32 70 40 34 12 19 43 16 3 9 31 0 18 32 21 25 14 34 
32 7 5 2 15 41 5 33 8 45 36 21 7 8 34 4 36 25 31 29 69 30 51 29 74 57 42 29 28 64 33 1 6 9 42 3 29 14 47 33 18 6 2 38 7 6 21 35 10 34 10 39 36 23 7 14 27 5 16 40 5 33 9 44 36 21 1 9 33 3 40 20 45 9 43 47 34 15 24 30 16 40 63 34 82 68 53 37 38 71 41 36 6 44 39 24 4 13 32 5 22 65 67 53 31 38 52 34 40 25 10 10 7 32 8 71 55 42 42 76 46 55 34 41 58 37 19 27 43 22 9 31 0 30 9 35 
35 15 4 8 7 41 4 26 17 47 31 15 8 18 38 8 40 28 34 28 71 32 49 35 76 55 41 32 29 67 36 9 14 1 44 10 24 22 50 29 14 14 6 42 14 5 13 34 4 26 15 40 29 15 7 7 30 3 7 40 3 26 16 46 30 15 8 1 37 7 38 11 37 7 42 39 26 7 15 30 7 39 60 37 83 66 50 38 37 73 42 29 13 44 33 17 4 4 35 4 16 62 61 46 24 31 50 27 44 21 5 18 10 37 16 69 54 44 42 78 47 49 28 34 56 32 12 19 42 16 3 35 8 31 0 38 
2 29 39 32 41 12 34 39 37 12 36 34 34 38 63 31 4 10 3 17 36 6 32 10 40 34 20 5 11 29 2 36 30 37 9 31 33 36 13 30 29 32 34 6 28 40 49 15 42 46 43 10 42 42 42 45 7 38 42 12 35 40 38 11 37 35 36 39 1 32 26 45 54 43 21 52 49 44 49 15 41 16 44 2 49 47 32 10 19 37 13 43 38 13 41 38 37 41 4 34 35 42 63 54 40 48 31 39 6 30 33 40 41 10 36 45 30 9 15 42 13 53 37 45 34 36 36 43 19 34 41 3 34 9 38 0 
29 6 7 1 15 37 4 30 11 41 33 19 4 8 31 1 32 22 28 25 66 27 47 26 71 53 38 26 24 60 29 5 6 9 38 2 26 16 44 30 14 7 3 34 6 9 21 31 11 32 14 35 33 21 10 16 24 7 16 36 5 30 12 40 33 19 5 9 30 1 37 19 43 12 39 44 32 16 24 26 15 36 59 31 79 65 49 33 34 67 37 34 9 40 36 22 6 13 28 4 19 61 64 50 28 36 48 31 37 22 8 14 11 29 10 67 51 38 38 73 42 52 31 38 54 34 17 25 39 19 10 28 3 26 9 31 
6 29 40 34 44 16 36 43 37 14 40 37 36 40 4 32 54 13 6 21 36 10 36 8 40 38 24 7 15 29 6 36 30 39 12 32 37 35 13 34 32 32 35 2 29 41 51 19 43 49 44 14 46 45 43 47 10 40 45 16 37 43 38 14 40 38 37 41 4 33 30 48 58 45 25 56 52 46 52 19 44 19 47 6 50 50 36 14 23 38 17 47 39 16 44 42 39 43 8 35 38 45 67 58 44 52 34 43 5 34 36 40 42 8 36 48 33 12 19 42 15 57 40 49 37 40 39 46 23 37 42 5 35 12 39 4 
7 21 29 23 31 15 24 30 29 19 29 24 25 28 10 22 13 73 6 11 43 5 31 13 49 35 20 5 4 39 7 27 22 27 16 22 24 30 22 23 19 24 25 15 20 30 39 12 32 37 35 13 34 32 32 35 2 29 32 14 25 31 30 18 29 25 26 29 9 23 22 35 46 34 21 44 39 34 39 9 31 16 43 9 57 48 32 12 16 45 16 35 30 18 33 29 27 31 6 24 25 43 58 47 31 39 31 31 16 21 23 33 32 15 29 48 32 16 17 51 20 47 29 37 36 29 26 33 20 24 31 8 25 4 27 10 
1 26 35 29 38 12 31 36 34 14 33 31 31 34 3 28 6 6 61 15 38 4 31 10 43 34 19 2 8 32 1 32 27 33 11 28 30 33 16 27 25 29 31 9 25 36 46 13 38 42 40 10 39 38 39 42 4 35 39 12 32 37 35 13 34 32 32 35 2 29 24 42 51 40 20 49 45 41 46 13 38 15 43 3 52 47 31 10 17 40 13 40 35 14 38 35 34 38 2 30 31 42 61 52 37 45 30 36 9 27 30 38 38 11 34 46 30 11 15 45 15 50 34 42 34 34 33 39 19 31 37 2 31 6 34 3 
15 27 31 27 29 14 26 21 35 20 18 19 29 28 17 25 21 11 15 78 43 11 22 24 49 27 12 15 7 41 15 31 27 27 18 26 15 37 25 12 15 30 27 24 26 32 36 6 32 28 40 13 24 26 35 35 12 31 30 13 27 22 36 19 19 20 30 29 17 26 12 32 37 35 13 34 32 32 35 2 29 11 34 16 55 39 23 11 9 45 14 26 35 17 23 22 30 30 13 26 19 35 47 37 23 30 23 21 23 13 23 39 36 25 35 41 26 18 13 51 21 36 19 27 28 19 21 26 14 18 32 17 29 9 28 17 
37 64 73 67 72 29 68 60 73 24 54 62 69 71 36 66 36 43 38 43 24 38 34 45 7 29 33 41 41 12 37 71 65 70 27 66 56 72 23 50 58 68 68 35 64 74 80 36 75 68 79 31 62 69 76 78 42 72 74 30 69 61 74 25 55 63 70 72 37 67 39 75 72 77 32 67 72 76 79 41 72 32 37 35 13 34 32 32 35 2 29 64 74 26 58 65 71 73 37 67 62 30 66 66 63 68 31 60 31 56 66 76 76 44 72 28 24 27 29 9 23 61 57 62 26 54 65 68 30 61 74 39 69 39 70 35 
4 26 34 28 35 11 29 32 34 14 29 27 30 32 6 27 10 5 4 11 38 64 28 14 44 32 16 5 4 34 4 32 27 31 11 27 26 34 17 23 22 29 29 12 25 35 43 9 36 39 40 8 35 35 37 40 3 34 37 10 30 33 35 13 30 28 31 34 6 28 20 39 48 39 17 45 42 38 43 9 35 12 40 5 52 44 28 7 14 40 11 37 35 13 34 32 32 35 2 29 28 39 57 48 33 41 27 32 12 23 28 38 37 15 34 44 28 11 12 46 15 47 30 38 32 30 30 36 16 27 36 6 30 2 32 6 
31 49 52 49 48 19 48 29 58 24 22 35 51 49 32 47 36 31 31 22 34 28 74 42 41 6 11 33 26 39 30 53 50 47 25 48 27 60 30 20 34 53 49 37 49 53 54 19 52 36 62 21 30 41 56 54 31 52 49 19 48 30 59 24 24 36 52 50 32 48 10 49 39 56 10 33 41 51 51 22 47 16 12 30 42 17 2 21 14 36 19 32 57 20 25 36 51 49 29 47 35 13 34 32 32 35 2 29 34 29 43 61 58 42 57 20 9 25 17 43 23 27 26 29 8 22 39 39 12 35 52 34 51 27 48 31 
10 22 34 28 40 23 30 43 29 23 42 36 29 35 10 26 8 13 10 24 45 14 42 71 49 45 30 8 17 37 11 30 23 34 20 26 37 27 22 36 30 25 30 10 22 35 47 23 38 49 36 21 47 42 37 42 11 34 41 22 31 44 30 22 42 36 30 36 10 27 34 44 59 39 31 57 51 42 48 22 40 26 54 12 59 57 42 20 28 46 24 48 32 24 46 40 33 39 13 30 37 52 71 60 43 52 41 44 13 34 32 32 35 2 29 56 41 20 25 50 23 60 42 50 44 42 37 45 29 36 37 8 29 15 35 11 
42 69 78 72 78 35 73 67 77 29 61 68 74 76 40 71 40 49 43 49 7 44 41 49 27 36 39 45 47 12 41 76 70 75 32 71 63 76 27 56 64 72 74 39 68 79 86 43 80 75 84 36 69 76 82 84 47 78 80 36 74 68 78 30 62 69 76 77 41 72 46 81 79 83 39 74 79 82 85 47 78 38 43 40 12 40 39 38 42 4 35 71 79 32 65 71 77 79 42 73 69 37 73 73 70 75 38 67 35 62 71 81 81 47 77 34 32 32 35 2 29 68 64 69 34 61 71 75 37 68 80 43 74 45 76 39 
34 55 58 54 54 21 54 36 63 24 29 42 57 55 34 53 38 35 34 27 29 32 6 45 36 68 15 36 31 36 33 59 55 53 26 54 33 65 30 27 41 58 55 38 54 59 60 23 59 43 67 24 36 48 62 61 35 58 55 22 54 37 64 24 30 43 58 56 35 54 17 55 45 62 14 39 47 58 58 27 54 19 9 32 36 12 4 24 19 31 21 38 63 21 32 43 57 56 32 53 42 7 37 37 39 42 5 35 35 35 49 67 64 45 63 13 5 26 19 38 24 32 32 35 2 29 45 46 15 41 58 37 56 31 54 34 
19 39 44 39 41 9 39 27 48 15 22 29 42 41 20 38 24 20 19 12 33 16 11 30 39 15 64 21 15 34 19 43 40 39 15 39 23 49 21 17 27 42 40 26 38 45 48 7 45 35 52 10 29 36 47 47 20 43 42 8 40 28 48 14 23 30 43 42 20 39 7 43 41 48 1 36 39 44 46 11 40 4 24 18 44 28 12 9 3 35 8 31 47 10 26 32 42 42 17 38 29 23 43 37 30 35 11 27 23 23 35 51 49 31 47 29 13 15 6 42 15 34 24 30 16 22 32 35 2 29 44 22 41 15 40 20 
3 23 33 27 36 15 29 36 32 17 34 30 29 32 5 26 7 5 2 15 41 5 33 8 45 36 21 65 8 34 4 30 24 32 14 25 30 31 18 28 24 27 29 10 23 34 44 14 36 42 38 13 39 37 36 40 3 33 37 14 30 36 33 16 34 31 30 33 4 27 25 40 51 38 22 49 45 39 44 13 36 17 45 5 54 49 33 12 19 42 15 40 33 17 38 34 32 36 4 28 31 44 62 52 37 45 32 36 11 27 28 35 36 10 31 48 33 13 17 47 17 51 34 42 36 34 32 39 21 30 35 2 29 6 32 5 
9 24 31 26 32 12 26 28 33 17 25 23 28 29 11 24 15 4 8 7 41 4 26 17 47 31 15 8 71 38 8 30 25 28 14 25 21 34 21 19 18 27 27 17 23 32 39 7 33 34 38 10 31 31 35 36 5 31 33 11 27 28 34 16 26 24 29 30 10 25 18 35 43 36 16 41 37 35 39 5 31 12 39 9 54 43 27 9 12 43 13 32 33 15 30 27 30 32 6 26 24 39 54 44 29 37 26 28 17 19 24 36 35 18 32 44 28 14 13 49 18 43 25 34 31 26 25 32 15 23 32 10 28 2 29 11 
31 58 68 62 70 27 63 61 66 20 56 60 64 67 29 60 29 39 32 41 12 34 39 37 12 36 34 34 38 5 31 65 59 66 23 60 56 64 16 51 56 61 63 27 58 69 77 35 71 69 73 28 64 68 71 74 36 68 71 29 64 62 67 22 57 61 65 68 30 62 41 73 75 73 34 70 73 73 77 39 70 31 45 29 24 44 37 30 36 12 27 65 68 24 60 64 67 70 32 63 61 39 73 70 64 70 37 61 24 55 62 69 71 35 65 38 31 23 29 13 20 66 58 65 34 56 63 68 32 60 70 32 64 35 67 29 
0 27 37 30 39 11 32 36 36 13 33 31 33 36 2 29 6 7 1 15 37 4 30 11 41 33 19 4 8 31 58 34 28 35 10 29 30 35 14 27 26 31 32 8 27 38 47 12 40 43 42 9 39 39 40 43 5 36 40 11 33 37 37 12 34 32 34 37 2 30 23 43 52 41 19 49 46 42 47 13 39 14 42 1 50 45 31 9 17 38 12 41 37 13 38 36 35 39 2 32 32 41 60 52 37 45 29 37 8 28 31 39 40 12 35 45 29 9 14 43 13 50 34 42 33 34 34 40 18 32 39 3 32 6 35 2 
34 7 6 4 16 42 6 35 7 46 38 23 1 9 36 5 36 27 32 31 71 32 53 30 76 59 43 30 30 65 34 26 6 11 43 5 31 13 49 35 20 5 4 39 7 6 21 36 10 36 8 40 38 24 7 15 29 6 17 41 6 34 7 45 38 23 1 10 34 4 42 21 46 9 44 48 35 16 25 32 17 41 65 36 84 70 55 39 40 72 43 38 4 45 41 26 5 14 34 7 24 66 69 54 33 40 54 35 41 27 12 9 5 32 6 72 57 43 43 78 47 57 36 42 60 39 21 29 44 24 9 32 2 31 10 36 
28 1 12 6 21 37 10 36 7 41 38 24 6 14 30 6 30 22 27 27 65 27 50 23 70 55 40 24 25 59 28 6 13 15 38 4 31 10 43 34 19 2 8 32 1 13 27 32 16 38 13 35 39 27 14 21 23 12 21 36 10 36 8 40 38 24 7 15 29 6 40 25 49 16 41 50 38 21 30 28 21 37 62 30 79 67 51 34 36 67 38 39 8 40 41 28 10 18 28 10 25 63 69 55 34 42 51 36 35 27 14 11 12 26 7 69 53 38 39 72 42 58 36 43 56 39 23 31 41 25 15 26 6 26 14 30 
35 15 6 9 6 40 5 25 18 46 29 13 9 1 37 9 39 27 33 27 70 31 47 34 75 53 39 32 28 66 35 11 15 43 43 11 22 24 49 27 12 15 7 41 15 6 13 33 5 25 17 38 27 13 9 8 29 5 6 39 4 24 18 45 28 13 9 2 36 8 36 10 36 8 40 38 24 7 15 29 6 38 58 36 82 64 49 37 36 72 40 27 14 43 31 15 5 4 34 4 14 61 59 44 22 29 48 25 43 19 4 19 12 37 17 67 53 43 40 77 46 47 26 32 55 30 10 18 41 14 5 34 9 30 1 37 
10 37 46 40 47 6 41 39 46 3 35 37 42 44 9 38 12 16 11 18 27 11 25 20 32 26 15 14 14 23 10 43 38 43 73 38 34 45 7 29 33 41 41 12 37 47 54 13 48 47 52 5 42 45 49 51 15 45 48 6 42 40 47 2 36 38 43 45 10 39 21 50 54 50 15 50 50 50 54 16 46 10 36 8 40 38 24 7 15 29 6 43 47 4 39 41 44 47 10 40 38 33 58 51 41 48 23 39 9 32 39 49 49 20 45 36 21 0 8 34 3 49 36 44 25 35 40 45 13 37 47 13 42 12 44 9 
29 4 8 2 17 37 6 32 9 41 35 21 3 10 31 2 32 22 28 26 66 27 48 26 71 54 39 25 25 60 29 5 4 11 38 21 28 14 44 32 16 5 4 34 4 9 23 31 13 34 13 35 35 23 11 17 24 8 17 36 6 32 10 40 35 21 4 11 30 2 38 21 45 13 40 46 34 18 26 27 17 36 60 31 79 66 50 34 35 67 38 36 8 40 38 24 7 15 29 6 21 62 66 52 30 38 49 33 36 24 10 12 10 28 9 68 52 38 38 73 42 54 33 40 55 36 19 27 40 21 11 27 3 26 10 31 
30 31 28 27 21 28 24 6 38 35 7 9 29 24 33 26 37 24 30 15 56 26 27 37 63 33 23 30 21 56 30 31 31 22 34 28 72 42 41 6 11 33 26 39 30 29 27 21 27 13 39 28 9 14 31 28 26 28 22 27 25 6 38 34 6 9 30 25 32 26 17 22 21 31 23 20 16 24 24 18 20 24 36 31 67 43 29 26 20 58 28 10 35 31 10 9 27 23 28 24 8 40 38 24 7 15 29 6 38 4 19 40 34 39 37 47 34 33 27 65 35 26 4 13 35 7 12 12 25 8 27 32 29 24 23 33 
34 10 19 15 29 45 19 46 6 48 49 35 14 22 36 16 35 30 33 37 72 34 60 27 76 65 49 31 34 64 35 13 10 24 45 14 42 17 49 45 30 8 17 37 11 19 34 41 23 48 13 43 49 37 19 27 30 19 30 44 19 46 6 47 48 35 14 23 35 16 50 34 59 21 50 60 48 29 38 38 30 46 72 36 85 77 61 42 46 73 46 50 10 48 52 38 18 27 35 19 36 73 80 66 44 52 60 47 40 38 24 7 15 29 6 78 62 44 47 77 49 68 47 54 65 49 33 41 49 35 22 32 14 34 23 36 
15 42 51 45 53 13 47 46 50 6 42 44 47 50 13 44 13 22 16 25 23 17 30 22 27 30 21 18 21 16 14 49 43 49 7 44 41 49 81 36 39 45 47 12 41 53 61 20 54 54 56 13 49 52 55 58 20 51 54 13 48 47 51 6 43 45 49 51 14 45 28 56 61 56 21 57 57 56 60 23 53 17 40 13 36 41 29 14 22 24 13 51 51 10 46 48 50 53 15 46 45 36 64 58 48 55 28 46 8 39 45 53 54 21 49 38 24 7 15 29 6 55 43 51 28 42 47 52 19 44 53 16 47 19 50 12 
28 34 33 31 27 23 29 10 41 30 6 15 33 29 30 30 34 23 27 12 50 23 20 36 56 27 17 28 19 51 27 35 34 27 29 32 6 45 36 76 15 36 31 36 33 34 33 16 33 18 44 23 13 21 37 34 25 33 28 22 30 11 42 29 6 16 34 30 29 30 10 28 25 36 17 21 22 31 30 14 27 19 30 28 60 36 22 21 14 52 23 14 40 26 10 16 32 29 25 28 15 34 36 24 13 19 22 10 35 8 24 44 39 38 41 40 27 29 22 59 30 24 7 15 29 6 18 19 19 14 33 30 33 21 29 29 
26 19 18 15 14 29 13 16 26 35 18 6 18 14 29 14 32 19 25 15 58 22 34 30 64 41 27 24 18 56 26 20 19 12 33 16 11 30 39 15 49 21 15 34 19 18 21 21 18 20 28 27 19 13 21 20 21 17 15 28 14 16 26 34 18 6 18 15 28 15 24 17 30 21 28 30 21 17 21 17 13 26 46 27 70 51 36 26 23 60 29 20 24 32 21 10 16 15 25 12 7 48 49 36 15 23 36 17 35 7 8 29 23 32 25 54 40 32 29 67 35 38 16 24 42 19 7 15 29 6 17 27 17 20 13 29 
30 3 11 6 21 40 10 37 5 44 40 26 6 14 32 7 32 24 29 30 68 29 53 25 72 58 42 27 27 61 31 5 2 15 41 5 33 8 45 36 21 15 8 34 4 12 27 35 16 39 11 38 40 28 13 20 26 11 22 39 11 37 6 43 40 26 6 15 31 7 42 26 50 15 43 51 39 21 30 31 22 40 65 32 81 70 54 36 39 69 40 41 6 43 43 29 10 19 31 11 27 66 71 57 36 43 53 38 37 29 15 8 10 27 4 71 56 40 41 74 44 59 38 45 59 41 24 32 43 26 15 29 6 29 15 32 
32 9 4 2 13 39 2 30 11 44 34 18 2 6 34 3 35 25 31 27 68 29 49 30 74 55 40 29 27 63 32 4 8 7 41 4 26 17 47 31 15 8 30 38 8 5 19 33 8 31 12 37 33 20 7 13 27 4 13 38 2 30 11 43 33 18 3 6 33 2 38 17 42 9 41 44 31 13 21 29 13 38 61 34 81 66 51 36 36 70 40 33 8 42 36 21 3 10 31 2 19 63 64 50 28 36 50 31 40 23 7 13 8 32 11 69 53 41 40 76 45 53 31 38 56 34 16 24 41 19 7 31 2 29 6 34 
8 31 42 36 46 17 38 45 39 14 42 40 38 42 6 34 2 15 9 24 35 12 37 10 39 38 26 10 17 27 8 39 32 41 12 34 39 37 12 36 34 34 38 58 31 43 54 21 46 52 46 15 48 47 45 50 13 42 47 17 39 46 40 14 43 41 39 43 6 36 31 50 61 47 26 58 55 49 54 21 46 21 48 8 49 51 37 16 24 36 18 50 41 17 47 44 41 46 10 38 40 45 68 60 46 54 36 45 4 36 38 42 44 8 38 49 34 12 20 40 15 59 43 51 38 42 42 49 24 40 45 7 38 15 42 6 
26 0 12 6 21 36 10 35 9 40 37 24 7 14 28 6 29 20 25 26 64 25 49 22 68 54 38 23 23 58 27 7 1 15 37 4 30 11 41 33 19 4 8 31 13 13 27 31 17 37 15 34 38 27 15 21 22 13 22 35 11 35 10 39 37 24 8 15 27 6 38 25 48 17 39 49 38 22 30 27 21 36 61 28 77 66 50 32 35 65 36 39 10 39 40 28 11 19 27 10 24 62 68 55 33 42 49 36 34 26 14 12 13 24 8 67 52 36 37 70 40 57 35 43 55 38 23 31 39 24 16 25 7 25 15 29 
38 14 1 7 10 45 6 31 13 50 36 20 6 5 40 9 41 30 36 32 74 35 53 35 79 59 45 34 32 69 38 6 13 6 47 9 29 19 53 34 18 12 5 43 13 13 15 38 4 31 10 43 34 19 2 8 32 1 11 43 5 31 13 49 35 20 5 4 39 7 42 14 42 3 46 44 30 10 18 34 11 43 64 39 87 70 55 41 41 76 45 34 9 48 38 22 2 8 37 6 21 67 66 50 29 36 54 32 46 25 10 14 6 38 13 73 58 46 45 81 50 54 33 39 60 37 17 24 46 21 3 37 6 34 5 40 
47 28 15 21 7 50 17 26 28 57 32 18 21 13 49 21 51 39 46 36 80 43 54 47 86 60 48 44 39 77 47 21 27 13 54 23 27 34 61 33 21 27 19 54 27 15 22 43 11 22 24 49 27 12 15 7 41 15 6 49 16 25 28 56 31 17 20 12 48 21 43 5 31 13 49 35 20 5 4 39 7 48 63 48 92 70 56 47 45 82 51 26 24 54 32 17 16 8 46 17 18 67 58 42 23 26 55 27 55 25 15 28 20 50 28 74 61 54 50 88 57 47 29 32 62 33 15 16 50 19 12 47 20 42 12 49 
13 31 37 32 36 7 32 26 40 14 22 25 35 34 15 31 19 12 13 6 36 9 19 23 43 23 7 14 7 35 12 36 32 33 13 31 21 41 20 16 21 35 33 21 31 38 43 87 38 34 45 7 29 33 41 41 12 37 37 6 33 27 41 13 23 26 36 35 14 32 11 38 41 41 8 37 37 39 42 4 35 5 31 13 49 35 20 5 4 39 7 30 40 11 26 28 36 36 10 32 25 31 48 39 28 35 19 26 19 19 29 44 42 24 40 36 20 12 7 45 14 38 23 31 23 22 28 32 8 25 38 15 34 8 34 14 
39 17 4 10 7 45 7 29 17 51 34 18 10 4 42 11 43 32 38 32 75 36 52 38 80 59 45 36 33 71 40 10 16 5 48 13 27 23 54 33 18 16 8 46 17 4 11 38 10 28 14 44 32 16 5 4 34 4 7 44 6 29 17 50 33 17 9 3 40 10 42 11 38 3 46 41 27 6 14 34 8 43 63 41 87 69 54 42 41 77 46 31 13 49 35 20 5 4 39 7 19 66 63 48 26 32 54 30 48 24 9 17 9 41 17 72 58 48 46 83 51 52 31 36 60 35 15 21 46 19 1 39 9 35 4 42 
43 38 31 32 20 41 29 7 43 48 14 14 34 26 46 32 49 37 42 28 68 39 36 49 75 43 35 42 34 69 43 36 38 25 47 34 13 48 54 18 20 39 31 52 37 31 22 34 28 63 42 41 6 11 33 26 39 30 21 40 29 6 43 47 12 13 34 26 45 32 29 18 11 31 35 13 4 23 18 31 20 37 43 44 78 50 39 39 33 70 41 5 39 44 11 9 30 23 41 28 13 49 35 20 5 4 39 7 51 15 23 45 37 51 42 55 45 46 40 77 48 24 11 9 45 14 14 7 37 13 28 44 33 37 26 45 
42 14 10 12 21 51 14 42 7 55 46 30 10 15 43 14 44 35 40 40 79 40 62 36 84 67 52 38 38 73 42 8 13 17 52 13 39 13 56 44 28 11 12 46 15 10 24 45 14 42 26 49 45 30 8 17 37 11 21 50 14 42 6 54 46 30 9 15 42 13 51 25 52 11 53 55 41 19 28 41 22 50 73 43 92 79 63 47 49 81 51 44 5 54 48 33 11 18 42 15 31 75 76 61 39 46 62 43 49 35 20 5 4 39 7 81 66 51 52 86 55 65 43 49 68 47 28 35 53 31 13 40 11 40 16 44 
10 34 42 36 42 2 37 33 43 7 29 32 39 40 10 35 14 13 10 13 31 8 21 21 36 24 10 13 10 28 9 40 35 38 5 35 28 43 13 23 27 38 37 15 34 43 49 7 44 41 49 98 36 39 45 47 12 41 43 1 38 34 44 6 30 33 40 41 11 36 16 45 48 46 11 44 44 45 48 10 41 5 33 8 43 36 21 1 9 33 2 38 44 5 33 35 40 42 8 36 32 31 53 46 35 42 20 33 13 26 34 46 46 21 42 35 20 5 4 39 7 44 30 38 23 29 34 39 8 32 43 13 38 9 39 10 
40 39 34 34 24 36 31 3 45 43 7 14 36 29 42 33 46 34 39 24 62 35 30 47 69 36 29 39 31 64 39 38 39 27 42 35 9 49 49 13 19 40 33 48 38 34 27 29 32 6 45 36 71 15 36 31 36 33 25 35 31 3 45 42 6 15 36 30 41 33 23 23 12 35 30 11 10 27 24 27 24 32 37 40 72 43 32 34 27 64 36 1 42 39 5 12 33 27 37 30 14 42 31 16 5 6 32 3 47 13 25 47 40 49 44 49 39 42 35 71 43 20 5 4 39 7 16 11 32 14 32 41 35 33 28 42 
39 28 19 22 9 40 18 14 32 47 20 7 23 15 42 21 45 32 38 26 69 35 41 42 76 48 36 37 31 68 39 24 27 13 45 23 14 37 52 21 13 28 20 47 27 19 12 33 16 11 30 39 15 40 21 15 34 19 9 39 18 13 32 46 19 6 23 15 41 21 32 7 22 20 37 25 11 11 9 29 8 37 51 40 81 57 43 38 33 72 41 15 28 44 20 5 19 12 37 17 7 55 47 31 10 16 43 14 48 13 13 33 25 45 31 61 49 45 40 78 47 35 16 20 50 20 5 4 39 7 17 40 22 33 14 42 
40 15 3 9 12 47 8 34 13 52 38 22 7 7 42 10 43 32 39 35 76 37 56 37 82 62 47 36 35 71 40 7 14 9 49 11 31 19 55 37 21 13 7 45 15 2 15 41 5 33 8 45 36 21 11 8 34 4 12 46 7 33 12 51 38 22 6 6 41 9 45 16 43 2 48 46 32 11 19 36 13 46 67 42 89 73 57 43 44 78 47 36 8 50 40 24 5 9 39 9 23 69 68 53 31 38 57 34 48 28 12 13 4 39 12 75 61 49 48 84 52 56 35 41 63 39 20 26 49 23 4 39 7 36 8 42 
43 21 9 15 6 48 12 29 21 54 34 19 14 7 45 16 47 35 42 35 78 40 54 42 84 61 47 40 36 74 43 15 21 8 51 17 28 27 58 34 20 20 13 50 21 8 7 41 4 26 17 47 31 15 8 9 38 8 6 47 11 28 21 53 34 18 13 6 44 15 44 8 36 6 48 40 25 3 11 37 7 46 64 45 90 71 56 45 43 80 49 30 17 52 35 19 10 5 42 12 19 68 62 46 26 31 56 29 51 25 12 21 13 45 21 74 60 51 49 86 54 51 31 35 62 35 15 20 49 19 5 43 14 39 7 46 
5 22 31 25 34 14 26 33 31 18 31 27 27 30 7 24 10 2 4 12 42 3 31 11 47 35 20 3 5 36 5 29 23 29 15 24 26 30 20 25 21 26 27 13 22 32 41 12 34 39 37 12 36 34 34 38 78 31 35 14 27 33 32 17 31 28 28 31 6 25 23 37 48 36 21 46 42 36 42 11 34 16 44 7 55 48 32 11 17 43 15 37 32 17 35 31 30 33 5 26 27 43 59 49 33 41 31 33 13 24 26 34 34 13 30 48 32 14 16 49 18 49 31 39 35 31 29 36 20 27 33 5 27 4 30 7 
36 13 0 6 10 43 4 30 13 48 35 19 5 3 38 7 40 29 35 31 72 34 52 34 78 58 43 33 31 68 36 6 12 5 45 8 28 19 51 33 17 11 4 42 13 1 15 37 4 30 11 41 33 19 4 8 31 15 10 42 3 30 13 47 34 18 5 3 37 6 41 14 41 4 44 43 29 10 18 32 11 42 63 38 85 69 53 40 40 74 43 33 9 46 36 21 1 7 36 5 19 65 65 49 28 35 53 31 44 24 8 14 7 37 13 71 57 45 44 80 49 53 32 38 59 35 16 23 45 20 3 35 5 33 4 39 
40 22 11 15 1 44 11 23 24 50 28 13 16 7 42 16 45 32 39 30 74 37 49 41 80 55 42 37 33 71 40 17 21 6 48 17 22 30 54 28 15 22 13 47 22 11 6 37 7 21 21 43 25 9 12 6 35 10 30 43 11 22 24 49 27 12 15 7 41 15 38 4 31 10 43 34 19 2 8 32 1 42 59 42 86 65 51 41 39 76 44 24 20 47 29 13 11 3 39 11 13 62 56 41 20 25 50 23 48 20 9 25 17 43 23 69 55 47 44 82 50 45 25 29 57 29 10 14 44 14 8 40 15 35 7 43 
12 35 42 37 42 1 37 33 44 8 28 32 40 40 12 36 16 14 12 13 30 10 19 22 36 22 8 14 11 29 11 41 36 39 6 36 27 44 13 22 28 39 38 17 35 43 49 6 44 40 50 1 35 39 46 47 14 42 43 77 38 34 45 7 29 33 41 41 12 37 15 45 47 47 9 43 44 45 48 10 42 4 31 10 43 34 19 2 8 32 1 37 45 4 32 35 41 42 10 37 32 29 51 44 35 41 18 33 14 26 35 48 47 23 43 34 18 6 2 38 8 42 30 37 22 28 34 39 7 31 44 14 39 10 40 11 
33 11 4 4 10 40 1 28 14 45 32 16 5 3 35 5 37 25 32 27 69 30 48 31 74 54 40 30 27 64 33 6 10 4 42 6 25 19 48 30 14 11 2 39 11 5 16 33 6 29 14 38 31 18 7 11 27 3 11 38 8 28 14 44 32 16 5 4 34 4 38 15 40 8 41 42 29 11 19 29 11 38 60 35 82 66 50 36 36 71 40 31 10 43 34 19 2 8 32 1 17 62 62 48 26 33 49 29 41 21 6 15 9 34 13 68 53 41 40 76 45 51 29 36 56 33 14 22 41 17 5 32 4 29 4 35 
37 36 31 31 21 35 28 1 42 42 7 11 33 26 40 30 43 31 37 22 61 33 30 44 68 37 28 36 28 62 37 34 36 24 40 32 6 46 47 11 16 37 30 46 35 31 25 27 29 6 42 34 3 13 33 28 33 30 22 34 28 63 42 41 6 11 33 26 39 30 22 21 15 32 29 14 10 25 22 24 21 30 38 38 71 45 32 33 26 64 34 4 39 38 6 9 30 24 35 27 10 43 34 19 2 8 32 1 45 10 22 44 37 46 41 49 38 40 33 70 42 23 4 7 39 8 13 9 31 10 29 39 32 31 25 39 
36 9 12 10 23 46 14 42 1 50 45 30 9 16 38 12 38 30 35 36 74 35 59 30 78 64 48 33 34 67 37 7 8 18 47 10 38 6 51 42 26 6 11 40 10 13 28 41 17 43 6 44 45 32 12 21 32 13 24 45 14 42 21 49 45 30 8 17 37 11 48 27 54 15 49 56 43 23 31 37 24 46 71 38 87 76 60 42 45 75 46 45 4 49 48 33 12 20 37 14 31 72 76 62 40 47 59 43 43 34 19 2 8 32 1 77 62 46 47 80 50 64 43 50 65 46 28 36 49 31 16 34 9 35 17 38 
12 39 48 42 48 6 43 40 48 1 35 38 44 46 11 40 14 18 13 19 25 13 24 22 30 24 14 16 16 22 12 45 40 45 2 40 34 47 6 29 34 43 43 14 39 49 56 13 50 47 54 6 42 46 51 53 17 47 49 7 44 41 49 86 36 39 45 47 12 41 21 51 54 52 15 50 51 51 55 17 48 10 34 10 38 36 23 8 15 27 6 44 49 4 40 42 46 48 12 42 39 31 57 51 42 48 22 40 10 33 41 51 51 22 47 34 19 2 8 32 1 48 37 44 23 35 41 46 12 38 49 15 44 14 45 11 
34 38 35 34 27 30 31 5 44 37 1 15 36 30 37 33 40 29 34 19 55 30 24 42 62 30 23 34 26 57 34 38 38 28 36 35 6 48 43 6 18 40 33 43 37 35 31 23 33 12 46 30 6 19 38 34 31 34 27 29 32 6 45 36 69 15 36 31 36 33 16 26 18 37 23 15 17 30 28 21 26 25 32 35 65 38 26 28 21 58 30 8 42 33 4 14 34 29 32 30 14 36 31 18 9 12 26 5 41 10 26 47 41 44 44 43 32 35 28 65 37 19 2 8 32 1 18 16 25 14 33 36 35 28 30 36 
33 24 19 19 11 34 16 12 30 41 16 1 21 15 35 19 38 25 32 20 63 28 36 36 69 43 30 31 24 61 32 23 24 13 38 21 9 35 45 16 6 26 18 41 24 20 17 26 17 13 30 33 15 6 22 18 28 18 12 33 16 11 30 39 15 39 21 15 34 19 26 12 24 21 31 25 15 15 15 22 11 31 46 34 74 52 38 31 27 65 34 15 27 37 18 4 18 13 31 15 1 50 46 31 9 17 38 12 41 7 10 32 25 39 29 56 43 38 33 71 41 34 13 19 44 17 2 8 32 1 17 33 20 26 14 35 
34 8 4 3 15 42 5 33 9 46 37 21 1 8 36 5 37 26 32 30 70 31 52 30 76 58 43 30 29 65 34 1 7 9 43 4 30 14 49 34 18 6 3 39 8 5 20 36 9 34 9 40 36 23 6 13 28 5 15 41 5 33 8 45 36 21 5 8 34 4 41 19 45 8 44 47 34 15 23 31 15 41 64 35 84 69 54 38 39 72 42 36 5 45 39 24 4 12 33 6 22 66 67 53 31 38 53 34 41 26 11 10 6 33 8 71 56 43 43 77 47 56 34 41 59 37 19 27 44 22 8 32 1 31 8 36 
36 15 4 9 6 42 5 27 17 48 32 16 9 1 39 9 41 29 35 29 72 34 50 36 77 56 42 33 30 68 37 10 15 2 45 11 25 23 51 30 15 15 6 43 15 4 12 35 3 26 15 41 30 15 6 6 31 3 7 41 4 26 17 47 31 15 8 16 38 8 39 11 37 6 43 40 26 6 15 31 7 40 61 38 84 66 51 39 38 74 43 29 13 46 33 18 4 4 36 5 16 63 61 46 24 31 51 28 45 21 6 18 10 38 16 69 55 45 43 80 48 50 28 34 57 32 13 19 43 16 2 36 8 32 1 39 
1 27 38 31 40 13 33 38 36 13 35 33 33 37 1 30 4 9 2 17 37 6 32 10 41 35 20 4 10 30 2 34 29 36 10 30 32 35 14 29 28 31 33 6 27 39 48 14 40 45 42 11 41 41 41 44 6 37 41 12 34 39 37 12 36 34 34 38 65 31 25 44 54 42 21 51 48 43 48 15 40 16 44 2 50 47 32 10 18 38 13 43 37 14 40 37 36 40 4 33 34 42 62 54 39 47 31 38 7 30 32 39 40 10 35 46 30 10 15 43 14 52 36 44 34 36 35 42 19 33 40 2 33 8 36 1 
30 7 6 0 14 38 3 30 11 42 33 19 3 7 32 1 33 23 29 26 67 28 48 27 72 54 39 27 25 62 30 4 6 8 39 2 26 16 45 30 15 7 2 36 6 7 21 32 10 32 13 36 33 21 9 15 25 6 15 37 4 30 11 41 33 19 4 8 31 3 37 19 43 11 40 44 32 15 23 27 15 37 60 32 80 65 50 34 35 68 38 34 9 41 36 22 5 12 30 4 19 62 64 50 28 36 49 31 38 23 8 13 10 30 10 67 52 39 39 74 43 53 31 38 55 34 17 25 40 19 9 29 2 27 8 32 
24 39 41 38 37 15 37 21 47 22 15 25 40 38 26 37 30 22 24 12 39 20 10 34 46 17 7 25 18 41 23 42 40 36 21 38 17 50 28 10 24 42 38 31 38 42 43 11 42 29 51 16 23 32 45 44 23 41 38 15 38 22 48 21 16 26 41 39 25 37 86 38 34 45 7 29 33 41 41 12 37 11 22 24 49 27 12 15 7 41 15 24 46 17 19 27 40 39 21 36 25 24 37 29 24 28 12 21 29 18 32 50 47 35 47 30 17 21 13 48 22 27 17 23 18 15 28 30 9 24 41 27 40 19 37 25 
43 26 15 19 4 46 15 21 28 52 27 13 20 11 45 19 48 35 42 32 75 39 49 44 81 55 43 40 35 73 43 21 25 10 50 21 22 34 56 28 17 26 17 50 25 14 5 38 11 18 25 45 23 7 16 8 37 14 4 45 15 21 27 51 26 12 19 11 44 19 38 22 28 14 44 32 16 5 4 34 4 43 58 44 87 65 51 43 40 77 46 22 24 49 27 12 15 7 41 15 13 62 54 38 18 23 50 22 51 20 12 28 20 47 27 69 55 49 46 84 52 43 24 27 57 28 10 11 45 14 11 43 19 37 11 45 
52 49 42 44 31 48 40 15 54 55 19 25 45 37 54 43 58 46 51 37 72 48 39 59 79 45 41 51 43 75 52 46 49 36 54 45 21 59 61 25 30 50 42 61 48 42 31 41 38 11 52 48 12 22 43 36 48 41 31 47 40 15 54 54 18 24 45 37 54 43 34 28 45 42 41 6 11 33 26 39 30 44 43 53 81 50 41 47 39 75 48 11 50 51 14 20 41 34 50 39 24 49 27 12 15 7 41 15 60 25 34 55 48 61 53 56 48 54 46 82 55 19 17 10 47 19 25 17 43 24 39 54 44 45 36 54 
41 17 4 11 10 48 9 33 15 53 38 22 9 7 43 12 45 34 40 35 77 39 56 39 83 62 48 38 36 73 41 9 16 8 50 13 31 21 56 36 21 15 9 47 17 3 13 41 3 31 11 46 35 20 2 6 36 4 10 47 8 32 15 52 37 21 8 6 42 11 45 14 42 48 49 45 30 8 17 37 11 46 67 43 90 73 58 44 44 79 48 35 11 51 39 23 6 8 41 9 22 69 67 51 30 36 57 33 49 27 12 15 7 41 15 76 61 50 48 85 53 55 34 40 63 38 19 24 49 22 3 40 9 37 7 44 
20 40 45 40 42 9 40 28 49 15 22 30 43 42 21 39 25 21 20 13 32 17 10 31 39 14 1 22 16 34 19 44 41 40 15 40 23 50 21 17 28 43 41 26 39 46 49 8 46 35 53 11 30 37 48 48 21 44 43 9 41 29 49 15 23 31 44 43 21 40 7 44 41 49 99 36 39 45 47 12 41 5 22 19 43 27 11 10 4 35 9 31 48 11 26 32 43 43 18 39 30 22 42 36 30 36 10 27 24 24 36 52 50 32 48 27 12 15 7 41 15 33 24 30 15 22 33 36 2 30 45 23 42 16 41 21 
49 50 44 45 34 44 42 14 56 51 15 25 47 39 52 44 56 44 49 34 67 45 33 57 74 39 36 49 41 70 49 48 50 38 50 46 20 60 57 21 30 51 44 58 49 44 35 37 41 13 55 44 11 25 46 40 46 43 34 43 42 14 56 50 15 25 47 40 51 44 29 32 6 45 36 55 15 36 31 36 33 39 36 50 75 43 35 43 35 69 44 10 52 47 11 22 44 37 47 41 24 43 22 6 15 8 36 13 56 24 36 57 50 59 55 49 42 50 42 77 51 12 15 7 41 15 27 20 38 25 42 51 46 43 39 51 
46 39 30 33 19 45 29 11 43 52 18 15 34 26 49 32 52 39 45 32 72 42 41 51 79 47 39 45 37 73 46 35 38 24 50 34 16 48 57 22 21 39 31 55 38 30 20 37 27 4 41 44 10 11 32 25 42 29 19 44 29 10 43 51 17 15 34 26 48 32 33 16 11 30 39 15 25 21 15 34 19 41 48 47 82 54 43 43 37 74 45 9 39 48 15 11 30 22 44 28 14 53 38 22 9 7 43 12 54 18 24 44 36 53 42 60 49 50 44 81 52 27 15 13 49 18 15 7 41 15 27 47 33 40 25 48 
42 22 10 15 3 46 12 25 23 52 31 16 15 7 44 16 46 34 41 32 76 38 51 42 82 58 44 39 35 73 42 16 21 7 50 18 24 29 56 31 17 21 13 49 22 10 5 39 6 23 19 45 27 11 11 3 36 10 2 45 11 25 23 51 30 15 15 6 43 15 41 5 33 8 45 36 21 31 8 34 4 44 61 43 88 67 53 43 41 78 46 27 19 50 31 16 11 3 41 11 16 65 59 43 22 27 53 26 50 22 10 24 15 44 23 71 57 49 46 84 53 47 27 32 59 31 12 16 46 16 7 41 15 37 7 44 
47 30 19 23 9 49 20 23 32 56 29 17 24 15 49 24 52 39 46 35 79 43 51 48 85 58 46 44 39 77 47 25 30 15 54 26 24 38 60 30 21 30 21 54 30 18 4 42 14 18 28 48 24 9 19 11 42 18 8 48 19 22 31 55 28 15 23 15 48 23 41 4 26 17 47 31 15 8 14 38 8 46 60 48 90 67 53 47 43 81 50 22 27 53 28 14 19 11 46 19 16 64 53 38 19 22 53 23 55 23 17 32 24 51 31 71 58 53 49 87 56 43 26 27 60 30 13 12 48 17 15 47 23 41 15 49 
13 27 33 28 31 11 28 23 36 18 20 21 30 30 15 26 19 9 13 2 41 9 22 22 47 27 11 13 5 39 13 32 28 29 16 27 18 38 23 14 17 31 29 21 27 34 39 4 34 31 41 10 27 29 36 37 11 32 32 10 29 24 37 17 21 22 31 31 15 27 12 34 39 37 12 36 34 34 38 83 31 9 34 13 53 39 23 8 8 43 12 28 36 15 25 25 31 32 11 27 22 35 48 39 25 32 22 24 20 16 25 39 37 24 35 40 25 15 11 49 18 38 21 29 27 21 24 29 12 21 33 15 30 7 29 15 
39 22 11 15 0 43 11 21 24 49 27 12 16 7 41 15 44 31 38 29 72 35 47 40 78 54 40 36 31 70 39 17 21 6 46 17 20 30 53 27 13 22 13 46 21 11 7 35 8 20 22 41 24 8 13 7 34 11 1 42 11 21 24 48 26 11 15 7 40 15 37 4 30 11 41 33 19 4 8 31 30 40 57 40 84 63 49 40 37 74 43 23 20 46 28 12 11 3 38 11 12 61 55 39 18 24 49 22 47 18 8 25 17 42 24 67 53 46 43 80 49 44 24 28 55 27 8 13 42 12 8 39 15 34 7 41 
15 36 42 37 40 4 37 29 45 11 24 29 40 39 16 36 19 16 15 11 32 12 16 26 38 19 4 17 12 31 14 41 37 38 10 36 24 46 17 19 26 40 38 21 36 43 48 5 43 37 50 5 32 37 46 46 16 42 42 4 38 30 46 10 25 31 41 40 16 37 11 43 44 46 5 39 41 44 46 9 40 77 28 14 44 32 16 5 4 34 4 34 45 7 29 33 41 41 12 37 30 27 47 41 32 38 15 29 18 24 34 48 47 26 44 32 16 10 2 40 11 38 26 33 19 25 33 37 3 29 43 17 39 11 39 15 
43 62 64 60 58 31 59 37 70 34 31 45 63 60 44 59 47 43 43 34 37 40 12 54 43 9 24 45 39 45 42 65 62 58 36 60 36 72 40 30 46 65 61 48 61 64 63 31 63 43 73 33 37 51 67 64 44 63 59 31 60 38 71 34 32 46 64 61 44 60 22 58 43 67 22 36 48 61 60 34 57 28 68 42 41 6 11 33 26 39 30 38 69 31 32 46 62 60 41 58 45 7 29 33 41 41 12 37 45 39 54 73 69 55 69 12 15 36 28 46 34 27 34 35 11 30 49 48 24 45 63 46 62 39 59 43 
2 29 38 32 41 10 34 37 37 11 34 33 34 37 2 31 6 9 3 16 35 5 30 12 40 32 18 5 9 29 1 36 30 36 8 31 31 36 13 28 27 32 34 8 28 39 48 13 41 44 43 8 40 40 42 45 7 38 42 10 35 38 38 10 35 34 35 38 2 32 24 44 53 43 19 50 47 43 48 13 40 14 42 90 49 45 30 8 17 37 11 42 38 12 39 37 37 40 2 33 34 40 61 52 38 46 29 37 7 29 33 41 41 12 37 44 28 8 13 42 12 51 35 43 32 34 35 41 17 33 40 4 34 7 37 1 
51 78 86 80 85 42 81 70 86 37 64 73 82 83 49 79 50 57 52 55 13 52 42 59 12 36 44 54 54 24 50 84 79 82 40 79 67 85 36 60 70 81 81 49 77 87 92 49 87 78 92 43 72 81 89 90 55 85 86 43 82 71 87 38 65 74 84 84 50 80 49 87 81 90 43 75 82 88 90 53 84 44 41 49 14 36 39 45 47 12 41 73 87 38 67 76 84 85 50 80 74 34 70 73 73 77 39 70 45 67 78 90 90 57 86 29 33 41 41 12 37 67 67 71 33 64 77 79 42 73 87 53 82 52 83 49 
46 67 69 66 64 34 65 44 75 36 37 51 68 66 47 65 50 48 47 39 34 44 17 57 40 12 28 49 43 44 45 70 67 64 38 66 43 77 41 36 51 70 66 51 66 70 70 35 69 50 79 36 43 57 73 71 48 69 65 34 66 45 76 36 38 52 69 66 47 65 27 65 50 73 27 43 54 67 67 39 63 32 6 45 36 58 15 36 31 36 33 45 74 33 38 52 68 66 44 64 51 5 34 39 47 48 16 43 47 45 60 78 75 58 74 7 16 38 31 43 35 33 41 41 12 37 55 54 28 51 69 49 68 43 65 46 
31 51 54 50 50 19 49 31 59 23 25 37 53 50 32 49 36 32 31 23 32 28 2 42 39 4 12 33 27 37 31 55 51 49 24 50 29 61 29 22 36 54 51 37 50 55 56 20 54 39 63 21 32 43 57 56 32 53 51 19 50 32 60 23 26 38 54 51 32 50 12 51 41 58 11 35 43 53 53 23 49 16 11 30 39 15 66 21 15 34 19 34 59 19 27 38 53 51 29 49 37 11 35 34 35 38 1 31 33 31 45 63 59 43 59 18 7 24 17 41 23 29 28 31 6 24 41 41 12 37 54 34 52 27 50 31 
10 33 40 35 40 3 35 32 42 9 27 30 37 38 10 33 14 12 10 11 32 7 21 20 38 24 9 12 9 30 9 39 34 37 7 34 26 42 14 21 26 36 36 16 32 41 47 5 42 39 47 1 34 38 43 45 11 40 41 2 36 33 42 8 28 31 38 39 10 34 15 43 47 44 10 43 43 43 47 8 40 5 33 8 45 36 21 82 8 34 4 36 42 6 32 33 38 40 7 35 30 32 52 44 34 40 20 32 14 25 33 45 44 21 41 36 20 7 5 40 9 43 29 36 24 28 33 38 8 30 41 12 37 7 37 10 
17 35 40 36 37 9 35 25 44 16 20 26 38 37 19 34 23 16 17 9 35 14 14 28 42 19 3 19 12 36 17 40 36 36 15 35 20 46 22 14 23 39 36 24 35 41 45 4 41 33 49 9 27 33 44 43 17 40 39 8 36 26 45 15 21 27 39 38 18 35 7 40 39 44 4 35 37 41 43 8 37 4 26 17 47 31 15 8 83 38 8 29 44 11 24 29 39 38 15 35 26 27 44 36 27 34 14 25 22 20 32 47 45 29 43 32 17 14 7 44 15 34 22 29 19 20 29 33 5 26 41 20 38 12 37 18 
39 66 75 69 75 31 70 63 74 26 57 64 71 73 37 67 38 45 40 45 2 40 36 46 4 31 35 42 43 12 38 72 67 72 29 67 58 73 24 52 60 69 70 36 65 76 82 39 77 70 81 33 64 72 78 80 43 74 76 32 71 64 75 27 58 65 72 74 38 68 41 77 75 79 35 69 74 78 81 43 74 34 39 37 12 36 34 34 38 25 31 66 76 28 60 67 73 75 38 69 64 32 68 68 65 70 34 62 33 58 68 78 78 45 74 30 27 29 31 7 25 63 59 65 29 57 67 71 33 64 76 41 71 41 72 37 
13 37 44 39 43 0 39 33 46 7 29 33 41 42 13 37 17 16 13 14 29 11 19 24 35 21 8 15 13 27 12 43 38 40 6 38 28 46 13 23 29 40 40 18 36 45 51 7 46 41 51 2 36 41 47 49 15 43 44 1 40 34 46 6 30 34 42 43 13 38 15 46 48 48 9 44 45 46 50 12 43 4 30 11 41 33 19 4 8 31 74 38 46 3 33 36 42 44 11 38 33 28 51 45 36 42 17 34 15 27 36 49 48 24 45 32 17 6 2 37 7 42 30 38 20 29 36 40 6 33 45 15 41 11 41 12 
41 39 34 34 24 38 31 4 45 45 9 14 36 29 43 34 47 35 40 26 64 37 32 48 71 38 31 40 32 65 41 38 39 27 43 36 10 50 51 14 20 41 33 50 39 34 26 30 31 5 44 38 1 15 36 30 37 33 24 37 31 4 45 44 8 15 36 29 43 34 24 22 11 35 31 10 9 27 22 28 23 34 38 42 73 45 34 36 29 66 38 56 42 41 6 11 33 26 39 30 14 44 32 16 5 4 34 4 49 14 25 47 40 50 44 50 40 43 36 73 45 20 7 5 40 9 16 10 33 14 31 43 35 34 28 43 
36 9 8 8 19 46 10 39 4 50 42 27 6 13 38 9 39 30 35 35 74 35 57 32 79 63 47 33 33 68 37 4 8 14 47 8 35 10 51 40 24 6 8 41 10 9 24 40 13 39 5 44 42 28 8 17 32 9 20 45 10 39 4 49 42 27 5 13 37 9 46 24 50 11 48 52 39 19 27 36 20 45 69 38 87 74 59 42 44 76 46 42 28 49 45 30 8 17 37 11 28 70 73 58 37 44 58 40 44 32 16 5 4 34 4 76 61 46 47 80 50 61 40 46 64 43 25 32 48 28 12 35 6 35 13 39 
14 39 47 41 46 3 42 37 48 4 32 36 44 44 13 40 16 18 14 17 26 13 20 24 32 21 10 17 15 24 13 45 40 43 4 40 31 48 10 26 32 43 42 17 39 48 54 11 49 44 54 5 39 44 50 52 17 46 47 4 43 38 49 4 33 37 45 46 14 41 17 49 51 51 11 47 48 50 53 15 46 7 31 12 38 33 19 6 11 28 3 41 49 88 36 39 45 47 12 41 37 28 53 47 39 45 18 37 14 30 39 51 51 24 47 32 16 5 4 34 4 44 34 40 20 32 39 43 8 36 48 16 43 14 44 13 
38 41 37 37 28 33 34 6 47 40 4 17 39 33 41 36 44 33 38 23 58 34 25 46 65 32 26 38 30 60 38 41 41 31 39 38 10 52 46 10 21 43 36 47 40 38 32 26 35 11 48 33 5 20 40 35 35 36 29 32 34 6 48 40 4 18 39 33 40 36 19 27 14 39 26 11 15 31 28 25 28 29 32 39 67 38 27 32 24 60 33 6 45 36 64 15 36 31 36 33 17 37 28 14 9 10 28 5 45 14 28 50 43 48 47 44 34 39 32 67 40 16 5 4 34 4 20 16 28 16 35 40 38 32 32 40 
36 28 22 23 12 36 19 9 33 43 15 4 24 17 38 22 42 29 35 22 65 32 36 40 71 43 32 34 27 64 36 26 28 15 41 24 9 38 48 16 10 29 21 44 28 22 17 28 20 9 33 35 12 5 24 19 31 21 13 35 19 9 33 42 14 4 24 18 37 22 27 12 20 23 32 22 11 16 14 25 12 33 46 37 76 52 38 33 29 67 36 11 30 39 15 33 21 15 34 19 3 50 43 28 6 14 38 10 44 9 14 35 28 43 33 56 44 41 35 74 43 32 11 16 45 15 5 4 34 4 20 37 24 30 16 38 
35 11 1 5 11 42 3 30 12 47 34 19 4 4 37 6 39 27 34 30 71 32 51 33 77 57 42 32 30 67 35 5 10 5 44 7 27 18 50 32 16 10 3 41 11 2 16 36 5 30 11 40 33 19 5 10 30 1 11 41 2 30 12 46 34 18 4 4 36 5 40 15 41 6 43 44 30 11 19 31 11 41 62 37 84 68 53 38 39 73 42 33 8 45 36 21 10 8 34 4 19 65 65 50 28 35 52 31 43 24 8 14 7 35 12 71 56 44 43 79 47 53 32 38 58 35 16 23 44 19 4 34 4 31 4 37 
39 19 8 12 2 43 9 25 21 49 30 14 13 4 41 13 43 31 38 30 73 35 49 39 79 56 42 36 32 70 39 14 18 4 47 15 23 27 53 29 15 19 10 46 19 8 8 36 4 23 18 42 27 12 9 5 33 7 3 42 8 24 20 48 29 13 12 4 40 12 39 7 34 8 43 37 22 3 11 32 3 41 60 40 85 66 51 40 38 75 44 26 17 47 31 15 8 8 38 8 14 63 58 43 22 28 51 25 47 20 7 22 14 41 20 69 55 46 44 81 50 47 27 32 57 30 11 16 44 15 5 38 12 34 4 41 
2 27 36 30 38 10 31 34 36 13 31 30 32 35 4 28 8 6 2 13 37 2 29 13 42 32 17 4 6 32 2 34 28 34 10 29 28 35 15 25 25 31 31 10 27 37 46 10 39 41 42 8 37 37 39 42 5 36 39 10 32 35 37 12 32 31 33 36 4 30 21 41 50 41 18 47 44 41 46 11 38 12 41 2 50 44 29 7 15 38 11 39 37 12 36 34 34 38 68 31 31 39 58 50 36 43 28 35 10 26 30 39 39 14 35 44 28 9 12 44 13 48 32 40 32 32 32 38 16 30 38 5 32 4 34 4 
31 11 5 4 10 38 0 27 14 43 31 15 5 4 34 4 35 24 30 26 67 29 47 30 73 53 38 28 26 63 32 7 10 4 40 6 24 19 46 28 12 11 2 38 10 6 17 32 7 28 15 36 30 17 9 12 26 5 11 37 1 27 14 42 30 15 6 5 33 4 36 15 39 9 39 41 28 11 19 27 11 37 58 33 80 64 49 35 35 69 38 30 11 41 33 19 4 8 31 8 16 61 61 47 25 33 48 28 40 20 5 16 10 33 14 67 52 40 39 75 44 50 28 35 54 32 13 21 40 16 6 31 5 28 4 34 
32 25 20 20 12 33 17 10 31 40 15 1 22 16 35 19 38 25 31 19 62 28 35 37 69 42 29 31 24 61 32 24 25 14 38 21 8 36 45 15 7 27 19 40 24 21 18 25 19 13 31 32 14 7 23 19 27 19 13 32 17 10 31 39 14 1 22 16 34 19 25 13 24 22 30 24 14 16 16 22 12 30 45 34 74 51 37 30 26 64 33 14 28 37 17 3 19 14 31 16 84 49 45 30 8 17 37 11 41 6 11 33 26 39 30 55 42 37 33 71 40 33 12 18 43 16 3 8 32 0 19 33 21 26 15 35 
41 62 66 62 61 29 61 42 71 31 35 49 65 62 42 61 45 43 42 35 30 39 13 52 37 7 23 44 39 39 41 66 63 61 33 62 40 73 36 34 48 66 63 45 62 67 67 31 66 49 75 31 42 55 69 68 43 65 62 29 62 43 72 31 36 50 66 63 42 62 24 62 49 69 22 43 53 65 64 35 61 27 7 40 34 5 11 32 27 32 28 44 70 28 37 50 65 63 39 61 49 82 36 39 45 47 12 41 42 42 57 74 71 53 70 6 11 33 26 39 30 33 38 40 7 35 52 52 23 48 66 44 64 38 62 41 
61 69 65 65 56 52 62 34 76 58 31 45 67 61 63 64 67 58 61 47 66 57 34 71 73 37 43 62 54 73 60 69 69 59 58 66 38 80 64 36 49 71 64 68 68 66 58 48 63 35 76 53 31 47 68 62 59 65 56 51 62 34 76 57 31 46 67 61 62 64 37 54 27 67 42 22 38 59 53 48 55 47 29 61 70 34 35 52 44 68 51 32 73 53 28 43 65 58 58 61 45 36 13 15 36 31 36 33 66 42 56 78 72 72 75 41 42 58 49 75 57 11 33 26 39 30 48 42 45 45 63 63 66 55 60 62 
52 55 50 51 40 45 47 19 61 52 18 31 53 46 54 50 58 47 52 37 66 48 32 60 73 37 37 52 44 70 52 54 55 44 51 52 24 66 58 24 36 57 50 60 55 50 42 39 48 20 61 46 16 31 53 46 49 49 41 44 48 19 62 51 18 31 53 46 54 50 29 38 12 51 36 6 22 43 38 39 39 41 33 52 73 39 34 44 36 68 45 16 58 47 14 28 50 43 50 47 30 39 15 23 21 15 34 19 58 28 42 63 57 62 61 46 41 51 43 75 52 6 19 11 39 18 33 26 39 30 48 54 52 46 45 54 
38 34 29 29 19 36 26 3 40 43 10 9 31 24 40 28 44 31 37 23 63 33 32 43 70 39 30 37 29 64 37 33 34 22 41 30 7 44 48 13 15 36 28 46 33 29 23 28 26 5 39 35 5 10 31 26 33 28 20 35 26 2 40 42 9 9 31 24 39 28 24 18 15 30 30 15 9 22 19 25 18 32 41 38 73 47 35 34 27 65 36 5 37 39 9 6 28 22 36 25 8 45 36 21 66 8 34 4 46 9 20 42 35 46 39 52 40 41 35 72 43 25 6 9 41 10 11 7 32 9 26 39 30 31 23 40 
46 42 35 37 25 42 33 9 47 49 13 18 38 31 48 36 52 39 45 30 68 41 35 52 75 42 35 45 37 70 45 40 42 29 48 38 15 52 55 19 23 43 36 54 42 36 26 35 32 4 46 42 6 16 38 31 41 35 25 41 33 8 47 48 12 17 38 31 47 36 28 23 7 36 36 8 7 27 22 32 24 38 41 46 77 48 38 40 34 70 42 4 44 45 10 14 35 28 43 33 17 47 31 15 8 53 38 8 53 18 28 49 42 54 47 53 44 48 41 77 49 20 11 6 44 13 19 11 38 17 33 47 38 39 30 48 
30 50 53 50 49 18 49 31 58 22 25 37 52 50 31 48 34 31 30 23 31 27 2 41 38 5 11 32 26 37 29 54 51 48 23 49 29 60 28 22 36 53 50 36 49 54 55 19 54 39 62 20 32 43 57 56 31 53 50 18 49 32 59 22 26 38 53 51 31 49 12 50 41 57 10 36 43 53 53 22 49 15 12 29 39 16 1 20 14 34 17 34 58 18 28 38 52 51 28 48 37 12 36 34 34 38 78 31 32 30 44 62 59 42 58 18 6 23 15 41 22 29 28 31 6 24 40 41 11 36 53 33 51 26 49 30 
37 36 32 32 23 34 29 0 42 41 6 12 34 27 39 31 43 31 36 21 60 32 29 44 67 35 27 36 28 61 37 35 36 25 39 33 6 47 46 10 17 38 31 45 36 32 27 26 30 7 43 33 3 14 34 29 33 31 23 33 29 1 43 40 5 12 34 28 38 31 21 22 15 33 27 13 12 26 23 24 22 29 37 37 70 43 31 32 25 62 34 4 40 37 5 10 31 25 35 28 11 41 33 19 4 8 31 61 44 10 23 45 38 46 42 48 37 39 32 69 41 21 3 7 37 6 14 11 30 11 30 38 33 30 26 39 
8 34 44 38 47 14 40 44 42 10 41 40 40 44 6 37 5 16 9 23 31 12 34 13 35 35 23 11 17 24 8 41 35 43 9 36 38 40 8 35 35 37 40 4 34 46 55 19 48 51 49 13 47 48 48 51 13 44 48 14 41 45 43 10 41 41 41 45 7 38 29 51 60 49 24 56 54 50 55 20 47 18 45 7 45 47 33 14 22 33 15 49 44 14 45 44 43 47 10 40 41 42 66 58 46 53 32 44 98 36 39 45 47 12 41 45 30 8 17 37 11 57 42 50 34 41 42 49 21 40 47 8 40 14 43 6 
28 27 25 23 19 27 21 9 34 34 10 6 25 21 30 22 34 21 27 13 56 23 29 34 62 35 23 27 19 55 28 27 27 19 32 24 4 38 39 8 7 29 23 36 26 25 25 19 24 15 35 26 13 13 28 25 24 24 20 26 21 10 34 33 10 7 26 21 30 23 18 20 25 27 24 24 18 22 23 16 18 24 39 29 67 45 31 25 20 58 27 14 32 30 14 9 24 20 26 20 6 42 42 28 9 18 30 10 36 90 15 36 31 36 33 49 35 32 26 65 34 30 8 17 37 11 10 13 25 6 24 29 25 21 20 30 
31 15 9 9 8 36 5 22 19 42 26 10 10 5 33 8 36 23 30 23 66 28 43 32 71 49 35 28 24 62 31 12 14 4 39 10 19 24 45 24 8 15 7 38 14 10 15 29 9 23 20 34 25 13 12 12 26 8 9 35 6 22 19 41 26 10 11 6 32 8 32 12 34 12 36 36 24 10 17 25 8 34 54 33 78 60 45 33 32 68 36 25 16 39 28 14 8 7 30 5 11 57 56 42 20 28 44 23 39 15 61 21 15 34 19 63 49 39 36 74 42 45 23 30 51 27 8 17 37 11 9 31 10 26 5 34 
39 12 13 13 24 48 16 44 3 52 47 32 10 18 40 14 40 33 38 39 76 38 61 32 81 67 51 35 36 69 39 9 11 19 49 12 40 7 53 44 29 8 13 42 12 14 28 44 17 45 5 46 47 33 13 21 34 14 25 48 15 44 2 51 47 32 10 18 39 13 50 28 55 15 52 57 44 24 32 39 25 48 73 41 90 78 63 45 47 78 49 47 5 51 50 35 14 22 39 16 33 74 78 63 42 49 62 45 45 36 21 17 8 34 4 80 64 49 50 82 53 66 45 52 67 48 30 38 52 33 17 37 11 37 19 41 
39 13 6 9 17 48 10 37 9 52 42 26 7 10 41 11 42 32 38 36 76 37 58 35 81 64 49 36 35 71 40 5 12 12 49 10 34 15 54 39 23 10 8 44 13 6 20 42 9 37 4 46 40 25 4 13 34 7 17 47 9 37 8 51 41 25 6 10 40 10 47 20 48 7 50 50 36 15 24 37 17 47 69 41 90 75 59 44 45 78 48 40 4 51 43 28 7 14 39 10 26 71 72 57 35 42 59 38 47 31 15 8 34 38 8 77 62 49 49 83 53 60 39 45 65 42 23 30 50 27 8 38 7 37 11 42 
11 24 37 30 42 23 33 45 31 22 44 38 32 37 10 29 8 15 11 25 44 15 42 2 47 45 31 10 18 35 12 32 26 37 20 28 39 29 21 38 32 27 32 8 24 38 50 24 41 51 39 21 49 45 39 45 13 37 43 23 34 46 32 22 44 39 33 38 10 30 35 47 61 41 32 59 53 44 51 24 42 26 55 12 57 58 43 21 29 45 24 50 34 24 48 43 35 41 14 33 39 53 72 62 46 54 42 46 12 36 34 34 38 74 31 56 41 20 26 49 23 62 44 52 45 44 39 47 30 38 39 8 32 17 37 11 
35 8 12 10 23 44 13 41 0 48 44 29 8 16 36 10 36 29 34 35 72 34 57 29 77 63 47 31 32 65 35 6 7 17 45 9 37 6 49 41 25 4 11 38 8 13 28 40 17 42 7 42 44 31 12 21 30 13 23 43 13 41 1 47 44 29 8 16 35 10 47 27 53 15 48 55 42 23 31 35 24 44 69 37 86 74 59 41 43 74 45 44 4 47 47 33 12 20 35 14 30 70 75 61 39 47 58 42 41 33 19 4 8 31 23 76 60 45 46 78 49 63 42 49 63 45 27 35 48 30 16 33 8 33 17 37 
45 68 72 68 68 33 67 48 77 34 42 55 71 69 45 67 48 48 46 41 28 44 20 56 34 13 29 48 44 38 45 72 69 67 36 68 47 78 38 40 54 71 69 49 67 73 74 36 72 55 81 35 49 61 75 74 48 71 69 34 68 49 77 34 43 56 71 69 46 67 30 69 56 76 27 49 60 71 71 40 67 32 12 44 29 7 18 36 32 30 32 50 76 32 44 56 71 69 44 67 55 6 41 46 52 53 18 48 45 49 63 80 77 56 76 72 15 36 31 36 33 39 45 47 12 41 59 59 28 55 72 48 70 43 68 45 
30 52 57 53 54 17 52 37 61 19 31 42 55 54 30 51 33 32 30 26 24 28 9 41 32 5 13 33 28 31 29 57 53 53 21 52 34 62 24 27 40 56 53 34 52 58 61 20 58 45 66 20 39 49 61 60 32 57 55 18 53 38 62 19 32 43 56 55 30 52 17 55 48 61 12 42 49 57 58 25 53 16 15 28 33 16 7 20 17 27 17 40 61 16 34 44 56 55 28 52 42 11 42 41 40 44 6 37 30 35 49 64 62 41 60 15 79 21 15 34 19 36 34 38 4 31 45 47 12 41 58 33 55 27 54 29 
10 37 45 39 46 6 40 39 45 3 34 37 42 44 9 38 12 16 11 18 27 11 25 20 32 26 15 13 14 23 9 43 38 43 0 38 33 44 7 29 32 40 41 12 36 46 54 12 48 46 51 5 42 45 49 51 14 45 47 6 41 40 46 2 35 38 43 45 10 39 21 49 54 50 15 50 50 49 53 15 46 10 36 8 41 38 24 7 14 29 6 43 46 5 39 41 44 46 9 40 37 33 58 51 41 48 23 39 8 32 39 49 49 20 45 36 21 91 8 34 4 49 36 43 25 35 39 45 13 37 47 12 41 12 43 8 
14 38 44 39 43 2 39 32 46 9 27 32 42 42 15 38 19 17 15 13 29 12 17 25 35 19 6 17 13 29 14 43 39 40 8 38 27 47 15 22 29 41 40 20 37 45 50 7 46 40 52 4 35 40 48 49 16 44 44 2 40 33 47 8 28 33 43 43 15 39 13 46 46 48 7 42 44 46 49 11 43 2 28 13 41 31 17 5 7 31 2 36 47 4 32 35 43 44 12 39 33 26 49 43 35 41 15 32 17 26 36 50 49 26 46 31 15 8 94 38 8 40 29 36 19 27 35 39 4 32 45 17 41 12 41 14 
44 71 80 74 81 37 75 69 79 31 64 70 76 78 42 73 42 51 45 51 9 46 43 50 2 38 42 47 49 13 43 78 72 77 34 73 65 77 29 59 67 74 76 40 70 81 88 45 83 77 86 39 71 78 84 86 49 80 82 38 76 70 80 32 65 71 77 80 43 74 48 84 82 85 41 77 81 84 87 49 80 40 46 42 12 43 41 40 44 7 37 73 80 34 67 74 79 81 44 75 71 39 75 75 72 77 41 69 37 65 74 82 83 49 78 36 34 34 38 25 31 70 66 72 36 64 73 77 39 70 82 45 76 47 78 41 
14 41 49 43 49 7 44 41 49 0 36 40 46 47 13 42 15 20 15 21 23 15 23 23 29 24 15 17 18 20 13 47 42 46 3 42 35 49 6 30 35 44 45 15 40 50 57 14 51 48 55 7 43 47 52 54 18 49 50 8 45 42 50 1 37 41 47 48 14 43 22 52 55 53 15 51 52 53 56 18 49 11 34 12 37 35 23 9 15 25 7 45 50 4 40 43 47 50 13 44 40 30 57 52 43 49 22 41 11 34 42 53 53 23 49 33 19 4 8 31 83 49 38 45 23 36 42 47 12 39 50 16 45 16 47 12 
51 57 54 53 44 43 50 22 64 49 19 34 55 49 53 52 57 47 50 36 61 47 27 60 68 32 34 51 43 66 50 57 58 47 49 54 26 68 55 24 38 59 53 59 57 54 47 38 52 24 65 44 20 35 56 51 49 53 45 42 51 23 64 48 19 34 56 50 52 53 27 43 19 55 33 12 27 47 43 38 44 38 27 51 67 33 29 43 34 63 42 20 61 44 16 32 53 47 48 50 33 33 11 6 25 20 29 21 57 30 45 66 60 62 63 39 36 49 40 70 49 31 21 15 34 19 36 31 36 33 52 53 55 45 48 52 
34 36 32 32 24 31 29 3 42 38 3 12 34 28 37 31 40 29 34 19 57 30 26 42 64 32 24 34 25 58 34 36 36 26 36 33 4 47 43 7 16 38 31 43 35 33 29 23 31 11 43 30 5 16 35 31 31 32 25 30 29 4 43 37 2 13 34 28 36 31 17 24 17 34 24 15 15 27 26 21 24 26 34 35 67 41 28 29 22 59 30 7 40 34 5 11 32 27 32 28 12 38 33 19 6 11 28 3 42 8 23 45 39 44 42 45 34 36 29 66 38 21 73 8 34 4 15 13 26 12 31 36 33 28 27 36 
43 43 38 39 29 38 36 7 49 45 9 19 41 34 45 38 49 37 42 27 62 38 29 50 69 35 30 42 34 65 42 42 43 32 44 40 13 54 51 15 24 45 38 51 43 39 32 31 36 9 49 38 4 20 41 35 39 38 29 37 36 7 50 44 8 19 41 34 44 38 23 27 10 40 30 7 13 32 27 29 28 33 35 43 71 41 31 36 29 65 38 5 46 40 4 16 38 32 40 35 18 40 26 11 9 6 31 7 50 17 30 52 45 52 49 47 38 43 36 72 45 15 8 62 38 8 21 15 33 18 36 44 40 36 33 44 
34 55 60 55 56 21 55 38 64 23 31 43 58 56 34 54 37 36 34 28 26 32 8 44 34 2 16 36 31 34 33 60 56 55 25 55 35 65 28 29 42 59 56 38 55 60 62 23 60 45 68 23 39 50 63 62 35 59 57 22 56 39 65 23 32 44 59 57 34 55 18 57 47 63 15 41 49 59 60 27 55 19 11 32 33 12 6 24 19 29 20 40 64 20 34 45 58 57 32 54 43 7 39 39 41 44 6 37 34 37 51 67 65 45 63 12 4 25 19 36 23 34 34 38 72 31 47 48 15 43 60 36 57 31 56 33 
34 38 36 35 28 29 32 7 45 36 0 16 37 32 36 34 40 29 34 19 54 30 22 42 61 29 22 34 26 56 34 39 39 30 35 36 7 49 42 6 19 41 34 42 38 37 33 22 35 14 47 29 7 20 39 35 31 35 29 28 33 8 46 35 1 17 37 32 36 34 15 28 19 38 22 15 18 31 30 21 27 25 30 34 64 37 24 28 20 57 29 9 43 32 4 15 35 30 32 32 16 35 30 18 10 13 24 6 41 11 27 48 42 44 45 41 31 35 27 64 36 19 4 8 31 67 19 17 24 15 35 36 36 28 31 36 
34 23 17 18 9 36 14 14 28 42 19 3 19 12 36 17 39 26 33 21 65 30 39 37 71 45 32 32 25 63 34 21 23 10 40 19 12 33 47 18 7 24 16 42 23 17 15 28 15 14 28 34 16 5 20 15 29 16 10 34 14 13 28 41 18 2 19 13 35 17 28 10 25 19 33 27 15 12 13 24 8 33 49 35 77 55 41 33 29 67 36 16 25 39 20 5 16 11 32 13 3 52 48 33 11 19 40 14 42 10 8 30 23 39 27 59 45 39 35 73 42 36 15 21 47 19 43 8 34 4 15 34 19 28 12 36 
40 32 24 26 13 40 22 10 36 47 17 9 27 19 43 25 46 33 39 26 68 36 39 45 75 46 35 39 32 68 40 29 31 18 45 27 12 41 52 19 15 32 24 49 31 24 16 32 21 7 35 39 11 4 26 20 36 23 14 39 22 9 36 46 16 8 27 19 42 25 30 11 17 24 36 20 7 16 12 29 13 37 48 41 79 54 41 38 33 71 40 10 32 43 16 4 23 16 38 21 8 52 42 26 7 11 41 11 49 13 17 38 30 47 35 59 47 45 39 77 47 31 13 15 48 17 8 31 38 8 21 41 26 34 19 43 
18 40 45 40 43 7 40 30 48 13 24 31 43 42 19 39 23 20 19 14 30 16 12 29 37 15 2 21 15 32 18 44 41 41 13 40 25 49 19 19 29 43 41 24 39 46 50 8 46 37 53 8 32 39 49 49 20 45 44 7 41 31 49 12 25 32 44 43 19 40 9 45 43 49 2 38 41 46 48 12 42 3 24 17 42 28 12 8 5 33 6 33 48 8 28 34 44 44 16 40 32 23 45 39 32 38 11 30 21 25 37 52 50 30 48 28 12 13 4 39 12 36 26 33 15 24 34 38 69 31 46 21 42 15 42 19 
32 25 20 20 13 33 17 11 31 39 15 0 22 16 34 19 37 24 31 18 61 27 35 36 68 41 29 30 23 60 32 24 25 14 37 21 8 35 44 14 6 26 19 40 24 21 19 25 19 13 31 32 14 7 23 19 27 20 14 31 17 10 31 38 14 1 22 16 33 19 24 14 24 22 30 25 15 16 17 21 12 29 45 33 73 51 37 30 26 64 33 14 28 36 16 4 19 15 30 16 0 48 45 30 9 17 36 11 40 6 11 33 27 38 30 55 41 37 32 70 39 33 12 18 43 15 4 8 31 38 19 32 21 26 15 34 
38 16 3 9 8 45 6 29 16 50 34 18 9 3 41 10 42 31 37 32 74 36 52 37 80 58 44 35 32 70 39 9 15 5 47 11 27 22 53 33 17 15 7 45 16 3 12 38 1 28 13 43 32 17 4 5 33 3 8 44 5 29 16 49 33 17 8 2 40 9 41 11 39 3 45 42 27 7 15 33 8 43 63 40 87 69 54 41 41 76 45 31 12 48 35 20 4 5 38 6 19 66 63 48 26 33 53 30 47 24 9 17 8 39 16 72 58 47 45 82 50 52 31 36 60 35 15 21 46 19 17 38 8 34 4 41 
2 25 36 29 39 15 31 38 33 16 36 32 31 35 3 28 5 8 2 17 39 6 34 8 43 37 22 2 10 32 3 32 26 34 13 27 32 32 16 30 27 29 31 7 25 37 47 15 39 44 40 13 41 40 39 43 5 35 40 14 32 39 34 15 36 33 32 36 2 29 27 43 54 40 23 51 47 41 47 15 39 17 46 4 53 49 34 12 20 41 15 43 35 16 40 37 34 38 5 31 33 44 63 54 39 47 33 38 8 29 31 37 38 8 33 48 33 12 17 45 16 53 36 44 36 36 34 41 21 32 38 69 31 8 35 4 
32 7 5 2 15 40 4 32 9 45 36 21 0 8 34 3 35 25 31 29 69 30 51 29 74 56 41 29 28 64 32 2 6 9 42 3 29 14 47 33 17 6 2 38 7 6 20 34 9 33 11 38 35 22 7 14 27 5 15 39 4 32 9 44 35 20 1 8 33 2 40 19 44 9 42 46 33 15 23 30 15 39 62 34 82 68 52 37 38 71 41 35 6 43 38 24 4 12 32 5 21 64 66 52 30 38 51 33 40 25 10 11 7 32 8 70 55 41 41 76 45 55 33 40 57 36 19 26 42 21 8 31 8 29 8 34 
6 25 33 27 34 11 28 30 34 15 27 25 30 31 9 26 12 4 6 9 39 2 27 15 45 31 15 6 2 35 6 31 26 30 12 26 24 34 19 21 20 29 29 15 25 34 42 8 35 37 40 9 33 33 36 39 4 33 35 10 29 31 35 14 28 26 31 32 8 27 19 37 45 37 16 43 40 37 41 7 34 11 39 7 52 43 27 7 12 41 11 34 35 14 32 30 31 34 4 28 26 38 55 46 31 39 26 30 14 21 26 37 37 17 33 43 27 12 12 47 16 45 28 36 31 28 28 34 15 26 34 8 29 76 31 8 
35 15 5 8 6 41 4 26 17 46 30 14 9 0 38 9 39 27 34 28 70 32 48 35 76 54 40 32 29 67 35 10 14 1 44 10 23 23 50 29 13 15 6 42 15 5 12 34 4 26 16 39 28 14 8 7 30 4 7 40 4 25 17 45 30 14 8 1 36 8 37 11 36 7 41 39 25 7 15 29 7 39 59 37 83 65 50 37 37 72 41 28 13 44 32 16 4 4 34 4 15 62 60 45 23 30 49 26 43 20 5 19 11 37 17 68 54 43 41 78 47 48 27 33 56 31 12 19 42 15 4 35 8 31 17 38 
2 29 39 33 41 12 34 39 37 12 36 34 35 38 0 31 4 10 3 17 35 6 31 11 39 34 20 5 11 29 2 36 30 37 9 31 33 36 12 29 29 32 34 6 29 40 49 14 42 45 44 10 42 42 42 46 7 39 43 11 35 39 38 11 36 35 36 39 1 32 25 45 54 44 21 51 48 44 49 15 41 15 43 1 49 46 31 10 18 37 12 43 39 13 40 38 37 41 4 34 35 41 62 54 40 48 30 39 6 30 34 41 42 11 37 45 29 8 14 41 12 52 36 44 33 36 36 43 19 34 41 4 34 8 38 62 
