66 12
23 16 5 11 10 1 8 6 15 2 1 3 18 9 13 9 0 1 13 7 3 17 1 11 4 17 11 1 8 18 6 3 15 7 11 20 20 6 10 0 15 11 18 13 13 15 5 2 9 19 0 10 4 19 4 5 19 20 9 12 18 15 15 19 6 3 
16 36 18 20 7 5 10 11 15 0 12 9 10 9 14 13 4 7 1 8 11 18 1 6 7 6 16 13 9 9 5 17 9 17 14 2 3 14 0 19 16 7 3 7 14 12 9 20 16 4 7 18 3 4 18 8 20 0 16 17 20 13 10 10 17 13 
5 18 50 8 14 6 19 9 1 6 16 8 4 1 17 11 0 7 4 10 2 20 11 18 2 4 8 8 14 18 5 14 14 4 1 9 18 5 9 10 15 11 19 17 12 16 10 0 14 2 8 14 17 1 19 5 20 6 8 14 17 5 18 20 16 9 
11 20 8 20 4 18 9 1 12 6 11 2 0 14 17 20 11 1 8 20 5 9 0 2 8 8 11 19 6 17 9 6 6 16 4 12 12 12 16 12 8 6 15 3 11 6 10 18 20 15 19 9 10 11 18 3 0 11 10 12 10 2 19 20 4 3 
10 7 14 4 39 2 1 19 19 4 7 16 1 11 20 12 8 9 13 8 7 5 16 19 5 16 1 19 19 2 4 0 2 3 4 2 15 5 5 1 13 17 9 6 17 3 3 20 20 0 10 4 19 11 17 3 20 11 8 17 8 1 19 2 13 13 
1 5 6 18 2 5 5 18 7 5 1 14 18 14 2 7 18 7 15 17 16 14 16 14 9 11 0 16 2 14 3 17 14 9 14 1 14 7 20 13 15 15 19 17 0 13 6 19 9 20 10 3 16 3 16 13 3 4 13 10 8 12 15 6 16 3 
8 10 19 9 1 5 37 20 9 9 14 7 17 5 4 0 0 13 16 16 4 10 20 10 20 13 20 11 3 15 16 0 3 2 10 6 4 1 6 4 19 1 6 16 17 9 4 1 6 9 1 12 0 12 15 20 13 7 19 0 0 4 0 0 18 5 
6 11 9 1 19 18 20 72 12 13 7 16 2 12 3 19 5 11 1 5 1 18 7 10 0 8 1 6 0 10 6 3 17 4 0 18 16 0 4 20 13 18 2 15 16 8 12 9 14 18 5 4 19 2 16 19 18 20 10 16 3 11 14 3 5 13 
15 15 1 12 19 7 9 12 24 20 15 4 19 14 17 19 8 4 9 20 10 19 19 15 4 4 17 12 12 9 11 0 7 11 17 1 2 16 20 11 6 10 20 3 11 15 14 19 9 2 15 5 11 17 4 0 0 5 4 13 3 8 19 7 3 12 
2 0 6 6 4 5 9 13 20 71 4 12 8 8 14 6 20 19 10 12 4 3 13 17 6 18 1 12 4 19 10 19 16 18 9 19 19 6 15 4 2 12 17 8 4 4 16 19 13 3 0 3 11 14 4 5 18 18 4 5 12 14 3 18 14 3 
1 12 16 11 7 1 14 7 15 4 44 4 16 13 14 7 19 14 3 12 10 4 13 1 12 8 14 15 2 12 20 18 17 18 4 20 15 5 12 19 17 18 8 16 16 17 17 17 10 0 3 5 12 20 6 16 20 1 13 6 13 6 19 9 10 18 
3 9 8 2 16 14 7 16 4 12 4 49 6 10 3 10 13 19 2 10 8 2 14 4 9 8 5 19 9 19 13 12 14 20 0 19 1 10 17 7 12 3 2 17 4 1 11 19 0 7 20 19 5 15 7 8 0 13 1 3 18 15 14 3 0 14 
18 10 4 0 1 18 17 2 19 8 16 6 65 6 17 7 17 5 0 17 4 2 20 9 20 7 3 2 3 10 8 13 13 16 6 1 6 14 8 0 13 7 5 2 8 9 15 3 1 6 4 7 0 4 2 10 7 20 2 15 3 6 17 19 15 0 
9 9 1 14 11 14 5 12 14 8 13 10 6 8 18 19 11 16 14 7 0 7 10 16 17 6 12 10 1 1 0 4 12 10 5 10 10 19 15 11 7 20 10 0 2 13 20 19 18 3 8 9 4 2 2 1 6 9 5 18 1 2 9 4 17 20 
13 14 17 17 20 2 4 3 17 14 14 3 17 18 32 0 1 18 4 5 9 1 7 6 15 6 2 2 10 18 6 5 5 19 0 5 6 8 15 11 12 19 10 14 15 11 8 15 12 17 15 13 1 15 4 9 20 18 2 17 16 0 17 20 9 5 
9 13 11 20 12 7 0 19 19 6 7 10 7 19 0 42 11 11 8 1 16 0 17 20 11 0 11 6 16 11 10 7 14 12 5 5 10 17 17 5 16 5 10 7 9 2 11 16 16 0 2 0 5 8 8 2 6 20 16 0 10 14 14 3 11 15 
0 4 0 11 8 18 0 5 8 20 19 13 17 11 1 11 19 7 19 7 16 10 19 3 7 7 16 13 17 20 9 19 18 3 3 9 11 16 10 17 8 19 13 0 3 15 12 4 14 4 19 14 6 5 10 9 9 5 6 1 0 9 6 7 19 3 
1 7 7 1 9 7 13 11 4 19 14 19 5 16 18 11 7 34 19 2 20 3 4 1 6 14 5 12 19 1 3 7 20 2 9 11 17 12 18 8 14 2 15 2 19 5 14 16 7 7 18 7 2 20 19 2 17 19 15 14 4 4 13 9 3 9 
13 1 4 8 13 15 16 1 9 10 3 2 0 14 4 8 19 19 49 8 1 1 7 7 1 6 0 9 2 3 17 0 6 16 8 19 20 20 1 0 14 17 19 16 16 8 16 11 15 6 12 4 8 19 7 5 2 17 20 4 11 11 19 2 5 2 
7 8 10 20 8 17 16 5 20 12 12 10 17 7 5 1 7 2 8 79 8 18 20 8 4 6 9 16 14 3 10 7 20 15 20 8 9 7 3 11 9 0 14 15 11 4 5 5 4 12 9 1 16 3 2 3 15 0 3 2 8 19 8 4 18 13 
3 11 2 5 7 16 4 1 10 4 10 8 4 0 9 16 16 20 1 8 77 11 11 20 0 18 9 14 6 20 2 16 9 19 7 7 1 1 17 11 9 20 17 12 20 6 6 7 2 15 17 9 9 0 3 18 15 18 6 9 5 16 13 17 13 6 
17 18 20 9 5 14 10 18 19 3 4 2 2 7 1 0 10 3 1 18 11 7 18 17 10 10 8 16 17 5 3 16 5 13 11 11 16 17 14 18 14 6 19 8 3 2 10 15 14 12 16 20 10 17 20 19 1 17 4 9 1 11 10 7 17 20 
1 1 11 0 16 16 20 7 19 13 13 14 20 10 7 17 19 4 7 20 11 18 12 4 17 8 5 15 14 20 7 19 20 2 20 0 8 0 2 2 17 19 18 4 15 15 16 19 5 8 11 20 14 20 10 16 9 12 19 13 17 7 17 9 11 10 
11 6 18 2 19 14 10 10 15 17 1 4 9 16 6 20 3 1 7 8 20 17 4 90 19 6 6 3 11 18 9 11 13 11 17 11 5 12 11 9 6 17 15 9 16 7 17 15 19 0 8 15 0 3 19 2 2 7 4 4 3 11 10 2 12 16 
4 7 2 8 5 9 20 0 4 6 12 9 20 17 15 11 7 6 1 4 0 10 17 19 76 4 5 4 13 20 12 3 18 11 15 18 7 13 18 6 0 16 13 1 11 1 6 18 6 8 5 3 3 15 0 5 7 12 18 0 15 4 0 0 2 1 
17 6 4 8 16 11 13 8 4 18 8 8 7 6 6 0 7 14 6 6 18 10 8 6 4 45 9 19 18 17 14 6 18 6 18 10 11 14 8 19 19 5 0 18 7 1 10 3 15 14 5 1 6 4 15 5 10 16 7 2 11 15 5 10 16 6 
11 16 8 11 1 0 20 1 17 1 14 5 3 12 2 11 16 5 0 9 9 8 5 6 5 9 66 6 4 12 10 7 1 15 13 11 14 12 14 11 18 6 1 18 8 11 20 14 8 12 15 10 16 9 7 5 16 0 11 17 4 4 13 2 20 4 
1 13 8 19 19 16 11 6 12 12 15 19 2 10 2 6 13 12 9 16 14 16 15 3 4 19 6 19 19 1 2 1 17 17 1 14 9 8 13 1 10 19 12 12 12 13 0 14 8 17 7 13 3 15 19 13 14 7 20 9 5 5 10 3 18 13 
8 9 14 6 19 2 3 0 12 4 2 9 3 1 10 16 17 19 2 14 6 17 14 11 13 18 4 19 89 16 7 18 7 1 8 4 13 8 1 6 17 7 14 16 7 5 7 15 6 7 0 18 1 5 2 15 10 19 12 15 6 3 11 14 4 13 
18 9 18 17 2 14 15 10 9 19 12 19 10 1 18 11 20 1 3 3 20 5 20 18 20 17 12 1 16 46 14 18 2 17 12 11 17 14 20 11 0 20 4 20 14 10 10 11 17 9 0 14 12 8 7 7 9 9 19 19 11 11 18 11 15 13 
6 5 5 9 4 3 16 6 11 10 20 13 8 0 6 10 9 3 17 10 2 3 7 9 12 14 10 2 7 14 57 14 13 18 19 7 7 17 0 12 18 13 0 2 5 8 10 4 9 19 4 20 19 12 20 19 9 13 11 6 9 7 1 3 18 8 
3 17 14 6 0 17 0 3 0 19 18 12 13 4 5 7 19 7 0 7 16 16 19 11 3 6 7 1 18 18 14 87 20 12 9 8 3 1 9 12 20 5 10 4 11 14 16 14 8 11 4 1 0 2 18 5 2 18 3 5 2 0 19 8 9 15 
15 9 14 6 2 14 3 17 7 16 17 14 13 12 5 14 18 20 6 20 9 5 20 13 18 18 1 17 7 2 13 20 5 15 3 12 14 20 6 2 9 10 4 15 3 14 13 20 11 10 16 12 1 7 3 14 0 4 5 8 6 6 7 18 5 6 
7 17 4 16 3 9 2 4 11 18 18 20 16 10 19 12 3 2 16 15 19 13 2 11 11 6 15 17 1 17 18 12 15 96 6 19 15 9 19 18 1 14 0 0 15 1 16 2 6 9 19 3 6 8 17 6 20 18 13 16 6 13 0 13 9 3 
11 14 1 4 4 14 10 0 17 9 4 0 6 5 0 5 3 9 8 20 7 11 20 17 15 18 13 1 8 12 19 9 3 6 57 12 1 12 10 5 17 9 19 2 0 11 13 7 20 20 20 16 11 3 6 6 15 9 8 17 2 5 0 16 0 0 
20 2 9 12 2 1 6 18 1 19 20 19 1 10 5 5 9 11 19 8 7 11 0 11 18 10 11 14 4 11 7 8 12 19 12 60 19 4 4 7 19 16 12 18 20 12 4 17 8 2 14 10 17 4 11 8 6 4 4 5 18 8 11 9 15 15 
20 3 18 12 15 14 4 16 2 19 15 1 6 10 6 10 11 17 20 9 1 16 8 5 7 11 14 9 13 17 7 3 14 15 1 19 67 18 3 17 20 3 6 20 1 15 8 14 12 2 13 20 0 5 13 16 4 10 19 13 6 20 1 3 6 10 
6 14 5 12 5 7 1 0 16 6 5 10 14 19 8 17 16 12 20 7 1 17 0 12 13 14 12 8 8 14 17 1 20 9 12 4 18 27 2 10 8 11 1 2 3 3 11 9 3 9 6 20 15 10 9 9 14 19 4 11 5 5 10 15 9 2 
10 0 9 16 5 20 6 4 20 15 12 17 8 15 15 17 10 18 1 3 17 14 2 11 18 8 14 13 1 20 0 9 6 19 10 4 3 2 82 20 12 9 0 13 3 5 8 15 18 8 1 9 18 10 5 7 16 13 19 9 5 15 0 17 1 5 
0 19 10 12 1 13 4 20 11 4 19 7 0 11 11 5 17 8 0 11 11 18 2 9 6 19 11 1 6 11 12 12 2 18 5 7 17 10 20 24 18 16 2 20 15 10 13 16 9 17 1 8 9 1 20 13 9 5 20 3 2 4 14 17 19 9 
15 16 15 8 13 15 19 13 6 2 17 12 13 7 12 16 8 14 14 9 9 14 17 6 0 19 18 10 17 0 18 20 9 1 17 19 20 8 12 18 70 6 4 11 15 17 13 20 20 15 4 20 2 9 6 15 17 4 17 17 7 5 3 12 10 13 
11 7 11 6 17 15 1 18 10 12 18 3 7 20 19 5 19 2 17 0 20 6 19 17 16 5 6 19 7 20 13 5 10 14 9 16 3 11 9 16 6 30 17 1 14 10 4 13 5 18 3 6 0 2 15 2 1 4 19 7 18 20 3 0 11 12 
18 3 19 15 9 19 6 2 20 17 8 2 5 10 10 10 13 15 19 14 17 19 18 15 13 0 1 12 14 4 0 10 4 0 19 12 6 1 0 2 4 17 66 3 4 10 20 5 9 4 20 17 5 3 10 19 13 20 18 13 9 15 1 8 13 12 
13 7 17 3 6 17 16 15 3 8 16 17 2 0 14 7 0 2 16 15 12 8 4 9 1 18 18 12 16 20 2 4 15 0 2 18 20 2 13 20 11 1 3 83 17 0 17 9 12 7 17 1 16 0 11 16 14 18 12 1 15 2 13 12 15 19 
13 14 12 11 17 0 17 16 11 4 16 4 8 2 15 9 3 19 16 11 20 3 15 16 11 7 8 12 7 14 5 11 3 15 0 20 1 3 3 15 15 14 4 17 45 10 5 12 7 9 17 0 14 2 7 18 9 7 12 19 14 16 16 10 20 2 
15 12 16 6 3 13 9 8 15 4 17 1 9 13 11 2 15 5 8 4 6 2 15 7 1 1 11 13 5 10 8 14 14 1 11 12 15 3 5 10 17 10 10 0 10 0 13 14 8 3 16 1 1 12 10 12 1 13 19 8 17 17 0 4 9 7 
5 9 10 10 3 6 4 12 14 16 17 11 15 20 8 11 12 14 16 5 6 10 16 17 6 10 20 0 7 10 10 16 13 16 13 4 8 11 8 13 13 4 20 17 5 13 73 12 3 9 20 11 14 16 1 20 12 18 5 3 5 14 13 3 9 0 
2 20 0 18 20 19 1 9 19 19 17 19 3 19 15 16 4 16 11 5 7 15 19 15 18 3 14 14 15 11 4 14 20 2 7 17 14 9 15 16 20 13 5 9 12 14 12 10 10 16 1 9 18 8 15 19 0 17 12 1 19 20 0 8 14 7 
9 16 14 20 20 9 6 14 9 13 10 0 1 18 12 16 14 7 15 4 2 14 5 19 6 15 8 8 6 17 9 8 11 6 20 8 12 3 18 9 20 5 9 12 7 8 3 10 95 1 9 17 13 7 9 19 15 4 20 3 15 5 9 3 17 17 
19 4 2 15 0 20 9 18 2 3 0 7 6 3 17 0 4 7 6 12 15 12 8 0 8 14 12 17 7 9 19 11 10 9 20 2 2 9 8 17 15 18 4 7 9 3 9 16 1 40 18 3 4 2 20 2 20 9 8 6 4 15 3 19 6 20 
0 7 8 19 10 10 1 5 15 0 3 20 4 8 15 2 19 18 12 9 17 16 11 8 5 5 15 7 0 0 4 4 16 19 20 14 13 6 1 1 4 3 20 17 17 16 20 1 9 18 48 16 2 17 3 3 14 3 4 4 17 1 18 2 18 20 
10 18 14 9 4 3 12 4 5 3 5 19 7 9 13 0 14 7 4 1 9 20 20 15 3 1 10 13 18 14 20 1 12 3 16 10 20 20 9 8 20 6 17 1 0 1 11 9 17 3 16 42 2 7 12 20 10 12 4 13 18 12 6 9 15 16 
4 3 17 10 19 16 0 19 11 11 12 5 0 4 1 5 6 2 8 16 9 10 14 0 3 6 16 3 1 12 19 0 1 6 11 17 0 15 18 9 2 0 5 16 14 1 14 18 13 4 2 2 66 15 6 15 10 10 12 6 14 2 10 5 7 6 
19 4 1 11 11 3 12 2 17 14 20 15 4 2 15 8 5 20 19 3 0 17 20 3 15 4 9 15 5 8 12 2 7 8 3 4 5 10 10 1 9 2 3 0 2 12 16 8 7 2 17 7 15 42 3 14 2 18 2 4 10 10 19 4 14 18 
4 18 19 18 17 16 15 16 4 4 6 7 2 2 4 8 10 19 7 2 3 20 10 19 0 15 7 19 2 7 20 18 3 17 6 11 13 9 5 20 6 15 10 11 7 10 1 15 9 20 3 12 6 3 86 3 6 13 10 20 8 2 9 13 8 17 
5 8 5 3 3 13 20 19 0 5 16 8 10 1 9 2 9 2 5 3 18 19 16 2 5 5 5 13 15 7 19 5 14 6 6 8 16 9 7 13 15 2 19 16 18 12 20 19 19 2 3 20 15 14 3 7 7 2 18 10 1 11 16 13 7 11 
19 20 20 0 20 3 13 18 0 18 20 0 7 6 20 6 9 17 2 15 15 1 9 2 7 10 16 14 10 9 9 2 0 20 15 6 4 14 16 9 17 1 13 14 9 1 12 0 15 20 14 10 10 2 6 7 62 2 6 4 5 1 8 12 11 9 
20 0 6 11 11 4 7 20 5 18 1 13 20 9 18 20 5 19 17 0 18 17 12 7 12 16 0 7 19 9 13 18 4 18 9 4 10 19 13 5 4 4 20 18 7 13 18 17 4 9 3 12 10 18 13 2 2 63 0 19 10 4 17 8 8 9 
9 16 8 10 8 13 19 10 4 4 13 1 2 5 2 16 6 15 20 3 6 4 19 4 18 7 11 20 12 19 11 3 5 13 8 4 19 4 19 20 17 19 18 12 12 19 5 12 20 8 4 4 12 2 10 18 6 0 15 9 6 7 9 2 20 7 
12 17 14 12 17 10 0 16 13 5 6 3 15 18 17 0 1 14 4 2 9 9 13 4 0 2 17 9 15 19 6 5 8 16 17 5 13 11 9 3 17 7 13 1 19 8 3 1 3 6 4 13 6 4 20 10 4 19 9 45 18 8 9 20 19 5 
18 20 17 10 8 8 0 3 3 12 13 18 3 1 16 10 0 4 11 8 5 1 17 3 15 11 4 5 6 11 9 2 6 6 2 18 6 5 5 2 7 18 9 15 14 17 5 19 15 4 17 18 14 10 8 1 5 10 6 18 21 5 18 3 3 18 
15 13 5 2 1 12 4 11 8 14 6 15 6 2 0 14 9 4 11 19 16 11 7 11 4 15 4 5 3 11 7 0 6 13 5 8 20 5 15 4 5 20 15 2 16 17 14 20 5 15 1 12 2 10 2 11 1 4 7 8 5 53 13 0 16 3 
15 10 18 19 19 15 0 14 19 3 19 14 17 9 17 14 6 13 19 8 13 10 17 10 0 5 13 10 11 18 1 19 7 0 0 11 1 10 0 14 3 3 1 13 16 0 13 0 9 3 18 6 10 19 9 16 8 17 9 9 18 13 34 1 9 5 
19 10 20 20 2 6 0 3 7 18 9 3 19 4 20 3 7 9 2 4 17 7 9 2 0 10 2 3 14 11 3 8 18 13 16 9 3 15 17 17 12 0 8 12 10 4 3 8 3 19 2 9 5 4 13 13 12 8 2 20 3 0 1 90 5 18 
6 17 16 4 13 16 18 5 3 14 10 0 15 17 9 11 19 3 5 18 13 17 11 12 2 16 20 18 4 15 18 9 5 9 0 15 6 9 1 19 10 11 13 15 20 9 9 14 17 6 18 15 7 14 8 7 11 8 20 19 3 16 9 5 0 6 
3 13 9 3 13 3 5 13 12 3 18 14 0 20 5 15 3 9 2 13 6 20 10 16 1 6 4 13 13 13 8 15 6 3 0 15 10 2 5 9 13 12 12 19 2 7 0 7 17 20 20 16 6 18 17 11 9 9 7 5 18 3 5 18 6 40 
