55 11
61 14 7 4 3 9 20 1 8 6 14 4 15 8 14 1 9 20 9 8 15 13 20 15 0 10 17 6 16 5 6 4 13 17 9 18 9 15 11 9 1 6 1 10 6 16 7 1 17 20 8 5 20 7 10 
14 64 10 11 8 14 0 12 1 18 12 12 8 3 11 17 20 19 9 4 0 20 18 1 5 19 7 8 17 0 3 10 5 15 14 4 12 0 15 3 1 16 6 20 2 9 14 18 14 18 2 7 0 6 10 
7 10 36 6 19 6 19 5 0 18 9 11 17 15 15 0 14 7 20 6 12 1 4 12 11 14 2 6 15 15 3 0 9 10 5 1 18 6 3 9 5 2 1 4 14 4 17 1 2 5 7 8 10 2 5 
4 11 6 40 16 14 8 1 3 16 4 6 15 17 12 5 17 18 16 10 20 2 9 2 6 2 18 1 9 7 0 19 17 17 7 16 8 13 6 18 15 11 5 2 5 9 10 6 19 0 2 2 6 13 16 
3 8 19 16 10 17 5 19 3 9 16 3 9 1 11 10 18 19 6 0 0 18 5 10 3 16 1 14 15 13 6 11 20 5 3 2 18 9 5 14 8 14 9 14 10 12 16 1 13 10 3 4 7 17 15 
9 14 6 14 17 66 5 7 19 14 3 5 10 7 17 19 11 15 6 4 7 6 10 7 13 3 20 1 5 16 20 16 14 1 0 12 20 14 4 10 15 6 4 11 13 0 6 10 13 9 7 9 7 9 1 
20 0 19 8 5 5 56 3 4 4 8 13 12 4 18 5 10 1 14 3 11 19 19 15 16 0 19 20 3 4 5 14 8 10 8 18 12 11 3 6 15 1 3 8 15 12 17 15 16 1 1 9 10 16 19 
1 12 5 1 19 7 3 22 13 3 7 6 12 13 3 1 16 19 12 9 2 15 0 5 14 20 16 12 20 8 5 10 14 20 3 16 4 5 0 3 14 20 8 18 13 7 8 16 4 14 8 19 5 13 10 
8 1 0 3 3 19 4 13 34 14 12 7 3 8 14 5 6 19 11 9 1 6 1 1 12 12 15 6 8 10 18 17 20 17 1 12 4 13 7 6 7 9 11 2 13 18 8 10 11 0 15 19 15 3 17 
6 18 18 16 9 14 4 3 14 78 20 16 15 17 18 15 6 16 8 4 18 9 11 17 20 7 13 4 12 20 15 12 13 10 15 9 6 15 9 5 14 11 9 11 9 5 14 6 4 14 20 12 2 3 7 
14 12 9 4 16 3 8 7 12 20 72 5 11 15 6 18 10 8 11 11 12 11 6 13 16 1 15 17 20 16 16 15 5 12 10 5 6 4 6 3 20 13 5 0 1 1 14 10 7 16 13 1 9 2 19 
4 12 11 6 3 5 13 6 7 16 5 15 12 5 8 12 4 7 2 3 15 17 12 18 13 3 9 4 10 4 8 2 12 1 3 3 18 4 4 15 19 10 20 6 9 15 10 2 13 0 8 8 10 0 13 
15 8 17 15 9 10 12 12 3 15 11 12 5 20 10 1 15 16 17 0 16 4 4 5 3 8 19 6 13 4 14 8 14 6 8 17 1 17 19 7 4 5 13 7 8 17 18 1 9 2 17 19 17 15 14 
8 3 15 17 1 7 4 13 8 17 15 5 20 96 19 3 18 15 2 15 4 8 6 16 12 18 4 19 7 16 2 0 18 8 19 13 17 17 8 13 7 13 16 16 17 3 6 10 6 5 9 15 17 10 2 
14 11 15 12 11 17 18 3 14 18 6 8 10 19 69 12 19 0 6 9 11 5 9 4 17 19 17 5 10 13 3 9 6 16 9 12 13 19 19 3 11 1 12 2 12 9 13 13 3 19 6 2 1 17 19 
1 17 0 5 10 19 5 1 5 15 18 12 1 3 12 58 3 6 15 19 18 8 8 10 13 12 3 20 6 14 7 20 11 15 1 13 19 14 4 16 1 1 17 5 8 1 13 5 20 4 3 19 10 9 7 
9 20 14 17 18 11 10 16 6 6 10 4 15 18 19 3 24 15 19 1 15 8 18 15 6 1 8 14 7 7 10 2 5 20 17 10 0 12 18 14 5 7 2 8 8 15 12 10 3 11 10 19 15 15 17 
20 19 7 18 19 15 1 19 19 16 8 7 16 15 0 6 15 71 9 13 3 2 19 5 19 15 13 1 4 13 4 5 2 19 4 12 17 9 19 11 8 15 17 15 12 8 9 6 4 10 13 3 3 13 11 
9 9 20 16 6 6 14 12 11 8 11 2 17 2 6 15 19 9 9 12 0 19 0 16 6 10 9 15 20 17 5 18 8 11 16 8 2 7 15 4 0 1 1 12 15 0 11 8 12 5 2 2 1 14 0 
8 4 6 10 0 4 3 9 9 4 11 3 0 15 9 19 1 13 12 58 11 19 3 18 6 2 10 5 16 14 5 10 7 17 11 14 7 7 4 9 2 20 18 10 1 18 2 19 13 4 20 19 3 1 9 
15 0 12 20 0 7 11 2 1 18 12 15 16 4 11 18 15 3 0 11 43 14 2 5 6 4 6 17 8 13 19 16 4 17 18 3 3 11 19 6 11 17 15 6 15 10 9 11 19 20 9 0 5 16 15 
13 20 1 2 18 6 19 15 6 9 11 17 4 8 5 8 8 2 19 19 14 90 10 2 20 16 12 11 7 16 20 4 16 9 10 4 1 18 7 18 8 18 19 17 6 1 17 9 13 12 14 11 16 12 7 
20 18 4 9 5 10 19 0 1 11 6 12 4 6 9 8 18 19 0 3 2 10 26 13 6 1 19 3 16 18 20 16 10 5 1 18 7 9 18 12 0 13 9 20 16 9 19 12 12 13 17 16 8 11 13 
15 1 12 2 10 7 15 5 1 17 13 18 5 16 4 10 15 5 16 18 5 2 13 78 6 0 8 7 10 0 17 16 9 4 18 11 16 19 4 13 18 14 14 17 8 19 13 8 7 3 8 9 2 14 9 
0 5 11 6 3 13 16 14 12 20 16 13 3 12 17 13 6 19 6 6 6 20 6 6 49 6 13 8 7 10 18 16 6 17 10 18 3 0 18 5 13 17 10 16 9 12 9 9 7 9 4 13 1 6 4 
10 19 14 2 16 3 0 20 12 7 1 3 8 18 19 12 1 15 10 2 4 16 1 0 6 7 14 14 6 2 11 4 10 1 5 10 8 4 20 18 13 4 17 13 1 12 13 6 5 11 16 3 11 11 2 
17 7 2 18 1 20 19 16 15 13 15 9 19 4 17 3 8 13 9 10 6 12 19 8 13 14 87 9 8 19 6 19 13 10 4 14 17 13 19 15 13 14 1 10 2 0 13 9 0 15 11 9 17 7 0 
6 8 6 1 14 1 20 12 6 4 17 4 6 19 5 20 14 1 15 5 17 11 3 7 8 14 9 63 0 13 16 3 6 5 16 8 9 20 18 14 4 12 1 7 12 19 2 18 4 11 1 5 7 14 14 
16 17 15 9 15 5 3 20 8 12 20 10 13 7 10 6 7 4 20 16 8 7 16 10 7 6 8 0 78 17 9 9 3 5 18 1 2 7 11 15 7 18 14 13 5 19 15 8 14 0 5 3 12 0 7 
5 0 15 7 13 16 4 8 10 20 16 4 4 16 13 14 7 13 17 14 13 16 18 0 10 2 19 13 17 72 15 19 4 9 2 12 18 12 0 20 5 2 16 13 2 10 5 6 10 17 20 16 0 2 11 
6 3 3 0 6 20 5 5 18 15 16 8 14 2 3 7 10 4 5 5 19 20 20 17 18 11 6 16 9 15 66 17 17 0 19 17 10 11 14 8 4 18 0 3 4 18 10 10 18 17 7 18 13 11 18 
4 10 0 19 11 16 14 10 17 12 15 2 8 0 9 20 2 5 18 10 16 4 16 16 16 4 19 3 9 19 17 23 18 2 16 4 16 19 7 9 2 12 8 7 18 4 9 2 1 17 17 18 11 16 4 
13 5 9 17 20 14 8 14 20 13 5 12 14 18 6 11 5 2 8 7 4 16 10 9 6 10 13 6 3 4 17 18 1 10 14 18 8 12 16 0 7 15 12 20 12 9 12 17 16 13 18 5 9 0 12 
17 15 10 17 5 1 10 20 17 10 12 1 6 8 16 15 20 19 11 17 17 9 5 4 17 1 10 5 5 9 0 2 10 32 16 20 11 17 11 6 14 4 5 5 7 19 20 19 7 11 5 11 18 5 4 
9 14 5 7 3 0 8 3 1 15 10 3 8 19 9 1 17 4 16 11 18 10 1 18 10 5 4 16 18 2 19 16 14 16 39 15 4 11 5 7 2 4 7 4 0 3 2 6 2 5 10 17 0 4 10 
18 4 1 16 2 12 18 16 12 9 5 3 17 13 12 13 10 12 8 14 3 4 18 11 18 10 14 8 1 12 17 4 18 20 15 36 1 9 1 5 0 2 15 4 2 12 7 3 16 5 11 10 1 8 6 
9 12 18 8 18 20 12 4 4 6 6 18 1 17 13 19 0 17 2 7 3 1 7 16 3 8 17 9 2 18 10 16 8 11 4 1 66 2 1 3 18 9 13 9 0 1 13 7 3 17 1 11 4 17 11 
15 0 6 13 9 14 11 5 13 15 4 4 17 17 19 14 12 9 7 7 11 18 9 19 0 4 13 20 7 12 11 19 12 17 11 9 2 25 8 18 6 3 15 7 11 20 20 6 10 0 15 11 18 13 13 
11 15 3 6 5 4 3 0 7 9 6 4 19 8 19 4 18 19 15 4 19 7 18 4 18 20 19 18 11 0 14 7 16 11 5 1 1 8 38 5 2 9 19 0 10 4 19 4 5 19 20 9 12 18 15 
9 3 9 18 14 10 6 3 6 5 3 15 7 13 3 16 14 11 4 9 6 18 12 13 5 18 15 14 15 20 8 9 0 6 7 5 3 18 5 70 19 6 3 8 18 20 7 5 10 11 15 0 12 9 10 
1 1 5 15 8 15 15 14 7 14 20 19 4 7 11 1 5 8 0 2 11 8 0 18 13 13 13 4 7 5 4 2 7 14 2 0 18 6 2 19 59 14 13 4 7 1 8 11 18 1 6 7 6 16 13 
6 16 2 11 14 6 1 20 9 11 13 10 5 13 1 1 7 15 1 20 17 18 13 14 17 4 14 12 18 2 18 12 15 4 4 2 9 3 9 6 14 49 9 5 17 9 17 14 2 3 14 0 19 16 7 
1 6 1 5 9 4 3 8 11 9 5 20 13 16 12 17 2 17 1 18 15 19 9 14 10 17 1 1 14 16 0 8 12 5 7 15 13 15 19 3 13 9 74 7 14 12 9 20 16 4 7 18 3 4 18 
10 20 4 2 14 11 8 18 2 11 0 6 7 16 2 5 8 15 12 10 6 17 20 17 16 13 10 7 13 13 3 7 20 5 4 4 9 7 0 8 4 5 7 68 20 0 16 17 20 13 10 10 17 13 16 
6 2 14 5 10 13 15 13 13 9 1 9 8 17 12 8 8 12 15 1 15 6 16 8 9 1 2 12 5 2 4 18 12 7 0 2 0 11 10 18 7 17 14 20 90 14 6 19 9 1 6 16 8 4 1 
16 9 4 9 12 0 12 7 18 5 1 15 17 3 9 1 15 8 0 18 10 1 9 19 12 12 0 19 19 10 18 4 9 19 3 12 1 20 4 20 1 9 12 0 14 5 11 0 7 4 10 2 20 11 18 
7 14 17 10 16 6 17 8 8 14 14 10 18 6 13 13 12 9 11 2 9 17 19 13 9 13 13 2 15 5 10 9 12 20 2 7 13 20 19 7 8 17 9 16 6 11 35 4 8 8 14 18 5 14 14 
1 18 1 6 1 10 15 16 10 6 10 2 1 10 13 5 10 6 8 19 11 9 12 8 9 6 9 18 8 6 10 2 17 19 6 3 7 6 4 5 11 14 20 17 19 0 4 73 1 9 18 5 9 10 15 
17 14 2 19 13 13 16 4 11 4 7 13 9 6 3 20 3 4 12 13 19 13 12 7 7 5 0 4 14 10 18 1 16 7 2 16 3 10 5 10 18 2 16 20 9 7 8 1 65 19 17 12 16 10 0 
20 18 5 0 10 9 1 14 0 14 16 0 2 5 19 4 11 10 5 4 20 12 13 3 9 11 15 11 0 17 17 17 13 11 5 5 17 0 19 11 1 3 4 13 1 4 8 9 19 80 2 8 14 17 1 
8 2 7 2 3 7 1 8 15 20 13 8 17 9 6 3 10 13 2 20 9 14 17 8 4 16 11 1 5 20 7 17 18 5 10 11 1 15 20 15 6 14 7 10 6 10 14 18 17 2 63 5 20 6 8 
5 7 8 2 4 9 9 19 19 12 1 8 19 15 2 19 19 3 2 19 0 11 16 9 13 3 9 5 3 16 18 18 5 11 17 10 11 11 9 0 7 0 18 10 16 2 18 5 12 8 5 4 17 5 18 
20 0 10 6 7 7 10 5 15 2 9 10 17 17 1 10 15 3 1 3 5 16 8 2 1 11 17 7 12 0 13 11 9 18 0 1 4 18 12 12 6 19 3 17 8 20 5 9 16 14 20 17 57 16 9 
7 6 2 13 17 9 16 13 3 3 2 0 15 10 17 9 15 13 14 1 16 12 11 14 6 11 7 14 0 2 11 16 0 5 4 8 17 13 18 9 16 16 4 13 4 11 14 10 10 17 6 5 16 20 4 
10 10 5 16 15 1 19 10 17 7 19 13 14 2 19 7 17 11 0 9 15 7 13 9 4 2 0 14 7 11 18 4 12 4 10 6 11 13 15 10 13 7 18 16 1 18 14 15 0 1 8 18 9 4 2 
