45 10
14 26 34 15 15 32 30 8 26 33 41 20 19 39 34 5 30 66 40 38 66 58 25 55 51 50 73 61 35 58 35 46 32 20 29 44 29 21 26 64 32 60 26 60 22 
26 66 14 28 30 6 20 34 18 7 20 25 27 13 17 28 14 41 20 19 39 34 5 30 34 34 48 34 19 31 38 25 6 32 2 24 3 35 1 38 8 35 15 41 14 
34 14 83 28 31 11 34 41 33 10 7 22 25 11 30 34 28 33 6 5 35 39 10 35 20 19 39 34 5 30 30 12 15 31 12 10 14 34 13 42 6 38 30 51 28 
15 28 28 41 2 32 40 17 37 32 35 7 5 38 42 11 38 61 33 30 63 62 24 58 41 39 68 61 27 57 19 39 34 5 30 36 31 7 27 66 29 63 35 68 31 
15 30 31 2 39 35 42 15 38 35 38 9 7 40 44 10 40 64 36 33 66 65 27 61 44 41 71 64 30 60 20 42 36 4 32 39 34 5 30 69 32 65 37 70 33 
32 6 11 32 35 79 24 40 23 1 15 28 31 7 19 34 17 35 16 17 33 30 8 26 31 30 41 28 17 25 40 20 3 36 3 19 4 39 6 34 5 30 20 40 20 
30 20 34 40 42 24 68 38 4 25 39 40 42 29 7 35 6 55 40 40 49 33 25 30 54 54 61 41 39 40 56 44 20 46 21 43 19 47 21 39 28 37 5 30 9 
8 34 41 17 15 40 38 10 34 41 48 23 22 47 42 7 38 74 46 44 73 66 33 63 57 55 80 69 41 66 36 53 40 20 37 50 37 19 34 72 39 68 34 68 30 
26 18 33 37 38 23 4 34 60 24 38 37 38 29 9 31 7 56 39 38 51 36 23 33 53 53 62 43 37 41 52 43 20 42 20 42 18 44 19 42 27 39 3 34 5 
33 7 10 32 35 1 25 41 24 53 14 28 30 6 20 34 18 34 15 15 32 30 8 26 29 29 40 28 16 25 39 19 4 36 4 18 5 39 6 34 4 30 21 40 21 
41 20 7 35 38 15 39 48 38 14 68 28 31 11 34 41 33 26 3 5 30 37 17 34 15 15 32 30 8 26 33 5 19 37 17 4 19 39 19 39 11 35 35 52 34 
20 25 22 7 9 28 40 23 37 28 28 31 2 32 40 17 37 55 26 23 58 58 20 54 34 32 61 56 20 52 15 32 30 8 26 30 28 11 24 62 24 58 35 66 31 
19 27 25 5 7 31 42 22 38 30 31 2 31 35 42 15 38 58 29 26 61 61 23 57 36 34 64 59 23 55 15 35 33 5 29 32 30 8 26 65 27 61 36 68 33 
39 13 11 38 40 7 29 47 29 6 11 32 35 65 24 40 23 27 14 15 26 27 14 23 27 27 34 23 16 19 42 15 9 41 10 15 11 43 13 30 8 26 26 40 26 
34 17 30 42 44 19 7 42 9 20 34 40 42 24 61 38 4 48 36 36 42 26 22 23 50 50 54 34 35 32 55 39 15 47 18 39 15 49 18 32 24 30 8 26 12 
5 28 34 11 10 34 35 7 31 34 41 17 15 40 38 16 34 67 39 37 67 61 26 57 50 48 73 63 34 59 31 46 34 15 31 43 31 15 28 66 32 63 30 64 26 
30 14 28 38 40 17 6 38 7 18 33 37 38 23 4 34 53 49 34 34 43 29 19 26 48 48 55 36 33 34 51 38 14 43 15 37 13 45 15 35 22 32 4 30 8 
66 41 33 61 64 35 55 74 56 34 26 55 58 27 48 67 49 28 28 31 11 34 41 33 28 30 6 20 34 18 58 22 37 63 38 25 39 66 41 31 34 29 53 53 54 
40 20 6 33 36 16 40 46 39 15 3 26 29 14 36 39 34 28 56 2 32 40 17 37 14 14 35 33 5 29 30 6 20 34 18 4 20 37 19 42 12 38 36 54 35 
38 19 5 30 33 17 40 44 38 15 5 23 26 15 36 37 34 31 2 61 35 42 15 38 15 14 37 36 2 32 28 9 20 31 18 6 20 34 18 44 11 41 35 55 34 
66 39 35 63 66 33 49 73 51 32 30 58 61 26 42 67 43 11 32 35 13 24 40 23 36 39 14 9 38 9 63 28 34 66 36 30 36 69 39 20 34 18 48 42 50 
58 34 39 62 65 30 33 66 36 30 37 58 61 27 26 61 29 34 40 42 24 40 38 4 51 52 38 14 44 16 69 39 28 66 32 41 30 69 34 6 34 5 34 18 37 
25 5 10 24 27 8 25 33 23 8 17 20 23 14 22 26 19 41 17 15 40 38 69 34 30 30 47 37 14 33 33 22 10 28 6 21 7 30 4 42 6 38 20 46 18 
55 30 35 58 61 26 30 63 33 26 34 54 57 23 23 57 26 33 37 38 23 4 34 37 47 49 37 13 40 14 65 36 24 62 28 37 27 65 30 9 30 6 31 20 34 
51 34 20 41 44 31 54 57 53 29 15 34 36 27 50 50 48 28 14 15 36 51 30 47 57 2 32 40 17 37 31 11 34 41 33 11 35 43 33 51 26 48 50 66 49 
50 34 19 39 41 30 54 55 53 29 15 32 34 27 50 48 48 30 14 14 39 52 30 49 2 63 35 42 15 38 28 12 34 38 32 11 34 41 33 53 26 49 50 67 48 
73 48 39 68 71 41 61 80 62 40 32 61 64 34 54 73 55 6 35 37 14 38 47 37 32 35 23 24 40 23 63 28 43 69 45 31 45 72 47 34 41 33 59 57 60 
61 34 34 61 64 28 41 69 43 28 30 56 59 23 34 63 36 20 33 36 9 14 37 13 40 42 24 69 38 4 64 30 28 64 32 32 31 67 35 11 31 9 41 33 43 
35 19 5 27 30 17 39 41 37 16 8 20 23 16 35 34 33 34 5 2 38 44 14 40 17 15 40 38 82 34 26 12 20 28 17 9 19 31 17 46 11 42 34 56 33 
58 31 30 57 60 25 40 66 41 25 26 52 55 19 32 59 34 18 29 32 9 16 33 14 37 38 23 4 34 66 60 26 25 60 28 28 28 63 31 14 27 11 39 34 41 
35 38 30 19 20 40 56 36 52 39 33 15 15 42 55 31 51 58 30 28 63 69 33 65 31 28 63 64 26 60 5 35 42 15 38 32 40 17 37 72 35 68 50 79 47 
46 25 12 39 42 20 44 53 43 19 5 32 35 15 39 46 38 22 6 9 28 39 22 36 11 12 28 30 12 26 35 65 24 40 23 2 24 43 24 40 17 37 40 55 40 
32 6 15 34 36 3 20 40 20 4 19 30 33 9 15 34 14 37 20 20 34 28 10 24 34 34 43 28 20 25 42 24 81 38 4 23 2 40 6 32 8 29 17 37 17 
20 32 31 5 4 36 46 20 42 36 37 8 5 41 47 15 43 63 34 31 66 66 28 62 41 38 69 64 28 60 15 40 38 34 34 37 35 2 31 70 32 66 40 73 37 
29 2 12 30 32 3 21 37 20 4 17 26 29 10 18 31 15 38 18 18 36 32 6 28 33 32 45 32 17 28 38 23 4 34 74 22 2 36 2 36 6 32 17 40 17 
44 24 10 36 39 19 43 50 42 18 4 30 32 15 39 43 37 25 4 6 30 41 21 37 11 11 31 32 9 28 32 2 23 37 22 71 24 40 23 42 15 38 39 56 38 
29 3 14 31 34 4 19 37 18 5 19 28 30 11 15 31 13 39 20 20 36 30 7 27 35 34 45 31 19 28 40 24 2 35 2 24 85 38 4 35 8 31 15 38 15 
21 35 34 7 5 39 47 19 44 39 39 11 8 43 49 15 45 66 37 34 69 69 30 65 43 41 72 67 31 63 17 43 40 2 36 40 38 31 34 73 35 69 42 75 38 
26 1 13 27 30 6 21 34 19 6 19 24 26 13 18 28 15 41 19 18 39 34 4 30 33 33 47 35 17 31 37 24 6 31 2 23 4 34 77 39 7 35 17 42 15 
64 38 42 66 69 34 39 72 42 34 39 62 65 30 32 66 35 31 42 44 20 6 42 9 51 53 34 11 46 14 72 40 32 70 36 42 35 73 39 48 38 4 40 23 43 
32 8 6 29 32 5 28 39 27 4 11 24 27 8 24 32 22 34 12 11 34 34 6 30 26 26 41 31 11 27 35 17 8 32 6 15 8 35 7 38 81 34 24 45 23 
60 35 38 63 65 30 37 68 39 30 35 58 61 26 30 63 32 29 38 41 18 5 38 6 48 49 33 9 42 11 68 37 29 66 32 38 31 69 35 4 34 46 37 24 40 
26 15 30 35 37 20 5 34 3 21 35 35 36 26 8 30 4 53 36 35 48 34 20 31 50 50 59 41 34 39 50 40 17 40 17 39 15 42 17 40 24 37 76 34 4 
60 41 51 68 70 40 30 68 34 40 52 66 68 40 26 64 30 53 54 55 42 18 46 20 66 67 57 33 56 34 79 55 37 73 40 56 38 75 42 23 45 24 34 8 38 
22 14 28 31 33 20 9 30 5 21 34 31 33 26 12 26 8 54 35 34 50 37 18 34 49 48 60 43 33 41 47 40 17 37 17 38 15 38 15 43 23 40 4 38 68 
