91 14
51 13 15 26 25 20 34 31 17 29 12 10 6 14 15 21 0 6 23 8 18 14 35 18 20 2 25 13 7 31 17 18 22 26 13 8 12 14 12 20 23 5 14 21 4 13 26 21 46 26 33 38 34 26 16 20 35 31 18 29 13 11 6 29 26 12 23 16 5 5 35 38 45 34 31 21 18 31 4 13 14 29 31 20 12 25 22 12 30 29 12 
13 29 13 15 14 11 22 22 7 16 21 3 10 25 28 25 12 19 22 13 26 15 46 29 32 15 21 0 6 23 8 18 14 35 18 20 10 12 16 10 20 12 1 33 17 25 16 12 38 13 29 29 37 24 18 10 23 22 8 16 21 4 9 17 19 7 10 26 9 16 22 31 35 34 25 16 5 18 15 5 14 22 38 22 20 28 16 9 39 40 23 
15 13 30 28 15 9 34 18 21 25 27 15 8 29 25 34 15 19 34 7 33 26 50 33 32 14 34 13 12 36 8 30 27 41 26 22 21 0 6 23 8 18 14 35 18 20 28 25 51 23 41 42 47 36 29 9 34 18 21 26 28 15 8 30 12 19 21 31 15 12 31 44 47 46 38 29 15 24 19 8 2 35 46 33 27 38 29 20 45 43 26 
26 15 28 43 21 22 9 29 8 9 28 15 25 34 40 25 25 31 17 28 31 18 52 36 43 28 14 14 20 10 20 19 5 40 23 30 15 27 31 6 33 23 14 43 30 39 0 6 23 8 18 14 35 18 20 21 9 29 8 9 27 15 25 3 29 14 8 34 21 30 13 17 19 29 13 11 12 17 26 19 29 9 39 22 27 26 9 14 43 47 33 
25 14 15 21 1 6 23 8 18 13 35 18 20 39 39 39 25 31 34 21 41 29 60 43 45 26 32 14 19 31 8 32 23 50 32 33 24 15 21 20 16 27 14 47 30 34 21 21 43 13 39 34 51 36 32 6 23 8 18 14 35 18 20 21 9 21 13 40 23 26 17 38 37 47 34 28 10 9 29 11 17 30 53 36 35 42 27 23 54 54 37 
20 11 9 22 6 12 26 11 17 17 31 14 14 34 33 36 20 25 32 14 37 26 55 38 39 20 32 11 14 32 2 30 23 45 28 28 21 8 15 19 11 22 11 41 24 28 23 21 46 16 39 36 48 35 29 0 27 11 18 18 31 15 14 23 8 18 14 35 18 20 22 40 40 45 34 27 9 15 24 6 11 31 49 33 30 39 26 20 49 49 32 
34 22 34 9 23 26 47 30 17 9 37 24 33 43 49 33 34 40 25 35 40 27 61 45 52 37 21 22 28 14 25 27 14 48 32 39 24 33 38 15 38 32 21 52 38 47 8 15 21 10 23 13 43 25 28 25 0 29 16 8 36 23 32 6 32 23 12 43 29 38 8 18 14 35 18 20 18 16 35 25 35 14 48 31 36 34 17 23 52 56 42 
31 22 18 29 8 11 30 16 27 21 42 26 25 46 43 47 31 36 43 25 48 37 67 49 50 32 41 22 26 40 14 40 32 57 40 39 32 18 24 28 15 33 22 53 35 38 30 30 51 21 47 42 59 45 40 11 30 0 27 22 42 26 25 29 6 29 21 47 30 30 23 47 44 56 43 36 18 14 35 18 20 39 60 44 42 50 35 31 61 61 43 
17 7 21 8 18 17 17 27 37 13 21 7 17 26 32 21 16 23 15 20 25 12 46 29 35 20 14 7 11 15 15 14 6 34 17 22 7 20 23 2 27 15 6 35 21 30 9 4 31 10 21 21 33 17 14 17 17 26 0 13 20 6 16 11 25 6 7 26 12 21 19 23 28 28 17 9 8 19 18 12 22 14 35 18 20 23 9 6 38 41 25 
29 16 25 9 13 17 9 21 13 29 34 18 26 39 44 33 28 35 26 28 38 25 59 43 48 31 24 15 22 19 17 27 14 47 30 35 20 24 30 12 29 27 15 48 33 41 9 13 30 2 28 21 44 27 27 16 9 20 13 0 34 18 25 8 23 19 6 40 24 32 6 26 23 38 23 20 10 8 30 17 27 18 48 31 33 35 18 20 51 54 38 
12 21 27 28 35 31 37 42 21 34 71 17 19 6 17 10 12 12 16 21 6 10 25 8 16 14 20 21 16 28 28 11 23 14 4 7 13 27 25 22 35 9 21 15 11 20 28 22 42 31 26 35 21 19 9 31 37 42 21 34 0 17 19 31 38 15 28 6 12 17 40 34 44 23 27 18 26 39 8 24 27 27 18 10 1 14 20 14 18 20 6 
10 3 15 15 18 14 24 26 7 18 17 36 10 21 25 21 10 16 19 13 22 11 42 25 29 13 19 3 4 22 11 15 13 31 14 16 6 14 17 10 23 9 4 30 15 23 16 11 37 16 26 28 34 21 14 14 24 25 7 19 17 0 9 18 22 4 12 22 6 14 25 30 35 31 23 14 8 22 12 8 16 21 34 18 16 24 14 5 35 37 20 
6 10 8 25 20 14 33 25 17 26 19 10 40 21 19 27 6 11 27 2 25 18 42 24 25 6 28 11 6 32 12 22 23 33 18 14 15 8 7 20 16 10 11 27 10 15 26 21 48 24 36 39 39 30 21 14 33 25 18 26 19 10 0 28 20 13 20 22 8 6 32 40 45 39 33 23 15 27 11 9 8 31 38 25 18 31 24 14 37 35 18 
14 25 29 34 39 34 43 46 26 39 6 21 21 26 13 15 14 11 22 22 7 16 21 3 10 15 26 25 20 34 31 17 29 12 10 6 19 29 25 28 37 12 25 9 11 17 34 28 49 37 32 42 24 25 15 34 43 46 26 40 6 22 20 37 41 20 33 2 16 17 46 40 50 28 33 24 30 44 10 27 28 33 19 16 7 19 26 19 16 15 2 
15 28 25 40 39 33 49 43 32 44 17 25 19 13 30 28 15 9 34 18 21 25 27 15 8 13 36 28 22 44 31 28 36 24 21 11 26 25 20 34 31 17 29 12 10 6 41 35 59 41 43 51 37 36 26 33 50 44 32 44 18 26 19 43 38 26 38 15 19 13 50 50 59 41 43 33 33 46 14 27 24 42 31 28 18 32 35 26 27 21 11 
21 25 34 25 39 36 33 47 21 33 10 21 27 15 28 52 21 22 9 29 8 9 28 15 25 23 13 24 22 22 33 6 19 15 8 17 15 34 34 21 43 16 24 22 21 31 25 20 34 31 17 29 12 10 6 35 34 47 21 34 9 21 26 28 44 17 29 14 19 26 39 26 38 13 19 13 28 40 17 29 35 21 14 2 10 4 16 16 18 24 16 
0 12 15 25 25 20 34 31 16 28 12 10 6 14 15 21 51 6 23 8 18 13 35 18 20 3 24 13 6 30 17 17 22 26 12 8 12 15 13 19 23 4 13 21 5 13 26 20 46 26 32 37 33 25 16 20 34 31 17 29 12 10 6 28 26 11 22 16 4 6 35 37 44 33 30 20 18 31 4 13 14 29 31 19 12 25 21 11 30 29 12 
6 19 19 31 31 25 40 36 23 35 12 16 11 11 9 22 6 40 26 11 17 17 31 14 14 4 29 19 13 35 23 21 27 24 14 5 17 19 15 25 26 8 20 16 1 8 32 26 51 32 36 43 33 29 19 25 41 36 23 35 12 17 11 34 31 17 29 12 10 6 41 42 50 35 35 25 24 37 6 19 18 34 30 22 12 26 27 17 27 24 8 
23 22 34 17 34 32 25 43 15 26 16 19 27 22 34 9 23 26 69 30 17 9 37 24 33 26 4 21 21 13 30 5 12 24 12 23 12 33 34 15 42 18 21 30 25 35 17 13 26 24 9 20 18 2 7 32 25 42 15 26 16 18 26 20 41 14 22 22 19 29 31 17 29 12 10 6 24 34 20 27 34 12 22 6 15 9 8 13 27 33 23 
8 13 7 28 21 14 35 25 20 28 21 13 2 22 18 29 8 11 30 63 27 21 42 26 25 7 31 13 9 35 13 25 26 34 21 15 18 7 4 22 15 13 14 28 11 13 29 24 51 26 39 42 42 33 24 15 36 25 20 29 21 13 3 30 20 16 23 23 10 5 34 43 48 41 36 26 17 29 12 10 6 34 40 28 20 33 27 17 38 36 19 
18 26 33 31 41 37 40 48 25 38 6 22 25 7 21 8 18 17 17 27 35 13 21 7 17 20 21 26 22 30 34 13 26 8 8 12 18 33 31 26 41 15 26 14 17 25 32 25 43 36 26 37 16 19 11 37 40 48 25 39 5 23 25 34 44 20 33 6 18 23 44 34 46 20 27 20 31 44 14 30 33 29 12 10 6 11 23 19 12 16 9 
14 15 26 18 29 26 27 37 12 25 10 11 18 16 25 9 13 17 9 21 13 58 34 18 26 17 11 15 13 18 23 4 13 22 5 14 5 25 25 13 34 9 15 25 16 26 18 12 33 23 18 26 22 12 3 26 27 37 12 25 9 11 18 21 34 7 20 16 10 20 31 25 34 20 18 8 19 31 11 19 26 17 23 7 9 12 10 6 25 29 15 
35 46 50 52 60 55 61 67 46 59 25 42 42 21 27 28 35 31 37 42 21 34 25 17 19 35 41 46 41 50 52 33 47 13 29 27 38 50 46 47 57 33 46 15 31 34 53 46 61 57 44 57 26 38 32 55 61 67 46 60 25 43 42 55 62 40 54 20 37 37 65 53 66 34 47 41 51 65 31 49 49 49 17 30 26 29 44 39 10 6 23 
18 29 33 36 43 38 45 49 29 43 8 25 24 3 15 15 18 14 24 26 7 18 17 21 10 18 27 29 23 36 35 19 31 9 13 10 22 33 29 31 41 16 29 6 15 20 37 30 50 40 33 43 22 26 17 38 46 49 29 43 9 25 24 39 45 23 37 2 20 21 49 41 52 27 34 26 34 47 14 31 32 35 16 17 9 18 29 22 12 11 6 
20 32 32 43 45 39 52 50 35 48 16 29 25 10 8 25 20 14 33 25 17 26 19 10 13 19 36 33 26 45 37 28 38 18 21 13 28 33 27 37 39 20 33 5 15 15 44 37 59 45 42 52 32 35 26 40 53 51 36 48 17 30 25 46 45 29 42 11 23 20 54 50 61 37 43 34 38 51 17 33 31 43 25 27 17 29 36 29 20 12 10 
2 15 14 28 26 20 37 32 20 31 14 13 6 15 13 23 3 4 26 7 20 17 35 18 19 26 28 15 9 34 18 21 25 27 15 8 15 14 11 22 22 7 16 21 3 10 29 23 49 28 35 41 36 29 19 21 37 32 20 31 15 13 6 31 26 15 25 16 7 3 37 41 48 36 34 24 20 33 6 15 13 32 33 22 14 27 25 15 31 29 12 
25 21 34 14 32 32 21 41 14 24 20 19 28 26 36 13 24 29 4 31 21 11 41 27 36 28 31 21 22 9 29 8 9 28 15 25 13 33 35 12 41 20 20 34 27 37 14 11 22 22 7 16 21 3 10 31 21 41 14 23 19 18 27 16 40 14 20 25 20 30 28 14 25 15 6 5 22 31 22 26 35 8 26 10 19 13 5 13 31 37 26 
13 0 13 14 14 11 22 22 7 15 21 3 11 25 28 24 13 19 21 13 26 15 46 29 33 15 21 29 6 23 8 18 13 35 18 20 9 13 16 9 20 13 0 34 18 25 15 11 38 13 28 28 37 24 18 11 22 22 7 16 21 3 10 17 19 7 9 26 9 16 22 30 34 34 24 16 5 18 15 5 15 21 38 22 20 28 15 8 39 40 23 
7 6 12 20 19 14 28 26 11 22 16 4 6 20 22 22 6 13 21 9 22 13 41 23 26 9 22 6 22 26 11 17 17 31 14 14 9 12 13 14 20 7 7 28 11 19 20 15 42 19 30 33 35 24 16 14 28 26 12 22 16 5 5 22 22 7 16 21 3 10 28 34 39 34 27 17 11 24 9 7 13 25 35 20 16 26 18 8 35 35 17 
31 23 36 10 31 32 14 40 15 19 28 22 32 34 44 22 30 35 13 35 30 18 50 36 45 34 9 23 26 45 30 17 9 37 24 33 18 36 39 13 43 27 22 43 34 44 10 11 15 18 9 7 29 12 18 31 14 39 15 19 27 21 32 11 39 19 18 34 26 36 22 7 16 21 3 10 22 27 29 28 38 1 35 19 27 21 8 18 40 46 34 
17 8 8 20 8 2 25 14 15 17 28 11 12 31 31 33 17 23 30 13 34 23 52 35 37 18 29 8 11 30 44 27 21 42 26 25 18 7 13 17 13 19 9 39 21 26 21 19 44 15 36 35 46 32 26 2 26 14 15 17 28 12 11 22 11 16 13 32 15 17 22 38 39 43 32 24 7 16 21 3 10 29 46 30 27 36 24 17 46 46 29 
18 18 30 19 32 30 27 40 14 27 11 15 22 17 28 6 17 21 5 25 13 4 33 19 28 21 8 18 17 17 27 15 13 21 7 17 8 29 30 14 38 13 18 26 19 29 19 13 31 24 15 24 19 8 1 29 28 40 14 27 10 15 22 21 38 11 22 16 14 23 32 22 33 16 15 7 22 33 15 23 30 16 21 3 10 9 10 9 24 29 17 
22 14 27 5 23 23 14 32 6 14 23 13 23 29 36 19 22 27 12 26 26 13 47 31 38 25 9 13 17 9 21 13 32 34 18 26 10 27 30 4 34 19 13 38 26 36 5 2 24 12 15 15 30 13 14 23 14 31 6 14 22 12 23 8 31 10 11 29 17 27 19 17 22 24 11 6 14 22 22 19 29 7 34 17 22 21 3 10 37 42 28 
26 35 41 40 50 45 48 57 34 47 14 31 33 12 24 15 26 24 24 34 8 22 13 9 18 27 28 35 31 37 42 21 34 42 17 19 27 41 38 35 49 23 35 13 24 30 40 34 49 45 31 44 15 25 19 45 49 57 34 47 14 31 33 42 53 29 42 11 27 30 53 40 53 22 34 28 40 53 22 38 41 36 7 17 15 16 31 28 3 10 15 
13 18 26 23 32 28 32 40 17 30 4 14 18 10 21 8 12 14 12 21 8 5 29 13 21 15 15 18 14 24 26 7 18 17 7 10 9 26 25 18 35 8 18 19 13 23 24 17 38 27 22 31 21 15 5 28 33 40 17 30 4 14 18 26 36 11 24 10 11 18 36 29 40 21 22 13 23 36 8 22 26 22 20 7 3 12 16 10 21 24 10 
8 20 22 30 33 28 39 39 22 35 7 16 14 6 11 17 8 5 23 15 12 14 27 10 13 8 25 20 14 33 25 17 26 19 10 21 15 22 19 24 30 7 20 13 4 13 31 24 48 32 32 40 28 25 15 28 40 39 23 35 8 17 14 33 35 16 29 8 10 11 41 39 48 31 32 22 25 39 4 21 22 31 25 17 7 21 24 16 23 21 3 
12 10 21 15 24 21 24 32 7 20 13 6 15 19 26 15 12 17 12 18 18 5 38 22 28 15 13 9 9 18 18 8 10 27 9 15 56 21 22 9 29 8 9 28 15 25 15 9 34 18 21 25 27 15 8 20 24 32 7 21 13 6 14 18 29 2 15 19 7 18 27 25 33 25 18 8 13 26 11 14 22 17 29 12 12 18 9 1 30 33 18 
14 12 0 27 15 8 33 18 20 24 27 14 8 29 25 34 15 19 33 7 33 25 50 33 33 14 33 13 12 36 7 29 27 41 26 22 21 31 6 23 8 18 13 35 18 20 28 24 51 23 41 41 47 36 28 9 34 18 21 25 27 15 8 29 12 19 20 30 15 12 30 44 47 46 37 28 14 23 19 7 2 34 46 32 27 38 28 20 45 43 26 
12 16 6 31 21 15 38 24 23 30 25 17 7 25 20 34 13 15 34 4 31 25 46 29 27 11 35 16 13 39 13 30 30 38 25 19 22 6 18 26 11 17 17 31 14 14 32 28 54 28 43 45 46 37 28 15 39 24 24 31 25 17 7 34 18 21 25 27 15 8 36 47 51 46 40 30 19 30 17 12 4 38 44 32 25 38 31 21 42 39 23 
20 10 23 6 20 19 15 28 2 12 22 10 20 28 34 21 19 25 15 22 26 13 47 31 37 22 12 9 14 13 17 14 4 35 18 24 9 23 26 68 30 17 9 37 24 33 6 2 28 10 19 19 32 16 15 19 15 28 2 12 22 9 19 9 27 8 7 28 15 24 18 21 25 27 15 8 10 19 20 15 25 11 35 18 21 23 7 8 38 42 27 
23 20 8 33 16 11 38 15 27 29 35 23 16 37 31 43 23 26 42 15 41 34 57 41 39 22 41 20 20 43 13 38 34 49 35 30 29 8 11 30 36 27 21 42 26 25 34 32 57 28 49 48 56 44 37 12 39 15 28 30 36 23 16 35 9 27 26 38 24 20 34 51 52 54 45 36 21 25 27 15 8 42 54 41 35 46 36 28 53 51 34 
5 12 18 23 27 22 32 33 15 27 9 9 10 12 17 16 4 8 18 13 15 9 33 16 20 7 20 13 7 27 19 13 19 23 8 7 8 18 17 17 27 42 13 21 7 17 24 17 42 25 28 34 29 21 11 22 32 33 15 28 9 9 10 26 29 9 21 13 3 10 34 34 42 29 26 16 18 31 3 15 18 25 27 15 8 20 18 8 27 27 10 
14 1 14 14 14 11 21 22 6 15 21 4 11 25 29 24 13 20 21 14 26 15 46 29 33 16 20 0 7 22 9 18 13 35 18 20 9 13 17 9 21 13 51 34 18 26 14 10 37 12 27 28 37 23 18 11 22 22 7 15 21 3 11 16 20 7 9 26 9 17 21 30 34 34 24 15 4 18 16 6 15 21 38 22 20 27 15 8 39 41 24 
21 33 35 43 47 41 52 53 35 48 15 30 27 9 12 22 21 16 30 28 14 25 15 6 5 21 34 34 28 43 39 26 38 13 19 13 28 35 31 37 42 21 34 55 17 19 43 37 57 46 40 50 28 33 24 42 52 53 35 49 15 30 27 46 48 29 42 9 24 22 55 48 59 34 41 33 39 52 18 35 34 42 21 24 16 25 35 28 15 8 10 
4 17 18 30 30 24 38 35 21 33 11 15 10 11 10 21 5 1 25 11 17 16 31 15 15 3 27 18 11 34 21 19 26 24 13 4 15 18 14 24 26 7 18 17 30 10 30 24 49 31 35 41 33 28 18 24 39 35 22 34 12 15 10 33 30 15 27 13 9 6 40 41 49 34 34 23 23 36 4 18 17 32 29 21 11 25 25 15 27 25 8 
13 25 20 39 34 28 47 38 30 41 20 23 15 17 6 31 13 8 35 13 25 26 34 20 15 10 37 25 19 44 26 29 36 30 23 13 25 20 14 33 25 17 26 19 10 17 40 34 59 38 45 51 41 38 28 28 48 38 31 41 21 24 15 42 32 25 35 19 18 9 47 51 58 44 44 34 30 42 14 24 18 42 37 30 21 35 35 25 33 27 15 
26 16 28 0 21 23 8 30 9 9 28 16 26 34 41 25 26 32 17 29 32 18 53 37 44 29 14 15 20 10 21 19 5 40 24 31 15 28 32 6 34 24 14 43 30 40 42 6 23 8 18 13 35 18 20 22 9 29 8 9 28 15 25 2 30 14 8 34 21 31 13 17 19 29 13 11 13 18 27 20 30 9 40 22 27 26 9 15 43 48 33 
21 12 25 6 21 21 15 30 4 13 22 11 21 28 35 20 20 26 13 24 25 12 46 30 37 23 11 11 15 11 19 13 2 34 17 24 9 24 28 2 32 17 10 37 24 34 6 44 26 11 17 17 31 14 14 21 15 30 3 13 21 10 20 9 29 8 9 28 15 25 19 19 24 25 13 6 12 21 20 17 26 10 34 17 21 21 5 8 37 41 27 
46 38 51 23 43 46 21 51 31 30 42 37 48 49 59 34 46 51 26 51 43 33 61 50 59 49 22 38 42 15 44 31 24 49 38 48 34 51 54 28 57 42 37 57 49 59 23 26 18 30 17 9 37 24 33 45 21 51 30 29 42 37 47 22 52 34 31 48 41 52 29 8 9 28 15 25 36 37 45 43 53 16 45 32 42 32 24 34 51 59 49 
26 13 23 8 13 16 10 21 10 2 31 16 24 37 41 31 26 32 24 26 36 23 57 40 45 28 22 13 19 18 15 24 12 45 27 32 18 23 28 10 28 25 12 46 31 38 8 11 30 59 27 21 42 26 25 15 10 21 10 3 31 15 23 8 22 16 3 37 22 29 9 25 24 37 22 18 8 9 28 15 25 17 46 28 31 33 16 17 48 52 35 
33 29 41 18 39 39 23 47 21 28 26 26 36 32 43 17 32 36 9 39 26 18 44 33 42 35 7 28 30 9 36 15 15 31 22 32 21 41 43 19 49 28 27 40 35 45 18 17 17 27 17 13 21 7 17 38 23 47 21 28 25 26 35 20 47 22 26 31 28 38 31 9 22 12 5 12 29 36 30 34 43 9 28 15 25 15 12 21 34 41 33 
38 29 42 14 34 36 13 42 21 21 35 28 39 42 51 29 37 43 20 42 37 26 57 43 52 41 16 28 33 7 35 24 15 44 31 40 25 41 45 19 48 34 28 50 41 51 13 17 9 21 13 19 34 18 26 36 13 42 21 21 35 28 38 13 43 26 22 41 33 43 21 5 9 25 9 17 27 29 37 33 44 8 41 26 34 28 15 25 46 53 41 
34 37 47 35 51 48 43 59 33 44 21 34 39 24 37 12 33 33 18 42 16 22 26 22 32 36 21 37 35 29 46 19 30 15 21 28 27 47 46 32 56 29 37 28 33 41 35 31 37 42 21 34 56 17 19 48 43 59 33 44 21 33 39 37 57 30 40 22 32 39 49 29 43 9 25 24 41 52 29 42 48 28 8 15 21 9 26 28 15 25 26 
26 24 36 18 36 35 25 45 17 27 19 21 30 25 36 10 25 29 2 33 19 12 38 26 35 29 3 24 24 12 32 8 13 25 15 25 15 36 37 16 44 21 23 33 28 38 18 14 24 26 7 18 17 31 10 34 25 44 17 27 18 21 29 20 43 17 24 24 22 32 32 15 27 11 9 8 26 35 23 29 37 11 23 8 18 9 9 16 28 35 25 
16 18 29 20 32 29 28 40 14 27 9 14 21 15 26 6 16 19 7 24 11 3 32 17 26 19 10 18 16 18 26 1 14 19 5 15 8 28 28 15 37 11 18 24 18 28 20 14 33 25 17 26 19 10 51 29 29 40 14 28 9 14 21 22 37 10 22 15 13 22 33 24 35 17 17 9 22 34 13 23 29 17 20 4 8 9 11 9 23 28 15 
20 10 9 21 6 0 25 11 17 16 31 14 14 34 33 35 20 25 32 15 37 26 55 38 40 21 31 11 14 31 2 29 23 45 28 28 20 9 15 19 12 22 11 42 24 28 22 21 45 15 38 36 48 34 29 13 26 11 17 17 31 14 14 23 8 18 13 35 18 20 22 39 40 45 34 26 9 14 24 6 11 30 49 33 30 39 26 19 49 49 32 
35 23 34 9 23 27 0 30 17 9 37 24 33 43 50 34 34 41 25 36 40 27 61 46 53 37 21 22 28 14 26 28 14 49 33 40 24 34 39 15 39 32 22 52 39 48 9 15 21 10 23 13 43 25 29 26 46 30 17 9 37 24 33 6 32 23 13 43 30 39 8 18 13 35 18 20 19 16 35 26 36 14 48 31 36 34 17 24 52 57 42 
31 22 18 29 8 11 29 0 26 20 42 25 25 46 44 47 31 36 42 25 48 37 67 49 51 32 41 22 26 39 14 40 31 57 40 39 32 18 24 28 15 33 22 53 35 38 29 30 51 21 47 42 59 44 40 11 30 17 27 21 42 26 25 29 6 29 21 47 30 31 23 46 44 55 42 36 18 13 35 18 20 38 60 44 42 50 35 30 61 61 43 
18 8 21 8 18 18 16 27 0 13 21 7 18 26 32 21 17 23 15 20 25 12 46 29 36 20 14 7 12 15 15 14 6 34 17 23 7 21 24 2 28 15 7 35 22 31 8 3 30 10 21 21 33 17 14 17 17 27 37 13 21 7 17 10 26 6 7 27 13 22 19 23 27 28 17 9 8 19 18 13 23 13 35 18 20 23 8 7 38 41 25 
29 16 26 9 14 18 8 22 13 0 34 19 26 40 44 34 29 35 26 29 39 25 60 43 48 31 23 16 22 19 17 27 14 47 30 35 21 25 31 12 30 28 15 49 34 41 9 13 29 3 28 21 44 27 28 17 9 21 13 27 34 18 26 8 23 19 6 40 25 32 6 25 23 38 22 20 11 8 31 18 28 18 48 31 33 35 18 20 51 54 38 
13 21 28 27 35 31 36 42 20 34 0 17 19 6 18 9 12 12 16 21 5 9 25 9 17 15 19 21 16 27 28 10 22 14 4 8 13 27 25 22 36 9 21 15 12 21 28 21 42 31 25 35 21 18 9 31 37 42 21 34 71 17 19 30 38 14 28 6 12 18 40 33 43 23 26 17 26 39 8 24 27 26 18 10 0 13 20 14 18 20 7 
11 4 15 15 18 15 23 26 6 18 17 0 10 22 26 21 10 17 18 13 23 11 43 25 30 13 18 3 5 21 12 15 12 31 14 17 6 15 17 9 23 9 3 30 15 24 15 10 37 15 26 28 33 21 14 14 24 26 7 18 17 36 10 17 23 4 12 23 6 15 24 29 34 31 23 13 8 22 12 8 16 20 34 18 16 24 13 5 35 37 20 
6 9 8 25 20 14 32 25 16 25 19 9 0 20 19 26 6 11 26 3 25 18 42 24 25 6 27 10 5 32 11 22 23 33 18 14 14 8 7 19 16 10 11 27 10 15 25 20 47 23 35 38 39 29 21 14 33 25 17 26 19 10 40 27 20 13 20 22 7 6 32 39 45 38 33 23 14 27 10 8 8 30 37 25 18 30 23 13 37 35 18 
29 17 30 3 21 23 6 29 11 8 31 18 28 37 43 28 28 34 20 30 34 21 55 39 46 31 16 17 22 11 22 21 8 42 26 33 18 29 34 9 35 26 16 46 33 42 2 9 22 8 20 13 37 20 22 23 6 29 10 8 30 17 27 53 30 17 9 37 24 33 11 17 17 31 14 14 14 16 29 21 31 10 42 25 30 29 11 17 46 50 36 
26 19 12 29 9 8 32 6 25 23 38 22 20 41 38 44 26 31 41 20 44 34 62 45 45 26 40 19 22 39 11 38 31 53 36 35 29 12 18 27 9 29 20 48 30 32 30 29 52 22 47 43 57 43 37 8 32 6 26 23 38 23 20 30 23 27 21 42 26 25 26 47 46 54 42 35 17 17 31 14 14 38 57 41 38 47 34 28 57 56 38 
12 7 19 14 21 18 23 29 6 19 15 4 13 20 26 17 11 17 14 16 20 7 40 23 29 15 14 7 7 19 16 11 10 29 11 16 2 19 21 8 27 9 7 29 15 25 14 8 34 16 22 26 30 17 10 18 23 29 6 19 14 4 13 17 27 35 13 21 7 17 25 26 33 27 19 9 11 24 12 12 20 17 31 14 14 20 10 1 32 35 19 
23 10 21 8 13 14 12 21 7 6 28 12 20 33 38 29 22 29 22 23 33 20 54 37 42 25 20 9 16 18 13 22 11 42 24 29 15 20 25 7 26 21 9 42 27 35 8 9 31 3 26 22 40 24 22 13 13 21 7 6 28 12 20 9 21 13 35 34 18 26 12 25 26 35 21 16 5 11 24 12 23 17 43 26 27 31 14 14 45 48 32 
16 26 31 34 40 35 43 47 26 40 6 22 22 2 15 14 16 12 22 23 6 16 20 2 11 16 25 26 21 34 32 16 29 11 10 8 19 30 27 28 38 13 26 9 13 19 34 28 48 37 31 41 22 24 15 35 43 47 27 40 6 23 22 37 42 21 34 62 17 19 46 39 50 26 32 24 31 45 11 29 30 33 17 15 7 17 26 20 14 14 4 
5 9 15 21 23 18 29 30 12 24 12 6 8 16 19 19 4 10 19 10 18 10 37 20 23 7 20 9 3 26 15 14 17 27 11 10 7 15 15 15 24 3 9 24 9 18 21 15 41 22 28 33 32 22 13 18 30 30 13 25 12 6 7 24 26 7 18 17 29 10 31 33 40 31 26 16 14 28 6 11 16 24 31 17 12 23 17 7 31 31 14 
5 16 12 30 26 20 38 30 21 32 17 14 6 17 13 26 6 6 29 5 23 20 37 21 20 3 30 16 10 36 17 23 27 30 18 11 18 12 8 24 20 10 17 22 6 9 31 25 52 29 38 43 39 32 22 20 39 31 22 32 18 15 6 33 25 17 26 19 10 28 38 43 50 39 36 26 21 33 9 15 11 35 36 25 17 30 27 17 34 31 14 
35 22 31 13 17 22 8 23 19 6 40 25 32 46 50 39 35 41 31 34 44 31 65 49 54 37 28 22 28 22 22 32 19 53 36 41 27 30 36 18 34 34 21 55 40 47 13 19 29 9 31 21 49 32 33 22 8 23 19 6 40 24 32 11 26 25 12 46 31 38 60 27 21 42 26 25 17 9 37 24 33 21 53 36 39 40 23 26 57 60 44 
38 31 44 17 38 40 18 47 23 26 34 30 40 40 50 26 37 42 17 43 34 25 53 41 50 41 14 30 34 7 38 22 17 40 29 39 25 44 47 21 51 34 30 48 41 51 17 19 8 25 9 5 29 15 24 39 18 46 23 25 33 29 39 17 47 26 25 39 33 43 27 34 13 21 7 17 30 34 36 36 46 9 37 24 33 24 15 26 43 50 40 
45 35 47 19 37 40 14 44 28 23 44 35 45 50 59 38 44 50 29 48 46 34 66 52 61 48 25 34 39 16 39 33 22 53 40 48 33 47 51 25 52 42 34 59 49 58 19 24 9 24 22 9 43 27 35 40 13 44 27 23 43 34 45 17 46 33 26 50 40 50 21 13 18 34 18 26 32 30 45 39 49 17 50 35 43 37 24 33 55 62 50 
34 34 46 29 47 45 35 56 28 38 23 31 39 28 41 13 33 35 12 41 20 20 34 27 37 36 15 34 34 21 43 16 24 22 21 31 25 46 46 27 54 29 34 34 34 44 29 25 28 37 12 25 9 11 17 45 35 55 28 38 23 31 38 31 54 27 35 26 31 39 42 21 34 74 17 19 37 46 30 39 47 21 17 13 23 9 20 26 24 33 29 
31 25 38 13 34 34 18 43 17 23 27 23 33 33 43 19 30 35 10 36 27 18 47 34 43 34 6 24 27 3 32 15 11 34 22 32 18 37 40 15 45 26 24 41 34 44 13 13 15 22 5 9 25 9 17 34 18 42 17 22 26 23 33 14 42 19 21 32 26 36 26 7 18 17 48 10 25 31 29 30 39 4 31 17 26 18 9 19 37 44 33 
21 16 29 11 28 27 20 36 9 20 18 14 23 24 33 13 20 25 6 26 20 8 41 26 34 24 5 16 17 10 24 7 6 28 13 22 8 28 30 8 36 16 15 33 23 34 11 6 25 18 12 17 24 8 9 26 20 36 9 20 17 13 23 14 35 9 16 24 16 26 25 17 26 19 10 66 17 27 19 21 30 9 28 10 17 15 2 9 31 37 24 
18 5 15 12 10 9 18 18 8 10 26 8 15 30 33 28 18 24 24 17 31 19 51 34 38 20 22 5 11 22 7 22 14 40 23 25 13 14 19 10 21 18 4 39 23 30 13 12 36 8 29 27 41 26 22 9 19 18 8 11 26 8 14 14 17 11 5 31 14 21 17 30 32 37 25 17 54 13 21 7 17 21 42 26 25 31 17 12 44 46 28 
31 18 24 17 9 15 16 14 19 8 39 22 27 44 46 40 31 37 34 29 44 31 65 47 51 33 31 18 24 27 16 33 22 53 36 39 26 23 30 19 25 31 18 52 36 42 18 21 37 9 36 29 52 35 34 14 16 13 19 8 39 22 27 16 17 24 11 45 28 33 9 34 30 46 31 27 13 42 34 18 26 27 55 37 38 42 26 25 57 59 42 
4 15 19 26 29 24 35 35 18 30 8 12 11 10 14 17 4 6 20 12 14 11 31 14 17 6 22 15 9 29 21 15 22 22 8 4 11 19 17 20 27 3 16 18 4 14 27 20 45 28 30 37 29 23 13 24 35 35 18 31 8 12 10 29 31 12 24 11 6 9 37 36 45 30 29 19 21 34 85 17 19 28 27 16 8 21 21 11 26 25 8 
13 5 8 19 11 6 25 18 12 17 24 8 9 27 27 29 13 19 27 10 30 19 49 31 33 15 26 5 7 28 3 23 19 38 22 21 14 7 12 15 15 15 6 35 18 24 20 17 43 15 34 33 42 29 23 6 26 18 13 18 24 8 8 21 14 12 12 29 11 15 24 36 39 39 30 21 7 18 17 52 10 27 42 27 23 32 21 13 42 43 25 
14 14 2 29 17 11 35 20 22 27 27 16 8 28 24 35 14 18 34 6 33 26 49 32 31 13 35 15 13 38 10 30 29 41 26 22 22 2 4 25 8 18 15 34 17 18 30 26 53 25 43 44 48 37 29 11 36 20 23 28 27 16 8 31 14 20 23 30 16 11 33 46 49 47 39 30 17 26 19 10 51 36 46 33 27 39 30 21 45 42 26 
29 22 35 9 30 31 14 39 14 18 27 21 31 33 42 21 29 34 12 34 29 17 49 35 43 32 8 21 25 1 29 16 7 36 22 31 17 34 38 11 42 25 21 42 32 42 9 10 16 17 9 8 28 11 17 30 14 38 13 18 26 20 30 10 38 17 17 33 24 35 21 9 17 21 4 9 21 27 28 27 36 26 34 18 26 21 7 17 39 45 33 
31 38 46 39 53 49 48 60 35 48 18 34 38 19 31 14 31 30 22 40 12 23 17 16 25 33 26 38 35 35 46 21 34 7 20 25 29 46 44 35 54 27 38 21 29 37 40 34 45 46 28 41 8 23 20 49 48 60 35 48 18 34 37 42 57 31 43 17 31 36 53 37 50 17 31 28 42 55 27 42 46 34 42 17 19 13 30 30 7 17 22 
20 22 33 22 36 33 31 44 18 31 10 18 25 16 28 2 19 22 6 28 10 7 30 17 27 22 10 22 20 19 30 3 17 17 7 17 12 32 32 18 41 15 22 24 21 30 22 17 32 28 15 26 15 8 4 33 31 44 18 31 10 18 25 25 41 14 26 15 17 25 36 24 35 13 17 10 26 37 16 27 33 18 17 14 10 5 13 13 21 27 17 
12 20 27 27 35 30 36 42 20 33 1 16 18 7 18 10 12 12 15 20 6 9 26 9 17 14 19 20 16 27 27 10 22 15 3 7 12 27 25 21 35 8 20 16 11 21 27 21 42 31 25 34 21 18 8 30 36 42 20 33 0 16 18 30 38 14 27 7 12 17 39 33 43 23 26 17 25 38 8 23 27 26 19 10 34 14 19 13 19 21 7 
25 28 38 26 42 39 34 50 23 35 14 24 31 19 32 4 25 26 9 33 11 12 29 18 29 27 13 28 26 21 36 9 21 16 12 21 18 38 38 23 46 20 27 25 25 35 26 21 32 33 15 28 9 9 9 39 34 50 23 35 13 24 30 29 47 20 31 17 23 30 40 24 37 9 18 15 31 42 21 32 39 21 13 5 14 68 17 19 18 26 20 
22 16 29 9 27 26 17 35 9 18 20 14 24 26 35 16 21 27 8 27 23 10 44 29 36 25 5 15 18 8 24 10 3 31 16 24 9 28 31 7 36 18 15 35 25 35 9 5 24 16 12 15 26 9 11 26 17 35 8 18 20 13 23 11 34 10 14 26 17 27 23 15 24 20 9 2 17 26 21 21 30 7 30 13 19 17 37 10 34 39 26 
12 9 20 14 23 20 23 31 6 20 14 5 14 19 26 16 11 17 13 17 19 6 39 22 29 15 13 8 8 18 17 9 10 28 10 16 1 20 21 8 28 8 8 28 15 25 15 8 34 17 21 25 28 16 9 19 24 30 7 20 14 5 13 17 28 1 14 20 7 17 26 26 33 26 19 9 12 25 11 13 21 17 30 13 13 19 10 52 31 34 18 
30 39 45 43 54 49 52 61 38 51 18 35 37 16 27 18 30 27 27 38 12 25 10 12 20 31 31 39 35 40 46 24 37 3 21 23 30 45 42 38 53 27 39 15 27 33 43 37 51 48 34 46 15 28 23 49 52 61 38 51 18 35 37 46 57 32 45 14 31 34 57 43 55 24 37 31 44 57 26 42 45 39 7 21 19 18 34 31 35 10 19 
29 40 43 47 54 49 56 61 41 54 20 37 35 15 21 24 29 24 33 36 16 29 6 11 12 29 37 40 35 46 46 29 42 10 24 21 33 43 39 42 51 27 41 8 25 27 48 41 59 52 41 53 25 35 28 49 57 61 41 54 20 37 35 50 56 35 48 14 31 31 60 50 62 33 44 37 46 59 25 43 42 45 17 27 21 26 39 34 10 38 17 
12 23 26 33 37 32 42 43 25 38 6 20 18 2 11 16 12 8 23 19 9 15 23 6 10 12 26 23 17 34 29 17 28 15 10 3 18 26 23 27 34 10 24 10 8 15 33 27 49 35 33 41 26 25 15 32 42 43 25 38 7 20 18 36 38 19 32 4 14 14 44 40 50 29 33 24 28 42 8 25 26 33 22 17 7 20 26 18 19 17 20 
