36 9
31 17 8 13 19 16 4 17 18 3 3 11 19 6 11 17 15 6 15 10 9 11 19 20 9 0 5 16 15 8 10 2 20 16 12 11 
17 29 16 20 4 16 9 10 4 1 18 7 18 8 18 19 17 6 1 17 9 13 12 14 11 16 12 7 5 13 6 1 19 3 16 18 
8 16 63 16 10 5 1 18 7 9 18 12 0 13 9 20 16 9 19 12 12 13 17 16 8 11 13 0 6 0 8 7 10 0 17 16 
13 20 16 81 4 18 11 16 19 4 13 18 14 14 17 8 19 13 8 7 3 8 9 2 14 9 12 6 13 8 7 10 18 16 6 17 
19 4 10 4 50 18 3 0 18 5 13 17 10 16 9 12 9 9 7 9 4 13 1 6 4 17 14 14 6 2 11 4 10 1 5 10 
16 16 5 18 18 7 4 20 18 13 4 17 13 1 12 13 6 5 11 16 3 11 11 2 20 9 8 19 6 19 13 10 4 14 17 13 
4 9 1 11 3 4 37 15 13 14 1 10 2 0 13 9 0 15 11 9 17 7 0 4 0 13 16 3 6 5 16 8 9 20 18 14 
17 10 18 16 0 20 15 10 12 1 7 12 19 2 18 4 11 1 5 7 14 14 9 17 9 9 3 5 18 1 2 7 11 15 7 18 
18 4 7 19 18 18 13 12 74 13 5 19 15 8 14 0 5 3 12 0 7 3 15 19 4 9 2 12 18 12 0 20 5 2 16 13 
3 1 9 4 5 13 14 1 13 65 10 5 6 10 17 20 16 0 2 11 16 17 17 0 19 17 10 11 14 8 4 18 0 3 4 18 
3 18 18 13 13 4 1 7 5 10 47 10 18 17 7 18 13 11 18 20 18 2 16 4 16 19 7 9 2 12 8 7 18 4 9 2 
11 7 12 18 17 17 10 12 19 5 10 9 17 17 18 11 16 4 5 10 14 18 8 12 16 0 7 15 12 20 12 9 12 17 16 13 
19 18 0 14 10 13 2 19 15 6 18 17 31 5 9 0 12 6 16 20 11 17 11 6 14 4 5 5 7 19 20 19 7 11 5 11 
6 8 13 14 16 1 0 2 8 10 17 17 5 87 5 4 10 15 4 11 5 7 2 4 7 4 0 3 2 6 2 5 10 17 0 4 
11 18 9 17 9 12 13 18 14 17 7 18 9 5 52 1 1 9 1 5 0 2 15 4 2 12 7 3 16 5 11 10 1 8 6 15 
17 19 20 8 12 13 9 4 0 20 18 11 0 4 1 16 1 3 18 9 13 9 0 1 13 7 3 17 1 11 4 17 11 1 8 18 
15 17 16 19 9 6 0 11 5 16 13 16 12 10 1 1 7 3 15 7 11 20 20 6 10 0 15 11 18 13 13 15 5 2 9 19 
6 6 9 13 9 5 15 1 3 0 11 4 6 15 9 3 3 1 10 4 19 4 5 19 20 9 12 18 15 15 19 6 3 8 18 20 
15 1 19 8 7 11 11 5 12 2 18 5 16 4 1 18 15 10 52 5 10 11 15 0 12 9 10 9 14 13 4 7 1 8 11 18 
10 17 12 7 9 16 9 7 0 11 20 10 20 11 5 9 7 4 5 4 6 7 6 16 13 9 9 5 17 9 17 14 2 3 14 0 
9 9 12 3 4 3 17 14 7 16 18 14 11 5 0 13 11 19 10 6 51 16 7 3 7 14 12 9 20 16 4 7 18 3 4 18 
11 13 13 8 13 11 7 14 3 17 2 18 17 7 2 9 20 4 11 7 16 68 20 0 16 17 20 13 10 10 17 13 16 8 14 6 
19 12 17 9 1 11 0 9 15 17 16 8 11 2 15 0 20 5 15 6 7 20 1 9 1 6 16 8 4 1 17 11 0 7 4 10 
20 14 16 2 6 2 4 17 19 0 4 12 6 4 4 1 6 19 0 16 3 0 9 92 20 11 18 2 4 8 8 14 18 5 14 14 
9 11 8 14 4 20 0 9 4 19 16 16 14 7 2 13 10 20 12 13 7 16 1 20 73 1 9 18 5 9 10 15 11 19 17 12 
0 16 11 9 17 9 13 9 9 17 19 0 4 4 12 7 0 9 9 9 14 17 6 11 1 71 10 0 14 2 8 14 17 1 19 5 
5 12 13 12 14 8 16 3 2 10 7 7 5 0 7 3 15 12 10 9 12 20 16 18 9 10 8 6 8 14 17 5 18 20 16 9 
16 7 0 6 14 19 3 5 12 11 9 15 5 3 3 17 11 18 9 5 9 13 8 2 18 0 6 20 4 18 9 1 12 6 11 2 
15 5 6 13 6 6 6 18 18 14 2 12 7 2 16 1 18 15 14 17 20 10 4 4 5 14 8 4 26 14 17 20 11 1 8 20 
8 13 0 8 2 19 5 1 12 8 12 20 19 6 5 11 13 15 13 9 16 10 1 8 9 2 14 18 14 72 9 0 2 8 8 11 
10 6 8 7 11 13 16 2 0 4 8 12 20 2 11 4 13 19 4 17 4 17 17 8 10 8 17 9 17 9 13 6 17 9 6 6 
2 1 7 10 4 10 8 7 20 18 7 9 19 5 10 17 15 6 7 14 7 13 11 14 15 14 5 1 20 0 6 34 4 12 12 12 
20 19 10 18 10 4 9 11 5 0 18 12 7 10 1 11 5 3 1 2 18 16 0 18 11 17 18 12 11 2 17 4 0 12 8 6 
16 3 0 16 1 14 20 15 2 3 4 17 11 17 8 1 2 8 8 3 3 8 7 5 19 1 20 6 1 8 9 12 12 51 3 11 
12 16 17 6 5 17 18 7 16 4 9 16 5 0 6 8 9 18 11 14 4 14 4 14 17 19 16 11 8 8 6 12 8 3 15 10 
11 18 16 17 10 13 14 18 13 18 2 13 11 4 15 18 19 20 18 0 18 6 10 14 12 5 9 2 20 11 6 12 6 11 10 75 
