21 7
4 0 6 1 7 14 12 20 20 14 8 18 4 5 6 14 2 2 4 5 7 
0 99 7 13 13 1 4 13 10 9 11 7 0 9 5 8 20 5 8 12 10 
6 7 59 17 12 19 13 11 2 13 7 20 11 13 8 19 17 9 4 6 7 
1 13 17 94 7 17 1 0 1 4 5 9 6 2 20 11 5 19 4 8 0 
7 13 12 7 12 9 14 8 17 14 18 11 10 15 2 6 15 1 20 8 11 
14 1 19 17 9 36 9 1 11 9 20 18 12 6 14 2 18 16 5 18 2 
12 4 13 1 14 9 3 16 8 20 17 10 1 18 18 1 16 7 11 10 2 
20 13 11 0 8 1 16 57 2 17 14 4 4 10 14 6 19 14 16 12 9 
20 10 2 1 17 11 8 2 26 12 4 7 18 3 20 12 12 2 12 16 12 
14 9 13 4 14 9 20 17 12 29 0 10 11 15 18 9 7 12 13 3 7 
8 11 7 5 18 20 17 14 4 0 80 10 19 20 18 20 14 3 9 10 3 
18 7 20 9 11 18 10 4 7 10 10 19 6 17 14 17 18 16 18 16 0 
4 0 11 6 10 12 1 4 18 11 19 6 95 18 4 9 0 9 3 12 14 
5 9 13 2 15 6 18 10 3 15 20 17 18 67 18 12 15 19 11 7 0 
6 5 8 20 2 14 18 14 20 18 18 14 4 18 31 9 11 15 13 3 8 
14 8 19 11 6 2 1 6 12 9 20 17 9 12 9 87 10 11 10 10 18 
2 20 17 5 15 18 16 19 12 7 14 18 0 15 11 10 31 0 18 10 16 
2 5 9 19 1 16 7 14 2 12 3 16 9 19 15 11 0 85 15 9 15 
4 8 4 4 20 5 11 16 12 13 9 18 3 11 13 10 18 15 35 7 6 
5 12 6 8 8 18 10 12 16 3 10 16 12 7 3 10 10 9 7 75 18 
7 10 7 0 11 2 2 9 12 7 3 0 14 0 8 18 16 15 6 18 33 
