91 14
45 19 24 9 7 22 3 35 25 21 23 27 4 38 28 18 23 37 24 21 12 32 29 27 22 47 30 36 56 41 35 29 37 32 46 36 18 21 50 31 45 35 17 11 48 24 22 28 19 17 6 34 33 17 20 33 24 14 4 37 35 19 24 40 40 33 32 27 49 34 23 14 31 28 30 23 43 4 10 48 17 9 12 39 8 48 12 34 6 32 23 
19 77 21 29 26 7 16 42 35 38 41 27 23 22 9 23 24 19 16 20 13 37 38 10 20 28 18 23 37 24 21 12 32 29 27 22 3 2 31 12 38 28 13 14 34 5 30 12 20 25 21 44 46 9 26 17 22 19 16 45 45 4 27 21 28 18 25 22 31 17 19 11 35 35 13 18 45 23 29 44 20 26 31 33 15 59 11 41 14 42 7 
24 21 56 31 31 15 22 22 19 45 46 6 27 43 22 39 42 38 36 2 13 54 52 17 39 38 40 45 52 44 18 20 53 49 34 43 18 23 37 24 21 12 32 29 27 22 45 34 37 12 19 58 57 12 41 39 41 10 20 60 59 17 44 39 19 18 46 42 33 37 2 11 52 51 18 38 23 24 26 25 6 33 34 14 16 72 26 57 24 55 16 
9 29 31 37 5 31 12 36 26 15 15 33 6 47 38 22 27 46 31 28 21 32 28 36 27 57 38 43 66 49 45 39 43 37 56 44 28 31 59 41 52 43 25 19 57 34 23 37 24 21 12 32 29 27 22 42 29 20 13 36 32 29 27 49 49 43 39 33 58 43 31 24 33 28 39 29 46 7 6 54 24 7 3 45 17 44 21 33 15 30 32 
7 26 31 5 47 29 10 39 29 13 16 34 3 42 35 17 22 42 26 28 19 28 24 34 22 54 33 38 61 45 43 37 37 31 53 39 25 28 57 38 52 43 20 14 56 31 18 32 18 23 12 28 26 25 17 37 24 21 12 32 29 27 22 45 48 41 33 27 56 39 31 22 28 23 37 24 48 7 11 56 24 2 5 46 15 42 16 29 11 26 30 
22 7 15 31 29 74 19 37 32 42 45 21 26 27 7 29 31 22 23 14 11 44 44 5 27 26 25 29 38 28 14 7 39 36 24 28 5 8 28 10 31 21 20 20 28 6 36 18 27 22 21 50 51 5 33 23 29 16 18 51 52 3 34 24 21 12 32 29 27 22 13 9 42 42 8 26 39 25 30 36 15 30 34 26 15 65 17 48 18 48 1 
3 16 22 12 10 19 48 34 25 24 26 26 7 36 25 18 23 34 22 19 9 33 30 24 21 44 28 34 53 38 32 26 37 32 43 34 15 19 46 28 43 33 16 10 45 21 23 25 18 16 7 36 35 14 20 31 23 12 2 38 37 16 24 37 37 30 31 26 46 32 21 12 32 29 27 22 42 7 13 47 15 12 15 36 5 50 10 35 4 33 20 
35 42 22 36 39 37 34 42 10 51 49 16 36 64 44 53 58 59 55 22 30 67 63 39 56 60 60 65 74 65 38 42 71 66 55 64 39 44 58 46 28 26 49 45 42 43 57 54 53 18 28 68 66 33 55 60 58 23 32 72 69 38 59 61 37 39 65 60 53 59 24 30 66 63 40 56 12 32 29 27 22 42 39 23 30 81 43 69 39 66 38 
25 35 19 26 29 32 25 10 24 41 39 16 26 58 39 44 48 54 47 18 22 57 53 35 47 57 52 57 70 59 37 38 62 57 53 57 32 38 56 42 33 28 41 36 44 38 47 47 44 10 18 58 55 27 45 53 49 15 23 61 58 32 49 56 38 37 56 51 53 53 20 24 56 53 37 47 21 22 19 33 16 32 29 27 22 70 35 59 30 55 33 
21 38 45 15 13 42 24 51 41 64 6 48 17 49 47 20 24 51 33 42 33 22 16 47 26 65 40 44 71 52 56 49 38 32 65 46 37 39 69 50 66 57 28 23 69 43 16 41 23 36 26 18 14 38 17 45 27 34 25 23 18 39 22 54 62 54 37 31 69 47 44 36 24 18 50 29 61 21 22 69 38 12 11 60 29 29 27 22 23 17 43 
23 41 46 15 16 45 26 49 39 6 59 48 19 55 50 26 30 56 38 43 35 28 22 50 32 69 45 49 76 58 59 53 44 38 68 52 41 43 72 53 67 58 33 28 71 46 22 46 28 36 27 23 18 41 23 50 33 35 27 28 23 43 28 59 64 57 43 37 72 52 46 38 30 24 53 35 60 22 21 70 39 15 12 60 31 32 31 27 27 22 46 
27 27 6 33 34 21 26 16 16 48 48 54 31 49 28 44 47 43 42 7 18 59 57 22 44 43 46 51 57 50 21 25 58 55 38 49 24 29 41 29 18 11 37 34 28 28 50 40 43 12 22 62 61 18 46 45 46 13 24 65 63 23 49 45 21 22 52 48 37 43 8 17 57 55 24 44 17 27 28 21 10 37 37 12 20 76 32 61 29 60 22 
4 23 27 6 3 26 7 36 26 17 19 31 44 41 31 18 23 40 25 24 16 30 27 31 22 51 32 37 59 43 39 33 38 32 49 38 21 25 53 34 48 39 19 12 52 28 20 30 19 19 9 31 30 21 18 35 24 17 8 35 32 23 23 42 44 37 33 27 53 37 27 18 30 26 34 24 45 4 9 52 21 6 8 42 12 45 14 32 8 29 27 
38 22 43 47 42 27 36 64 58 49 55 49 41 39 21 29 26 7 16 42 35 38 41 27 23 24 9 7 22 3 35 25 21 23 27 4 25 20 30 21 56 46 22 28 46 21 36 10 26 47 42 47 51 31 33 5 23 42 37 45 49 26 30 8 42 32 16 19 35 5 41 34 35 38 27 20 66 43 49 62 42 41 47 52 36 61 26 42 32 45 27 
28 9 22 38 35 7 25 44 39 47 50 28 31 21 48 31 31 15 22 22 19 45 46 6 27 19 21 25 30 22 14 4 36 35 18 22 9 7 22 3 35 25 21 23 27 4 39 14 28 29 28 52 54 13 35 18 29 24 24 52 54 8 35 16 21 11 29 28 22 16 20 16 43 43 6 25 45 31 37 40 23 35 39 31 22 68 20 49 23 50 6 
18 23 39 22 17 29 18 53 44 20 26 44 18 29 31 19 5 31 12 36 26 15 15 33 6 47 19 23 51 32 44 34 20 14 48 26 24 23 52 34 59 49 9 9 57 27 7 22 3 35 25 21 23 27 4 25 7 31 21 22 22 26 5 34 50 41 17 11 53 28 37 27 13 12 36 9 60 22 27 64 34 15 21 53 23 36 12 18 14 19 30 
23 24 42 27 22 31 23 58 48 24 30 47 23 26 31 5 15 29 10 39 29 13 16 34 3 46 16 19 48 29 45 35 15 9 47 22 25 24 51 33 62 51 10 13 59 27 9 20 4 39 30 22 25 30 7 22 3 35 25 21 23 27 4 32 52 42 12 6 53 25 40 30 11 13 37 6 64 27 32 66 37 20 26 56 27 37 15 17 18 20 31 
37 19 38 46 42 22 34 59 54 51 56 43 40 7 15 31 29 44 19 37 32 42 45 21 26 17 13 14 19 6 28 19 27 28 20 10 21 16 24 15 49 40 23 28 39 16 39 9 28 43 40 51 55 27 35 7 26 38 35 50 53 21 33 3 35 25 21 23 27 4 36 30 39 42 21 23 60 41 47 55 38 42 47 46 34 66 25 46 31 49 21 
24 16 36 31 26 23 22 55 47 33 38 42 25 16 22 12 10 19 6 34 25 24 26 26 7 35 7 12 38 19 36 26 16 13 37 13 18 15 40 24 54 44 6 12 49 18 20 9 9 37 29 32 36 24 16 12 7 32 24 31 34 20 14 22 43 33 9 6 42 15 35 25 21 23 27 4 60 28 34 60 33 25 31 49 25 47 12 28 18 30 23 
21 20 2 28 28 14 19 22 18 42 43 7 24 42 22 36 39 37 34 70 10 51 49 16 36 39 38 43 52 43 19 20 51 47 35 42 17 22 38 24 24 14 29 26 29 21 42 32 35 9 16 55 54 11 39 37 39 7 17 57 56 16 42 38 22 19 44 40 35 36 3 9 50 48 19 36 25 21 23 27 4 30 31 17 13 69 24 54 22 53 15 
12 13 13 21 19 11 9 30 22 33 35 18 16 35 19 26 29 32 25 10 50 41 39 16 26 38 30 35 49 37 24 19 41 37 36 34 10 15 39 22 34 24 20 16 36 16 32 25 25 12 9 45 45 6 28 30 28 6 7 47 46 10 31 34 28 22 35 30 38 30 12 3 39 37 19 26 35 14 18 38 8 21 23 27 4 60 14 43 11 42 12 
32 37 54 32 28 44 33 67 57 22 28 59 30 38 45 15 13 42 24 51 41 43 6 48 17 59 28 30 60 41 58 49 19 14 61 34 39 37 64 47 74 64 24 24 72 41 9 33 17 49 39 9 15 43 12 34 16 45 35 7 11 41 10 45 65 55 22 18 67 38 52 42 3 4 50 20 75 35 39 79 48 25 30 68 38 23 27 4 29 8 45 
29 38 52 28 24 44 30 63 53 16 22 57 27 41 46 15 16 45 26 49 39 6 47 48 19 62 32 34 63 44 59 50 25 19 63 37 39 38 67 49 73 63 24 24 72 42 7 36 17 46 36 6 9 42 11 38 19 43 33 8 7 41 12 48 65 56 26 22 68 41 51 41 8 3 51 22 72 31 35 77 46 21 25 67 36 21 27 5 27 4 45 
27 10 17 36 34 5 24 39 35 47 50 22 31 27 6 33 34 21 26 16 16 48 48 55 31 22 27 30 35 28 10 3 41 39 19 28 9 10 23 7 29 19 24 25 24 7 41 19 31 25 26 55 56 9 37 24 32 20 23 55 56 7 38 22 17 7 34 32 22 22 14 13 46 46 3 29 39 30 34 35 19 35 39 25 20 70 21 52 23 52 4 
22 20 39 27 22 27 21 56 47 26 32 44 22 23 27 6 3 26 7 36 26 17 19 31 8 42 13 17 45 26 41 31 15 10 43 19 22 20 47 30 58 48 7 11 55 24 13 16 3 37 28 25 29 27 9 18 2 32 23 25 27 24 7 29 48 38 11 5 49 22 37 27 15 16 33 3 61 26 32 63 35 20 27 53 25 40 12 21 17 23 27 
47 28 38 57 54 26 44 60 57 65 69 43 51 24 19 47 46 17 35 39 38 59 62 22 42 43 31 31 15 22 22 19 45 46 6 27 29 26 7 16 42 35 38 41 27 23 55 25 44 48 48 68 71 32 51 25 43 43 44 67 69 28 50 15 26 20 39 40 12 21 36 35 56 59 20 39 57 51 56 48 41 54 59 41 42 83 38 63 42 66 25 
30 18 40 38 33 25 28 60 52 40 45 46 32 9 21 19 16 13 7 38 30 28 32 27 13 31 59 5 31 12 36 26 15 15 33 6 21 16 37 23 56 46 13 19 49 19 26 7 16 42 35 38 41 27 23 6 13 36 30 36 39 22 20 16 43 33 8 10 40 9 38 29 25 29 28 10 63 35 41 62 38 32 38 52 30 52 18 32 24 36 25 
36 23 45 43 38 29 34 65 57 44 49 51 37 7 25 23 19 14 12 43 35 30 34 30 17 31 5 52 29 10 39 29 13 16 34 3 26 21 38 26 60 50 18 24 52 23 29 11 21 47 41 40 44 32 27 7 16 42 35 38 41 27 23 16 46 36 8 13 41 10 43 34 27 31 31 14 68 40 46 66 43 37 43 56 35 54 23 34 29 38 29 
56 37 52 66 61 38 53 74 70 71 76 57 59 22 30 51 48 19 38 52 49 60 63 35 45 15 31 29 14 19 37 32 42 45 21 26 39 34 21 28 57 50 42 48 43 33 58 29 48 60 58 69 73 43 54 26 45 55 54 67 71 38 52 16 42 35 38 41 27 23 50 47 57 60 33 41 72 60 66 63 54 61 67 56 52 83 45 64 50 67 37 
41 24 44 49 45 28 38 65 59 52 58 50 43 3 22 32 29 6 19 43 37 41 44 28 26 22 12 10 19 33 34 25 24 26 26 7 27 21 29 21 56 47 25 31 45 22 39 12 29 49 44 50 54 32 36 7 26 43 39 48 52 27 33 7 41 31 19 22 33 6 42 35 38 41 27 23 67 45 51 62 43 44 50 53 38 64 29 45 35 48 27 
35 21 18 45 43 14 32 38 37 56 59 21 39 35 14 44 45 28 36 19 24 58 59 10 41 22 36 39 37 34 84 10 51 49 16 36 20 21 19 13 21 13 34 35 13 17 51 29 41 29 33 65 66 18 47 32 43 26 31 66 66 17 48 28 7 3 44 42 15 29 16 21 56 56 8 39 35 38 41 27 23 44 47 19 28 80 31 62 33 63 14 
29 12 20 39 37 7 26 42 38 49 53 25 33 25 4 34 35 19 26 20 19 49 50 3 31 19 26 29 32 25 10 71 41 39 16 26 12 11 20 4 31 21 25 26 23 7 42 18 32 29 29 56 58 13 38 22 33 24 26 56 57 10 39 19 17 7 33 32 19 20 18 16 47 47 2 29 42 33 37 36 22 38 41 27 23 71 23 53 26 54 6 
37 32 53 43 37 39 37 71 62 38 44 58 38 21 36 20 15 27 16 51 41 19 25 41 15 45 15 13 42 24 51 41 76 6 48 17 34 31 51 38 70 60 21 26 64 34 22 22 19 52 44 29 34 40 21 20 13 47 39 26 31 36 16 30 58 48 7 11 55 24 51 41 16 22 43 15 76 42 47 76 49 35 41 66 40 41 27 23 32 28 39 
32 29 49 37 31 36 32 66 57 32 38 55 32 23 35 14 9 28 13 47 37 14 19 39 10 46 15 16 45 26 49 39 6 83 48 19 31 28 52 37 68 57 17 21 63 32 16 21 13 47 39 24 29 37 15 21 8 43 34 22 26 33 10 31 57 46 7 7 55 24 47 37 11 16 41 10 72 36 42 73 45 29 35 63 36 38 23 18 27 23 36 
46 27 34 56 53 24 43 55 53 65 68 38 49 27 18 48 47 20 37 35 36 61 63 19 43 6 33 34 21 26 16 16 48 48 55 31 27 25 4 15 36 30 38 41 21 22 55 27 45 44 46 69 71 29 52 28 44 40 42 68 70 26 51 19 20 16 41 42 7 24 32 33 58 60 16 40 52 49 54 42 38 53 57 35 39 84 38 65 41 67 23 
36 22 43 44 39 28 34 64 57 46 52 49 38 4 22 26 22 10 13 42 34 34 37 28 19 27 6 3 26 7 36 26 17 19 31 46 25 20 34 23 57 48 19 25 48 21 32 9 23 46 41 43 47 31 29 4 19 41 35 41 45 26 26 12 44 33 12 15 38 7 41 33 31 34 28 16 67 41 47 63 42 38 44 54 35 57 24 38 30 41 27 
18 3 18 28 25 5 15 39 32 37 41 24 21 25 9 24 25 21 18 17 10 39 39 9 22 29 21 26 39 27 20 12 34 31 27 25 62 5 31 12 36 26 15 15 33 6 31 15 22 22 19 45 46 6 27 20 24 16 14 46 46 2 29 23 26 17 27 24 31 20 16 8 37 36 12 20 42 21 27 41 16 26 30 31 12 60 11 42 14 42 6 
21 2 23 31 28 8 19 44 38 39 43 29 25 20 7 23 24 16 15 22 15 37 38 10 20 26 16 21 34 21 21 11 31 28 25 20 5 63 29 10 39 29 13 16 34 3 31 10 21 27 24 45 46 11 27 15 22 22 19 45 46 6 27 18 28 18 23 21 30 15 21 13 35 36 12 18 47 26 31 45 22 28 33 35 17 60 12 41 16 42 8 
50 31 37 59 57 28 46 58 56 69 72 41 53 30 22 52 51 24 40 38 39 64 67 23 47 7 37 38 21 29 19 20 51 52 4 34 31 29 31 19 37 32 42 45 21 26 59 31 49 48 49 73 75 33 56 31 48 43 46 72 74 30 55 22 22 19 45 46 6 27 35 36 62 64 20 44 54 53 58 43 41 57 61 37 43 88 42 68 45 71 27 
31 12 24 41 38 10 28 46 42 50 53 29 34 21 3 34 33 15 24 24 22 47 49 7 30 16 23 26 28 21 13 4 38 37 15 23 12 10 19 44 34 25 24 26 26 7 41 15 31 32 31 55 57 15 37 19 31 27 27 55 56 11 37 15 20 10 31 30 19 16 22 19 45 46 6 27 46 34 40 40 25 38 42 31 25 70 23 51 26 53 9 
45 38 21 52 52 31 43 28 33 66 67 18 48 56 35 59 62 49 54 24 34 74 73 29 58 42 56 60 57 56 21 31 70 68 36 57 36 39 37 34 44 10 51 49 16 36 66 49 57 31 40 79 79 31 62 53 60 31 41 81 80 34 64 49 15 24 63 61 31 51 22 32 73 71 28 57 19 45 46 6 27 54 55 6 37 94 46 77 45 76 31 
35 28 12 43 43 21 33 26 28 57 58 11 39 46 25 49 51 40 44 14 24 64 63 19 48 35 46 50 50 47 13 21 60 57 30 48 26 29 32 25 10 38 41 39 16 26 55 39 47 23 31 69 69 21 52 43 50 22 31 71 70 24 54 41 10 15 53 50 27 41 12 22 62 61 19 47 22 36 38 15 18 45 46 6 27 84 36 67 35 66 21 
17 13 32 25 20 20 16 49 41 28 33 37 19 22 21 9 10 23 6 29 20 24 24 24 7 38 13 18 42 25 34 25 21 17 38 19 15 13 42 24 51 41 90 6 48 17 17 13 7 31 23 31 33 19 13 17 9 26 17 31 32 17 14 26 41 31 15 10 43 19 30 20 22 22 26 6 55 22 28 56 28 19 25 46 19 46 6 27 11 28 20 
11 14 29 19 14 20 10 45 36 23 28 34 12 28 23 9 13 28 12 26 16 24 24 25 11 41 19 24 48 31 35 26 26 21 41 25 15 16 45 26 49 39 6 93 48 19 16 18 8 26 17 30 31 18 12 23 13 21 12 31 31 17 15 31 41 32 21 15 46 25 28 17 23 22 27 11 51 16 22 54 24 13 19 44 14 45 3 27 6 27 21 
48 34 27 57 56 28 45 42 44 69 71 28 52 46 27 57 59 39 49 29 36 72 72 24 55 27 49 52 43 45 13 23 64 63 21 48 33 34 21 26 16 16 48 48 12 31 65 42 55 39 45 79 80 31 61 44 56 37 44 80 80 31 62 38 7 16 57 56 15 41 26 33 70 70 22 53 35 50 53 22 33 57 60 19 40 94 45 76 46 76 27 
24 5 22 34 31 6 21 43 38 43 46 28 28 21 4 27 27 16 18 21 16 41 42 7 24 23 19 23 33 22 17 7 34 32 22 21 6 3 26 7 36 26 17 19 31 55 35 12 24 27 25 48 50 10 31 17 25 22 21 49 50 5 31 17 24 14 26 25 26 15 20 14 39 40 9 22 45 28 33 42 22 31 36 32 19 64 16 45 19 46 6 
22 30 45 23 18 36 23 57 47 16 22 50 20 36 39 7 9 39 20 42 32 9 7 41 13 55 26 29 58 39 51 42 22 16 55 32 31 31 59 41 66 55 17 16 65 35 10 29 10 39 29 13 16 34 3 31 12 36 26 15 15 33 6 42 58 48 21 16 61 35 44 33 9 5 43 16 65 25 29 70 39 16 21 60 29 29 19 11 20 11 37 
28 12 34 37 32 18 25 54 47 41 46 40 30 10 14 22 20 9 9 32 25 33 36 19 16 25 7 11 29 12 29 18 22 21 27 9 15 10 31 15 49 39 13 18 42 12 29 63 19 37 32 42 45 21 26 5 17 31 26 41 43 16 24 12 36 26 15 15 33 6 32 24 30 33 20 13 57 32 38 55 32 32 37 45 26 57 16 37 22 40 18 
19 20 37 24 18 27 18 53 44 23 28 43 19 26 28 3 4 28 9 35 25 17 17 31 3 44 16 21 48 29 41 32 19 13 45 23 22 21 49 31 57 47 7 8 55 24 10 19 25 34 25 24 26 26 7 21 5 30 20 24 25 24 7 31 48 38 15 9 50 25 36 26 15 15 33 6 59 23 28 62 33 17 23 52 23 39 11 20 14 21 27 
17 25 12 21 23 22 16 18 10 36 36 12 19 47 29 35 39 43 37 9 12 49 46 25 37 48 42 47 60 49 29 29 52 47 44 46 22 27 48 32 31 23 31 26 39 27 39 37 34 72 10 51 49 16 36 42 39 5 14 54 52 22 40 45 31 28 46 41 45 42 12 13 48 45 28 37 26 15 15 33 6 25 24 24 12 65 25 51 20 49 23 
6 21 19 12 12 21 7 28 18 26 27 22 9 42 28 25 30 40 29 16 9 39 36 26 28 48 35 41 58 44 33 29 44 39 46 41 19 24 49 31 40 31 23 17 45 25 29 32 25 10 52 41 39 16 26 37 30 8 5 44 42 20 31 42 37 31 38 33 48 38 19 12 38 35 29 29 36 5 8 43 12 15 15 33 6 54 17 41 11 38 22 
34 44 58 32 28 50 36 68 58 18 23 62 31 47 52 21 22 51 32 55 45 9 6 55 25 68 38 40 69 50 65 56 29 24 69 43 45 45 73 55 79 69 31 30 79 48 13 42 24 51 41 30 6 48 17 44 25 48 38 5 1 47 18 54 71 62 31 28 74 47 57 47 12 9 57 28 77 36 39 83 52 26 28 73 42 15 33 6 33 2 51 
33 46 57 29 26 51 35 66 55 14 18 61 30 51 54 23 25 55 36 54 45 15 9 56 29 71 41 44 73 54 66 58 34 29 71 47 46 46 75 57 79 69 33 31 80 50 16 45 26 49 39 6 30 48 19 47 28 47 37 11 5 48 21 58 72 63 36 31 77 51 57 47 18 12 59 32 75 34 36 82 51 24 26 72 41 15 34 12 33 6 52 
17 9 12 27 25 5 14 33 27 38 41 18 21 31 13 27 30 27 24 11 6 43 42 9 27 32 27 32 43 32 18 13 40 37 29 31 6 11 33 15 31 21 19 18 31 10 34 21 26 16 16 48 48 67 31 26 29 11 13 50 49 5 33 28 23 16 33 30 31 26 10 3 41 40 12 26 36 20 24 36 11 26 29 26 10 63 15 46 15 46 6 
20 26 41 22 17 33 20 55 45 17 23 46 18 33 35 4 7 35 16 39 28 12 11 37 9 51 23 27 54 36 47 38 21 15 52 29 27 27 56 37 62 52 13 12 61 31 3 26 7 36 26 17 19 31 13 28 10 33 23 18 19 30 5 38 54 44 19 14 57 31 40 30 11 9 40 12 62 23 28 66 36 14 20 56 26 32 16 15 17 15 33 
33 17 39 42 37 23 31 60 53 45 50 45 35 5 18 25 22 7 12 37 30 34 38 24 18 25 6 7 26 7 32 22 20 21 28 4 20 15 31 19 53 43 17 23 44 17 31 5 21 42 37 44 47 26 28 59 19 37 32 42 45 21 26 10 39 29 13 16 34 3 37 29 31 35 24 15 62 38 44 59 37 36 42 49 31 58 21 38 27 42 23 
24 22 41 29 24 29 23 58 49 27 33 46 24 23 29 7 3 26 7 39 28 16 19 32 2 43 13 16 45 26 43 33 13 8 44 19 24 22 48 31 60 50 9 13 56 25 12 17 5 39 30 25 28 29 10 19 21 34 25 24 26 26 7 29 50 40 9 3 50 22 39 29 13 16 34 3 64 28 34 65 37 22 28 55 27 39 14 20 19 23 29 
14 19 10 20 21 16 12 23 15 34 35 13 17 42 24 31 35 38 32 7 6 45 43 20 32 43 36 42 55 43 26 24 47 43 40 41 16 22 43 27 31 22 26 21 37 22 36 31 30 5 8 48 47 11 33 37 34 79 10 51 49 16 36 40 29 24 41 36 41 37 10 8 44 42 23 32 29 13 16 34 3 23 23 25 7 62 20 48 16 46 18 
4 16 20 13 12 18 2 32 23 25 27 24 8 37 24 21 25 35 24 17 7 35 33 23 23 44 30 35 54 39 31 26 39 34 42 35 14 19 46 27 41 31 17 12 44 21 26 26 20 14 5 38 37 13 23 32 25 10 59 41 39 16 26 37 36 29 33 28 45 33 19 10 34 31 26 24 39 6 12 44 13 13 16 34 3 52 11 37 6 36 19 
37 45 60 36 32 51 38 72 61 23 28 65 35 45 52 22 21 50 31 57 47 7 8 55 25 67 36 38 67 48 66 56 26 22 68 41 46 45 72 55 81 71 31 31 80 49 15 41 24 54 44 5 11 50 18 42 24 51 41 27 6 48 17 53 72 63 29 26 74 46 59 49 10 9 58 27 80 39 43 85 54 29 33 75 44 16 34 3 35 6 52 
35 45 59 32 29 52 37 69 58 18 23 63 32 49 54 22 23 53 34 56 46 11 7 56 27 69 39 41 71 52 66 57 31 26 70 45 46 46 74 56 80 70 32 31 80 50 15 43 25 52 42 1 5 49 19 45 26 49 39 6 32 48 19 56 73 63 33 29 76 49 58 48 14 10 59 30 78 37 39 84 53 26 29 74 43 13 35 7 34 3 52 
19 4 17 29 27 3 16 38 32 39 43 23 23 26 8 26 27 21 20 16 10 41 41 7 24 28 22 27 38 27 17 10 36 33 26 26 2 6 30 11 34 24 17 17 31 5 33 16 24 22 20 47 48 5 30 21 26 16 16 48 48 69 31 23 24 15 29 26 29 20 15 8 39 39 10 22 41 23 28 39 16 28 31 29 13 62 13 44 16 45 3 
24 27 44 27 22 34 24 59 49 22 28 49 23 30 35 5 4 33 14 42 31 10 12 38 7 50 20 23 52 33 48 39 16 10 51 26 29 27 55 37 64 54 14 15 62 31 6 24 7 40 31 18 21 33 5 26 7 36 26 17 19 31 7 36 55 45 15 10 57 29 43 33 8 9 40 10 66 28 33 69 39 19 25 59 29 33 18 13 20 16 34 
40 21 39 49 45 24 37 61 56 54 59 45 42 8 16 34 32 3 22 38 34 45 48 22 29 15 16 16 16 7 28 19 30 31 19 12 23 18 22 15 49 41 26 31 38 17 42 12 31 45 42 54 58 28 38 10 29 40 37 53 56 23 36 38 34 25 24 26 26 7 37 32 42 45 21 26 61 44 50 55 40 44 50 47 36 69 28 49 34 52 23 
40 28 19 49 48 21 37 37 38 62 64 21 44 42 21 50 52 35 43 22 28 65 65 17 48 26 43 46 42 41 7 17 58 57 20 44 26 28 22 20 15 10 41 41 7 24 58 36 48 31 37 71 72 23 54 39 50 29 36 72 73 24 55 34 74 10 51 49 16 36 19 25 63 63 15 46 32 42 45 21 26 50 52 15 32 87 38 69 39 69 20 
33 18 18 43 41 12 30 39 37 54 57 22 37 32 11 41 42 25 33 19 22 55 56 7 38 20 33 36 35 31 3 7 48 46 16 33 17 18 19 10 24 15 31 32 16 14 48 26 38 28 31 62 63 16 44 29 40 24 29 63 63 15 45 25 10 64 41 39 16 26 16 19 53 53 5 36 37 36 40 30 22 42 45 21 26 77 28 59 30 60 11 
32 25 46 39 33 32 31 65 56 37 43 52 33 16 29 17 12 21 9 44 35 22 26 34 11 39 8 8 38 19 44 33 7 7 41 12 27 23 45 31 63 53 15 21 57 26 21 15 15 46 38 31 36 33 19 13 9 41 33 29 33 29 15 24 51 41 84 6 48 17 44 34 19 23 35 9 69 37 43 69 43 32 38 58 34 45 21 26 27 30 32 
27 22 42 33 27 29 26 60 51 31 37 48 27 19 28 11 6 23 6 40 30 18 22 32 5 40 10 13 41 22 42 32 11 7 42 15 24 21 46 30 61 50 10 15 56 25 16 15 9 41 33 28 31 30 14 16 3 36 28 26 29 26 10 26 49 39 6 91 48 19 40 30 15 19 34 4 65 31 37 66 38 26 32 55 29 42 16 22 21 26 29 
49 31 33 58 56 27 46 53 53 69 72 37 53 35 22 53 53 27 42 35 38 67 68 22 49 12 40 41 27 33 15 19 55 55 7 38 31 30 6 19 31 27 43 46 15 26 61 33 50 45 48 74 77 31 57 34 50 41 45 74 76 29 57 26 16 16 48 48 43 31 32 35 64 65 19 46 49 52 56 37 38 57 61 32 42 90 42 70 45 72 26 
34 17 37 43 39 22 32 59 53 47 52 43 37 5 16 28 25 4 15 36 30 38 41 22 22 21 9 10 23 6 29 20 24 24 24 7 20 15 27 16 51 41 19 25 41 15 35 6 25 42 38 47 51 26 31 3 22 37 33 46 49 20 29 7 36 26 17 19 31 52 35 28 35 38 22 19 61 39 45 56 37 38 44 47 32 62 22 42 28 45 21 
23 19 2 31 31 13 21 24 20 44 46 8 27 41 20 37 40 36 35 3 12 52 51 14 37 36 38 43 50 42 16 18 51 47 32 41 16 21 35 22 22 12 30 28 26 20 44 32 36 12 19 57 57 10 40 37 39 10 19 59 58 15 43 37 19 16 44 40 32 35 69 10 51 49 16 36 25 24 26 26 7 33 34 15 15 72 25 55 23 54 14 
14 11 11 24 22 9 12 30 24 36 38 17 18 34 16 27 30 30 25 9 3 42 41 13 27 35 29 34 47 35 21 16 41 37 33 33 8 13 36 19 32 22 20 17 33 14 33 24 26 13 12 47 47 3 30 29 29 8 10 49 48 8 33 32 25 19 34 30 35 28 10 51 41 39 16 26 34 17 21 36 8 24 26 26 7 62 15 45 13 44 10 
31 35 52 33 28 42 32 66 56 24 30 57 30 35 43 13 11 39 21 50 39 3 8 46 15 56 25 27 57 38 56 47 16 11 58 31 37 35 62 45 73 62 22 23 70 39 9 30 15 48 38 12 18 41 11 31 13 44 34 10 14 39 8 42 63 53 19 15 64 35 51 41 48 6 48 17 74 34 39 77 47 25 30 67 37 26 26 7 28 11 42 
28 35 51 28 23 42 29 63 53 18 24 55 26 38 43 12 13 42 23 48 37 4 3 46 16 59 29 31 60 41 56 47 22 16 60 34 36 36 64 46 71 61 22 22 70 40 5 33 15 45 35 9 12 40 9 35 16 42 31 9 10 39 9 45 63 53 23 19 65 38 49 39 6 53 48 19 71 31 34 76 45 21 25 65 35 24 25 6 26 7 42 
30 13 18 39 37 8 27 40 37 50 53 24 34 27 6 36 37 21 27 19 19 50 51 3 33 20 28 31 33 27 8 2 43 41 16 28 12 12 20 6 28 19 26 27 22 9 43 20 33 28 29 57 59 12 40 24 34 23 26 58 59 10 40 21 15 5 35 34 19 22 16 16 48 48 52 31 40 33 37 34 21 38 42 25 23 72 24 54 26 55 7 
23 18 38 29 24 26 22 56 47 29 35 44 24 20 25 9 6 23 4 36 26 20 22 29 3 39 10 14 41 23 39 29 15 10 40 16 20 18 44 27 57 47 6 11 53 22 16 13 6 37 29 28 32 26 12 15 3 32 24 27 30 22 10 26 46 36 9 4 46 19 36 26 17 19 31 14 61 27 33 62 34 23 29 52 25 43 12 24 17 26 26 
43 45 23 46 48 39 42 12 21 61 60 17 45 66 45 60 64 60 60 25 35 75 72 39 61 57 63 68 72 67 35 42 76 72 52 67 42 47 54 46 19 22 55 51 35 45 65 57 59 26 36 77 75 36 62 62 64 29 39 80 78 41 66 61 32 37 69 65 49 61 25 34 74 71 40 61 20 41 39 16 26 51 49 16 36 90 49 77 45 75 39 
4 23 24 7 7 25 7 32 22 21 22 27 4 43 31 22 27 41 28 21 14 35 31 30 26 51 35 40 60 45 38 33 42 36 49 41 21 26 53 34 45 36 22 16 50 28 25 32 23 15 5 36 34 20 23 38 28 13 6 39 37 23 28 44 42 36 37 31 52 39 24 17 34 31 33 27 41 103 6 48 17 10 10 38 10 49 16 36 10 34 26 
10 29 26 6 11 30 13 29 19 22 21 28 9 49 37 27 32 47 34 23 18 39 35 34 32 56 41 46 66 51 41 37 47 42 54 47 27 31 58 40 46 38 28 22 53 33 29 38 28 15 8 39 36 24 28 44 34 16 12 43 39 28 33 50 45 40 43 37 56 45 26 21 39 34 37 33 39 6 99 48 19 13 10 40 14 51 23 40 16 36 31 
48 44 25 54 56 36 47 27 33 69 70 21 52 62 40 64 66 55 60 27 38 79 77 35 63 48 62 66 63 62 27 36 76 73 42 63 41 45 43 40 6 15 56 54 22 42 70 55 62 33 43 83 82 36 66 59 65 34 44 85 84 39 69 55 21 30 69 66 37 56 26 36 77 76 34 62 16 48 48 33 31 58 58 10 41 97 51 82 49 80 36 
17 20 6 24 24 15 15 22 16 38 39 10 21 42 23 34 37 38 33 4 8 48 46 19 35 41 38 43 54 43 23 22 49 45 38 42 16 22 41 25 27 18 28 24 33 22 39 32 33 6 12 52 51 11 36 37 37 3 13 54 53 16 39 40 26 22 43 38 38 37 7 8 47 45 21 34 26 17 19 31 73 27 27 21 10 66 22 51 19 49 16 
9 26 33 7 2 30 12 42 32 12 15 37 6 41 35 15 20 42 25 30 21 25 21 35 20 54 32 37 61 44 44 38 35 29 53 38 26 28 57 38 54 45 19 13 57 31 16 32 17 25 15 26 24 26 14 36 22 23 13 29 26 28 19 44 50 42 32 26 57 38 33 24 25 21 38 23 51 10 13 58 27 82 6 48 17 39 16 26 12 23 31 
12 31 34 3 5 34 15 39 29 11 12 37 8 47 39 21 26 47 31 31 23 30 25 39 27 59 38 43 67 50 47 41 41 35 57 44 30 33 61 42 55 46 25 19 60 36 21 37 23 24 15 28 26 29 20 42 28 23 16 33 29 31 25 50 52 45 38 32 61 44 34 26 30 25 42 29 49 10 10 58 27 6 79 48 19 41 21 30 16 26 35 
39 33 14 45 46 26 36 23 27 60 60 12 42 52 31 53 56 46 49 17 27 68 67 25 53 41 52 56 56 53 19 27 66 63 35 54 31 35 37 31 6 6 46 44 19 32 60 45 52 24 33 73 72 26 56 49 55 25 34 75 74 29 59 47 15 21 58 55 32 47 15 26 67 65 25 52 16 38 40 10 21 48 48 32 31 87 41 71 39 70 26 
8 15 16 17 15 15 5 30 22 29 31 20 12 36 22 23 27 34 25 13 4 38 36 20 25 42 30 35 52 38 28 23 40 36 39 35 12 17 43 25 37 27 19 14 40 19 29 26 23 12 6 42 41 10 26 31 27 7 3 44 43 13 29 36 32 26 34 29 42 32 15 7 37 35 23 25 36 10 14 41 10 17 19 31 53 56 13 41 8 39 16 
48 59 72 44 42 65 50 81 70 29 32 76 45 61 68 36 37 66 47 69 60 23 21 70 40 83 52 54 83 64 80 71 41 38 84 57 60 60 88 70 94 84 46 45 94 64 29 57 39 65 54 15 15 63 32 58 39 62 52 16 13 62 33 69 87 77 45 42 90 62 72 62 26 24 72 43 90 49 51 97 66 39 41 87 56 12 48 19 48 17 66 
12 11 26 21 16 17 10 43 35 27 31 32 14 26 20 12 15 25 12 24 14 27 27 21 12 38 18 23 45 29 31 23 27 23 38 24 11 12 42 23 46 36 6 3 45 16 19 16 11 25 17 33 34 15 16 21 14 20 11 34 35 13 18 28 38 28 21 16 42 22 25 15 26 25 24 12 49 16 23 51 22 16 21 41 13 48 97 31 6 31 17 
34 41 57 33 29 48 35 69 59 22 27 61 32 42 49 18 17 46 28 54 43 4 5 52 21 63 32 34 64 45 62 53 23 18 65 38 42 41 68 51 77 67 27 27 76 45 11 37 20 51 41 6 12 46 15 38 20 48 37 3 7 44 13 49 69 59 26 22 70 42 55 45 7 6 54 24 77 36 40 82 51 26 30 71 41 19 31 35 32 6 48 
6 14 24 15 11 18 4 39 30 23 27 29 8 32 23 14 18 31 18 22 11 29 27 23 17 42 24 29 50 35 33 26 32 27 41 30 14 16 45 26 45 35 11 6 46 19 20 22 14 20 11 33 33 15 17 27 19 16 6 35 34 16 20 34 39 30 27 21 45 28 23 13 28 26 26 17 45 10 16 49 19 12 16 39 8 48 6 32 97 31 19 
32 42 55 30 26 48 33 66 55 17 22 60 29 45 50 19 20 49 30 53 42 8 4 52 23 66 36 38 67 48 63 54 28 23 67 41 42 42 71 53 76 66 28 27 76 46 11 40 21 49 38 2 6 46 15 42 23 46 36 6 3 45 16 52 69 60 30 26 72 45 54 44 11 7 55 26 75 34 36 80 49 23 26 70 39 17 31 6 31 39 48 
23 7 16 32 30 1 20 38 33 43 46 22 27 27 6 30 31 21 23 15 12 45 45 4 27 25 25 29 37 27 14 6 39 36 23 27 6 8 27 9 31 21 20 21 27 6 37 18 27 23 22 51 52 6 33 23 29 18 19 52 52 3 34 23 20 11 32 29 26 21 14 10 42 42 7 26 39 26 31 36 16 31 35 26 16 66 17 48 19 48 62 
