55 11
66 18 14 14 16 6 30 17 17 12 24 25 31 25 29 16 19 29 22 10 15 9 18 6 7 12 12 29 25 23 25 19 29 19 31 30 28 25 35 25 24 27 21 31 21 19 18 28 20 24 30 20 25 15 25 
18 49 23 28 25 19 31 21 29 18 33 42 49 43 45 34 37 47 39 25 31 25 29 16 19 29 22 48 43 41 39 37 47 37 49 48 44 43 53 43 42 41 39 49 39 35 36 47 38 36 45 34 43 32 43 
14 23 50 6 2 8 16 5 5 4 39 33 39 33 39 17 28 36 32 24 28 23 33 10 21 24 27 31 25 29 16 19 29 22 32 35 21 25 36 28 29 18 20 30 22 15 23 32 28 12 21 11 24 17 26 
14 28 6 62 6 9 21 12 3 10 37 27 33 27 35 11 23 30 28 22 24 20 31 12 21 20 26 25 19 23 11 12 23 16 25 29 16 19 29 22 23 13 13 24 16 9 18 26 22 10 16 6 17 11 20 
16 25 2 6 51 10 15 6 4 7 40 33 39 33 40 17 28 36 33 26 29 24 34 12 23 25 28 30 25 29 14 18 28 22 31 35 20 25 35 28 29 16 19 29 22 14 24 32 28 10 20 9 23 17 26 
6 19 8 9 10 58 24 12 12 7 30 27 34 27 33 15 22 31 26 16 20 15 24 3 13 16 18 29 24 25 20 18 28 19 30 31 24 24 35 26 25 22 19 30 20 16 19 29 22 19 26 15 23 14 24 
30 31 16 21 15 24 32 12 18 17 55 49 55 49 56 33 44 51 49 40 44 39 49 24 37 41 42 45 39 45 25 33 42 38 45 50 31 39 49 43 44 25 33 43 37 29 39 47 44 19 29 22 37 32 40 
17 21 5 12 6 12 12 38 10 5 42 38 44 38 45 23 33 41 37 28 32 27 36 12 24 29 30 37 31 34 20 25 35 28 37 41 26 31 41 34 35 22 25 36 28 21 29 38 33 16 26 16 29 22 32 
17 29 5 3 4 12 18 10 59 10 41 31 36 30 38 14 26 33 31 26 28 24 34 14 24 24 29 27 21 26 10 15 25 19 27 32 16 21 31 25 26 12 15 25 19 11 21 29 26 7 16 5 19 14 22 
12 18 4 10 7 7 17 5 10 45 37 34 40 34 40 20 28 37 33 23 27 22 31 6 19 24 24 34 29 31 20 22 33 25 35 37 26 29 39 31 31 22 23 34 25 19 25 35 29 17 26 16 27 19 29 
24 33 39 37 40 30 55 42 41 37 36 23 28 25 19 31 21 29 18 14 14 16 6 30 17 17 12 37 37 28 45 34 39 30 39 31 45 36 42 32 30 47 36 42 32 37 27 33 23 47 49 42 39 30 35 
25 42 33 27 33 27 49 38 31 34 23 29 6 2 8 16 5 5 4 18 12 17 20 30 23 13 22 14 16 6 30 17 17 12 16 7 27 15 19 10 8 31 19 19 13 22 9 9 5 34 31 29 19 16 14 
31 49 39 33 39 34 55 44 36 40 28 6 29 6 9 21 12 3 10 24 18 23 25 36 30 19 28 14 18 9 34 21 18 16 16 6 30 17 17 12 10 35 22 20 17 26 15 9 11 38 34 33 21 22 16 
25 43 33 27 33 27 49 38 30 34 25 2 6 33 10 15 6 4 7 19 13 18 22 30 24 14 24 12 14 4 29 16 15 11 14 5 26 13 17 8 6 30 17 17 12 21 9 7 5 33 29 28 17 16 12 
29 45 39 35 40 33 56 45 38 40 19 8 9 10 12 24 12 12 7 20 13 19 18 34 25 16 23 22 25 14 38 26 26 20 24 14 36 24 26 19 16 40 27 28 22 30 17 17 12 42 40 37 27 24 22 
16 34 17 11 17 15 33 23 14 20 31 16 21 15 24 60 12 18 17 18 17 15 25 18 19 13 22 14 9 11 14 3 13 4 15 17 14 9 19 11 11 16 6 15 5 6 6 15 12 17 17 12 9 1 9 
19 37 28 23 28 22 44 33 26 28 21 5 12 6 12 12 35 10 5 13 8 11 17 24 18 7 18 15 15 6 27 14 17 9 17 11 25 14 21 10 8 28 16 20 11 18 6 12 1 30 29 25 17 12 13 
29 47 36 30 36 31 51 41 33 37 29 5 3 4 12 18 10 35 10 23 17 22 26 34 28 18 28 11 14 6 30 18 14 13 13 2 26 14 14 8 7 31 19 16 14 22 12 6 9 35 30 30 17 19 12 
22 39 32 28 33 26 49 37 31 33 18 4 10 7 7 17 5 10 25 14 8 13 15 28 20 9 18 19 20 9 32 20 21 14 21 12 30 19 24 14 12 34 21 24 16 23 11 14 6 35 34 30 22 17 17 
10 25 24 22 26 16 40 28 26 23 14 18 24 19 20 18 13 23 14 47 6 2 8 16 5 5 4 28 25 19 31 21 29 18 30 25 32 25 33 23 21 33 24 31 21 23 15 25 14 32 35 27 27 17 24 
15 31 28 24 29 20 44 32 28 27 14 12 18 13 13 17 8 17 8 6 56 6 9 21 12 3 10 23 22 14 31 20 25 15 25 19 31 21 29 18 16 33 22 27 18 23 12 20 9 33 34 28 24 16 20 
9 25 23 20 24 15 39 27 24 22 16 17 23 18 19 15 11 22 13 2 6 51 10 15 6 4 7 26 23 17 29 19 27 16 28 23 30 23 31 21 19 31 21 29 18 21 13 23 13 30 33 25 24 15 22 
18 29 33 31 34 24 49 36 34 31 6 20 25 22 18 25 17 26 15 8 9 10 38 24 12 12 7 33 32 23 39 29 35 25 35 28 40 31 38 28 25 41 31 37 27 31 21 29 18 41 43 36 33 25 30 
6 16 10 12 12 3 24 12 14 6 30 30 36 30 34 18 24 34 28 16 21 15 24 62 12 18 17 32 27 27 23 21 32 22 34 34 28 27 38 29 28 25 23 33 23 19 22 32 25 21 29 18 27 17 27 
7 19 21 21 23 13 37 24 24 19 17 23 30 24 25 19 18 28 20 5 12 6 12 12 43 10 5 31 28 23 31 23 32 21 33 29 33 28 37 27 25 33 25 34 23 24 19 29 19 31 36 26 29 18 27 
12 29 24 20 25 16 41 29 24 24 17 13 19 14 16 13 7 18 9 5 3 4 12 18 10 58 10 22 20 13 28 17 23 13 24 19 28 19 28 17 15 30 19 25 15 19 10 19 9 30 31 24 21 13 18 
12 22 27 26 28 18 42 30 29 24 12 22 28 24 23 22 18 28 18 4 10 7 7 17 5 10 37 33 30 24 35 26 34 23 35 29 37 30 38 28 26 37 28 36 25 27 20 30 19 36 39 31 31 21 29 
29 48 31 25 30 29 45 37 27 34 37 14 14 12 22 14 15 11 19 28 23 26 33 32 31 22 33 13 6 9 21 12 3 10 2 8 16 5 5 4 7 22 11 5 9 16 12 5 14 27 20 22 8 15 5 
25 43 25 19 25 24 39 31 21 29 37 16 18 14 25 9 15 14 20 25 22 23 32 27 28 20 30 6 4 10 15 6 4 7 6 13 11 1 10 6 8 16 5 5 4 10 10 9 14 21 15 16 2 10 2 
23 41 29 23 29 25 45 34 26 31 28 6 9 4 14 11 6 6 9 19 14 17 23 27 23 13 24 9 10 17 24 12 12 7 11 6 21 9 14 4 2 25 13 14 8 16 5 5 4 28 25 23 13 12 8 
25 39 16 11 14 20 25 20 10 20 45 30 34 29 38 14 27 30 32 31 31 29 39 23 31 28 35 21 15 24 33 12 18 17 21 28 6 16 24 21 23 2 11 18 16 8 21 25 26 5 5 4 13 15 18 
19 37 19 12 18 18 33 25 15 22 34 17 21 16 26 3 14 18 20 21 20 19 29 21 23 17 26 12 6 12 12 11 10 5 13 17 11 6 17 10 11 14 2 12 4 4 8 13 13 16 14 11 5 4 7 
29 47 29 23 28 28 42 35 25 33 39 17 18 15 26 13 17 14 21 29 25 27 35 32 32 23 34 3 4 12 18 10 11 10 2 12 13 4 6 7 9 18 9 2 8 14 13 8 16 23 16 20 5 14 4 
19 37 22 16 22 19 38 28 19 25 30 12 16 11 20 4 9 13 14 18 15 16 25 22 21 13 23 10 7 7 17 5 10 9 12 12 16 6 16 6 6 19 7 12 2 9 3 10 8 21 19 16 8 5 5 
31 49 32 25 31 30 45 37 27 35 39 16 16 14 24 15 17 13 21 30 25 28 35 34 33 24 35 2 6 11 21 13 2 12 12 10 15 6 4 7 9 21 12 3 10 16 14 7 16 26 19 22 8 16 6 
30 48 35 29 35 31 50 41 32 37 31 7 6 5 14 17 11 2 12 25 19 23 28 34 29 19 29 8 13 6 28 17 12 12 10 18 24 12 12 7 6 29 17 14 12 21 12 3 10 33 28 28 15 18 10 
28 44 21 16 20 24 31 26 16 26 45 27 30 26 36 14 25 26 30 32 31 30 40 28 33 28 37 16 11 21 6 11 13 16 15 24 43 12 18 17 20 6 9 12 14 9 19 20 24 12 3 10 8 15 14 
25 43 25 19 25 24 39 31 21 29 36 15 17 13 24 9 14 14 19 25 21 23 31 27 28 19 30 5 1 9 16 6 4 6 6 12 12 24 10 5 7 17 6 6 4 10 9 8 13 21 16 17 3 10 1 
35 53 36 29 35 35 49 41 31 39 42 19 17 17 26 19 21 14 24 33 29 31 38 38 37 28 38 5 10 14 24 17 6 16 4 12 18 10 7 10 12 24 16 6 14 20 18 9 19 30 21 26 12 20 10 
25 43 28 22 28 26 43 34 25 31 32 10 12 8 19 11 10 8 14 23 18 21 28 29 27 17 28 4 6 4 21 10 7 6 7 7 17 5 10 20 2 22 10 9 6 14 7 3 9 26 21 21 9 12 3 
24 42 29 23 29 25 44 35 26 31 30 8 10 6 16 11 8 7 12 21 16 19 25 28 25 15 26 7 8 2 23 11 9 6 9 6 20 7 12 2 21 24 12 12 7 15 6 4 7 27 23 22 11 12 6 
27 41 18 13 16 22 25 22 12 22 47 31 35 30 40 16 28 31 34 33 33 31 41 25 33 30 37 22 16 25 2 14 18 19 21 29 6 17 24 22 24 31 12 18 17 10 22 26 28 6 4 7 13 17 19 
21 39 20 13 19 19 33 25 15 23 36 19 22 17 27 6 16 19 21 24 22 21 31 23 25 19 28 11 5 13 11 2 9 7 12 17 9 6 16 10 12 12 13 10 5 4 10 14 15 15 12 11 4 7 7 
31 49 30 24 29 30 43 36 25 34 42 19 20 17 28 15 20 16 24 31 27 29 37 33 34 25 36 5 5 14 18 12 2 12 3 14 12 6 6 9 12 18 10 8 10 15 15 10 18 23 15 20 6 16 7 
21 39 22 16 22 20 37 28 19 25 32 13 17 12 22 5 11 14 16 21 18 18 27 23 23 15 25 9 4 8 16 4 8 2 10 12 14 4 14 6 7 17 5 10 14 8 5 9 10 20 17 15 6 6 4 
19 35 15 9 14 16 29 21 11 19 37 22 26 21 30 6 18 22 23 23 23 21 31 19 24 19 27 16 10 16 8 4 14 9 16 21 9 10 20 14 15 10 4 15 8 49 12 18 17 12 12 7 8 6 11 
18 36 23 18 24 19 39 29 21 25 27 9 15 9 17 6 6 12 11 15 12 13 21 22 19 10 20 12 10 5 21 8 13 3 14 12 19 9 18 7 6 22 10 15 5 12 24 10 5 24 23 19 12 7 8 
28 47 32 26 32 29 47 38 29 35 33 9 9 7 17 15 12 6 14 25 20 23 29 32 29 19 30 5 9 5 25 13 8 10 7 3 20 8 9 3 4 26 14 10 9 18 10 24 10 30 24 25 12 15 7 
20 38 28 22 28 22 44 33 26 29 23 5 11 5 12 12 1 9 6 14 9 13 18 25 19 9 19 14 14 4 26 13 16 8 16 10 24 13 19 9 7 28 15 18 10 17 5 10 14 29 28 24 16 12 12 
24 36 12 10 10 19 19 16 7 17 47 34 38 33 42 17 30 35 35 32 33 30 41 21 31 30 36 27 21 28 5 16 23 21 26 33 12 21 30 26 27 6 15 23 20 12 24 30 29 25 10 5 18 17 23 
30 45 21 16 20 26 29 26 16 26 49 31 34 29 40 17 29 30 34 35 34 33 43 29 36 31 39 20 15 25 5 14 16 19 19 28 3 16 21 21 23 4 12 15 17 12 23 24 28 10 36 10 12 18 17 
20 34 11 6 9 15 22 16 5 16 42 29 33 28 37 12 25 30 30 27 28 25 36 18 26 24 31 22 16 23 4 11 20 16 22 28 10 17 26 21 22 7 11 20 15 7 19 25 24 5 10 35 14 12 18 
25 43 24 17 23 23 37 29 19 27 39 19 21 17 27 9 17 17 22 27 24 24 33 27 29 21 31 8 2 13 13 5 5 8 8 15 8 3 12 9 11 13 4 6 6 8 12 12 16 18 12 14 21 10 5 
15 32 17 11 17 14 32 22 14 19 30 16 22 16 24 1 12 19 17 17 16 15 25 17 18 13 21 15 10 12 15 4 14 5 16 18 15 10 20 12 12 17 7 16 6 6 7 15 12 17 18 12 10 10 10 
25 43 26 20 26 24 40 32 22 29 35 14 16 12 22 9 13 12 17 24 20 22 30 27 27 18 29 5 2 8 18 7 4 5 6 10 14 1 10 3 6 19 7 7 4 11 8 7 12 23 17 18 5 10 21 
