21 7
60 28 15 19 25 31 7 34 42 40 6 8 27 18 27 39 51 21 41 13 32 
28 15 35 37 43 13 30 62 67 67 31 34 42 40 6 67 76 40 69 36 48 
15 35 69 33 10 31 22 30 50 32 8 7 41 4 32 42 40 6 40 27 17 
19 37 33 85 43 45 12 39 30 48 25 26 7 36 40 34 62 40 40 6 50 
25 43 10 43 81 36 32 31 57 30 18 17 50 7 38 47 34 3 42 36 6 
31 13 31 45 36 13 35 61 73 64 30 33 52 36 7 70 71 34 70 42 40 
7 30 22 12 32 35 57 35 37 43 13 15 19 25 31 37 56 28 40 7 39 
34 62 30 39 31 61 35 30 33 10 31 28 44 27 60 19 25 31 11 34 34 
42 67 50 30 57 73 37 33 39 43 45 44 28 50 68 15 58 55 25 31 62 
40 67 32 48 30 64 43 10 43 51 36 33 53 28 64 28 15 31 19 42 31 
6 31 8 25 18 30 13 31 45 36 62 3 33 12 28 40 46 15 40 19 25 
8 34 7 26 17 33 15 28 44 33 3 71 33 10 31 37 43 13 37 19 24 
27 42 41 7 50 52 19 44 28 53 33 33 75 43 45 35 68 47 43 13 57 
18 40 4 36 7 36 25 27 50 28 12 10 43 86 36 41 35 4 37 29 13 
27 6 32 40 38 7 31 60 68 64 28 31 45 36 27 67 72 35 68 37 43 
39 67 42 34 47 70 37 19 15 28 40 37 35 41 67 67 43 45 10 31 51 
51 76 40 62 34 71 56 25 58 15 46 43 68 35 72 43 20 36 33 56 31 
21 40 6 40 3 34 28 31 55 31 15 13 47 4 35 45 36 63 42 33 10 
41 69 40 40 42 70 40 11 25 19 40 37 43 37 68 10 33 42 87 36 45 
13 36 27 6 36 42 7 34 31 42 19 19 13 29 37 31 56 33 36 91 43 
32 48 17 50 6 40 39 34 62 31 25 24 57 13 43 51 31 10 45 43 73 
