78 13
41 8 13 19 17 16 12 0 19 20 14 5 13 6 7 8 13 14 18 18 9 9 17 6 19 13 12 5 20 8 8 12 8 9 0 4 5 7 4 3 17 18 11 9 12 2 0 4 8 1 11 8 7 18 3 7 8 18 19 1 10 11 14 15 15 13 10 17 7 10 20 12 14 9 10 20 12 0 
8 52 20 15 2 18 4 3 17 10 5 8 16 18 15 14 4 14 13 11 3 18 14 3 14 19 6 3 18 12 17 5 0 2 17 2 4 12 12 2 12 15 6 4 18 5 9 11 8 9 13 20 19 8 16 15 10 1 7 6 14 10 18 1 2 12 9 14 5 16 14 8 3 17 19 17 10 12 
13 20 80 18 20 9 17 1 17 9 20 2 15 1 9 11 11 1 8 8 16 18 18 6 15 12 19 7 9 11 4 0 8 12 8 4 5 11 4 15 13 20 6 9 2 7 1 8 14 14 0 20 20 13 14 13 0 8 4 6 17 16 5 3 10 6 0 10 12 19 11 14 0 18 3 0 14 14 
19 15 18 30 17 8 16 4 18 18 16 7 11 8 4 5 20 17 12 19 4 3 11 9 17 0 0 8 7 14 17 20 7 3 9 9 20 15 11 3 4 8 8 0 4 8 14 2 17 11 3 10 11 9 3 3 9 1 4 1 11 16 19 10 15 6 4 20 11 12 17 11 5 18 16 6 5 13 
17 2 20 17 0 1 7 20 10 0 4 15 11 12 4 19 13 13 16 7 0 13 4 11 0 4 20 19 2 7 2 9 12 4 5 7 11 20 8 16 0 19 9 14 5 8 8 15 13 7 0 10 19 7 12 20 10 19 12 17 1 8 11 8 0 0 12 11 9 5 20 6 19 18 1 8 5 11 
16 18 9 8 1 1 14 3 20 17 13 17 4 11 15 18 2 12 20 10 14 11 10 0 8 7 14 20 1 14 20 15 17 2 4 14 4 14 0 10 13 19 5 20 6 7 6 12 20 3 11 8 16 2 17 2 4 14 2 6 20 11 1 4 5 13 14 17 5 19 13 14 2 7 15 5 4 11 
12 4 17 16 7 14 80 20 10 4 17 16 18 16 11 10 9 14 10 7 6 1 15 1 11 19 8 0 8 10 15 3 6 7 13 18 1 9 5 0 7 1 8 13 2 14 10 18 5 20 10 10 17 4 7 7 10 11 19 10 6 6 11 6 16 12 14 11 7 5 19 14 11 9 10 16 1 7 
0 3 1 4 20 3 20 79 11 3 18 13 14 13 16 14 9 5 8 19 19 2 12 0 15 0 1 9 10 18 4 16 3 13 7 16 18 11 9 12 0 1 0 3 13 3 2 2 7 11 12 6 14 17 0 0 16 8 7 7 15 14 20 15 14 19 18 4 16 5 20 2 3 5 8 1 8 0 
19 17 17 18 10 20 10 11 29 2 18 8 3 1 19 15 18 17 8 20 9 14 1 10 15 10 19 0 13 8 20 11 12 19 12 1 11 6 5 6 7 9 10 12 17 17 17 7 12 2 9 5 9 10 2 10 14 17 8 1 9 1 14 14 2 17 6 7 20 1 9 6 13 4 12 15 3 7 
20 10 9 18 0 17 4 3 2 26 2 20 2 20 3 1 1 6 7 3 7 18 12 14 9 4 1 20 15 5 13 9 5 0 8 13 10 2 10 15 15 19 9 3 10 13 10 16 12 0 1 8 12 12 20 11 4 15 11 1 16 0 12 5 6 17 18 10 5 3 13 15 5 19 6 9 19 14 
14 5 20 16 4 13 17 18 18 2 36 18 19 10 14 2 8 20 5 11 9 5 16 14 20 2 5 9 18 19 14 10 3 4 15 6 7 20 13 10 6 18 9 17 20 8 5 8 0 7 18 0 9 3 16 2 3 9 19 13 2 20 14 11 15 8 14 13 18 11 12 10 0 13 19 0 14 17 
5 8 2 7 15 17 16 13 8 20 18 7 2 3 4 9 10 19 15 20 1 7 9 3 8 8 1 4 6 5 16 4 20 2 9 11 11 0 14 11 3 19 14 11 7 6 1 6 4 13 13 0 17 13 15 14 7 9 3 16 17 10 7 11 15 18 2 12 9 16 3 7 13 12 13 4 15 0 
13 16 15 11 11 4 18 14 3 2 19 2 4 12 1 17 15 15 7 2 11 18 1 15 11 13 19 4 10 17 3 16 5 5 8 18 17 1 12 8 13 12 13 0 1 3 14 15 5 14 9 7 14 15 3 2 10 15 0 16 2 2 9 8 20 3 17 16 11 5 3 18 13 7 11 4 3 6 
6 18 1 8 12 11 16 13 1 20 10 3 12 91 15 16 0 6 14 18 3 6 3 18 15 14 14 5 1 20 4 19 15 1 16 16 10 13 20 16 5 15 11 16 9 10 3 10 12 5 19 1 6 7 5 19 18 10 16 8 0 14 19 8 15 17 14 16 5 6 15 12 10 3 8 15 6 18 
7 15 9 4 4 15 11 16 19 3 14 4 1 15 13 9 10 0 5 6 12 19 6 1 2 3 14 17 16 15 7 0 16 14 3 10 11 9 1 6 10 10 0 18 4 15 16 8 10 3 4 10 2 6 13 10 15 5 20 8 4 4 19 8 17 15 20 7 0 17 20 5 10 2 2 6 3 10 
8 14 11 5 19 18 10 14 15 1 2 9 17 16 9 62 9 9 19 11 10 7 7 5 20 10 12 17 17 19 0 16 8 0 3 5 18 5 12 9 19 15 1 15 7 18 5 12 13 1 2 10 19 12 20 17 18 20 7 19 13 20 13 6 4 17 11 15 17 2 18 4 20 3 20 18 7 6 
13 4 11 20 13 2 9 9 18 1 8 10 15 0 10 9 26 8 13 13 12 11 4 12 2 14 6 3 7 11 12 18 15 3 0 11 14 11 18 19 4 18 3 13 12 3 7 20 4 6 2 8 20 19 20 16 9 13 3 8 17 19 8 4 6 12 4 12 12 3 5 3 19 19 9 3 19 0 
14 14 1 17 13 12 14 5 17 6 20 19 15 6 0 9 8 68 4 4 13 19 5 18 10 9 9 6 18 18 18 7 15 8 13 16 12 18 1 13 6 9 1 19 11 3 2 18 10 13 20 13 10 8 12 0 4 19 11 10 3 6 18 0 12 5 19 3 4 17 3 9 11 18 3 6 5 18 
18 13 8 12 16 20 10 8 8 7 5 15 7 14 5 19 13 4 53 20 16 17 2 14 13 2 10 18 10 6 10 10 14 1 20 3 2 13 14 15 3 2 5 18 6 10 13 1 10 10 0 2 0 19 18 0 9 9 16 11 9 9 4 3 13 7 20 5 16 8 14 13 2 5 1 16 3 19 
18 11 8 19 7 10 7 19 20 3 11 20 2 18 6 11 13 4 20 98 4 19 10 9 12 11 4 9 20 5 14 9 18 2 10 11 7 20 14 3 16 8 11 17 3 9 0 16 0 3 11 1 7 5 9 17 9 20 0 12 9 16 11 20 2 11 10 11 16 13 12 0 20 9 17 3 12 17 
9 3 16 4 0 14 6 19 9 7 9 1 11 3 12 10 12 13 16 4 20 1 18 12 17 7 12 13 3 15 2 17 17 13 1 10 2 8 5 0 0 2 16 8 3 8 1 5 4 13 7 7 14 10 20 20 15 8 17 17 14 12 13 2 1 5 9 11 17 13 7 3 0 14 9 9 10 6 
9 18 18 3 13 11 1 2 14 18 5 7 18 6 19 7 11 19 17 19 1 32 10 8 5 9 15 14 5 14 3 16 15 1 5 17 13 20 15 16 19 7 0 6 0 13 18 13 7 19 10 0 15 1 4 11 15 17 16 10 12 3 14 8 7 8 9 12 8 6 8 12 5 9 0 6 2 16 
17 14 18 11 4 10 15 12 1 12 16 9 1 3 6 7 4 5 2 10 18 10 7 9 2 19 15 0 20 9 11 14 12 10 17 20 9 3 3 0 11 19 9 6 1 4 14 5 16 18 18 0 5 2 13 16 10 17 18 10 3 7 16 6 9 11 1 9 4 12 14 13 5 4 3 0 20 15 
6 3 6 9 11 0 1 0 10 14 14 3 15 18 1 5 12 18 14 9 12 8 9 66 11 1 12 4 3 4 6 0 19 8 4 17 4 15 19 9 18 7 2 3 2 3 14 15 13 12 15 20 13 1 19 12 19 8 6 19 18 12 5 4 16 20 1 8 20 15 3 11 20 17 14 0 20 15 
19 14 15 17 0 8 11 15 15 9 20 8 11 15 2 20 2 10 13 12 17 5 2 11 11 7 12 6 9 2 8 7 12 17 15 5 17 20 1 6 13 8 4 10 16 1 7 3 6 11 0 7 19 1 16 7 16 13 12 14 9 2 11 12 4 9 0 17 16 8 4 3 18 2 1 14 16 8 
13 19 12 0 4 7 19 0 10 4 2 8 13 14 3 10 14 9 2 11 7 9 19 1 7 25 10 2 11 8 13 6 0 15 10 18 8 20 13 13 9 5 13 5 2 1 15 18 16 3 17 13 3 2 8 4 10 19 19 5 8 17 14 5 3 11 8 16 14 11 9 6 12 15 13 15 10 18 
12 6 19 0 20 14 8 1 19 1 5 1 19 14 14 12 6 9 10 4 12 15 15 12 12 10 18 11 2 20 17 2 17 19 16 7 13 1 1 18 1 15 2 3 6 10 4 16 8 20 19 8 4 15 9 12 14 14 1 20 9 16 4 17 5 9 4 1 0 10 16 3 10 8 1 8 4 2 
5 3 7 8 19 20 0 9 0 20 9 4 4 5 17 17 3 6 18 9 13 14 0 4 6 2 11 64 13 19 18 13 12 10 20 10 19 1 0 6 14 7 19 0 9 2 17 2 8 10 5 17 0 10 10 15 4 9 18 6 9 10 5 20 1 12 6 6 1 2 16 4 0 0 2 4 18 11 
20 18 9 7 2 1 8 10 13 15 18 6 10 1 16 17 7 18 10 20 3 5 20 3 9 11 2 13 21 0 12 0 10 17 0 4 19 9 10 18 7 20 16 4 6 16 5 9 13 18 18 9 17 13 18 7 14 0 16 3 9 3 4 16 16 17 17 9 3 17 8 0 6 1 7 14 12 20 
8 12 11 14 7 14 10 18 8 5 19 5 17 20 15 19 11 18 6 5 15 14 9 4 2 8 20 19 0 72 14 8 18 4 5 6 14 2 2 4 5 7 11 7 13 13 1 4 13 10 9 11 7 0 9 5 8 20 5 8 12 10 18 17 12 19 13 11 2 13 7 20 11 13 8 19 17 9 
8 17 4 17 2 20 15 4 20 13 14 16 3 4 7 0 12 18 10 14 2 3 11 6 8 13 17 18 12 14 12 6 7 3 7 17 1 0 1 4 5 9 6 2 20 11 5 19 4 8 0 8 9 14 8 17 14 18 11 10 15 2 6 15 1 20 8 11 17 9 1 11 9 20 18 12 6 14 
12 5 0 20 9 15 3 16 11 9 10 4 16 19 0 16 18 7 10 9 17 16 14 0 7 6 2 13 0 8 6 78 18 16 5 18 2 5 16 8 20 17 10 1 18 18 1 16 7 11 10 2 8 2 17 14 4 4 10 14 6 19 14 16 12 9 4 12 4 7 18 3 20 12 12 2 12 16 
8 0 8 7 12 17 6 3 12 5 3 20 5 15 16 8 15 15 14 18 17 15 12 19 12 0 17 12 10 18 7 18 93 12 0 10 11 15 18 9 7 12 13 3 7 2 10 19 20 18 20 14 3 9 10 3 10 6 17 14 17 18 16 18 16 0 19 18 4 9 0 9 3 12 14 6 18 12 
9 2 12 3 4 2 7 13 19 0 4 2 5 1 14 0 3 8 1 2 13 1 10 8 17 15 19 10 17 4 3 16 12 3 19 11 7 0 3 9 11 15 13 3 8 17 10 11 10 10 18 6 0 18 10 16 19 15 9 15 2 7 6 16 18 4 15 1 11 12 13 15 0 14 0 9 16 11 
0 17 8 9 5 4 13 7 12 8 15 9 8 16 3 3 0 13 20 10 1 5 17 4 15 10 16 20 0 5 7 5 0 19 7 4 8 11 13 10 20 5 20 15 7 2 12 20 14 10 6 5 13 14 3 6 2 18 11 5 15 0 12 5 20 14 13 6 4 19 9 15 4 17 18 10 1 16 
4 2 4 9 7 14 18 16 1 13 6 11 18 16 10 5 11 16 3 11 10 17 20 17 5 18 7 10 4 6 17 18 10 11 4 47 20 6 11 0 10 15 14 14 17 16 2 12 1 11 3 20 0 17 1 8 1 0 1 1 10 7 6 12 6 18 18 9 16 5 8 11 14 18 2 16 2 16 
5 4 5 20 11 4 1 18 11 10 7 11 17 10 11 18 14 12 2 7 2 13 9 4 17 8 13 19 19 14 1 2 11 7 8 20 52 13 16 1 15 7 7 15 16 13 14 3 4 11 11 9 7 9 20 3 15 10 7 11 11 2 4 13 12 16 18 6 14 11 11 0 0 19 17 18 7 6 
7 12 11 15 20 14 9 11 6 2 20 0 1 13 9 5 11 18 13 20 8 20 3 15 20 20 1 1 9 2 0 5 15 0 11 6 13 3 7 12 11 3 11 13 5 18 11 4 18 10 4 1 20 14 7 12 14 12 6 6 17 18 15 12 6 4 2 9 1 10 7 18 13 18 8 8 6 20 
4 12 4 11 8 0 5 9 5 10 13 14 12 20 1 12 18 1 14 14 5 15 3 19 1 13 1 0 10 2 1 16 18 3 13 11 16 7 2 1 3 11 16 6 14 10 13 19 5 10 17 18 2 11 8 9 4 1 12 16 8 0 2 20 0 1 14 5 12 20 4 2 7 9 15 6 3 2 
3 2 15 3 16 10 0 12 6 15 10 11 8 16 6 9 19 13 15 3 0 16 0 9 6 13 18 6 18 4 4 8 9 9 10 0 1 12 1 83 16 9 17 12 11 2 13 11 7 2 6 11 10 2 15 2 20 16 8 3 8 4 15 10 3 20 19 2 10 18 8 10 3 11 12 15 12 0 
17 12 13 4 0 13 7 0 7 15 6 3 13 5 10 19 4 6 3 16 0 19 11 18 13 9 1 14 7 5 5 20 7 11 20 10 15 11 3 16 74 18 10 16 13 9 15 12 10 10 16 6 5 18 8 6 7 1 4 17 1 11 15 0 17 16 17 5 8 19 10 6 4 18 19 0 7 5 
18 15 20 8 19 19 1 1 9 19 18 19 12 15 10 15 18 9 2 8 2 7 19 7 8 5 15 7 20 7 9 17 12 15 5 15 7 3 11 9 18 22 16 3 6 9 10 17 11 5 4 1 16 1 12 15 9 13 1 8 20 2 17 16 13 15 9 18 17 5 0 14 9 11 12 2 19 3 
11 6 6 8 9 5 8 0 10 9 9 14 13 11 0 1 3 1 5 11 16 0 9 2 4 13 2 19 16 11 6 10 13 13 20 14 7 11 16 17 10 16 81 20 1 12 7 10 12 19 14 15 18 2 18 2 9 15 8 2 14 14 1 2 2 15 13 19 19 18 5 20 18 5 8 5 15 9 
9 4 9 0 14 20 13 3 12 3 17 11 0 16 18 15 13 19 18 17 8 6 6 3 10 5 3 0 4 7 2 1 3 3 15 14 15 13 6 12 16 3 20 75 13 3 19 6 1 11 9 4 20 5 20 15 6 8 10 3 7 4 11 4 9 13 8 15 10 13 2 13 12 9 5 18 2 19 
12 18 2 4 5 6 2 13 17 10 20 7 1 9 4 7 12 11 6 3 3 0 1 2 16 2 6 9 6 13 20 18 7 8 7 17 16 5 14 11 13 6 1 13 81 19 20 5 15 4 15 15 15 12 18 6 18 19 11 4 18 7 1 17 2 17 9 20 9 8 1 13 6 16 8 13 15 1 
2 5 7 8 8 7 14 3 17 13 8 6 3 10 15 18 3 3 10 9 8 13 4 3 1 1 10 2 16 13 11 18 2 17 2 16 13 18 10 2 9 9 12 3 19 81 15 10 5 19 13 12 5 9 4 16 0 12 14 18 14 16 1 17 1 7 7 10 9 7 0 13 15 15 20 19 7 7 
0 9 1 14 8 6 10 2 17 10 5 1 14 3 16 5 7 2 13 0 1 18 14 14 7 15 4 17 5 1 5 1 10 10 12 2 14 11 13 13 15 10 7 19 20 15 66 17 0 14 1 16 19 9 12 5 14 12 7 20 7 18 20 13 0 10 13 3 1 5 18 2 3 17 14 19 9 9 
4 11 8 2 15 12 18 2 7 16 8 6 15 10 8 12 20 18 1 16 5 13 5 15 3 18 16 2 9 4 19 16 19 11 20 12 3 4 19 11 12 17 10 6 5 10 17 65 16 15 6 7 9 9 10 5 12 10 10 16 18 8 4 4 1 2 8 0 10 0 12 13 17 15 7 11 4 19 
8 8 14 17 13 20 5 7 12 12 0 4 5 12 10 13 4 10 10 0 4 7 16 13 6 16 8 8 13 13 4 7 20 10 14 1 4 18 5 7 10 11 12 1 15 5 0 16 13 2 10 7 9 14 16 4 8 1 6 6 8 16 1 11 17 20 5 18 7 12 11 7 6 16 19 17 12 13 
1 9 14 11 7 3 20 11 2 0 7 13 14 5 3 1 6 13 10 3 13 19 18 12 11 3 20 10 18 10 8 11 18 10 10 11 11 10 10 2 10 5 19 11 4 19 14 15 2 53 10 16 2 11 16 16 2 2 10 14 16 0 8 18 5 4 15 13 14 9 8 11 6 6 13 12 4 14 
11 13 0 3 0 11 10 12 9 1 18 13 9 19 4 2 2 20 0 11 7 10 18 15 0 17 19 5 18 9 0 10 20 18 6 3 11 4 17 6 16 4 14 9 15 13 1 6 10 10 41 4 1 15 14 18 16 1 19 20 17 6 12 19 7 3 9 2 0 4 17 1 11 1 15 20 12 16 
8 20 20 10 10 8 10 6 5 8 0 0 7 1 10 10 8 13 2 1 7 0 0 20 7 13 8 17 9 11 8 2 14 6 5 20 9 1 18 11 6 1 15 4 15 12 16 7 7 16 4 49 11 15 18 9 12 13 14 7 19 13 18 4 11 2 0 8 13 5 0 2 1 20 9 20 5 19 
7 19 20 11 19 16 17 14 9 12 9 17 14 6 2 19 20 10 0 7 14 15 5 13 19 3 4 0 17 7 9 8 3 0 13 0 7 20 2 10 5 16 18 20 15 5 19 9 9 2 1 11 42 15 17 2 11 8 1 13 12 3 5 4 1 19 10 18 6 14 0 5 6 7 10 1 20 10 
18 8 13 9 7 2 4 17 10 12 3 13 15 7 6 12 19 8 19 5 10 1 2 1 1 2 15 10 13 0 14 2 9 18 14 17 9 14 11 2 18 1 2 5 12 9 9 9 14 11 15 15 15 89 5 3 4 8 18 16 9 13 0 19 2 8 15 8 3 7 9 9 16 11 13 4 15 19 
3 16 14 3 12 17 7 0 2 20 16 15 3 5 13 20 20 12 18 9 20 4 13 19 16 8 9 10 18 9 8 17 10 10 3 1 20 7 8 15 8 12 18 20 18 4 12 10 16 16 14 18 17 5 11 16 16 5 13 3 13 6 13 3 10 5 20 13 11 20 11 1 6 12 19 6 4 16 
7 15 13 3 20 2 7 0 10 11 2 14 2 19 10 17 16 0 0 17 20 11 16 12 7 4 12 15 7 5 17 14 3 16 6 8 3 12 9 2 6 15 2 15 6 16 5 5 4 16 18 9 2 3 16 62 4 15 14 2 17 17 12 18 9 1 20 18 19 9 0 9 16 8 11 0 4 16 
8 10 0 9 10 4 10 16 14 4 3 7 10 18 15 18 9 4 9 9 15 15 10 19 16 10 14 4 14 8 14 4 10 19 2 1 15 14 4 20 7 9 9 6 18 0 14 12 8 2 16 12 11 4 16 4 16 19 18 11 18 15 9 14 17 3 12 4 5 3 20 18 6 7 10 14 17 7 
18 1 8 1 19 14 11 8 17 15 9 9 15 10 5 20 13 19 9 20 8 17 17 8 13 19 14 9 0 20 18 4 6 15 18 0 10 12 1 16 1 13 15 8 19 12 12 10 1 2 1 13 8 8 5 15 19 32 6 2 9 15 2 11 19 17 17 18 2 8 14 4 3 1 11 16 12 3 
19 7 4 4 12 2 19 7 8 11 19 3 0 16 20 7 3 11 16 0 17 16 18 6 12 19 1 18 16 5 11 10 17 9 11 1 7 6 12 8 4 1 8 10 11 14 7 10 6 10 19 14 1 18 13 14 18 6 16 2 6 9 4 3 19 10 3 14 6 14 10 11 1 19 2 20 17 0 
1 6 6 1 17 6 10 7 1 1 13 16 16 8 8 19 8 10 11 12 17 10 10 19 14 5 20 6 3 8 10 14 14 15 5 1 11 6 16 3 17 8 2 3 4 18 20 16 6 14 20 7 13 16 3 2 11 2 2 3 19 7 13 4 17 14 10 12 14 2 3 9 1 2 8 0 4 9 
10 14 17 11 1 20 6 15 9 16 2 17 2 0 4 13 17 3 9 9 14 12 3 18 9 8 9 9 9 12 15 6 17 2 15 10 11 17 8 8 1 20 14 7 18 14 7 18 8 16 17 19 12 9 13 17 18 9 6 19 95 6 20 13 14 6 14 16 0 8 5 16 4 12 14 20 9 10 
11 10 16 16 8 11 6 14 1 0 20 10 2 14 4 20 19 6 9 16 12 3 7 12 2 17 16 10 3 10 2 19 18 7 0 7 2 18 0 4 11 2 14 4 7 16 18 8 16 0 6 13 3 13 6 17 15 15 9 7 6 79 0 16 6 15 18 12 4 12 18 4 1 14 10 12 14 11 
14 18 5 19 11 1 11 20 14 12 14 7 9 19 19 13 8 18 4 11 13 14 16 5 11 14 4 5 4 18 6 14 16 6 12 6 4 15 2 15 15 17 1 11 1 1 20 4 1 8 12 18 5 0 13 12 9 2 4 13 20 0 34 19 11 10 0 18 18 4 2 2 0 15 17 16 16 17 
15 1 3 10 8 4 6 15 14 5 11 11 8 8 8 6 4 0 3 20 2 8 6 4 12 5 17 20 16 17 15 16 18 16 5 12 13 12 20 10 0 16 2 4 17 17 13 4 11 18 19 4 4 19 3 18 14 11 3 4 13 16 19 50 9 3 7 18 10 5 14 0 17 15 0 18 11 13 
15 2 10 15 0 5 16 14 2 6 15 15 20 15 17 4 6 12 13 2 1 7 9 16 4 3 5 1 16 12 1 12 16 18 20 6 12 6 0 3 17 13 2 9 2 1 0 1 17 5 7 11 1 2 10 9 17 19 19 17 14 6 11 9 24 2 20 8 7 17 15 9 0 20 20 8 13 12 
13 12 6 6 0 13 12 19 17 17 8 18 3 17 15 17 12 5 7 11 5 8 11 20 9 11 9 12 17 19 20 9 0 4 14 18 16 4 1 20 16 15 15 13 17 7 10 2 20 4 3 2 19 8 5 1 3 17 10 14 6 15 10 3 2 55 2 0 8 7 0 15 2 3 5 12 3 15 
10 9 0 4 12 14 14 18 6 18 14 2 17 14 20 11 4 19 20 10 9 9 1 1 0 8 4 6 17 13 8 4 19 15 13 18 18 2 14 19 17 9 13 8 9 7 13 8 5 15 9 0 10 15 20 20 12 17 3 10 14 18 0 7 20 2 43 19 11 9 7 12 7 0 18 5 10 0 
17 14 10 20 11 17 11 4 7 10 13 12 16 16 7 15 12 3 5 11 11 12 9 8 17 16 1 6 9 11 11 12 18 1 6 9 6 9 5 2 5 18 19 15 20 10 3 0 18 13 2 8 18 8 13 18 4 18 14 12 16 12 18 18 8 0 19 49 6 8 7 10 7 12 15 10 14 0 
7 5 12 11 9 5 7 16 20 5 18 9 11 5 0 17 12 4 16 16 17 8 4 20 16 14 0 1 3 2 17 4 4 11 4 16 14 1 12 10 8 17 19 10 9 9 1 10 7 14 0 13 6 3 11 19 5 2 6 14 0 4 18 10 7 8 11 6 3 19 17 6 1 8 13 7 17 7 
10 16 19 12 5 19 5 5 1 3 11 16 5 6 17 2 3 17 8 13 13 6 12 15 8 11 10 2 17 13 9 7 9 12 19 5 11 10 20 18 19 5 18 13 8 7 5 0 12 9 4 5 14 7 20 9 3 8 14 2 8 12 4 5 17 7 9 8 19 1 14 19 14 20 4 12 17 7 
20 14 11 17 20 13 19 20 9 13 12 3 3 15 20 18 5 3 14 12 7 8 14 3 4 9 16 16 8 7 1 18 0 13 9 8 11 7 4 8 10 0 5 2 1 0 18 12 11 8 17 0 0 9 11 0 20 14 10 3 5 18 2 14 15 0 7 7 17 14 73 13 16 13 3 13 9 9 
12 8 14 11 6 14 14 2 6 15 10 7 18 12 5 4 3 9 13 0 3 12 13 11 3 6 3 4 0 20 11 3 9 15 15 11 0 18 2 10 6 14 20 13 13 13 2 13 7 11 1 2 5 9 1 9 18 4 11 9 16 4 2 0 9 15 12 10 6 19 13 22 13 10 18 11 11 6 
14 3 0 5 19 2 11 3 13 5 0 13 13 10 10 20 19 11 2 20 0 5 5 20 18 12 10 0 6 11 9 20 3 0 4 14 0 13 7 3 4 9 18 12 6 15 3 17 6 6 11 1 6 16 6 16 6 3 1 1 4 1 0 17 0 2 7 7 1 14 16 13 19 13 18 13 15 8 
9 17 18 18 18 7 9 5 4 19 13 12 7 3 2 3 19 18 5 9 14 9 4 17 2 15 8 0 1 13 20 12 12 14 17 18 19 18 9 11 18 11 5 9 16 15 17 15 16 6 1 20 7 11 12 8 7 1 19 2 12 14 15 15 20 3 0 12 8 20 13 10 13 44 15 17 17 3 
10 19 3 16 1 15 10 8 12 6 19 13 11 8 2 20 9 3 1 17 9 0 3 14 1 13 1 2 7 8 18 12 14 0 18 2 17 8 15 12 19 12 8 5 8 20 14 7 19 13 15 9 10 13 19 11 10 11 2 8 14 10 17 0 20 5 18 15 13 4 3 18 18 15 13 19 12 17 
20 17 0 6 8 5 16 1 15 9 0 4 4 15 6 18 3 6 16 3 9 6 0 0 14 15 8 4 14 19 12 2 6 9 10 16 18 8 6 15 0 2 5 18 13 19 19 11 17 12 20 20 1 4 6 0 14 16 20 0 20 12 16 18 8 12 5 10 7 12 13 11 13 17 19 89 16 14 
12 10 14 5 5 4 1 8 3 19 14 15 3 6 3 7 19 5 3 12 10 2 20 20 16 10 4 18 12 17 6 12 18 16 1 2 7 6 3 12 7 19 15 2 15 7 9 4 12 4 12 5 20 15 4 4 17 12 17 4 9 14 16 11 13 3 10 14 17 17 9 11 15 17 12 16 16 17 
0 12 14 13 11 11 7 0 7 14 17 0 6 18 10 6 0 18 19 17 6 16 15 15 8 18 2 11 20 9 14 16 12 11 16 16 6 20 2 0 5 3 9 19 1 7 9 19 13 14 16 19 10 19 16 16 7 3 0 9 10 11 17 13 12 15 0 0 7 7 9 6 8 3 17 14 17 61 
