153 18
59 27 20 21 12 23 13 24 23 16 33 4 39 4 9 20 37 4 40 41 40 17 21 5 43 16 36 25 42 25 39 12 34 23 24 16 19 9 21 27 12 35 2 41 2 13 17 38 57 52 16 27 22 59 24 55 36 62 35 49 20 54 53 17 28 23 60 25 57 36 63 36 50 21 55 21 30 16 55 25 47 36 53 35 50 20 44 22 19 20 20 17 16 24 15 22 22 20 10 30 16 23 18 30 18 29 16 23 25 11 31 2 38 1 15 15 34 27 59 39 65 38 53 23 57 24 13 31 13 25 14 25 33 69 32 43 23 63 39 21 35 11 31 39 49 30 70 34 10 31 20 40 26 
27 8 36 37 37 18 20 4 39 15 32 23 38 22 36 13 30 29 64 65 67 40 48 32 67 43 53 53 58 52 66 39 48 40 41 40 17 21 5 43 16 36 25 42 25 39 12 34 77 76 43 52 41 79 48 69 60 75 59 74 44 65 76 43 53 41 80 49 70 60 76 60 74 44 66 48 57 42 79 52 65 63 70 62 76 48 60 37 21 45 32 29 37 34 37 48 30 25 25 55 37 40 44 44 44 57 33 35 44 20 35 28 41 27 41 16 32 51 73 63 78 62 77 46 69 37 39 42 39 52 28 33 49 74 48 62 33 66 54 48 62 35 44 53 67 38 72 61 34 44 47 57 29 
20 36 80 1 13 41 32 35 3 32 20 22 24 23 17 36 26 16 29 30 36 33 31 19 32 27 17 29 23 28 37 27 14 4 5 12 37 28 31 7 28 20 19 25 19 15 32 26 41 40 17 21 5 43 16 36 25 42 25 39 12 34 41 16 21 5 44 16 37 26 43 25 39 12 35 30 32 16 43 28 29 33 34 33 45 25 25 42 38 16 40 6 34 7 34 33 42 13 30 23 35 4 31 10 31 35 36 5 8 30 16 21 21 21 19 33 22 18 39 28 45 27 42 13 37 5 28 11 27 30 34 10 13 49 13 26 7 44 19 27 34 28 11 19 31 12 51 34 28 11 28 22 14 
21 37 1 82 14 42 33 36 2 33 20 23 24 24 18 37 26 17 29 29 36 34 32 20 31 28 16 29 22 29 37 28 13 3 4 13 38 29 32 6 29 20 20 24 20 16 33 25 40 39 17 21 5 42 16 35 25 41 24 38 13 33 40 17 21 5 43 16 36 25 42 25 39 12 34 31 33 17 42 28 28 33 33 33 45 26 24 43 39 17 41 7 35 7 35 34 43 13 31 22 36 3 32 9 32 35 37 5 7 31 16 22 20 22 20 34 22 18 38 27 44 27 41 13 36 4 29 10 28 31 35 10 12 48 12 25 7 43 18 27 35 29 10 18 30 11 50 34 29 10 28 21 14 
12 37 13 14 81 35 25 35 15 28 33 16 37 16 3 32 38 8 28 29 29 19 18 8 31 14 26 17 32 16 29 13 25 15 16 4 31 21 32 18 24 33 12 38 13 2 28 38 45 40 5 15 12 47 12 46 23 52 23 37 8 45 41 6 16 13 48 13 47 24 53 24 38 9 46 17 21 5 43 16 36 25 42 25 39 12 34 30 31 8 30 16 21 20 21 19 33 21 21 18 22 15 17 22 17 22 24 18 15 23 29 12 34 12 6 27 34 15 49 27 56 26 41 11 48 19 14 25 14 18 25 23 23 62 23 32 20 57 30 14 25 15 24 30 38 26 64 24 15 24 15 30 25 
23 18 41 42 35 34 10 14 44 8 45 19 52 19 33 6 45 27 63 64 62 29 39 28 67 35 58 46 64 46 60 30 55 45 46 39 4 14 16 48 12 48 23 55 23 36 9 48 80 75 40 50 44 83 47 77 59 83 58 73 43 74 76 41 51 45 84 48 78 60 84 59 74 44 75 40 50 40 79 46 70 58 75 57 72 42 66 21 5 43 16 36 25 42 25 39 12 34 15 53 24 45 35 51 34 49 20 42 47 12 46 23 53 23 37 8 46 51 80 62 86 62 76 47 78 44 31 50 30 45 15 42 54 86 54 66 41 79 60 41 56 26 51 60 72 48 86 55 25 51 40 63 40 
13 20 32 33 25 10 43 16 35 4 40 9 46 9 22 9 42 17 53 54 52 21 29 17 56 25 49 36 55 36 50 20 46 36 37 29 6 4 16 39 5 43 13 49 13 26 7 44 70 65 29 40 35 73 37 68 49 74 48 62 33 66 66 30 41 36 74 38 69 50 75 49 63 34 67 30 40 29 68 36 60 48 66 47 62 31 57 17 6 33 12 28 17 34 16 30 11 27 5 43 16 36 25 42 25 39 12 34 38 2 40 13 47 13 27 4 41 41 71 52 78 52 66 37 69 36 21 42 20 35 8 35 45 80 45 57 34 73 52 31 46 16 43 51 62 40 79 45 16 43 30 53 33 
24 4 35 36 35 14 16 10 39 12 34 20 40 19 34 9 33 27 62 63 64 37 45 29 65 40 53 50 58 49 63 35 48 39 40 38 13 18 4 43 13 37 23 44 22 37 9 36 76 74 40 50 40 79 47 70 58 75 57 72 42 66 75 41 51 41 80 47 71 59 76 58 73 43 67 45 54 40 77 50 65 60 70 60 74 45 60 33 17 43 28 29 34 34 33 45 26 25 21 53 33 39 41 44 40 54 29 35 43 16 36 25 42 25 39 12 34 50 73 61 79 61 75 45 69 37 36 42 36 49 25 33 49 76 48 62 33 68 54 45 59 32 44 53 67 39 74 59 31 44 44 57 30 
23 39 3 2 15 44 35 39 87 36 21 26 24 26 19 39 27 19 27 27 35 35 33 22 29 29 14 29 19 29 37 29 10 0 1 13 40 31 35 4 32 20 22 24 22 17 35 26 37 37 17 20 4 40 16 32 23 39 23 36 13 31 38 17 20 3 41 15 33 24 40 23 37 12 32 31 33 17 40 28 26 32 31 32 43 26 21 45 41 17 43 9 36 8 36 34 45 15 33 21 37 0 33 7 33 35 39 6 5 33 16 24 20 24 20 36 23 16 36 25 42 25 39 12 34 4 30 9 30 31 38 11 10 47 9 23 8 42 16 28 34 30 8 16 28 11 48 33 30 9 29 18 15 
16 15 32 33 28 8 4 12 36 33 38 11 44 11 25 4 39 19 56 57 56 25 34 20 59 29 50 40 56 39 54 25 46 36 37 31 4 7 12 40 4 41 15 48 15 29 3 42 72 68 32 43 36 75 40 68 51 75 51 65 35 66 69 33 44 37 76 41 70 52 76 52 66 36 67 35 44 32 71 40 61 51 67 51 65 35 58 21 6 36 17 28 22 34 21 34 15 26 10 46 21 36 30 42 29 43 17 34 39 5 38 16 45 15 30 1 38 43 72 55 78 54 69 39 69 36 25 42 25 39 12 34 46 79 46 58 33 71 52 35 50 21 43 52 64 40 78 49 20 43 34 54 32 
33 32 20 20 33 45 40 34 21 38 72 33 6 33 35 39 6 31 48 48 57 49 51 35 50 46 29 49 31 49 58 44 23 21 21 32 42 37 30 23 35 4 31 10 31 35 36 5 53 57 37 42 25 55 37 40 44 44 44 57 33 35 57 36 42 25 56 37 41 44 45 44 57 33 36 50 53 36 59 48 40 54 43 53 65 45 34 55 44 37 52 17 49 13 49 52 52 13 40 43 49 21 49 20 49 55 49 15 26 38 5 35 9 34 39 38 1 38 43 46 48 45 59 34 38 16 45 16 45 50 46 10 25 42 25 39 12 34 27 47 55 44 19 26 41 11 40 55 43 18 48 32 7 
4 23 22 23 16 19 9 20 26 11 33 51 39 0 14 16 36 8 44 45 44 18 24 9 47 20 39 29 45 29 43 15 37 26 27 20 15 5 18 30 8 35 4 42 3 17 12 38 61 56 21 31 25 63 28 58 40 65 39 54 24 57 57 21 32 26 64 29 60 41 66 40 54 25 58 25 34 21 59 29 50 40 56 39 54 24 47 21 15 24 18 19 17 26 16 25 20 20 7 34 17 26 21 33 21 33 15 25 28 7 32 5 39 4 19 11 34 31 62 43 68 42 57 27 60 27 16 33 16 28 12 26 36 71 35 47 25 65 42 25 39 12 34 42 53 32 71 38 12 34 24 44 26 
39 38 24 24 37 52 46 40 24 44 6 39 85 39 40 46 9 37 49 49 59 55 55 41 50 51 29 53 29 53 61 50 22 24 24 37 48 44 36 24 41 4 37 4 37 39 42 5 51 57 41 45 28 53 40 36 46 40 45 57 37 30 57 41 44 28 54 40 37 46 41 45 57 36 31 54 57 41 59 52 39 57 40 56 66 50 32 61 51 41 58 22 55 17 55 57 58 19 47 45 56 24 55 21 54 59 55 19 28 44 8 41 5 40 43 45 6 40 39 47 43 46 59 37 34 19 51 16 50 55 52 14 26 36 25 38 17 27 25 51 58 49 19 25 39 12 34 58 49 18 52 31 13 
4 22 23 24 16 19 9 19 26 11 33 0 39 50 14 15 36 8 45 45 45 19 25 10 48 20 39 30 46 29 44 16 37 26 28 20 15 5 17 30 7 35 4 42 4 18 12 38 61 57 21 32 25 64 29 59 40 65 40 54 24 57 57 22 32 26 65 29 60 41 66 41 55 25 58 26 34 21 60 30 51 41 57 40 55 25 48 21 15 25 18 19 17 26 17 26 19 20 7 35 17 26 22 33 21 34 15 25 29 7 32 6 39 5 19 11 34 32 62 44 69 43 57 28 60 27 17 33 16 29 12 26 36 71 36 47 25 65 42 25 40 13 34 42 53 32 71 39 12 34 25 44 26 
9 36 17 18 3 33 22 34 19 25 35 14 40 14 78 30 40 6 30 31 30 16 15 5 34 11 29 16 36 16 29 10 29 19 20 7 29 18 31 22 22 36 10 41 11 4 26 41 48 42 7 17 16 51 15 50 26 56 26 40 11 49 43 8 18 17 52 16 51 27 57 27 41 12 50 14 21 7 46 16 39 26 46 25 40 11 38 26 28 10 26 18 17 23 17 17 29 23 18 20 18 19 14 26 14 21 21 22 19 20 32 9 38 9 5 25 37 18 53 30 59 29 43 14 52 22 10 28 10 16 21 25 27 66 27 36 23 61 34 12 25 11 28 34 42 29 68 25 11 28 12 34 28 
20 13 36 37 32 6 9 9 39 4 39 16 46 15 30 25 39 24 60 61 60 30 38 25 63 34 53 45 59 44 59 29 50 40 41 36 4 11 10 43 8 42 20 49 19 34 4 42 76 72 37 47 40 79 44 72 56 78 55 70 40 69 73 38 48 41 80 45 73 57 79 56 71 41 70 39 49 37 75 45 65 56 71 55 70 40 61 24 8 40 19 31 26 37 25 39 17 28 14 50 25 40 35 46 34 48 21 37 43 10 40 21 47 20 35 5 40 47 75 59 81 59 73 43 72 39 30 45 29 44 16 36 50 81 49 62 36 73 55 40 55 25 46 55 67 42 80 54 25 46 39 58 34 
37 30 26 26 38 45 42 33 27 39 6 36 9 36 40 39 68 36 55 55 63 53 56 40 56 51 36 55 37 54 64 49 29 28 28 38 42 39 29 29 36 9 35 13 34 40 36 4 59 63 43 48 31 61 43 45 51 49 50 63 39 40 64 42 48 31 62 43 46 51 50 50 64 39 41 55 59 42 66 54 47 60 49 60 71 51 40 57 46 43 54 22 53 19 52 57 53 17 43 49 53 28 54 27 54 61 52 21 33 40 12 39 14 38 44 40 5 44 48 53 53 52 65 40 43 23 50 23 49 56 48 16 32 45 31 46 19 36 33 52 61 48 25 33 47 18 42 61 47 25 53 39 12 
4 29 16 17 8 27 17 27 19 19 31 8 37 8 6 24 36 54 36 37 37 18 20 4 39 15 32 23 38 22 36 13 30 20 21 12 23 13 24 23 16 33 4 39 4 9 20 37 53 48 13 23 18 55 20 52 32 58 31 46 16 50 49 14 24 19 56 21 53 33 59 32 46 17 51 20 27 13 51 23 43 33 49 32 47 18 40 25 23 16 24 15 18 21 17 21 26 19 14 26 18 20 18 26 18 28 19 20 21 15 29 4 35 4 12 19 33 23 55 35 61 34 49 19 53 21 14 28 13 23 18 23 29 66 29 39 21 60 35 19 32 12 28 35 45 27 67 31 12 28 19 36 24 
40 64 29 29 28 63 53 62 27 56 48 44 49 45 30 60 55 36 40 1 13 41 32 35 3 32 20 22 24 23 17 36 26 27 26 24 59 49 59 25 52 46 40 48 41 26 56 53 21 12 23 13 24 23 16 33 4 39 4 9 20 37 13 22 12 24 24 15 34 3 40 4 10 19 37 30 22 23 15 21 19 14 25 14 17 24 23 54 59 20 55 36 44 35 45 33 59 43 49 10 46 27 35 27 35 26 49 33 22 51 43 39 44 40 26 55 49 12 35 2 41 2 12 17 38 31 36 32 36 25 51 38 23 56 24 16 36 56 26 26 18 40 29 26 22 36 61 18 40 30 28 21 43 
41 65 30 29 29 64 54 63 27 57 48 45 49 45 31 61 55 37 1 42 14 42 33 36 2 33 20 23 24 24 18 37 26 27 27 25 60 50 60 25 53 46 41 48 42 27 57 53 20 11 24 14 25 22 16 32 5 38 5 9 21 36 12 23 13 24 23 16 33 4 39 4 9 20 37 31 23 24 14 23 18 15 24 15 17 25 23 55 60 21 56 36 45 36 46 34 60 43 50 11 47 27 36 27 37 27 50 34 22 52 43 40 44 41 27 56 50 13 34 2 40 2 12 18 37 32 37 32 37 26 52 38 23 56 24 15 36 56 26 27 19 41 30 26 21 37 60 19 41 30 29 20 43 
40 67 36 36 29 62 52 64 35 56 57 44 59 45 30 60 63 37 13 14 24 35 25 35 15 28 33 16 37 16 3 32 38 35 35 27 59 48 61 34 52 56 41 58 42 27 57 62 33 20 24 15 31 35 20 47 14 53 15 16 24 50 21 23 15 31 36 20 47 15 53 15 17 24 51 23 13 24 23 16 33 4 39 4 9 20 37 49 57 21 51 42 39 44 40 26 55 49 47 14 41 35 29 38 30 16 45 42 31 51 52 39 55 40 25 55 58 19 48 15 55 15 19 23 52 40 32 43 32 18 48 46 34 70 35 30 44 69 39 21 7 36 40 39 35 46 74 7 37 41 22 34 51 
17 40 33 34 19 29 21 37 35 25 49 18 55 19 16 30 53 18 41 42 35 47 10 14 44 8 45 19 52 19 33 6 45 35 36 22 27 19 36 38 24 51 19 57 19 19 28 55 61 52 20 27 32 63 27 65 37 72 37 49 26 65 53 21 29 33 64 29 66 38 73 38 50 27 66 12 22 20 56 20 54 31 60 31 45 16 53 13 24 23 16 33 4 39 4 9 20 37 15 31 5 35 6 42 5 20 10 37 35 20 47 15 53 15 16 25 51 31 68 41 75 40 52 29 68 38 5 44 5 17 14 41 43 82 43 50 39 77 50 15 28 6 44 50 57 45 84 28 6 44 13 49 42 
21 48 31 32 18 39 29 45 33 34 51 24 55 25 15 38 56 20 32 33 25 10 27 16 35 4 40 9 46 9 22 9 42 33 34 19 36 27 43 35 31 51 23 56 24 16 36 56 53 43 15 20 29 55 21 59 29 66 29 39 21 60 44 16 21 30 56 22 60 30 67 30 40 22 61 2 12 15 46 10 47 21 54 21 34 8 47 23 34 17 26 34 14 38 15 1 30 39 24 23 16 33 4 39 4 9 20 37 31 29 47 19 53 20 12 33 52 24 62 32 69 32 43 23 63 37 8 42 9 7 24 41 39 79 39 43 38 75 45 6 18 13 41 45 50 44 81 18 13 41 4 43 43 
5 32 19 20 8 28 17 29 22 20 35 9 41 10 5 25 40 4 35 36 35 14 16 49 39 12 34 20 40 19 34 9 33 22 23 12 24 13 27 25 17 37 6 43 7 9 22 41 53 47 12 22 20 56 20 54 31 60 31 45 16 53 48 13 23 21 57 21 55 32 61 32 46 17 54 16 24 12 51 20 44 31 50 30 45 15 42 22 23 15 22 19 14 25 14 18 25 23 13 25 15 22 14 29 14 24 16 23 23 16 33 4 39 4 9 20 37 23 57 35 63 34 48 19 56 24 10 31 9 19 16 26 31 69 31 40 24 63 38 15 30 8 31 37 46 31 70 29 8 31 15 38 28 
43 67 32 31 31 67 56 65 29 59 50 47 50 48 34 63 56 39 3 2 15 44 35 39 46 36 21 26 24 26 19 39 27 29 29 27 63 52 62 27 55 48 43 49 44 30 60 54 18 8 27 17 27 20 19 31 7 37 8 7 23 36 9 26 16 26 21 18 32 6 38 7 7 22 36 33 25 27 12 25 18 16 23 16 17 28 23 57 62 23 59 38 48 37 48 37 63 45 52 13 49 29 39 29 39 29 53 36 24 55 44 43 45 43 30 59 51 16 33 4 39 4 9 20 37 33 40 34 40 29 55 40 24 55 25 15 38 56 26 29 20 43 31 27 20 38 60 20 44 32 31 20 45 
16 43 27 28 14 35 25 40 29 29 46 20 51 20 11 34 51 15 32 33 28 8 4 12 36 32 38 11 44 11 25 4 39 29 30 16 32 22 38 32 27 47 18 52 19 12 31 52 53 44 12 19 26 55 20 58 29 64 29 41 18 58 45 13 20 27 56 21 59 30 65 30 42 19 59 5 15 13 47 12 46 23 53 23 37 8 46 21 30 15 23 29 12 34 12 6 27 34 20 23 13 29 3 36 3 13 17 33 28 24 43 15 49 15 9 29 48 23 61 32 67 32 44 21 61 33 4 39 4 9 20 37 36 76 36 42 34 72 43 7 21 8 38 43 49 40 78 20 9 38 5 42 39 
36 53 17 16 26 58 49 53 14 50 29 39 29 39 29 53 36 32 20 20 33 45 40 34 21 38 66 33 6 33 35 39 6 13 12 22 54 45 49 10 46 27 35 27 35 26 49 33 24 27 25 22 14 26 18 20 18 26 18 28 19 20 27 24 21 13 27 17 21 18 27 17 28 18 21 38 35 25 29 32 12 31 17 31 38 32 8 56 55 22 56 23 47 19 47 42 58 28 46 20 48 13 41 9 41 39 50 18 10 47 24 36 24 37 29 50 31 16 23 18 29 18 29 16 23 16 40 13 40 36 50 21 4 39 4 9 20 37 6 34 34 41 10 6 14 18 42 34 41 11 36 4 26 
25 53 29 29 17 46 36 50 29 40 49 29 53 30 16 45 55 23 22 23 16 19 9 20 26 11 33 8 39 0 14 16 36 29 30 16 43 33 47 30 37 49 27 54 27 15 42 55 43 33 12 11 25 46 14 52 20 58 20 30 16 53 34 12 12 26 47 15 53 21 59 21 31 17 54 7 4 12 37 1 39 12 45 11 25 4 40 33 41 12 35 33 23 36 24 11 39 39 31 14 25 29 13 34 14 6 29 34 26 35 45 24 50 25 11 40 51 16 54 23 61 23 33 17 56 34 16 38 16 2 32 39 33 72 33 35 36 69 39 4 9 20 37 39 42 41 75 9 21 37 6 36 42 
42 58 23 22 32 64 55 58 19 56 31 45 29 46 36 59 37 38 24 24 37 52 46 40 24 44 6 39 78 39 40 46 9 19 18 29 60 51 54 15 52 28 41 27 42 33 55 34 21 28 32 28 20 24 25 13 23 20 22 30 26 13 28 31 27 19 24 24 14 22 21 22 29 25 14 44 41 31 30 38 9 36 12 36 41 38 2 63 61 29 62 28 54 23 54 48 65 33 52 26 55 19 48 13 48 45 57 23 17 53 26 43 24 43 35 56 32 23 16 22 23 22 30 23 16 20 46 16 46 42 57 25 9 33 9 9 24 32 4 40 40 48 13 4 9 20 37 39 48 14 42 3 29 
25 52 28 29 16 46 36 49 29 39 49 29 53 29 16 44 54 22 23 24 16 19 9 19 26 11 33 0 39 9 14 15 36 29 29 16 42 32 47 30 36 49 26 53 27 14 41 54 44 33 11 11 25 46 14 52 20 58 20 30 16 53 35 12 12 25 47 15 53 21 59 21 31 16 54 7 5 12 37 1 39 12 45 12 26 4 40 32 41 12 34 32 23 36 23 10 39 38 30 14 24 29 13 34 13 6 28 34 26 34 45 23 49 24 10 39 50 16 54 23 61 23 34 17 55 33 15 38 16 2 31 38 33 72 33 35 36 69 39 4 10 19 36 39 42 40 75 9 20 37 6 36 41 
39 66 37 37 29 60 50 63 37 54 58 43 61 44 29 59 64 36 17 18 3 33 22 34 19 25 35 14 40 14 19 30 40 36 37 27 57 47 61 36 51 57 40 60 41 27 56 63 37 24 23 16 33 38 21 50 17 56 17 20 25 53 25 23 16 33 39 21 51 18 57 18 21 25 54 20 10 24 27 14 36 4 42 4 12 18 40 46 55 21 49 43 37 45 37 23 53 49 45 15 38 36 26 40 27 13 43 43 32 49 53 38 56 38 24 54 59 20 52 18 58 19 23 24 55 41 30 44 30 16 46 48 37 73 37 33 45 72 41 19 4 34 42 42 39 48 77 4 35 43 20 37 51 
12 39 27 28 13 30 20 35 29 25 44 15 50 16 10 29 49 13 36 37 32 6 9 9 39 4 39 16 46 15 30 41 39 29 30 16 27 18 33 32 22 45 14 51 15 13 27 49 56 48 14 22 26 58 22 59 32 66 32 45 20 59 49 15 24 27 59 23 60 33 67 33 46 21 60 10 19 14 51 16 48 28 55 27 42 12 47 18 25 17 19 27 8 33 8 9 23 32 15 26 9 29 5 36 5 18 13 32 29 19 42 11 47 11 10 24 46 25 62 36 69 35 48 23 62 32 1 39 0 14 16 35 37 76 37 44 33 71 44 11 26 4 38 44 51 39 78 25 4 38 9 43 37 
34 48 14 13 25 55 46 48 10 46 23 37 22 37 29 50 29 30 26 26 38 45 42 33 27 39 6 36 9 36 40 39 74 10 9 22 51 42 44 7 43 20 33 21 33 26 46 27 30 34 26 25 13 32 21 21 24 28 23 34 20 20 34 25 25 12 33 20 23 24 29 23 34 19 21 40 39 26 36 35 17 36 21 36 44 34 12 55 52 24 54 19 47 14 47 43 56 23 44 25 48 10 42 4 42 42 49 13 10 44 17 35 17 35 29 47 24 20 25 24 31 24 36 18 23 11 40 6 40 38 48 16 3 37 3 16 15 33 5 36 39 41 4 5 19 11 39 38 41 4 38 9 20 
23 40 4 3 15 45 36 39 0 36 21 26 24 26 19 40 28 20 27 27 35 35 33 22 29 29 13 29 19 29 36 29 10 72 1 13 41 32 35 3 32 20 22 24 23 17 36 26 37 37 18 20 4 39 15 32 23 38 22 36 13 30 38 17 20 3 40 15 33 23 39 23 37 12 31 31 33 17 40 28 25 32 30 32 43 26 21 45 42 17 44 10 37 8 37 35 46 16 34 21 38 0 33 6 33 35 39 6 4 34 16 24 20 24 20 37 23 16 35 25 42 24 39 12 33 4 30 9 30 31 38 11 9 46 9 22 9 42 15 28 34 31 8 15 27 11 48 33 31 8 29 18 15 
24 41 5 4 16 46 37 40 1 37 21 27 24 28 20 41 28 21 26 27 35 36 34 23 29 30 12 30 18 29 37 30 9 1 74 14 42 33 36 2 33 20 23 24 24 18 37 26 36 36 18 20 4 38 16 31 23 37 22 36 13 29 37 18 20 4 39 15 32 23 38 22 36 13 30 32 33 18 39 29 24 32 29 32 43 27 20 46 43 17 45 11 38 8 38 35 47 17 35 21 39 1 34 5 34 36 40 7 4 35 16 25 20 26 21 38 23 16 34 25 40 24 38 13 32 5 31 8 31 31 39 11 8 45 8 21 9 41 14 28 34 32 7 14 26 11 47 34 32 7 30 17 16 
16 40 12 13 4 39 29 38 13 31 32 20 37 20 7 36 38 12 24 25 27 22 19 12 27 16 22 16 29 16 27 16 22 13 14 74 35 25 35 15 28 33 16 37 16 3 32 38 41 36 4 12 10 43 8 42 20 49 19 34 4 42 37 4 12 10 44 9 43 20 50 20 34 5 43 18 20 4 39 15 32 23 38 22 36 13 30 34 35 5 34 16 25 20 25 21 37 22 25 14 26 13 19 19 19 22 28 18 12 27 29 16 33 16 7 31 34 11 45 23 52 22 37 7 45 17 17 23 17 18 28 22 20 60 20 28 20 55 27 14 23 19 22 27 34 24 61 23 19 22 15 26 25 
19 17 37 38 31 4 6 13 40 4 42 15 48 15 29 4 42 23 59 60 59 27 36 24 63 32 54 43 60 42 57 27 51 41 42 35 36 10 14 44 8 45 19 52 19 33 6 45 76 71 36 46 40 79 43 73 55 79 55 69 39 70 72 37 47 41 80 44 74 56 80 56 70 40 71 37 47 36 75 43 66 54 71 54 69 38 62 20 4 39 15 32 23 38 22 36 13 30 11 50 22 41 32 47 31 46 18 38 43 8 42 20 49 19 34 4 42 47 76 59 82 58 72 43 74 40 28 46 27 41 13 38 50 83 50 62 37 75 56 38 53 23 47 56 68 44 82 52 22 47 37 59 36 
9 21 28 29 21 14 4 18 31 7 37 5 44 5 18 11 39 13 49 50 48 19 27 13 52 22 45 33 51 32 47 18 42 32 33 25 10 41 16 35 4 40 9 46 9 22 9 42 66 61 26 36 31 69 33 64 45 70 44 59 29 62 62 26 37 32 70 34 65 46 72 45 60 30 63 27 37 25 65 33 56 44 62 44 58 28 53 18 10 29 14 24 16 31 15 27 14 24 4 39 15 32 23 38 22 36 13 30 34 2 37 9 43 9 23 6 38 37 68 48 74 48 62 33 65 32 18 39 18 32 8 31 41 76 41 53 30 70 48 28 43 14 39 47 58 37 76 42 13 39 27 49 30 
21 5 31 32 32 16 16 4 35 12 30 18 36 17 31 10 29 24 59 60 61 36 43 27 62 38 49 47 54 47 61 33 44 35 36 35 14 16 8 39 12 34 20 40 19 34 9 33 72 71 37 47 36 75 43 65 55 71 54 69 38 62 71 38 48 37 76 44 67 55 72 55 69 39 63 43 51 37 74 47 61 57 66 57 71 42 56 33 18 40 29 25 33 30 32 43 26 21 20 50 32 35 39 40 39 51 29 31 39 15 32 23 38 22 36 13 30 46 69 58 75 57 72 41 65 33 34 38 34 47 24 29 45 72 44 58 29 64 50 43 57 30 40 49 63 35 71 56 29 40 42 53 26 
27 43 7 6 18 48 39 43 4 40 23 30 24 30 22 43 29 23 25 25 34 38 35 25 27 32 10 30 15 30 36 32 7 3 2 15 44 35 39 79 36 21 26 24 26 19 39 27 33 34 19 20 5 36 16 28 21 35 21 34 14 27 35 18 20 4 37 15 30 21 36 21 34 13 28 33 33 19 37 29 22 32 27 31 42 27 17 48 45 18 47 13 39 10 39 36 49 19 37 20 41 3 35 4 35 36 42 9 4 37 17 28 20 28 22 40 24 15 32 23 38 22 36 13 30 6 33 8 33 32 41 13 6 44 5 19 11 40 12 29 34 33 6 12 24 11 46 33 33 7 31 14 18 
12 16 28 29 24 12 5 13 32 4 35 8 41 7 22 8 36 16 52 53 52 24 31 17 55 27 46 37 52 36 51 22 43 32 33 28 8 4 12 36 31 38 11 44 11 25 4 39 68 64 29 39 32 71 36 64 48 71 47 62 31 62 65 30 40 33 72 37 66 49 72 48 62 32 63 32 41 29 67 37 57 48 63 47 62 32 54 22 10 32 18 24 21 30 20 32 17 23 8 42 20 32 28 38 27 41 17 30 35 4 35 13 42 12 27 4 36 39 68 51 74 50 65 35 65 32 23 38 22 36 13 30 42 75 42 54 29 68 48 32 47 19 39 48 60 36 75 46 18 39 31 50 29 
35 36 20 20 33 48 43 37 20 41 4 35 4 35 36 42 9 33 46 46 56 51 51 37 48 47 27 49 28 49 57 45 20 20 20 33 45 40 34 21 38 64 33 6 33 35 39 6 50 54 37 41 24 52 36 36 43 40 42 54 33 31 55 37 41 24 52 36 37 43 41 42 55 33 32 50 53 37 56 48 37 53 39 52 63 46 30 57 48 37 54 18 51 13 51 53 55 15 43 42 51 20 50 18 50 55 51 15 25 41 4 37 5 36 39 42 4 37 39 44 44 43 56 33 34 15 46 13 46 51 48 10 23 38 22 36 13 30 24 47 55 45 16 23 38 9 37 54 45 16 48 29 9 
2 25 19 20 12 23 13 23 22 15 31 4 37 4 10 20 35 4 40 41 41 19 23 6 43 18 35 27 41 26 40 14 33 22 23 16 19 9 20 26 11 33 46 39 0 14 16 36 57 52 17 27 21 59 24 55 36 61 35 50 20 53 53 18 28 22 60 25 56 37 62 36 51 21 54 23 31 17 55 26 46 37 52 36 51 22 43 24 19 20 21 16 18 23 17 24 23 18 11 30 18 22 20 29 20 31 18 21 24 11 30 4 36 3 16 15 32 27 58 39 64 39 53 23 56 23 15 30 15 26 15 24 32 68 32 43 22 62 38 22 36 13 30 38 49 29 68 35 12 30 22 40 24 
41 42 25 24 38 55 49 44 24 48 10 42 4 42 41 49 13 39 48 48 58 57 56 43 49 52 27 54 27 53 60 51 21 24 24 37 52 46 40 24 44 6 39 77 39 40 46 9 48 55 42 44 28 50 40 32 45 36 44 55 37 27 55 41 44 28 51 39 33 45 37 44 55 37 27 55 57 41 57 53 36 56 37 55 65 50 29 63 54 41 61 23 57 18 57 58 61 22 50 45 58 24 56 20 56 60 57 19 28 47 9 43 4 43 44 48 10 40 36 46 39 45 57 37 30 20 52 15 52 55 55 16 24 32 23 36 18 24 23 52 58 51 18 22 36 13 30 57 51 17 53 29 16 
2 25 19 20 13 23 13 22 22 15 31 3 37 4 11 19 34 4 41 42 42 19 24 7 44 19 35 27 42 27 41 15 33 23 24 16 19 9 19 26 11 33 0 39 45 14 15 36 57 53 18 28 21 60 25 55 36 61 36 50 20 53 54 19 29 22 61 26 56 37 62 37 51 21 54 24 32 18 56 27 47 38 53 37 52 22 44 24 19 21 21 16 18 22 18 25 23 18 11 31 18 23 21 29 20 32 18 21 25 11 29 4 36 4 16 15 32 28 58 40 65 39 54 24 56 23 16 30 15 27 15 23 32 68 32 43 22 61 38 23 37 13 30 38 49 29 68 36 13 30 23 40 23 
13 39 15 16 2 36 26 37 17 29 35 17 39 18 4 34 40 9 26 27 27 19 16 9 30 12 26 15 33 14 27 13 26 17 18 3 33 22 34 19 25 35 14 40 14 73 30 40 44 38 3 13 13 47 11 46 22 53 22 36 7 46 39 4 14 14 48 12 47 23 54 23 37 8 47 15 19 3 42 14 36 23 42 23 37 10 34 30 32 6 30 18 21 22 21 18 33 24 22 16 22 17 16 23 16 20 24 20 16 24 31 13 36 13 4 29 36 14 49 26 56 25 39 10 49 20 13 26 13 15 25 25 24 63 24 32 22 59 31 12 23 15 25 31 38 27 65 22 15 25 13 30 27 
17 12 32 33 28 9 7 9 35 3 36 12 42 12 26 4 36 20 56 57 57 28 36 22 60 31 49 42 55 41 56 27 46 36 37 32 6 9 9 39 4 39 16 46 15 30 26 39 72 68 33 44 36 75 40 68 52 74 52 66 36 65 69 34 44 37 76 41 69 53 75 52 67 37 66 37 46 33 72 42 61 53 67 52 67 37 57 24 9 37 20 27 25 33 24 36 18 24 12 47 24 36 32 42 31 45 20 33 39 7 37 17 43 17 31 4 36 44 71 55 77 55 69 39 68 35 27 41 27 41 15 32 46 77 45 58 32 70 51 37 52 23 42 51 63 38 76 51 22 42 36 54 30 
38 34 26 25 38 48 44 36 26 42 5 38 5 38 41 42 4 37 53 53 62 55 56 41 54 52 33 55 34 54 63 49 27 26 26 38 45 42 33 27 39 6 36 9 36 40 39 61 56 61 42 47 30 58 42 42 49 45 49 61 39 36 61 42 47 30 59 42 42 49 46 49 61 38 37 55 59 42 63 54 44 59 45 58 70 51 37 59 48 42 56 22 54 18 54 58 56 18 45 48 55 26 55 25 54 61 54 20 31 42 10 40 10 40 44 42 4 43 45 51 49 50 63 39 39 22 50 20 50 56 50 15 30 41 29 43 18 32 30 52 61 49 23 30 44 16 38 60 48 22 53 36 13 
57 77 41 40 45 80 70 76 37 72 53 61 51 61 48 76 59 53 21 20 33 61 53 53 18 53 24 43 21 44 37 56 30 37 36 41 76 66 72 33 68 50 57 48 57 44 72 56 2 14 42 33 36 2 33 20 23 24 24 18 37 26 13 41 32 35 3 32 20 22 24 23 17 36 26 50 43 42 13 42 12 35 12 35 31 45 19 74 76 38 75 47 64 43 64 54 78 53 67 30 66 37 56 33 56 47 69 42 33 68 48 57 46 57 45 72 54 30 20 20 24 20 16 33 26 40 56 37 56 46 70 46 28 44 29 14 44 47 26 46 38 59 34 26 12 42 50 38 59 35 49 20 50 
52 76 40 39 40 75 65 74 37 68 57 56 57 57 42 72 63 48 12 11 20 52 43 47 8 44 27 33 28 33 24 48 34 37 36 36 71 61 71 34 64 54 52 55 53 38 68 61 14 27 35 25 35 15 28 33 16 37 16 3 32 38 1 34 24 34 16 27 33 15 38 16 2 31 38 41 32 35 3 32 20 22 24 23 17 36 26 66 71 32 67 47 56 45 56 44 71 53 61 22 57 37 46 36 47 36 61 44 32 63 51 51 52 52 38 68 58 24 33 12 38 13 2 29 38 41 48 41 48 36 63 48 31 57 32 19 46 59 32 37 26 52 38 32 22 45 62 26 52 38 39 25 53 
16 43 17 17 5 40 29 40 17 32 37 21 41 21 7 37 43 13 23 24 24 20 15 12 27 12 25 12 32 11 23 14 26 18 18 4 36 26 37 19 29 37 17 42 18 3 33 42 42 35 82 10 14 44 8 45 19 52 19 33 6 45 36 1 11 15 45 9 46 20 53 20 33 7 46 13 16 0 39 11 34 20 40 19 33 8 33 32 35 3 32 20 22 24 23 17 36 26 25 13 24 18 16 23 16 18 27 22 16 28 33 16 38 16 3 32 38 11 48 23 55 22 36 9 48 22 14 27 15 13 28 27 24 63 24 30 24 59 30 10 20 17 26 30 36 29 65 19 17 26 11 29 30 
27 52 21 21 15 50 40 50 20 43 42 31 45 32 17 47 48 23 13 14 15 27 20 22 17 19 22 11 28 11 16 22 25 20 20 12 46 36 47 20 39 41 27 44 28 13 44 47 33 25 10 64 16 35 4 40 9 46 9 22 9 42 26 9 1 17 36 5 41 10 47 10 23 9 42 17 13 10 29 10 27 12 34 11 24 12 28 41 45 7 42 27 31 28 31 21 46 34 35 3 32 20 22 24 23 17 36 26 16 38 37 26 40 27 13 42 43 5 42 13 49 12 26 7 44 25 23 29 23 14 38 31 22 61 22 23 29 58 27 13 13 26 27 28 30 32 64 13 27 27 15 24 35 
22 41 5 5 12 44 35 40 4 36 25 25 28 25 16 40 31 18 24 25 31 32 29 20 27 26 14 25 20 25 33 26 13 4 4 10 40 31 36 5 32 24 21 28 21 13 36 30 36 35 14 16 71 39 12 34 20 40 19 34 9 33 36 13 16 1 40 11 35 20 41 20 34 8 34 27 29 13 38 24 25 28 31 28 40 22 22 42 41 13 42 11 34 12 34 31 44 18 32 17 35 4 30 9 29 31 37 10 3 32 20 22 24 23 17 36 26 13 37 22 43 22 36 9 36 8 27 13 27 27 36 14 11 50 11 22 12 45 17 24 30 28 12 17 27 15 51 29 28 12 25 18 19 
59 79 43 42 47 83 73 79 40 75 55 63 53 64 51 79 61 55 23 22 35 63 55 56 20 55 26 46 24 46 38 58 32 39 38 43 79 69 75 36 71 52 59 50 60 47 75 58 2 15 44 35 39 7 36 21 26 24 26 19 39 27 14 43 34 38 1 35 21 25 24 25 18 38 27 53 45 44 13 45 14 36 13 37 32 47 21 76 79 41 77 50 67 46 67 57 80 55 69 32 68 39 58 36 58 49 71 45 35 71 50 59 48 60 48 75 56 32 20 22 24 23 17 36 26 42 58 39 59 49 72 48 30 45 31 16 47 48 28 49 40 61 36 28 14 44 50 40 62 37 51 22 53 
24 48 16 16 12 47 37 47 16 40 37 28 40 29 15 44 43 20 16 16 20 27 21 20 19 20 18 14 25 14 21 22 21 15 16 8 43 33 43 16 36 36 24 40 25 11 40 42 33 28 8 4 12 36 65 38 11 44 11 25 4 39 28 7 5 12 37 1 39 12 45 12 26 4 40 19 17 8 31 13 26 17 33 16 29 13 26 40 43 4 41 22 30 24 31 23 44 29 33 6 32 15 23 20 23 20 35 22 12 35 32 24 36 24 11 40 38 3 41 15 47 14 28 3 41 20 22 24 23 17 36 26 18 58 18 22 24 55 24 15 18 25 22 24 29 27 60 17 25 23 17 22 30 
55 69 36 35 46 77 68 70 32 68 40 58 36 59 50 72 45 52 33 32 47 65 59 54 31 58 20 52 13 52 50 59 21 32 31 42 73 64 65 28 64 36 55 32 55 46 68 42 20 33 45 40 34 21 38 41 33 6 33 35 39 6 32 44 39 32 21 37 1 32 7 32 35 38 6 57 53 45 32 51 13 47 8 46 48 51 12 76 74 42 76 41 67 35 67 61 78 44 66 37 68 32 61 26 61 57 70 35 30 66 35 56 31 57 48 69 41 35 3 31 9 31 35 36 5 32 60 27 60 54 70 36 22 24 23 17 36 26 16 53 50 61 25 16 11 31 29 50 61 25 55 15 40 
36 60 25 25 23 59 49 58 23 51 44 40 46 40 26 56 51 32 4 5 14 37 29 31 7 29 18 20 23 20 17 32 24 23 23 20 55 45 55 21 48 43 36 45 36 22 52 49 23 16 19 9 20 26 11 33 45 39 0 14 16 36 17 18 8 20 27 10 34 1 40 1 14 15 37 27 20 19 19 19 19 13 26 13 20 21 22 50 55 16 51 32 41 32 41 30 55 38 45 6 42 23 32 24 32 24 46 30 18 47 39 35 41 36 22 51 46 8 35 3 42 3 17 13 38 28 32 29 33 23 47 34 20 56 21 16 32 55 24 23 17 36 26 25 22 33 60 17 36 27 25 19 39 
62 75 42 41 52 83 74 75 39 75 44 65 40 65 56 78 49 58 39 38 53 72 66 60 37 64 26 58 20 58 56 66 28 38 37 49 79 70 71 35 71 40 61 36 61 53 74 45 24 37 52 46 40 24 44 6 39 49 39 40 46 9 37 51 45 39 24 43 5 38 1 38 39 45 8 64 60 51 37 57 19 53 13 53 54 58 18 83 80 49 82 47 74 41 74 68 84 50 72 44 75 38 68 32 68 63 77 41 37 72 40 63 35 63 55 75 45 42 4 37 3 37 39 43 6 38 66 32 66 61 76 42 29 20 29 23 42 25 22 60 57 68 31 23 17 36 26 56 68 31 62 22 45 
35 59 25 24 23 58 48 57 23 51 44 39 45 40 26 55 50 31 4 5 15 37 29 31 8 29 18 20 22 20 17 32 23 22 22 19 55 44 54 21 47 42 35 44 36 22 52 49 24 16 19 9 19 26 11 33 0 39 46 14 15 36 17 18 8 19 27 10 34 1 40 1 15 14 37 26 20 19 20 19 19 14 26 13 21 21 22 50 54 15 51 31 40 31 41 30 55 38 44 5 42 22 32 23 32 24 45 29 17 46 39 35 40 35 22 51 45 7 35 4 42 3 17 12 37 27 32 28 32 22 47 34 20 56 20 16 31 54 24 22 17 35 26 24 22 32 59 17 36 26 25 19 38 
49 74 39 38 37 73 62 72 36 65 57 54 57 54 40 70 63 46 9 9 16 49 39 45 7 41 28 30 30 30 20 45 34 36 36 34 69 59 69 34 62 54 50 55 50 36 66 61 18 3 33 22 34 19 25 35 14 40 14 34 30 40 5 32 21 33 20 24 36 13 41 14 1 29 41 37 28 33 7 29 22 19 27 19 13 33 28 62 68 29 64 46 53 44 53 41 68 52 58 19 54 36 43 36 43 32 58 43 31 61 51 49 52 50 35 65 58 22 36 11 41 11 3 27 41 41 45 41 45 32 60 47 31 60 32 20 45 61 32 34 22 49 38 33 24 45 65 23 49 38 36 26 52 
20 44 12 13 8 43 33 42 13 35 33 24 37 24 11 40 39 16 20 21 24 26 21 16 23 18 19 16 26 16 25 20 20 13 13 4 39 29 38 14 31 33 20 37 20 7 36 39 37 32 6 9 9 39 4 39 16 46 15 30 72 39 33 5 9 9 40 5 40 17 47 16 31 1 40 19 20 5 35 15 28 21 35 20 33 13 27 37 39 4 37 18 28 20 28 23 41 24 29 11 29 13 22 18 22 22 32 18 10 31 29 20 33 20 9 35 35 7 42 19 49 18 33 3 42 17 20 22 20 18 32 23 18 57 18 24 20 54 24 15 22 22 20 24 31 24 60 21 23 21 17 23 26 
54 65 34 33 45 74 66 66 31 66 35 57 30 57 49 69 40 50 37 36 50 65 60 53 36 58 20 53 13 53 53 59 20 30 29 42 70 62 62 27 62 31 53 27 53 46 65 36 26 38 45 42 33 27 39 6 36 9 36 40 39 53 38 44 41 31 28 38 7 35 10 35 40 38 1 58 55 45 38 52 18 50 14 49 53 52 13 75 72 43 74 38 67 32 67 62 76 41 64 40 68 30 62 24 61 59 70 32 30 64 31 55 26 55 49 66 35 36 9 35 13 34 40 37 3 30 60 23 60 56 69 32 21 19 21 20 33 20 15 54 53 61 22 15 16 27 24 53 61 23 56 17 36 
53 76 41 40 41 76 66 75 38 69 57 57 57 57 43 73 64 49 13 12 21 53 44 48 9 45 27 34 28 35 25 49 34 38 37 37 72 62 71 35 65 55 53 55 54 39 69 61 13 1 36 26 36 14 28 32 17 37 17 5 33 38 29 35 25 35 15 28 33 16 37 16 3 32 38 42 33 36 2 33 20 23 24 24 18 37 26 67 72 33 68 47 57 46 57 45 72 54 62 23 58 38 47 36 48 37 62 44 33 64 52 52 52 53 39 68 59 25 33 13 38 14 2 30 38 42 49 41 49 37 64 48 31 57 32 19 46 58 32 38 27 53 38 32 21 45 62 27 53 39 40 26 53 
17 43 16 17 6 41 30 41 17 33 36 21 41 22 8 38 42 14 22 23 23 21 16 13 26 13 24 12 31 12 23 15 25 17 18 4 37 26 38 18 30 37 18 41 19 4 34 42 41 34 1 9 13 43 7 44 18 51 18 32 5 44 35 84 10 14 44 8 45 19 52 19 33 6 45 14 16 1 38 11 33 19 39 19 33 9 32 33 36 2 33 20 23 24 24 18 37 26 26 12 25 17 17 23 17 18 28 22 15 29 33 17 37 17 4 33 38 10 47 22 54 21 35 7 47 21 15 26 16 14 29 26 23 62 23 29 24 58 29 10 19 18 25 29 35 28 65 19 18 25 12 28 29 
28 53 21 21 16 51 41 51 20 44 42 32 44 32 18 48 48 24 12 13 15 29 21 23 16 20 21 12 27 12 16 24 25 20 20 12 47 37 48 20 40 41 28 44 29 14 44 47 32 24 11 1 16 34 5 39 8 45 8 21 9 41 25 10 66 16 35 4 40 9 46 9 22 9 42 19 14 11 28 11 26 12 33 11 24 13 27 42 46 7 43 27 32 28 32 22 47 34 36 2 33 20 23 24 24 18 37 26 16 39 37 27 40 28 14 43 43 4 41 12 48 11 25 7 43 25 24 28 24 15 39 31 21 60 22 22 29 58 27 14 14 27 26 27 29 31 63 13 28 27 17 23 35 
23 41 5 5 13 45 36 41 3 37 25 26 28 26 17 41 31 19 24 24 31 33 30 21 26 27 13 26 19 25 33 27 12 3 4 10 41 32 37 4 33 24 22 28 22 14 37 30 35 34 15 17 1 38 12 32 20 39 19 33 9 31 35 14 16 73 39 12 34 20 40 19 34 9 33 28 29 14 37 25 24 29 30 28 39 23 21 44 42 13 43 12 35 12 35 32 45 19 33 17 36 3 30 8 30 32 38 10 2 33 20 23 24 24 18 37 26 12 36 22 42 21 36 9 35 8 28 12 28 27 37 15 10 49 10 21 12 44 16 25 30 29 11 16 26 15 51 30 29 11 26 17 19 
60 80 44 43 48 84 74 80 41 76 56 64 54 65 52 80 62 56 24 23 36 64 56 57 21 56 27 47 24 47 39 59 33 40 39 44 80 70 76 37 72 52 60 51 61 48 76 59 3 16 45 36 40 1 37 21 27 24 27 20 40 28 15 44 35 39 5 36 21 26 24 26 19 39 27 54 46 45 14 46 15 38 14 38 33 48 21 77 80 42 78 50 68 47 68 58 81 56 70 33 69 40 59 36 59 50 72 46 36 72 50 60 48 61 49 76 57 33 20 23 24 24 18 37 26 43 59 40 60 50 73 49 31 44 32 17 48 48 28 50 41 63 37 29 14 44 50 42 63 38 52 23 53 
25 49 16 16 13 48 38 47 15 41 37 29 40 29 16 45 43 21 15 16 20 29 22 21 18 21 17 15 24 15 21 23 20 15 15 9 44 34 44 15 37 36 25 39 26 12 41 42 32 27 9 5 11 35 1 37 10 43 10 24 5 38 28 8 4 12 36 67 38 11 44 11 25 4 39 20 18 9 30 14 25 17 31 16 28 14 25 41 44 5 42 22 32 23 32 24 45 29 34 6 33 15 24 19 24 21 36 21 11 36 32 25 35 25 12 40 38 2 39 14 46 13 28 2 40 20 23 24 24 18 37 26 17 57 18 21 24 54 23 16 18 26 22 23 28 27 60 18 27 22 18 21 30 
57 70 37 36 47 78 69 71 33 70 41 60 37 60 51 73 46 53 34 33 47 66 60 55 32 59 21 53 14 53 51 60 23 33 32 43 74 65 67 30 66 37 56 33 56 47 69 42 20 33 46 41 35 21 39 1 34 5 34 36 40 7 33 45 40 34 21 38 41 33 6 33 35 39 6 58 54 46 33 52 14 48 9 47 49 52 13 77 75 43 77 42 68 36 68 62 79 45 67 38 70 33 62 27 62 58 72 36 31 67 36 57 32 58 50 70 41 36 2 32 8 32 35 37 5 33 61 28 61 55 71 37 23 24 24 18 37 26 17 54 51 62 26 17 12 32 29 51 63 26 56 17 41 
36 60 26 25 24 60 50 59 24 52 44 41 46 41 27 57 51 33 3 4 15 38 30 32 6 30 18 21 22 21 18 33 24 23 23 20 56 46 55 21 49 43 37 45 37 23 53 49 22 15 20 10 20 25 12 32 1 38 1 13 17 35 16 19 9 20 26 11 33 47 39 0 14 16 36 28 21 20 18 20 19 14 25 14 20 22 22 51 56 17 53 32 42 32 42 32 56 39 46 7 43 23 33 24 33 25 47 30 18 48 39 36 41 37 23 52 46 9 34 2 41 2 16 13 37 28 33 29 34 24 48 35 20 55 21 15 32 54 24 24 18 37 26 24 21 33 59 17 37 27 26 19 39 
63 76 43 42 53 84 75 76 40 76 45 66 41 66 57 79 50 59 40 39 53 73 67 61 38 65 27 59 21 59 57 67 29 39 38 50 80 72 72 36 72 41 62 37 62 54 75 46 24 38 53 47 41 24 45 7 40 1 40 41 47 10 37 52 46 40 24 44 6 39 48 39 40 46 9 65 61 52 37 58 20 54 14 54 54 59 19 84 81 50 83 48 75 42 75 69 86 51 73 45 76 39 69 33 69 64 78 42 38 73 41 64 36 64 56 76 46 43 5 38 2 38 40 44 7 40 67 33 68 62 78 43 30 20 30 24 43 25 23 61 57 69 32 24 18 37 26 57 69 32 63 23 46 
36 60 25 25 24 59 49 58 23 52 44 40 45 41 27 56 50 32 4 4 15 38 30 32 7 30 17 21 22 21 18 33 23 23 22 20 56 45 55 21 48 42 36 44 37 23 52 49 23 16 20 10 20 25 12 32 1 38 1 14 16 35 16 19 9 19 26 11 33 0 39 48 14 15 36 27 21 20 19 20 18 14 25 14 21 22 21 51 55 16 52 32 41 31 42 31 56 38 45 6 43 23 33 23 33 25 46 29 18 47 39 36 40 36 23 52 45 8 34 3 41 2 17 13 37 27 33 28 33 24 48 34 19 55 20 15 32 54 23 23 18 36 26 24 21 32 59 18 37 26 26 18 38 
50 74 39 39 38 74 63 73 37 66 57 54 57 55 41 71 64 46 10 9 17 50 40 46 7 42 28 31 29 31 21 46 34 37 36 34 70 60 69 34 62 55 51 55 51 37 67 61 17 2 33 23 34 18 26 35 14 39 15 1 31 40 3 33 22 34 19 25 35 14 40 14 36 30 40 38 29 34 6 30 22 20 26 20 14 34 28 63 69 30 65 46 54 45 54 42 69 53 59 20 55 37 44 36 44 33 59 43 32 62 52 50 52 50 36 66 58 23 35 11 41 12 2 28 40 41 46 41 46 33 61 48 31 59 32 20 46 60 32 35 23 50 38 33 24 45 64 24 50 39 37 26 52 
21 44 12 12 9 44 34 43 12 36 33 25 36 25 12 41 39 17 19 20 24 27 22 17 22 19 18 17 25 16 25 21 19 12 13 5 40 30 39 13 32 33 21 37 21 8 37 38 36 31 7 9 8 38 4 38 15 45 14 29 1 38 32 6 9 9 39 4 39 16 46 15 30 74 39 20 20 6 34 16 27 21 34 20 33 14 26 38 40 4 39 18 29 20 29 24 42 25 30 11 30 12 23 17 23 23 33 18 9 32 29 21 33 21 10 36 35 6 41 18 48 18 32 2 41 17 21 21 21 19 33 23 17 56 17 23 20 53 23 16 22 23 20 23 30 24 59 21 24 20 18 22 26 
55 66 35 34 46 75 67 67 32 67 36 58 31 58 50 70 41 51 37 37 51 66 61 54 36 59 21 54 14 54 54 60 21 31 30 43 71 63 63 28 63 32 54 27 54 47 66 37 26 38 46 42 34 27 40 6 37 8 37 41 40 1 38 45 42 33 27 39 6 36 9 36 40 39 53 59 56 46 38 53 18 51 14 50 54 53 14 77 73 44 75 39 68 33 68 63 78 42 65 40 69 31 63 25 63 60 71 33 31 65 32 56 27 56 50 67 36 37 8 35 12 35 40 38 2 31 61 24 61 57 70 33 23 19 23 21 34 20 16 55 54 62 23 16 16 28 24 54 62 24 57 18 37 
21 48 30 31 17 40 30 45 31 35 50 25 54 26 14 39 55 20 30 31 23 12 2 16 33 5 38 7 44 7 20 10 40 31 32 18 37 27 43 33 32 50 23 55 24 15 37 55 50 41 13 17 27 53 19 57 27 64 26 37 19 58 42 14 19 28 54 20 58 28 65 27 38 20 59 71 10 14 44 8 45 19 52 19 33 6 45 25 35 15 28 33 16 37 16 3 32 38 25 21 17 31 6 37 6 8 22 35 29 29 46 20 51 20 11 34 51 22 60 30 67 30 41 21 61 35 9 41 10 5 25 40 37 77 37 41 37 73 43 4 16 14 40 43 48 42 79 16 14 40 2 41 42 
30 57 32 33 21 50 40 54 33 44 53 34 57 34 21 49 59 27 22 23 13 22 12 24 25 15 35 4 41 5 10 19 39 33 33 20 47 37 51 33 41 53 31 57 32 19 46 59 43 32 16 13 29 45 17 53 20 60 20 28 20 55 33 16 14 29 46 18 54 21 61 21 29 20 56 10 51 16 35 4 40 9 46 9 22 9 42 35 45 16 38 37 26 40 27 13 42 43 35 15 28 33 16 37 16 3 32 38 29 39 49 28 53 29 15 44 55 18 55 23 62 23 32 20 57 37 19 42 20 5 35 43 36 75 36 36 40 72 41 8 6 24 40 42 43 44 78 6 24 40 10 38 46 
16 42 16 17 5 40 29 40 17 32 36 21 41 21 7 37 42 13 23 24 24 20 15 12 27 13 25 12 31 12 24 14 26 17 18 4 36 25 37 19 29 37 17 41 18 3 33 42 42 35 0 10 13 44 8 45 19 51 19 33 5 45 36 1 11 14 45 9 46 20 52 20 34 6 46 14 16 70 39 12 34 20 40 19 34 9 33 32 35 3 32 20 23 24 23 17 36 26 25 13 24 17 16 23 16 18 27 22 15 28 33 16 37 16 3 32 38 11 48 23 54 22 36 8 48 21 15 27 15 14 28 26 23 63 23 30 24 59 30 10 20 17 25 30 36 28 65 19 17 26 12 29 29 
55 79 43 42 43 79 68 77 40 71 59 59 59 60 46 75 66 51 15 14 23 56 46 51 12 47 29 37 30 37 27 51 36 40 39 39 75 65 74 37 67 56 55 57 56 42 72 63 13 3 39 29 38 13 31 32 19 37 20 7 35 38 2 38 28 37 14 30 33 18 37 19 6 34 38 44 35 39 31 36 21 26 24 26 19 39 27 69 74 35 71 50 59 48 60 48 75 56 64 25 61 40 50 38 50 39 65 46 35 67 54 55 53 55 42 71 60 28 33 16 37 16 3 32 38 44 51 43 52 39 67 50 33 57 34 20 48 59 33 41 29 55 40 34 22 47 62 30 56 41 43 27 55 
25 52 28 28 16 46 36 50 28 40 48 29 52 30 16 45 54 23 21 23 16 20 10 20 25 12 32 1 38 1 14 16 35 28 29 15 43 33 47 29 37 48 26 53 27 14 42 54 42 32 11 10 24 45 13 51 19 57 19 29 15 52 33 11 11 25 46 14 52 20 58 20 30 16 53 8 4 12 36 56 38 11 44 11 25 4 39 33 41 11 35 32 24 35 24 11 39 38 31 13 25 28 14 33 14 7 29 33 25 35 44 24 49 25 11 40 50 15 53 22 60 22 32 16 54 33 16 37 16 3 32 38 32 71 32 34 35 68 38 5 9 20 36 38 41 40 74 9 21 36 7 35 41 
47 65 29 28 36 70 60 65 26 61 40 50 39 51 39 65 47 43 19 18 33 54 47 44 18 46 12 39 9 39 36 48 17 25 24 32 66 56 61 22 57 37 46 36 47 36 61 44 12 20 34 27 25 14 26 13 19 19 19 22 28 18 20 33 26 24 15 25 14 19 20 18 22 27 18 45 40 34 21 38 66 33 6 33 35 39 6 66 66 30 66 35 57 31 57 49 69 40 57 24 58 25 49 21 49 44 60 30 22 58 35 47 33 48 37 62 41 23 15 17 22 17 22 25 18 28 49 24 49 42 61 33 16 37 16 3 32 38 13 41 37 51 22 14 2 29 42 36 51 22 43 7 38 
36 63 33 33 25 58 48 60 32 51 54 40 57 41 26 56 60 33 14 15 4 31 21 31 16 23 31 12 36 12 4 28 36 32 32 23 54 44 57 32 48 53 37 56 38 23 53 59 35 22 20 12 28 36 17 47 13 53 14 19 21 50 23 19 12 29 38 17 48 14 54 14 20 21 51 19 9 20 26 11 33 32 39 0 14 16 36 45 53 18 47 39 35 41 36 22 51 45 43 11 37 32 25 35 26 13 41 39 28 46 49 35 52 36 21 51 55 16 49 15 55 15 22 19 51 37 28 40 28 14 44 43 33 70 33 30 41 68 37 16 3 32 38 38 36 44 73 4 33 38 18 33 47 
53 70 34 33 42 75 66 70 31 67 43 56 40 57 46 71 49 49 25 24 39 60 54 50 23 53 17 45 12 45 42 55 21 30 29 38 71 62 66 27 63 39 52 37 53 42 67 45 12 24 40 34 31 13 33 8 26 13 26 27 35 14 24 39 33 30 14 31 9 25 14 25 26 34 14 52 46 40 24 44 6 39 75 39 40 46 9 72 72 37 72 40 63 35 63 56 75 45 63 31 64 30 56 25 56 50 67 35 27 64 38 53 35 54 44 67 44 29 9 24 15 24 26 31 14 32 55 28 55 48 67 37 21 33 21 10 36 35 16 47 43 57 25 16 3 32 38 43 58 26 50 12 41 
35 62 33 33 25 57 47 60 32 51 53 39 56 40 25 55 60 32 14 15 4 31 21 30 16 23 31 11 36 12 4 27 36 32 32 22 54 44 57 31 47 52 36 55 37 23 52 58 35 23 19 11 28 37 16 46 13 53 13 19 20 49 24 19 11 28 38 16 47 14 54 14 20 20 50 19 9 19 26 11 33 0 39 33 14 15 36 44 52 17 46 38 35 40 35 22 51 45 42 11 36 32 25 35 25 13 40 38 27 46 49 34 52 35 20 50 55 15 49 15 55 15 22 19 51 37 27 40 28 14 43 43 32 69 33 29 40 68 37 16 3 31 37 37 36 43 73 3 32 38 18 32 47 
50 76 45 45 39 72 62 74 43 65 65 54 66 55 40 70 71 47 17 17 9 45 34 45 17 37 38 25 41 26 12 42 44 43 43 36 69 58 71 42 62 63 51 65 52 37 67 70 31 17 33 24 40 32 29 48 20 54 21 13 33 53 18 33 24 39 33 28 49 20 54 21 14 33 54 33 22 34 19 25 35 14 40 14 7 30 40 58 67 31 61 51 49 52 49 35 65 58 57 22 50 43 39 44 39 25 55 50 38 60 59 49 61 50 35 65 66 27 50 19 55 20 15 31 54 48 41 49 42 28 58 54 40 73 41 33 52 73 43 30 16 46 47 44 37 53 78 16 47 47 32 38 59 
20 48 25 26 12 42 31 45 26 35 45 24 50 25 11 40 51 18 24 25 20 16 8 15 28 8 32 4 38 4 18 12 34 26 27 13 38 28 42 27 32 46 22 50 22 10 37 51 45 36 8 12 22 47 13 51 21 58 21 33 13 52 37 9 13 23 48 14 52 22 59 22 34 14 53 6 9 9 39 4 39 16 46 15 30 65 39 29 37 9 31 28 20 33 20 9 35 34 26 15 21 26 10 32 11 9 25 31 24 30 42 19 46 20 6 35 47 16 54 24 61 24 36 15 55 30 12 35 12 5 28 35 31 71 31 35 33 67 37 1 14 16 34 38 42 37 73 13 16 34 3 35 38 
44 60 25 24 34 66 57 60 21 58 34 47 32 48 38 61 40 40 23 23 37 53 47 42 23 46 8 40 2 40 40 47 12 21 20 30 62 53 56 17 54 30 43 29 44 34 57 37 19 26 33 28 22 21 26 12 22 18 22 28 27 13 26 32 27 21 21 25 13 22 19 21 28 26 14 45 42 33 27 39 6 36 9 36 40 39 76 64 63 30 64 31 55 26 55 49 66 35 54 26 56 21 49 16 49 45 59 25 19 55 29 45 27 45 36 58 35 23 15 21 21 21 28 24 15 23 48 18 48 43 58 28 11 33 12 7 27 33 6 41 39 49 16 7 7 23 37 39 50 16 43 3 32 
22 37 42 43 30 21 17 33 45 21 55 21 61 21 26 24 57 25 54 55 49 13 23 22 57 21 56 33 63 32 46 18 55 45 46 34 20 18 33 48 22 57 24 63 24 30 24 59 74 66 32 41 42 76 40 76 50 83 50 62 37 75 67 33 42 44 77 41 77 51 84 51 63 38 77 25 35 32 69 33 66 45 72 44 58 29 64 20 16 35 4 40 9 46 9 22 9 42 14 44 8 45 19 52 19 33 6 45 46 18 53 20 60 20 28 20 56 43 79 54 86 53 66 41 79 47 17 53 17 30 9 48 54 91 54 62 46 85 60 28 42 14 53 60 69 52 92 41 14 53 26 60 47 
19 21 38 39 31 5 6 17 41 6 44 15 51 15 28 8 46 23 59 60 57 24 34 23 62 30 55 41 61 41 55 25 52 42 43 35 4 10 18 45 10 48 19 54 19 32 9 48 76 71 35 45 41 79 43 74 55 80 54 68 39 72 72 36 46 42 80 44 75 56 81 55 69 40 73 35 45 35 74 41 66 53 72 52 67 37 63 16 28 39 12 34 20 40 19 34 9 33 10 49 19 42 29 48 29 43 14 40 44 8 45 19 52 19 33 6 45 47 77 58 84 58 72 43 75 42 25 48 25 40 10 40 51 85 51 63 39 78 58 36 51 21 49 57 69 46 85 50 20 49 35 59 38 
20 45 16 17 8 43 33 43 17 36 37 24 41 25 10 40 43 16 20 21 21 23 17 15 23 15 22 12 29 12 21 17 24 17 17 5 39 29 40 18 32 37 20 41 21 6 37 42 38 32 3 7 13 41 4 42 16 49 15 29 4 43 33 2 7 13 42 5 43 17 50 16 30 4 44 15 16 3 35 11 30 18 37 17 31 9 30 35 39 89 36 21 26 24 26 19 39 27 29 10 27 17 19 22 19 18 30 22 14 31 33 19 37 20 6 35 39 8 45 19 52 19 33 6 45 21 18 26 18 14 31 27 21 61 21 27 24 57 28 11 18 20 24 28 33 28 64 17 21 25 13 26 30 
20 32 40 41 30 16 12 28 43 17 52 18 58 18 26 19 54 24 55 56 51 16 26 22 59 23 56 35 62 34 49 19 54 44 45 34 15 14 29 47 18 54 21 61 21 30 20 56 75 67 32 42 42 77 41 76 51 82 51 64 37 74 68 33 43 43 78 42 77 53 83 52 65 39 75 28 38 32 71 35 66 47 72 46 61 31 64 4 12 36 16 38 11 44 11 25 4 39 11 45 10 44 22 50 21 36 6 43 45 14 51 19 58 19 29 16 53 44 79 55 85 55 68 41 78 45 19 52 19 33 6 45 53 90 53 62 44 83 59 30 44 15 52 59 69 50 90 44 15 52 28 60 45 
17 29 6 7 16 36 28 29 9 28 17 19 22 19 18 31 22 15 36 36 42 33 34 19 38 29 23 33 28 32 43 27 19 10 11 16 32 24 25 13 24 18 16 23 16 18 27 22 47 47 20 27 11 50 22 41 32 47 31 46 18 38 47 20 27 12 50 22 42 32 48 32 46 18 39 33 37 20 50 32 35 39 40 38 51 28 31 40 34 21 38 90 33 6 33 35 39 6 27 29 34 10 32 15 32 38 34 6 14 26 14 19 20 19 22 28 18 24 44 34 50 34 48 19 41 8 28 14 28 34 32 7 19 52 19 33 6 45 24 30 40 27 15 24 37 12 52 39 27 15 31 28 9 
16 37 34 35 21 25 17 34 36 22 49 17 55 17 17 26 53 18 44 45 39 4 14 14 48 12 47 23 54 23 37 8 47 37 38 25 23 16 33 39 21 51 18 57 18 21 25 54 64 56 22 31 34 67 30 67 41 74 40 53 28 67 57 23 32 35 68 32 68 42 75 41 54 29 68 16 26 23 59 24 57 35 63 35 49 20 55 9 20 26 11 33 39 39 0 14 16 36 12 34 1 37 10 43 9 24 6 38 37 17 47 14 53 14 19 21 50 34 70 44 77 44 56 31 70 39 8 46 7 21 10 41 45 84 45 53 39 78 52 19 33 6 45 52 59 45 85 32 6 45 17 51 42 
24 34 7 7 20 42 34 34 8 34 13 26 17 26 23 37 19 21 35 36 44 39 38 25 37 34 19 36 23 36 45 33 14 8 8 20 38 31 30 10 30 13 23 18 22 22 33 18 43 45 24 28 12 46 24 35 32 41 31 44 20 32 46 24 28 12 47 23 36 32 42 31 45 20 33 37 40 24 48 35 31 41 35 40 52 33 26 46 40 24 44 6 39 104 39 40 46 9 33 29 40 8 38 10 37 42 40 2 13 32 9 26 14 26 26 34 14 25 38 33 44 33 47 21 35 3 34 8 34 38 38 2 15 45 14 29 1 39 19 34 42 34 10 19 33 6 45 41 33 9 35 23 7 
15 37 34 35 21 25 16 33 36 21 49 16 55 17 17 25 52 17 45 46 40 4 15 14 48 12 47 24 54 23 37 8 47 37 38 25 22 15 32 39 20 51 17 57 18 21 24 54 64 56 23 31 34 67 31 67 41 74 41 53 28 67 57 24 32 35 68 32 68 42 75 42 54 29 68 16 27 23 60 24 57 36 63 35 49 20 55 9 19 26 11 33 0 39 38 14 15 36 11 35 1 37 10 43 10 24 5 38 37 16 47 13 53 14 19 20 50 34 71 45 77 44 57 31 70 39 8 45 8 21 9 41 45 84 45 53 39 78 52 19 33 6 45 52 59 45 85 33 6 45 17 52 41 
22 48 33 34 19 39 30 45 34 34 52 25 57 26 17 39 57 21 33 34 26 9 1 18 37 6 42 11 48 10 23 9 43 35 35 21 36 27 43 36 32 53 24 58 25 18 36 58 54 44 17 21 31 57 23 61 30 68 30 41 23 62 45 18 22 32 58 24 62 32 69 31 42 24 63 3 13 17 48 11 49 22 56 22 35 9 49 22 34 19 25 35 14 40 14 66 30 40 24 24 15 35 4 41 4 10 20 38 33 29 49 20 54 21 14 33 54 26 64 34 71 34 44 25 65 38 9 44 9 8 24 42 41 80 41 45 40 76 47 8 19 13 43 47 52 45 83 19 14 43 6 45 45 
22 30 42 43 33 12 11 26 45 15 52 20 58 19 29 17 53 26 59 60 55 20 30 25 63 27 58 39 65 39 53 23 56 46 47 37 13 14 26 49 17 55 23 61 23 33 18 56 78 71 36 46 44 80 44 78 55 84 55 68 41 76 72 37 47 45 81 45 79 56 86 56 69 42 78 32 42 36 75 39 69 51 75 51 65 35 66 9 9 39 4 39 16 46 15 30 12 39 12 49 14 46 26 52 25 40 10 45 47 13 52 21 58 21 33 14 53 48 81 59 88 58 72 44 80 47 23 53 23 37 8 46 55 91 55 65 45 84 62 34 49 19 54 61 71 52 91 48 19 54 33 63 45 
20 25 13 13 21 34 27 25 15 26 13 20 19 20 23 28 17 19 43 43 49 37 39 23 45 34 28 39 33 38 49 32 23 16 17 22 30 24 21 19 23 15 18 22 18 24 24 18 53 53 26 34 18 55 29 44 38 50 38 52 24 41 54 26 34 19 56 29 45 39 51 38 53 25 42 38 43 26 56 38 40 45 45 45 58 34 35 42 33 27 39 6 36 9 36 40 39 91 28 35 37 16 37 19 37 44 36 10 21 25 12 22 19 21 27 27 14 31 48 41 53 40 55 26 44 12 33 17 32 39 33 8 24 52 24 38 8 45 29 36 46 31 19 28 42 14 52 45 30 19 36 33 6 
10 25 30 31 21 15 5 21 33 10 40 7 47 7 18 14 43 14 49 50 47 15 24 13 52 20 46 31 52 30 45 15 44 34 35 25 11 4 20 37 8 43 11 50 11 22 12 45 67 61 25 35 32 69 33 66 45 72 44 58 29 64 62 26 36 33 70 34 67 46 73 45 59 30 65 25 35 25 64 31 57 43 63 42 57 26 54 14 10 29 11 27 12 33 11 24 12 28 33 39 12 34 20 40 19 34 9 33 35 4 40 9 46 9 22 9 42 37 69 48 76 48 61 33 67 34 16 41 15 30 5 34 43 79 43 53 33 72 49 26 41 11 41 49 59 39 79 40 10 41 25 51 34 
30 55 23 22 18 53 43 53 21 46 43 34 45 35 20 50 49 26 10 11 14 31 23 25 13 23 20 14 26 14 15 26 25 21 21 14 50 39 50 20 42 42 30 45 31 16 47 48 30 22 13 3 17 32 6 37 6 44 5 19 11 40 23 12 2 17 33 6 38 7 45 6 20 11 40 21 15 13 25 13 24 11 31 11 22 15 26 44 49 10 45 29 34 29 35 24 49 35 39 71 36 21 26 24 26 19 39 27 16 41 38 30 41 30 16 46 44 4 40 9 46 9 22 9 42 26 26 29 27 17 41 32 21 59 22 20 30 57 26 17 14 30 26 26 27 32 63 13 30 27 19 22 37 
16 37 35 36 22 24 16 33 37 21 49 17 56 17 18 25 53 18 46 47 41 5 16 15 49 13 48 25 55 24 38 9 48 38 39 26 22 15 32 41 20 51 18 58 18 22 24 55 66 57 24 32 35 68 32 68 42 75 42 54 29 68 58 25 33 36 69 33 70 43 76 43 55 30 69 17 28 24 61 25 58 37 64 36 50 21 56 8 19 27 10 34 1 40 1 15 14 37 12 36 9 38 11 44 11 25 4 39 38 16 48 14 54 15 20 20 51 35 72 46 78 45 58 33 71 40 9 46 9 22 9 42 46 85 46 54 40 79 53 20 34 7 46 53 61 46 86 33 7 46 18 53 42 
23 40 4 3 15 45 36 39 0 36 21 26 24 26 19 40 28 20 27 27 35 35 33 22 29 29 13 29 19 29 36 29 10 0 1 13 41 32 35 3 32 20 22 24 23 17 36 26 37 37 18 20 4 39 15 32 23 38 22 36 13 30 38 17 20 3 40 15 33 23 39 23 37 12 31 31 33 17 40 28 25 32 30 32 43 26 21 45 42 17 44 10 37 8 37 35 46 16 34 21 38 80 33 6 33 35 39 6 4 34 16 24 20 24 20 37 23 16 35 25 42 24 39 12 33 4 30 9 30 31 38 11 9 46 9 22 9 42 15 28 34 31 8 15 27 11 48 33 31 8 29 18 15 
18 44 31 32 17 35 25 41 33 30 49 21 55 22 14 35 54 18 35 36 29 6 4 14 39 3 41 13 48 13 26 5 42 33 34 19 32 23 39 35 28 50 20 56 21 16 32 55 56 46 16 22 30 58 23 61 32 68 32 43 22 62 47 17 23 30 59 24 62 33 69 33 44 23 63 6 16 16 50 14 49 25 56 25 39 10 49 19 29 19 22 32 10 38 10 4 26 37 20 26 11 33 19 39 0 14 16 36 32 25 46 16 52 17 12 29 51 26 64 35 71 35 47 25 64 36 4 42 5 11 19 40 40 80 40 45 38 75 46 9 22 9 42 47 52 43 81 22 9 42 7 45 42 
30 44 10 9 22 51 42 44 7 42 20 33 21 33 26 46 27 26 27 27 38 42 39 29 29 36 9 34 13 34 40 36 4 6 5 19 47 38 40 4 38 18 29 20 29 23 42 25 33 36 23 24 9 36 20 26 24 32 23 36 18 24 36 23 24 8 36 19 27 24 33 23 36 17 25 37 37 23 38 33 21 35 25 35 44 32 16 52 48 22 50 15 43 10 43 41 52 19 40 24 44 6 39 93 39 40 46 9 8 40 15 31 16 31 27 43 22 19 29 25 35 25 38 17 27 7 37 4 37 36 45 12 5 40 4 19 11 35 9 33 38 37 2 9 22 9 42 37 37 3 35 13 17 
18 44 31 32 17 34 25 40 33 29 49 21 54 21 14 34 54 18 35 37 30 5 4 14 39 3 41 14 48 13 27 5 42 33 34 19 31 22 39 35 27 50 20 56 20 16 31 54 56 47 16 23 29 58 23 61 32 68 32 43 22 61 48 17 24 30 59 24 62 33 69 33 44 23 63 6 16 16 50 14 49 26 56 25 39 11 49 19 29 19 21 32 9 37 10 4 25 37 19 26 11 33 0 39 18 14 15 36 32 24 46 16 52 16 12 28 50 26 64 36 71 35 47 25 64 36 4 42 4 11 19 40 40 79 40 46 37 75 46 9 23 8 41 46 52 43 81 22 9 42 7 45 41 
29 57 35 35 22 49 39 54 35 43 55 33 59 34 21 48 61 28 26 27 16 20 9 24 29 13 39 6 45 6 13 18 42 35 36 22 46 36 51 36 41 55 31 60 32 20 45 61 47 36 18 17 31 49 20 57 24 63 24 32 22 59 37 18 18 32 50 21 58 25 64 25 33 23 60 8 3 18 39 7 44 13 50 13 25 9 45 33 43 18 36 38 24 42 24 10 40 44 34 19 25 35 14 40 14 45 30 40 32 38 51 28 56 29 16 43 57 22 59 27 66 27 35 23 61 40 18 44 18 4 33 45 39 78 39 40 42 75 45 8 9 22 43 45 46 47 81 9 23 43 9 42 48 
16 33 36 37 24 20 12 29 39 17 49 15 55 15 21 21 52 19 49 50 45 10 20 16 53 17 50 29 57 28 43 13 49 39 40 28 18 13 29 42 17 51 18 57 18 24 20 54 69 61 27 36 37 71 35 70 46 77 45 58 32 70 62 28 37 38 72 36 72 47 78 46 59 33 71 22 32 27 65 29 60 41 67 40 55 25 59 6 14 30 6 34 6 40 5 20 10 36 9 39 4 39 16 46 15 30 18 39 40 13 48 14 54 14 23 16 50 38 74 49 80 49 62 35 73 41 13 47 13 27 4 42 48 85 48 57 40 79 54 24 38 9 47 54 63 46 86 38 9 47 22 55 42 
23 35 5 5 18 42 34 35 6 34 15 25 19 25 22 37 21 20 33 34 42 37 37 23 36 33 18 34 23 34 43 32 13 6 7 18 38 30 31 9 30 15 21 19 21 20 33 20 42 44 22 26 10 45 22 35 30 41 29 43 18 32 44 22 26 10 46 21 36 30 42 29 43 18 33 35 38 22 46 33 30 39 35 38 50 31 25 45 40 22 43 6 38 2 38 38 45 10 33 27 39 6 36 9 36 40 39 84 11 32 11 24 16 24 24 34 16 23 38 32 44 31 45 19 35 2 32 8 32 36 37 4 14 46 13 28 2 40 19 32 40 32 9 18 32 7 46 39 32 9 33 22 9 
25 44 8 7 15 47 38 43 5 39 26 28 28 29 19 43 33 21 22 22 31 35 31 23 24 28 10 26 17 26 32 29 10 4 4 12 43 34 39 4 35 25 24 28 25 16 39 31 33 32 16 16 3 35 12 30 18 37 17 31 10 30 33 15 16 2 36 11 31 18 38 18 32 9 31 29 29 15 35 25 22 28 27 27 38 24 19 46 44 14 45 14 37 13 37 33 47 21 35 16 38 4 32 8 32 32 40 11 78 36 21 26 24 26 19 39 27 12 34 20 40 19 34 9 33 9 30 12 30 28 39 16 8 47 8 19 14 43 14 25 30 31 10 14 24 15 49 29 31 11 27 15 20 
11 20 30 31 23 12 2 16 33 5 38 7 44 7 20 10 40 15 51 52 51 20 29 16 55 24 47 35 53 34 49 19 44 34 35 27 8 2 15 37 4 41 11 47 11 24 7 42 68 63 28 38 32 71 35 66 47 72 46 61 31 64 64 29 39 33 72 36 67 48 73 47 62 32 65 29 39 28 67 35 58 46 64 46 60 30 55 18 8 31 14 26 17 32 16 29 13 25 4 41 16 34 25 40 24 38 13 32 36 24 38 11 44 11 25 4 39 39 69 50 76 50 64 35 67 34 20 40 19 34 9 33 43 78 43 55 31 71 49 30 45 15 41 49 60 38 77 44 15 41 29 51 31 
31 35 16 16 29 46 40 36 16 38 5 32 8 32 32 40 12 29 43 43 52 47 47 33 44 43 24 45 26 45 53 42 17 16 16 29 42 37 32 17 35 4 30 9 29 31 37 10 48 51 33 37 20 50 32 35 39 40 39 51 29 31 52 33 37 20 50 32 36 39 41 39 52 29 32 46 49 33 54 44 35 49 38 49 59 42 29 53 45 33 51 14 47 9 47 49 52 12 40 38 48 16 46 15 46 51 48 11 21 38 68 33 6 33 35 39 6 33 39 41 44 40 53 29 34 12 43 11 42 47 45 6 20 40 19 34 9 33 22 43 51 41 13 21 36 6 39 50 41 13 44 27 6 
2 28 21 22 12 23 13 25 24 16 35 5 41 6 9 21 39 4 39 40 39 15 19 4 43 15 36 24 43 23 38 11 35 24 25 16 20 9 23 28 13 37 4 43 4 13 17 40 57 51 16 26 22 59 24 56 35 63 35 49 20 55 52 17 27 23 60 25 57 36 64 36 50 21 56 20 28 16 55 24 47 35 53 34 49 19 45 20 19 19 19 19 14 26 13 20 21 22 9 30 14 24 16 31 16 28 14 24 26 11 33 41 39 0 14 16 36 27 60 39 66 38 52 23 58 26 12 32 11 23 13 27 34 71 33 44 25 65 40 19 34 9 33 40 50 32 71 33 8 32 19 41 27 
38 41 21 20 34 53 47 42 20 45 9 39 5 39 38 47 14 35 44 44 55 53 53 39 45 49 24 50 24 49 56 47 17 20 20 33 49 43 38 20 42 5 36 4 36 36 43 10 46 52 38 40 24 48 36 31 41 35 40 52 33 26 52 37 40 24 48 35 32 41 36 40 52 33 27 51 53 37 53 49 33 52 35 52 61 46 27 60 52 37 58 20 53 14 53 54 58 19 46 41 54 20 52 16 52 56 54 16 24 44 6 39 81 39 40 46 9 36 34 42 39 41 54 33 29 16 48 12 48 51 52 12 21 34 20 33 14 26 20 48 54 48 14 19 34 9 33 54 47 13 49 26 13 
1 27 21 22 12 23 13 25 24 15 34 4 40 5 9 20 38 4 40 41 40 15 20 4 43 15 37 25 43 24 38 11 35 24 26 16 19 9 22 28 12 36 3 43 4 13 17 40 57 52 16 27 23 60 24 57 36 63 35 50 20 55 53 17 28 24 61 25 58 37 64 36 50 21 56 20 29 16 55 25 48 36 54 35 50 20 45 20 19 20 19 19 14 26 14 21 21 21 9 30 15 24 17 31 16 29 14 24 26 11 33 0 39 39 14 15 36 28 60 39 66 39 53 24 58 26 12 32 12 24 13 27 34 71 34 44 25 65 40 20 34 9 33 40 50 32 71 34 9 33 19 41 27 
15 41 19 20 6 37 27 39 20 30 39 19 43 19 5 35 44 12 26 27 25 16 12 9 30 9 29 11 35 10 24 10 29 20 21 7 34 23 36 22 27 39 16 44 16 4 31 44 45 38 3 13 17 48 11 48 22 55 22 35 9 49 39 4 14 18 49 12 50 23 56 23 36 10 50 11 15 3 42 11 37 21 44 20 35 6 36 28 33 6 29 22 19 26 19 14 33 27 22 16 20 20 12 27 12 16 23 24 19 25 35 14 40 14 68 30 40 15 52 26 58 25 39 12 51 24 11 30 11 12 25 29 27 67 27 34 26 62 34 8 20 13 29 34 40 31 69 19 14 29 9 33 31 
15 16 33 34 27 8 4 12 36 1 38 11 45 11 25 5 40 19 55 56 55 25 33 20 59 29 50 40 56 39 54 24 47 37 38 31 4 6 13 40 4 42 15 48 15 29 4 42 72 68 32 42 36 75 40 69 51 75 51 65 35 66 68 33 43 37 76 40 70 52 76 52 66 36 67 34 44 32 71 40 62 51 67 50 65 35 58 20 6 35 16 28 21 34 20 33 14 27 9 46 20 37 29 43 28 43 16 34 39 4 39 16 46 15 30 18 39 43 72 55 78 54 68 39 70 36 25 42 24 38 12 34 46 79 46 58 34 72 52 35 49 20 44 52 64 40 79 49 19 43 34 55 33 
34 32 22 22 34 46 41 34 23 38 1 34 6 34 37 40 5 33 49 50 58 51 52 37 51 48 31 51 32 50 59 46 24 23 23 34 42 38 30 24 36 4 32 10 32 36 36 4 54 58 38 43 26 56 38 41 46 45 45 58 35 35 59 38 43 26 57 38 41 46 46 45 58 35 36 51 55 38 60 50 41 55 44 55 66 47 35 56 45 39 53 18 50 14 50 54 53 14 42 44 51 23 51 22 50 57 50 16 27 39 6 36 9 36 40 39 66 39 44 47 48 47 60 35 39 18 47 17 46 52 47 12 27 42 26 40 14 34 28 48 57 45 20 27 42 13 40 56 44 19 49 34 9 
27 51 18 18 15 51 41 50 16 43 38 31 40 32 18 47 44 23 12 13 19 31 24 23 16 23 16 16 23 16 20 25 20 16 16 11 47 37 46 15 39 37 27 40 28 14 44 43 30 24 11 5 13 32 3 35 8 42 7 22 7 36 25 10 4 12 33 2 36 9 43 8 23 6 37 22 18 11 28 15 23 16 29 15 27 16 23 43 47 8 44 24 34 25 34 26 48 31 37 4 35 16 26 19 26 22 38 23 12 39 33 27 36 28 15 43 39 72 38 11 44 11 25 4 39 21 26 24 26 19 39 27 17 56 17 19 25 53 22 18 18 29 22 23 26 27 59 18 29 22 20 19 32 
59 73 39 38 49 80 71 73 36 72 43 62 39 62 53 75 48 55 35 34 48 68 62 57 33 61 23 54 16 54 52 62 25 35 34 45 76 68 69 32 68 39 58 36 58 49 71 45 20 33 48 42 37 20 41 3 35 4 35 36 42 9 33 47 41 36 20 39 2 34 5 34 35 41 8 60 55 48 33 53 15 49 9 49 50 54 15 79 77 45 79 44 70 38 71 64 81 48 69 40 72 35 64 29 64 59 74 38 34 69 39 60 34 60 52 72 44 38 42 33 6 33 35 39 6 36 63 30 63 57 73 40 26 24 26 19 39 27 19 56 52 65 29 20 12 34 30 52 65 29 58 19 44 
39 63 28 27 27 62 52 61 25 55 46 43 47 44 30 59 53 35 2 2 15 41 32 35 4 32 18 23 22 23 18 36 24 25 25 23 59 48 58 23 51 44 39 46 40 26 55 51 20 12 23 13 22 22 15 31 3 37 4 11 19 35 13 22 12 22 23 14 32 2 38 3 11 18 35 30 23 23 16 22 17 15 24 15 19 24 21 54 58 19 55 34 44 33 45 34 59 41 48 9 46 25 35 25 36 27 49 32 20 50 41 39 42 39 26 55 47 11 33 52 39 0 14 16 36 30 36 30 36 26 51 36 21 55 22 14 34 54 24 26 19 39 27 24 20 34 59 19 40 28 28 19 41 
65 78 45 44 56 86 78 79 42 78 48 68 43 69 59 81 53 61 41 40 55 75 69 63 39 67 29 61 23 61 58 69 31 42 40 52 82 74 75 38 74 44 64 39 65 56 77 49 24 38 55 49 43 24 47 9 42 3 42 41 49 13 38 54 48 42 24 46 8 41 2 41 41 48 12 67 62 54 37 60 22 55 15 55 55 61 21 86 84 52 85 50 77 44 77 71 88 53 76 46 78 42 71 35 71 66 80 44 40 76 44 66 39 66 58 78 48 44 6 39 48 39 40 46 9 42 69 36 70 64 80 45 32 21 32 26 45 27 26 62 59 71 34 26 19 39 27 59 71 35 65 25 49 
38 62 27 27 26 62 52 61 25 54 45 42 46 43 29 59 52 34 2 2 15 40 32 34 4 32 18 23 22 23 19 35 24 24 24 22 58 48 57 22 50 43 39 45 39 25 55 50 20 13 22 12 22 23 14 31 3 37 3 11 18 34 14 21 11 21 24 13 32 2 38 2 12 18 35 30 23 22 16 22 17 15 24 15 20 24 21 53 58 19 55 34 44 33 44 34 58 40 48 9 45 24 35 25 35 27 49 31 19 50 40 38 41 39 25 54 47 11 33 0 39 52 14 15 36 29 36 30 36 26 50 36 20 54 21 14 33 54 23 26 19 39 27 24 20 34 58 19 39 27 28 18 40 
53 77 42 41 41 76 66 75 39 69 59 57 59 57 43 73 65 49 12 12 19 52 43 48 9 44 29 33 30 34 23 48 36 39 38 37 72 62 72 36 65 56 53 57 54 39 69 63 16 2 36 26 36 17 28 35 17 39 17 3 33 40 2 35 25 36 18 28 35 16 40 17 2 32 40 41 32 36 3 32 22 22 26 22 15 36 28 66 72 33 68 48 56 47 57 44 72 55 61 22 58 39 47 38 47 35 62 45 34 64 53 52 54 53 39 68 60 25 35 14 40 14 38 30 40 43 48 42 49 36 64 50 33 59 34 21 48 61 34 37 26 52 40 34 24 47 64 26 53 40 39 27 54 
23 46 13 13 11 47 37 45 12 39 34 27 37 28 14 43 40 19 17 18 23 29 23 19 20 21 16 17 23 17 24 23 18 12 13 7 43 33 41 13 35 33 23 37 24 10 39 39 33 29 9 7 9 36 3 36 13 43 12 27 3 37 30 7 7 9 37 2 37 13 44 13 28 2 38 21 20 8 32 16 25 19 31 19 31 15 24 41 43 6 41 19 31 21 31 25 44 26 33 9 33 12 25 17 25 23 35 19 9 35 29 23 33 24 12 39 35 4 39 16 46 15 30 79 39 17 23 21 24 19 36 23 15 55 16 21 21 52 22 17 21 26 19 22 27 24 58 20 26 20 19 20 27 
57 69 37 36 48 78 69 69 34 69 38 60 34 60 52 72 43 53 38 37 52 68 63 56 37 61 23 56 16 55 55 62 23 33 32 45 74 65 65 30 65 34 56 30 56 49 68 39 26 38 48 44 36 26 41 5 38 6 37 41 42 3 38 47 43 35 26 40 5 37 7 37 40 41 2 61 57 48 38 54 18 51 14 51 54 55 15 79 75 45 78 41 70 35 70 65 80 44 67 42 71 33 64 27 64 61 73 35 33 67 34 58 29 58 51 70 39 39 6 36 9 36 40 39 55 33 62 27 62 58 72 36 24 19 25 21 36 21 18 57 55 64 26 18 16 30 24 55 64 26 59 19 39 
24 37 5 4 19 44 36 37 4 36 16 27 19 27 22 39 23 21 31 32 40 38 37 24 33 33 16 34 20 33 41 32 11 4 5 17 40 32 33 6 32 15 23 20 23 20 35 22 40 41 22 25 8 42 20 32 28 38 27 41 17 30 42 21 25 8 43 20 33 28 40 27 41 17 31 35 37 21 44 33 28 37 32 37 48 30 23 47 42 21 45 8 39 3 39 38 47 12 34 26 40 4 36 7 36 40 41 2 9 34 12 26 16 26 24 36 18 21 36 30 42 29 43 17 33 76 33 6 33 35 39 6 11 44 11 25 4 39 16 32 39 33 7 16 29 7 45 38 33 7 33 20 11 
13 39 28 29 14 31 21 36 30 25 45 16 51 17 10 30 50 14 36 37 32 5 8 10 40 4 40 16 46 15 30 1 40 30 31 17 28 18 34 33 23 46 15 52 16 13 27 50 56 48 14 23 27 58 22 60 32 66 32 45 20 60 49 15 24 28 59 23 61 33 67 33 46 21 61 9 19 15 51 16 49 28 55 27 41 12 48 17 25 18 19 28 8 34 8 9 23 33 16 26 9 30 4 37 4 18 13 32 30 20 43 12 48 12 11 25 47 26 63 36 69 36 48 23 62 33 23 39 0 14 16 36 38 77 38 45 34 72 44 11 25 4 39 44 51 40 79 25 5 39 9 44 38 
31 42 11 10 25 50 42 42 9 42 16 33 16 33 28 45 23 28 32 32 43 44 42 31 34 39 13 38 16 38 44 39 6 9 8 23 46 39 38 8 38 13 30 15 30 26 41 20 37 41 27 29 13 39 24 27 29 32 28 41 22 23 41 26 28 12 40 24 28 29 33 28 41 21 24 41 42 27 43 37 24 40 28 40 49 35 18 53 48 26 52 14 46 8 45 44 53 17 41 29 46 9 42 4 42 44 47 8 12 40 11 32 12 32 30 42 17 24 30 30 36 30 42 21 27 6 39 89 39 40 46 9 9 38 8 23 9 32 11 37 42 40 2 11 25 4 39 42 39 2 39 16 13 
13 39 27 28 14 30 20 36 30 25 45 16 50 16 10 29 49 13 36 37 32 5 9 9 40 4 40 16 46 16 30 0 40 30 31 17 27 18 34 33 22 46 15 52 15 13 27 50 56 48 15 23 27 59 23 60 33 66 32 45 20 60 49 16 24 28 60 24 61 34 68 33 46 21 61 10 20 15 52 16 49 28 55 28 42 12 48 17 25 18 19 28 7 34 8 9 23 32 15 27 9 30 5 37 4 18 13 32 30 19 42 11 48 12 11 24 46 26 63 36 70 36 49 24 62 33 0 39 22 14 15 36 38 77 38 45 34 72 44 11 26 4 39 44 51 40 78 25 4 39 10 44 37 
25 52 30 31 18 45 35 49 31 39 50 28 55 29 16 44 56 23 25 26 18 17 7 19 29 9 36 2 42 2 16 14 38 31 31 18 41 32 47 32 36 51 26 55 27 15 41 56 46 36 13 14 27 49 17 54 23 61 22 32 18 56 37 14 15 27 50 18 55 24 62 24 33 19 57 5 5 14 39 3 42 14 48 14 28 5 43 30 40 14 33 34 21 38 21 8 37 39 30 17 22 31 11 36 11 4 27 36 28 34 47 23 51 24 12 38 52 19 57 26 64 26 36 19 58 35 14 40 14 51 30 40 35 75 35 38 38 72 41 4 11 18 39 42 44 42 78 11 19 39 4 39 43 
14 28 34 35 25 15 8 25 38 12 46 12 52 12 21 16 48 18 51 52 48 14 24 16 55 20 50 32 57 31 46 16 48 38 39 28 13 8 24 41 13 48 15 55 15 25 15 50 70 63 28 38 36 72 36 70 47 76 47 60 32 69 64 29 39 37 73 37 71 48 78 48 61 33 70 25 35 28 67 32 61 44 67 43 58 28 58 9 10 31 6 32 10 38 9 24 8 33 5 41 9 38 19 45 19 33 4 37 39 9 45 13 52 13 25 12 47 39 73 51 80 50 64 36 72 39 16 46 15 30 9 39 47 84 47 57 38 77 54 27 42 11 46 54 63 44 84 41 11 46 25 55 39 
25 33 10 10 23 42 35 33 11 34 10 26 14 26 25 36 16 23 38 38 46 41 41 26 40 37 21 39 25 38 48 35 16 11 11 22 38 31 29 13 30 10 24 16 23 25 32 15 46 48 27 31 14 48 26 36 34 42 34 47 23 32 48 26 31 15 49 26 37 35 43 34 48 23 33 40 43 26 50 38 33 43 37 43 54 35 28 48 40 27 45 7 41 2 41 42 46 8 34 32 42 11 40 12 40 45 42 4 16 33 6 27 12 27 29 34 12 27 40 36 45 36 50 23 36 6 36 9 36 40 39 78 17 45 17 31 2 38 21 37 45 35 11 20 35 5 44 44 35 11 38 25 4 
33 49 13 12 23 54 45 49 10 46 25 36 26 36 27 50 32 29 23 23 34 43 39 31 24 36 4 33 9 33 37 37 3 9 8 20 50 41 45 6 42 23 32 24 32 24 46 30 28 31 24 22 11 30 18 22 20 29 20 31 18 21 31 23 21 10 31 17 23 20 30 19 31 17 23 37 36 23 33 32 16 33 21 32 40 31 11 54 51 21 53 19 45 15 45 41 55 24 43 21 46 9 40 5 40 39 48 14 8 43 20 34 21 34 27 46 27 17 26 21 32 20 33 15 24 11 38 9 38 35 47 17 67 39 0 14 16 36 6 33 35 39 6 6 18 14 42 35 39 7 35 8 22 
69 74 49 48 62 86 80 76 47 79 42 71 36 71 66 81 45 66 56 56 70 82 79 69 55 76 39 72 33 72 73 76 37 46 45 60 83 76 72 44 75 38 68 32 68 63 77 41 44 57 63 61 50 45 58 24 56 20 56 60 57 19 57 62 60 49 44 57 24 55 20 55 59 56 19 77 75 63 57 71 37 70 33 69 73 71 33 91 85 61 90 52 84 45 84 80 91 52 79 59 85 46 80 40 79 78 85 46 47 78 40 71 34 71 67 79 42 56 24 55 21 54 59 55 19 44 77 38 77 75 84 45 39 13 39 40 46 9 33 73 73 78 38 33 35 39 6 73 77 38 75 36 46 
32 48 13 12 23 54 45 48 9 46 25 35 25 36 27 49 31 29 24 24 35 43 39 31 25 36 4 33 9 33 37 37 3 9 8 20 50 41 44 5 42 22 32 23 32 24 45 29 29 32 24 22 11 31 18 23 21 29 20 32 18 21 32 23 22 10 32 18 24 21 30 20 32 17 23 37 36 23 34 32 16 33 21 33 41 31 12 54 51 21 53 19 45 14 45 41 55 24 43 22 46 9 40 4 40 39 48 13 8 43 19 33 20 34 27 46 26 17 26 22 32 21 34 16 25 11 38 8 38 35 47 17 0 39 66 14 15 36 6 33 36 39 6 6 18 13 42 35 39 6 35 9 21 
43 62 26 25 32 66 57 62 23 58 39 47 38 47 36 62 46 39 16 15 30 50 43 40 15 42 9 35 9 35 33 44 16 22 21 28 62 53 58 19 54 36 43 36 43 32 58 43 14 19 30 23 22 16 22 17 16 23 16 20 24 20 19 29 22 21 17 21 18 15 24 15 20 23 21 41 36 30 20 34 3 30 10 29 33 35 7 62 63 27 62 33 53 29 53 45 65 38 53 20 54 22 45 19 46 40 57 28 19 55 34 44 33 44 34 58 40 19 19 14 26 14 21 21 21 25 45 23 45 38 57 31 14 40 14 71 30 40 12 37 33 47 20 13 6 27 45 33 47 21 39 6 36 
23 33 7 7 20 41 34 33 8 33 12 25 17 25 23 36 19 21 36 36 44 39 38 24 38 34 20 36 24 36 45 33 15 9 9 20 37 30 29 11 29 13 22 18 22 22 32 18 44 46 24 29 12 47 24 36 32 42 31 45 20 33 46 24 29 12 48 24 37 32 43 32 46 20 34 37 40 24 48 35 32 41 36 40 52 33 27 46 39 24 44 6 39 1 39 40 45 8 33 30 40 9 38 11 37 42 40 2 14 31 9 25 14 25 26 34 14 25 39 34 45 33 48 21 36 4 34 9 34 38 38 2 16 46 15 30 78 39 20 34 42 33 11 20 34 6 46 42 33 10 35 24 6 
63 66 44 43 57 79 73 68 42 71 34 65 27 65 61 73 36 60 56 56 69 77 75 63 56 72 37 69 32 69 72 71 33 42 41 55 75 70 64 40 68 30 62 24 61 59 70 32 47 59 59 58 45 48 55 26 55 25 54 61 54 20 58 58 58 44 48 54 26 54 25 54 60 53 20 73 72 59 59 68 38 68 35 68 73 67 33 85 78 57 83 45 78 39 78 76 84 45 72 57 79 42 75 35 75 75 79 40 43 71 33 65 26 65 62 72 34 53 27 54 27 54 61 52 21 39 72 32 72 72 77 38 36 9 36 40 39 13 30 69 71 72 33 30 36 33 6 71 72 33 71 35 39 
39 54 19 18 30 60 52 54 16 52 27 42 25 42 34 55 33 35 26 26 39 50 45 38 26 43 6 39 4 39 41 44 5 15 14 27 56 48 50 12 48 24 38 23 38 31 51 30 26 32 30 27 17 28 24 16 24 22 24 32 24 15 32 29 27 16 28 23 17 24 23 23 32 23 16 43 41 30 33 38 13 37 16 37 43 37 6 60 58 28 59 24 52 19 52 47 62 29 49 26 53 15 46 9 46 45 54 19 14 49 22 40 20 40 34 52 28 22 19 24 26 23 34 22 18 16 44 11 44 41 54 21 6 33 6 12 20 30 79 39 40 46 9 0 14 16 36 40 46 10 41 6 25 
21 48 27 27 14 41 31 45 28 35 47 25 51 25 12 40 52 19 26 27 21 15 6 15 29 7 34 4 40 4 19 11 36 28 28 14 38 28 43 29 32 47 22 52 23 12 37 52 46 37 10 13 24 49 15 53 23 60 22 34 15 54 38 10 14 25 50 16 54 24 61 23 35 16 55 4 8 10 41 5 41 16 47 16 30 1 41 28 36 11 30 30 19 34 19 8 34 36 26 17 20 28 9 33 9 8 24 32 25 30 43 19 48 20 8 35 48 18 56 26 62 26 37 17 57 32 11 37 11 4 27 37 33 73 33 37 34 69 39 1 14 15 36 39 43 39 75 14 16 36 2 37 39 
35 62 34 35 25 56 46 59 34 50 55 39 58 40 25 55 61 32 18 19 7 28 18 30 20 21 34 9 40 10 4 26 39 34 34 23 53 43 57 34 47 55 36 58 37 23 52 61 38 26 20 13 30 40 18 50 17 57 17 22 22 53 27 19 14 30 41 18 51 18 57 18 23 22 54 16 6 20 29 9 37 3 43 3 16 14 39 42 51 18 44 40 33 42 33 19 49 46 41 14 34 34 22 38 23 9 38 40 30 45 51 34 54 34 20 49 57 18 52 19 59 19 26 21 55 39 25 42 26 11 42 45 35 73 36 33 42 71 40 14 28 30 40 41 39 45 77 0 31 41 16 36 48 
11 35 28 29 15 26 16 32 30 21 44 12 49 13 11 25 48 12 40 41 36 6 13 8 43 8 41 20 48 19 34 4 41 31 32 19 23 14 30 33 19 45 13 51 13 15 23 49 59 52 17 26 28 61 25 61 36 68 35 49 22 61 53 18 27 29 63 26 62 37 69 36 50 23 62 14 24 17 55 20 51 32 57 31 46 16 49 14 21 20 15 27 6 34 6 13 19 31 11 30 7 31 9 37 8 22 9 32 31 15 41 9 48 9 13 20 45 29 65 39 71 39 52 26 64 33 4 40 4 18 11 35 39 78 39 47 33 72 46 15 30 32 39 46 54 39 79 29 0 39 14 46 36 
31 44 11 10 24 51 43 44 8 43 19 34 19 34 28 46 25 28 29 30 40 44 41 31 31 38 10 37 13 36 42 38 4 8 7 22 47 39 40 6 39 16 30 18 30 25 42 23 34 38 26 27 12 36 22 25 26 31 26 38 20 22 38 25 26 11 37 22 26 26 32 26 38 20 23 40 40 25 40 36 22 38 25 37 47 34 16 53 49 24 52 15 45 10 45 43 54 19 41 26 46 8 42 2 41 43 47 9 10 41 13 33 14 33 29 44 20 22 29 27 34 27 40 19 26 7 39 2 39 39 46 11 6 38 6 20 11 33 9 36 40 39 73 9 23 7 39 40 39 0 37 14 16 
39 53 19 18 30 60 51 53 16 52 26 42 25 42 34 55 33 35 26 26 39 50 45 37 27 43 6 39 4 39 42 44 5 15 14 27 56 47 49 12 48 23 38 22 38 31 51 30 26 32 30 28 17 28 24 16 25 23 24 33 24 15 32 29 27 16 29 23 17 24 24 24 33 23 16 43 42 30 34 38 14 38 16 37 44 38 7 60 57 28 59 24 52 19 52 47 61 28 49 26 53 15 47 9 46 45 54 18 14 49 21 40 19 40 34 52 27 23 20 24 26 24 34 22 18 16 44 11 44 42 54 20 6 33 6 13 20 30 0 39 41 46 9 79 14 15 36 40 46 9 41 6 25 
49 67 31 30 38 72 62 67 28 64 41 53 39 53 42 67 47 45 22 21 35 57 50 46 20 49 14 42 9 42 39 51 19 27 26 34 68 58 63 24 60 38 49 36 49 38 63 44 12 22 36 30 27 14 29 11 22 17 22 24 31 16 21 35 29 26 14 28 12 21 18 21 24 30 16 48 43 36 22 41 2 36 3 36 37 42 7 69 69 33 69 37 59 33 59 52 71 42 59 27 61 27 52 22 52 46 63 32 24 60 36 50 34 50 40 64 42 26 12 20 19 20 24 27 16 29 51 25 51 44 63 35 18 35 18 6 34 36 14 43 39 54 23 14 81 30 40 39 54 23 46 9 39 
30 38 12 11 26 48 40 39 11 40 11 32 12 32 29 42 18 27 36 37 46 45 44 31 38 40 18 41 20 40 48 39 11 11 11 24 44 37 35 11 36 9 29 13 29 27 38 16 42 45 29 32 15 44 27 31 33 36 32 45 24 27 45 28 31 15 44 27 32 33 37 32 45 24 28 42 44 28 47 40 29 44 32 43 53 37 23 52 46 28 50 12 45 6 45 45 52 14 39 32 46 11 43 9 43 47 46 7 15 38 6 32 9 32 31 40 13 27 34 34 39 34 47 24 30 7 40 4 40 42 44 5 14 39 13 27 6 33 16 39 45 39 7 15 30 92 39 45 39 6 40 21 9 
70 72 51 50 64 86 79 74 48 78 40 71 34 71 68 80 42 67 61 60 74 84 81 70 60 78 42 75 37 75 77 78 39 48 47 61 82 76 71 46 75 37 68 30 68 65 76 38 50 62 65 64 51 50 60 29 60 26 59 65 60 24 62 65 63 51 50 60 29 59 26 59 64 59 24 79 78 65 62 74 42 73 38 73 78 73 37 92 85 64 90 52 85 45 85 83 91 52 79 63 86 48 81 42 81 81 86 46 49 77 39 71 33 71 69 79 40 59 30 59 27 58 64 58 24 45 79 39 78 78 84 44 42 6 42 45 46 6 36 75 77 79 39 36 40 39 19 76 79 39 77 40 46 
34 61 34 34 24 55 45 59 33 49 55 38 58 39 25 54 61 31 18 19 7 28 18 29 20 20 34 9 39 9 4 25 38 33 34 23 52 42 56 33 46 54 35 57 36 22 51 60 38 26 19 13 29 40 17 50 17 56 17 23 21 53 27 19 13 30 42 18 51 17 57 18 24 21 54 16 6 19 30 9 36 4 43 3 16 13 39 41 50 17 44 39 32 41 33 19 48 45 40 13 33 33 22 37 22 9 38 39 29 44 50 33 54 34 19 49 56 18 52 19 59 19 26 20 55 38 25 42 25 11 41 44 35 73 35 33 42 71 40 14 0 29 40 40 39 45 76 29 30 40 15 36 48 
10 34 28 29 15 25 16 31 30 20 43 12 49 12 11 25 47 12 40 41 37 6 13 8 44 9 41 21 48 20 35 4 41 31 32 19 22 13 29 33 18 45 12 51 13 15 22 48 59 52 17 27 28 62 25 61 36 68 36 49 23 61 53 18 28 29 63 27 63 37 69 37 50 24 62 14 24 17 56 21 51 33 58 32 47 16 50 14 20 21 15 27 6 33 6 14 19 30 10 30 7 31 9 37 9 23 9 32 31 15 41 8 47 9 14 19 44 29 65 40 71 39 53 26 64 33 5 39 4 19 11 35 39 77 39 47 33 72 46 16 31 0 39 46 54 39 79 30 31 39 14 46 36 
31 44 11 10 24 51 43 44 9 43 18 34 18 34 28 46 25 28 30 30 41 44 41 31 32 38 11 37 14 37 43 38 4 8 7 22 47 39 40 7 39 16 30 17 30 25 42 22 35 38 26 27 12 37 23 25 27 31 26 38 21 23 39 25 27 11 38 22 26 27 32 26 39 20 24 40 40 26 41 36 22 38 26 38 47 34 16 53 49 25 52 15 45 9 45 43 54 19 41 27 46 8 42 3 42 43 47 9 11 41 13 32 13 33 29 43 19 22 29 28 35 27 40 20 26 7 39 2 39 39 46 11 7 38 6 21 10 33 10 36 41 39 0 9 23 6 39 40 39 72 38 14 15 
20 47 28 28 15 40 30 44 29 34 48 24 52 25 12 39 53 19 28 29 22 13 4 15 31 5 36 6 42 6 20 9 38 29 30 15 37 27 42 31 31 48 22 53 23 13 36 53 49 39 11 15 25 51 17 55 25 62 25 36 17 56 40 12 17 26 52 18 56 26 63 26 37 18 57 2 10 12 43 7 43 18 50 18 32 3 43 26 35 13 28 31 17 35 17 6 33 36 25 19 18 29 7 35 7 9 22 33 27 29 44 19 49 19 9 34 49 20 58 28 65 28 39 19 59 33 9 39 10 4 25 38 35 75 35 39 35 71 41 2 16 14 37 41 46 40 77 15 14 38 60 39 40 
40 57 22 21 30 63 53 57 18 54 32 44 31 44 34 58 39 36 21 20 34 49 43 38 20 42 4 36 3 36 37 43 9 18 17 26 59 49 53 14 50 29 40 29 40 30 54 36 20 25 29 24 18 22 22 15 19 22 19 26 23 17 26 28 23 17 23 21 17 19 23 18 26 22 18 41 38 29 27 35 7 33 12 32 38 35 3 60 59 26 60 28 51 23 52 45 63 33 51 22 53 18 45 13 45 42 55 22 15 51 27 41 26 41 33 55 34 19 19 19 25 18 27 20 19 20 44 16 44 39 55 25 8 36 9 6 24 35 6 37 36 46 14 6 9 21 40 36 46 14 39 81 30 
26 29 14 14 25 40 33 30 15 32 7 26 13 26 28 34 12 24 43 43 51 42 43 28 45 39 26 42 29 41 51 37 20 15 16 25 36 30 26 18 29 9 24 16 23 27 30 13 50 53 30 35 19 53 30 40 39 45 38 52 26 36 53 29 35 19 53 30 41 39 46 38 52 26 37 42 46 29 55 41 38 47 41 47 59 38 32 47 38 30 45 9 42 7 41 45 45 6 34 37 42 15 42 17 41 48 42 9 20 31 6 27 13 27 31 33 9 32 44 41 49 40 54 27 39 11 38 13 37 43 39 4 22 46 21 36 6 39 25 39 48 36 16 25 39 9 46 48 36 15 40 30 79 
