45 10
91 6 20 15 10 9 9 14 19 4 11 5 5 10 15 9 2 15 20 12 9 0 13 3 5 8 15 18 8 1 9 18 10 5 7 16 13 19 9 5 15 0 17 1 5 
6 24 18 16 2 20 15 10 13 16 9 17 1 8 9 1 20 13 9 5 20 3 2 4 14 17 19 9 20 6 4 11 15 17 13 20 20 15 4 20 2 9 6 15 17 
20 18 16 17 17 7 5 3 12 10 13 0 17 1 14 10 4 13 5 18 3 6 0 2 15 2 1 4 19 7 18 20 3 0 11 12 0 3 4 10 20 5 9 4 20 
15 16 17 4 5 3 10 19 13 20 18 13 9 15 1 8 13 12 20 17 0 17 9 12 7 17 1 16 0 11 16 14 18 12 1 15 2 13 12 15 19 9 10 5 12 
10 2 17 5 99 9 17 0 14 2 7 18 9 7 12 19 14 16 16 10 20 2 18 13 14 8 3 16 1 1 12 10 12 1 13 19 8 17 17 0 4 9 7 19 12 
9 20 7 3 9 82 9 20 11 14 16 1 20 12 18 5 3 5 14 13 3 9 0 11 10 16 1 9 18 8 15 19 0 17 12 1 19 20 0 8 14 7 20 1 9 
9 15 5 10 17 9 19 13 7 9 19 15 4 20 3 15 5 9 3 17 17 15 18 3 4 2 20 2 20 9 8 6 4 15 3 19 6 20 14 16 2 17 3 3 14 
14 10 3 19 0 20 13 67 4 4 17 1 18 2 18 20 5 2 7 12 20 10 12 4 13 18 12 6 9 15 16 10 15 6 15 10 10 12 6 14 2 10 5 7 6 
19 13 12 13 14 11 7 4 42 3 14 2 18 2 4 10 10 19 4 14 18 10 3 6 13 10 20 8 2 9 13 8 17 19 7 2 18 10 1 11 16 13 7 11 5 
4 16 10 20 2 14 9 4 3 32 6 4 5 1 8 12 11 9 14 0 19 10 4 17 8 8 9 5 9 6 7 9 2 20 7 15 18 8 9 20 19 5 13 5 18 
11 9 13 18 7 16 19 17 14 6 69 3 18 15 13 0 16 3 10 1 9 5 3 5 18 4 6 8 8 16 4 20 2 19 6 4 18 11 1 15 13 13 17 9 11 
5 17 0 13 18 1 15 1 2 4 3 94 5 1 4 12 11 4 8 15 6 7 9 6 17 17 19 4 3 3 13 1 5 13 16 7 7 7 10 14 10 6 1 18 16 
5 1 17 9 9 20 4 18 18 5 18 5 100 18 20 13 13 4 7 19 3 18 1 3 0 7 11 18 6 8 7 14 7 2 14 8 10 17 18 20 6 11 0 17 13 
10 8 1 15 7 12 20 2 2 1 15 1 18 1 18 7 6 7 8 5 2 13 5 8 9 3 14 9 14 14 12 19 15 15 9 20 3 10 19 15 18 11 11 6 16 
15 9 14 1 12 18 3 18 4 8 13 4 20 18 29 13 17 17 15 15 9 1 3 11 10 12 16 10 12 12 4 0 6 19 11 11 8 12 18 8 10 18 16 17 10 
9 1 10 8 19 5 15 20 10 12 0 12 13 7 13 22 12 3 12 19 0 19 12 18 0 4 6 8 2 8 17 4 8 0 14 0 0 15 0 12 9 17 0 7 1 
2 20 4 13 14 3 5 5 10 11 16 11 13 6 17 12 64 9 13 9 12 17 1 20 2 20 16 17 20 12 2 19 12 19 14 16 3 19 14 14 10 9 19 14 16 
15 13 13 12 16 5 9 2 19 9 3 4 4 7 17 3 9 69 6 12 7 4 20 18 10 13 15 7 1 6 15 2 1 16 1 15 9 10 4 13 8 16 13 2 13 
20 9 5 20 16 14 3 7 4 14 10 8 7 8 15 12 13 6 20 2 7 20 7 19 4 8 18 2 6 1 2 17 8 6 16 4 7 19 3 0 13 20 14 6 17 
12 5 18 17 10 13 17 12 14 0 1 15 19 5 15 19 9 12 2 53 11 9 11 6 16 9 0 0 11 19 1 4 18 2 18 1 18 9 13 16 11 11 3 5 14 
9 20 3 0 20 3 17 20 18 19 9 6 3 2 9 0 12 7 7 11 100 0 18 5 8 20 5 3 7 3 2 17 2 1 11 6 8 16 4 10 13 15 19 3 2 
0 3 6 17 2 9 15 10 10 10 5 7 18 13 1 19 17 4 20 9 0 69 11 20 4 18 16 16 12 4 10 0 3 6 4 17 8 4 17 12 8 9 2 7 14 
13 2 0 9 18 0 18 12 3 4 3 9 1 5 3 12 1 20 7 11 18 11 54 4 7 20 9 13 15 0 8 7 15 17 7 8 20 20 12 15 18 19 14 7 8 
3 4 2 12 13 11 3 4 6 17 5 6 3 8 11 18 20 18 19 6 5 20 4 31 7 13 10 18 6 12 11 5 14 7 6 14 18 20 15 1 10 1 7 10 3 
5 14 15 7 14 10 4 13 13 8 18 17 0 9 10 0 2 10 4 16 8 4 7 7 77 4 7 4 5 9 11 17 6 9 1 3 0 8 16 8 15 8 15 0 0 
8 17 2 17 8 16 2 18 10 8 4 17 7 3 12 4 20 13 8 9 20 18 20 13 4 63 17 17 17 4 5 16 1 16 12 13 0 3 15 16 11 9 4 6 18 
15 19 1 1 3 1 20 12 20 9 6 19 11 14 16 6 16 15 18 0 5 16 9 10 7 17 4 13 2 2 0 14 2 17 20 6 14 11 11 7 3 0 7 10 11 
18 9 4 16 16 9 2 6 8 5 8 4 18 9 10 8 17 7 2 0 3 16 13 18 4 17 13 56 1 10 1 10 20 3 2 17 16 2 8 8 16 1 0 17 7 
8 20 19 0 1 18 20 9 2 9 8 3 6 14 12 2 20 1 6 11 7 12 15 6 5 17 2 1 73 3 4 19 7 6 0 10 17 3 13 8 13 18 14 20 3 
1 6 7 11 1 8 9 15 9 6 16 3 8 14 12 8 12 6 1 19 3 4 0 12 9 4 2 10 3 33 5 17 20 10 19 13 12 9 5 8 17 1 20 13 16 
9 4 18 16 12 15 8 16 13 7 4 13 7 12 4 17 2 15 2 1 2 10 8 11 11 5 0 1 4 5 72 20 4 17 8 7 18 4 0 6 10 2 18 8 20 
18 11 20 14 10 19 6 10 8 9 20 1 14 19 0 4 19 2 17 4 17 0 7 5 17 16 14 10 19 17 20 97 13 18 3 18 3 20 17 20 15 20 1 8 19 
10 15 3 18 12 0 4 15 17 2 2 5 7 15 6 8 12 1 8 18 2 3 15 14 6 1 2 20 7 20 4 13 1 1 18 10 3 0 10 20 4 19 4 0 12 
5 17 0 12 1 17 15 6 19 20 19 13 2 15 19 0 19 16 6 2 1 6 17 7 9 16 17 3 6 10 17 18 1 6 8 8 1 2 12 8 1 19 1 10 2 
7 13 11 1 13 12 3 15 7 7 6 16 14 9 11 14 14 1 16 18 11 4 7 6 1 12 20 2 0 19 8 3 18 8 33 19 11 12 10 4 19 16 1 15 4 
16 20 12 15 19 1 19 10 2 15 4 7 8 20 11 0 16 15 4 1 6 17 8 14 3 13 6 17 10 13 7 18 10 8 19 17 17 17 18 17 12 19 19 6 18 
13 20 0 2 8 19 6 10 18 18 18 7 10 3 8 0 3 9 7 18 8 8 20 18 0 0 14 16 17 12 18 3 3 1 11 17 35 18 19 3 15 8 20 15 0 
19 15 3 13 17 20 20 12 10 8 11 7 17 10 12 15 19 10 19 9 16 4 20 20 8 3 11 2 3 9 4 20 0 2 12 17 18 75 6 17 13 0 7 3 2 
9 4 4 12 17 0 14 6 1 9 1 10 18 19 18 0 14 4 3 13 4 17 12 15 16 15 11 8 13 5 0 17 10 12 10 18 19 6 31 20 13 17 18 12 7 
5 20 10 15 0 8 16 14 11 20 15 14 20 15 8 12 14 13 0 16 10 12 15 1 8 16 7 8 8 8 6 20 20 8 4 17 3 17 20 91 17 0 14 17 18 
15 2 20 19 4 14 2 2 16 19 13 10 6 18 10 9 10 8 13 11 13 8 18 10 15 11 3 16 13 17 10 15 4 1 19 12 15 13 13 17 1 7 15 18 5 
0 9 5 9 9 7 17 10 13 5 13 6 11 11 18 17 9 16 20 11 15 9 19 1 8 9 0 1 18 1 2 20 19 19 16 19 8 0 17 0 7 3 16 5 18 
17 6 9 10 7 20 3 5 7 13 17 1 0 11 16 0 19 13 14 3 19 2 14 7 15 4 7 0 14 20 18 1 4 1 1 19 20 7 18 14 15 16 18 4 13 
1 15 4 5 19 1 3 7 11 5 9 18 17 6 17 7 14 2 6 5 3 7 7 10 0 6 10 17 20 13 8 8 0 10 15 6 15 3 12 17 18 5 4 70 12 
5 17 20 12 12 9 14 6 5 18 11 16 13 16 10 1 16 13 17 14 2 14 8 3 0 18 11 7 3 16 20 19 12 2 4 18 0 2 7 18 5 18 13 12 8 
