45 10
86 47 30 28 22 40 45 14 15 8 31 14 33 44 26 32 36 38 33 30 48 52 21 23 22 40 59 50 31 37 16 35 33 7 12 54 43 29 35 63 45 51 34 38 29 
47 16 30 20 34 41 21 35 38 43 71 62 76 77 56 78 81 31 14 33 44 26 32 36 43 63 72 52 61 66 47 52 30 49 53 73 52 66 70 65 70 75 49 54 70 
30 30 63 24 8 14 16 17 16 23 43 42 49 47 27 54 56 8 20 2 20 22 9 8 14 33 44 26 32 36 21 21 3 28 28 43 23 37 40 40 40 45 18 23 43 
28 20 24 29 22 38 28 18 23 25 55 43 59 65 43 60 64 30 8 26 44 36 19 25 31 54 67 51 49 54 33 44 26 32 36 66 48 51 56 65 61 66 41 46 54 
22 34 8 22 66 19 24 9 7 14 37 34 43 43 22 47 49 16 21 8 27 30 2 2 9 31 45 31 28 33 14 21 11 20 21 44 26 32 36 45 38 43 18 23 37 
40 41 14 38 19 88 21 29 26 32 42 49 50 43 26 57 58 9 33 12 8 23 22 18 19 25 31 12 29 31 27 14 12 36 34 33 11 36 38 26 32 36 12 15 44 
45 21 16 28 24 21 53 31 31 38 59 58 66 62 43 70 72 12 20 18 22 8 24 25 31 46 52 31 47 51 38 34 14 44 45 54 33 53 56 44 53 57 32 36 59 
14 35 17 18 9 29 31 64 5 7 37 27 41 46 25 43 46 25 20 17 37 38 8 11 15 37 53 40 31 36 14 29 20 14 17 50 35 33 38 54 44 49 26 31 36 
15 38 16 23 7 26 31 5 72 7 32 26 37 41 20 40 43 23 24 15 34 38 7 8 9 31 48 36 26 31 9 24 18 12 14 45 30 28 33 50 38 44 21 26 32 
8 43 23 25 14 32 38 7 7 95 30 20 34 41 21 35 38 30 28 22 40 45 14 15 14 34 52 43 27 32 10 28 25 6 10 48 36 27 32 56 40 46 26 31 29 
31 71 43 55 37 42 59 37 32 30 61 24 8 14 16 17 16 47 57 41 49 64 39 35 28 22 40 45 14 15 23 29 44 25 20 33 37 6 7 52 23 26 30 29 2 
14 62 42 43 34 49 58 27 26 20 24 57 22 38 28 18 23 49 47 41 57 65 34 34 30 41 60 57 31 35 22 40 45 14 15 54 49 25 30 68 44 49 40 42 21 
33 76 49 59 43 50 66 41 37 34 8 22 45 19 24 9 7 54 61 47 57 71 44 41 35 30 48 53 22 23 28 37 51 27 23 40 45 14 15 61 31 33 38 37 6 
44 77 47 65 43 43 62 46 41 41 14 38 19 81 21 29 26 50 64 45 47 66 46 41 34 17 30 41 15 11 32 28 48 37 31 22 34 14 9 45 14 15 30 27 16 
26 56 27 43 22 26 43 25 20 21 16 28 24 21 90 31 31 31 43 24 33 47 24 20 12 13 33 30 6 11 11 13 28 19 14 27 22 10 13 40 19 24 14 15 17 
32 78 54 60 47 57 70 43 40 35 17 18 9 29 31 28 5 60 63 52 64 76 47 45 40 40 58 61 30 32 32 44 56 28 25 50 53 22 24 70 40 43 45 45 15 
36 81 56 64 49 58 72 46 43 38 16 23 7 26 31 5 30 61 67 54 64 78 50 47 41 38 56 61 30 30 34 44 58 31 28 48 53 21 22 68 38 40 45 45 14 
38 31 8 30 16 9 12 25 23 30 47 49 54 50 31 60 61 61 24 8 14 16 17 16 20 34 41 21 35 38 28 22 5 35 35 42 21 41 44 35 40 45 19 23 48 
33 14 20 8 21 33 20 20 24 28 57 47 61 64 43 63 67 24 40 22 38 28 18 23 30 52 64 45 49 54 34 41 21 35 38 63 43 52 56 59 59 64 38 43 56 
30 33 2 26 8 12 18 17 15 22 41 41 47 45 24 52 54 8 22 68 19 24 9 7 12 30 41 24 29 33 20 19 3 27 27 41 21 35 38 38 37 42 16 21 41 
48 44 20 44 27 8 22 37 34 40 49 57 57 47 33 64 64 14 38 19 82 21 29 26 27 30 30 9 35 36 35 20 18 44 42 34 13 43 44 21 35 38 19 20 50 
52 26 22 36 30 23 8 38 38 45 64 65 71 66 47 76 78 16 28 24 21 42 31 31 36 49 52 30 51 54 44 37 20 51 51 55 34 58 60 41 55 59 35 38 65 
21 32 9 19 2 22 24 8 7 14 39 34 44 46 24 47 50 17 18 9 29 31 70 5 12 34 48 34 30 35 15 24 12 20 21 46 29 34 38 48 41 46 21 26 38 
23 36 8 25 2 18 25 11 8 15 35 34 41 41 20 45 47 16 23 7 26 31 5 77 7 29 43 29 25 30 13 19 11 19 20 41 24 30 34 43 36 41 16 21 35 
22 43 14 31 9 19 31 15 9 14 28 30 35 34 12 40 41 20 30 12 27 36 12 7 49 22 38 28 18 23 8 14 16 17 16 35 21 23 26 41 29 34 11 16 28 
40 63 33 54 31 25 46 37 31 34 22 41 30 17 13 40 38 34 52 30 30 49 34 29 22 16 19 24 9 7 24 11 33 33 28 14 16 17 16 30 7 12 14 10 25 
59 72 44 67 45 31 52 53 48 52 40 60 48 30 33 58 56 41 64 41 30 52 48 43 38 19 28 21 29 26 42 24 43 52 47 8 20 36 33 16 17 16 27 22 43 
50 52 26 51 31 12 31 40 36 43 45 57 53 41 30 61 61 21 45 24 9 30 34 29 28 24 21 33 31 31 35 17 24 45 42 25 8 39 39 14 28 30 17 16 47 
31 61 32 49 28 29 47 31 26 27 14 31 22 15 6 30 30 35 49 29 35 51 30 25 18 9 29 31 35 5 17 15 33 24 19 23 23 8 9 39 14 19 16 15 16 
37 66 36 54 33 31 51 36 31 32 15 35 23 11 11 32 30 38 54 33 36 54 35 30 23 7 26 31 5 32 22 17 37 29 24 19 23 10 8 37 9 14 19 16 17 
16 47 21 33 14 27 38 14 9 10 23 22 28 32 11 32 34 28 34 20 35 44 15 13 8 24 42 35 17 22 45 19 24 9 7 38 28 18 23 47 30 36 18 21 22 
35 52 21 44 21 14 34 29 24 28 29 40 37 28 13 44 44 22 41 19 20 37 24 19 14 11 24 17 15 17 19 77 21 29 26 22 9 23 24 28 18 23 3 2 30 
33 30 3 26 11 12 14 20 18 25 44 45 51 48 28 56 58 5 21 3 18 20 12 11 16 33 43 24 33 37 24 21 56 31 31 43 22 39 42 38 40 45 18 23 45 
7 49 28 32 20 36 44 14 12 6 25 14 27 37 19 28 31 35 35 27 44 51 20 19 17 33 52 45 24 29 9 29 31 37 5 47 38 22 27 57 38 43 28 31 23 
12 53 28 36 21 34 45 17 14 10 20 15 23 31 14 25 28 35 38 27 42 51 21 20 16 28 47 42 19 24 7 26 31 5 47 42 35 17 22 54 33 38 25 28 18 
54 73 43 66 44 33 54 50 45 48 33 54 40 22 27 50 48 42 63 41 34 55 46 41 35 14 8 25 23 19 38 22 43 47 42 39 21 29 26 24 9 7 25 20 36 
43 52 23 48 26 11 33 35 30 36 37 49 45 34 22 53 53 21 43 21 13 34 29 24 21 16 20 8 23 23 28 9 22 38 35 21 48 31 31 19 21 25 9 7 39 
29 66 37 51 32 36 53 33 28 27 6 25 14 14 10 22 21 41 52 35 43 58 34 30 23 17 36 39 8 10 18 23 39 22 17 29 31 19 5 47 19 23 24 23 7 
35 70 40 56 36 38 56 38 33 32 7 30 15 9 13 24 22 44 56 38 44 60 38 34 26 16 33 39 9 8 23 24 42 27 22 26 31 5 15 46 16 19 25 24 9 
63 65 40 65 45 26 44 54 50 56 52 68 61 45 40 70 68 35 59 38 21 41 48 43 41 30 16 14 39 37 47 28 38 57 54 24 19 47 46 43 31 31 29 26 55 
45 70 40 61 38 32 53 44 38 40 23 44 31 14 19 40 38 40 59 37 35 55 41 36 29 7 17 28 14 9 30 18 40 38 33 9 21 19 16 31 59 5 21 16 26 
51 75 45 66 43 36 57 49 44 46 26 49 33 15 24 43 40 45 64 42 38 59 46 41 34 12 16 30 19 14 36 23 45 43 38 7 25 23 19 31 5 52 26 21 29 
34 49 18 41 18 12 32 26 21 26 30 40 38 30 14 45 45 19 38 16 19 35 21 16 11 14 27 17 16 19 18 3 18 28 25 25 9 24 25 29 21 26 62 5 31 
38 54 23 46 23 15 36 31 26 31 29 42 37 27 15 45 45 23 43 21 20 38 26 21 16 10 22 16 15 16 21 2 23 31 28 20 7 23 24 26 16 21 5 63 31 
29 70 43 54 37 44 59 36 32 29 2 21 6 16 17 15 14 48 56 41 50 65 38 35 28 25 43 47 16 17 22 30 45 23 18 36 39 7 9 55 26 29 31 31 10 
