21 7
61 12 3 7 20 4 6 2 8 20 19 20 16 9 13 3 8 17 19 8 4 
12 79 12 4 12 12 3 5 3 19 19 9 3 19 0 4 4 4 13 19 5 
3 12 55 10 9 9 6 18 18 18 7 15 8 13 16 12 18 1 13 6 9 
7 4 10 93 19 11 3 2 18 10 13 20 13 10 8 12 0 4 19 11 10 
20 12 9 19 93 6 18 0 12 5 19 3 4 17 3 9 11 18 3 6 5 
4 12 9 11 6 90 3 20 16 17 2 14 13 2 10 18 10 6 10 10 14 
6 3 6 3 18 3 54 20 3 2 13 14 15 3 2 5 18 6 10 13 1 
2 5 18 2 0 20 20 3 10 0 2 0 19 18 0 9 9 16 11 9 9 
8 3 18 18 12 16 3 10 74 3 13 7 20 5 16 8 14 13 2 5 1 
20 19 18 10 5 17 2 0 3 14 3 19 3 4 19 10 9 12 11 4 9 
19 19 7 13 19 2 13 2 13 3 82 5 14 9 18 2 10 11 7 20 14 
20 9 15 20 3 14 14 0 7 19 5 4 16 8 11 17 3 9 0 16 0 
16 3 8 13 4 13 15 19 20 3 14 16 36 11 1 7 5 9 17 9 20 
9 19 13 10 17 2 3 18 5 4 9 8 11 3 12 9 16 11 20 2 11 
13 0 16 8 3 10 2 0 16 19 18 11 1 12 42 11 16 13 12 0 20 
3 4 12 12 9 18 5 9 8 10 2 17 7 9 11 58 17 3 12 17 20 
8 4 18 0 11 10 18 9 14 9 10 3 5 16 16 17 19 18 12 17 7 
17 4 1 4 18 6 6 16 13 12 11 9 9 11 13 3 18 31 13 3 15 
19 13 13 19 3 10 10 11 2 11 7 0 17 20 12 12 12 13 5 17 17 
8 19 6 11 6 10 13 9 5 4 20 16 9 2 0 17 17 3 17 78 1 
4 5 9 10 5 14 1 9 1 9 14 0 20 11 20 20 7 15 17 1 43 
