105 15
7600 1728 1728 5184 576 4608 4032 1152 1152 5184 5760 3456 5760 5760 1944 1944 5832 648 5184 4536 1296 1296 5832 6480 3888 6480 6480 648 1944 216 1728 1512 432 432 1944 2160 1296 2160 2160 1944 216 1728 1512 432 432 1944 2160 1296 2160 2160 648 5184 4536 1296 1296 5832 6480 3888 6480 6480 576 504 144 144 648 720 432 720 720 4032 1152 1152 5184 5760 3456 5760 5760 1008 1008 4536 5040 3024 5040 5040 288 1296 1440 864 1440 1440 1296 1440 864 1440 1440 6480 3888 6480 6480 4320 7200 7200 4320 4320 7200 
1728 1875 576 1728 192 1536 1344 384 384 1728 1920 1152 1920 1920 648 648 1944 216 1728 1512 432 432 1944 2160 1296 2160 2160 216 648 72 576 504 144 144 648 720 432 720 720 648 72 576 504 144 144 648 720 432 720 720 216 1728 1512 432 432 1944 2160 1296 2160 2160 192 168 48 48 216 240 144 240 240 1344 384 384 1728 1920 1152 1920 1920 336 336 1512 1680 1008 1680 1680 96 432 480 288 480 480 432 480 288 480 480 2160 1296 2160 2160 1440 2400 2400 1440 1440 2400 
1728 576 9782 1728 192 1536 1344 384 384 1728 1920 1152 1920 1920 648 648 1944 216 1728 1512 432 432 1944 2160 1296 2160 2160 216 648 72 576 504 144 144 648 720 432 720 720 648 72 576 504 144 144 648 720 432 720 720 216 1728 1512 432 432 1944 2160 1296 2160 2160 192 168 48 48 216 240 144 240 240 1344 384 384 1728 1920 1152 1920 1920 336 336 1512 1680 1008 1680 1680 96 432 480 288 480 480 432 480 288 480 480 2160 1296 2160 2160 1440 2400 2400 1440 1440 2400 
5184 1728 1728 2441 576 4608 4032 1152 1152 5184 5760 3456 5760 5760 1944 1944 5832 648 5184 4536 1296 1296 5832 6480 3888 6480 6480 648 1944 216 1728 1512 432 432 1944 2160 1296 2160 2160 1944 216 1728 1512 432 432 1944 2160 1296 2160 2160 648 5184 4536 1296 1296 5832 6480 3888 6480 6480 576 504 144 144 648 720 432 720 720 4032 1152 1152 5184 5760 3456 5760 5760 1008 1008 4536 5040 3024 5040 5040 288 1296 1440 864 1440 1440 1296 1440 864 1440 1440 6480 3888 6480 6480 4320 7200 7200 4320 4320 7200 
576 192 192 576 1515 512 448 128 128 576 640 384 640 640 216 216 648 72 576 504 144 144 648 720 432 720 720 72 216 24 192 168 48 48 216 240 144 240 240 216 24 192 168 48 48 216 240 144 240 240 72 576 504 144 144 648 720 432 720 720 64 56 16 16 72 80 48 80 80 448 128 128 576 640 384 640 640 112 112 504 560 336 560 560 32 144 160 96 160 160 144 160 96 160 160 720 432 720 720 480 800 800 480 480 800 
4608 1536 1536 4608 512 949 3584 1024 1024 4608 5120 3072 5120 5120 1728 1728 5184 576 4608 4032 1152 1152 5184 5760 3456 5760 5760 576 1728 192 1536 1344 384 384 1728 1920 1152 1920 1920 1728 192 1536 1344 384 384 1728 1920 1152 1920 1920 576 4608 4032 1152 1152 5184 5760 3456 5760 5760 512 448 128 128 576 640 384 640 640 3584 1024 1024 4608 5120 3072 5120 5120 896 896 4032 4480 2688 4480 4480 256 1152 1280 768 1280 1280 1152 1280 768 1280 1280 5760 3456 5760 5760 3840 6400 6400 3840 3840 6400 
4032 1344 1344 4032 448 3584 7512 896 896 4032 4480 2688 4480 4480 1512 1512 4536 504 4032 3528 1008 1008 4536 5040 3024 5040 5040 504 1512 168 1344 1176 336 336 1512 1680 1008 1680 1680 1512 168 1344 1176 336 336 1512 1680 1008 1680 1680 504 4032 3528 1008 1008 4536 5040 3024 5040 5040 448 392 112 112 504 560 336 560 560 3136 896 896 4032 4480 2688 4480 4480 784 784 3528 3920 2352 3920 3920 224 1008 1120 672 1120 1120 1008 1120 672 1120 1120 5040 3024 5040 5040 3360 5600 5600 3360 3360 5600 
1152 384 384 1152 128 1024 896 7260 256 1152 1280 768 1280 1280 432 432 1296 144 1152 1008 288 288 1296 1440 864 1440 1440 144 432 48 384 336 96 96 432 480 288 480 480 432 48 384 336 96 96 432 480 288 480 480 144 1152 1008 288 288 1296 1440 864 1440 1440 128 112 32 32 144 160 96 160 160 896 256 256 1152 1280 768 1280 1280 224 224 1008 1120 672 1120 1120 64 288 320 192 320 320 288 320 192 320 320 1440 864 1440 1440 960 1600 1600 960 960 1600 
1152 384 384 1152 128 1024 896 256 1670 1152 1280 768 1280 1280 432 432 1296 144 1152 1008 288 288 1296 1440 864 1440 1440 144 432 48 384 336 96 96 432 480 288 480 480 432 48 384 336 96 96 432 480 288 480 480 144 1152 1008 288 288 1296 1440 864 1440 1440 128 112 32 32 144 160 96 160 160 896 256 256 1152 1280 768 1280 1280 224 224 1008 1120 672 1120 1120 64 288 320 192 320 320 288 320 192 320 320 1440 864 1440 1440 960 1600 1600 960 960 1600 
5184 1728 1728 5184 576 4608 4032 1152 1152 2424 5760 3456 5760 5760 1944 1944 5832 648 5184 4536 1296 1296 5832 6480 3888 6480 6480 648 1944 216 1728 1512 432 432 1944 2160 1296 2160 2160 1944 216 1728 1512 432 432 1944 2160 1296 2160 2160 648 5184 4536 1296 1296 5832 6480 3888 6480 6480 576 504 144 144 648 720 432 720 720 4032 1152 1152 5184 5760 3456 5760 5760 1008 1008 4536 5040 3024 5040 5040 288 1296 1440 864 1440 1440 1296 1440 864 1440 1440 6480 3888 6480 6480 4320 7200 7200 4320 4320 7200 
5760 1920 1920 5760 640 5120 4480 1280 1280 5760 1458 3840 6400 6400 2160 2160 6480 720 5760 5040 1440 1440 6480 7200 4320 7200 7200 720 2160 240 1920 1680 480 480 2160 2400 1440 2400 2400 2160 240 1920 1680 480 480 2160 2400 1440 2400 2400 720 5760 5040 1440 1440 6480 7200 4320 7200 7200 640 560 160 160 720 800 480 800 800 4480 1280 1280 5760 6400 3840 6400 6400 1120 1120 5040 5600 3360 5600 5600 320 1440 1600 960 1600 1600 1440 1600 960 1600 1600 7200 4320 7200 7200 4800 8000 8000 4800 4800 8000 
3456 1152 1152 3456 384 3072 2688 768 768 3456 3840 6480 3840 3840 1296 1296 3888 432 3456 3024 864 864 3888 4320 2592 4320 4320 432 1296 144 1152 1008 288 288 1296 1440 864 1440 1440 1296 144 1152 1008 288 288 1296 1440 864 1440 1440 432 3456 3024 864 864 3888 4320 2592 4320 4320 384 336 96 96 432 480 288 480 480 2688 768 768 3456 3840 2304 3840 3840 672 672 3024 3360 2016 3360 3360 192 864 960 576 960 960 864 960 576 960 960 4320 2592 4320 4320 2880 4800 4800 2880 2880 4800 
5760 1920 1920 5760 640 5120 4480 1280 1280 5760 6400 3840 7842 6400 2160 2160 6480 720 5760 5040 1440 1440 6480 7200 4320 7200 7200 720 2160 240 1920 1680 480 480 2160 2400 1440 2400 2400 2160 240 1920 1680 480 480 2160 2400 1440 2400 2400 720 5760 5040 1440 1440 6480 7200 4320 7200 7200 640 560 160 160 720 800 480 800 800 4480 1280 1280 5760 6400 3840 6400 6400 1120 1120 5040 5600 3360 5600 5600 320 1440 1600 960 1600 1600 1440 1600 960 1600 1600 7200 4320 7200 7200 4800 8000 8000 4800 4800 8000 
5760 1920 1920 5760 640 5120 4480 1280 1280 5760 6400 3840 6400 761 2160 2160 6480 720 5760 5040 1440 1440 6480 7200 4320 7200 7200 720 2160 240 1920 1680 480 480 2160 2400 1440 2400 2400 2160 240 1920 1680 480 480 2160 2400 1440 2400 2400 720 5760 5040 1440 1440 6480 7200 4320 7200 7200 640 560 160 160 720 800 480 800 800 4480 1280 1280 5760 6400 3840 6400 6400 1120 1120 5040 5600 3360 5600 5600 320 1440 1600 960 1600 1600 1440 1600 960 1600 1600 7200 4320 7200 7200 4800 8000 8000 4800 4800 8000 
1944 648 648 1944 216 1728 1512 432 432 1944 2160 1296 2160 2160 1104 729 2187 243 1944 1701 486 486 2187 2430 1458 2430 2430 243 729 81 648 567 162 162 729 810 486 810 810 729 81 648 567 162 162 729 810 486 810 810 243 1944 1701 486 486 2187 2430 1458 2430 2430 216 189 54 54 243 270 162 270 270 1512 432 432 1944 2160 1296 2160 2160 378 378 1701 1890 1134 1890 1890 108 486 540 324 540 540 486 540 324 540 540 2430 1458 2430 2430 1620 2700 2700 1620 1620 2700 
1944 648 648 1944 216 1728 1512 432 432 1944 2160 1296 2160 2160 729 6674 2187 243 1944 1701 486 486 2187 2430 1458 2430 2430 243 729 81 648 567 162 162 729 810 486 810 810 729 81 648 567 162 162 729 810 486 810 810 243 1944 1701 486 486 2187 2430 1458 2430 2430 216 189 54 54 243 270 162 270 270 1512 432 432 1944 2160 1296 2160 2160 378 378 1701 1890 1134 1890 1890 108 486 540 324 540 540 486 540 324 540 540 2430 1458 2430 2430 1620 2700 2700 1620 1620 2700 
5832 1944 1944 5832 648 5184 4536 1296 1296 5832 6480 3888 6480 6480 2187 2187 3322 729 5832 5103 1458 1458 6561 7290 4374 7290 7290 729 2187 243 1944 1701 486 486 2187 2430 1458 2430 2430 2187 243 1944 1701 486 486 2187 2430 1458 2430 2430 729 5832 5103 1458 1458 6561 7290 4374 7290 7290 648 567 162 162 729 810 486 810 810 4536 1296 1296 5832 6480 3888 6480 6480 1134 1134 5103 5670 3402 5670 5670 324 1458 1620 972 1620 1620 1458 1620 972 1620 1620 7290 4374 7290 7290 4860 8100 8100 4860 4860 8100 
648 216 216 648 72 576 504 144 144 648 720 432 720 720 243 243 729 8086 648 567 162 162 729 810 486 810 810 81 243 27 216 189 54 54 243 270 162 270 270 243 27 216 189 54 54 243 270 162 270 270 81 648 567 162 162 729 810 486 810 810 72 63 18 18 81 90 54 90 90 504 144 144 648 720 432 720 720 126 126 567 630 378 630 630 36 162 180 108 180 180 162 180 108 180 180 810 486 810 810 540 900 900 540 540 900 
5184 1728 1728 5184 576 4608 4032 1152 1152 5184 5760 3456 5760 5760 1944 1944 5832 648 8314 4536 1296 1296 5832 6480 3888 6480 6480 648 1944 216 1728 1512 432 432 1944 2160 1296 2160 2160 1944 216 1728 1512 432 432 1944 2160 1296 2160 2160 648 5184 4536 1296 1296 5832 6480 3888 6480 6480 576 504 144 144 648 720 432 720 720 4032 1152 1152 5184 5760 3456 5760 5760 1008 1008 4536 5040 3024 5040 5040 288 1296 1440 864 1440 1440 1296 1440 864 1440 1440 6480 3888 6480 6480 4320 7200 7200 4320 4320 7200 
4536 1512 1512 4536 504 4032 3528 1008 1008 4536 5040 3024 5040 5040 1701 1701 5103 567 4536 1145 1134 1134 5103 5670 3402 5670 5670 567 1701 189 1512 1323 378 378 1701 1890 1134 1890 1890 1701 189 1512 1323 378 378 1701 1890 1134 1890 1890 567 4536 3969 1134 1134 5103 5670 3402 5670 5670 504 441 126 126 567 630 378 630 630 3528 1008 1008 4536 5040 3024 5040 5040 882 882 3969 4410 2646 4410 4410 252 1134 1260 756 1260 1260 1134 1260 756 1260 1260 5670 3402 5670 5670 3780 6300 6300 3780 3780 6300 
1296 432 432 1296 144 1152 1008 288 288 1296 1440 864 1440 1440 486 486 1458 162 1296 1134 41 324 1458 1620 972 1620 1620 162 486 54 432 378 108 108 486 540 324 540 540 486 54 432 378 108 108 486 540 324 540 540 162 1296 1134 324 324 1458 1620 972 1620 1620 144 126 36 36 162 180 108 180 180 1008 288 288 1296 1440 864 1440 1440 252 252 1134 1260 756 1260 1260 72 324 360 216 360 360 324 360 216 360 360 1620 972 1620 1620 1080 1800 1800 1080 1080 1800 
1296 432 432 1296 144 1152 1008 288 288 1296 1440 864 1440 1440 486 486 1458 162 1296 1134 324 7599 1458 1620 972 1620 1620 162 486 54 432 378 108 108 486 540 324 540 540 486 54 432 378 108 108 486 540 324 540 540 162 1296 1134 324 324 1458 1620 972 1620 1620 144 126 36 36 162 180 108 180 180 1008 288 288 1296 1440 864 1440 1440 252 252 1134 1260 756 1260 1260 72 324 360 216 360 360 324 360 216 360 360 1620 972 1620 1620 1080 1800 1800 1080 1080 1800 
5832 1944 1944 5832 648 5184 4536 1296 1296 5832 6480 3888 6480 6480 2187 2187 6561 729 5832 5103 1458 1458 6728 7290 4374 7290 7290 729 2187 243 1944 1701 486 486 2187 2430 1458 2430 2430 2187 243 1944 1701 486 486 2187 2430 1458 2430 2430 729 5832 5103 1458 1458 6561 7290 4374 7290 7290 648 567 162 162 729 810 486 810 810 4536 1296 1296 5832 6480 3888 6480 6480 1134 1134 5103 5670 3402 5670 5670 324 1458 1620 972 1620 1620 1458 1620 972 1620 1620 7290 4374 7290 7290 4860 8100 8100 4860 4860 8100 
6480 2160 2160 6480 720 5760 5040 1440 1440 6480 7200 4320 7200 7200 2430 2430 7290 810 6480 5670 1620 1620 7290 5611 4860 8100 8100 810 2430 270 2160 1890 540 540 2430 2700 1620 2700 2700 2430 270 2160 1890 540 540 2430 2700 1620 2700 2700 810 6480 5670 1620 1620 7290 8100 4860 8100 8100 720 630 180 180 810 900 540 900 900 5040 1440 1440 6480 7200 4320 7200 7200 1260 1260 5670 6300 3780 6300 6300 360 1620 1800 1080 1800 1800 1620 1800 1080 1800 1800 8100 4860 8100 8100 5400 9000 9000 5400 5400 9000 
3888 1296 1296 3888 432 3456 3024 864 864 3888 4320 2592 4320 4320 1458 1458 4374 486 3888 3402 972 972 4374 4860 1947 4860 4860 486 1458 162 1296 1134 324 324 1458 1620 972 1620 1620 1458 162 1296 1134 324 324 1458 1620 972 1620 1620 486 3888 3402 972 972 4374 4860 2916 4860 4860 432 378 108 108 486 540 324 540 540 3024 864 864 3888 4320 2592 4320 4320 756 756 3402 3780 2268 3780 3780 216 972 1080 648 1080 1080 972 1080 648 1080 1080 4860 2916 4860 4860 3240 5400 5400 3240 3240 5400 
6480 2160 2160 6480 720 5760 5040 1440 1440 6480 7200 4320 7200 7200 2430 2430 7290 810 6480 5670 1620 1620 7290 8100 4860 3922 8100 810 2430 270 2160 1890 540 540 2430 2700 1620 2700 2700 2430 270 2160 1890 540 540 2430 2700 1620 2700 2700 810 6480 5670 1620 1620 7290 8100 4860 8100 8100 720 630 180 180 810 900 540 900 900 5040 1440 1440 6480 7200 4320 7200 7200 1260 1260 5670 6300 3780 6300 6300 360 1620 1800 1080 1800 1800 1620 1800 1080 1800 1800 8100 4860 8100 8100 5400 9000 9000 5400 5400 9000 
6480 2160 2160 6480 720 5760 5040 1440 1440 6480 7200 4320 7200 7200 2430 2430 7290 810 6480 5670 1620 1620 7290 8100 4860 8100 5464 810 2430 270 2160 1890 540 540 2430 2700 1620 2700 2700 2430 270 2160 1890 540 540 2430 2700 1620 2700 2700 810 6480 5670 1620 1620 7290 8100 4860 8100 8100 720 630 180 180 810 900 540 900 900 5040 1440 1440 6480 7200 4320 7200 7200 1260 1260 5670 6300 3780 6300 6300 360 1620 1800 1080 1800 1800 1620 1800 1080 1800 1800 8100 4860 8100 8100 5400 9000 9000 5400 5400 9000 
648 216 216 648 72 576 504 144 144 648 720 432 720 720 243 243 729 81 648 567 162 162 729 810 486 810 810 4643 243 27 216 189 54 54 243 270 162 270 270 243 27 216 189 54 54 243 270 162 270 270 81 648 567 162 162 729 810 486 810 810 72 63 18 18 81 90 54 90 90 504 144 144 648 720 432 720 720 126 126 567 630 378 630 630 36 162 180 108 180 180 162 180 108 180 180 810 486 810 810 540 900 900 540 540 900 
1944 648 648 1944 216 1728 1512 432 432 1944 2160 1296 2160 2160 729 729 2187 243 1944 1701 486 486 2187 2430 1458 2430 2430 243 6849 81 648 567 162 162 729 810 486 810 810 729 81 648 567 162 162 729 810 486 810 810 243 1944 1701 486 486 2187 2430 1458 2430 2430 216 189 54 54 243 270 162 270 270 1512 432 432 1944 2160 1296 2160 2160 378 378 1701 1890 1134 1890 1890 108 486 540 324 540 540 486 540 324 540 540 2430 1458 2430 2430 1620 2700 2700 1620 1620 2700 
216 72 72 216 24 192 168 48 48 216 240 144 240 240 81 81 243 27 216 189 54 54 243 270 162 270 270 27 81 984 72 63 18 18 81 90 54 90 90 81 9 72 63 18 18 81 90 54 90 90 27 216 189 54 54 243 270 162 270 270 24 21 6 6 27 30 18 30 30 168 48 48 216 240 144 240 240 42 42 189 210 126 210 210 12 54 60 36 60 60 54 60 36 60 60 270 162 270 270 180 300 300 180 180 300 
1728 576 576 1728 192 1536 1344 384 384 1728 1920 1152 1920 1920 648 648 1944 216 1728 1512 432 432 1944 2160 1296 2160 2160 216 648 72 9982 504 144 144 648 720 432 720 720 648 72 576 504 144 144 648 720 432 720 720 216 1728 1512 432 432 1944 2160 1296 2160 2160 192 168 48 48 216 240 144 240 240 1344 384 384 1728 1920 1152 1920 1920 336 336 1512 1680 1008 1680 1680 96 432 480 288 480 480 432 480 288 480 480 2160 1296 2160 2160 1440 2400 2400 1440 1440 2400 
1512 504 504 1512 168 1344 1176 336 336 1512 1680 1008 1680 1680 567 567 1701 189 1512 1323 378 378 1701 1890 1134 1890 1890 189 567 63 504 3105 126 126 567 630 378 630 630 567 63 504 441 126 126 567 630 378 630 630 189 1512 1323 378 378 1701 1890 1134 1890 1890 168 147 42 42 189 210 126 210 210 1176 336 336 1512 1680 1008 1680 1680 294 294 1323 1470 882 1470 1470 84 378 420 252 420 420 378 420 252 420 420 1890 1134 1890 1890 1260 2100 2100 1260 1260 2100 
432 144 144 432 48 384 336 96 96 432 480 288 480 480 162 162 486 54 432 378 108 108 486 540 324 540 540 54 162 18 144 126 4665 36 162 180 108 180 180 162 18 144 126 36 36 162 180 108 180 180 54 432 378 108 108 486 540 324 540 540 48 42 12 12 54 60 36 60 60 336 96 96 432 480 288 480 480 84 84 378 420 252 420 420 24 108 120 72 120 120 108 120 72 120 120 540 324 540 540 360 600 600 360 360 600 
432 144 144 432 48 384 336 96 96 432 480 288 480 480 162 162 486 54 432 378 108 108 486 540 324 540 540 54 162 18 144 126 36 362 162 180 108 180 180 162 18 144 126 36 36 162 180 108 180 180 54 432 378 108 108 486 540 324 540 540 48 42 12 12 54 60 36 60 60 336 96 96 432 480 288 480 480 84 84 378 420 252 420 420 24 108 120 72 120 120 108 120 72 120 120 540 324 540 540 360 600 600 360 360 600 
1944 648 648 1944 216 1728 1512 432 432 1944 2160 1296 2160 2160 729 729 2187 243 1944 1701 486 486 2187 2430 1458 2430 2430 243 729 81 648 567 162 162 6875 810 486 810 810 729 81 648 567 162 162 729 810 486 810 810 243 1944 1701 486 486 2187 2430 1458 2430 2430 216 189 54 54 243 270 162 270 270 1512 432 432 1944 2160 1296 2160 2160 378 378 1701 1890 1134 1890 1890 108 486 540 324 540 540 486 540 324 540 540 2430 1458 2430 2430 1620 2700 2700 1620 1620 2700 
2160 720 720 2160 240 1920 1680 480 480 2160 2400 1440 2400 2400 810 810 2430 270 2160 1890 540 540 2430 2700 1620 2700 2700 270 810 90 720 630 180 180 810 7634 540 900 900 810 90 720 630 180 180 810 900 540 900 900 270 2160 1890 540 540 2430 2700 1620 2700 2700 240 210 60 60 270 300 180 300 300 1680 480 480 2160 2400 1440 2400 2400 420 420 1890 2100 1260 2100 2100 120 540 600 360 600 600 540 600 360 600 600 2700 1620 2700 2700 1800 3000 3000 1800 1800 3000 
1296 432 432 1296 144 1152 1008 288 288 1296 1440 864 1440 1440 486 486 1458 162 1296 1134 324 324 1458 1620 972 1620 1620 162 486 54 432 378 108 108 486 540 6910 540 540 486 54 432 378 108 108 486 540 324 540 540 162 1296 1134 324 324 1458 1620 972 1620 1620 144 126 36 36 162 180 108 180 180 1008 288 288 1296 1440 864 1440 1440 252 252 1134 1260 756 1260 1260 72 324 360 216 360 360 324 360 216 360 360 1620 972 1620 1620 1080 1800 1800 1080 1080 1800 
2160 720 720 2160 240 1920 1680 480 480 2160 2400 1440 2400 2400 810 810 2430 270 2160 1890 540 540 2430 2700 1620 2700 2700 270 810 90 720 630 180 180 810 900 540 2215 900 810 90 720 630 180 180 810 900 540 900 900 270 2160 1890 540 540 2430 2700 1620 2700 2700 240 210 60 60 270 300 180 300 300 1680 480 480 2160 2400 1440 2400 2400 420 420 1890 2100 1260 2100 2100 120 540 600 360 600 600 540 600 360 600 600 2700 1620 2700 2700 1800 3000 3000 1800 1800 3000 
2160 720 720 2160 240 1920 1680 480 480 2160 2400 1440 2400 2400 810 810 2430 270 2160 1890 540 540 2430 2700 1620 2700 2700 270 810 90 720 630 180 180 810 900 540 900 6065 810 90 720 630 180 180 810 900 540 900 900 270 2160 1890 540 540 2430 2700 1620 2700 2700 240 210 60 60 270 300 180 300 300 1680 480 480 2160 2400 1440 2400 2400 420 420 1890 2100 1260 2100 2100 120 540 600 360 600 600 540 600 360 600 600 2700 1620 2700 2700 1800 3000 3000 1800 1800 3000 
1944 648 648 1944 216 1728 1512 432 432 1944 2160 1296 2160 2160 729 729 2187 243 1944 1701 486 486 2187 2430 1458 2430 2430 243 729 81 648 567 162 162 729 810 486 810 810 3473 81 648 567 162 162 729 810 486 810 810 243 1944 1701 486 486 2187 2430 1458 2430 2430 216 189 54 54 243 270 162 270 270 1512 432 432 1944 2160 1296 2160 2160 378 378 1701 1890 1134 1890 1890 108 486 540 324 540 540 486 540 324 540 540 2430 1458 2430 2430 1620 2700 2700 1620 1620 2700 
216 72 72 216 24 192 168 48 48 216 240 144 240 240 81 81 243 27 216 189 54 54 243 270 162 270 270 27 81 9 72 63 18 18 81 90 54 90 90 81 459 72 63 18 18 81 90 54 90 90 27 216 189 54 54 243 270 162 270 270 24 21 6 6 27 30 18 30 30 168 48 48 216 240 144 240 240 42 42 189 210 126 210 210 12 54 60 36 60 60 54 60 36 60 60 270 162 270 270 180 300 300 180 180 300 
1728 576 576 1728 192 1536 1344 384 384 1728 1920 1152 1920 1920 648 648 1944 216 1728 1512 432 432 1944 2160 1296 2160 2160 216 648 72 576 504 144 144 648 720 432 720 720 648 72 2954 504 144 144 648 720 432 720 720 216 1728 1512 432 432 1944 2160 1296 2160 2160 192 168 48 48 216 240 144 240 240 1344 384 384 1728 1920 1152 1920 1920 336 336 1512 1680 1008 1680 1680 96 432 480 288 480 480 432 480 288 480 480 2160 1296 2160 2160 1440 2400 2400 1440 1440 2400 
1512 504 504 1512 168 1344 1176 336 336 1512 1680 1008 1680 1680 567 567 1701 189 1512 1323 378 378 1701 1890 1134 1890 1890 189 567 63 504 441 126 126 567 630 378 630 630 567 63 504 8853 126 126 567 630 378 630 630 189 1512 1323 378 378 1701 1890 1134 1890 1890 168 147 42 42 189 210 126 210 210 1176 336 336 1512 1680 1008 1680 1680 294 294 1323 1470 882 1470 1470 84 378 420 252 420 420 378 420 252 420 420 1890 1134 1890 1890 1260 2100 2100 1260 1260 2100 
432 144 144 432 48 384 336 96 96 432 480 288 480 480 162 162 486 54 432 378 108 108 486 540 324 540 540 54 162 18 144 126 36 36 162 180 108 180 180 162 18 144 126 6782 36 162 180 108 180 180 54 432 378 108 108 486 540 324 540 540 48 42 12 12 54 60 36 60 60 336 96 96 432 480 288 480 480 84 84 378 420 252 420 420 24 108 120 72 120 120 108 120 72 120 120 540 324 540 540 360 600 600 360 360 600 
432 144 144 432 48 384 336 96 96 432 480 288 480 480 162 162 486 54 432 378 108 108 486 540 324 540 540 54 162 18 144 126 36 36 162 180 108 180 180 162 18 144 126 36 3478 162 180 108 180 180 54 432 378 108 108 486 540 324 540 540 48 42 12 12 54 60 36 60 60 336 96 96 432 480 288 480 480 84 84 378 420 252 420 420 24 108 120 72 120 120 108 120 72 120 120 540 324 540 540 360 600 600 360 360 600 
1944 648 648 1944 216 1728 1512 432 432 1944 2160 1296 2160 2160 729 729 2187 243 1944 1701 486 486 2187 2430 1458 2430 2430 243 729 81 648 567 162 162 729 810 486 810 810 729 81 648 567 162 162 6072 810 486 810 810 243 1944 1701 486 486 2187 2430 1458 2430 2430 216 189 54 54 243 270 162 270 270 1512 432 432 1944 2160 1296 2160 2160 378 378 1701 1890 1134 1890 1890 108 486 540 324 540 540 486 540 324 540 540 2430 1458 2430 2430 1620 2700 2700 1620 1620 2700 
2160 720 720 2160 240 1920 1680 480 480 2160 2400 1440 2400 2400 810 810 2430 270 2160 1890 540 540 2430 2700 1620 2700 2700 270 810 90 720 630 180 180 810 900 540 900 900 810 90 720 630 180 180 810 1926 540 900 900 270 2160 1890 540 540 2430 2700 1620 2700 2700 240 210 60 60 270 300 180 300 300 1680 480 480 2160 2400 1440 2400 2400 420 420 1890 2100 1260 2100 2100 120 540 600 360 600 600 540 600 360 600 600 2700 1620 2700 2700 1800 3000 3000 1800 1800 3000 
1296 432 432 1296 144 1152 1008 288 288 1296 1440 864 1440 1440 486 486 1458 162 1296 1134 324 324 1458 1620 972 1620 1620 162 486 54 432 378 108 108 486 540 324 540 540 486 54 432 378 108 108 486 540 958 540 540 162 1296 1134 324 324 1458 1620 972 1620 1620 144 126 36 36 162 180 108 180 180 1008 288 288 1296 1440 864 1440 1440 252 252 1134 1260 756 1260 1260 72 324 360 216 360 360 324 360 216 360 360 1620 972 1620 1620 1080 1800 1800 1080 1080 1800 
2160 720 720 2160 240 1920 1680 480 480 2160 2400 1440 2400 2400 810 810 2430 270 2160 1890 540 540 2430 2700 1620 2700 2700 270 810 90 720 630 180 180 810 900 540 900 900 810 90 720 630 180 180 810 900 540 4554 900 270 2160 1890 540 540 2430 2700 1620 2700 2700 240 210 60 60 270 300 180 300 300 1680 480 480 2160 2400 1440 2400 2400 420 420 1890 2100 1260 2100 2100 120 540 600 360 600 600 540 600 360 600 600 2700 1620 2700 2700 1800 3000 3000 1800 1800 3000 
2160 720 720 2160 240 1920 1680 480 480 2160 2400 1440 2400 2400 810 810 2430 270 2160 1890 540 540 2430 2700 1620 2700 2700 270 810 90 720 630 180 180 810 900 540 900 900 810 90 720 630 180 180 810 900 540 900 4311 270 2160 1890 540 540 2430 2700 1620 2700 2700 240 210 60 60 270 300 180 300 300 1680 480 480 2160 2400 1440 2400 2400 420 420 1890 2100 1260 2100 2100 120 540 600 360 600 600 540 600 360 600 600 2700 1620 2700 2700 1800 3000 3000 1800 1800 3000 
648 216 216 648 72 576 504 144 144 648 720 432 720 720 243 243 729 81 648 567 162 162 729 810 486 810 810 81 243 27 216 189 54 54 243 270 162 270 270 243 27 216 189 54 54 243 270 162 270 270 2542 648 567 162 162 729 810 486 810 810 72 63 18 18 81 90 54 90 90 504 144 144 648 720 432 720 720 126 126 567 630 378 630 630 36 162 180 108 180 180 162 180 108 180 180 810 486 810 810 540 900 900 540 540 900 
5184 1728 1728 5184 576 4608 4032 1152 1152 5184 5760 3456 5760 5760 1944 1944 5832 648 5184 4536 1296 1296 5832 6480 3888 6480 6480 648 1944 216 1728 1512 432 432 1944 2160 1296 2160 2160 1944 216 1728 1512 432 432 1944 2160 1296 2160 2160 648 9412 4536 1296 1296 5832 6480 3888 6480 6480 576 504 144 144 648 720 432 720 720 4032 1152 1152 5184 5760 3456 5760 5760 1008 1008 4536 5040 3024 5040 5040 288 1296 1440 864 1440 1440 1296 1440 864 1440 1440 6480 3888 6480 6480 4320 7200 7200 4320 4320 7200 
4536 1512 1512 4536 504 4032 3528 1008 1008 4536 5040 3024 5040 5040 1701 1701 5103 567 4536 3969 1134 1134 5103 5670 3402 5670 5670 567 1701 189 1512 1323 378 378 1701 1890 1134 1890 1890 1701 189 1512 1323 378 378 1701 1890 1134 1890 1890 567 4536 3397 1134 1134 5103 5670 3402 5670 5670 504 441 126 126 567 630 378 630 630 3528 1008 1008 4536 5040 3024 5040 5040 882 882 3969 4410 2646 4410 4410 252 1134 1260 756 1260 1260 1134 1260 756 1260 1260 5670 3402 5670 5670 3780 6300 6300 3780 3780 6300 
1296 432 432 1296 144 1152 1008 288 288 1296 1440 864 1440 1440 486 486 1458 162 1296 1134 324 324 1458 1620 972 1620 1620 162 486 54 432 378 108 108 486 540 324 540 540 486 54 432 378 108 108 486 540 324 540 540 162 1296 1134 1286 324 1458 1620 972 1620 1620 144 126 36 36 162 180 108 180 180 1008 288 288 1296 1440 864 1440 1440 252 252 1134 1260 756 1260 1260 72 324 360 216 360 360 324 360 216 360 360 1620 972 1620 1620 1080 1800 1800 1080 1080 1800 
1296 432 432 1296 144 1152 1008 288 288 1296 1440 864 1440 1440 486 486 1458 162 1296 1134 324 324 1458 1620 972 1620 1620 162 486 54 432 378 108 108 486 540 324 540 540 486 54 432 378 108 108 486 540 324 540 540 162 1296 1134 324 1430 1458 1620 972 1620 1620 144 126 36 36 162 180 108 180 180 1008 288 288 1296 1440 864 1440 1440 252 252 1134 1260 756 1260 1260 72 324 360 216 360 360 324 360 216 360 360 1620 972 1620 1620 1080 1800 1800 1080 1080 1800 
5832 1944 1944 5832 648 5184 4536 1296 1296 5832 6480 3888 6480 6480 2187 2187 6561 729 5832 5103 1458 1458 6561 7290 4374 7290 7290 729 2187 243 1944 1701 486 486 2187 2430 1458 2430 2430 2187 243 1944 1701 486 486 2187 2430 1458 2430 2430 729 5832 5103 1458 1458 8239 7290 4374 7290 7290 648 567 162 162 729 810 486 810 810 4536 1296 1296 5832 6480 3888 6480 6480 1134 1134 5103 5670 3402 5670 5670 324 1458 1620 972 1620 1620 1458 1620 972 1620 1620 7290 4374 7290 7290 4860 8100 8100 4860 4860 8100 
6480 2160 2160 6480 720 5760 5040 1440 1440 6480 7200 4320 7200 7200 2430 2430 7290 810 6480 5670 1620 1620 7290 8100 4860 8100 8100 810 2430 270 2160 1890 540 540 2430 2700 1620 2700 2700 2430 270 2160 1890 540 540 2430 2700 1620 2700 2700 810 6480 5670 1620 1620 7290 2436 4860 8100 8100 720 630 180 180 810 900 540 900 900 5040 1440 1440 6480 7200 4320 7200 7200 1260 1260 5670 6300 3780 6300 6300 360 1620 1800 1080 1800 1800 1620 1800 1080 1800 1800 8100 4860 8100 8100 5400 9000 9000 5400 5400 9000 
3888 1296 1296 3888 432 3456 3024 864 864 3888 4320 2592 4320 4320 1458 1458 4374 486 3888 3402 972 972 4374 4860 2916 4860 4860 486 1458 162 1296 1134 324 324 1458 1620 972 1620 1620 1458 162 1296 1134 324 324 1458 1620 972 1620 1620 486 3888 3402 972 972 4374 4860 984 4860 4860 432 378 108 108 486 540 324 540 540 3024 864 864 3888 4320 2592 4320 4320 756 756 3402 3780 2268 3780 3780 216 972 1080 648 1080 1080 972 1080 648 1080 1080 4860 2916 4860 4860 3240 5400 5400 3240 3240 5400 
6480 2160 2160 6480 720 5760 5040 1440 1440 6480 7200 4320 7200 7200 2430 2430 7290 810 6480 5670 1620 1620 7290 8100 4860 8100 8100 810 2430 270 2160 1890 540 540 2430 2700 1620 2700 2700 2430 270 2160 1890 540 540 2430 2700 1620 2700 2700 810 6480 5670 1620 1620 7290 8100 4860 8367 8100 720 630 180 180 810 900 540 900 900 5040 1440 1440 6480 7200 4320 7200 7200 1260 1260 5670 6300 3780 6300 6300 360 1620 1800 1080 1800 1800 1620 1800 1080 1800 1800 8100 4860 8100 8100 5400 9000 9000 5400 5400 9000 
6480 2160 2160 6480 720 5760 5040 1440 1440 6480 7200 4320 7200 7200 2430 2430 7290 810 6480 5670 1620 1620 7290 8100 4860 8100 8100 810 2430 270 2160 1890 540 540 2430 2700 1620 2700 2700 2430 270 2160 1890 540 540 2430 2700 1620 2700 2700 810 6480 5670 1620 1620 7290 8100 4860 8100 5251 720 630 180 180 810 900 540 900 900 5040 1440 1440 6480 7200 4320 7200 7200 1260 1260 5670 6300 3780 6300 6300 360 1620 1800 1080 1800 1800 1620 1800 1080 1800 1800 8100 4860 8100 8100 5400 9000 9000 5400 5400 9000 
576 192 192 576 64 512 448 128 128 576 640 384 640 640 216 216 648 72 576 504 144 144 648 720 432 720 720 72 216 24 192 168 48 48 216 240 144 240 240 216 24 192 168 48 48 216 240 144 240 240 72 576 504 144 144 648 720 432 720 720 6156 56 16 16 72 80 48 80 80 448 128 128 576 640 384 640 640 112 112 504 560 336 560 560 32 144 160 96 160 160 144 160 96 160 160 720 432 720 720 480 800 800 480 480 800 
504 168 168 504 56 448 392 112 112 504 560 336 560 560 189 189 567 63 504 441 126 126 567 630 378 630 630 63 189 21 168 147 42 42 189 210 126 210 210 189 21 168 147 42 42 189 210 126 210 210 63 504 441 126 126 567 630 378 630 630 56 4898 14 14 63 70 42 70 70 392 112 112 504 560 336 560 560 98 98 441 490 294 490 490 28 126 140 84 140 140 126 140 84 140 140 630 378 630 630 420 700 700 420 420 700 
144 48 48 144 16 128 112 32 32 144 160 96 160 160 54 54 162 18 144 126 36 36 162 180 108 180 180 18 54 6 48 42 12 12 54 60 36 60 60 54 6 48 42 12 12 54 60 36 60 60 18 144 126 36 36 162 180 108 180 180 16 14 6766 4 18 20 12 20 20 112 32 32 144 160 96 160 160 28 28 126 140 84 140 140 8 36 40 24 40 40 36 40 24 40 40 180 108 180 180 120 200 200 120 120 200 
144 48 48 144 16 128 112 32 32 144 160 96 160 160 54 54 162 18 144 126 36 36 162 180 108 180 180 18 54 6 48 42 12 12 54 60 36 60 60 54 6 48 42 12 12 54 60 36 60 60 18 144 126 36 36 162 180 108 180 180 16 14 4 7564 18 20 12 20 20 112 32 32 144 160 96 160 160 28 28 126 140 84 140 140 8 36 40 24 40 40 36 40 24 40 40 180 108 180 180 120 200 200 120 120 200 
648 216 216 648 72 576 504 144 144 648 720 432 720 720 243 243 729 81 648 567 162 162 729 810 486 810 810 81 243 27 216 189 54 54 243 270 162 270 270 243 27 216 189 54 54 243 270 162 270 270 81 648 567 162 162 729 810 486 810 810 72 63 18 18 4571 90 54 90 90 504 144 144 648 720 432 720 720 126 126 567 630 378 630 630 36 162 180 108 180 180 162 180 108 180 180 810 486 810 810 540 900 900 540 540 900 
720 240 240 720 80 640 560 160 160 720 800 480 800 800 270 270 810 90 720 630 180 180 810 900 540 900 900 90 270 30 240 210 60 60 270 300 180 300 300 270 30 240 210 60 60 270 300 180 300 300 90 720 630 180 180 810 900 540 900 900 80 70 20 20 90 9128 60 100 100 560 160 160 720 800 480 800 800 140 140 630 700 420 700 700 40 180 200 120 200 200 180 200 120 200 200 900 540 900 900 600 1000 1000 600 600 1000 
432 144 144 432 48 384 336 96 96 432 480 288 480 480 162 162 486 54 432 378 108 108 486 540 324 540 540 54 162 18 144 126 36 36 162 180 108 180 180 162 18 144 126 36 36 162 180 108 180 180 54 432 378 108 108 486 540 324 540 540 48 42 12 12 54 60 6728 60 60 336 96 96 432 480 288 480 480 84 84 378 420 252 420 420 24 108 120 72 120 120 108 120 72 120 120 540 324 540 540 360 600 600 360 360 600 
720 240 240 720 80 640 560 160 160 720 800 480 800 800 270 270 810 90 720 630 180 180 810 900 540 900 900 90 270 30 240 210 60 60 270 300 180 300 300 270 30 240 210 60 60 270 300 180 300 300 90 720 630 180 180 810 900 540 900 900 80 70 20 20 90 100 60 2049 100 560 160 160 720 800 480 800 800 140 140 630 700 420 700 700 40 180 200 120 200 200 180 200 120 200 200 900 540 900 900 600 1000 1000 600 600 1000 
720 240 240 720 80 640 560 160 160 720 800 480 800 800 270 270 810 90 720 630 180 180 810 900 540 900 900 90 270 30 240 210 60 60 270 300 180 300 300 270 30 240 210 60 60 270 300 180 300 300 90 720 630 180 180 810 900 540 900 900 80 70 20 20 90 100 60 100 6589 560 160 160 720 800 480 800 800 140 140 630 700 420 700 700 40 180 200 120 200 200 180 200 120 200 200 900 540 900 900 600 1000 1000 600 600 1000 
4032 1344 1344 4032 448 3584 3136 896 896 4032 4480 2688 4480 4480 1512 1512 4536 504 4032 3528 1008 1008 4536 5040 3024 5040 5040 504 1512 168 1344 1176 336 336 1512 1680 1008 1680 1680 1512 168 1344 1176 336 336 1512 1680 1008 1680 1680 504 4032 3528 1008 1008 4536 5040 3024 5040 5040 448 392 112 112 504 560 336 560 560 9859 896 896 4032 4480 2688 4480 4480 784 784 3528 3920 2352 3920 3920 224 1008 1120 672 1120 1120 1008 1120 672 1120 1120 5040 3024 5040 5040 3360 5600 5600 3360 3360 5600 
1152 384 384 1152 128 1024 896 256 256 1152 1280 768 1280 1280 432 432 1296 144 1152 1008 288 288 1296 1440 864 1440 1440 144 432 48 384 336 96 96 432 480 288 480 480 432 48 384 336 96 96 432 480 288 480 480 144 1152 1008 288 288 1296 1440 864 1440 1440 128 112 32 32 144 160 96 160 160 896 6271 256 1152 1280 768 1280 1280 224 224 1008 1120 672 1120 1120 64 288 320 192 320 320 288 320 192 320 320 1440 864 1440 1440 960 1600 1600 960 960 1600 
1152 384 384 1152 128 1024 896 256 256 1152 1280 768 1280 1280 432 432 1296 144 1152 1008 288 288 1296 1440 864 1440 1440 144 432 48 384 336 96 96 432 480 288 480 480 432 48 384 336 96 96 432 480 288 480 480 144 1152 1008 288 288 1296 1440 864 1440 1440 128 112 32 32 144 160 96 160 160 896 256 9157 1152 1280 768 1280 1280 224 224 1008 1120 672 1120 1120 64 288 320 192 320 320 288 320 192 320 320 1440 864 1440 1440 960 1600 1600 960 960 1600 
5184 1728 1728 5184 576 4608 4032 1152 1152 5184 5760 3456 5760 5760 1944 1944 5832 648 5184 4536 1296 1296 5832 6480 3888 6480 6480 648 1944 216 1728 1512 432 432 1944 2160 1296 2160 2160 1944 216 1728 1512 432 432 1944 2160 1296 2160 2160 648 5184 4536 1296 1296 5832 6480 3888 6480 6480 576 504 144 144 648 720 432 720 720 4032 1152 1152 4771 5760 3456 5760 5760 1008 1008 4536 5040 3024 5040 5040 288 1296 1440 864 1440 1440 1296 1440 864 1440 1440 6480 3888 6480 6480 4320 7200 7200 4320 4320 7200 
5760 1920 1920 5760 640 5120 4480 1280 1280 5760 6400 3840 6400 6400 2160 2160 6480 720 5760 5040 1440 1440 6480 7200 4320 7200 7200 720 2160 240 1920 1680 480 480 2160 2400 1440 2400 2400 2160 240 1920 1680 480 480 2160 2400 1440 2400 2400 720 5760 5040 1440 1440 6480 7200 4320 7200 7200 640 560 160 160 720 800 480 800 800 4480 1280 1280 5760 7878 3840 6400 6400 1120 1120 5040 5600 3360 5600 5600 320 1440 1600 960 1600 1600 1440 1600 960 1600 1600 7200 4320 7200 7200 4800 8000 8000 4800 4800 8000 
3456 1152 1152 3456 384 3072 2688 768 768 3456 3840 2304 3840 3840 1296 1296 3888 432 3456 3024 864 864 3888 4320 2592 4320 4320 432 1296 144 1152 1008 288 288 1296 1440 864 1440 1440 1296 144 1152 1008 288 288 1296 1440 864 1440 1440 432 3456 3024 864 864 3888 4320 2592 4320 4320 384 336 96 96 432 480 288 480 480 2688 768 768 3456 3840 635 3840 3840 672 672 3024 3360 2016 3360 3360 192 864 960 576 960 960 864 960 576 960 960 4320 2592 4320 4320 2880 4800 4800 2880 2880 4800 
5760 1920 1920 5760 640 5120 4480 1280 1280 5760 6400 3840 6400 6400 2160 2160 6480 720 5760 5040 1440 1440 6480 7200 4320 7200 7200 720 2160 240 1920 1680 480 480 2160 2400 1440 2400 2400 2160 240 1920 1680 480 480 2160 2400 1440 2400 2400 720 5760 5040 1440 1440 6480 7200 4320 7200 7200 640 560 160 160 720 800 480 800 800 4480 1280 1280 5760 6400 3840 4436 6400 1120 1120 5040 5600 3360 5600 5600 320 1440 1600 960 1600 1600 1440 1600 960 1600 1600 7200 4320 7200 7200 4800 8000 8000 4800 4800 8000 
5760 1920 1920 5760 640 5120 4480 1280 1280 5760 6400 3840 6400 6400 2160 2160 6480 720 5760 5040 1440 1440 6480 7200 4320 7200 7200 720 2160 240 1920 1680 480 480 2160 2400 1440 2400 2400 2160 240 1920 1680 480 480 2160 2400 1440 2400 2400 720 5760 5040 1440 1440 6480 7200 4320 7200 7200 640 560 160 160 720 800 480 800 800 4480 1280 1280 5760 6400 3840 6400 3825 1120 1120 5040 5600 3360 5600 5600 320 1440 1600 960 1600 1600 1440 1600 960 1600 1600 7200 4320 7200 7200 4800 8000 8000 4800 4800 8000 
1008 336 336 1008 112 896 784 224 224 1008 1120 672 1120 1120 378 378 1134 126 1008 882 252 252 1134 1260 756 1260 1260 126 378 42 336 294 84 84 378 420 252 420 420 378 42 336 294 84 84 378 420 252 420 420 126 1008 882 252 252 1134 1260 756 1260 1260 112 98 28 28 126 140 84 140 140 784 224 224 1008 1120 672 1120 1120 8641 196 882 980 588 980 980 56 252 280 168 280 280 252 280 168 280 280 1260 756 1260 1260 840 1400 1400 840 840 1400 
1008 336 336 1008 112 896 784 224 224 1008 1120 672 1120 1120 378 378 1134 126 1008 882 252 252 1134 1260 756 1260 1260 126 378 42 336 294 84 84 378 420 252 420 420 378 42 336 294 84 84 378 420 252 420 420 126 1008 882 252 252 1134 1260 756 1260 1260 112 98 28 28 126 140 84 140 140 784 224 224 1008 1120 672 1120 1120 196 1260 882 980 588 980 980 56 252 280 168 280 280 252 280 168 280 280 1260 756 1260 1260 840 1400 1400 840 840 1400 
4536 1512 1512 4536 504 4032 3528 1008 1008 4536 5040 3024 5040 5040 1701 1701 5103 567 4536 3969 1134 1134 5103 5670 3402 5670 5670 567 1701 189 1512 1323 378 378 1701 1890 1134 1890 1890 1701 189 1512 1323 378 378 1701 1890 1134 1890 1890 567 4536 3969 1134 1134 5103 5670 3402 5670 5670 504 441 126 126 567 630 378 630 630 3528 1008 1008 4536 5040 3024 5040 5040 882 882 3308 4410 2646 4410 4410 252 1134 1260 756 1260 1260 1134 1260 756 1260 1260 5670 3402 5670 5670 3780 6300 6300 3780 3780 6300 
5040 1680 1680 5040 560 4480 3920 1120 1120 5040 5600 3360 5600 5600 1890 1890 5670 630 5040 4410 1260 1260 5670 6300 3780 6300 6300 630 1890 210 1680 1470 420 420 1890 2100 1260 2100 2100 1890 210 1680 1470 420 420 1890 2100 1260 2100 2100 630 5040 4410 1260 1260 5670 6300 3780 6300 6300 560 490 140 140 630 700 420 700 700 3920 1120 1120 5040 5600 3360 5600 5600 980 980 4410 9271 2940 4900 4900 280 1260 1400 840 1400 1400 1260 1400 840 1400 1400 6300 3780 6300 6300 4200 7000 7000 4200 4200 7000 
3024 1008 1008 3024 336 2688 2352 672 672 3024 3360 2016 3360 3360 1134 1134 3402 378 3024 2646 756 756 3402 3780 2268 3780 3780 378 1134 126 1008 882 252 252 1134 1260 756 1260 1260 1134 126 1008 882 252 252 1134 1260 756 1260 1260 378 3024 2646 756 756 3402 3780 2268 3780 3780 336 294 84 84 378 420 252 420 420 2352 672 672 3024 3360 2016 3360 3360 588 588 2646 2940 1061 2940 2940 168 756 840 504 840 840 756 840 504 840 840 3780 2268 3780 3780 2520 4200 4200 2520 2520 4200 
5040 1680 1680 5040 560 4480 3920 1120 1120 5040 5600 3360 5600 5600 1890 1890 5670 630 5040 4410 1260 1260 5670 6300 3780 6300 6300 630 1890 210 1680 1470 420 420 1890 2100 1260 2100 2100 1890 210 1680 1470 420 420 1890 2100 1260 2100 2100 630 5040 4410 1260 1260 5670 6300 3780 6300 6300 560 490 140 140 630 700 420 700 700 3920 1120 1120 5040 5600 3360 5600 5600 980 980 4410 4900 2940 1822 4900 280 1260 1400 840 1400 1400 1260 1400 840 1400 1400 6300 3780 6300 6300 4200 7000 7000 4200 4200 7000 
5040 1680 1680 5040 560 4480 3920 1120 1120 5040 5600 3360 5600 5600 1890 1890 5670 630 5040 4410 1260 1260 5670 6300 3780 6300 6300 630 1890 210 1680 1470 420 420 1890 2100 1260 2100 2100 1890 210 1680 1470 420 420 1890 2100 1260 2100 2100 630 5040 4410 1260 1260 5670 6300 3780 6300 6300 560 490 140 140 630 700 420 700 700 3920 1120 1120 5040 5600 3360 5600 5600 980 980 4410 4900 2940 4900 6041 280 1260 1400 840 1400 1400 1260 1400 840 1400 1400 6300 3780 6300 6300 4200 7000 7000 4200 4200 7000 
288 96 96 288 32 256 224 64 64 288 320 192 320 320 108 108 324 36 288 252 72 72 324 360 216 360 360 36 108 12 96 84 24 24 108 120 72 120 120 108 12 96 84 24 24 108 120 72 120 120 36 288 252 72 72 324 360 216 360 360 32 28 8 8 36 40 24 40 40 224 64 64 288 320 192 320 320 56 56 252 280 168 280 280 6019 72 80 48 80 80 72 80 48 80 80 360 216 360 360 240 400 400 240 240 400 
1296 432 432 1296 144 1152 1008 288 288 1296 1440 864 1440 1440 486 486 1458 162 1296 1134 324 324 1458 1620 972 1620 1620 162 486 54 432 378 108 108 486 540 324 540 540 486 54 432 378 108 108 486 540 324 540 540 162 1296 1134 324 324 1458 1620 972 1620 1620 144 126 36 36 162 180 108 180 180 1008 288 288 1296 1440 864 1440 1440 252 252 1134 1260 756 1260 1260 72 3496 360 216 360 360 324 360 216 360 360 1620 972 1620 1620 1080 1800 1800 1080 1080 1800 
1440 480 480 1440 160 1280 1120 320 320 1440 1600 960 1600 1600 540 540 1620 180 1440 1260 360 360 1620 1800 1080 1800 1800 180 540 60 480 420 120 120 540 600 360 600 600 540 60 480 420 120 120 540 600 360 600 600 180 1440 1260 360 360 1620 1800 1080 1800 1800 160 140 40 40 180 200 120 200 200 1120 320 320 1440 1600 960 1600 1600 280 280 1260 1400 840 1400 1400 80 360 4814 240 400 400 360 400 240 400 400 1800 1080 1800 1800 1200 2000 2000 1200 1200 2000 
864 288 288 864 96 768 672 192 192 864 960 576 960 960 324 324 972 108 864 756 216 216 972 1080 648 1080 1080 108 324 36 288 252 72 72 324 360 216 360 360 324 36 288 252 72 72 324 360 216 360 360 108 864 756 216 216 972 1080 648 1080 1080 96 84 24 24 108 120 72 120 120 672 192 192 864 960 576 960 960 168 168 756 840 504 840 840 48 216 240 4198 240 240 216 240 144 240 240 1080 648 1080 1080 720 1200 1200 720 720 1200 
1440 480 480 1440 160 1280 1120 320 320 1440 1600 960 1600 1600 540 540 1620 180 1440 1260 360 360 1620 1800 1080 1800 1800 180 540 60 480 420 120 120 540 600 360 600 600 540 60 480 420 120 120 540 600 360 600 600 180 1440 1260 360 360 1620 1800 1080 1800 1800 160 140 40 40 180 200 120 200 200 1120 320 320 1440 1600 960 1600 1600 280 280 1260 1400 840 1400 1400 80 360 400 240 964 400 360 400 240 400 400 1800 1080 1800 1800 1200 2000 2000 1200 1200 2000 
1440 480 480 1440 160 1280 1120 320 320 1440 1600 960 1600 1600 540 540 1620 180 1440 1260 360 360 1620 1800 1080 1800 1800 180 540 60 480 420 120 120 540 600 360 600 600 540 60 480 420 120 120 540 600 360 600 600 180 1440 1260 360 360 1620 1800 1080 1800 1800 160 140 40 40 180 200 120 200 200 1120 320 320 1440 1600 960 1600 1600 280 280 1260 1400 840 1400 1400 80 360 400 240 400 2604 360 400 240 400 400 1800 1080 1800 1800 1200 2000 2000 1200 1200 2000 
1296 432 432 1296 144 1152 1008 288 288 1296 1440 864 1440 1440 486 486 1458 162 1296 1134 324 324 1458 1620 972 1620 1620 162 486 54 432 378 108 108 486 540 324 540 540 486 54 432 378 108 108 486 540 324 540 540 162 1296 1134 324 324 1458 1620 972 1620 1620 144 126 36 36 162 180 108 180 180 1008 288 288 1296 1440 864 1440 1440 252 252 1134 1260 756 1260 1260 72 324 360 216 360 360 9885 360 216 360 360 1620 972 1620 1620 1080 1800 1800 1080 1080 1800 
1440 480 480 1440 160 1280 1120 320 320 1440 1600 960 1600 1600 540 540 1620 180 1440 1260 360 360 1620 1800 1080 1800 1800 180 540 60 480 420 120 120 540 600 360 600 600 540 60 480 420 120 120 540 600 360 600 600 180 1440 1260 360 360 1620 1800 1080 1800 1800 160 140 40 40 180 200 120 200 200 1120 320 320 1440 1600 960 1600 1600 280 280 1260 1400 840 1400 1400 80 360 400 240 400 400 360 3776 240 400 400 1800 1080 1800 1800 1200 2000 2000 1200 1200 2000 
864 288 288 864 96 768 672 192 192 864 960 576 960 960 324 324 972 108 864 756 216 216 972 1080 648 1080 1080 108 324 36 288 252 72 72 324 360 216 360 360 324 36 288 252 72 72 324 360 216 360 360 108 864 756 216 216 972 1080 648 1080 1080 96 84 24 24 108 120 72 120 120 672 192 192 864 960 576 960 960 168 168 756 840 504 840 840 48 216 240 144 240 240 216 240 8114 240 240 1080 648 1080 1080 720 1200 1200 720 720 1200 
1440 480 480 1440 160 1280 1120 320 320 1440 1600 960 1600 1600 540 540 1620 180 1440 1260 360 360 1620 1800 1080 1800 1800 180 540 60 480 420 120 120 540 600 360 600 600 540 60 480 420 120 120 540 600 360 600 600 180 1440 1260 360 360 1620 1800 1080 1800 1800 160 140 40 40 180 200 120 200 200 1120 320 320 1440 1600 960 1600 1600 280 280 1260 1400 840 1400 1400 80 360 400 240 400 400 360 400 240 1036 400 1800 1080 1800 1800 1200 2000 2000 1200 1200 2000 
1440 480 480 1440 160 1280 1120 320 320 1440 1600 960 1600 1600 540 540 1620 180 1440 1260 360 360 1620 1800 1080 1800 1800 180 540 60 480 420 120 120 540 600 360 600 600 540 60 480 420 120 120 540 600 360 600 600 180 1440 1260 360 360 1620 1800 1080 1800 1800 160 140 40 40 180 200 120 200 200 1120 320 320 1440 1600 960 1600 1600 280 280 1260 1400 840 1400 1400 80 360 400 240 400 400 360 400 240 400 4035 1800 1080 1800 1800 1200 2000 2000 1200 1200 2000 
6480 2160 2160 6480 720 5760 5040 1440 1440 6480 7200 4320 7200 7200 2430 2430 7290 810 6480 5670 1620 1620 7290 8100 4860 8100 8100 810 2430 270 2160 1890 540 540 2430 2700 1620 2700 2700 2430 270 2160 1890 540 540 2430 2700 1620 2700 2700 810 6480 5670 1620 1620 7290 8100 4860 8100 8100 720 630 180 180 810 900 540 900 900 5040 1440 1440 6480 7200 4320 7200 7200 1260 1260 5670 6300 3780 6300 6300 360 1620 1800 1080 1800 1800 1620 1800 1080 1800 1800 189 4860 8100 8100 5400 9000 9000 5400 5400 9000 
3888 1296 1296 3888 432 3456 3024 864 864 3888 4320 2592 4320 4320 1458 1458 4374 486 3888 3402 972 972 4374 4860 2916 4860 4860 486 1458 162 1296 1134 324 324 1458 1620 972 1620 1620 1458 162 1296 1134 324 324 1458 1620 972 1620 1620 486 3888 3402 972 972 4374 4860 2916 4860 4860 432 378 108 108 486 540 324 540 540 3024 864 864 3888 4320 2592 4320 4320 756 756 3402 3780 2268 3780 3780 216 972 1080 648 1080 1080 972 1080 648 1080 1080 4860 60 4860 4860 3240 5400 5400 3240 3240 5400 
6480 2160 2160 6480 720 5760 5040 1440 1440 6480 7200 4320 7200 7200 2430 2430 7290 810 6480 5670 1620 1620 7290 8100 4860 8100 8100 810 2430 270 2160 1890 540 540 2430 2700 1620 2700 2700 2430 270 2160 1890 540 540 2430 2700 1620 2700 2700 810 6480 5670 1620 1620 7290 8100 4860 8100 8100 720 630 180 180 810 900 540 900 900 5040 1440 1440 6480 7200 4320 7200 7200 1260 1260 5670 6300 3780 6300 6300 360 1620 1800 1080 1800 1800 1620 1800 1080 1800 1800 8100 4860 3670 8100 5400 9000 9000 5400 5400 9000 
6480 2160 2160 6480 720 5760 5040 1440 1440 6480 7200 4320 7200 7200 2430 2430 7290 810 6480 5670 1620 1620 7290 8100 4860 8100 8100 810 2430 270 2160 1890 540 540 2430 2700 1620 2700 2700 2430 270 2160 1890 540 540 2430 2700 1620 2700 2700 810 6480 5670 1620 1620 7290 8100 4860 8100 8100 720 630 180 180 810 900 540 900 900 5040 1440 1440 6480 7200 4320 7200 7200 1260 1260 5670 6300 3780 6300 6300 360 1620 1800 1080 1800 1800 1620 1800 1080 1800 1800 8100 4860 8100 2742 5400 9000 9000 5400 5400 9000 
4320 1440 1440 4320 480 3840 3360 960 960 4320 4800 2880 4800 4800 1620 1620 4860 540 4320 3780 1080 1080 4860 5400 3240 5400 5400 540 1620 180 1440 1260 360 360 1620 1800 1080 1800 1800 1620 180 1440 1260 360 360 1620 1800 1080 1800 1800 540 4320 3780 1080 1080 4860 5400 3240 5400 5400 480 420 120 120 540 600 360 600 600 3360 960 960 4320 4800 2880 4800 4800 840 840 3780 4200 2520 4200 4200 240 1080 1200 720 1200 1200 1080 1200 720 1200 1200 5400 3240 5400 5400 8142 6000 6000 3600 3600 6000 
7200 2400 2400 7200 800 6400 5600 1600 1600 7200 8000 4800 8000 8000 2700 2700 8100 900 7200 6300 1800 1800 8100 9000 5400 9000 9000 900 2700 300 2400 2100 600 600 2700 3000 1800 3000 3000 2700 300 2400 2100 600 600 2700 3000 1800 3000 3000 900 7200 6300 1800 1800 8100 9000 5400 9000 9000 800 700 200 200 900 1000 600 1000 1000 5600 1600 1600 7200 8000 4800 8000 8000 1400 1400 6300 7000 4200 7000 7000 400 1800 2000 1200 2000 2000 1800 2000 1200 2000 2000 9000 5400 9000 9000 6000 1378 10000 6000 6000 10000 
7200 2400 2400 7200 800 6400 5600 1600 1600 7200 8000 4800 8000 8000 2700 2700 8100 900 7200 6300 1800 1800 8100 9000 5400 9000 9000 900 2700 300 2400 2100 600 600 2700 3000 1800 3000 3000 2700 300 2400 2100 600 600 2700 3000 1800 3000 3000 900 7200 6300 1800 1800 8100 9000 5400 9000 9000 800 700 200 200 900 1000 600 1000 1000 5600 1600 1600 7200 8000 4800 8000 8000 1400 1400 6300 7000 4200 7000 7000 400 1800 2000 1200 2000 2000 1800 2000 1200 2000 2000 9000 5400 9000 9000 6000 10000 3439 6000 6000 10000 
4320 1440 1440 4320 480 3840 3360 960 960 4320 4800 2880 4800 4800 1620 1620 4860 540 4320 3780 1080 1080 4860 5400 3240 5400 5400 540 1620 180 1440 1260 360 360 1620 1800 1080 1800 1800 1620 180 1440 1260 360 360 1620 1800 1080 1800 1800 540 4320 3780 1080 1080 4860 5400 3240 5400 5400 480 420 120 120 540 600 360 600 600 3360 960 960 4320 4800 2880 4800 4800 840 840 3780 4200 2520 4200 4200 240 1080 1200 720 1200 1200 1080 1200 720 1200 1200 5400 3240 5400 5400 3600 6000 6000 7018 3600 6000 
4320 1440 1440 4320 480 3840 3360 960 960 4320 4800 2880 4800 4800 1620 1620 4860 540 4320 3780 1080 1080 4860 5400 3240 5400 5400 540 1620 180 1440 1260 360 360 1620 1800 1080 1800 1800 1620 180 1440 1260 360 360 1620 1800 1080 1800 1800 540 4320 3780 1080 1080 4860 5400 3240 5400 5400 480 420 120 120 540 600 360 600 600 3360 960 960 4320 4800 2880 4800 4800 840 840 3780 4200 2520 4200 4200 240 1080 1200 720 1200 1200 1080 1200 720 1200 1200 5400 3240 5400 5400 3600 6000 6000 3600 5841 6000 
7200 2400 2400 7200 800 6400 5600 1600 1600 7200 8000 4800 8000 8000 2700 2700 8100 900 7200 6300 1800 1800 8100 9000 5400 9000 9000 900 2700 300 2400 2100 600 600 2700 3000 1800 3000 3000 2700 300 2400 2100 600 600 2700 3000 1800 3000 3000 900 7200 6300 1800 1800 8100 9000 5400 9000 9000 800 700 200 200 900 1000 600 1000 1000 5600 1600 1600 7200 8000 4800 8000 8000 1400 1400 6300 7000 4200 7000 7000 400 1800 2000 1200 2000 2000 1800 2000 1200 2000 2000 9000 5400 9000 9000 6000 10000 10000 6000 6000 8213 
