55 11
31 5 18 8 11 9 15 15 2 18 3 17 20 3 6 20 1 15 8 14 12 2 13 20 0 5 13 16 4 10 19 13 6 20 1 3 6 10 17 2 10 8 11 1 2 3 3 11 9 3 9 6 20 15 10 
5 37 9 14 19 4 11 5 5 10 15 9 2 15 20 12 9 0 13 3 5 8 15 18 8 1 9 18 10 5 7 16 13 19 9 5 15 0 17 1 5 14 18 16 2 20 15 10 13 16 9 17 1 8 9 
18 9 20 20 13 9 5 20 3 2 4 14 17 19 9 20 6 4 11 15 17 13 20 20 15 4 20 2 9 6 15 17 4 17 17 7 5 3 12 10 13 0 17 1 14 10 4 13 5 18 3 6 0 2 15 
8 14 20 54 1 4 19 7 18 20 3 0 11 12 0 3 4 10 20 5 9 4 20 17 5 3 10 19 13 20 18 13 9 15 1 8 13 12 20 17 0 17 9 12 7 17 1 16 0 11 16 14 18 12 1 
11 19 13 1 13 2 13 12 15 19 9 10 5 12 7 9 17 0 14 2 7 18 9 7 12 19 14 16 16 10 20 2 18 13 14 8 3 16 1 1 12 10 12 1 13 19 8 17 17 0 4 9 7 19 12 
9 4 9 4 2 82 9 20 11 14 16 1 20 12 18 5 3 5 14 13 3 9 0 11 10 16 1 9 18 8 15 19 0 17 12 1 19 20 0 8 14 7 20 1 9 17 13 7 9 19 15 4 20 3 15 
15 11 5 19 13 9 18 9 3 17 17 15 18 3 4 2 20 2 20 9 8 6 4 15 3 19 6 20 14 16 2 17 3 3 14 3 4 4 17 1 18 2 18 20 5 2 7 12 20 10 12 4 13 18 12 
15 5 20 7 12 20 9 96 9 15 16 10 15 6 15 10 10 12 6 14 2 10 5 7 6 14 3 14 2 18 2 4 10 10 19 4 14 18 10 3 6 13 10 20 8 2 9 13 8 17 19 7 2 18 10 
2 5 3 18 15 11 3 9 77 11 16 13 7 11 5 2 6 4 5 1 8 12 11 9 14 0 19 10 4 17 8 8 9 5 9 6 7 9 2 20 7 15 18 8 9 20 19 5 13 5 18 3 3 18 15 
18 10 2 20 19 14 17 15 11 33 0 16 3 10 1 9 5 3 5 18 4 6 8 8 16 4 20 2 19 6 4 18 11 1 15 13 13 17 9 11 3 5 1 4 12 11 4 8 15 6 7 9 6 17 17 
3 15 4 3 9 16 17 16 16 0 41 4 3 3 13 1 5 13 16 7 7 7 10 14 10 6 1 18 16 15 18 20 13 13 4 7 19 3 18 1 3 0 7 11 18 6 8 7 14 7 2 14 8 10 17 
17 9 14 0 10 1 15 10 13 16 4 93 20 6 11 0 17 13 5 18 7 6 7 8 5 2 13 5 8 9 3 14 9 14 14 12 19 15 15 9 20 3 10 19 15 18 11 11 6 16 16 13 17 17 15 
20 2 17 11 5 20 18 15 7 3 3 20 37 9 1 3 11 10 12 16 10 12 12 4 0 6 19 11 11 8 12 18 8 10 18 16 17 10 6 12 3 12 19 0 19 12 18 0 4 6 8 2 8 17 4 
3 15 19 12 12 12 3 6 11 10 3 6 9 15 0 14 0 0 15 0 12 9 17 0 7 1 9 9 13 9 12 17 1 20 2 20 16 17 20 12 2 19 12 19 14 16 3 19 14 14 10 9 19 14 16 
6 20 9 0 7 18 4 15 5 1 13 11 1 0 69 6 12 7 4 20 18 10 13 15 7 1 6 15 2 1 16 1 15 9 10 4 13 8 16 13 2 13 16 2 7 20 7 19 4 8 18 2 6 1 2 
20 12 20 3 9 5 2 10 2 9 1 0 3 14 6 31 8 6 16 4 7 19 3 0 13 20 14 6 17 5 11 9 11 6 16 9 0 0 11 19 1 4 18 2 18 1 18 9 13 16 11 11 3 5 14 
1 9 6 4 17 3 20 10 6 5 5 17 11 0 12 8 100 0 18 5 8 20 5 3 7 3 2 17 2 1 11 6 8 16 4 10 13 15 19 3 2 0 11 20 4 18 16 16 12 4 10 0 3 6 4 
15 0 4 10 0 5 2 12 4 3 13 13 10 0 7 6 0 72 8 4 17 12 8 9 2 7 14 3 4 7 20 9 13 15 0 8 7 15 17 7 8 20 20 12 15 18 19 14 7 8 2 7 13 10 18 
8 13 11 20 14 14 20 6 5 5 16 5 12 15 4 16 18 8 99 12 11 5 14 7 6 14 18 20 15 1 10 1 7 10 3 8 4 7 4 5 9 11 17 6 9 1 3 0 8 16 8 15 8 15 0 
14 3 15 5 2 13 9 14 1 18 7 18 16 0 20 4 5 4 12 25 10 17 17 17 4 5 16 1 16 12 13 0 3 15 16 11 9 4 6 18 8 13 2 2 0 14 2 17 20 6 14 11 11 7 3 
12 5 17 9 7 3 8 2 8 4 7 7 10 12 18 7 8 17 11 10 2 7 10 11 11 1 10 1 10 20 3 2 17 16 2 8 8 16 1 0 17 7 11 3 4 19 7 6 0 10 17 3 13 8 13 
2 8 13 4 18 9 6 10 12 6 7 6 12 9 10 19 20 12 5 17 7 23 14 20 3 7 5 17 20 10 19 13 12 9 5 8 17 1 20 13 16 19 20 4 17 8 7 18 4 0 6 10 2 18 8 
13 15 20 20 9 0 4 5 11 8 10 7 12 17 13 3 5 8 14 17 10 14 14 18 13 18 3 18 3 20 17 20 15 20 1 8 19 10 1 18 10 3 0 10 20 4 19 4 0 12 13 8 8 1 2 
20 18 20 17 7 11 15 7 9 8 14 8 4 0 15 0 3 9 7 17 11 20 18 43 8 1 19 1 10 2 7 19 11 12 10 4 19 16 1 15 4 4 17 17 18 17 12 19 19 6 18 14 18 19 3 
0 8 15 5 12 10 3 6 14 16 10 5 0 7 7 13 7 2 6 4 11 3 13 8 2 8 20 15 0 13 6 17 13 0 7 3 2 6 20 13 17 18 12 7 7 17 0 14 17 18 12 7 15 18 5 
5 1 4 3 19 16 19 14 0 4 6 2 6 1 1 20 3 7 14 5 1 7 18 1 8 3 16 5 18 15 4 13 13 12 12 0 15 6 5 18 16 7 4 19 9 5 19 8 2 14 8 20 12 0 7 
13 9 20 10 14 1 6 3 19 20 1 13 19 9 6 14 2 14 18 16 10 5 3 19 20 16 62 13 9 16 2 5 7 9 7 11 19 5 14 6 4 15 5 6 12 17 10 11 14 12 13 10 19 5 12 
16 18 2 19 16 9 20 14 10 2 18 5 11 9 15 6 17 3 20 1 1 17 18 1 15 5 13 42 12 1 0 11 0 15 17 20 13 15 5 10 14 0 13 5 15 14 15 2 14 13 20 12 4 4 2 
4 10 9 13 16 18 14 2 4 19 16 8 11 13 2 17 2 4 15 16 10 20 3 10 0 18 9 12 6 0 7 12 4 14 11 20 2 20 3 5 8 6 10 19 5 11 9 20 4 7 12 16 5 9 2 
10 5 6 20 10 8 16 18 17 6 15 9 8 9 1 5 1 7 1 12 20 10 20 2 13 15 16 1 0 74 19 13 20 18 13 17 0 1 19 15 1 16 6 17 17 14 10 16 19 14 5 10 19 0 1 
19 7 15 18 20 15 2 2 8 4 18 3 12 12 16 11 11 20 10 13 3 19 17 7 6 4 2 0 7 19 96 5 8 20 3 0 7 12 11 4 5 12 5 20 4 3 2 7 2 5 20 10 6 1 12 
13 16 17 13 2 19 17 4 8 18 20 14 18 17 1 9 6 9 1 0 2 13 20 19 17 13 5 11 12 13 5 7 17 17 5 11 12 2 3 8 13 4 17 14 18 10 19 4 5 17 6 15 1 2 8 
6 13 4 9 18 0 3 10 9 11 13 9 8 1 15 11 8 13 7 3 17 12 15 11 13 13 7 0 4 20 8 17 8 9 8 20 12 13 0 18 13 19 10 8 16 8 17 14 12 5 3 3 20 11 18 
20 19 17 15 13 17 3 10 5 1 13 14 10 20 9 6 16 15 10 15 16 9 20 12 0 12 9 15 14 18 20 17 9 18 1 11 8 1 0 7 3 13 3 8 1 8 0 0 18 10 19 15 13 12 18 
1 9 17 1 14 12 14 19 9 15 4 14 18 2 10 16 4 0 3 16 2 5 1 10 7 12 7 17 11 13 3 5 8 1 83 15 9 9 5 0 1 7 6 2 13 10 4 3 20 10 20 2 16 8 3 
3 5 7 8 8 1 3 4 6 13 7 12 16 20 4 9 10 8 8 11 8 8 8 4 3 0 11 20 20 17 0 11 20 11 15 94 10 9 14 15 5 20 17 2 16 7 19 18 15 11 18 19 10 14 5 
6 15 5 13 3 19 4 14 7 13 19 19 17 16 13 0 13 7 4 9 8 17 19 19 2 15 19 13 2 0 7 12 12 8 9 10 40 14 0 13 10 14 0 20 11 16 2 17 5 12 6 3 14 17 0 
10 0 3 12 16 20 4 18 9 17 3 15 10 17 8 0 15 15 7 4 16 1 10 16 6 6 5 15 20 1 12 2 13 1 9 9 14 24 0 11 10 20 9 15 13 2 16 10 12 20 18 1 15 10 19 
17 17 12 20 1 0 17 10 2 9 18 15 6 20 16 11 19 17 4 6 1 20 1 1 20 5 14 5 3 19 11 3 0 0 5 14 0 0 70 13 2 3 10 10 9 8 9 8 12 3 1 9 10 0 2 
2 1 10 17 1 8 1 3 20 11 1 9 12 12 13 19 3 7 5 18 0 13 18 15 13 18 6 10 5 15 4 8 18 7 0 15 13 11 13 27 5 17 13 9 1 3 4 14 5 1 9 0 19 7 15 
10 5 13 0 12 14 18 6 7 3 3 20 3 2 2 1 2 8 9 8 17 16 10 4 17 16 4 14 8 1 5 13 13 3 1 5 10 10 2 5 0 13 20 14 13 10 11 11 3 7 4 14 18 4 11 
8 14 0 17 10 7 2 13 15 5 0 3 12 19 13 4 0 20 11 13 7 19 3 4 18 7 15 0 6 16 12 4 19 13 7 20 14 20 3 17 13 45 14 14 13 3 15 9 11 18 15 16 14 17 17 
11 18 17 9 12 20 18 10 18 1 7 10 19 12 16 18 11 20 17 2 11 20 0 17 12 4 5 13 10 6 5 17 10 3 6 17 0 9 10 13 20 14 92 5 7 19 9 18 8 12 7 11 12 6 11 
1 16 1 12 1 1 20 20 8 4 11 19 0 19 2 2 20 12 6 2 3 4 10 17 7 19 6 5 19 17 20 14 8 8 2 2 20 15 10 9 14 14 5 85 14 2 10 3 2 18 12 20 13 7 19 
2 2 14 7 13 9 5 8 9 12 18 15 19 14 7 18 4 15 9 0 4 17 20 18 7 9 12 15 5 17 4 18 16 1 13 16 11 13 9 1 13 13 7 14 24 3 1 6 8 6 3 8 2 18 17 
3 20 10 17 19 17 2 2 20 11 6 18 12 16 20 1 18 18 1 14 19 8 4 17 17 5 17 14 11 14 3 10 8 8 10 7 16 2 8 3 10 3 19 2 3 51 14 4 4 20 15 18 20 10 13 
3 15 4 1 8 13 7 9 19 4 8 11 18 3 7 18 16 19 3 2 7 7 19 12 0 19 10 15 9 10 2 19 17 0 4 19 2 16 9 4 11 15 9 10 1 14 10 11 18 20 10 3 20 16 6 
11 10 13 16 17 7 12 13 5 8 7 11 0 19 19 9 16 14 0 17 6 18 4 19 14 8 11 2 20 16 7 4 14 0 3 18 17 10 8 14 11 9 18 3 6 4 11 82 3 9 17 6 2 6 11 
9 13 5 0 17 9 20 8 13 15 14 6 4 14 4 13 12 7 8 20 0 4 0 19 17 2 14 14 4 19 2 5 12 18 20 15 5 12 12 5 3 11 8 2 8 4 18 3 42 4 2 12 6 15 3 
3 16 18 11 0 19 10 17 5 6 7 16 6 14 8 16 4 8 16 6 10 0 12 6 18 14 12 13 7 14 5 17 5 10 10 11 12 20 3 1 7 18 12 18 6 20 20 9 4 5 3 14 1 5 13 
9 9 3 16 4 15 12 19 18 7 2 16 8 10 18 11 10 2 8 14 17 6 13 18 12 8 13 20 12 5 20 6 3 19 20 18 6 18 1 9 4 15 7 12 3 15 10 17 2 3 67 11 11 9 10 
6 17 6 14 9 4 4 7 3 9 14 13 2 9 2 11 0 7 15 11 3 10 8 14 7 20 10 12 16 10 10 15 3 15 2 19 3 1 9 0 14 16 11 20 8 18 3 6 12 14 11 52 4 0 11 
20 1 0 18 7 20 13 2 3 6 8 17 8 19 6 3 3 13 8 11 13 2 8 18 15 12 19 4 5 19 6 1 20 13 16 10 14 15 10 19 18 14 12 13 2 20 20 2 6 1 11 4 48 1 5 
15 8 2 12 19 3 18 18 18 17 10 17 17 14 1 5 6 10 15 7 8 18 1 19 18 0 5 4 9 0 1 2 11 12 8 14 17 10 0 7 4 17 6 7 18 10 16 6 15 5 9 0 1 79 11 
10 9 15 1 12 15 12 10 15 17 17 15 4 16 2 14 4 18 0 3 13 8 2 3 5 7 12 2 2 1 12 8 18 18 3 5 0 19 2 15 11 17 11 19 17 13 6 11 3 13 10 11 5 11 90 
