36 9
51 13 15 26 25 20 34 31 14 15 21 0 6 23 8 2 25 13 7 31 17 12 14 12 20 23 26 21 46 26 20 35 31 29 26 35 
13 29 13 15 14 11 22 22 25 28 25 12 19 22 13 15 21 0 6 23 8 10 12 16 10 20 16 12 38 13 10 23 22 17 19 22 
15 13 30 28 15 9 34 18 29 25 34 15 19 34 7 14 34 13 12 36 8 21 0 6 23 8 28 25 51 23 9 34 18 30 12 31 
26 15 28 43 21 22 9 29 34 40 25 25 31 17 28 28 14 14 20 10 20 15 27 31 6 33 0 6 23 8 21 9 29 3 29 13 
25 14 15 21 1 6 23 8 39 39 39 25 31 34 21 26 32 14 19 31 8 24 15 21 20 16 21 21 43 13 6 23 8 21 9 17 
20 11 9 22 6 12 26 11 34 33 36 20 25 32 14 20 32 11 14 32 2 21 8 15 19 11 23 21 46 16 0 27 11 23 8 22 
34 22 34 9 23 26 47 30 43 49 33 34 40 25 35 37 21 22 28 14 25 24 33 38 15 38 8 15 21 10 25 0 29 6 32 8 
31 22 18 29 8 11 30 16 46 43 47 31 36 43 25 32 41 22 26 40 14 32 18 24 28 15 30 30 51 21 11 30 0 29 6 23 
14 25 29 34 39 34 43 46 26 13 15 14 11 22 22 15 26 25 20 34 31 19 29 25 28 37 34 28 49 37 34 43 46 37 41 46 
15 28 25 40 39 33 49 43 13 30 28 15 9 34 18 13 36 28 22 44 31 26 25 20 34 31 41 35 59 41 33 50 44 43 38 50 
21 25 34 25 39 36 33 47 15 28 52 21 22 9 29 23 13 24 22 22 33 15 34 34 21 43 25 20 34 31 35 34 47 28 44 39 
0 12 15 25 25 20 34 31 14 15 21 51 6 23 8 3 24 13 6 30 17 12 15 13 19 23 26 20 46 26 20 34 31 28 26 35 
6 19 19 31 31 25 40 36 11 9 22 6 40 26 11 4 29 19 13 35 23 17 19 15 25 26 32 26 51 32 25 41 36 34 31 41 
23 22 34 17 34 32 25 43 22 34 9 23 26 69 30 26 4 21 21 13 30 12 33 34 15 42 17 13 26 24 32 25 42 20 41 31 
8 13 7 28 21 14 35 25 22 18 29 8 11 30 63 7 31 13 9 35 13 18 7 4 22 15 29 24 51 26 15 36 25 30 20 34 
2 15 14 28 26 20 37 32 15 13 23 3 4 26 7 26 28 15 9 34 18 15 14 11 22 22 29 23 49 28 21 37 32 31 26 37 
25 21 34 14 32 32 21 41 26 36 13 24 29 4 31 28 31 21 22 9 29 13 33 35 12 41 14 11 22 22 31 21 41 16 40 28 
13 0 13 14 14 11 22 22 25 28 24 13 19 21 13 15 21 29 6 23 8 9 13 16 9 20 15 11 38 13 11 22 22 17 19 22 
7 6 12 20 19 14 28 26 20 22 22 6 13 21 9 9 22 6 22 26 11 9 12 13 14 20 20 15 42 19 14 28 26 22 22 28 
31 23 36 10 31 32 14 40 34 44 22 30 35 13 35 34 9 23 26 45 30 18 36 39 13 43 10 11 15 18 31 14 39 11 39 22 
17 8 8 20 8 2 25 14 31 31 33 17 23 30 13 18 29 8 11 30 44 18 7 13 17 13 21 19 44 15 2 26 14 22 11 22 
12 10 21 15 24 21 24 32 19 26 15 12 17 12 18 15 13 9 9 18 18 56 21 22 9 29 15 9 34 18 20 24 32 18 29 27 
14 12 0 27 15 8 33 18 29 25 34 15 19 33 7 14 33 13 12 36 7 21 31 6 23 8 28 24 51 23 9 34 18 29 12 30 
12 16 6 31 21 15 38 24 25 20 34 13 15 34 4 11 35 16 13 39 13 22 6 18 26 11 32 28 54 28 15 39 24 34 18 36 
20 10 23 6 20 19 15 28 28 34 21 19 25 15 22 22 12 9 14 13 17 9 23 26 68 30 6 2 28 10 19 15 28 9 27 18 
23 20 8 33 16 11 38 15 37 31 43 23 26 42 15 22 41 20 20 43 13 29 8 11 30 36 34 32 57 28 12 39 15 35 9 34 
26 16 28 0 21 23 8 30 34 41 25 26 32 17 29 29 14 15 20 10 21 15 28 32 6 34 42 6 23 8 22 9 29 2 30 13 
21 12 25 6 21 21 15 30 28 35 20 20 26 13 24 23 11 11 15 11 19 9 24 28 2 32 6 44 26 11 21 15 30 9 29 19 
46 38 51 23 43 46 21 51 49 59 34 46 51 26 51 49 22 38 42 15 44 34 51 54 28 57 23 26 18 30 45 21 51 22 52 29 
26 13 23 8 13 16 10 21 37 41 31 26 32 24 26 28 22 13 19 18 15 18 23 28 10 28 8 11 30 59 15 10 21 8 22 9 
20 10 9 21 6 0 25 11 34 33 35 20 25 32 15 21 31 11 14 31 2 20 9 15 19 12 22 21 45 15 13 26 11 23 8 22 
35 23 34 9 23 27 0 30 43 50 34 34 41 25 36 37 21 22 28 14 26 24 34 39 15 39 9 15 21 10 26 46 30 6 32 8 
31 22 18 29 8 11 29 0 46 44 47 31 36 42 25 32 41 22 26 39 14 32 18 24 28 15 29 30 51 21 11 30 17 29 6 23 
29 17 30 3 21 23 6 29 37 43 28 28 34 20 30 31 16 17 22 11 22 18 29 34 9 35 2 9 22 8 23 6 29 53 30 11 
26 19 12 29 9 8 32 6 41 38 44 26 31 41 20 26 40 19 22 39 11 29 12 18 27 9 30 29 52 22 8 32 6 30 23 26 
35 22 31 13 17 22 8 23 46 50 39 35 41 31 34 37 28 22 28 22 22 27 30 36 18 34 13 19 29 9 22 8 23 11 26 60 
