21 7
2 8 5 0 0 2 16 8 3 8 1 5 4 13 7 7 14 10 20 20 15 
8 57 17 17 14 12 13 2 1 5 9 11 17 13 7 3 0 14 9 9 10 
5 17 55 9 10 8 5 9 15 14 5 14 3 16 15 1 5 17 13 20 15 
0 17 9 18 19 7 0 6 0 13 18 13 7 19 10 0 15 1 4 11 15 
0 14 10 19 65 16 10 12 3 14 8 7 8 9 12 8 6 8 12 5 9 
2 12 8 7 16 83 6 2 16 2 9 2 19 15 0 20 9 11 14 12 10 
16 13 5 0 10 6 63 20 9 3 3 0 11 19 9 6 1 4 14 5 16 
8 2 9 6 12 2 20 37 18 0 5 2 13 16 10 17 18 10 3 7 16 
3 1 15 0 3 16 9 18 44 9 11 1 9 4 12 14 13 5 4 3 0 
8 5 14 13 14 2 3 0 9 95 15 13 11 1 12 4 3 4 6 0 19 
1 9 5 18 8 9 3 5 11 15 32 4 17 4 15 19 9 18 7 2 3 
5 11 14 13 7 2 0 2 1 13 4 23 3 14 15 13 12 15 20 13 1 
4 17 3 7 8 19 11 13 9 11 17 3 66 12 19 8 6 19 18 12 5 
13 13 16 19 9 15 19 16 4 1 4 14 12 67 16 20 1 8 20 15 3 
7 7 15 10 12 0 9 10 12 12 15 15 19 16 38 20 17 14 0 20 15 
7 3 1 0 8 20 6 17 14 4 19 13 8 20 20 11 7 12 6 9 2 
14 0 5 15 6 9 1 18 13 3 9 12 6 1 17 7 79 7 12 17 15 
10 14 17 1 8 11 4 10 5 4 18 15 19 8 14 12 7 28 17 20 1 
20 9 13 4 12 14 14 3 4 6 7 20 18 20 0 6 12 17 61 13 8 
20 9 20 11 5 12 5 7 3 0 2 13 12 15 20 9 17 20 13 40 10 
15 10 15 15 9 10 16 16 0 19 3 1 5 3 15 2 15 1 8 10 96 
