153 18
51 13 15 26 25 20 34 31 17 29 12 10 6 2 28 31 30 14 15 21 0 6 23 8 18 14 35 18 20 24 14 12 10 2 25 13 7 31 17 18 22 26 13 8 14 22 17 21 12 14 12 20 23 5 14 21 4 13 12 13 25 15 26 21 46 26 33 38 34 26 16 23 38 22 36 20 35 31 18 29 13 11 6 3 29 31 30 29 26 12 23 16 5 5 4 22 27 24 35 38 45 34 31 21 26 45 31 44 18 31 4 13 14 7 31 39 34 29 31 20 12 19 29 15 27 25 22 12 17 37 29 37 30 29 35 26 5 20 12 18 22 13 20 18 12 17 11 17 10 13 28 37 32 
13 29 13 15 14 11 22 22 7 16 21 3 10 10 15 24 17 25 28 25 12 19 22 13 26 15 46 29 32 36 16 18 10 15 21 0 6 23 8 18 14 35 18 20 24 14 12 10 10 12 16 10 20 12 1 33 17 25 25 1 25 4 16 12 38 13 29 29 37 24 18 25 29 9 26 10 23 22 8 16 21 4 9 10 16 23 17 17 19 7 10 26 9 16 16 9 22 11 22 31 35 34 25 16 23 35 18 33 5 18 15 5 14 10 18 32 21 22 38 22 20 26 22 5 18 28 16 9 16 26 17 25 39 40 45 28 18 23 23 27 16 10 12 30 9 20 4 16 15 10 16 25 21 
15 13 30 28 15 9 34 18 21 25 27 15 8 15 25 17 24 29 25 34 15 19 34 7 33 26 50 33 32 38 26 9 21 14 34 13 12 36 8 30 27 41 26 22 29 27 3 23 21 0 6 23 8 18 14 35 18 20 24 14 12 10 28 25 51 23 41 42 47 36 29 36 42 18 39 9 34 18 21 26 28 15 8 15 26 17 24 30 12 19 21 31 15 12 18 21 12 19 31 44 47 46 38 29 36 47 26 44 15 24 19 8 2 7 23 24 24 35 46 33 27 34 35 9 31 38 29 20 27 38 19 36 45 43 49 39 18 33 26 33 29 3 25 31 21 7 15 28 7 22 19 36 20 
26 15 28 43 21 22 9 29 8 9 28 15 25 23 8 33 14 34 40 25 25 31 17 28 31 18 52 36 43 44 18 34 17 28 14 14 20 10 20 19 5 40 23 30 31 6 26 4 15 27 31 6 33 23 14 43 30 39 38 14 39 17 0 6 23 8 18 14 35 18 20 24 14 12 10 21 9 29 8 9 27 15 25 22 8 33 14 3 29 14 8 34 21 30 28 7 34 13 13 17 19 29 13 11 17 19 14 18 12 17 26 19 29 25 17 41 22 9 39 22 27 29 10 18 4 26 9 14 16 11 20 12 43 47 50 27 31 23 33 34 10 25 6 41 15 35 15 16 31 14 20 11 25 
25 14 15 21 1 6 23 8 18 13 35 18 20 24 14 12 10 39 39 39 25 31 34 21 41 29 60 43 45 49 30 25 24 26 32 14 19 31 8 32 23 50 32 33 38 24 12 18 24 15 21 20 16 27 14 47 30 34 37 15 22 10 21 21 43 13 39 34 51 36 32 39 35 9 30 6 23 8 18 14 35 18 20 24 14 12 10 21 9 21 13 40 23 26 29 13 14 8 17 38 37 47 34 28 35 37 12 33 10 9 29 11 17 19 9 20 9 30 53 36 35 40 31 10 25 42 27 23 29 28 4 24 54 54 59 42 30 37 37 42 27 14 22 44 23 22 18 30 22 24 3 24 6 
20 11 9 22 6 12 26 11 17 17 31 14 14 19 17 13 15 34 33 36 20 25 32 14 37 26 55 38 39 44 27 18 21 20 32 11 14 32 2 30 23 45 28 28 33 24 5 18 21 8 15 19 11 22 11 41 24 28 31 12 17 6 23 21 46 16 39 36 48 35 29 36 37 10 32 0 27 11 18 18 31 15 14 19 18 12 16 23 8 18 14 35 18 20 24 14 12 10 22 40 40 45 34 27 34 41 17 37 9 15 24 6 11 13 14 21 15 31 49 33 30 36 31 5 26 39 26 20 27 31 10 28 49 49 54 40 25 34 32 37 27 8 21 38 20 16 15 27 16 21 10 28 12 
34 22 34 9 23 26 47 30 17 9 37 24 33 31 9 35 13 43 49 33 34 40 25 35 40 27 61 45 52 53 27 41 26 37 21 22 28 14 25 27 14 48 32 39 40 14 31 13 24 33 38 15 38 32 21 52 38 47 46 21 44 23 8 15 21 10 23 13 43 25 28 32 14 15 8 25 0 29 16 8 36 23 32 31 8 34 12 6 32 23 12 43 29 38 37 13 37 15 8 18 14 35 18 20 24 14 12 10 18 16 35 25 35 32 15 42 21 14 48 31 36 38 15 24 10 34 17 23 25 5 21 3 52 56 59 35 39 31 42 43 18 31 15 50 24 41 23 25 38 23 20 2 25 
31 22 18 29 8 11 30 16 27 21 42 26 25 30 21 5 16 46 43 47 31 36 43 25 48 37 67 49 50 55 38 27 32 32 41 22 26 40 14 40 32 57 40 39 45 32 15 27 32 18 24 28 15 33 22 53 35 38 42 23 19 17 30 30 51 21 47 42 59 45 40 47 43 17 38 11 30 0 27 22 42 26 25 30 22 4 17 29 6 29 21 47 30 30 35 22 10 16 23 47 44 56 43 36 43 45 18 40 18 14 35 18 20 24 14 12 10 39 60 44 42 48 39 17 34 50 35 31 37 36 9 31 61 61 66 50 36 45 43 49 36 18 30 49 31 23 26 38 25 32 9 31 5 
17 7 21 8 18 17 17 27 37 13 21 7 17 14 12 30 16 26 32 21 16 23 15 20 25 12 46 29 35 37 12 25 9 20 14 7 11 15 15 14 6 34 17 22 24 6 19 4 7 20 23 2 27 15 6 35 21 30 29 6 32 11 9 4 31 10 21 21 33 17 14 20 22 10 19 17 17 26 0 13 20 6 16 14 13 29 16 11 25 6 7 26 12 21 20 7 29 12 19 23 28 28 17 9 16 28 17 26 8 19 18 12 22 17 18 38 23 14 35 18 20 24 14 12 10 23 9 6 11 20 19 20 38 41 44 24 22 19 25 27 9 17 4 33 7 27 6 12 22 7 19 19 24 
29 16 25 9 13 17 9 21 13 29 34 18 26 26 0 26 5 39 44 33 28 35 26 28 38 25 59 43 48 50 26 33 22 31 24 15 22 19 17 27 14 47 30 35 37 15 22 10 20 24 30 12 29 27 15 48 33 41 41 15 35 15 9 13 30 2 28 21 44 27 27 32 22 7 16 16 9 20 13 0 34 18 25 26 1 25 4 8 23 19 6 40 24 32 32 6 28 6 6 26 23 38 23 20 26 23 4 20 10 8 30 17 27 25 7 33 13 18 48 31 33 37 19 16 13 35 18 20 24 14 12 10 51 54 58 36 34 31 38 41 19 23 14 46 20 33 18 24 30 20 11 11 17 
12 21 27 28 35 31 37 42 21 34 71 17 19 12 33 43 37 6 17 10 12 12 16 21 6 10 25 8 16 16 9 24 11 14 20 21 16 28 28 11 23 14 4 7 3 22 29 24 13 27 25 22 35 9 21 15 11 20 15 20 38 25 28 22 42 31 26 35 21 19 9 13 35 30 35 31 37 42 21 34 0 17 19 12 34 43 37 31 38 15 28 6 12 17 10 28 40 31 40 34 44 23 27 18 19 44 38 44 26 39 8 24 27 20 38 51 43 27 18 10 1 7 26 25 27 14 20 14 12 38 38 40 18 20 24 14 12 10 6 6 20 25 21 13 13 30 17 12 23 13 37 39 42 
10 3 15 15 18 14 24 26 7 18 17 36 10 8 18 27 20 21 25 21 10 16 19 13 22 11 42 25 29 32 12 18 6 13 19 3 4 22 11 15 13 31 14 16 20 13 15 11 6 14 17 10 23 9 4 30 15 23 23 3 27 8 16 11 37 16 26 28 34 21 14 21 29 12 26 14 24 25 7 19 17 0 9 7 18 27 20 18 22 4 12 22 6 14 14 12 25 14 25 30 35 31 23 14 20 35 21 33 8 22 12 8 16 10 21 36 25 21 34 18 16 22 21 8 18 24 14 5 12 27 21 26 35 37 41 25 16 19 20 24 14 12 10 27 6 21 0 13 16 7 20 26 25 
6 10 8 25 20 14 33 25 17 26 19 10 40 7 25 25 26 21 19 27 6 11 27 2 25 18 42 24 25 30 19 8 14 6 28 11 6 32 12 22 23 33 18 14 20 23 10 21 15 8 7 20 16 10 11 27 10 15 17 11 19 11 26 21 48 24 36 39 39 30 21 28 39 19 36 14 33 25 18 26 19 10 0 7 26 25 27 28 20 13 20 22 8 6 10 20 21 20 32 40 45 39 33 23 29 45 28 43 15 27 11 9 8 1 27 32 29 31 38 25 18 25 31 11 28 31 24 14 20 37 24 36 37 35 41 31 10 26 18 24 24 6 21 24 14 12 10 21 5 16 23 35 26 
2 10 15 23 24 19 31 30 14 26 12 8 7 48 26 31 28 15 17 20 2 8 21 9 18 12 36 19 22 25 12 14 8 5 22 11 4 28 16 16 19 26 11 9 14 19 16 18 9 15 14 17 23 3 11 23 7 16 15 11 26 14 24 18 43 24 30 35 32 24 14 21 35 20 33 19 32 30 15 27 12 8 6 0 26 31 28 26 26 9 20 16 2 8 6 20 27 22 33 35 42 32 28 18 23 42 29 41 16 29 5 12 15 8 29 39 32 26 31 18 12 18 26 14 24 24 19 9 14 35 27 34 30 30 35 24 8 19 13 18 19 12 17 20 9 19 8 14 12 10 26 34 30 
28 15 25 8 14 17 9 21 12 0 33 18 25 26 29 26 5 39 43 33 28 34 26 28 38 24 59 42 47 49 25 33 21 30 23 15 21 19 17 26 13 46 29 34 37 14 22 9 20 24 30 11 29 27 14 48 33 40 41 15 35 14 9 13 29 2 27 21 44 27 27 32 21 7 16 16 9 21 12 1 33 17 25 25 0 26 5 8 23 18 5 39 24 31 32 6 28 6 7 25 23 38 22 19 25 23 5 19 10 8 30 17 27 25 8 34 13 18 47 30 32 36 18 15 13 35 17 19 23 14 12 10 50 53 57 35 34 31 37 40 18 23 13 45 20 33 17 24 30 20 12 10 17 
31 24 17 33 12 13 35 5 30 26 43 27 25 31 26 24 22 46 42 49 31 36 45 24 49 39 67 50 49 55 40 25 34 31 44 24 27 44 15 43 36 58 41 39 45 36 14 31 34 16 22 32 11 34 24 52 35 36 41 25 15 19 34 34 56 26 51 47 62 48 42 49 48 21 43 13 36 6 30 27 43 28 25 31 27 0 22 34 4 32 25 47 30 29 35 26 6 20 29 51 49 58 47 39 47 50 23 45 22 19 36 19 18 23 20 8 16 43 62 46 43 49 43 18 38 52 39 33 40 41 14 36 62 60 66 53 35 47 43 49 39 18 34 48 33 20 28 40 24 35 14 36 10 
30 17 24 14 10 15 13 16 16 5 37 20 26 28 5 22 21 42 45 37 29 36 31 28 42 29 62 45 50 52 29 32 25 32 28 16 23 24 15 31 19 51 33 37 40 19 21 14 24 23 29 16 26 29 16 50 34 41 42 17 32 15 14 18 34 6 33 26 49 32 31 37 27 7 21 14 14 16 16 5 37 20 26 27 6 21 0 13 19 22 8 43 26 32 34 9 24 6 7 31 27 43 28 24 31 28 1 23 11 3 32 17 26 25 2 28 8 24 52 35 36 40 24 15 18 39 23 23 27 19 7 14 54 57 61 40 35 35 40 44 23 22 18 48 23 31 20 28 30 24 7 14 12 
14 25 29 34 39 34 43 46 26 39 6 21 21 15 39 46 42 26 13 15 14 11 22 22 7 16 21 3 10 10 15 24 17 15 26 25 20 34 31 17 29 12 10 6 2 28 31 30 19 29 25 28 37 12 25 9 11 17 10 25 39 29 34 28 49 37 32 42 24 25 15 18 41 34 42 34 43 46 26 40 6 22 20 15 39 46 42 37 41 20 33 2 16 17 10 33 42 36 46 40 50 28 33 24 25 50 43 50 30 44 10 27 28 22 43 53 47 33 19 16 7 10 33 29 33 19 26 19 18 44 42 46 16 15 20 19 11 16 2 4 26 27 27 7 19 30 22 18 23 19 41 45 46 
15 28 25 40 39 33 49 43 32 44 17 25 19 17 43 42 45 13 30 28 15 9 34 18 21 25 27 15 8 15 25 17 24 13 36 28 22 44 31 28 36 24 21 11 15 36 28 36 26 25 20 34 31 17 29 12 10 6 2 28 31 30 41 35 59 41 43 51 37 36 26 30 51 37 50 33 50 44 32 44 18 26 19 18 44 42 45 43 38 26 38 15 19 13 11 37 37 39 50 50 59 41 43 33 36 59 46 58 33 46 14 27 24 20 45 48 48 42 31 28 18 23 42 29 41 32 35 26 28 52 43 52 27 21 28 32 9 28 11 17 35 25 34 9 26 23 26 28 18 27 42 52 45 
21 25 34 25 39 36 33 47 21 33 10 21 27 20 33 49 37 15 28 52 21 22 9 29 8 9 28 15 25 23 8 33 14 23 13 24 22 22 33 6 19 15 8 17 12 19 35 23 15 34 34 21 43 16 24 22 21 31 25 23 46 29 25 20 34 31 17 29 12 10 6 2 28 31 30 35 34 47 21 34 9 21 26 19 33 48 37 28 44 17 29 14 19 26 20 28 46 33 39 26 38 13 19 13 11 37 38 39 28 40 17 29 35 28 39 57 44 21 14 2 10 5 20 30 23 4 16 16 9 33 41 36 18 24 25 4 22 2 16 12 15 32 19 22 15 39 21 9 32 14 40 36 45 
0 12 15 25 25 20 34 31 16 28 12 10 6 2 28 31 29 14 15 21 51 6 23 8 18 13 35 18 20 24 14 12 10 3 24 13 6 30 17 17 22 26 12 8 14 22 17 21 12 15 13 19 23 4 13 21 5 13 13 13 25 15 26 20 46 26 32 37 33 25 16 22 37 22 35 20 34 31 17 29 12 10 6 2 28 31 30 28 26 11 22 16 4 6 4 22 27 23 35 37 44 33 30 20 25 44 31 43 18 31 4 13 14 8 30 39 33 29 31 19 12 19 29 15 27 25 21 11 16 37 28 36 30 29 35 25 6 20 12 18 21 13 19 18 11 18 10 16 11 13 28 36 32 
6 19 19 31 31 25 40 36 23 35 12 16 11 8 34 36 36 11 9 22 6 40 26 11 17 17 31 14 14 19 17 13 15 4 29 19 13 35 23 21 27 24 14 5 12 27 21 27 17 19 15 25 26 8 20 16 1 8 6 19 27 21 32 26 51 32 36 43 33 29 19 24 42 28 41 25 41 36 23 35 12 17 11 9 35 36 36 34 31 17 29 12 10 6 2 28 31 30 41 42 50 35 35 25 29 50 37 49 24 37 6 19 18 12 37 43 40 34 30 22 12 19 34 21 32 26 27 17 20 43 34 43 27 24 30 26 0 22 8 15 27 17 25 12 17 19 17 20 12 18 34 42 37 
23 22 34 17 34 32 25 43 15 26 16 19 27 21 26 45 31 22 34 9 23 26 69 30 17 9 37 24 33 31 9 35 13 26 4 21 21 13 30 5 12 24 12 23 19 11 34 16 12 33 34 15 42 18 21 30 25 35 31 20 46 26 17 13 26 24 9 20 18 2 7 6 19 26 21 32 25 42 15 26 16 18 26 20 26 45 31 20 41 14 22 22 19 29 23 22 44 27 31 17 29 12 10 6 2 28 31 30 24 34 20 27 34 28 33 54 39 12 22 6 15 14 11 27 14 9 8 13 6 24 35 28 27 33 34 9 26 7 23 21 7 31 13 30 13 39 18 6 33 11 35 27 40 
8 13 7 28 21 14 35 25 20 28 21 13 2 9 28 24 28 22 18 29 8 11 30 63 27 21 42 26 25 30 21 5 16 7 31 13 9 35 13 25 26 34 21 15 22 26 10 23 18 7 4 22 15 13 14 28 11 13 16 14 17 13 29 24 51 26 39 42 42 33 24 31 42 21 39 15 36 25 20 29 21 13 3 10 28 24 28 30 20 16 23 23 10 5 11 22 19 22 34 43 48 41 36 26 32 48 29 46 17 29 12 10 6 2 28 31 30 34 40 28 20 28 34 12 31 33 27 17 23 39 25 38 38 36 42 34 11 28 19 26 27 6 24 24 17 9 13 23 2 19 24 38 27 
18 26 33 31 41 37 40 48 25 38 6 22 25 18 38 49 42 7 21 8 18 17 17 27 35 13 21 7 17 14 12 30 16 20 21 26 22 30 34 13 26 8 8 12 5 25 35 28 18 33 31 26 41 15 26 14 17 25 18 26 44 31 32 25 43 36 26 37 16 19 11 11 36 35 38 37 40 48 25 39 5 23 25 18 38 49 42 34 44 20 33 6 18 23 16 32 46 36 44 34 46 20 27 20 20 45 42 47 31 44 14 30 33 26 43 57 48 29 12 10 6 2 28 31 30 11 23 19 15 41 43 43 12 16 19 11 17 10 9 4 22 31 25 14 18 36 23 14 29 18 43 42 48 
14 15 26 18 29 26 27 37 12 25 10 11 18 12 24 39 29 16 25 9 13 17 9 21 13 58 34 18 26 26 0 26 5 17 11 15 13 18 23 4 13 22 5 14 13 12 26 15 5 25 25 13 34 9 15 25 16 26 22 14 38 19 18 12 33 23 18 26 22 12 3 10 26 22 25 26 27 37 12 25 9 11 18 11 25 39 29 21 34 7 20 16 10 20 14 19 37 24 31 25 34 20 18 8 11 34 29 34 19 31 11 19 26 19 30 47 35 17 23 7 9 11 17 20 17 12 10 6 2 28 31 30 25 29 32 13 17 7 15 16 10 23 11 23 5 30 11 2 24 4 30 29 36 
35 46 50 52 60 55 61 67 46 59 25 42 42 36 59 67 62 21 27 28 35 31 37 42 21 34 25 17 19 12 33 43 37 35 41 46 41 50 52 33 47 13 29 27 22 46 52 49 38 50 46 47 57 33 46 15 31 34 27 46 58 50 53 46 61 57 44 57 26 38 32 30 56 55 58 55 61 67 46 60 25 43 42 36 59 67 63 55 62 40 54 20 37 37 31 53 62 57 65 53 66 34 47 41 39 65 63 67 51 65 31 49 49 43 64 74 68 49 17 30 26 23 48 50 51 29 44 39 36 61 63 64 10 6 2 28 31 30 23 18 43 48 46 19 39 50 43 35 43 39 63 63 67 
18 29 33 36 43 38 45 49 29 43 8 25 24 19 42 50 45 3 15 15 18 14 24 26 7 18 17 21 10 8 18 27 20 18 27 29 23 36 35 19 31 9 13 10 5 31 35 33 22 33 29 31 41 16 29 6 15 20 13 28 42 33 37 30 50 40 33 43 22 26 17 18 43 38 44 38 46 49 29 43 9 25 24 19 42 49 45 39 45 23 37 2 20 21 14 36 45 40 49 41 52 27 34 26 26 52 46 53 34 47 14 31 32 26 47 57 51 35 16 17 9 10 34 33 36 18 29 22 21 47 46 48 12 11 16 18 14 17 6 2 28 31 30 7 22 34 25 20 27 22 45 48 50 
20 32 32 43 45 39 52 50 35 48 16 29 25 22 47 49 50 10 8 25 20 14 33 25 17 26 19 10 13 7 25 25 26 19 36 33 26 45 37 28 38 18 21 13 13 38 35 39 28 33 27 37 39 20 33 5 15 15 8 33 39 35 44 37 59 45 42 52 32 35 26 28 52 42 52 40 53 51 36 48 17 30 25 22 48 50 50 46 45 29 42 11 23 20 16 41 44 44 54 50 61 37 43 34 36 60 51 60 38 51 17 33 31 26 51 56 54 43 25 27 17 20 43 35 43 29 36 29 29 54 49 55 20 12 20 29 14 26 10 13 36 32 37 2 28 31 30 28 25 29 48 55 52 
24 36 38 44 49 44 53 55 37 50 16 32 30 25 49 55 52 10 15 23 24 19 31 30 14 26 12 8 7 5 26 31 28 23 35 36 30 44 41 27 39 12 21 16 13 39 40 41 29 38 33 38 45 23 36 2 19 21 15 35 46 39 45 38 58 48 40 51 27 34 25 26 51 45 52 44 54 55 37 50 17 32 30 25 50 55 53 47 50 31 44 10 26 25 20 44 50 47 56 49 60 34 42 34 34 60 54 61 41 54 20 37 37 31 54 62 57 43 19 25 17 17 42 39 44 25 37 30 29 55 53 56 13 6 12 25 19 25 12 10 36 36 38 6 30 37 32 28 31 30 52 56 56 
14 16 26 18 30 27 27 38 12 26 9 12 19 12 25 40 29 15 25 8 14 17 9 21 12 0 33 18 25 26 57 26 5 17 11 15 14 19 24 3 13 21 5 14 13 13 26 15 6 26 26 13 34 9 15 24 16 26 22 15 38 20 19 12 34 23 18 26 21 11 2 9 26 22 26 26 28 38 13 26 9 12 18 11 25 39 29 21 35 8 20 15 11 20 14 20 37 24 32 25 35 20 18 8 11 34 30 35 19 32 11 20 27 20 31 48 36 17 23 6 8 11 17 21 18 12 11 7 3 29 32 30 25 29 32 12 17 7 15 15 10 23 12 23 6 31 12 2 24 5 31 30 36 
12 18 9 34 25 18 41 27 25 33 24 18 8 14 33 25 32 24 17 33 12 13 35 5 30 26 43 27 25 31 26 63 22 10 36 19 14 41 17 30 32 37 25 17 25 32 13 29 23 10 3 28 14 17 20 28 13 10 16 19 15 18 34 30 56 31 44 47 46 38 28 35 47 26 45 19 41 28 26 34 25 19 9 14 34 25 33 36 21 22 28 26 15 7 14 28 20 27 39 48 54 46 42 32 37 53 34 51 22 33 16 15 7 8 32 31 34 39 43 32 24 31 39 17 36 37 33 22 28 45 29 43 40 37 43 38 12 33 21 28 33 10 29 24 23 6 19 28 2 24 28 43 30 
10 10 21 17 24 21 26 32 9 22 11 6 14 8 21 34 25 17 24 14 10 15 13 16 16 5 37 20 26 28 5 22 60 13 14 10 8 20 18 9 12 25 8 13 15 12 21 13 2 20 21 11 29 6 10 26 13 23 21 9 33 15 17 11 35 20 22 27 27 16 8 15 27 18 26 21 26 32 9 22 11 6 13 7 22 34 25 20 29 3 16 17 6 16 12 16 32 20 28 27 35 25 20 10 15 35 26 34 14 27 9 14 21 14 27 42 31 19 28 12 10 15 18 15 17 18 11 2 6 28 27 29 29 31 35 18 15 12 16 18 11 18 10 24 2 26 6 7 19 2 26 28 31 
2 15 14 28 26 20 37 32 20 31 14 13 6 5 30 31 32 15 13 23 3 4 26 7 20 17 35 18 19 23 17 10 13 26 28 15 9 34 18 21 25 27 15 8 15 25 17 24 15 14 11 22 22 7 16 21 3 10 10 15 24 17 29 23 49 28 35 41 36 29 19 25 41 24 39 21 37 32 20 31 15 13 6 6 31 31 32 31 26 15 25 16 7 3 4 24 27 26 37 41 48 36 34 24 28 48 33 47 20 33 6 15 13 7 32 38 35 32 33 22 14 21 32 16 30 27 25 15 19 40 30 40 31 29 35 28 4 23 12 19 25 13 23 17 15 15 13 19 8 16 29 39 33 
25 21 34 14 32 32 21 41 14 24 20 19 28 22 23 44 28 26 36 13 24 29 4 31 21 11 41 27 36 35 11 36 14 28 31 21 22 9 29 8 9 28 15 25 23 8 33 14 13 33 35 12 41 20 20 34 27 37 34 20 46 25 14 11 22 22 7 16 21 3 10 10 15 24 17 31 21 41 14 23 19 18 27 22 23 44 28 16 40 14 20 25 20 30 26 19 44 25 28 14 25 15 6 5 2 24 28 26 22 31 22 26 35 28 31 53 36 8 26 10 19 18 7 26 11 13 5 13 8 20 33 24 31 37 38 13 28 11 26 25 5 31 10 33 13 40 18 8 34 12 33 23 38 
13 0 13 14 14 11 22 22 7 15 21 3 11 11 15 24 16 25 28 24 13 19 21 13 26 15 46 29 33 36 15 19 10 15 21 29 6 23 8 18 13 35 18 20 24 14 12 10 9 13 16 9 20 13 0 34 18 25 26 1 25 4 15 11 38 13 28 28 37 24 18 25 29 9 25 11 22 22 7 16 21 3 10 10 15 24 17 17 19 7 9 26 9 16 17 9 23 10 22 30 34 34 24 16 23 34 18 32 5 18 15 5 15 10 18 32 21 21 38 22 20 26 21 5 17 28 15 8 15 26 17 24 39 40 45 28 19 23 23 28 16 10 11 31 9 20 3 16 16 10 16 24 21 
7 6 12 20 19 14 28 26 11 22 16 4 6 4 21 27 23 20 22 22 6 13 21 9 22 13 41 23 26 30 14 14 8 9 22 6 22 26 11 17 17 31 14 14 19 17 13 15 9 12 13 14 20 7 7 28 11 19 19 6 24 9 20 15 42 19 30 33 35 24 16 23 33 15 30 14 28 26 12 22 16 5 5 4 22 26 23 22 22 7 16 21 3 10 10 15 24 17 28 34 39 34 27 17 23 39 24 38 11 24 9 7 13 6 24 35 27 25 35 20 16 22 25 9 22 26 18 8 15 31 22 30 35 35 40 26 12 21 17 22 18 9 15 24 8 17 5 15 11 10 21 30 26 
31 23 36 10 31 32 14 40 15 19 28 22 32 28 19 44 24 34 44 22 30 35 13 35 30 18 50 36 45 44 19 41 20 34 9 23 26 45 30 17 9 37 24 33 31 9 35 13 18 36 39 13 43 27 22 43 34 44 41 22 48 26 10 11 15 18 9 7 29 12 18 19 7 22 8 31 14 39 15 19 27 21 32 27 18 43 24 11 39 19 18 34 26 36 32 18 44 23 22 7 16 21 3 10 10 15 24 17 22 27 29 28 38 32 27 52 32 1 35 19 27 27 1 27 6 21 8 18 15 12 31 16 40 46 47 22 35 20 34 33 8 33 11 42 18 43 21 16 38 17 30 15 36 
17 8 8 20 8 2 25 14 15 17 28 11 12 16 17 15 15 31 31 33 17 23 30 13 34 23 52 35 37 41 24 17 18 18 29 8 11 30 44 27 21 42 26 25 30 21 5 16 18 7 13 17 13 19 9 39 21 26 29 9 18 4 21 19 44 15 36 35 46 32 26 33 35 9 31 2 26 14 15 17 28 12 11 16 17 15 16 22 11 16 13 32 15 17 21 13 14 10 22 38 39 43 32 24 31 39 17 36 7 16 21 3 10 10 15 24 17 29 46 30 27 33 29 3 24 36 24 17 24 30 12 28 46 46 52 37 22 31 29 34 24 6 19 35 17 15 12 24 14 19 11 27 14 
18 18 30 19 32 30 27 40 14 27 11 15 22 16 26 43 31 17 28 6 17 21 5 25 13 4 33 19 28 27 3 30 9 21 8 18 17 17 27 15 13 21 7 17 14 12 30 16 8 29 30 14 38 13 18 26 19 29 25 17 42 23 19 13 31 24 15 24 19 8 1 6 24 24 25 29 28 40 14 27 10 15 22 15 26 42 31 21 38 11 22 16 14 23 18 21 41 26 32 22 33 16 15 7 8 32 31 34 22 33 15 23 30 23 33 51 38 16 21 3 10 10 15 24 17 9 10 9 3 28 34 30 24 29 31 10 20 4 17 16 9 27 13 25 9 34 15 2 28 8 33 29 39 
22 14 27 5 23 23 14 32 6 14 23 13 23 19 13 36 19 29 36 19 22 27 12 26 26 13 47 31 38 39 13 32 12 25 9 13 17 9 21 13 32 34 18 26 26 0 26 5 10 27 30 4 34 19 13 38 26 36 34 12 39 17 5 2 24 12 15 15 30 13 14 18 15 14 13 23 14 31 6 14 22 12 23 19 13 35 19 8 31 10 11 29 17 27 25 10 35 16 19 17 22 24 11 6 12 22 19 22 14 22 22 19 29 23 21 44 27 7 34 17 22 24 8 18 4 21 3 10 10 15 24 17 37 42 45 22 27 17 28 29 4 24 2 36 10 34 12 11 29 9 23 16 29 
26 35 41 40 50 45 48 57 34 47 14 31 33 26 46 58 51 12 24 15 26 24 24 34 8 22 13 9 18 12 21 37 25 27 28 35 31 37 42 21 34 42 17 19 12 33 43 37 27 41 38 35 49 23 35 13 24 30 23 35 51 39 40 34 49 45 31 44 15 25 19 17 43 44 45 45 49 57 34 47 14 31 33 26 47 58 51 42 53 29 42 11 27 30 23 41 54 45 53 40 53 22 34 28 26 52 51 54 40 53 22 38 41 34 52 65 57 36 7 17 15 10 35 40 38 16 31 28 23 48 52 51 3 10 10 15 24 17 15 8 30 39 33 15 27 43 31 23 36 26 52 50 56 
13 18 26 23 32 28 32 40 17 30 4 14 18 11 29 41 33 10 21 8 12 14 12 21 8 5 29 13 21 21 5 25 8 15 15 18 14 24 26 7 18 17 7 10 8 18 27 20 9 26 25 18 35 8 18 19 13 23 18 17 38 22 24 17 38 27 22 31 21 15 5 10 31 26 31 28 33 40 17 30 4 14 18 11 30 41 33 26 36 11 24 10 11 18 11 24 38 28 36 29 40 21 22 13 15 39 34 40 23 36 8 22 26 19 35 49 39 22 20 7 3 7 22 23 23 12 16 10 8 34 35 35 21 24 27 13 14 8 10 10 15 24 17 18 9 30 14 7 23 9 34 35 39 
8 20 22 30 33 28 39 39 22 35 7 16 14 9 34 39 37 6 11 17 8 5 23 15 12 14 27 10 13 16 14 17 13 8 25 20 14 33 25 17 26 19 10 21 7 25 25 26 15 22 19 24 30 7 20 13 4 13 8 20 32 23 31 24 48 32 32 40 28 25 15 20 40 29 39 28 40 39 23 35 8 17 14 9 35 39 37 33 35 16 29 8 10 11 4 28 35 31 41 39 48 31 32 22 25 48 38 48 25 39 4 21 22 15 38 47 41 31 25 17 7 14 31 23 31 21 24 16 17 41 36 42 23 21 26 22 5 18 3 10 24 21 24 10 15 24 17 17 17 16 36 42 40 
14 24 29 31 38 33 40 45 24 37 3 20 20 14 37 45 40 2 15 12 14 12 19 22 5 13 22 5 13 13 13 25 15 15 23 24 19 31 30 14 26 12 8 7 21 26 31 28 16 29 26 25 37 11 24 11 11 19 13 23 39 28 32 25 46 35 29 39 22 22 12 15 38 33 39 33 41 45 24 38 4 20 20 14 37 45 40 34 40 18 31 2 15 18 11 31 41 34 44 37 47 25 30 21 22 47 41 48 29 42 9 26 28 22 42 53 46 30 18 13 4 7 30 28 31 16 24 17 16 42 41 43 16 16 21 16 12 13 4 3 23 27 25 10 17 31 20 15 24 17 40 43 45 
22 14 27 6 24 24 14 32 6 15 22 13 23 19 14 36 19 28 36 19 22 27 11 26 25 12 46 31 38 39 13 32 12 25 8 14 17 9 21 12 0 33 18 25 26 31 26 5 10 27 30 4 34 19 13 37 26 35 33 13 39 17 6 2 24 13 15 15 29 12 13 17 15 15 13 23 15 32 6 15 22 12 23 19 14 36 19 9 32 10 11 28 17 27 24 11 36 16 20 16 23 23 10 5 11 22 19 22 14 22 22 19 29 23 22 44 27 7 33 16 21 23 7 19 5 20 3 10 10 16 24 17 37 42 44 21 27 17 27 28 3 24 2 35 10 34 12 10 29 9 24 17 29 
17 12 3 26 12 5 31 15 19 22 29 15 10 16 22 14 21 31 28 35 17 21 34 10 35 26 52 35 35 40 26 13 21 17 33 12 13 35 5 30 26 43 27 25 31 26 48 22 21 3 9 22 8 20 13 38 20 23 27 13 13 8 26 24 49 21 41 40 48 36 29 36 40 15 37 6 32 15 20 23 29 15 10 17 23 14 21 27 9 19 18 33 16 15 20 18 11 16 28 43 45 46 37 28 35 45 22 42 13 20 21 7 5 9 20 22 21 34 48 33 28 35 34 7 29 39 28 20 27 36 16 33 47 46 52 39 21 34 29 35 29 3 24 34 21 10 15 28 10 22 15 33 17 
21 10 23 4 18 18 13 27 4 10 24 11 21 18 9 31 14 30 36 23 21 27 16 23 28 15 49 33 39 41 15 29 13 24 14 10 15 13 16 16 5 37 20 26 28 5 22 34 11 23 27 2 30 19 9 39 25 34 33 9 35 13 5 3 27 8 20 18 34 18 17 22 18 9 15 18 13 26 3 10 24 10 20 18 9 30 14 7 26 10 6 30 16 25 24 5 31 11 16 21 24 29 16 10 17 24 14 22 9 17 22 15 25 20 16 39 22 12 38 20 23 27 12 14 7 25 8 10 13 16 19 16 40 44 47 26 26 21 29 31 9 20 3 37 11 31 10 14 26 10 18 15 24 
12 10 21 15 24 21 24 32 7 20 13 6 15 9 20 34 24 19 26 15 12 17 12 18 18 5 38 22 28 29 6 23 2 15 13 9 9 18 18 8 10 27 9 15 16 10 21 11 56 21 22 9 29 8 9 28 15 25 23 8 33 14 15 9 34 18 21 25 27 15 8 15 25 17 24 20 24 32 7 21 13 6 14 9 20 34 24 18 29 2 15 19 7 18 14 14 32 18 27 25 33 25 18 8 14 33 24 32 13 26 11 14 22 15 25 42 30 17 29 12 12 17 17 15 15 18 9 1 6 26 26 27 30 33 37 18 17 13 18 20 9 18 8 26 0 27 6 6 21 1 25 26 30 
14 12 0 27 15 8 33 18 20 24 27 14 8 15 24 16 23 29 25 34 15 19 33 7 33 25 50 33 33 38 26 10 20 14 33 13 12 36 7 29 27 41 26 22 29 27 3 23 21 31 6 23 8 18 13 35 18 20 24 14 12 10 28 24 51 23 41 41 47 36 28 35 42 17 38 9 34 18 21 25 27 15 8 15 25 17 24 29 12 19 20 30 15 12 18 20 12 18 30 44 47 46 37 28 35 47 25 44 14 23 19 7 2 6 23 24 24 34 46 32 27 34 35 9 30 38 28 20 27 38 19 35 45 43 49 38 18 33 26 33 29 2 24 31 20 8 15 27 7 22 18 35 20 
12 16 6 31 21 15 38 24 23 30 25 17 7 14 30 22 29 25 20 34 13 15 34 4 31 25 46 29 27 33 26 3 21 11 35 16 13 39 13 30 30 38 25 19 26 30 9 27 22 6 18 26 11 17 17 31 14 14 19 17 13 15 32 28 54 28 43 45 46 37 28 35 45 23 42 15 39 24 24 31 25 17 7 14 31 22 30 34 18 21 25 27 15 8 15 25 17 24 36 47 51 46 40 30 37 51 31 49 19 30 17 12 4 6 29 28 30 38 44 32 25 32 38 14 34 38 31 21 28 43 25 41 42 39 45 38 14 33 23 30 31 7 27 27 22 5 17 28 2 23 25 40 26 
20 10 23 6 20 19 15 28 2 12 22 10 20 17 11 32 16 28 34 21 19 25 15 22 26 13 47 31 37 38 13 28 11 22 12 9 14 13 17 14 4 35 18 24 25 4 22 2 9 23 26 68 30 17 9 37 24 33 31 9 35 13 6 2 28 10 19 19 32 16 15 20 19 11 16 19 15 28 2 12 22 9 19 16 12 31 16 9 27 8 7 28 15 24 22 7 31 12 18 21 25 27 15 8 15 25 17 24 10 19 20 15 25 20 18 40 24 11 35 18 21 24 12 14 8 23 7 8 11 17 20 18 38 42 45 24 25 19 27 28 7 20 2 35 9 30 9 12 25 8 20 17 25 
23 20 8 33 16 11 38 15 27 29 35 23 16 23 29 11 26 37 31 43 23 26 42 15 41 34 57 41 39 45 34 14 29 22 41 20 20 43 13 38 34 49 35 30 37 34 8 30 29 8 11 30 36 27 21 42 26 25 30 21 5 16 34 32 57 28 49 48 56 44 37 44 48 22 44 12 39 15 28 30 36 23 16 23 30 11 27 35 9 27 26 38 24 20 26 26 5 22 34 51 52 54 45 36 43 52 28 49 21 25 27 15 8 15 25 17 24 42 54 41 35 42 42 15 37 46 36 28 35 43 20 40 53 51 57 47 26 41 34 41 37 11 32 38 29 8 23 36 13 30 19 40 19 
5 12 18 23 27 22 32 33 15 27 9 9 10 3 27 34 29 12 17 16 4 8 18 13 15 9 33 16 20 23 9 17 6 7 20 13 7 27 19 13 19 23 8 7 11 19 20 19 8 18 17 17 27 42 13 21 7 17 14 12 30 16 24 17 42 25 28 34 29 21 11 18 34 22 32 22 32 33 15 28 9 9 10 3 27 34 30 26 29 9 21 13 3 10 5 21 31 24 34 34 42 29 26 16 21 41 31 41 18 31 3 15 18 11 31 42 34 25 27 15 8 15 25 17 24 20 18 8 12 34 30 35 27 27 32 21 8 15 10 15 18 16 17 18 8 22 9 12 15 9 29 34 33 
14 1 14 14 14 11 21 22 6 15 21 4 11 11 14 24 16 25 29 24 13 20 21 14 26 15 46 29 33 36 15 20 10 16 20 0 7 22 9 18 13 35 18 20 24 13 13 9 9 13 17 9 21 13 51 34 18 26 26 0 26 5 14 10 37 12 27 28 37 23 18 24 28 8 25 11 22 22 7 15 21 3 11 11 15 24 16 16 20 7 9 26 9 17 17 8 23 10 21 30 34 34 24 15 22 34 17 31 4 18 16 6 15 11 17 33 21 21 38 22 20 26 21 6 17 27 15 8 15 25 17 24 39 41 45 28 19 22 24 28 15 11 10 31 9 21 3 15 17 10 16 23 21 
21 33 35 43 47 41 52 53 35 48 15 30 27 23 48 52 50 9 12 22 21 16 30 28 14 25 15 6 5 2 24 28 26 21 34 34 28 43 39 26 38 13 19 13 11 37 38 39 28 35 31 37 42 21 34 55 17 19 12 33 43 37 43 37 57 46 40 50 28 33 24 25 50 43 50 42 52 53 35 49 15 30 27 23 48 52 51 46 48 29 42 9 24 22 17 42 48 45 55 48 59 34 41 33 33 59 52 59 39 52 18 35 34 29 52 59 55 42 21 24 16 17 41 37 42 25 35 28 27 53 50 55 15 8 15 25 17 24 10 9 35 34 36 4 28 35 30 27 29 28 50 54 54 
4 17 18 30 30 24 38 35 21 33 11 15 10 7 33 35 34 11 10 21 5 1 25 11 17 16 31 15 15 19 16 13 13 3 27 18 11 34 21 19 26 24 13 4 11 26 20 25 15 18 14 24 26 7 18 17 30 10 8 18 27 20 30 24 49 31 35 41 33 28 18 23 41 27 40 24 39 35 22 34 12 15 10 7 33 35 35 33 30 15 27 13 9 6 1 27 31 28 40 41 49 34 34 23 28 48 36 48 23 36 4 18 17 11 35 42 38 32 29 21 11 18 32 20 31 25 25 15 19 41 33 41 27 25 31 25 1 21 8 15 25 17 24 13 15 19 15 19 12 16 33 41 36 
13 25 20 39 34 28 47 38 30 41 20 23 15 16 40 36 41 17 6 31 13 8 35 13 25 26 34 20 15 21 26 10 23 10 37 25 19 44 26 29 36 30 23 13 19 35 23 34 25 20 14 33 25 17 26 19 10 17 7 25 25 26 40 34 59 38 45 51 41 38 28 33 51 34 49 28 48 38 31 41 21 24 15 16 41 36 42 42 32 25 35 19 18 9 11 35 31 35 47 51 58 44 44 34 38 58 43 57 30 42 14 24 18 16 42 42 43 42 37 30 21 27 42 26 40 35 35 25 29 51 38 50 33 27 34 35 9 31 15 22 35 20 33 15 25 17 24 29 12 26 38 50 40 
12 25 24 38 37 31 46 42 29 41 15 23 17 15 41 41 42 10 2 25 13 6 31 16 18 22 27 13 8 15 22 16 21 10 34 26 19 41 29 25 34 23 18 8 13 33 27 33 23 24 19 31 30 14 26 12 8 7 30 26 31 28 38 32 56 39 41 48 35 33 23 28 48 35 47 31 47 42 30 42 15 23 17 15 41 41 43 41 36 23 35 12 17 11 9 35 36 36 48 47 56 38 40 30 34 56 44 55 31 44 11 25 22 18 43 47 46 40 30 25 15 21 39 27 38 29 32 23 25 49 41 49 26 21 27 29 7 25 8 15 32 23 31 8 23 22 23 25 17 24 40 49 43 
13 1 14 14 15 12 21 23 6 15 20 3 11 11 15 25 17 25 28 23 13 19 20 14 26 14 46 28 33 35 15 19 9 15 20 1 6 22 9 17 12 35 17 20 23 13 13 9 8 14 17 9 21 12 0 33 18 25 26 51 26 5 14 10 37 13 27 28 36 23 17 24 28 9 25 12 22 23 6 16 20 3 10 10 15 25 17 16 20 6 9 26 9 16 17 9 24 11 22 29 34 33 23 15 22 34 18 32 5 19 15 6 16 11 18 33 22 20 37 21 20 25 21 6 17 27 14 7 14 25 17 24 38 40 44 27 19 22 23 27 15 11 10 30 8 21 3 15 17 9 17 24 21 
25 25 12 39 22 17 44 19 32 35 38 27 19 26 35 15 32 39 31 46 25 27 46 17 44 38 58 42 39 46 38 15 33 24 46 25 24 48 18 42 39 51 38 32 39 39 13 35 33 12 13 35 5 30 26 43 27 25 31 26 34 22 40 37 63 33 54 53 59 49 41 48 54 28 50 18 44 20 33 35 38 28 20 27 35 15 32 40 14 31 31 40 27 21 28 31 9 28 39 56 58 58 50 41 48 58 34 54 26 31 30 20 11 18 31 18 29 47 57 45 38 45 47 21 43 50 41 32 39 49 25 46 55 52 58 51 27 45 36 43 41 15 37 39 33 8 28 40 15 34 25 46 24 
15 4 10 17 10 6 23 17 11 15 25 8 11 14 14 19 15 29 30 29 15 21 26 13 31 19 50 33 35 39 20 18 15 17 25 4 9 26 4 23 17 39 22 23 28 17 8 13 14 10 15 13 16 16 5 37 20 26 28 5 22 48 18 15 40 13 32 31 42 28 23 29 32 7 28 6 23 17 11 15 25 8 11 13 15 19 15 19 14 12 10 30 12 17 19 10 18 9 21 34 36 39 28 20 27 36 16 34 4 16 19 2 12 10 15 28 18 25 43 27 24 30 25 1 21 32 20 13 20 27 13 25 43 44 49 33 21 27 27 31 20 8 15 34 14 18 8 21 15 15 12 25 17 
26 16 28 0 21 23 8 30 9 9 28 16 26 24 9 34 14 34 41 25 26 32 17 29 32 18 53 37 44 45 19 34 17 29 14 15 20 10 21 19 5 40 24 31 32 6 26 5 15 28 32 6 34 24 14 43 30 40 38 14 40 18 42 6 23 8 18 13 35 18 20 24 14 12 10 22 9 29 8 9 28 15 25 23 8 33 14 2 30 14 8 34 21 31 29 8 35 13 13 17 19 29 13 11 16 19 14 17 13 18 27 20 30 26 17 42 23 9 40 22 27 30 9 19 4 26 9 15 16 10 21 11 43 48 51 27 31 23 33 34 10 25 7 41 15 36 15 17 31 15 20 11 26 
21 12 25 6 21 21 15 30 4 13 22 11 21 18 13 34 18 28 35 20 20 26 13 24 25 12 46 30 37 38 12 30 11 23 11 11 15 11 19 13 2 34 17 24 25 2 24 3 9 24 28 2 32 17 10 37 24 34 32 10 37 15 6 44 26 11 17 17 31 14 14 19 17 13 15 21 15 30 3 13 21 10 20 17 13 33 18 9 29 8 9 28 15 25 23 8 33 14 19 19 24 25 13 6 13 24 18 23 12 21 20 17 26 21 20 42 25 10 34 17 21 23 10 16 6 21 5 8 10 17 22 18 37 41 44 22 25 17 27 28 5 22 0 35 9 32 10 11 27 8 22 17 27 
46 38 51 23 43 46 21 51 31 30 42 37 48 43 29 56 34 49 59 34 46 51 26 51 43 33 61 50 59 58 34 56 35 49 22 38 42 15 44 31 24 49 38 48 46 24 49 27 34 51 54 28 57 42 37 57 49 59 56 37 63 40 23 26 18 30 17 9 37 24 33 31 9 35 13 45 21 51 30 29 42 37 47 43 29 55 34 22 52 34 31 48 41 52 48 31 57 35 29 8 9 28 15 25 23 8 33 14 36 37 45 43 53 48 37 63 42 16 45 32 42 40 17 42 20 32 24 34 30 16 42 21 51 59 59 33 50 33 49 47 24 48 26 56 34 58 37 31 53 33 41 21 47 
26 13 23 8 13 16 10 21 10 2 31 16 24 24 2 26 6 37 41 31 26 32 24 26 36 23 57 40 45 48 23 31 20 28 22 13 19 18 15 24 12 45 27 32 35 13 21 8 18 23 28 10 28 25 12 46 31 38 39 13 33 13 8 11 30 59 27 21 42 26 25 30 21 5 16 15 10 21 10 3 31 15 23 23 2 25 6 8 22 16 3 37 22 29 30 4 27 5 9 25 24 37 22 18 24 24 6 21 8 9 28 15 25 23 8 33 14 17 46 28 31 34 18 14 12 33 16 17 21 15 12 12 48 52 55 34 32 29 35 38 17 21 12 43 18 31 15 22 28 18 12 12 17 
33 29 41 18 39 39 23 47 21 28 26 26 36 30 27 51 33 32 43 17 32 36 9 39 26 18 44 33 42 40 18 44 22 35 7 28 30 9 36 15 15 31 22 32 29 15 41 20 21 41 43 19 49 28 27 40 35 45 41 27 54 32 18 17 17 27 17 13 21 7 17 14 12 30 16 38 23 47 21 28 25 26 35 29 27 51 33 20 47 22 26 31 28 38 33 25 51 31 31 9 22 12 5 12 7 21 33 24 29 36 30 34 43 36 36 59 41 9 28 15 25 23 8 33 14 15 12 21 16 21 39 25 34 41 42 16 36 16 33 30 12 38 17 40 21 48 26 16 42 19 38 25 44 
38 29 42 14 34 36 13 42 21 21 35 28 39 35 21 47 26 42 51 29 37 43 20 42 37 26 57 43 52 51 26 47 27 41 16 28 33 7 35 24 15 44 31 40 39 15 40 18 25 41 45 19 48 34 28 50 41 51 48 28 53 31 13 17 9 21 13 19 34 18 26 26 0 26 5 36 13 42 21 21 35 28 38 34 20 47 26 13 43 26 22 41 33 43 40 22 48 26 21 5 9 25 9 17 17 8 25 11 27 29 37 33 44 39 29 55 34 8 41 26 34 34 9 32 11 28 15 25 23 8 33 14 46 53 54 28 42 27 41 41 16 39 18 49 25 49 28 23 44 24 33 13 38 
34 37 47 35 51 48 43 59 33 44 21 34 39 32 44 62 49 24 37 12 33 33 18 42 16 22 26 22 32 27 21 46 27 36 21 37 35 29 46 19 30 15 21 28 22 29 48 34 27 47 46 32 56 29 37 28 33 41 35 36 59 42 35 31 37 42 21 34 56 17 19 12 33 43 37 48 43 59 33 44 21 33 39 32 44 61 49 37 57 30 40 22 32 39 32 40 59 45 49 29 43 9 25 24 18 42 49 45 41 52 29 42 48 40 51 70 56 28 8 15 21 14 28 43 32 9 26 28 22 41 53 45 15 25 23 8 33 14 26 20 25 45 30 30 28 51 33 21 44 27 52 44 58 
26 24 36 18 36 35 25 45 17 27 19 21 30 24 27 48 32 25 36 10 25 29 2 33 19 12 38 26 35 34 11 38 16 29 3 24 24 12 32 8 13 25 15 25 22 12 36 18 15 36 37 16 44 21 23 33 28 38 33 23 49 28 18 14 24 26 7 18 17 31 10 8 18 27 20 34 25 44 17 27 18 21 29 23 27 47 32 20 43 17 24 24 22 32 26 23 47 29 32 15 27 11 9 8 1 27 32 29 26 35 23 29 37 31 34 56 40 11 23 8 18 16 10 29 14 9 9 16 9 24 37 28 28 35 36 10 29 9 25 23 8 33 14 32 15 42 21 9 36 14 36 27 42 
16 18 29 20 32 29 28 40 14 27 9 14 21 14 27 42 31 15 26 6 16 19 7 24 11 3 32 17 26 25 2 28 8 19 10 18 16 18 26 1 14 19 5 15 12 13 29 17 8 28 28 15 37 11 18 24 18 28 23 17 41 23 20 14 33 25 17 26 19 10 51 7 25 25 26 29 29 40 14 28 9 14 21 14 27 42 31 22 37 10 22 15 13 22 16 22 40 26 33 24 35 17 17 9 10 34 32 35 22 34 13 23 29 22 33 50 38 17 20 4 8 9 17 23 18 9 11 9 3 29 34 31 23 28 30 10 19 4 15 15 11 26 13 23 8 33 14 3 26 7 33 31 39 
23 25 36 24 39 36 32 47 20 32 13 21 28 21 32 49 37 18 30 2 22 24 6 31 11 10 30 18 28 26 9 35 15 25 10 25 23 19 33 6 18 17 10 20 15 17 36 22 15 35 35 20 44 18 24 25 23 33 28 24 48 29 24 19 31 30 14 26 12 8 7 46 26 31 28 36 32 47 20 32 12 21 28 21 32 49 37 26 44 17 28 17 20 28 22 27 47 32 38 23 35 10 17 12 9 35 37 36 28 40 19 30 36 29 39 57 44 18 15 3 12 8 18 30 21 2 14 16 9 31 40 34 20 27 28 3 24 2 19 15 14 33 18 25 15 40 21 8 33 14 40 34 45 
38 29 42 14 35 37 14 43 22 22 35 29 39 35 21 48 27 41 51 28 37 42 19 42 36 26 56 43 52 51 26 47 27 41 15 29 33 7 35 24 15 43 31 40 38 15 40 18 25 42 45 19 48 34 28 50 41 51 48 28 54 32 14 17 9 21 12 0 33 18 25 26 17 26 5 36 13 42 21 21 34 28 38 34 21 47 26 13 44 25 22 41 33 43 39 22 49 27 22 5 9 25 9 17 17 9 26 12 27 30 36 34 44 39 29 55 35 8 40 26 34 34 8 33 11 27 15 25 23 9 34 15 46 53 54 28 42 26 41 40 15 39 18 49 25 49 28 23 44 24 33 14 39 
22 9 18 12 9 10 15 17 10 7 30 12 19 20 7 21 7 34 37 31 22 28 26 21 35 22 55 38 42 45 22 26 18 24 24 9 15 22 9 24 14 44 26 29 33 15 15 9 17 17 23 11 22 22 8 43 27 34 35 9 28 7 12 13 35 5 30 26 43 27 25 31 26 67 22 10 16 17 10 8 29 12 18 20 7 21 8 13 17 15 4 35 18 25 26 4 22 1 13 29 30 39 25 19 26 30 9 26 4 9 25 10 20 18 8 29 13 21 45 28 29 34 22 8 16 34 18 16 21 21 9 18 47 49 54 34 28 29 32 36 18 15 13 40 16 25 12 22 23 17 8 18 14 
36 26 39 10 30 32 8 38 19 16 35 26 36 33 16 43 21 42 50 30 35 41 21 39 38 25 58 44 52 52 26 45 26 39 17 25 30 8 31 25 13 45 31 39 39 13 37 15 24 38 42 16 44 32 25 50 40 49 47 25 50 28 10 15 13 16 16 5 37 20 26 28 5 22 29 32 8 37 18 16 35 25 35 32 15 42 21 9 39 24 18 41 31 41 38 18 44 22 16 10 9 29 11 17 19 9 20 9 23 24 35 30 40 36 24 50 29 9 43 27 34 35 9 29 8 30 15 24 23 4 28 9 48 54 56 30 41 28 41 41 15 36 15 49 24 46 25 23 42 23 28 8 33 
20 10 9 21 6 0 25 11 17 16 31 14 14 19 16 13 14 34 33 35 20 25 32 15 37 26 55 38 40 44 26 19 21 21 31 11 14 31 2 29 23 45 28 28 33 23 6 18 20 9 15 19 12 22 11 42 24 28 31 12 18 6 22 21 45 15 38 36 48 34 29 36 36 10 32 13 26 11 17 17 31 14 14 19 17 13 15 23 8 18 13 35 18 20 24 14 12 10 22 39 40 45 34 26 33 40 16 36 9 14 24 6 11 13 14 21 15 30 49 33 30 36 30 5 25 39 26 19 26 31 10 27 49 49 54 39 25 34 32 37 26 8 21 38 20 16 14 27 16 21 9 27 12 
35 23 34 9 23 27 0 30 17 9 37 24 33 32 9 36 14 43 50 34 34 41 25 36 40 27 61 46 53 54 28 41 26 37 21 22 28 14 26 28 14 49 33 40 41 15 32 13 24 34 39 15 39 32 22 52 39 48 47 22 44 23 9 15 21 10 23 13 43 25 29 32 13 16 8 26 46 30 17 9 37 24 33 31 9 35 13 6 32 23 13 43 30 39 38 13 38 16 8 18 13 35 18 20 24 14 12 10 19 16 35 26 36 33 16 43 21 14 48 31 36 38 15 24 10 34 17 24 25 5 21 2 52 57 59 35 40 31 42 43 18 32 16 50 24 42 24 26 39 24 21 2 26 
31 22 18 29 8 11 29 0 26 20 42 25 25 30 21 6 16 46 44 47 31 36 42 25 48 37 67 49 51 55 38 28 32 32 41 22 26 39 14 40 31 57 40 39 45 32 15 26 32 18 24 28 15 33 22 53 35 38 42 23 20 17 29 30 51 21 47 42 59 44 40 47 42 17 37 11 30 17 27 21 42 26 25 30 21 5 16 29 6 29 21 47 30 31 35 21 11 16 23 46 44 55 42 36 43 44 17 39 18 13 35 18 20 24 14 12 10 38 60 44 42 48 39 17 33 50 35 30 37 35 8 30 61 61 66 50 36 45 43 49 36 19 30 49 31 23 26 38 26 32 9 31 4 
18 8 21 8 18 18 16 27 0 13 21 7 18 15 12 30 16 26 32 21 17 23 15 20 25 12 46 29 36 37 13 26 9 20 14 7 12 15 15 14 6 34 17 23 24 6 20 3 7 21 24 2 28 15 7 35 22 31 30 6 33 11 8 3 30 10 21 21 33 17 14 20 21 10 18 17 17 27 37 13 21 7 17 14 12 30 16 10 26 6 7 27 13 22 20 7 30 12 19 23 27 28 17 9 16 27 17 26 8 19 18 13 23 18 18 38 23 13 35 18 20 24 14 12 10 23 8 7 11 19 20 19 38 41 44 24 23 19 25 27 9 18 3 33 7 28 7 12 23 7 19 19 25 
29 16 26 9 14 18 8 22 13 0 34 19 26 27 1 27 5 40 44 34 29 35 26 29 39 25 60 43 48 50 26 34 22 31 23 16 22 19 17 27 14 47 30 35 38 15 23 10 21 25 31 12 30 28 15 49 34 41 42 16 35 15 9 13 29 3 28 21 44 27 28 32 21 8 16 17 9 21 13 27 34 18 26 26 0 26 5 8 23 19 6 40 25 32 33 7 29 7 6 25 23 38 22 20 26 23 4 19 11 8 31 18 28 26 8 34 13 18 48 31 33 37 19 16 13 35 18 20 24 14 12 10 51 54 58 36 35 31 38 41 19 23 14 46 21 33 18 24 31 21 12 10 17 
13 21 28 27 35 31 36 42 20 34 0 17 19 12 33 43 37 6 18 9 12 12 16 21 5 9 25 9 17 17 9 25 11 15 19 21 16 27 28 10 22 14 4 8 4 22 29 24 13 27 25 22 36 9 21 15 12 21 15 20 38 25 28 21 42 31 25 35 21 18 9 12 34 29 35 31 37 42 21 34 71 17 19 12 33 43 37 30 38 14 28 6 12 18 11 27 40 31 40 33 43 23 26 17 19 43 38 44 26 39 8 24 27 20 38 51 43 26 18 10 0 6 26 25 27 13 20 14 12 38 38 39 18 20 24 14 12 10 7 6 19 25 21 14 13 30 17 11 23 13 37 39 42 
11 4 15 15 18 15 23 26 6 18 17 0 10 8 17 28 20 22 26 21 10 17 18 13 23 11 43 25 30 32 12 19 6 13 18 3 5 21 12 15 12 31 14 17 20 12 15 10 6 15 17 9 23 9 3 30 15 24 23 3 28 8 15 10 37 15 26 28 33 21 14 21 28 12 25 14 24 26 7 18 17 36 10 8 18 27 20 17 23 4 12 23 6 15 14 11 26 14 24 29 34 31 23 13 20 34 21 33 8 22 12 8 16 11 21 36 25 20 34 18 16 22 20 9 17 24 13 5 12 26 20 26 35 37 41 24 16 19 20 24 14 12 10 28 5 22 0 12 16 7 20 25 25 
6 9 8 25 20 14 32 25 16 25 19 9 0 6 25 25 26 20 19 26 6 11 26 3 25 18 42 24 25 30 18 9 13 6 27 10 5 32 11 22 23 33 18 14 20 23 10 20 14 8 7 19 16 10 11 27 10 15 17 10 20 11 25 20 47 23 35 38 39 29 21 28 38 18 35 14 33 25 17 26 19 10 40 7 25 25 26 27 20 13 20 22 7 6 10 19 21 20 32 39 45 38 33 23 29 44 27 43 14 27 10 8 8 1 26 32 28 30 37 25 18 25 30 10 27 30 23 13 20 36 23 35 37 35 41 31 10 25 18 24 24 6 20 24 14 12 10 20 6 15 23 35 26 
3 10 15 22 24 19 31 30 14 26 12 7 7 0 25 31 27 15 18 19 2 9 20 10 18 11 36 19 22 25 11 14 7 6 22 10 4 27 16 15 19 26 11 9 14 19 17 18 9 15 14 16 23 3 11 23 7 16 15 10 27 13 23 17 43 23 29 34 32 23 14 21 34 20 32 19 31 30 14 26 12 8 7 48 26 31 28 25 26 8 20 16 1 8 6 19 27 21 32 35 42 31 27 17 23 41 28 40 16 29 5 12 15 8 28 39 32 26 31 18 11 18 26 14 24 23 19 8 13 34 27 34 30 30 35 24 8 18 13 18 19 13 17 20 8 19 8 14 12 10 26 33 30 
29 16 26 8 14 18 8 22 13 1 34 18 26 26 0 27 6 39 44 33 28 35 26 28 38 25 59 42 48 50 25 34 22 31 23 15 22 18 17 26 13 47 30 35 37 14 23 9 20 25 31 12 30 27 15 48 33 41 41 15 35 15 8 13 29 2 27 20 44 27 27 32 21 7 15 17 9 21 12 0 33 18 25 26 28 26 5 7 23 19 6 40 24 32 32 6 29 7 6 25 22 38 22 19 25 23 5 19 11 9 30 18 28 25 8 34 14 18 47 30 33 36 18 16 13 35 17 19 23 13 13 10 50 54 57 35 34 31 38 40 18 23 13 45 20 33 18 24 31 20 12 10 18 
31 23 17 33 12 12 34 4 29 25 43 27 25 31 26 0 21 46 42 48 31 36 45 24 49 39 67 49 50 55 39 25 34 31 44 24 26 43 15 42 35 58 41 39 45 36 14 30 34 17 22 31 11 34 24 52 35 36 41 25 15 19 33 33 55 25 51 47 61 47 42 49 47 21 42 13 35 5 30 26 43 27 25 31 26 25 22 33 4 31 25 47 30 29 35 25 6 20 28 50 49 58 46 39 46 49 23 45 21 19 35 19 18 23 19 8 15 42 62 46 42 49 43 18 37 52 38 32 39 40 13 36 61 60 66 52 35 47 43 49 39 18 33 48 33 20 27 40 24 34 14 36 10 
30 17 24 14 10 16 12 17 16 4 37 20 27 28 5 22 0 42 45 37 30 36 31 28 42 29 63 45 50 53 29 33 25 32 28 17 23 24 16 31 19 51 33 37 40 19 21 14 24 24 30 16 27 30 16 51 35 42 43 17 32 15 14 18 34 6 33 26 49 32 31 37 26 8 21 15 13 16 16 5 37 20 26 28 5 22 20 13 20 22 9 43 26 33 34 9 25 6 6 30 27 43 27 24 31 27 1 23 12 3 32 18 26 26 3 29 8 23 52 35 36 41 24 16 18 39 22 23 28 18 8 13 54 57 61 40 36 35 40 44 23 22 18 48 23 32 20 28 30 24 8 14 12 
29 17 30 3 21 23 6 29 11 8 31 18 28 26 8 34 13 37 43 28 28 34 20 30 34 21 55 39 46 47 21 36 20 31 16 17 22 11 22 21 8 42 26 33 34 9 27 7 18 29 34 9 35 26 16 46 33 42 41 16 40 19 2 9 22 8 20 13 37 20 22 26 13 13 9 23 6 29 10 8 30 17 27 25 7 33 13 53 30 17 9 37 24 33 31 9 35 13 11 17 17 31 14 14 19 17 13 15 14 16 29 21 31 28 16 41 21 10 42 25 30 32 11 20 5 29 11 17 19 9 20 9 46 50 53 29 34 25 36 37 12 27 9 44 18 37 17 19 33 17 20 8 25 
26 19 12 29 9 8 32 6 25 23 38 22 20 26 23 4 19 41 38 44 26 31 41 20 44 34 62 45 45 50 35 21 29 26 40 19 22 39 11 38 31 53 36 35 40 32 9 26 29 12 18 27 9 29 20 48 30 32 36 20 14 14 30 29 52 22 47 43 57 43 37 44 44 17 39 8 32 6 26 23 38 23 20 26 23 4 20 30 23 27 21 42 26 25 30 21 5 16 26 47 46 54 42 35 42 46 21 42 17 17 31 14 14 19 17 13 15 38 57 41 38 44 39 14 33 47 34 28 35 37 12 33 57 56 61 48 31 42 38 44 35 13 29 44 28 17 23 35 20 30 12 33 10 
12 7 19 14 21 18 23 29 6 19 15 4 13 9 18 32 22 20 26 17 11 17 14 16 20 7 40 23 29 31 8 22 3 15 14 7 7 19 16 11 10 29 11 16 18 10 19 10 2 19 21 8 27 9 7 29 15 25 23 6 31 12 14 8 34 16 22 26 30 17 10 17 25 15 24 18 23 29 6 19 14 4 13 8 19 31 22 17 27 35 13 21 7 17 14 12 30 16 25 26 33 27 19 9 16 33 23 32 11 24 12 12 20 14 23 40 28 17 31 14 14 19 17 13 15 20 10 1 8 25 24 26 32 35 39 21 17 15 19 21 10 16 8 27 1 25 4 8 19 3 23 25 28 
23 10 21 8 13 14 12 21 7 6 28 12 20 20 5 25 8 33 38 29 22 29 22 23 33 20 54 37 42 44 20 28 16 25 20 9 16 18 13 22 11 42 24 29 31 11 18 6 15 20 25 7 26 21 9 42 27 35 35 9 31 10 8 9 31 3 26 22 40 24 22 28 22 4 18 13 13 21 7 6 28 12 20 20 6 25 9 9 21 13 35 34 18 26 26 0 26 5 12 25 26 35 21 16 23 26 9 23 5 11 24 12 23 20 10 33 16 17 43 26 27 32 18 11 12 31 14 14 19 17 13 15 45 48 52 31 28 26 32 35 15 18 9 40 14 28 12 19 25 15 12 15 18 
16 26 31 34 40 35 43 47 26 40 6 22 22 16 39 47 43 2 15 14 16 12 22 23 6 16 20 2 11 10 15 26 17 16 25 26 21 34 32 16 29 11 10 8 2 28 33 30 19 30 27 28 38 13 26 9 13 19 12 26 40 30 34 28 48 37 31 41 22 24 15 17 41 35 41 35 43 47 27 40 6 23 22 16 40 47 43 37 42 21 34 62 17 19 12 33 43 37 46 39 50 26 32 24 24 49 44 50 31 45 11 29 30 24 44 55 48 33 17 15 7 8 32 30 33 17 26 20 18 44 43 46 14 14 19 17 13 15 4 2 26 29 27 8 19 32 23 18 25 19 42 45 47 
5 9 15 21 23 18 29 30 12 24 12 6 8 2 24 30 26 16 19 19 4 10 19 10 18 10 37 20 23 26 11 15 6 7 20 9 3 26 15 14 17 27 11 10 15 17 16 16 7 15 15 15 24 3 9 24 9 18 17 9 27 12 21 15 41 22 28 33 32 22 13 20 33 18 31 18 30 30 13 25 12 6 7 1 24 30 26 24 26 7 18 17 29 10 8 18 27 20 31 33 40 31 26 16 21 40 27 39 14 28 6 11 16 9 27 38 31 24 31 17 12 18 24 13 22 23 17 7 12 32 26 32 31 31 36 23 10 18 14 19 17 13 15 21 7 20 6 13 13 8 25 32 29 
5 16 12 30 26 20 38 30 21 32 17 14 6 8 31 29 32 17 13 26 6 6 29 5 23 20 37 21 20 25 20 7 16 3 30 16 10 36 17 23 27 30 18 11 18 27 15 25 18 12 8 24 20 10 17 22 6 9 11 16 21 17 31 25 52 29 38 43 39 32 22 28 43 25 41 20 39 31 22 32 18 15 6 8 32 29 33 33 25 17 26 19 10 28 7 25 25 26 38 43 50 39 36 26 31 50 34 48 21 33 9 15 11 7 33 36 35 35 36 25 17 24 35 17 32 30 27 17 22 42 30 41 34 31 37 31 6 26 14 21 27 12 25 19 17 13 15 22 6 19 29 41 32 
4 16 18 28 29 24 37 35 20 32 10 14 10 6 32 35 34 10 11 20 4 2 23 11 16 14 31 14 16 20 14 14 12 4 26 17 10 32 21 18 25 23 11 4 11 24 20 24 14 18 15 22 26 5 17 17 1 11 9 17 28 19 29 23 48 30 33 40 32 26 16 22 39 26 38 24 38 35 20 33 11 14 10 6 32 35 34 31 30 14 26 12 8 7 38 26 31 28 39 39 47 33 32 22 26 47 35 46 22 35 3 17 17 11 35 42 38 31 29 19 10 17 31 19 30 24 24 14 17 40 33 40 27 25 31 24 2 19 8 14 24 16 22 14 14 20 14 17 13 15 32 40 36 
22 9 21 7 13 14 13 22 7 6 28 12 20 20 6 26 9 33 37 28 22 28 22 22 32 19 53 36 41 44 20 28 16 24 19 9 15 18 13 21 10 41 24 28 31 11 18 5 14 20 25 7 26 21 8 42 27 35 35 9 31 10 8 8 31 4 25 22 40 23 22 27 22 4 18 14 13 21 7 7 27 11 19 19 6 25 9 9 21 12 0 33 18 25 26 35 26 5 13 25 26 34 21 15 22 26 10 23 5 12 24 12 23 19 11 34 16 17 42 25 27 31 17 11 12 30 14 13 18 17 13 15 45 48 51 31 28 26 31 34 14 18 9 39 14 28 11 19 25 14 13 15 18 
27 22 12 34 14 12 37 10 29 28 40 25 21 27 28 6 24 42 37 46 27 31 44 19 46 37 62 45 44 50 37 20 32 27 44 23 24 44 14 41 35 54 38 35 41 36 11 31 32 12 17 31 5 31 23 48 31 31 36 24 9 18 35 33 57 27 51 48 59 47 40 47 49 22 44 12 38 11 30 29 40 26 21 27 29 6 25 35 5 30 26 43 27 25 31 26 26 22 32 52 52 57 47 39 46 52 26 48 21 23 32 17 13 19 23 11 20 43 59 44 39 46 43 17 38 50 38 31 38 43 17 39 58 56 62 50 31 45 39 45 39 14 33 44 31 14 26 38 19 33 17 39 15 
24 11 19 13 8 10 15 16 12 6 31 14 20 22 6 20 6 36 39 33 23 30 27 22 36 24 57 40 44 47 24 27 20 26 25 10 17 23 10 26 16 45 28 31 34 16 16 11 18 18 24 12 22 24 10 45 28 35 36 11 28 9 13 14 35 5 31 26 45 29 26 32 27 1 22 10 16 16 12 7 31 14 20 21 7 20 6 13 16 16 5 37 20 26 28 5 22 30 12 30 30 40 26 21 28 30 7 26 5 7 26 11 21 19 7 28 11 22 47 30 30 35 23 9 17 35 19 17 23 21 8 17 49 51 55 36 29 31 34 38 20 16 14 42 18 26 14 24 24 19 7 17 13 
35 22 31 13 17 22 8 23 19 6 40 25 32 33 7 29 7 46 50 39 35 41 31 34 44 31 65 49 54 56 32 39 28 37 28 22 28 22 22 32 19 53 36 41 44 20 28 16 27 30 36 18 34 34 21 55 40 47 48 22 39 21 13 19 29 9 31 21 49 32 33 38 22 13 16 22 8 23 19 6 40 24 32 32 6 28 6 11 26 25 12 46 31 38 39 13 32 12 60 27 21 42 26 25 30 21 5 16 17 9 37 24 33 31 9 35 13 21 53 36 39 43 22 22 17 40 23 26 29 13 14 8 57 60 64 41 41 37 44 47 23 29 19 52 26 38 24 30 36 26 14 8 18 
38 31 44 17 38 40 18 47 23 26 34 30 40 35 25 51 31 40 50 26 37 42 17 43 34 25 53 41 50 49 25 48 27 41 14 30 34 7 38 22 17 40 29 39 37 16 43 21 25 44 47 21 51 34 30 48 41 51 47 29 56 34 17 19 8 25 9 5 29 15 24 23 5 29 10 39 18 46 23 25 33 29 39 35 25 50 30 17 47 26 25 39 33 43 39 25 52 30 27 34 13 21 7 17 14 12 30 16 30 34 36 36 46 40 33 59 39 9 37 24 33 31 9 35 13 24 15 26 22 14 38 20 43 50 51 25 42 24 40 38 15 41 19 47 26 51 29 22 46 24 37 19 43 
45 35 47 19 37 40 14 44 28 23 44 35 45 42 23 49 27 50 59 38 44 50 29 48 46 34 66 52 61 60 35 54 35 48 25 34 39 16 39 33 22 53 40 48 47 23 45 24 33 47 51 25 52 42 34 59 49 58 56 34 58 36 19 24 9 24 22 9 43 27 35 35 9 30 9 40 13 44 27 23 43 34 45 42 22 49 27 17 46 33 26 50 40 50 47 26 52 30 21 13 18 34 18 26 26 0 26 5 32 30 45 39 49 45 30 56 34 17 50 35 43 43 17 37 17 37 24 33 31 9 35 13 55 62 63 37 50 36 50 49 24 44 25 58 33 55 34 32 51 32 35 13 39 
34 34 46 29 47 45 35 56 28 38 23 31 39 32 38 58 43 28 41 13 33 35 12 41 20 20 34 27 37 34 20 46 25 36 15 34 34 21 43 16 24 22 21 31 25 23 46 29 25 46 46 27 54 29 34 34 34 44 38 33 58 39 29 25 28 37 12 25 9 11 17 10 25 39 29 45 35 55 28 38 23 31 38 31 38 58 43 31 54 27 35 26 31 39 33 34 57 40 42 21 34 74 17 19 12 33 43 37 37 46 30 39 47 40 46 67 51 21 17 13 23 17 20 40 25 9 20 26 19 33 48 37 24 33 31 9 35 13 29 24 20 43 25 35 25 51 31 18 44 24 47 37 53 
31 25 38 13 34 34 18 43 17 23 27 23 33 28 22 47 28 33 43 19 30 35 10 36 27 18 47 34 43 42 18 42 20 34 6 24 27 3 32 15 11 34 22 32 30 10 37 16 18 37 40 15 45 26 24 41 34 44 40 23 50 28 13 13 15 22 5 9 25 9 17 17 9 25 11 34 18 42 17 22 26 23 33 27 22 46 27 14 42 19 21 32 26 36 32 21 47 26 26 7 18 17 48 10 8 18 27 20 25 31 29 30 39 34 30 55 36 4 31 17 26 25 3 29 9 18 9 19 15 15 34 20 37 44 45 19 35 17 33 31 9 35 13 40 19 45 23 15 39 17 33 19 39 
21 16 29 11 28 27 20 36 9 20 18 14 23 18 19 39 24 24 33 13 20 25 6 26 20 8 41 26 34 34 8 32 10 24 5 16 17 10 24 7 6 28 13 22 21 5 28 10 8 28 30 8 36 16 15 33 23 34 30 15 41 20 11 6 25 18 12 17 24 8 9 12 17 19 17 26 20 36 9 20 17 13 23 17 19 39 24 14 35 9 16 24 16 26 22 15 39 21 25 17 26 19 10 66 7 25 25 26 17 27 19 21 30 24 27 48 32 9 28 10 17 18 8 21 9 15 2 9 5 20 29 22 31 37 39 15 25 11 24 24 2 26 6 31 9 35 13 6 29 7 28 22 34 
26 23 36 17 35 34 24 43 16 26 19 20 29 23 25 47 31 25 36 11 25 29 2 32 20 11 39 26 36 34 11 37 15 28 2 23 23 10 31 8 12 26 15 25 22 11 35 17 14 35 37 15 43 21 22 33 28 38 34 22 48 27 16 13 23 24 7 17 18 1 10 9 17 26 19 33 24 43 16 26 19 20 29 23 25 46 31 19 42 16 23 24 21 31 26 22 46 28 30 14 26 12 8 7 63 26 31 28 25 34 23 28 36 30 33 55 39 10 24 9 18 17 9 28 13 10 8 15 9 22 36 26 29 36 37 11 29 9 26 24 7 32 13 33 15 41 20 9 35 13 35 25 41 
45 35 47 19 37 41 14 45 28 23 44 35 45 42 23 50 28 50 59 37 44 50 28 48 45 34 65 52 60 60 34 53 35 48 24 34 39 15 39 32 22 52 39 48 47 22 45 24 33 47 51 25 52 41 34 59 48 58 56 34 58 36 19 24 8 24 21 8 42 27 34 35 9 30 9 40 14 44 27 23 43 34 44 41 23 49 27 17 46 33 26 49 40 50 47 26 52 30 21 12 0 33 18 25 26 18 26 5 32 30 44 39 49 45 30 57 35 16 49 35 43 43 17 37 17 36 23 33 31 9 35 13 55 62 63 37 50 35 50 49 24 44 24 57 33 55 34 31 51 32 35 13 40 
31 18 26 14 12 17 12 18 17 4 38 21 28 29 5 23 1 43 46 38 31 37 31 29 42 29 63 46 51 54 30 34 26 33 28 18 24 24 17 31 19 51 34 38 41 19 22 14 24 25 31 17 28 31 17 52 36 43 44 18 34 16 14 18 33 6 33 25 49 32 32 37 26 9 20 16 12 17 17 4 38 21 27 28 5 23 1 13 21 23 9 44 27 34 35 10 26 7 5 30 26 43 27 25 31 26 70 22 13 4 33 19 28 27 3 30 9 23 52 35 37 41 24 17 18 40 23 23 28 17 9 13 55 58 62 41 37 36 41 44 23 24 18 49 24 33 21 29 31 24 9 13 13 
44 33 44 18 33 37 10 40 26 20 44 33 43 41 19 45 23 50 58 39 43 49 30 46 47 34 67 53 60 61 35 51 34 47 26 32 38 17 36 34 22 54 40 48 48 22 42 22 32 44 49 24 49 41 31 59 48 57 55 32 54 34 17 23 14 21 24 11 45 29 35 36 12 26 9 36 10 39 26 19 44 33 43 40 19 45 23 15 42 32 23 50 39 48 46 23 48 26 16 16 5 37 20 26 28 5 22 26 29 26 44 36 46 43 25 52 30 18 52 36 43 44 18 35 17 38 24 32 32 6 31 9 57 63 65 39 49 37 50 50 24 42 24 58 32 52 33 32 48 31 31 9 35 
18 5 15 12 10 9 18 18 8 10 26 8 15 16 10 22 11 30 33 28 18 24 24 17 31 19 51 34 38 41 19 22 14 20 22 5 11 22 7 22 14 40 23 25 29 14 13 9 13 14 19 10 21 18 4 39 23 30 31 5 26 4 13 12 36 8 29 27 41 26 22 28 27 4 23 9 19 18 8 11 26 8 14 16 11 21 12 14 17 11 5 31 14 21 22 5 21 5 17 30 32 37 25 17 25 32 13 29 54 13 21 7 17 14 12 30 16 21 42 26 25 30 21 5 16 31 17 12 19 23 12 21 44 46 50 32 24 26 28 33 17 12 12 36 13 23 8 19 19 14 11 20 16 
31 18 24 17 9 15 16 14 19 8 39 22 27 29 8 19 3 44 46 40 31 37 34 29 44 31 65 47 51 54 32 33 27 33 31 18 24 27 16 33 22 53 36 39 42 22 20 17 26 23 30 19 25 31 18 52 36 42 44 19 31 16 18 21 37 9 36 29 52 35 34 40 30 9 24 14 16 13 19 8 39 22 27 29 9 19 3 16 17 24 11 45 28 33 35 12 23 7 9 34 30 46 31 27 34 30 4 26 13 42 34 18 26 26 0 26 5 27 55 37 38 43 27 16 22 42 26 25 30 21 5 16 57 59 63 43 37 38 42 46 26 22 21 49 26 31 22 31 30 26 5 17 9 
4 15 19 26 29 24 35 35 18 30 8 12 11 5 30 36 32 10 14 17 4 6 20 12 14 11 31 14 17 20 11 16 9 6 22 15 9 29 21 15 22 22 8 4 9 22 21 22 11 19 17 20 27 3 16 18 4 14 11 15 30 19 27 20 45 28 30 37 29 23 13 19 36 25 35 24 35 35 18 31 8 12 10 5 30 35 32 29 31 12 24 11 6 9 3 24 32 26 37 36 45 30 29 19 23 44 33 44 21 34 85 17 19 12 33 43 37 28 27 16 8 15 28 19 27 21 21 11 14 37 32 38 26 25 30 21 5 16 8 13 21 17 20 15 11 22 12 14 15 12 31 37 35 
13 5 8 19 11 6 25 18 12 17 24 8 9 12 17 19 17 27 27 29 13 19 27 10 30 19 49 31 33 37 20 15 14 15 26 5 7 28 3 23 19 38 22 21 26 19 7 15 14 7 12 15 15 15 6 35 18 24 25 6 20 2 20 17 43 15 34 33 42 29 23 30 34 10 30 6 26 18 13 18 24 8 8 12 18 19 18 21 14 12 12 29 11 15 17 12 17 11 24 36 39 39 30 21 28 39 19 36 7 18 17 52 10 8 18 27 20 27 42 27 23 30 27 2 23 32 21 13 20 30 15 28 42 43 48 33 19 27 25 30 21 5 16 32 14 15 8 21 12 15 14 28 18 
14 14 2 29 17 11 35 20 22 27 27 16 8 15 27 18 26 28 24 35 14 18 34 6 33 26 49 32 31 37 27 7 21 13 35 15 13 38 10 30 29 41 26 22 28 29 5 25 22 2 4 25 8 18 15 34 17 18 22 16 11 12 30 26 53 25 43 44 48 37 29 36 44 20 40 11 36 20 23 28 27 16 8 15 28 18 26 31 14 20 23 30 16 11 17 23 13 21 33 46 49 47 39 30 36 49 28 46 17 26 19 10 51 7 25 25 26 36 46 33 27 34 37 11 33 39 30 21 28 40 21 38 45 42 49 39 17 34 26 32 31 4 26 30 21 5 16 28 5 23 21 38 22 
7 10 7 25 19 13 32 24 17 25 20 10 1 8 25 23 25 22 20 28 8 12 28 2 26 19 43 26 26 31 20 8 14 7 28 10 6 32 10 23 23 34 19 15 22 23 9 20 15 6 6 20 15 11 11 29 11 16 18 11 18 10 26 21 48 23 36 39 40 31 22 29 39 18 36 13 33 24 18 26 20 11 1 8 25 23 26 28 19 14 20 24 9 7 11 19 19 19 31 40 45 40 34 24 30 45 27 43 14 26 12 8 7 61 26 31 28 31 39 26 20 27 31 10 28 32 24 15 21 37 22 35 38 37 42 32 12 27 19 26 25 5 21 25 15 11 11 21 5 16 22 35 25 
31 18 23 17 9 14 15 14 18 7 38 21 27 29 8 20 2 43 45 39 30 37 33 28 43 30 64 47 51 54 31 32 27 32 31 18 24 27 15 33 21 52 35 38 42 22 20 16 25 23 29 18 25 31 17 52 35 42 43 18 31 15 17 20 37 8 36 29 51 34 33 39 29 8 24 14 16 14 18 8 38 21 26 28 8 19 3 16 17 23 10 44 27 33 35 11 23 7 9 33 30 46 30 27 33 30 3 25 12 0 33 18 25 26 43 26 5 26 54 37 38 42 27 16 21 42 25 24 30 21 5 16 56 58 63 42 36 37 41 45 26 22 20 49 25 31 21 30 30 26 5 16 9 
39 32 24 41 20 21 42 12 38 33 51 36 32 39 34 8 28 53 48 57 39 43 54 31 57 47 74 57 56 62 48 31 42 38 53 32 35 52 24 51 44 65 49 47 53 44 22 39 42 24 28 40 17 42 33 59 42 42 47 33 18 28 42 42 63 33 59 55 70 56 50 57 55 29 50 21 43 12 38 34 51 36 32 39 34 8 29 41 13 40 33 55 38 36 42 34 11 28 35 59 56 67 55 48 55 57 30 52 30 26 43 27 25 31 26 11 22 51 70 55 51 57 51 27 46 60 47 41 48 48 21 43 69 68 74 61 42 55 51 57 47 26 42 55 42 25 36 49 30 43 21 43 16 
34 21 24 22 9 15 21 10 23 13 43 25 29 32 13 16 8 47 48 44 33 40 39 30 48 35 68 51 54 57 36 34 31 35 36 21 27 32 17 38 27 57 39 41 46 27 21 22 30 24 30 24 24 34 21 55 38 43 46 22 29 18 23 25 42 14 41 34 56 40 38 44 35 13 29 15 21 10 23 13 43 25 28 32 14 15 8 21 15 28 16 48 31 35 38 16 20 11 13 39 34 51 36 32 39 35 9 30 16 5 37 20 26 28 5 22 33 32 59 42 42 47 32 18 27 47 30 29 35 26 5 21 61 62 67 48 39 42 45 49 31 23 26 52 30 30 25 35 31 30 5 21 5 
29 22 35 9 30 31 14 39 14 18 27 21 31 26 18 43 24 33 42 21 29 34 12 34 29 17 49 35 43 43 17 39 19 32 8 21 25 1 29 16 7 36 22 31 30 7 34 12 17 34 38 11 42 25 21 42 32 42 40 20 47 25 9 10 16 17 9 8 28 11 17 18 8 21 9 30 14 38 13 18 26 20 30 26 18 42 23 10 38 17 17 33 24 35 31 17 43 22 21 9 17 21 4 9 10 16 23 18 21 27 28 27 36 31 26 51 32 26 34 18 26 26 0 26 5 21 7 17 14 12 30 16 39 45 47 21 33 19 33 32 7 32 10 41 17 42 20 15 37 16 29 16 35 
31 38 46 39 53 49 48 60 35 48 18 34 38 31 47 62 52 19 31 14 31 30 22 40 12 23 17 16 25 19 23 43 28 33 26 38 35 35 46 21 34 7 20 25 18 33 48 38 29 46 44 35 54 27 38 21 29 37 30 37 57 43 40 34 45 46 28 41 8 23 20 15 40 45 43 49 48 60 35 48 18 34 37 31 47 62 52 42 57 31 43 17 31 36 29 42 59 47 53 37 50 17 31 28 24 49 52 52 42 55 27 42 46 39 54 70 59 34 42 17 19 12 33 43 37 13 30 30 24 47 55 50 7 17 14 12 30 16 22 15 30 44 34 23 29 49 34 23 42 28 54 50 59 
20 22 33 22 36 33 31 44 18 31 10 18 25 18 30 46 35 16 28 2 19 22 6 28 10 7 30 17 27 25 6 32 12 22 10 22 20 19 30 3 17 17 7 17 13 16 33 20 12 32 32 18 41 15 22 24 21 30 25 21 45 27 22 17 32 28 15 26 15 8 4 3 26 28 27 33 31 44 18 31 10 18 25 18 30 46 35 25 41 14 26 15 17 25 19 25 44 30 36 24 35 13 17 10 9 35 35 36 26 37 16 27 33 26 37 55 42 18 17 14 10 8 18 27 20 5 13 13 7 30 38 33 21 27 28 6 21 0 17 14 12 30 16 24 13 37 18 6 30 11 37 33 42 
12 20 27 27 35 30 36 42 20 33 1 16 18 12 32 43 36 7 18 10 12 12 15 20 6 9 26 9 17 17 8 24 10 14 19 20 16 27 27 10 22 15 3 7 4 21 28 23 12 27 25 21 35 8 20 16 11 21 15 20 38 24 27 21 42 31 25 34 21 18 8 12 34 29 34 30 36 42 20 33 0 16 18 11 33 42 36 30 38 14 27 7 12 17 10 27 39 30 39 33 43 23 26 17 18 43 37 43 25 38 8 23 27 20 38 51 42 26 19 10 34 7 25 25 26 14 19 13 11 37 37 39 19 21 24 14 12 10 7 7 19 25 20 14 12 30 16 11 23 12 37 38 41 
19 26 34 29 40 36 38 48 24 37 7 22 25 18 36 49 40 10 23 5 19 19 14 28 2 11 23 10 20 17 11 31 15 21 18 26 22 27 33 10 24 10 7 14 7 23 35 27 17 34 32 24 42 15 26 17 18 27 21 25 45 30 30 23 40 34 23 34 14 16 9 8 34 34 35 36 38 48 24 37 6 22 25 18 36 49 41 32 44 19 32 8 18 24 17 31 46 35 43 31 43 17 25 18 17 43 41 44 30 43 15 30 34 27 42 57 47 26 12 8 7 29 26 31 28 8 20 18 13 38 43 41 13 19 21 8 19 7 12 7 20 31 23 17 17 37 22 12 30 16 42 40 47 
29 22 35 10 31 31 15 39 14 19 26 21 31 26 18 43 24 33 42 20 29 34 11 34 28 17 48 34 43 42 17 39 18 32 7 21 25 1 29 15 8 35 22 31 30 7 34 12 17 35 38 12 42 25 21 41 32 42 39 21 47 25 9 10 17 18 8 9 28 10 17 18 8 22 9 30 15 39 14 19 26 20 30 26 18 43 24 11 39 17 18 32 24 35 31 17 43 23 22 9 17 20 3 8 9 17 24 18 21 27 28 27 37 31 27 51 32 0 33 18 25 26 25 26 5 20 7 17 14 13 30 17 38 45 46 21 33 18 32 32 7 32 10 40 17 42 20 14 37 16 30 16 35 
15 5 9 18 10 5 24 17 12 16 25 8 11 14 15 18 15 29 29 30 15 21 27 12 31 20 50 33 35 39 21 17 15 16 26 5 9 27 3 24 18 40 23 23 28 19 7 14 15 9 14 14 15 17 6 37 20 26 27 6 21 1 19 16 42 14 33 32 43 29 23 30 33 8 29 5 24 17 12 16 25 9 10 14 16 18 16 20 14 13 11 30 13 17 19 11 17 9 22 35 37 40 29 21 28 37 17 35 5 16 19 2 11 10 16 27 18 26 43 27 25 31 26 60 22 33 21 14 21 28 13 26 44 44 49 34 21 28 27 32 21 7 16 34 14 17 9 21 14 16 12 26 16 
27 18 31 4 25 26 10 34 10 13 27 18 28 24 13 38 18 33 41 23 27 32 14 31 30 17 51 36 43 44 18 36 17 30 11 17 22 6 24 17 4 38 23 31 31 5 29 7 15 30 34 8 37 24 17 42 31 40 38 17 43 21 4 6 20 12 14 11 32 14 18 21 11 16 8 25 10 33 10 13 27 17 27 24 13 37 18 5 33 15 12 33 22 32 30 12 38 17 17 13 17 25 9 9 13 17 18 17 16 22 27 23 33 28 21 46 27 5 37 20 26 28 5 22 33 23 7 15 15 11 25 13 41 46 48 24 32 21 32 33 7 28 7 40 15 38 17 15 33 14 24 12 30 
25 28 38 26 42 39 34 50 23 35 14 24 31 24 35 52 39 19 32 4 25 26 9 33 11 12 29 18 29 25 12 37 18 27 13 28 26 21 36 9 21 16 12 21 16 20 39 25 18 38 38 23 46 20 27 25 25 35 29 27 50 32 26 21 32 33 15 28 9 9 9 2 27 34 30 39 34 50 23 35 13 24 30 23 35 52 39 29 47 20 31 17 23 30 24 30 50 35 40 24 37 9 18 15 10 36 40 38 31 42 21 32 39 32 42 60 47 21 13 5 14 8 20 33 23 68 17 19 12 33 43 37 18 26 26 0 26 5 20 16 16 35 21 26 18 43 24 11 36 17 42 36 48 
22 16 29 9 27 26 17 35 9 18 20 14 24 19 17 39 23 26 35 16 21 27 8 27 23 10 44 29 36 37 11 33 11 25 5 15 18 8 24 10 3 31 16 24 24 3 28 8 9 28 31 7 36 18 15 35 25 35 32 14 41 20 9 5 24 16 12 15 26 9 11 14 15 18 15 26 17 35 8 18 20 13 23 19 17 38 22 11 34 10 14 26 17 27 24 14 38 19 23 15 24 20 9 2 8 23 23 24 17 26 21 21 30 24 25 47 30 7 30 13 19 20 7 21 7 17 37 10 8 18 27 20 34 39 41 18 26 14 26 26 0 26 5 34 10 36 13 8 30 8 27 19 32 
12 9 20 14 23 20 23 31 6 20 14 5 14 9 19 33 23 19 26 16 11 17 13 17 19 6 39 22 29 30 7 22 2 15 13 8 8 18 17 9 10 28 10 16 17 10 20 10 1 20 21 8 28 8 8 28 15 25 23 7 32 13 15 8 34 17 21 25 28 16 9 16 25 16 24 19 24 30 7 20 14 5 13 8 19 32 23 17 28 1 14 20 7 17 14 13 31 17 26 26 33 26 19 9 15 33 23 32 12 25 11 13 21 15 24 41 29 17 30 13 13 18 17 14 15 19 10 52 7 25 25 26 31 34 38 19 17 14 18 21 10 17 8 26 0 26 5 7 20 2 24 26 29 
17 16 27 16 29 27 25 37 11 24 12 12 20 14 23 40 27 18 28 9 16 20 6 23 15 2 36 21 29 29 3 28 6 19 8 15 15 15 24 3 10 23 8 17 16 10 27 13 6 27 28 11 35 12 15 27 19 29 25 14 39 20 16 10 30 21 16 23 22 9 3 9 23 21 23 26 25 37 11 24 12 12 20 13 23 39 28 19 35 8 19 18 12 22 17 18 38 23 29 22 31 19 15 5 9 31 28 32 19 30 14 20 28 21 30 48 35 14 24 7 11 13 14 21 15 12 8 7 53 26 31 28 27 31 34 13 20 7 18 18 7 24 10 26 6 32 12 0 26 5 30 27 35 
37 26 38 11 28 31 5 36 20 14 38 27 37 35 14 41 19 44 52 33 37 43 24 39 41 28 61 47 54 55 29 45 28 40 20 26 31 12 30 28 15 48 34 41 42 16 36 16 26 38 43 17 43 34 25 53 41 51 49 25 49 27 10 17 16 15 21 8 41 24 29 31 9 21 4 31 5 35 19 14 38 26 36 34 13 40 18 9 37 25 17 44 32 42 40 17 43 21 13 14 9 33 15 20 22 9 17 6 23 21 37 30 40 37 21 48 26 12 47 30 37 38 13 28 11 33 18 25 26 1 26 5 51 57 59 34 42 31 43 44 18 36 17 51 26 46 26 26 42 25 26 5 31 
29 17 19 20 4 10 21 9 19 12 38 21 24 27 12 14 7 42 43 41 28 34 35 25 43 31 63 46 49 53 32 29 27 30 33 17 22 31 12 34 24 52 35 36 41 24 16 19 26 19 25 20 20 30 17 50 33 38 41 17 25 13 21 22 42 12 39 33 53 37 34 40 34 9 28 10 21 8 20 12 38 20 23 27 13 13 8 20 12 24 13 43 26 30 33 13 17 8 14 38 35 48 34 29 36 35 9 31 12 5 32 15 21 22 5 21 5 30 55 38 37 43 30 13 25 43 27 25 31 26 52 22 56 57 62 44 34 39 40 45 28 18 22 47 25 26 20 31 26 26 0 22 5 
37 25 36 12 24 28 3 31 20 10 40 26 36 34 10 36 14 46 52 36 36 43 28 38 43 30 64 48 55 56 30 43 29 40 24 24 30 16 28 30 17 51 35 42 43 17 33 16 27 35 41 18 40 35 24 55 41 50 49 24 46 25 11 18 21 12 25 14 45 28 31 34 15 18 9 27 2 30 19 10 39 26 35 34 10 36 13 9 33 26 15 46 32 41 40 15 39 17 8 20 13 37 20 22 26 13 13 9 21 16 38 28 38 35 16 43 21 16 50 33 39 41 17 26 13 37 20 26 28 5 22 10 54 59 62 38 42 34 45 46 21 33 18 53 27 43 26 28 40 26 21 0 26 
30 39 45 43 54 49 52 61 38 51 18 35 37 30 50 62 54 16 27 18 30 27 27 38 12 25 10 12 20 13 25 40 29 31 31 39 35 40 46 24 37 3 21 23 16 37 47 40 30 45 42 38 53 27 39 15 27 33 26 38 55 43 43 37 51 48 34 46 15 28 23 20 46 47 48 49 52 61 38 51 18 35 37 30 50 61 54 46 57 32 45 14 31 34 27 45 58 49 57 43 55 24 37 31 29 55 55 57 44 57 26 42 45 38 56 69 61 39 7 21 19 13 38 44 41 18 34 31 27 51 56 54 35 10 8 18 27 20 19 12 33 43 37 18 31 47 35 26 40 30 55 54 60 
29 40 43 47 54 49 56 61 41 54 20 37 35 30 53 60 57 15 21 24 29 24 33 36 16 29 6 11 12 6 29 37 31 29 37 40 35 46 46 29 42 10 24 21 16 42 46 44 33 43 39 42 51 27 41 8 25 27 21 40 52 44 48 41 59 52 41 53 25 35 28 27 53 49 54 49 57 61 41 54 20 37 35 30 54 60 57 50 56 35 48 14 31 31 25 48 56 51 60 50 62 33 44 37 36 62 58 63 46 59 25 43 42 37 58 68 62 45 17 27 21 19 45 44 46 26 39 34 31 57 57 59 10 38 7 25 25 26 17 13 39 42 41 12 33 43 37 31 37 33 57 59 61 
35 45 49 50 59 54 59 66 44 58 24 41 41 35 57 66 61 20 28 25 35 30 34 42 19 32 2 16 20 12 32 43 35 35 38 45 40 47 52 31 45 10 27 26 21 44 52 47 37 49 45 45 57 32 45 15 31 34 27 44 58 49 51 44 59 55 42 54 23 36 30 28 54 54 56 54 59 66 44 58 24 41 41 35 57 66 61 53 61 39 52 19 36 37 31 51 62 55 64 51 63 31 45 39 37 63 62 65 50 63 30 48 49 42 63 74 67 47 14 28 24 21 46 49 48 26 41 38 34 59 62 62 8 7 25 26 31 28 23 17 41 48 44 19 37 50 41 33 43 37 61 61 66 
26 28 39 27 42 40 35 50 24 36 14 25 31 24 35 53 40 19 32 4 25 26 9 34 11 13 28 18 29 25 12 38 18 28 13 28 26 22 37 10 22 15 13 22 16 21 39 26 18 38 38 24 47 21 28 25 25 35 29 27 51 33 27 22 33 34 16 28 8 10 10 3 28 34 30 39 35 50 24 36 14 24 31 24 35 52 40 29 48 21 31 17 23 31 24 31 50 36 41 25 37 9 19 15 11 37 41 39 32 43 21 33 39 32 42 61 48 21 12 6 14 8 21 34 24 0 18 19 13 34 44 38 18 25 26 67 26 5 20 15 17 36 22 26 19 43 24 12 36 18 43 37 49 
5 18 18 31 30 25 39 36 22 34 12 16 10 8 34 35 35 11 9 22 6 0 26 11 17 17 31 14 14 19 17 12 15 4 28 19 12 35 22 20 27 24 14 5 12 27 21 26 17 18 14 25 26 8 19 17 1 9 7 19 27 21 31 25 50 32 36 42 33 29 19 24 42 28 41 25 40 36 23 35 12 16 10 8 34 35 36 34 31 17 28 13 10 6 2 28 31 29 41 42 50 35 35 25 29 50 37 49 24 37 5 19 17 12 36 42 39 33 30 21 12 19 33 21 32 26 26 17 20 42 34 42 27 25 31 26 87 22 8 15 26 17 25 13 16 19 16 20 12 17 33 42 37 
20 23 33 23 37 34 31 45 19 31 10 19 26 19 31 47 35 16 28 2 20 22 7 28 10 7 30 17 26 25 7 33 12 23 11 23 21 20 31 4 17 17 8 18 13 17 34 21 13 33 33 19 41 15 22 24 21 31 25 22 45 27 23 17 33 29 16 27 14 9 4 2 26 29 28 34 31 45 19 31 10 19 25 18 31 47 35 25 42 15 26 15 18 26 19 26 45 31 37 24 36 13 17 11 9 35 36 37 26 38 16 27 34 27 37 55 42 19 16 0 10 7 18 28 21 5 14 14 7 31 39 34 20 26 28 5 22 74 17 14 13 30 17 24 13 38 19 7 31 12 38 33 43 
12 23 26 33 37 32 42 43 25 38 6 20 18 13 37 43 40 2 11 16 12 8 23 19 9 15 23 6 10 12 15 21 16 12 26 23 17 34 29 17 28 15 10 3 4 27 29 29 18 26 23 27 34 10 24 10 8 15 8 23 36 27 33 27 49 35 33 41 26 25 15 19 41 32 41 32 42 43 25 38 7 20 18 13 38 43 40 36 38 19 32 4 14 14 8 31 39 34 44 40 50 29 33 24 26 50 41 50 28 42 8 25 26 19 41 51 45 33 22 17 7 12 32 27 32 20 26 18 18 43 40 45 19 17 23 20 8 17 20 7 25 25 26 8 18 27 20 18 21 18 39 44 43 
18 27 33 34 42 37 43 49 27 41 6 24 24 18 40 49 44 4 17 12 18 15 21 26 4 16 18 2 13 10 15 28 18 19 25 28 22 33 34 16 29 8 10 10 3 28 35 31 20 33 30 28 41 15 28 9 15 22 15 27 43 31 34 28 47 38 30 41 20 23 15 15 40 36 41 37 43 49 27 41 6 24 24 18 40 49 44 37 44 21 35 2 19 21 14 34 45 38 47 38 49 24 31 24 24 49 44 50 33 46 13 30 32 26 45 57 49 32 15 14 7 7 32 32 33 16 26 21 18 44 45 46 12 13 17 15 15 14 7 16 26 31 28 10 20 34 24 18 27 20 44 45 48 
22 16 29 10 27 27 18 36 9 19 20 14 24 19 18 39 23 26 35 15 21 27 7 27 22 10 43 28 36 36 10 33 11 25 5 16 18 8 24 9 4 30 15 24 23 3 29 9 9 29 31 7 37 18 15 35 25 35 32 15 41 20 10 5 24 17 12 16 25 8 11 14 15 18 15 26 18 36 9 19 19 14 24 19 18 39 23 12 35 10 15 26 17 27 24 14 39 20 23 15 24 20 9 2 7 24 23 24 17 26 21 21 31 25 26 47 31 7 30 12 19 20 7 21 7 16 0 10 7 18 28 21 33 39 41 17 26 13 25 26 36 26 5 33 10 36 14 8 30 8 27 20 33 
13 10 3 25 14 8 31 18 17 23 25 12 6 12 23 18 22 27 25 32 13 17 31 6 31 23 48 31 32 36 23 10 18 13 31 10 9 33 6 27 24 39 24 21 27 24 3 20 18 2 7 20 11 16 11 34 17 20 23 11 15 8 25 22 48 21 38 39 45 33 26 33 39 15 36 8 32 19 18 23 25 12 6 13 23 18 22 27 13 16 18 29 13 12 16 18 14 16 29 41 44 43 35 26 32 44 24 42 12 22 17 5 4 5 22 26 23 32 44 30 25 31 32 7 28 35 26 17 24 36 18 33 43 42 48 36 17 30 25 31 26 55 22 30 18 10 12 25 8 19 18 33 20 
20 12 25 6 22 21 15 30 4 14 21 10 21 17 13 34 18 27 34 19 19 25 13 24 25 11 46 30 37 38 12 29 10 23 10 11 15 11 19 13 2 33 17 24 25 2 24 3 8 24 27 2 32 17 10 36 24 33 31 10 37 15 7 0 26 12 17 18 30 14 13 18 18 13 15 21 16 30 3 14 21 10 20 17 13 33 18 9 29 8 9 27 15 25 22 9 33 14 19 19 25 25 13 6 13 24 18 24 12 21 20 16 26 21 20 42 26 10 34 16 20 23 10 16 7 21 5 8 10 17 22 18 37 41 44 22 25 17 26 28 5 22 40 34 8 32 10 10 26 8 22 18 27 
18 30 31 41 44 38 50 49 33 46 13 27 24 20 45 48 48 7 9 22 18 12 30 24 14 23 19 7 2 6 23 24 24 17 33 31 24 42 35 25 36 15 18 10 10 35 34 37 26 31 27 35 38 18 31 4 13 15 8 30 39 34 41 35 56 43 40 49 30 32 23 25 49 40 49 38 50 49 33 46 14 28 24 20 45 48 48 44 44 27 40 8 21 19 14 39 44 42 52 47 58 35 40 31 33 57 49 58 36 49 15 32 30 25 49 55 52 41 23 24 14 17 40 34 40 26 34 26 26 51 47 53 18 12 19 26 13 24 8 10 33 30 34 14 26 31 28 25 25 26 46 52 50 
12 9 21 15 23 20 24 31 7 20 13 6 14 9 20 33 23 19 26 15 11 17 13 17 18 5 39 22 28 30 6 23 2 15 13 9 8 18 17 9 10 27 9 15 17 10 21 11 0 20 22 9 29 8 9 28 15 25 23 8 33 14 15 9 34 18 21 25 28 15 8 15 25 16 24 20 24 31 7 21 13 5 14 8 20 33 23 18 28 1 14 19 7 17 14 14 31 18 26 26 33 25 19 9 15 33 24 32 13 26 11 14 21 15 25 42 30 17 29 13 12 17 17 14 15 18 10 0 6 26 25 27 31 33 37 19 16 13 18 20 10 18 8 26 51 26 5 7 20 1 25 26 30 
17 20 7 35 22 16 41 23 27 33 30 21 12 19 33 20 31 30 23 39 18 19 39 9 36 30 50 34 31 37 31 6 26 15 40 20 17 43 15 34 34 43 30 24 31 34 10 31 27 8 5 30 8 22 21 35 19 17 22 21 8 18 36 32 58 31 48 49 51 42 33 40 49 25 46 16 42 23 28 33 30 22 12 19 33 20 32 37 17 25 28 32 20 13 20 28 14 26 38 51 55 51 45 35 41 55 33 52 23 31 22 15 5 11 31 25 30 42 49 37 30 37 42 17 38 43 36 26 32 46 26 43 47 43 50 43 19 38 27 34 36 10 32 31 26 50 22 33 7 28 25 43 26 
11 4 15 15 18 15 23 26 6 18 17 0 10 8 17 28 20 22 26 21 10 17 18 13 23 11 43 25 30 32 12 19 6 13 18 3 5 21 12 15 12 31 14 17 20 12 15 10 6 15 17 9 23 9 3 30 15 24 23 3 28 8 15 10 37 15 26 28 33 21 14 21 28 12 25 14 24 26 7 18 17 0 10 8 18 27 20 17 23 4 12 23 6 15 14 11 26 14 24 29 34 31 23 13 20 34 21 33 8 22 12 8 16 11 21 36 25 20 34 18 16 22 20 9 17 24 13 5 12 26 20 26 35 37 41 24 16 19 20 24 14 12 10 28 5 22 53 12 16 7 20 25 25 
17 16 28 16 30 27 25 38 12 24 12 13 21 14 24 40 28 18 28 9 16 20 6 23 14 2 35 20 28 28 2 28 7 19 8 16 15 16 24 2 11 23 7 17 15 10 28 14 6 27 28 12 36 12 15 27 19 29 25 15 40 21 17 11 31 22 16 23 21 9 3 8 23 22 23 27 26 38 12 24 11 12 20 14 24 40 28 19 35 8 19 18 13 22 17 19 38 24 30 22 32 18 15 6 9 31 29 32 19 31 14 21 28 21 30 49 35 15 23 6 11 12 14 21 15 11 8 7 0 26 31 28 26 31 33 12 20 7 18 18 8 25 10 25 7 33 12 52 26 5 31 28 36 
10 15 7 31 22 16 38 25 22 30 23 16 5 12 30 24 30 23 18 32 11 12 33 2 29 24 43 27 25 31 24 2 19 8 34 16 11 38 14 28 29 36 23 17 24 29 10 26 21 7 2 25 13 15 17 29 12 12 17 17 15 15 31 27 53 28 42 44 44 36 26 33 44 23 42 16 39 26 23 31 23 16 6 12 31 24 30 33 20 19 25 25 13 6 13 25 19 24 36 46 51 44 39 29 35 51 31 48 19 30 15 12 5 5 30 30 31 37 42 30 23 30 37 14 33 36 30 20 26 42 26 40 40 37 43 36 12 31 21 27 30 8 26 25 20 7 16 26 62 22 26 40 28 
13 10 22 14 24 21 23 32 7 20 13 7 16 10 20 35 24 19 27 14 13 18 11 19 18 4 39 22 29 30 5 24 2 16 12 10 10 17 19 8 9 26 9 16 17 9 22 10 1 22 23 8 30 9 10 28 16 26 24 9 34 15 15 8 33 18 19 24 27 14 7 14 24 17 23 21 24 32 7 21 13 7 15 10 20 34 24 17 30 3 15 19 8 19 15 14 33 19 26 24 32 24 17 7 13 32 24 31 14 26 12 15 23 16 26 43 30 16 28 11 12 16 16 16 14 17 8 2 5 25 26 26 30 33 37 18 17 12 18 20 8 19 8 26 1 28 7 5 22 56 25 26 31 
28 16 19 20 3 10 20 9 19 11 37 20 23 26 12 14 7 41 42 40 28 34 35 24 43 30 63 45 48 52 31 28 26 29 33 16 21 30 11 33 23 52 34 36 40 24 15 18 25 18 25 20 19 29 16 50 33 38 40 17 25 12 20 22 41 12 38 33 52 36 33 40 33 8 28 9 21 9 19 12 37 20 23 26 12 14 8 20 12 23 12 42 25 29 32 13 17 7 14 37 35 47 33 28 35 35 9 31 11 5 31 14 21 22 5 21 5 29 54 37 37 42 30 12 24 42 27 24 30 26 0 21 55 57 61 43 33 38 39 44 27 18 22 46 25 25 20 31 26 25 53 22 5 
37 25 36 11 24 28 2 31 19 11 39 26 35 34 10 36 14 45 52 36 36 42 27 38 42 29 63 48 55 56 30 43 28 39 23 24 30 15 27 29 16 50 35 42 43 17 33 15 26 35 40 17 40 34 23 54 41 50 49 24 46 25 11 17 21 12 25 13 44 27 31 34 14 18 8 27 2 31 19 10 39 25 35 33 10 36 14 8 33 25 15 45 32 41 40 15 39 17 8 19 13 37 19 22 25 13 13 9 20 17 37 28 38 35 16 43 21 16 50 33 38 40 16 26 12 36 19 26 27 5 22 0 54 59 61 37 42 33 44 45 20 33 18 52 26 43 25 28 40 26 22 11 26 
32 21 20 25 6 12 25 5 24 17 42 25 26 30 17 10 12 46 45 45 32 37 40 27 48 36 67 50 52 56 36 30 31 33 38 21 26 36 14 39 29 56 39 40 45 29 17 24 30 20 26 25 19 33 21 54 36 40 43 21 24 17 26 27 47 17 44 38 58 42 39 45 39 14 33 12 26 4 25 17 42 25 26 30 18 10 12 25 10 28 18 47 29 32 36 18 15 13 18 43 39 53 39 34 41 40 13 35 16 9 35 18 22 25 9 16 5 35 59 42 41 47 35 16 30 48 32 29 35 31 5 26 60 61 66 49 37 43 43 48 33 20 27 50 30 26 25 36 28 31 5 26 44 
