28 8
16 21 16 46 36 16 14 21 12 45 35 12 17 34 66 56 33 36 59 49 28 27 81 59 60 49 49 26 
21 42 9 25 16 11 8 8 8 25 14 8 15 12 45 35 12 17 38 28 10 8 60 38 39 28 29 6 
16 9 25 32 22 2 11 16 8 33 23 6 19 21 53 42 19 27 45 35 12 17 67 44 48 34 37 15 
46 25 32 91 10 33 33 29 34 8 13 34 37 13 21 10 13 19 12 3 20 21 35 12 17 4 10 20 
36 16 22 10 70 23 24 21 24 14 8 24 29 6 31 21 4 17 23 12 10 13 45 22 27 12 17 12 
16 11 2 33 23 25 13 18 10 35 24 8 22 22 54 44 21 29 46 35 12 20 68 45 49 35 39 17 
14 8 11 33 24 13 35 6 3 31 20 6 8 20 52 41 20 21 45 36 17 12 67 45 45 36 35 12 
21 8 16 29 21 18 6 42 9 25 16 11 8 16 46 36 16 14 41 32 18 8 62 41 40 32 29 8 
12 8 8 34 24 10 3 9 32 32 22 2 11 21 53 43 20 23 46 36 16 14 68 46 47 36 36 13 
45 25 33 8 14 35 31 25 32 93 10 33 33 12 21 11 14 13 16 10 23 18 36 16 14 12 4 18 
35 14 23 13 8 24 20 16 22 10 73 23 24 2 31 21 5 9 25 16 14 8 46 25 25 16 14 8 
12 8 6 34 24 8 6 11 2 33 23 33 13 21 54 43 21 25 47 37 16 16 69 46 48 36 37 14 
17 15 19 37 29 22 8 8 11 33 24 13 29 24 53 44 25 21 48 40 25 16 69 49 46 40 36 16 
34 12 21 13 6 22 20 16 21 12 2 21 24 19 32 22 2 11 25 16 11 8 47 25 27 16 16 7 
66 45 53 21 31 54 52 46 53 21 31 54 53 32 51 10 33 33 9 19 42 39 16 11 8 21 17 39 
56 35 42 10 21 44 41 36 43 11 21 43 44 22 10 32 23 24 5 9 31 28 25 7 8 11 8 29 
33 12 19 13 4 21 20 16 20 14 5 21 25 2 33 23 23 13 26 16 9 9 48 25 28 16 18 8 
36 17 27 19 17 29 21 14 23 13 9 25 21 11 33 24 13 16 29 22 22 9 49 29 25 23 16 11 
59 38 45 12 23 46 45 41 46 16 25 47 48 25 9 5 26 29 65 10 33 33 22 2 11 12 13 33 
49 28 35 3 12 35 36 32 36 10 16 37 40 16 19 9 16 22 10 44 23 24 32 9 17 2 11 23 
28 10 12 20 10 12 17 18 16 23 14 16 25 11 42 31 9 22 33 23 5 13 55 32 37 22 27 11 
27 8 17 21 13 20 12 8 14 18 8 16 16 8 39 28 9 9 33 24 13 22 54 33 32 24 22 2 
81 60 67 35 45 68 67 62 68 36 46 69 69 47 16 25 48 49 22 32 55 54 21 23 24 33 33 55 
59 38 44 12 22 45 45 41 46 16 25 46 49 25 11 7 25 29 2 9 32 33 23 67 13 10 14 33 
60 39 48 17 27 49 45 40 47 14 25 48 46 27 8 8 28 25 11 17 37 32 24 13 66 19 10 33 
49 28 34 4 12 35 36 32 36 12 16 36 40 16 21 11 16 23 12 2 22 24 33 10 19 46 13 24 
49 29 37 10 17 39 35 29 36 4 14 37 36 16 17 8 18 16 13 11 27 22 33 14 10 13 48 23 
26 6 15 20 12 17 12 8 13 18 8 14 16 7 39 29 8 11 33 23 11 2 55 33 33 24 23 27 
