28 8
93 18 4 4 15 19 10 20 6 9 15 10 2 13 0 8 8 10 0 13 14 20 10 1 15 16 17 0 
18 33 4 4 5 3 8 19 6 13 4 14 8 14 6 8 17 1 17 19 7 4 5 13 7 8 17 18 
4 4 87 9 2 17 19 17 15 14 10 19 3 18 15 2 15 4 8 6 16 12 18 4 19 7 16 2 
4 4 9 31 18 8 19 13 17 17 8 13 7 13 16 16 17 3 6 10 6 5 9 15 17 10 2 20 
15 5 2 18 32 19 0 6 9 11 5 9 4 17 19 17 5 10 13 3 9 6 16 9 12 13 19 19 
19 3 17 8 19 59 11 1 12 2 12 9 13 13 3 19 6 2 1 17 19 7 3 6 15 19 18 8 
10 8 19 19 0 11 27 10 13 12 3 20 6 14 7 20 11 15 1 13 19 14 4 16 1 1 17 5 
20 19 17 13 6 1 10 99 1 13 5 20 4 3 19 10 9 7 19 15 19 1 15 8 18 15 6 1 
6 6 15 17 9 12 13 1 22 14 7 7 10 2 5 20 17 10 0 12 18 14 5 7 2 8 8 15 
9 13 14 17 11 2 12 13 14 6 10 3 11 10 19 15 15 17 11 9 13 3 2 19 5 19 15 13 
15 4 10 8 5 12 3 5 7 10 30 4 13 4 5 2 19 4 12 17 9 19 11 8 15 17 15 12 
10 14 19 13 9 9 20 20 7 3 4 39 9 6 4 10 13 3 3 13 11 7 12 0 19 0 16 6 
2 8 3 7 4 13 6 4 10 11 13 9 68 9 15 20 17 5 18 8 11 16 8 2 7 15 4 0 
13 14 18 13 17 13 14 3 2 10 4 6 9 49 1 12 15 0 11 8 12 5 2 2 1 14 0 13 
0 6 15 16 19 3 7 19 5 19 5 4 15 1 95 19 3 18 6 2 10 5 16 14 5 10 7 17 
8 8 2 16 17 19 20 10 20 15 2 10 20 12 19 84 14 7 7 4 9 2 20 18 10 1 18 2 
8 17 15 17 5 6 11 9 17 15 19 13 17 15 3 14 59 13 4 20 19 3 1 9 14 14 2 5 
10 1 4 3 10 2 15 7 10 17 4 3 5 0 18 7 13 40 4 6 17 8 13 19 16 4 17 18 
0 17 8 6 13 1 1 19 0 11 12 3 18 11 6 7 4 4 55 3 11 19 6 11 17 15 6 15 
13 19 6 10 3 17 13 15 12 9 17 13 8 8 2 4 20 6 3 83 9 11 19 20 9 0 5 16 
14 7 16 6 9 19 19 19 18 13 9 11 11 12 10 9 19 17 11 9 8 8 10 2 20 16 12 11 
20 4 12 5 6 7 14 1 14 3 19 7 16 5 5 2 3 8 19 11 8 29 16 20 4 16 9 10 
10 5 18 9 16 3 4 15 5 2 11 12 8 2 16 20 1 13 6 19 10 16 77 1 18 7 18 8 
1 13 4 15 9 6 16 8 7 19 8 0 2 2 14 18 9 19 11 20 2 20 1 0 19 17 6 1 
15 7 19 17 12 15 1 18 2 5 15 19 7 1 5 10 14 16 17 9 20 4 18 19 46 9 13 12 
16 8 7 10 13 19 1 15 8 19 17 0 15 14 10 1 14 4 15 0 16 16 7 17 9 14 11 16 
17 17 16 2 19 18 17 6 8 15 15 16 4 0 7 18 2 17 6 5 12 9 18 6 13 11 20 7 
0 18 2 20 19 8 5 1 15 13 12 6 0 13 17 2 5 18 15 16 11 10 8 1 12 16 7 26 
