45 10
95 17 10 16 9 12 9 9 7 9 4 13 1 6 4 17 14 14 6 2 11 4 10 1 5 10 8 4 20 18 13 4 17 13 1 12 13 6 5 11 16 3 11 11 2 
17 87 9 8 19 6 19 13 10 4 14 17 13 19 15 13 14 1 10 2 0 13 9 0 15 11 9 17 7 0 4 0 13 16 3 6 5 16 8 9 20 18 14 4 12 
10 9 5 7 12 19 2 18 4 11 1 5 7 14 14 9 17 9 9 3 5 18 1 2 7 11 15 7 18 14 13 5 19 15 8 14 0 5 3 12 0 7 3 15 19 
16 8 7 71 9 2 12 18 12 0 20 5 2 16 13 2 10 5 6 10 17 20 16 0 2 11 16 17 17 0 19 17 10 11 14 8 4 18 0 3 4 18 10 10 18 
9 19 12 9 3 7 18 13 11 18 20 18 2 16 4 16 19 7 9 2 12 8 7 18 4 9 2 1 17 17 18 11 16 4 5 10 14 18 8 12 16 0 7 15 12 
12 6 19 2 7 5 12 9 12 17 16 13 18 5 9 0 12 6 16 20 11 17 11 6 14 4 5 5 7 19 20 19 7 11 5 11 18 5 4 10 15 4 11 5 7 
9 19 2 12 18 12 80 4 7 4 0 3 2 6 2 5 10 17 0 4 10 1 1 9 1 5 0 2 15 4 2 12 7 3 16 5 11 10 1 8 6 15 2 1 3 
9 13 18 18 13 9 4 61 9 13 9 0 1 13 7 3 17 1 11 4 17 11 1 8 18 6 3 15 7 11 20 20 6 10 0 15 11 18 13 13 15 5 2 9 19 
7 10 4 12 11 12 7 9 1 10 4 19 4 5 19 20 9 12 18 15 15 19 6 3 8 18 20 7 5 10 11 15 0 12 9 10 9 14 13 4 7 1 8 11 18 
9 4 11 0 18 17 4 13 10 4 6 7 6 16 13 9 9 5 17 9 17 14 2 3 14 0 19 16 7 3 7 14 12 9 20 16 4 7 18 3 4 18 8 20 0 
4 14 1 20 20 16 0 9 4 6 44 17 20 13 10 10 17 13 16 8 14 6 19 9 1 6 16 8 4 1 17 11 0 7 4 10 2 20 11 18 2 4 8 8 14 
13 17 5 5 18 13 3 0 19 7 17 49 5 14 14 4 1 9 18 5 9 10 15 11 19 17 12 16 10 0 14 2 8 14 17 1 19 5 20 6 8 14 17 5 18 
1 13 7 2 2 18 2 1 4 6 20 5 57 16 9 16 4 18 9 1 12 6 11 2 0 14 17 20 11 1 8 20 5 9 0 2 8 8 11 19 6 17 9 6 6 
6 19 14 16 16 5 6 13 5 16 13 14 16 34 4 12 12 12 16 12 8 6 15 3 11 6 10 18 20 15 19 9 10 11 18 3 0 11 10 12 10 2 19 20 4 
4 15 14 13 4 9 2 7 19 13 10 14 9 4 11 11 2 1 19 19 4 7 16 1 11 20 12 8 9 13 8 7 5 16 19 5 16 1 19 19 2 4 0 2 3 
17 13 9 2 16 0 5 3 20 9 10 4 16 12 11 52 2 15 5 5 1 13 17 9 6 17 3 3 20 20 0 10 4 19 11 17 3 20 11 8 17 8 1 19 2 
14 14 17 10 19 12 10 17 9 9 17 1 4 12 2 2 96 13 15 5 18 7 5 1 14 18 14 2 7 18 7 15 17 16 14 16 14 9 11 0 16 2 14 3 17 
14 1 9 5 7 6 17 1 12 5 13 9 18 12 1 15 13 14 9 14 1 14 7 20 13 15 15 19 17 0 13 6 19 9 20 10 3 16 3 16 13 3 4 13 10 
6 10 9 6 9 16 0 11 18 17 16 18 9 16 19 5 15 9 14 12 15 6 16 3 15 20 9 9 14 7 17 5 4 0 0 13 16 16 4 10 20 10 20 13 20 
2 2 3 10 2 20 4 4 15 9 8 5 1 12 19 5 5 14 12 48 3 15 16 0 3 2 10 6 4 1 6 4 19 1 6 16 17 9 4 1 6 9 1 12 0 
11 0 5 17 12 11 10 17 15 17 14 9 12 8 4 1 18 1 15 3 94 15 20 13 7 19 0 0 4 0 0 18 5 4 12 13 7 16 2 12 3 19 5 11 1 
4 13 18 20 8 17 1 11 19 14 6 10 6 6 7 13 7 14 6 15 15 21 1 18 7 10 0 8 1 6 0 10 6 3 17 4 0 18 16 0 4 20 13 18 2 
10 9 1 16 7 11 1 1 6 2 19 15 11 15 16 17 5 7 16 16 20 1 59 16 8 12 9 14 18 5 4 19 2 16 19 18 20 10 16 3 11 14 3 5 13 
1 0 2 0 18 6 9 8 3 3 9 11 2 3 1 9 1 20 3 0 13 18 16 24 20 15 4 19 14 17 19 8 4 9 20 10 19 19 15 4 4 17 12 12 9 
5 15 7 2 4 14 1 18 8 14 1 19 0 11 11 6 14 13 15 3 7 7 8 20 53 0 7 11 17 1 2 16 20 11 6 10 20 3 11 15 14 19 9 2 15 
10 11 11 11 9 4 5 6 18 0 6 17 14 6 20 17 18 15 20 2 19 10 12 15 0 32 11 17 4 0 0 5 4 13 3 8 19 7 3 12 17 4 12 8 8 
8 9 15 16 2 5 0 3 20 19 16 12 17 10 12 3 14 15 9 10 0 0 9 4 7 11 34 6 20 19 10 12 4 3 13 17 6 18 1 12 4 19 10 19 16 
4 17 7 17 1 5 2 15 7 16 8 16 20 18 8 3 2 19 9 6 0 8 14 19 11 17 6 88 9 19 19 6 15 4 2 12 17 8 4 4 16 19 13 3 0 
20 7 18 17 17 7 15 7 5 7 4 10 11 20 9 20 7 17 14 4 4 1 18 14 17 4 20 9 86 11 14 4 5 18 18 4 5 12 14 3 18 14 3 2 4 
18 0 14 0 17 19 4 11 10 3 1 0 1 15 13 20 18 0 7 1 0 6 5 17 1 0 19 19 11 69 13 14 7 19 14 3 12 10 4 13 1 12 8 14 15 
13 4 13 19 18 20 2 20 11 7 17 14 8 19 8 0 7 13 17 6 0 0 4 19 2 0 10 19 14 13 84 12 20 18 17 18 4 20 15 5 12 19 17 18 8 
4 0 5 17 11 19 12 20 15 14 11 2 20 9 7 10 15 6 5 4 18 10 19 8 16 5 12 6 4 14 12 6 16 17 17 17 10 0 3 5 12 20 6 16 20 
17 13 19 10 16 7 7 6 0 12 0 8 5 10 5 4 17 19 4 19 5 6 2 4 20 4 4 15 5 7 20 16 77 13 6 13 6 19 9 10 18 2 6 10 3 
13 16 15 11 4 11 3 10 12 9 7 14 9 11 16 19 16 9 0 1 4 3 16 9 11 13 3 4 18 19 18 17 13 71 13 19 2 10 8 2 14 4 9 8 5 
1 3 8 14 5 5 16 0 9 20 4 17 0 18 19 11 14 20 0 6 12 17 19 20 6 3 13 2 18 14 17 17 6 13 34 9 19 13 12 14 20 0 19 1 10 
12 6 14 8 10 11 5 15 10 16 10 1 2 3 5 17 16 10 13 16 13 4 18 10 10 8 17 12 4 3 18 17 13 19 9 43 7 12 3 2 17 4 1 11 19 
13 5 0 4 14 18 11 11 9 4 2 19 8 0 16 3 14 3 16 17 7 0 20 19 20 19 6 17 5 12 4 10 6 2 19 7 91 7 20 19 5 15 7 8 0 
6 16 5 18 18 5 10 18 14 7 20 5 8 11 1 20 9 16 16 9 16 18 10 19 3 7 18 8 12 10 20 0 19 10 13 12 7 82 1 3 18 15 14 3 0 
5 8 3 0 8 4 1 13 13 18 11 20 11 10 19 11 11 3 4 4 2 16 16 15 11 3 1 4 14 4 15 3 9 8 12 3 20 1 78 6 6 17 7 17 5 
11 9 12 3 12 10 8 13 4 3 18 6 19 12 19 8 0 16 10 1 12 0 3 4 15 12 12 4 3 13 5 5 10 2 14 2 19 3 6 60 17 4 2 20 9 
16 20 0 4 16 15 6 15 7 4 2 8 6 10 2 17 16 13 20 6 3 4 11 4 14 17 4 16 18 1 12 12 18 14 20 17 5 18 6 17 34 7 3 2 3 
3 18 7 18 0 4 15 5 1 18 4 14 17 2 4 8 2 3 10 9 19 20 14 17 19 4 19 19 14 12 19 20 2 4 0 4 15 15 17 4 7 94 8 13 13 
11 14 3 10 7 11 2 2 8 8 8 17 9 19 0 1 14 4 20 1 5 13 3 12 9 12 10 13 3 8 17 6 6 9 19 1 7 14 7 2 3 8 76 6 1 
11 4 15 10 15 5 1 9 11 20 8 5 6 20 2 19 3 13 13 12 11 18 5 12 2 8 19 3 2 14 18 16 10 8 1 11 8 3 17 20 2 13 6 69 14 
2 12 19 18 12 7 3 19 18 0 14 18 6 4 3 2 17 10 20 0 1 2 13 9 15 8 16 0 4 15 8 20 3 5 10 19 0 0 5 9 3 13 1 14 82 
