120 16
3608 1728 1728 5184 576 4608 4032 1152 1152 5184 5760 3456 5760 5760 576 1944 1944 5832 648 5184 4536 1296 1296 5832 6480 3888 6480 6480 648 648 1944 216 1728 1512 432 432 1944 2160 1296 2160 2160 216 1944 216 1728 1512 432 432 1944 2160 1296 2160 2160 216 648 5184 4536 1296 1296 5832 6480 3888 6480 6480 648 576 504 144 144 648 720 432 720 720 72 4032 1152 1152 5184 5760 3456 5760 5760 576 1008 1008 4536 5040 3024 5040 5040 504 288 1296 1440 864 1440 1440 144 1296 1440 864 1440 1440 144 6480 3888 6480 6480 648 4320 7200 7200 720 4320 4320 432 7200 720 720 
1728 3978 576 1728 192 1536 1344 384 384 1728 1920 1152 1920 1920 192 648 648 1944 216 1728 1512 432 432 1944 2160 1296 2160 2160 216 216 648 72 576 504 144 144 648 720 432 720 720 72 648 72 576 504 144 144 648 720 432 720 720 72 216 1728 1512 432 432 1944 2160 1296 2160 2160 216 192 168 48 48 216 240 144 240 240 24 1344 384 384 1728 1920 1152 1920 1920 192 336 336 1512 1680 1008 1680 1680 168 96 432 480 288 480 480 48 432 480 288 480 480 48 2160 1296 2160 2160 216 1440 2400 2400 240 1440 1440 144 2400 240 240 
1728 576 3854 1728 192 1536 1344 384 384 1728 1920 1152 1920 1920 192 648 648 1944 216 1728 1512 432 432 1944 2160 1296 2160 2160 216 216 648 72 576 504 144 144 648 720 432 720 720 72 648 72 576 504 144 144 648 720 432 720 720 72 216 1728 1512 432 432 1944 2160 1296 2160 2160 216 192 168 48 48 216 240 144 240 240 24 1344 384 384 1728 1920 1152 1920 1920 192 336 336 1512 1680 1008 1680 1680 168 96 432 480 288 480 480 48 432 480 288 480 480 48 2160 1296 2160 2160 216 1440 2400 2400 240 1440 1440 144 2400 240 240 
5184 1728 1728 4632 576 4608 4032 1152 1152 5184 5760 3456 5760 5760 576 1944 1944 5832 648 5184 4536 1296 1296 5832 6480 3888 6480 6480 648 648 1944 216 1728 1512 432 432 1944 2160 1296 2160 2160 216 1944 216 1728 1512 432 432 1944 2160 1296 2160 2160 216 648 5184 4536 1296 1296 5832 6480 3888 6480 6480 648 576 504 144 144 648 720 432 720 720 72 4032 1152 1152 5184 5760 3456 5760 5760 576 1008 1008 4536 5040 3024 5040 5040 504 288 1296 1440 864 1440 1440 144 1296 1440 864 1440 1440 144 6480 3888 6480 6480 648 4320 7200 7200 720 4320 4320 432 7200 720 720 
576 192 192 576 1228 512 448 128 128 576 640 384 640 640 64 216 216 648 72 576 504 144 144 648 720 432 720 720 72 72 216 24 192 168 48 48 216 240 144 240 240 24 216 24 192 168 48 48 216 240 144 240 240 24 72 576 504 144 144 648 720 432 720 720 72 64 56 16 16 72 80 48 80 80 8 448 128 128 576 640 384 640 640 64 112 112 504 560 336 560 560 56 32 144 160 96 160 160 16 144 160 96 160 160 16 720 432 720 720 72 480 800 800 80 480 480 48 800 80 80 
4608 1536 1536 4608 512 4435 3584 1024 1024 4608 5120 3072 5120 5120 512 1728 1728 5184 576 4608 4032 1152 1152 5184 5760 3456 5760 5760 576 576 1728 192 1536 1344 384 384 1728 1920 1152 1920 1920 192 1728 192 1536 1344 384 384 1728 1920 1152 1920 1920 192 576 4608 4032 1152 1152 5184 5760 3456 5760 5760 576 512 448 128 128 576 640 384 640 640 64 3584 1024 1024 4608 5120 3072 5120 5120 512 896 896 4032 4480 2688 4480 4480 448 256 1152 1280 768 1280 1280 128 1152 1280 768 1280 1280 128 5760 3456 5760 5760 576 3840 6400 6400 640 3840 3840 384 6400 640 640 
4032 1344 1344 4032 448 3584 7750 896 896 4032 4480 2688 4480 4480 448 1512 1512 4536 504 4032 3528 1008 1008 4536 5040 3024 5040 5040 504 504 1512 168 1344 1176 336 336 1512 1680 1008 1680 1680 168 1512 168 1344 1176 336 336 1512 1680 1008 1680 1680 168 504 4032 3528 1008 1008 4536 5040 3024 5040 5040 504 448 392 112 112 504 560 336 560 560 56 3136 896 896 4032 4480 2688 4480 4480 448 784 784 3528 3920 2352 3920 3920 392 224 1008 1120 672 1120 1120 112 1008 1120 672 1120 1120 112 5040 3024 5040 5040 504 3360 5600 5600 560 3360 3360 336 5600 560 560 
1152 384 384 1152 128 1024 896 1322 256 1152 1280 768 1280 1280 128 432 432 1296 144 1152 1008 288 288 1296 1440 864 1440 1440 144 144 432 48 384 336 96 96 432 480 288 480 480 48 432 48 384 336 96 96 432 480 288 480 480 48 144 1152 1008 288 288 1296 1440 864 1440 1440 144 128 112 32 32 144 160 96 160 160 16 896 256 256 1152 1280 768 1280 1280 128 224 224 1008 1120 672 1120 1120 112 64 288 320 192 320 320 32 288 320 192 320 320 32 1440 864 1440 1440 144 960 1600 1600 160 960 960 96 1600 160 160 
1152 384 384 1152 128 1024 896 256 2244 1152 1280 768 1280 1280 128 432 432 1296 144 1152 1008 288 288 1296 1440 864 1440 1440 144 144 432 48 384 336 96 96 432 480 288 480 480 48 432 48 384 336 96 96 432 480 288 480 480 48 144 1152 1008 288 288 1296 1440 864 1440 1440 144 128 112 32 32 144 160 96 160 160 16 896 256 256 1152 1280 768 1280 1280 128 224 224 1008 1120 672 1120 1120 112 64 288 320 192 320 320 32 288 320 192 320 320 32 1440 864 1440 1440 144 960 1600 1600 160 960 960 96 1600 160 160 
5184 1728 1728 5184 576 4608 4032 1152 1152 5619 5760 3456 5760 5760 576 1944 1944 5832 648 5184 4536 1296 1296 5832 6480 3888 6480 6480 648 648 1944 216 1728 1512 432 432 1944 2160 1296 2160 2160 216 1944 216 1728 1512 432 432 1944 2160 1296 2160 2160 216 648 5184 4536 1296 1296 5832 6480 3888 6480 6480 648 576 504 144 144 648 720 432 720 720 72 4032 1152 1152 5184 5760 3456 5760 5760 576 1008 1008 4536 5040 3024 5040 5040 504 288 1296 1440 864 1440 1440 144 1296 1440 864 1440 1440 144 6480 3888 6480 6480 648 4320 7200 7200 720 4320 4320 432 7200 720 720 
5760 1920 1920 5760 640 5120 4480 1280 1280 5760 3061 3840 6400 6400 640 2160 2160 6480 720 5760 5040 1440 1440 6480 7200 4320 7200 7200 720 720 2160 240 1920 1680 480 480 2160 2400 1440 2400 2400 240 2160 240 1920 1680 480 480 2160 2400 1440 2400 2400 240 720 5760 5040 1440 1440 6480 7200 4320 7200 7200 720 640 560 160 160 720 800 480 800 800 80 4480 1280 1280 5760 6400 3840 6400 6400 640 1120 1120 5040 5600 3360 5600 5600 560 320 1440 1600 960 1600 1600 160 1440 1600 960 1600 1600 160 7200 4320 7200 7200 720 4800 8000 8000 800 4800 4800 480 8000 800 800 
3456 1152 1152 3456 384 3072 2688 768 768 3456 3840 8610 3840 3840 384 1296 1296 3888 432 3456 3024 864 864 3888 4320 2592 4320 4320 432 432 1296 144 1152 1008 288 288 1296 1440 864 1440 1440 144 1296 144 1152 1008 288 288 1296 1440 864 1440 1440 144 432 3456 3024 864 864 3888 4320 2592 4320 4320 432 384 336 96 96 432 480 288 480 480 48 2688 768 768 3456 3840 2304 3840 3840 384 672 672 3024 3360 2016 3360 3360 336 192 864 960 576 960 960 96 864 960 576 960 960 96 4320 2592 4320 4320 432 2880 4800 4800 480 2880 2880 288 4800 480 480 
5760 1920 1920 5760 640 5120 4480 1280 1280 5760 6400 3840 1472 6400 640 2160 2160 6480 720 5760 5040 1440 1440 6480 7200 4320 7200 7200 720 720 2160 240 1920 1680 480 480 2160 2400 1440 2400 2400 240 2160 240 1920 1680 480 480 2160 2400 1440 2400 2400 240 720 5760 5040 1440 1440 6480 7200 4320 7200 7200 720 640 560 160 160 720 800 480 800 800 80 4480 1280 1280 5760 6400 3840 6400 6400 640 1120 1120 5040 5600 3360 5600 5600 560 320 1440 1600 960 1600 1600 160 1440 1600 960 1600 1600 160 7200 4320 7200 7200 720 4800 8000 8000 800 4800 4800 480 8000 800 800 
5760 1920 1920 5760 640 5120 4480 1280 1280 5760 6400 3840 6400 9189 640 2160 2160 6480 720 5760 5040 1440 1440 6480 7200 4320 7200 7200 720 720 2160 240 1920 1680 480 480 2160 2400 1440 2400 2400 240 2160 240 1920 1680 480 480 2160 2400 1440 2400 2400 240 720 5760 5040 1440 1440 6480 7200 4320 7200 7200 720 640 560 160 160 720 800 480 800 800 80 4480 1280 1280 5760 6400 3840 6400 6400 640 1120 1120 5040 5600 3360 5600 5600 560 320 1440 1600 960 1600 1600 160 1440 1600 960 1600 1600 160 7200 4320 7200 7200 720 4800 8000 8000 800 4800 4800 480 8000 800 800 
576 192 192 576 64 512 448 128 128 576 640 384 640 640 1787 216 216 648 72 576 504 144 144 648 720 432 720 720 72 72 216 24 192 168 48 48 216 240 144 240 240 24 216 24 192 168 48 48 216 240 144 240 240 24 72 576 504 144 144 648 720 432 720 720 72 64 56 16 16 72 80 48 80 80 8 448 128 128 576 640 384 640 640 64 112 112 504 560 336 560 560 56 32 144 160 96 160 160 16 144 160 96 160 160 16 720 432 720 720 72 480 800 800 80 480 480 48 800 80 80 
1944 648 648 1944 216 1728 1512 432 432 1944 2160 1296 2160 2160 216 5774 729 2187 243 1944 1701 486 486 2187 2430 1458 2430 2430 243 243 729 81 648 567 162 162 729 810 486 810 810 81 729 81 648 567 162 162 729 810 486 810 810 81 243 1944 1701 486 486 2187 2430 1458 2430 2430 243 216 189 54 54 243 270 162 270 270 27 1512 432 432 1944 2160 1296 2160 2160 216 378 378 1701 1890 1134 1890 1890 189 108 486 540 324 540 540 54 486 540 324 540 540 54 2430 1458 2430 2430 243 1620 2700 2700 270 1620 1620 162 2700 270 270 
1944 648 648 1944 216 1728 1512 432 432 1944 2160 1296 2160 2160 216 729 1445 2187 243 1944 1701 486 486 2187 2430 1458 2430 2430 243 243 729 81 648 567 162 162 729 810 486 810 810 81 729 81 648 567 162 162 729 810 486 810 810 81 243 1944 1701 486 486 2187 2430 1458 2430 2430 243 216 189 54 54 243 270 162 270 270 27 1512 432 432 1944 2160 1296 2160 2160 216 378 378 1701 1890 1134 1890 1890 189 108 486 540 324 540 540 54 486 540 324 540 540 54 2430 1458 2430 2430 243 1620 2700 2700 270 1620 1620 162 2700 270 270 
5832 1944 1944 5832 648 5184 4536 1296 1296 5832 6480 3888 6480 6480 648 2187 2187 7740 729 5832 5103 1458 1458 6561 7290 4374 7290 7290 729 729 2187 243 1944 1701 486 486 2187 2430 1458 2430 2430 243 2187 243 1944 1701 486 486 2187 2430 1458 2430 2430 243 729 5832 5103 1458 1458 6561 7290 4374 7290 7290 729 648 567 162 162 729 810 486 810 810 81 4536 1296 1296 5832 6480 3888 6480 6480 648 1134 1134 5103 5670 3402 5670 5670 567 324 1458 1620 972 1620 1620 162 1458 1620 972 1620 1620 162 7290 4374 7290 7290 729 4860 8100 8100 810 4860 4860 486 8100 810 810 
648 216 216 648 72 576 504 144 144 648 720 432 720 720 72 243 243 729 7308 648 567 162 162 729 810 486 810 810 81 81 243 27 216 189 54 54 243 270 162 270 270 27 243 27 216 189 54 54 243 270 162 270 270 27 81 648 567 162 162 729 810 486 810 810 81 72 63 18 18 81 90 54 90 90 9 504 144 144 648 720 432 720 720 72 126 126 567 630 378 630 630 63 36 162 180 108 180 180 18 162 180 108 180 180 18 810 486 810 810 81 540 900 900 90 540 540 54 900 90 90 
5184 1728 1728 5184 576 4608 4032 1152 1152 5184 5760 3456 5760 5760 576 1944 1944 5832 648 8495 4536 1296 1296 5832 6480 3888 6480 6480 648 648 1944 216 1728 1512 432 432 1944 2160 1296 2160 2160 216 1944 216 1728 1512 432 432 1944 2160 1296 2160 2160 216 648 5184 4536 1296 1296 5832 6480 3888 6480 6480 648 576 504 144 144 648 720 432 720 720 72 4032 1152 1152 5184 5760 3456 5760 5760 576 1008 1008 4536 5040 3024 5040 5040 504 288 1296 1440 864 1440 1440 144 1296 1440 864 1440 1440 144 6480 3888 6480 6480 648 4320 7200 7200 720 4320 4320 432 7200 720 720 
4536 1512 1512 4536 504 4032 3528 1008 1008 4536 5040 3024 5040 5040 504 1701 1701 5103 567 4536 7150 1134 1134 5103 5670 3402 5670 5670 567 567 1701 189 1512 1323 378 378 1701 1890 1134 1890 1890 189 1701 189 1512 1323 378 378 1701 1890 1134 1890 1890 189 567 4536 3969 1134 1134 5103 5670 3402 5670 5670 567 504 441 126 126 567 630 378 630 630 63 3528 1008 1008 4536 5040 3024 5040 5040 504 882 882 3969 4410 2646 4410 4410 441 252 1134 1260 756 1260 1260 126 1134 1260 756 1260 1260 126 5670 3402 5670 5670 567 3780 6300 6300 630 3780 3780 378 6300 630 630 
1296 432 432 1296 144 1152 1008 288 288 1296 1440 864 1440 1440 144 486 486 1458 162 1296 1134 9099 324 1458 1620 972 1620 1620 162 162 486 54 432 378 108 108 486 540 324 540 540 54 486 54 432 378 108 108 486 540 324 540 540 54 162 1296 1134 324 324 1458 1620 972 1620 1620 162 144 126 36 36 162 180 108 180 180 18 1008 288 288 1296 1440 864 1440 1440 144 252 252 1134 1260 756 1260 1260 126 72 324 360 216 360 360 36 324 360 216 360 360 36 1620 972 1620 1620 162 1080 1800 1800 180 1080 1080 108 1800 180 180 
1296 432 432 1296 144 1152 1008 288 288 1296 1440 864 1440 1440 144 486 486 1458 162 1296 1134 324 6055 1458 1620 972 1620 1620 162 162 486 54 432 378 108 108 486 540 324 540 540 54 486 54 432 378 108 108 486 540 324 540 540 54 162 1296 1134 324 324 1458 1620 972 1620 1620 162 144 126 36 36 162 180 108 180 180 18 1008 288 288 1296 1440 864 1440 1440 144 252 252 1134 1260 756 1260 1260 126 72 324 360 216 360 360 36 324 360 216 360 360 36 1620 972 1620 1620 162 1080 1800 1800 180 1080 1080 108 1800 180 180 
5832 1944 1944 5832 648 5184 4536 1296 1296 5832 6480 3888 6480 6480 648 2187 2187 6561 729 5832 5103 1458 1458 7375 7290 4374 7290 7290 729 729 2187 243 1944 1701 486 486 2187 2430 1458 2430 2430 243 2187 243 1944 1701 486 486 2187 2430 1458 2430 2430 243 729 5832 5103 1458 1458 6561 7290 4374 7290 7290 729 648 567 162 162 729 810 486 810 810 81 4536 1296 1296 5832 6480 3888 6480 6480 648 1134 1134 5103 5670 3402 5670 5670 567 324 1458 1620 972 1620 1620 162 1458 1620 972 1620 1620 162 7290 4374 7290 7290 729 4860 8100 8100 810 4860 4860 486 8100 810 810 
6480 2160 2160 6480 720 5760 5040 1440 1440 6480 7200 4320 7200 7200 720 2430 2430 7290 810 6480 5670 1620 1620 7290 9935 4860 8100 8100 810 810 2430 270 2160 1890 540 540 2430 2700 1620 2700 2700 270 2430 270 2160 1890 540 540 2430 2700 1620 2700 2700 270 810 6480 5670 1620 1620 7290 8100 4860 8100 8100 810 720 630 180 180 810 900 540 900 900 90 5040 1440 1440 6480 7200 4320 7200 7200 720 1260 1260 5670 6300 3780 6300 6300 630 360 1620 1800 1080 1800 1800 180 1620 1800 1080 1800 1800 180 8100 4860 8100 8100 810 5400 9000 9000 900 5400 5400 540 9000 900 900 
3888 1296 1296 3888 432 3456 3024 864 864 3888 4320 2592 4320 4320 432 1458 1458 4374 486 3888 3402 972 972 4374 4860 8738 4860 4860 486 486 1458 162 1296 1134 324 324 1458 1620 972 1620 1620 162 1458 162 1296 1134 324 324 1458 1620 972 1620 1620 162 486 3888 3402 972 972 4374 4860 2916 4860 4860 486 432 378 108 108 486 540 324 540 540 54 3024 864 864 3888 4320 2592 4320 4320 432 756 756 3402 3780 2268 3780 3780 378 216 972 1080 648 1080 1080 108 972 1080 648 1080 1080 108 4860 2916 4860 4860 486 3240 5400 5400 540 3240 3240 324 5400 540 540 
6480 2160 2160 6480 720 5760 5040 1440 1440 6480 7200 4320 7200 7200 720 2430 2430 7290 810 6480 5670 1620 1620 7290 8100 4860 9427 8100 810 810 2430 270 2160 1890 540 540 2430 2700 1620 2700 2700 270 2430 270 2160 1890 540 540 2430 2700 1620 2700 2700 270 810 6480 5670 1620 1620 7290 8100 4860 8100 8100 810 720 630 180 180 810 900 540 900 900 90 5040 1440 1440 6480 7200 4320 7200 7200 720 1260 1260 5670 6300 3780 6300 6300 630 360 1620 1800 1080 1800 1800 180 1620 1800 1080 1800 1800 180 8100 4860 8100 8100 810 5400 9000 9000 900 5400 5400 540 9000 900 900 
6480 2160 2160 6480 720 5760 5040 1440 1440 6480 7200 4320 7200 7200 720 2430 2430 7290 810 6480 5670 1620 1620 7290 8100 4860 8100 7283 810 810 2430 270 2160 1890 540 540 2430 2700 1620 2700 2700 270 2430 270 2160 1890 540 540 2430 2700 1620 2700 2700 270 810 6480 5670 1620 1620 7290 8100 4860 8100 8100 810 720 630 180 180 810 900 540 900 900 90 5040 1440 1440 6480 7200 4320 7200 7200 720 1260 1260 5670 6300 3780 6300 6300 630 360 1620 1800 1080 1800 1800 180 1620 1800 1080 1800 1800 180 8100 4860 8100 8100 810 5400 9000 9000 900 5400 5400 540 9000 900 900 
648 216 216 648 72 576 504 144 144 648 720 432 720 720 72 243 243 729 81 648 567 162 162 729 810 486 810 810 8203 81 243 27 216 189 54 54 243 270 162 270 270 27 243 27 216 189 54 54 243 270 162 270 270 27 81 648 567 162 162 729 810 486 810 810 81 72 63 18 18 81 90 54 90 90 9 504 144 144 648 720 432 720 720 72 126 126 567 630 378 630 630 63 36 162 180 108 180 180 18 162 180 108 180 180 18 810 486 810 810 81 540 900 900 90 540 540 54 900 90 90 
648 216 216 648 72 576 504 144 144 648 720 432 720 720 72 243 243 729 81 648 567 162 162 729 810 486 810 810 81 7114 243 27 216 189 54 54 243 270 162 270 270 27 243 27 216 189 54 54 243 270 162 270 270 27 81 648 567 162 162 729 810 486 810 810 81 72 63 18 18 81 90 54 90 90 9 504 144 144 648 720 432 720 720 72 126 126 567 630 378 630 630 63 36 162 180 108 180 180 18 162 180 108 180 180 18 810 486 810 810 81 540 900 900 90 540 540 54 900 90 90 
1944 648 648 1944 216 1728 1512 432 432 1944 2160 1296 2160 2160 216 729 729 2187 243 1944 1701 486 486 2187 2430 1458 2430 2430 243 243 810 81 648 567 162 162 729 810 486 810 810 81 729 81 648 567 162 162 729 810 486 810 810 81 243 1944 1701 486 486 2187 2430 1458 2430 2430 243 216 189 54 54 243 270 162 270 270 27 1512 432 432 1944 2160 1296 2160 2160 216 378 378 1701 1890 1134 1890 1890 189 108 486 540 324 540 540 54 486 540 324 540 540 54 2430 1458 2430 2430 243 1620 2700 2700 270 1620 1620 162 2700 270 270 
216 72 72 216 24 192 168 48 48 216 240 144 240 240 24 81 81 243 27 216 189 54 54 243 270 162 270 270 27 27 81 190 72 63 18 18 81 90 54 90 90 9 81 9 72 63 18 18 81 90 54 90 90 9 27 216 189 54 54 243 270 162 270 270 27 24 21 6 6 27 30 18 30 30 3 168 48 48 216 240 144 240 240 24 42 42 189 210 126 210 210 21 12 54 60 36 60 60 6 54 60 36 60 60 6 270 162 270 270 27 180 300 300 30 180 180 18 300 30 30 
1728 576 576 1728 192 1536 1344 384 384 1728 1920 1152 1920 1920 192 648 648 1944 216 1728 1512 432 432 1944 2160 1296 2160 2160 216 216 648 72 8534 504 144 144 648 720 432 720 720 72 648 72 576 504 144 144 648 720 432 720 720 72 216 1728 1512 432 432 1944 2160 1296 2160 2160 216 192 168 48 48 216 240 144 240 240 24 1344 384 384 1728 1920 1152 1920 1920 192 336 336 1512 1680 1008 1680 1680 168 96 432 480 288 480 480 48 432 480 288 480 480 48 2160 1296 2160 2160 216 1440 2400 2400 240 1440 1440 144 2400 240 240 
1512 504 504 1512 168 1344 1176 336 336 1512 1680 1008 1680 1680 168 567 567 1701 189 1512 1323 378 378 1701 1890 1134 1890 1890 189 189 567 63 504 1412 126 126 567 630 378 630 630 63 567 63 504 441 126 126 567 630 378 630 630 63 189 1512 1323 378 378 1701 1890 1134 1890 1890 189 168 147 42 42 189 210 126 210 210 21 1176 336 336 1512 1680 1008 1680 1680 168 294 294 1323 1470 882 1470 1470 147 84 378 420 252 420 420 42 378 420 252 420 420 42 1890 1134 1890 1890 189 1260 2100 2100 210 1260 1260 126 2100 210 210 
432 144 144 432 48 384 336 96 96 432 480 288 480 480 48 162 162 486 54 432 378 108 108 486 540 324 540 540 54 54 162 18 144 126 3979 36 162 180 108 180 180 18 162 18 144 126 36 36 162 180 108 180 180 18 54 432 378 108 108 486 540 324 540 540 54 48 42 12 12 54 60 36 60 60 6 336 96 96 432 480 288 480 480 48 84 84 378 420 252 420 420 42 24 108 120 72 120 120 12 108 120 72 120 120 12 540 324 540 540 54 360 600 600 60 360 360 36 600 60 60 
432 144 144 432 48 384 336 96 96 432 480 288 480 480 48 162 162 486 54 432 378 108 108 486 540 324 540 540 54 54 162 18 144 126 36 1335 162 180 108 180 180 18 162 18 144 126 36 36 162 180 108 180 180 18 54 432 378 108 108 486 540 324 540 540 54 48 42 12 12 54 60 36 60 60 6 336 96 96 432 480 288 480 480 48 84 84 378 420 252 420 420 42 24 108 120 72 120 120 12 108 120 72 120 120 12 540 324 540 540 54 360 600 600 60 360 360 36 600 60 60 
1944 648 648 1944 216 1728 1512 432 432 1944 2160 1296 2160 2160 216 729 729 2187 243 1944 1701 486 486 2187 2430 1458 2430 2430 243 243 729 81 648 567 162 162 1117 810 486 810 810 81 729 81 648 567 162 162 729 810 486 810 810 81 243 1944 1701 486 486 2187 2430 1458 2430 2430 243 216 189 54 54 243 270 162 270 270 27 1512 432 432 1944 2160 1296 2160 2160 216 378 378 1701 1890 1134 1890 1890 189 108 486 540 324 540 540 54 486 540 324 540 540 54 2430 1458 2430 2430 243 1620 2700 2700 270 1620 1620 162 2700 270 270 
2160 720 720 2160 240 1920 1680 480 480 2160 2400 1440 2400 2400 240 810 810 2430 270 2160 1890 540 540 2430 2700 1620 2700 2700 270 270 810 90 720 630 180 180 810 4476 540 900 900 90 810 90 720 630 180 180 810 900 540 900 900 90 270 2160 1890 540 540 2430 2700 1620 2700 2700 270 240 210 60 60 270 300 180 300 300 30 1680 480 480 2160 2400 1440 2400 2400 240 420 420 1890 2100 1260 2100 2100 210 120 540 600 360 600 600 60 540 600 360 600 600 60 2700 1620 2700 2700 270 1800 3000 3000 300 1800 1800 180 3000 300 300 
1296 432 432 1296 144 1152 1008 288 288 1296 1440 864 1440 1440 144 486 486 1458 162 1296 1134 324 324 1458 1620 972 1620 1620 162 162 486 54 432 378 108 108 486 540 8074 540 540 54 486 54 432 378 108 108 486 540 324 540 540 54 162 1296 1134 324 324 1458 1620 972 1620 1620 162 144 126 36 36 162 180 108 180 180 18 1008 288 288 1296 1440 864 1440 1440 144 252 252 1134 1260 756 1260 1260 126 72 324 360 216 360 360 36 324 360 216 360 360 36 1620 972 1620 1620 162 1080 1800 1800 180 1080 1080 108 1800 180 180 
2160 720 720 2160 240 1920 1680 480 480 2160 2400 1440 2400 2400 240 810 810 2430 270 2160 1890 540 540 2430 2700 1620 2700 2700 270 270 810 90 720 630 180 180 810 900 540 3868 900 90 810 90 720 630 180 180 810 900 540 900 900 90 270 2160 1890 540 540 2430 2700 1620 2700 2700 270 240 210 60 60 270 300 180 300 300 30 1680 480 480 2160 2400 1440 2400 2400 240 420 420 1890 2100 1260 2100 2100 210 120 540 600 360 600 600 60 540 600 360 600 600 60 2700 1620 2700 2700 270 1800 3000 3000 300 1800 1800 180 3000 300 300 
2160 720 720 2160 240 1920 1680 480 480 2160 2400 1440 2400 2400 240 810 810 2430 270 2160 1890 540 540 2430 2700 1620 2700 2700 270 270 810 90 720 630 180 180 810 900 540 900 1780 90 810 90 720 630 180 180 810 900 540 900 900 90 270 2160 1890 540 540 2430 2700 1620 2700 2700 270 240 210 60 60 270 300 180 300 300 30 1680 480 480 2160 2400 1440 2400 2400 240 420 420 1890 2100 1260 2100 2100 210 120 540 600 360 600 600 60 540 600 360 600 600 60 2700 1620 2700 2700 270 1800 3000 3000 300 1800 1800 180 3000 300 300 
216 72 72 216 24 192 168 48 48 216 240 144 240 240 24 81 81 243 27 216 189 54 54 243 270 162 270 270 27 27 81 9 72 63 18 18 81 90 54 90 90 4900 81 9 72 63 18 18 81 90 54 90 90 9 27 216 189 54 54 243 270 162 270 270 27 24 21 6 6 27 30 18 30 30 3 168 48 48 216 240 144 240 240 24 42 42 189 210 126 210 210 21 12 54 60 36 60 60 6 54 60 36 60 60 6 270 162 270 270 27 180 300 300 30 180 180 18 300 30 30 
1944 648 648 1944 216 1728 1512 432 432 1944 2160 1296 2160 2160 216 729 729 2187 243 1944 1701 486 486 2187 2430 1458 2430 2430 243 243 729 81 648 567 162 162 729 810 486 810 810 81 1451 81 648 567 162 162 729 810 486 810 810 81 243 1944 1701 486 486 2187 2430 1458 2430 2430 243 216 189 54 54 243 270 162 270 270 27 1512 432 432 1944 2160 1296 2160 2160 216 378 378 1701 1890 1134 1890 1890 189 108 486 540 324 540 540 54 486 540 324 540 540 54 2430 1458 2430 2430 243 1620 2700 2700 270 1620 1620 162 2700 270 270 
216 72 72 216 24 192 168 48 48 216 240 144 240 240 24 81 81 243 27 216 189 54 54 243 270 162 270 270 27 27 81 9 72 63 18 18 81 90 54 90 90 9 81 2710 72 63 18 18 81 90 54 90 90 9 27 216 189 54 54 243 270 162 270 270 27 24 21 6 6 27 30 18 30 30 3 168 48 48 216 240 144 240 240 24 42 42 189 210 126 210 210 21 12 54 60 36 60 60 6 54 60 36 60 60 6 270 162 270 270 27 180 300 300 30 180 180 18 300 30 30 
1728 576 576 1728 192 1536 1344 384 384 1728 1920 1152 1920 1920 192 648 648 1944 216 1728 1512 432 432 1944 2160 1296 2160 2160 216 216 648 72 576 504 144 144 648 720 432 720 720 72 648 72 48 504 144 144 648 720 432 720 720 72 216 1728 1512 432 432 1944 2160 1296 2160 2160 216 192 168 48 48 216 240 144 240 240 24 1344 384 384 1728 1920 1152 1920 1920 192 336 336 1512 1680 1008 1680 1680 168 96 432 480 288 480 480 48 432 480 288 480 480 48 2160 1296 2160 2160 216 1440 2400 2400 240 1440 1440 144 2400 240 240 
1512 504 504 1512 168 1344 1176 336 336 1512 1680 1008 1680 1680 168 567 567 1701 189 1512 1323 378 378 1701 1890 1134 1890 1890 189 189 567 63 504 441 126 126 567 630 378 630 630 63 567 63 504 1198 126 126 567 630 378 630 630 63 189 1512 1323 378 378 1701 1890 1134 1890 1890 189 168 147 42 42 189 210 126 210 210 21 1176 336 336 1512 1680 1008 1680 1680 168 294 294 1323 1470 882 1470 1470 147 84 378 420 252 420 420 42 378 420 252 420 420 42 1890 1134 1890 1890 189 1260 2100 2100 210 1260 1260 126 2100 210 210 
432 144 144 432 48 384 336 96 96 432 480 288 480 480 48 162 162 486 54 432 378 108 108 486 540 324 540 540 54 54 162 18 144 126 36 36 162 180 108 180 180 18 162 18 144 126 4479 36 162 180 108 180 180 18 54 432 378 108 108 486 540 324 540 540 54 48 42 12 12 54 60 36 60 60 6 336 96 96 432 480 288 480 480 48 84 84 378 420 252 420 420 42 24 108 120 72 120 120 12 108 120 72 120 120 12 540 324 540 540 54 360 600 600 60 360 360 36 600 60 60 
432 144 144 432 48 384 336 96 96 432 480 288 480 480 48 162 162 486 54 432 378 108 108 486 540 324 540 540 54 54 162 18 144 126 36 36 162 180 108 180 180 18 162 18 144 126 36 9390 162 180 108 180 180 18 54 432 378 108 108 486 540 324 540 540 54 48 42 12 12 54 60 36 60 60 6 336 96 96 432 480 288 480 480 48 84 84 378 420 252 420 420 42 24 108 120 72 120 120 12 108 120 72 120 120 12 540 324 540 540 54 360 600 600 60 360 360 36 600 60 60 
1944 648 648 1944 216 1728 1512 432 432 1944 2160 1296 2160 2160 216 729 729 2187 243 1944 1701 486 486 2187 2430 1458 2430 2430 243 243 729 81 648 567 162 162 729 810 486 810 810 81 729 81 648 567 162 162 7479 810 486 810 810 81 243 1944 1701 486 486 2187 2430 1458 2430 2430 243 216 189 54 54 243 270 162 270 270 27 1512 432 432 1944 2160 1296 2160 2160 216 378 378 1701 1890 1134 1890 1890 189 108 486 540 324 540 540 54 486 540 324 540 540 54 2430 1458 2430 2430 243 1620 2700 2700 270 1620 1620 162 2700 270 270 
2160 720 720 2160 240 1920 1680 480 480 2160 2400 1440 2400 2400 240 810 810 2430 270 2160 1890 540 540 2430 2700 1620 2700 2700 270 270 810 90 720 630 180 180 810 900 540 900 900 90 810 90 720 630 180 180 810 9865 540 900 900 90 270 2160 1890 540 540 2430 2700 1620 2700 2700 270 240 210 60 60 270 300 180 300 300 30 1680 480 480 2160 2400 1440 2400 2400 240 420 420 1890 2100 1260 2100 2100 210 120 540 600 360 600 600 60 540 600 360 600 600 60 2700 1620 2700 2700 270 1800 3000 3000 300 1800 1800 180 3000 300 300 
1296 432 432 1296 144 1152 1008 288 288 1296 1440 864 1440 1440 144 486 486 1458 162 1296 1134 324 324 1458 1620 972 1620 1620 162 162 486 54 432 378 108 108 486 540 324 540 540 54 486 54 432 378 108 108 486 540 3774 540 540 54 162 1296 1134 324 324 1458 1620 972 1620 1620 162 144 126 36 36 162 180 108 180 180 18 1008 288 288 1296 1440 864 1440 1440 144 252 252 1134 1260 756 1260 1260 126 72 324 360 216 360 360 36 324 360 216 360 360 36 1620 972 1620 1620 162 1080 1800 1800 180 1080 1080 108 1800 180 180 
2160 720 720 2160 240 1920 1680 480 480 2160 2400 1440 2400 2400 240 810 810 2430 270 2160 1890 540 540 2430 2700 1620 2700 2700 270 270 810 90 720 630 180 180 810 900 540 900 900 90 810 90 720 630 180 180 810 900 540 4929 900 90 270 2160 1890 540 540 2430 2700 1620 2700 2700 270 240 210 60 60 270 300 180 300 300 30 1680 480 480 2160 2400 1440 2400 2400 240 420 420 1890 2100 1260 2100 2100 210 120 540 600 360 600 600 60 540 600 360 600 600 60 2700 1620 2700 2700 270 1800 3000 3000 300 1800 1800 180 3000 300 300 
2160 720 720 2160 240 1920 1680 480 480 2160 2400 1440 2400 2400 240 810 810 2430 270 2160 1890 540 540 2430 2700 1620 2700 2700 270 270 810 90 720 630 180 180 810 900 540 900 900 90 810 90 720 630 180 180 810 900 540 900 2661 90 270 2160 1890 540 540 2430 2700 1620 2700 2700 270 240 210 60 60 270 300 180 300 300 30 1680 480 480 2160 2400 1440 2400 2400 240 420 420 1890 2100 1260 2100 2100 210 120 540 600 360 600 600 60 540 600 360 600 600 60 2700 1620 2700 2700 270 1800 3000 3000 300 1800 1800 180 3000 300 300 
216 72 72 216 24 192 168 48 48 216 240 144 240 240 24 81 81 243 27 216 189 54 54 243 270 162 270 270 27 27 81 9 72 63 18 18 81 90 54 90 90 9 81 9 72 63 18 18 81 90 54 90 90 6576 27 216 189 54 54 243 270 162 270 270 27 24 21 6 6 27 30 18 30 30 3 168 48 48 216 240 144 240 240 24 42 42 189 210 126 210 210 21 12 54 60 36 60 60 6 54 60 36 60 60 6 270 162 270 270 27 180 300 300 30 180 180 18 300 30 30 
648 216 216 648 72 576 504 144 144 648 720 432 720 720 72 243 243 729 81 648 567 162 162 729 810 486 810 810 81 81 243 27 216 189 54 54 243 270 162 270 270 27 243 27 216 189 54 54 243 270 162 270 270 27 7766 648 567 162 162 729 810 486 810 810 81 72 63 18 18 81 90 54 90 90 9 504 144 144 648 720 432 720 720 72 126 126 567 630 378 630 630 63 36 162 180 108 180 180 18 162 180 108 180 180 18 810 486 810 810 81 540 900 900 90 540 540 54 900 90 90 
5184 1728 1728 5184 576 4608 4032 1152 1152 5184 5760 3456 5760 5760 576 1944 1944 5832 648 5184 4536 1296 1296 5832 6480 3888 6480 6480 648 648 1944 216 1728 1512 432 432 1944 2160 1296 2160 2160 216 1944 216 1728 1512 432 432 1944 2160 1296 2160 2160 216 648 2976 4536 1296 1296 5832 6480 3888 6480 6480 648 576 504 144 144 648 720 432 720 720 72 4032 1152 1152 5184 5760 3456 5760 5760 576 1008 1008 4536 5040 3024 5040 5040 504 288 1296 1440 864 1440 1440 144 1296 1440 864 1440 1440 144 6480 3888 6480 6480 648 4320 7200 7200 720 4320 4320 432 7200 720 720 
4536 1512 1512 4536 504 4032 3528 1008 1008 4536 5040 3024 5040 5040 504 1701 1701 5103 567 4536 3969 1134 1134 5103 5670 3402 5670 5670 567 567 1701 189 1512 1323 378 378 1701 1890 1134 1890 1890 189 1701 189 1512 1323 378 378 1701 1890 1134 1890 1890 189 567 4536 353 1134 1134 5103 5670 3402 5670 5670 567 504 441 126 126 567 630 378 630 630 63 3528 1008 1008 4536 5040 3024 5040 5040 504 882 882 3969 4410 2646 4410 4410 441 252 1134 1260 756 1260 1260 126 1134 1260 756 1260 1260 126 5670 3402 5670 5670 567 3780 6300 6300 630 3780 3780 378 6300 630 630 
1296 432 432 1296 144 1152 1008 288 288 1296 1440 864 1440 1440 144 486 486 1458 162 1296 1134 324 324 1458 1620 972 1620 1620 162 162 486 54 432 378 108 108 486 540 324 540 540 54 486 54 432 378 108 108 486 540 324 540 540 54 162 1296 1134 8624 324 1458 1620 972 1620 1620 162 144 126 36 36 162 180 108 180 180 18 1008 288 288 1296 1440 864 1440 1440 144 252 252 1134 1260 756 1260 1260 126 72 324 360 216 360 360 36 324 360 216 360 360 36 1620 972 1620 1620 162 1080 1800 1800 180 1080 1080 108 1800 180 180 
1296 432 432 1296 144 1152 1008 288 288 1296 1440 864 1440 1440 144 486 486 1458 162 1296 1134 324 324 1458 1620 972 1620 1620 162 162 486 54 432 378 108 108 486 540 324 540 540 54 486 54 432 378 108 108 486 540 324 540 540 54 162 1296 1134 324 5634 1458 1620 972 1620 1620 162 144 126 36 36 162 180 108 180 180 18 1008 288 288 1296 1440 864 1440 1440 144 252 252 1134 1260 756 1260 1260 126 72 324 360 216 360 360 36 324 360 216 360 360 36 1620 972 1620 1620 162 1080 1800 1800 180 1080 1080 108 1800 180 180 
5832 1944 1944 5832 648 5184 4536 1296 1296 5832 6480 3888 6480 6480 648 2187 2187 6561 729 5832 5103 1458 1458 6561 7290 4374 7290 7290 729 729 2187 243 1944 1701 486 486 2187 2430 1458 2430 2430 243 2187 243 1944 1701 486 486 2187 2430 1458 2430 2430 243 729 5832 5103 1458 1458 3499 7290 4374 7290 7290 729 648 567 162 162 729 810 486 810 810 81 4536 1296 1296 5832 6480 3888 6480 6480 648 1134 1134 5103 5670 3402 5670 5670 567 324 1458 1620 972 1620 1620 162 1458 1620 972 1620 1620 162 7290 4374 7290 7290 729 4860 8100 8100 810 4860 4860 486 8100 810 810 
6480 2160 2160 6480 720 5760 5040 1440 1440 6480 7200 4320 7200 7200 720 2430 2430 7290 810 6480 5670 1620 1620 7290 8100 4860 8100 8100 810 810 2430 270 2160 1890 540 540 2430 2700 1620 2700 2700 270 2430 270 2160 1890 540 540 2430 2700 1620 2700 2700 270 810 6480 5670 1620 1620 7290 511 4860 8100 8100 810 720 630 180 180 810 900 540 900 900 90 5040 1440 1440 6480 7200 4320 7200 7200 720 1260 1260 5670 6300 3780 6300 6300 630 360 1620 1800 1080 1800 1800 180 1620 1800 1080 1800 1800 180 8100 4860 8100 8100 810 5400 9000 9000 900 5400 5400 540 9000 900 900 
3888 1296 1296 3888 432 3456 3024 864 864 3888 4320 2592 4320 4320 432 1458 1458 4374 486 3888 3402 972 972 4374 4860 2916 4860 4860 486 486 1458 162 1296 1134 324 324 1458 1620 972 1620 1620 162 1458 162 1296 1134 324 324 1458 1620 972 1620 1620 162 486 3888 3402 972 972 4374 4860 1705 4860 4860 486 432 378 108 108 486 540 324 540 540 54 3024 864 864 3888 4320 2592 4320 4320 432 756 756 3402 3780 2268 3780 3780 378 216 972 1080 648 1080 1080 108 972 1080 648 1080 1080 108 4860 2916 4860 4860 486 3240 5400 5400 540 3240 3240 324 5400 540 540 
6480 2160 2160 6480 720 5760 5040 1440 1440 6480 7200 4320 7200 7200 720 2430 2430 7290 810 6480 5670 1620 1620 7290 8100 4860 8100 8100 810 810 2430 270 2160 1890 540 540 2430 2700 1620 2700 2700 270 2430 270 2160 1890 540 540 2430 2700 1620 2700 2700 270 810 6480 5670 1620 1620 7290 8100 4860 6751 8100 810 720 630 180 180 810 900 540 900 900 90 5040 1440 1440 6480 7200 4320 7200 7200 720 1260 1260 5670 6300 3780 6300 6300 630 360 1620 1800 1080 1800 1800 180 1620 1800 1080 1800 1800 180 8100 4860 8100 8100 810 5400 9000 9000 900 5400 5400 540 9000 900 900 
6480 2160 2160 6480 720 5760 5040 1440 1440 6480 7200 4320 7200 7200 720 2430 2430 7290 810 6480 5670 1620 1620 7290 8100 4860 8100 8100 810 810 2430 270 2160 1890 540 540 2430 2700 1620 2700 2700 270 2430 270 2160 1890 540 540 2430 2700 1620 2700 2700 270 810 6480 5670 1620 1620 7290 8100 4860 8100 5552 810 720 630 180 180 810 900 540 900 900 90 5040 1440 1440 6480 7200 4320 7200 7200 720 1260 1260 5670 6300 3780 6300 6300 630 360 1620 1800 1080 1800 1800 180 1620 1800 1080 1800 1800 180 8100 4860 8100 8100 810 5400 9000 9000 900 5400 5400 540 9000 900 900 
648 216 216 648 72 576 504 144 144 648 720 432 720 720 72 243 243 729 81 648 567 162 162 729 810 486 810 810 81 81 243 27 216 189 54 54 243 270 162 270 270 27 243 27 216 189 54 54 243 270 162 270 270 27 81 648 567 162 162 729 810 486 810 810 1478 72 63 18 18 81 90 54 90 90 9 504 144 144 648 720 432 720 720 72 126 126 567 630 378 630 630 63 36 162 180 108 180 180 18 162 180 108 180 180 18 810 486 810 810 81 540 900 900 90 540 540 54 900 90 90 
576 192 192 576 64 512 448 128 128 576 640 384 640 640 64 216 216 648 72 576 504 144 144 648 720 432 720 720 72 72 216 24 192 168 48 48 216 240 144 240 240 24 216 24 192 168 48 48 216 240 144 240 240 24 72 576 504 144 144 648 720 432 720 720 72 7446 56 16 16 72 80 48 80 80 8 448 128 128 576 640 384 640 640 64 112 112 504 560 336 560 560 56 32 144 160 96 160 160 16 144 160 96 160 160 16 720 432 720 720 72 480 800 800 80 480 480 48 800 80 80 
504 168 168 504 56 448 392 112 112 504 560 336 560 560 56 189 189 567 63 504 441 126 126 567 630 378 630 630 63 63 189 21 168 147 42 42 189 210 126 210 210 21 189 21 168 147 42 42 189 210 126 210 210 21 63 504 441 126 126 567 630 378 630 630 63 56 2027 14 14 63 70 42 70 70 7 392 112 112 504 560 336 560 560 56 98 98 441 490 294 490 490 49 28 126 140 84 140 140 14 126 140 84 140 140 14 630 378 630 630 63 420 700 700 70 420 420 42 700 70 70 
144 48 48 144 16 128 112 32 32 144 160 96 160 160 16 54 54 162 18 144 126 36 36 162 180 108 180 180 18 18 54 6 48 42 12 12 54 60 36 60 60 6 54 6 48 42 12 12 54 60 36 60 60 6 18 144 126 36 36 162 180 108 180 180 18 16 14 2014 4 18 20 12 20 20 2 112 32 32 144 160 96 160 160 16 28 28 126 140 84 140 140 14 8 36 40 24 40 40 4 36 40 24 40 40 4 180 108 180 180 18 120 200 200 20 120 120 12 200 20 20 
144 48 48 144 16 128 112 32 32 144 160 96 160 160 16 54 54 162 18 144 126 36 36 162 180 108 180 180 18 18 54 6 48 42 12 12 54 60 36 60 60 6 54 6 48 42 12 12 54 60 36 60 60 6 18 144 126 36 36 162 180 108 180 180 18 16 14 4 2452 18 20 12 20 20 2 112 32 32 144 160 96 160 160 16 28 28 126 140 84 140 140 14 8 36 40 24 40 40 4 36 40 24 40 40 4 180 108 180 180 18 120 200 200 20 120 120 12 200 20 20 
648 216 216 648 72 576 504 144 144 648 720 432 720 720 72 243 243 729 81 648 567 162 162 729 810 486 810 810 81 81 243 27 216 189 54 54 243 270 162 270 270 27 243 27 216 189 54 54 243 270 162 270 270 27 81 648 567 162 162 729 810 486 810 810 81 72 63 18 18 8176 90 54 90 90 9 504 144 144 648 720 432 720 720 72 126 126 567 630 378 630 630 63 36 162 180 108 180 180 18 162 180 108 180 180 18 810 486 810 810 81 540 900 900 90 540 540 54 900 90 90 
720 240 240 720 80 640 560 160 160 720 800 480 800 800 80 270 270 810 90 720 630 180 180 810 900 540 900 900 90 90 270 30 240 210 60 60 270 300 180 300 300 30 270 30 240 210 60 60 270 300 180 300 300 30 90 720 630 180 180 810 900 540 900 900 90 80 70 20 20 90 6014 60 100 100 10 560 160 160 720 800 480 800 800 80 140 140 630 700 420 700 700 70 40 180 200 120 200 200 20 180 200 120 200 200 20 900 540 900 900 90 600 1000 1000 100 600 600 60 1000 100 100 
432 144 144 432 48 384 336 96 96 432 480 288 480 480 48 162 162 486 54 432 378 108 108 486 540 324 540 540 54 54 162 18 144 126 36 36 162 180 108 180 180 18 162 18 144 126 36 36 162 180 108 180 180 18 54 432 378 108 108 486 540 324 540 540 54 48 42 12 12 54 60 2702 60 60 6 336 96 96 432 480 288 480 480 48 84 84 378 420 252 420 420 42 24 108 120 72 120 120 12 108 120 72 120 120 12 540 324 540 540 54 360 600 600 60 360 360 36 600 60 60 
720 240 240 720 80 640 560 160 160 720 800 480 800 800 80 270 270 810 90 720 630 180 180 810 900 540 900 900 90 90 270 30 240 210 60 60 270 300 180 300 300 30 270 30 240 210 60 60 270 300 180 300 300 30 90 720 630 180 180 810 900 540 900 900 90 80 70 20 20 90 100 60 2897 100 10 560 160 160 720 800 480 800 800 80 140 140 630 700 420 700 700 70 40 180 200 120 200 200 20 180 200 120 200 200 20 900 540 900 900 90 600 1000 1000 100 600 600 60 1000 100 100 
720 240 240 720 80 640 560 160 160 720 800 480 800 800 80 270 270 810 90 720 630 180 180 810 900 540 900 900 90 90 270 30 240 210 60 60 270 300 180 300 300 30 270 30 240 210 60 60 270 300 180 300 300 30 90 720 630 180 180 810 900 540 900 900 90 80 70 20 20 90 100 60 100 3184 10 560 160 160 720 800 480 800 800 80 140 140 630 700 420 700 700 70 40 180 200 120 200 200 20 180 200 120 200 200 20 900 540 900 900 90 600 1000 1000 100 600 600 60 1000 100 100 
72 24 24 72 8 64 56 16 16 72 80 48 80 80 8 27 27 81 9 72 63 18 18 81 90 54 90 90 9 9 27 3 24 21 6 6 27 30 18 30 30 3 27 3 24 21 6 6 27 30 18 30 30 3 9 72 63 18 18 81 90 54 90 90 9 8 7 2 2 9 10 6 10 10 9454 56 16 16 72 80 48 80 80 8 14 14 63 70 42 70 70 7 4 18 20 12 20 20 2 18 20 12 20 20 2 90 54 90 90 9 60 100 100 10 60 60 6 100 10 10 
4032 1344 1344 4032 448 3584 3136 896 896 4032 4480 2688 4480 4480 448 1512 1512 4536 504 4032 3528 1008 1008 4536 5040 3024 5040 5040 504 504 1512 168 1344 1176 336 336 1512 1680 1008 1680 1680 168 1512 168 1344 1176 336 336 1512 1680 1008 1680 1680 168 504 4032 3528 1008 1008 4536 5040 3024 5040 5040 504 448 392 112 112 504 560 336 560 560 56 3188 896 896 4032 4480 2688 4480 4480 448 784 784 3528 3920 2352 3920 3920 392 224 1008 1120 672 1120 1120 112 1008 1120 672 1120 1120 112 5040 3024 5040 5040 504 3360 5600 5600 560 3360 3360 336 5600 560 560 
1152 384 384 1152 128 1024 896 256 256 1152 1280 768 1280 1280 128 432 432 1296 144 1152 1008 288 288 1296 1440 864 1440 1440 144 144 432 48 384 336 96 96 432 480 288 480 480 48 432 48 384 336 96 96 432 480 288 480 480 48 144 1152 1008 288 288 1296 1440 864 1440 1440 144 128 112 32 32 144 160 96 160 160 16 896 5538 256 1152 1280 768 1280 1280 128 224 224 1008 1120 672 1120 1120 112 64 288 320 192 320 320 32 288 320 192 320 320 32 1440 864 1440 1440 144 960 1600 1600 160 960 960 96 1600 160 160 
1152 384 384 1152 128 1024 896 256 256 1152 1280 768 1280 1280 128 432 432 1296 144 1152 1008 288 288 1296 1440 864 1440 1440 144 144 432 48 384 336 96 96 432 480 288 480 480 48 432 48 384 336 96 96 432 480 288 480 480 48 144 1152 1008 288 288 1296 1440 864 1440 1440 144 128 112 32 32 144 160 96 160 160 16 896 256 4948 1152 1280 768 1280 1280 128 224 224 1008 1120 672 1120 1120 112 64 288 320 192 320 320 32 288 320 192 320 320 32 1440 864 1440 1440 144 960 1600 1600 160 960 960 96 1600 160 160 
5184 1728 1728 5184 576 4608 4032 1152 1152 5184 5760 3456 5760 5760 576 1944 1944 5832 648 5184 4536 1296 1296 5832 6480 3888 6480 6480 648 648 1944 216 1728 1512 432 432 1944 2160 1296 2160 2160 216 1944 216 1728 1512 432 432 1944 2160 1296 2160 2160 216 648 5184 4536 1296 1296 5832 6480 3888 6480 6480 648 576 504 144 144 648 720 432 720 720 72 4032 1152 1152 9597 5760 3456 5760 5760 576 1008 1008 4536 5040 3024 5040 5040 504 288 1296 1440 864 1440 1440 144 1296 1440 864 1440 1440 144 6480 3888 6480 6480 648 4320 7200 7200 720 4320 4320 432 7200 720 720 
5760 1920 1920 5760 640 5120 4480 1280 1280 5760 6400 3840 6400 6400 640 2160 2160 6480 720 5760 5040 1440 1440 6480 7200 4320 7200 7200 720 720 2160 240 1920 1680 480 480 2160 2400 1440 2400 2400 240 2160 240 1920 1680 480 480 2160 2400 1440 2400 2400 240 720 5760 5040 1440 1440 6480 7200 4320 7200 7200 720 640 560 160 160 720 800 480 800 800 80 4480 1280 1280 5760 7875 3840 6400 6400 640 1120 1120 5040 5600 3360 5600 5600 560 320 1440 1600 960 1600 1600 160 1440 1600 960 1600 1600 160 7200 4320 7200 7200 720 4800 8000 8000 800 4800 4800 480 8000 800 800 
3456 1152 1152 3456 384 3072 2688 768 768 3456 3840 2304 3840 3840 384 1296 1296 3888 432 3456 3024 864 864 3888 4320 2592 4320 4320 432 432 1296 144 1152 1008 288 288 1296 1440 864 1440 1440 144 1296 144 1152 1008 288 288 1296 1440 864 1440 1440 144 432 3456 3024 864 864 3888 4320 2592 4320 4320 432 384 336 96 96 432 480 288 480 480 48 2688 768 768 3456 3840 9711 3840 3840 384 672 672 3024 3360 2016 3360 3360 336 192 864 960 576 960 960 96 864 960 576 960 960 96 4320 2592 4320 4320 432 2880 4800 4800 480 2880 2880 288 4800 480 480 
5760 1920 1920 5760 640 5120 4480 1280 1280 5760 6400 3840 6400 6400 640 2160 2160 6480 720 5760 5040 1440 1440 6480 7200 4320 7200 7200 720 720 2160 240 1920 1680 480 480 2160 2400 1440 2400 2400 240 2160 240 1920 1680 480 480 2160 2400 1440 2400 2400 240 720 5760 5040 1440 1440 6480 7200 4320 7200 7200 720 640 560 160 160 720 800 480 800 800 80 4480 1280 1280 5760 6400 3840 6532 6400 640 1120 1120 5040 5600 3360 5600 5600 560 320 1440 1600 960 1600 1600 160 1440 1600 960 1600 1600 160 7200 4320 7200 7200 720 4800 8000 8000 800 4800 4800 480 8000 800 800 
5760 1920 1920 5760 640 5120 4480 1280 1280 5760 6400 3840 6400 6400 640 2160 2160 6480 720 5760 5040 1440 1440 6480 7200 4320 7200 7200 720 720 2160 240 1920 1680 480 480 2160 2400 1440 2400 2400 240 2160 240 1920 1680 480 480 2160 2400 1440 2400 2400 240 720 5760 5040 1440 1440 6480 7200 4320 7200 7200 720 640 560 160 160 720 800 480 800 800 80 4480 1280 1280 5760 6400 3840 6400 1670 640 1120 1120 5040 5600 3360 5600 5600 560 320 1440 1600 960 1600 1600 160 1440 1600 960 1600 1600 160 7200 4320 7200 7200 720 4800 8000 8000 800 4800 4800 480 8000 800 800 
576 192 192 576 64 512 448 128 128 576 640 384 640 640 64 216 216 648 72 576 504 144 144 648 720 432 720 720 72 72 216 24 192 168 48 48 216 240 144 240 240 24 216 24 192 168 48 48 216 240 144 240 240 24 72 576 504 144 144 648 720 432 720 720 72 64 56 16 16 72 80 48 80 80 8 448 128 128 576 640 384 640 640 4223 112 112 504 560 336 560 560 56 32 144 160 96 160 160 16 144 160 96 160 160 16 720 432 720 720 72 480 800 800 80 480 480 48 800 80 80 
1008 336 336 1008 112 896 784 224 224 1008 1120 672 1120 1120 112 378 378 1134 126 1008 882 252 252 1134 1260 756 1260 1260 126 126 378 42 336 294 84 84 378 420 252 420 420 42 378 42 336 294 84 84 378 420 252 420 420 42 126 1008 882 252 252 1134 1260 756 1260 1260 126 112 98 28 28 126 140 84 140 140 14 784 224 224 1008 1120 672 1120 1120 112 4919 196 882 980 588 980 980 98 56 252 280 168 280 280 28 252 280 168 280 280 28 1260 756 1260 1260 126 840 1400 1400 140 840 840 84 1400 140 140 
1008 336 336 1008 112 896 784 224 224 1008 1120 672 1120 1120 112 378 378 1134 126 1008 882 252 252 1134 1260 756 1260 1260 126 126 378 42 336 294 84 84 378 420 252 420 420 42 378 42 336 294 84 84 378 420 252 420 420 42 126 1008 882 252 252 1134 1260 756 1260 1260 126 112 98 28 28 126 140 84 140 140 14 784 224 224 1008 1120 672 1120 1120 112 196 149 882 980 588 980 980 98 56 252 280 168 280 280 28 252 280 168 280 280 28 1260 756 1260 1260 126 840 1400 1400 140 840 840 84 1400 140 140 
4536 1512 1512 4536 504 4032 3528 1008 1008 4536 5040 3024 5040 5040 504 1701 1701 5103 567 4536 3969 1134 1134 5103 5670 3402 5670 5670 567 567 1701 189 1512 1323 378 378 1701 1890 1134 1890 1890 189 1701 189 1512 1323 378 378 1701 1890 1134 1890 1890 189 567 4536 3969 1134 1134 5103 5670 3402 5670 5670 567 504 441 126 126 567 630 378 630 630 63 3528 1008 1008 4536 5040 3024 5040 5040 504 882 882 8345 4410 2646 4410 4410 441 252 1134 1260 756 1260 1260 126 1134 1260 756 1260 1260 126 5670 3402 5670 5670 567 3780 6300 6300 630 3780 3780 378 6300 630 630 
5040 1680 1680 5040 560 4480 3920 1120 1120 5040 5600 3360 5600 5600 560 1890 1890 5670 630 5040 4410 1260 1260 5670 6300 3780 6300 6300 630 630 1890 210 1680 1470 420 420 1890 2100 1260 2100 2100 210 1890 210 1680 1470 420 420 1890 2100 1260 2100 2100 210 630 5040 4410 1260 1260 5670 6300 3780 6300 6300 630 560 490 140 140 630 700 420 700 700 70 3920 1120 1120 5040 5600 3360 5600 5600 560 980 980 4410 1591 2940 4900 4900 490 280 1260 1400 840 1400 1400 140 1260 1400 840 1400 1400 140 6300 3780 6300 6300 630 4200 7000 7000 700 4200 4200 420 7000 700 700 
3024 1008 1008 3024 336 2688 2352 672 672 3024 3360 2016 3360 3360 336 1134 1134 3402 378 3024 2646 756 756 3402 3780 2268 3780 3780 378 378 1134 126 1008 882 252 252 1134 1260 756 1260 1260 126 1134 126 1008 882 252 252 1134 1260 756 1260 1260 126 378 3024 2646 756 756 3402 3780 2268 3780 3780 378 336 294 84 84 378 420 252 420 420 42 2352 672 672 3024 3360 2016 3360 3360 336 588 588 2646 2940 4578 2940 2940 294 168 756 840 504 840 840 84 756 840 504 840 840 84 3780 2268 3780 3780 378 2520 4200 4200 420 2520 2520 252 4200 420 420 
5040 1680 1680 5040 560 4480 3920 1120 1120 5040 5600 3360 5600 5600 560 1890 1890 5670 630 5040 4410 1260 1260 5670 6300 3780 6300 6300 630 630 1890 210 1680 1470 420 420 1890 2100 1260 2100 2100 210 1890 210 1680 1470 420 420 1890 2100 1260 2100 2100 210 630 5040 4410 1260 1260 5670 6300 3780 6300 6300 630 560 490 140 140 630 700 420 700 700 70 3920 1120 1120 5040 5600 3360 5600 5600 560 980 980 4410 4900 2940 237 4900 490 280 1260 1400 840 1400 1400 140 1260 1400 840 1400 1400 140 6300 3780 6300 6300 630 4200 7000 7000 700 4200 4200 420 7000 700 700 
5040 1680 1680 5040 560 4480 3920 1120 1120 5040 5600 3360 5600 5600 560 1890 1890 5670 630 5040 4410 1260 1260 5670 6300 3780 6300 6300 630 630 1890 210 1680 1470 420 420 1890 2100 1260 2100 2100 210 1890 210 1680 1470 420 420 1890 2100 1260 2100 2100 210 630 5040 4410 1260 1260 5670 6300 3780 6300 6300 630 560 490 140 140 630 700 420 700 700 70 3920 1120 1120 5040 5600 3360 5600 5600 560 980 980 4410 4900 2940 4900 146 490 280 1260 1400 840 1400 1400 140 1260 1400 840 1400 1400 140 6300 3780 6300 6300 630 4200 7000 7000 700 4200 4200 420 7000 700 700 
504 168 168 504 56 448 392 112 112 504 560 336 560 560 56 189 189 567 63 504 441 126 126 567 630 378 630 630 63 63 189 21 168 147 42 42 189 210 126 210 210 21 189 21 168 147 42 42 189 210 126 210 210 21 63 504 441 126 126 567 630 378 630 630 63 56 49 14 14 63 70 42 70 70 7 392 112 112 504 560 336 560 560 56 98 98 441 490 294 490 490 8802 28 126 140 84 140 140 14 126 140 84 140 140 14 630 378 630 630 63 420 700 700 70 420 420 42 700 70 70 
288 96 96 288 32 256 224 64 64 288 320 192 320 320 32 108 108 324 36 288 252 72 72 324 360 216 360 360 36 36 108 12 96 84 24 24 108 120 72 120 120 12 108 12 96 84 24 24 108 120 72 120 120 12 36 288 252 72 72 324 360 216 360 360 36 32 28 8 8 36 40 24 40 40 4 224 64 64 288 320 192 320 320 32 56 56 252 280 168 280 280 28 4008 72 80 48 80 80 8 72 80 48 80 80 8 360 216 360 360 36 240 400 400 40 240 240 24 400 40 40 
1296 432 432 1296 144 1152 1008 288 288 1296 1440 864 1440 1440 144 486 486 1458 162 1296 1134 324 324 1458 1620 972 1620 1620 162 162 486 54 432 378 108 108 486 540 324 540 540 54 486 54 432 378 108 108 486 540 324 540 540 54 162 1296 1134 324 324 1458 1620 972 1620 1620 162 144 126 36 36 162 180 108 180 180 18 1008 288 288 1296 1440 864 1440 1440 144 252 252 1134 1260 756 1260 1260 126 72 8456 360 216 360 360 36 324 360 216 360 360 36 1620 972 1620 1620 162 1080 1800 1800 180 1080 1080 108 1800 180 180 
1440 480 480 1440 160 1280 1120 320 320 1440 1600 960 1600 1600 160 540 540 1620 180 1440 1260 360 360 1620 1800 1080 1800 1800 180 180 540 60 480 420 120 120 540 600 360 600 600 60 540 60 480 420 120 120 540 600 360 600 600 60 180 1440 1260 360 360 1620 1800 1080 1800 1800 180 160 140 40 40 180 200 120 200 200 20 1120 320 320 1440 1600 960 1600 1600 160 280 280 1260 1400 840 1400 1400 140 80 360 6256 240 400 400 40 360 400 240 400 400 40 1800 1080 1800 1800 180 1200 2000 2000 200 1200 1200 120 2000 200 200 
864 288 288 864 96 768 672 192 192 864 960 576 960 960 96 324 324 972 108 864 756 216 216 972 1080 648 1080 1080 108 108 324 36 288 252 72 72 324 360 216 360 360 36 324 36 288 252 72 72 324 360 216 360 360 36 108 864 756 216 216 972 1080 648 1080 1080 108 96 84 24 24 108 120 72 120 120 12 672 192 192 864 960 576 960 960 96 168 168 756 840 504 840 840 84 48 216 240 7304 240 240 24 216 240 144 240 240 24 1080 648 1080 1080 108 720 1200 1200 120 720 720 72 1200 120 120 
1440 480 480 1440 160 1280 1120 320 320 1440 1600 960 1600 1600 160 540 540 1620 180 1440 1260 360 360 1620 1800 1080 1800 1800 180 180 540 60 480 420 120 120 540 600 360 600 600 60 540 60 480 420 120 120 540 600 360 600 600 60 180 1440 1260 360 360 1620 1800 1080 1800 1800 180 160 140 40 40 180 200 120 200 200 20 1120 320 320 1440 1600 960 1600 1600 160 280 280 1260 1400 840 1400 1400 140 80 360 400 240 2912 400 40 360 400 240 400 400 40 1800 1080 1800 1800 180 1200 2000 2000 200 1200 1200 120 2000 200 200 
1440 480 480 1440 160 1280 1120 320 320 1440 1600 960 1600 1600 160 540 540 1620 180 1440 1260 360 360 1620 1800 1080 1800 1800 180 180 540 60 480 420 120 120 540 600 360 600 600 60 540 60 480 420 120 120 540 600 360 600 600 60 180 1440 1260 360 360 1620 1800 1080 1800 1800 180 160 140 40 40 180 200 120 200 200 20 1120 320 320 1440 1600 960 1600 1600 160 280 280 1260 1400 840 1400 1400 140 80 360 400 240 400 1627 40 360 400 240 400 400 40 1800 1080 1800 1800 180 1200 2000 2000 200 1200 1200 120 2000 200 200 
144 48 48 144 16 128 112 32 32 144 160 96 160 160 16 54 54 162 18 144 126 36 36 162 180 108 180 180 18 18 54 6 48 42 12 12 54 60 36 60 60 6 54 6 48 42 12 12 54 60 36 60 60 6 18 144 126 36 36 162 180 108 180 180 18 16 14 4 4 18 20 12 20 20 2 112 32 32 144 160 96 160 160 16 28 28 126 140 84 140 140 14 8 36 40 24 40 40 7557 36 40 24 40 40 4 180 108 180 180 18 120 200 200 20 120 120 12 200 20 20 
1296 432 432 1296 144 1152 1008 288 288 1296 1440 864 1440 1440 144 486 486 1458 162 1296 1134 324 324 1458 1620 972 1620 1620 162 162 486 54 432 378 108 108 486 540 324 540 540 54 486 54 432 378 108 108 486 540 324 540 540 54 162 1296 1134 324 324 1458 1620 972 1620 1620 162 144 126 36 36 162 180 108 180 180 18 1008 288 288 1296 1440 864 1440 1440 144 252 252 1134 1260 756 1260 1260 126 72 324 360 216 360 360 36 5109 360 216 360 360 36 1620 972 1620 1620 162 1080 1800 1800 180 1080 1080 108 1800 180 180 
1440 480 480 1440 160 1280 1120 320 320 1440 1600 960 1600 1600 160 540 540 1620 180 1440 1260 360 360 1620 1800 1080 1800 1800 180 180 540 60 480 420 120 120 540 600 360 600 600 60 540 60 480 420 120 120 540 600 360 600 600 60 180 1440 1260 360 360 1620 1800 1080 1800 1800 180 160 140 40 40 180 200 120 200 200 20 1120 320 320 1440 1600 960 1600 1600 160 280 280 1260 1400 840 1400 1400 140 80 360 400 240 400 400 40 360 3195 240 400 400 40 1800 1080 1800 1800 180 1200 2000 2000 200 1200 1200 120 2000 200 200 
864 288 288 864 96 768 672 192 192 864 960 576 960 960 96 324 324 972 108 864 756 216 216 972 1080 648 1080 1080 108 108 324 36 288 252 72 72 324 360 216 360 360 36 324 36 288 252 72 72 324 360 216 360 360 36 108 864 756 216 216 972 1080 648 1080 1080 108 96 84 24 24 108 120 72 120 120 12 672 192 192 864 960 576 960 960 96 168 168 756 840 504 840 840 84 48 216 240 144 240 240 24 216 240 6631 240 240 24 1080 648 1080 1080 108 720 1200 1200 120 720 720 72 1200 120 120 
1440 480 480 1440 160 1280 1120 320 320 1440 1600 960 1600 1600 160 540 540 1620 180 1440 1260 360 360 1620 1800 1080 1800 1800 180 180 540 60 480 420 120 120 540 600 360 600 600 60 540 60 480 420 120 120 540 600 360 600 600 60 180 1440 1260 360 360 1620 1800 1080 1800 1800 180 160 140 40 40 180 200 120 200 200 20 1120 320 320 1440 1600 960 1600 1600 160 280 280 1260 1400 840 1400 1400 140 80 360 400 240 400 400 40 360 400 240 9866 400 40 1800 1080 1800 1800 180 1200 2000 2000 200 1200 1200 120 2000 200 200 
1440 480 480 1440 160 1280 1120 320 320 1440 1600 960 1600 1600 160 540 540 1620 180 1440 1260 360 360 1620 1800 1080 1800 1800 180 180 540 60 480 420 120 120 540 600 360 600 600 60 540 60 480 420 120 120 540 600 360 600 600 60 180 1440 1260 360 360 1620 1800 1080 1800 1800 180 160 140 40 40 180 200 120 200 200 20 1120 320 320 1440 1600 960 1600 1600 160 280 280 1260 1400 840 1400 1400 140 80 360 400 240 400 400 40 360 400 240 400 4970 40 1800 1080 1800 1800 180 1200 2000 2000 200 1200 1200 120 2000 200 200 
144 48 48 144 16 128 112 32 32 144 160 96 160 160 16 54 54 162 18 144 126 36 36 162 180 108 180 180 18 18 54 6 48 42 12 12 54 60 36 60 60 6 54 6 48 42 12 12 54 60 36 60 60 6 18 144 126 36 36 162 180 108 180 180 18 16 14 4 4 18 20 12 20 20 2 112 32 32 144 160 96 160 160 16 28 28 126 140 84 140 140 14 8 36 40 24 40 40 4 36 40 24 40 40 658 180 108 180 180 18 120 200 200 20 120 120 12 200 20 20 
6480 2160 2160 6480 720 5760 5040 1440 1440 6480 7200 4320 7200 7200 720 2430 2430 7290 810 6480 5670 1620 1620 7290 8100 4860 8100 8100 810 810 2430 270 2160 1890 540 540 2430 2700 1620 2700 2700 270 2430 270 2160 1890 540 540 2430 2700 1620 2700 2700 270 810 6480 5670 1620 1620 7290 8100 4860 8100 8100 810 720 630 180 180 810 900 540 900 900 90 5040 1440 1440 6480 7200 4320 7200 7200 720 1260 1260 5670 6300 3780 6300 6300 630 360 1620 1800 1080 1800 1800 180 1620 1800 1080 1800 1800 180 4545 4860 8100 8100 810 5400 9000 9000 900 5400 5400 540 9000 900 900 
3888 1296 1296 3888 432 3456 3024 864 864 3888 4320 2592 4320 4320 432 1458 1458 4374 486 3888 3402 972 972 4374 4860 2916 4860 4860 486 486 1458 162 1296 1134 324 324 1458 1620 972 1620 1620 162 1458 162 1296 1134 324 324 1458 1620 972 1620 1620 162 486 3888 3402 972 972 4374 4860 2916 4860 4860 486 432 378 108 108 486 540 324 540 540 54 3024 864 864 3888 4320 2592 4320 4320 432 756 756 3402 3780 2268 3780 3780 378 216 972 1080 648 1080 1080 108 972 1080 648 1080 1080 108 4860 6885 4860 4860 486 3240 5400 5400 540 3240 3240 324 5400 540 540 
6480 2160 2160 6480 720 5760 5040 1440 1440 6480 7200 4320 7200 7200 720 2430 2430 7290 810 6480 5670 1620 1620 7290 8100 4860 8100 8100 810 810 2430 270 2160 1890 540 540 2430 2700 1620 2700 2700 270 2430 270 2160 1890 540 540 2430 2700 1620 2700 2700 270 810 6480 5670 1620 1620 7290 8100 4860 8100 8100 810 720 630 180 180 810 900 540 900 900 90 5040 1440 1440 6480 7200 4320 7200 7200 720 1260 1260 5670 6300 3780 6300 6300 630 360 1620 1800 1080 1800 1800 180 1620 1800 1080 1800 1800 180 8100 4860 3253 8100 810 5400 9000 9000 900 5400 5400 540 9000 900 900 
6480 2160 2160 6480 720 5760 5040 1440 1440 6480 7200 4320 7200 7200 720 2430 2430 7290 810 6480 5670 1620 1620 7290 8100 4860 8100 8100 810 810 2430 270 2160 1890 540 540 2430 2700 1620 2700 2700 270 2430 270 2160 1890 540 540 2430 2700 1620 2700 2700 270 810 6480 5670 1620 1620 7290 8100 4860 8100 8100 810 720 630 180 180 810 900 540 900 900 90 5040 1440 1440 6480 7200 4320 7200 7200 720 1260 1260 5670 6300 3780 6300 6300 630 360 1620 1800 1080 1800 1800 180 1620 1800 1080 1800 1800 180 8100 4860 8100 6508 810 5400 9000 9000 900 5400 5400 540 9000 900 900 
648 216 216 648 72 576 504 144 144 648 720 432 720 720 72 243 243 729 81 648 567 162 162 729 810 486 810 810 81 81 243 27 216 189 54 54 243 270 162 270 270 27 243 27 216 189 54 54 243 270 162 270 270 27 81 648 567 162 162 729 810 486 810 810 81 72 63 18 18 81 90 54 90 90 9 504 144 144 648 720 432 720 720 72 126 126 567 630 378 630 630 63 36 162 180 108 180 180 18 162 180 108 180 180 18 810 486 810 810 5695 540 900 900 90 540 540 54 900 90 90 
4320 1440 1440 4320 480 3840 3360 960 960 4320 4800 2880 4800 4800 480 1620 1620 4860 540 4320 3780 1080 1080 4860 5400 3240 5400 5400 540 540 1620 180 1440 1260 360 360 1620 1800 1080 1800 1800 180 1620 180 1440 1260 360 360 1620 1800 1080 1800 1800 180 540 4320 3780 1080 1080 4860 5400 3240 5400 5400 540 480 420 120 120 540 600 360 600 600 60 3360 960 960 4320 4800 2880 4800 4800 480 840 840 3780 4200 2520 4200 4200 420 240 1080 1200 720 1200 1200 120 1080 1200 720 1200 1200 120 5400 3240 5400 5400 540 3405 6000 6000 600 3600 3600 360 6000 600 600 
7200 2400 2400 7200 800 6400 5600 1600 1600 7200 8000 4800 8000 8000 800 2700 2700 8100 900 7200 6300 1800 1800 8100 9000 5400 9000 9000 900 900 2700 300 2400 2100 600 600 2700 3000 1800 3000 3000 300 2700 300 2400 2100 600 600 2700 3000 1800 3000 3000 300 900 7200 6300 1800 1800 8100 9000 5400 9000 9000 900 800 700 200 200 900 1000 600 1000 1000 100 5600 1600 1600 7200 8000 4800 8000 8000 800 1400 1400 6300 7000 4200 7000 7000 700 400 1800 2000 1200 2000 2000 200 1800 2000 1200 2000 2000 200 9000 5400 9000 9000 900 6000 8930 10000 1000 6000 6000 600 10000 1000 1000 
7200 2400 2400 7200 800 6400 5600 1600 1600 7200 8000 4800 8000 8000 800 2700 2700 8100 900 7200 6300 1800 1800 8100 9000 5400 9000 9000 900 900 2700 300 2400 2100 600 600 2700 3000 1800 3000 3000 300 2700 300 2400 2100 600 600 2700 3000 1800 3000 3000 300 900 7200 6300 1800 1800 8100 9000 5400 9000 9000 900 800 700 200 200 900 1000 600 1000 1000 100 5600 1600 1600 7200 8000 4800 8000 8000 800 1400 1400 6300 7000 4200 7000 7000 700 400 1800 2000 1200 2000 2000 200 1800 2000 1200 2000 2000 200 9000 5400 9000 9000 900 6000 10000 453 1000 6000 6000 600 10000 1000 1000 
720 240 240 720 80 640 560 160 160 720 800 480 800 800 80 270 270 810 90 720 630 180 180 810 900 540 900 900 90 90 270 30 240 210 60 60 270 300 180 300 300 30 270 30 240 210 60 60 270 300 180 300 300 30 90 720 630 180 180 810 900 540 900 900 90 80 70 20 20 90 100 60 100 100 10 560 160 160 720 800 480 800 800 80 140 140 630 700 420 700 700 70 40 180 200 120 200 200 20 180 200 120 200 200 20 900 540 900 900 90 600 1000 1000 6229 600 600 60 1000 100 100 
4320 1440 1440 4320 480 3840 3360 960 960 4320 4800 2880 4800 4800 480 1620 1620 4860 540 4320 3780 1080 1080 4860 5400 3240 5400 5400 540 540 1620 180 1440 1260 360 360 1620 1800 1080 1800 1800 180 1620 180 1440 1260 360 360 1620 1800 1080 1800 1800 180 540 4320 3780 1080 1080 4860 5400 3240 5400 5400 540 480 420 120 120 540 600 360 600 600 60 3360 960 960 4320 4800 2880 4800 4800 480 840 840 3780 4200 2520 4200 4200 420 240 1080 1200 720 1200 1200 120 1080 1200 720 1200 1200 120 5400 3240 5400 5400 540 3600 6000 6000 600 4797 3600 360 6000 600 600 
4320 1440 1440 4320 480 3840 3360 960 960 4320 4800 2880 4800 4800 480 1620 1620 4860 540 4320 3780 1080 1080 4860 5400 3240 5400 5400 540 540 1620 180 1440 1260 360 360 1620 1800 1080 1800 1800 180 1620 180 1440 1260 360 360 1620 1800 1080 1800 1800 180 540 4320 3780 1080 1080 4860 5400 3240 5400 5400 540 480 420 120 120 540 600 360 600 600 60 3360 960 960 4320 4800 2880 4800 4800 480 840 840 3780 4200 2520 4200 4200 420 240 1080 1200 720 1200 1200 120 1080 1200 720 1200 1200 120 5400 3240 5400 5400 540 3600 6000 6000 600 3600 7010 360 6000 600 600 
432 144 144 432 48 384 336 96 96 432 480 288 480 480 48 162 162 486 54 432 378 108 108 486 540 324 540 540 54 54 162 18 144 126 36 36 162 180 108 180 180 18 162 18 144 126 36 36 162 180 108 180 180 18 54 432 378 108 108 486 540 324 540 540 54 48 42 12 12 54 60 36 60 60 6 336 96 96 432 480 288 480 480 48 84 84 378 420 252 420 420 42 24 108 120 72 120 120 12 108 120 72 120 120 12 540 324 540 540 54 360 600 600 60 360 360 8524 600 60 60 
7200 2400 2400 7200 800 6400 5600 1600 1600 7200 8000 4800 8000 8000 800 2700 2700 8100 900 7200 6300 1800 1800 8100 9000 5400 9000 9000 900 900 2700 300 2400 2100 600 600 2700 3000 1800 3000 3000 300 2700 300 2400 2100 600 600 2700 3000 1800 3000 3000 300 900 7200 6300 1800 1800 8100 9000 5400 9000 9000 900 800 700 200 200 900 1000 600 1000 1000 100 5600 1600 1600 7200 8000 4800 8000 8000 800 1400 1400 6300 7000 4200 7000 7000 700 400 1800 2000 1200 2000 2000 200 1800 2000 1200 2000 2000 200 9000 5400 9000 9000 900 6000 10000 10000 1000 6000 6000 600 8048 1000 1000 
720 240 240 720 80 640 560 160 160 720 800 480 800 800 80 270 270 810 90 720 630 180 180 810 900 540 900 900 90 90 270 30 240 210 60 60 270 300 180 300 300 30 270 30 240 210 60 60 270 300 180 300 300 30 90 720 630 180 180 810 900 540 900 900 90 80 70 20 20 90 100 60 100 100 10 560 160 160 720 800 480 800 800 80 140 140 630 700 420 700 700 70 40 180 200 120 200 200 20 180 200 120 200 200 20 900 540 900 900 90 600 1000 1000 100 600 600 60 1000 215 100 
720 240 240 720 80 640 560 160 160 720 800 480 800 800 80 270 270 810 90 720 630 180 180 810 900 540 900 900 90 90 270 30 240 210 60 60 270 300 180 300 300 30 270 30 240 210 60 60 270 300 180 300 300 30 90 720 630 180 180 810 900 540 900 900 90 80 70 20 20 90 100 60 100 100 10 560 160 160 720 800 480 800 800 80 140 140 630 700 420 700 700 70 40 180 200 120 200 200 20 180 200 120 200 200 20 900 540 900 900 90 600 1000 1000 100 600 600 60 1000 100 9674 
