45 10
75 17 38 38 23 25 5 23 22 50 24 17 30 35 37 46 43 40 14 47 52 49 52 60 29 42 46 19 8 46 11 9 22 40 6 43 26 26 47 32 29 52 48 41 39 
17 101 43 55 25 23 21 37 14 37 10 31 13 18 32 46 28 24 17 30 35 37 46 43 40 33 35 6 13 32 25 20 36 53 11 27 12 23 30 16 23 35 50 26 31 
38 43 48 40 18 20 41 57 31 80 37 52 55 58 74 84 68 50 52 66 71 81 88 81 17 30 35 37 46 43 29 29 56 72 38 48 55 63 57 58 65 62 87 68 74 
38 55 40 34 41 46 36 37 52 89 57 37 68 73 73 75 82 75 50 85 90 87 86 98 24 64 70 53 46 75 30 35 37 46 43 75 65 62 82 70 66 87 75 79 76 
23 25 18 41 60 5 26 44 14 63 21 39 37 41 56 67 51 36 35 50 55 63 70 65 18 24 29 19 29 34 17 14 43 61 21 35 37 46 43 40 47 49 70 50 56 
25 23 20 46 5 71 29 47 10 60 16 41 34 37 55 68 48 31 35 46 50 60 69 60 24 19 24 17 29 28 21 17 46 64 21 30 35 45 38 37 46 43 71 47 55 
5 21 41 36 26 29 75 18 27 52 29 12 33 39 37 44 47 45 14 51 56 50 51 64 29 46 50 24 10 51 12 12 17 35 11 48 30 26 51 35 30 57 46 43 40 
23 37 57 37 44 47 18 92 45 59 46 6 46 52 39 37 57 61 22 63 69 55 50 75 42 65 69 41 24 68 27 30 1 17 28 65 42 30 67 47 35 72 37 53 43 
22 14 31 52 14 10 27 45 87 50 6 39 24 27 46 60 37 22 29 36 41 50 60 50 32 20 23 7 24 24 23 18 44 62 17 23 25 37 30 27 37 35 64 37 46 
50 37 80 89 63 60 52 59 50 34 43 55 25 23 21 37 14 38 38 23 25 5 23 22 77 62 61 43 42 53 61 56 58 69 46 44 25 29 37 22 23 38 42 12 16 
24 10 37 57 21 16 29 46 6 43 77 40 18 20 41 57 31 17 27 29 34 44 55 44 38 23 25 5 23 22 27 22 45 63 18 19 19 33 24 21 32 30 60 31 40 
17 31 52 37 39 41 12 6 39 55 40 77 41 46 36 37 52 55 17 58 63 52 48 70 38 59 63 35 18 62 23 25 5 23 22 59 36 26 61 42 31 66 38 48 40 
30 13 55 68 37 34 33 46 24 25 18 41 46 5 26 44 14 19 24 17 23 26 38 30 53 38 39 17 23 32 38 33 45 61 24 25 5 23 22 3 19 27 48 13 24 
35 18 58 73 41 37 39 52 27 23 20 46 5 50 29 47 10 16 29 11 17 25 40 25 58 39 38 21 29 31 43 38 51 66 30 23 10 27 18 5 23 22 52 10 26 
37 32 74 73 56 55 37 39 46 21 41 36 26 29 10 18 27 46 23 36 41 17 14 42 66 64 65 38 29 59 48 46 38 47 36 51 23 11 47 25 9 51 23 22 5 
46 46 84 75 67 68 44 37 60 37 57 37 44 47 18 46 45 63 32 55 59 32 17 59 74 80 81 53 38 76 56 55 37 38 46 69 40 23 65 42 25 69 5 40 22 
43 28 68 82 51 48 47 57 37 14 31 52 14 10 27 45 45 24 35 9 13 17 34 17 67 48 47 31 36 38 53 48 56 70 38 30 16 29 23 11 24 25 50 5 23 
40 24 50 75 36 31 45 61 22 38 17 55 19 16 46 63 24 87 40 18 20 41 57 31 55 25 23 21 37 14 45 39 60 77 34 6 23 42 7 21 38 12 68 27 43 
14 17 52 50 35 35 14 22 29 38 27 17 24 29 23 32 35 40 110 41 46 36 37 52 43 49 52 23 6 49 25 23 21 37 14 44 19 12 45 24 15 50 35 31 25 
47 30 66 85 50 46 51 63 36 23 29 58 17 11 36 55 9 18 41 51 5 26 44 14 68 43 41 32 41 31 55 49 62 77 41 23 21 37 14 16 32 15 59 14 32 
52 35 71 90 55 50 56 69 41 25 34 63 23 17 41 59 13 20 46 5 46 29 47 10 73 46 43 37 46 33 60 55 68 83 47 25 27 42 15 21 37 14 64 18 36 
49 37 81 87 63 60 50 55 50 5 44 52 26 25 17 32 17 41 36 26 29 43 18 27 76 64 64 43 40 56 59 55 55 64 45 47 25 25 40 23 20 42 37 14 12 
52 46 88 86 70 69 51 50 60 23 55 48 38 40 14 17 34 57 37 44 47 18 75 45 81 77 78 52 43 71 63 60 50 55 50 63 36 25 57 36 23 59 21 30 14 
60 43 81 98 65 60 64 75 50 22 44 70 30 25 42 59 17 31 52 14 10 27 45 29 82 56 53 46 53 43 69 63 74 87 55 35 34 46 25 28 41 23 64 21 37 
29 40 17 24 18 24 29 42 32 77 38 38 53 58 66 74 67 55 43 68 73 76 81 82 80 41 46 36 37 52 18 20 41 57 31 54 52 55 62 56 58 67 75 66 68 
42 33 30 64 24 19 46 65 20 62 23 59 38 39 64 80 48 25 49 43 46 64 77 56 41 36 5 26 44 14 40 35 64 82 37 20 41 57 31 41 55 34 83 50 63 
46 35 35 70 29 24 50 69 23 61 25 63 39 38 65 81 47 23 52 41 43 64 78 53 46 5 41 29 47 10 45 40 68 86 40 18 42 58 28 41 57 31 85 49 63 
19 6 37 53 19 17 24 41 7 43 5 35 17 21 38 53 31 21 23 32 37 43 52 46 36 26 29 83 18 27 23 18 40 58 13 24 18 30 28 20 29 34 57 31 38 
8 13 46 46 29 29 10 24 24 42 23 18 23 29 29 38 36 37 6 41 46 40 43 53 37 44 47 18 114 45 19 17 23 40 8 41 19 18 43 25 20 48 41 33 31 
46 32 43 75 34 28 51 68 24 53 22 62 32 31 59 76 38 14 49 31 33 56 71 43 52 14 10 27 45 62 47 42 67 85 40 8 36 54 18 34 51 20 80 41 57 
11 25 29 30 17 21 12 27 23 61 27 23 38 43 48 56 53 45 25 55 60 59 63 69 18 40 45 23 19 47 82 5 26 44 14 46 36 37 52 41 40 58 58 50 50 
9 20 29 35 14 17 12 30 18 56 22 25 33 38 46 55 48 39 23 49 55 55 60 63 20 35 40 18 17 42 5 93 29 47 10 41 31 35 47 36 37 52 57 46 47 
22 36 56 37 43 46 17 1 44 58 45 5 45 51 38 37 56 60 21 62 68 55 50 74 41 64 68 40 23 67 26 29 72 18 27 64 41 29 66 46 34 71 37 52 43 
40 53 72 46 61 64 35 17 62 69 63 23 61 66 47 38 70 77 37 77 83 64 55 87 57 82 86 58 40 85 44 47 18 75 45 81 56 41 83 61 46 88 36 65 52 
6 11 38 43 21 21 11 28 17 46 18 22 24 30 36 46 38 34 14 41 47 45 50 55 31 37 40 13 8 40 14 10 27 45 105 37 22 25 41 27 27 46 49 36 37 
43 27 48 75 35 30 48 65 23 44 19 59 25 23 51 69 30 6 44 23 25 47 63 35 54 20 18 24 41 8 46 41 64 81 37 11 29 47 10 26 44 14 73 33 49 
26 12 55 65 37 35 30 42 25 25 19 36 5 10 23 40 16 23 19 21 27 25 36 34 52 41 42 18 19 36 36 31 41 56 22 29 53 18 27 5 15 32 44 14 21 
26 23 63 62 46 45 26 30 37 29 33 26 23 27 11 23 29 42 12 37 42 25 25 46 55 57 58 30 18 54 37 35 29 41 25 47 18 88 45 22 5 49 26 24 14 
47 30 57 82 43 38 51 67 30 37 24 61 22 18 47 65 23 7 45 14 15 40 57 25 62 31 28 28 43 18 52 47 66 83 41 10 27 45 28 23 41 5 70 26 44 
32 16 58 70 40 37 35 47 27 22 21 42 3 5 25 42 11 21 24 16 21 23 36 28 56 41 41 20 25 34 41 36 46 61 27 26 5 22 23 58 18 27 47 10 22 
29 23 65 66 47 46 30 35 37 23 32 31 19 23 9 25 24 38 15 32 37 20 23 41 58 55 57 29 20 51 40 37 34 46 27 44 15 5 41 18 94 45 29 19 10 
52 35 62 87 49 43 57 72 35 38 30 66 27 22 51 69 25 12 50 15 14 42 59 23 67 34 31 34 48 20 58 52 71 88 46 14 32 49 5 27 45 20 74 29 47 
48 50 87 75 70 71 46 37 64 42 60 38 48 52 23 5 50 68 35 59 64 37 21 64 75 83 85 57 41 80 58 57 37 36 49 73 44 26 70 47 29 74 36 45 27 
41 26 68 79 50 47 43 53 37 12 31 48 13 10 22 40 5 27 31 14 18 14 30 21 66 50 49 31 33 41 50 46 52 65 36 33 14 24 26 10 19 29 45 55 18 
39 31 74 76 56 55 40 43 46 16 40 40 24 26 5 22 23 43 25 32 36 12 14 37 68 63 63 38 31 57 50 47 43 52 37 49 21 14 44 22 10 47 27 18 91 
