45 10
26 13 7 5 2 8 9 15 3 1 6 4 7 0 4 2 10 7 20 2 15 3 6 17 19 15 0 1 18 19 11 16 14 7 0 7 10 16 17 6 12 10 1 1 0 
13 85 12 10 5 10 10 19 15 11 7 20 10 0 2 13 20 19 18 3 8 9 4 2 2 1 6 9 5 18 1 2 9 4 17 20 17 0 1 18 4 5 9 1 7 
7 12 33 15 6 2 2 10 18 6 5 5 19 0 5 6 8 15 11 12 19 10 14 15 11 8 15 12 17 15 13 1 15 4 9 20 18 2 17 16 0 17 20 9 5 
5 10 15 42 11 11 8 1 16 0 17 20 11 0 11 6 16 11 10 7 14 12 5 5 10 17 17 5 16 5 10 7 9 2 11 16 16 0 2 0 5 8 8 2 6 
2 5 6 11 74 16 0 10 14 14 3 11 15 11 7 19 7 16 10 19 3 7 7 16 13 17 20 9 19 18 3 3 9 11 16 10 17 8 19 13 0 3 15 12 4 
8 10 2 11 16 40 4 19 14 6 5 10 9 9 5 6 1 0 9 6 7 19 3 19 19 2 20 3 4 1 6 14 5 12 19 1 3 7 20 2 9 11 17 12 18 
9 10 2 8 0 4 26 14 2 15 2 19 5 14 16 7 7 18 7 2 20 19 2 17 19 15 14 4 4 13 9 3 9 10 8 1 1 7 7 1 6 0 9 2 3 
15 19 10 1 10 19 14 65 0 6 16 8 19 20 20 1 0 14 17 19 16 16 8 16 11 15 6 12 4 8 19 7 5 2 17 20 4 11 11 19 2 5 2 13 8 
3 15 18 16 14 14 2 0 42 20 8 4 6 9 16 14 3 10 7 20 15 20 8 9 7 3 11 9 0 14 15 11 4 5 5 4 12 9 1 16 3 2 3 15 0 
1 11 6 0 14 6 15 6 20 97 2 8 19 8 4 18 13 9 11 11 20 0 18 9 14 6 20 2 16 9 19 7 7 1 1 17 11 9 20 17 12 20 6 6 7 
6 7 5 17 3 5 2 16 8 2 22 15 17 9 9 0 3 18 15 18 6 9 5 16 13 17 13 6 20 18 17 10 10 8 16 17 5 3 16 5 13 11 11 16 17 
4 20 5 20 11 10 19 8 4 8 15 13 18 14 6 19 8 3 2 10 15 14 12 16 20 10 17 20 19 1 17 4 9 1 11 10 7 17 20 9 4 17 8 5 15 
7 10 19 11 15 9 5 19 6 19 17 18 79 20 7 19 20 2 20 0 8 0 2 2 17 19 18 4 15 15 16 19 5 8 11 20 14 20 10 16 9 12 19 13 17 
0 0 0 0 11 9 14 20 9 8 9 14 20 54 17 9 11 10 9 19 6 6 3 11 18 9 11 13 11 17 11 5 12 11 9 6 17 15 9 16 7 17 15 19 0 
4 2 5 11 7 5 16 20 16 4 9 6 7 17 67 15 0 3 19 2 2 7 4 4 3 11 10 2 12 16 20 4 5 4 13 20 12 3 18 11 15 18 7 13 18 
2 13 6 6 19 6 7 1 14 18 0 19 19 9 15 64 0 16 13 1 11 1 6 18 6 8 5 3 3 15 0 5 7 12 18 0 15 4 0 0 2 1 0 9 19 
10 20 8 16 7 1 7 0 3 13 3 8 20 11 0 0 10 17 14 6 18 6 18 10 11 14 8 19 19 5 0 18 7 1 10 3 15 14 5 1 6 4 15 5 10 
7 19 15 11 16 0 18 14 10 9 18 3 2 10 3 16 17 75 7 2 11 15 5 10 16 6 5 6 4 12 10 7 1 15 13 11 14 12 14 11 18 6 1 18 8 
20 18 11 10 10 9 7 17 7 11 15 2 20 9 19 13 14 7 68 20 14 8 12 15 10 16 9 7 5 16 0 11 17 4 4 13 2 20 4 3 19 1 2 1 17 
2 3 12 7 19 6 2 19 20 11 18 10 0 19 2 1 6 2 20 66 1 14 9 8 13 1 10 19 12 12 12 13 0 14 8 17 7 13 3 15 19 13 14 7 20 
15 8 19 14 3 7 20 16 15 20 6 15 8 6 2 11 18 11 14 1 83 5 5 10 3 18 13 9 16 7 18 7 1 8 4 13 8 1 6 17 7 14 16 7 5 
3 9 10 12 7 19 19 16 20 0 9 14 0 6 7 1 6 15 8 14 5 17 15 6 7 0 18 1 5 2 15 10 19 12 15 6 3 11 14 4 13 20 14 18 2 
6 4 14 5 7 3 2 8 8 18 5 12 2 3 4 6 18 5 12 9 5 15 31 12 11 17 14 20 11 0 20 4 20 14 10 10 11 17 9 0 14 12 8 7 7 
17 2 15 5 16 19 17 16 9 9 16 16 2 11 4 18 10 10 15 8 10 6 12 33 9 19 19 11 11 18 11 15 13 2 14 13 18 19 7 7 17 0 12 18 13 
19 2 11 10 13 19 19 11 7 14 13 20 17 18 3 6 11 16 10 13 3 7 11 9 58 2 5 8 10 4 9 19 4 20 19 12 20 19 9 13 11 6 9 7 1 
15 1 8 17 17 2 15 15 3 6 17 10 19 9 11 8 14 6 16 1 18 0 17 19 2 72 18 8 18 20 12 9 8 3 1 9 12 20 5 10 4 11 14 16 14 
0 6 15 17 20 20 14 6 11 20 13 17 18 11 10 5 8 5 9 10 13 18 14 19 5 18 41 11 4 1 0 2 18 5 2 18 3 5 2 0 19 8 9 15 7 
1 9 12 5 9 3 4 12 9 2 6 20 4 13 2 3 19 6 7 19 9 1 20 11 8 8 11 18 3 12 14 20 6 2 9 10 4 15 3 14 13 20 11 10 16 
18 5 17 16 19 4 4 4 0 16 20 19 15 11 12 3 19 4 5 12 16 5 11 11 10 18 4 3 62 1 7 3 14 0 4 5 8 6 6 7 18 5 6 12 6 
19 18 15 5 18 1 13 8 14 9 18 1 15 17 16 15 5 12 16 12 7 2 0 18 4 20 1 12 1 0 15 9 19 18 1 14 0 0 15 1 16 2 6 9 19 
11 1 13 10 3 6 9 19 15 19 17 17 16 11 20 0 0 10 0 12 18 15 20 11 9 12 0 14 7 15 21 6 8 17 6 20 18 13 16 6 13 0 13 9 3 
16 2 1 7 3 14 3 7 11 7 10 4 19 5 4 5 18 7 11 13 7 10 4 15 19 9 2 20 3 9 6 57 12 1 12 10 5 17 9 19 2 0 11 13 7 
14 9 15 9 9 5 9 5 4 7 10 9 5 12 5 7 7 1 17 0 1 19 20 13 4 8 18 6 14 19 8 12 98 20 20 16 11 3 6 6 15 9 8 17 2 
7 4 4 2 11 12 10 2 5 1 8 1 8 11 4 12 1 15 4 14 8 12 14 2 20 3 5 2 0 18 17 1 20 66 0 16 0 0 0 19 4 4 7 19 16 
0 17 9 11 16 19 8 17 5 1 16 11 11 9 13 18 10 13 4 8 4 15 10 14 19 1 2 9 4 1 6 12 20 0 24 18 20 12 4 17 8 2 14 10 17 
7 20 20 16 10 1 1 20 4 17 17 10 20 6 20 0 3 11 13 17 13 6 10 13 12 9 18 10 5 14 20 10 16 16 18 5 11 8 6 4 4 5 18 8 11 
10 17 18 16 17 3 1 4 12 11 5 7 14 17 12 15 15 14 2 7 8 3 11 18 20 12 3 4 8 0 18 5 11 0 20 11 86 15 15 2 18 3 17 20 3 
16 0 2 0 8 7 7 11 9 9 3 17 20 15 3 4 14 12 20 13 1 11 17 19 19 20 5 15 6 0 13 17 3 0 12 8 15 53 20 1 15 8 14 12 2 
17 1 17 2 19 20 7 11 1 20 16 20 10 9 18 0 5 14 4 3 6 14 9 7 9 5 2 3 6 15 16 9 6 0 4 6 15 20 85 20 0 5 13 16 4 
6 18 16 0 13 2 1 19 16 17 5 9 16 16 11 0 1 11 3 15 17 4 0 7 13 10 0 14 7 1 6 19 6 19 17 4 2 1 20 93 19 13 6 20 1 
12 4 0 5 0 9 6 2 3 12 13 4 9 7 15 2 6 18 19 19 7 13 14 17 11 4 19 13 18 16 13 2 15 4 8 4 18 15 0 19 35 6 10 17 2 
10 5 17 8 3 11 0 5 2 20 11 17 12 17 18 1 4 6 1 13 14 20 12 0 6 11 8 20 5 2 0 0 9 4 2 5 3 8 5 13 6 6 8 11 1 
1 9 20 8 15 17 9 2 3 6 11 8 19 15 7 0 15 1 2 14 16 14 8 12 9 14 9 11 6 6 13 11 8 7 14 18 17 14 13 6 10 8 84 3 3 
1 1 9 2 12 12 2 13 15 6 16 5 13 19 13 9 5 18 1 7 7 18 7 18 7 16 15 10 12 9 9 13 17 19 10 8 20 12 16 20 17 11 3 36 9 
0 7 5 6 4 18 3 8 0 7 17 15 17 0 18 19 10 8 17 20 5 2 7 13 1 14 7 16 6 19 3 7 2 16 17 11 3 2 4 1 2 1 3 9 24 
