66 12
4744 1728 1728 5184 576 4608 4032 1152 1152 5184 5760 1944 1944 5832 648 5184 4536 1296 1296 5832 6480 648 1944 216 1728 1512 432 432 1944 2160 1944 216 1728 1512 432 432 1944 2160 648 5184 4536 1296 1296 5832 6480 576 504 144 144 648 720 4032 1152 1152 5184 5760 1008 1008 4536 5040 288 1296 1440 1296 1440 6480 
1728 34 576 1728 192 1536 1344 384 384 1728 1920 648 648 1944 216 1728 1512 432 432 1944 2160 216 648 72 576 504 144 144 648 720 648 72 576 504 144 144 648 720 216 1728 1512 432 432 1944 2160 192 168 48 48 216 240 1344 384 384 1728 1920 336 336 1512 1680 96 432 480 432 480 2160 
1728 576 7582 1728 192 1536 1344 384 384 1728 1920 648 648 1944 216 1728 1512 432 432 1944 2160 216 648 72 576 504 144 144 648 720 648 72 576 504 144 144 648 720 216 1728 1512 432 432 1944 2160 192 168 48 48 216 240 1344 384 384 1728 1920 336 336 1512 1680 96 432 480 432 480 2160 
5184 1728 1728 7966 576 4608 4032 1152 1152 5184 5760 1944 1944 5832 648 5184 4536 1296 1296 5832 6480 648 1944 216 1728 1512 432 432 1944 2160 1944 216 1728 1512 432 432 1944 2160 648 5184 4536 1296 1296 5832 6480 576 504 144 144 648 720 4032 1152 1152 5184 5760 1008 1008 4536 5040 288 1296 1440 1296 1440 6480 
576 192 192 576 3656 512 448 128 128 576 640 216 216 648 72 576 504 144 144 648 720 72 216 24 192 168 48 48 216 240 216 24 192 168 48 48 216 240 72 576 504 144 144 648 720 64 56 16 16 72 80 448 128 128 576 640 112 112 504 560 32 144 160 144 160 720 
4608 1536 1536 4608 512 5131 3584 1024 1024 4608 5120 1728 1728 5184 576 4608 4032 1152 1152 5184 5760 576 1728 192 1536 1344 384 384 1728 1920 1728 192 1536 1344 384 384 1728 1920 576 4608 4032 1152 1152 5184 5760 512 448 128 128 576 640 3584 1024 1024 4608 5120 896 896 4032 4480 256 1152 1280 1152 1280 5760 
4032 1344 1344 4032 448 3584 2716 896 896 4032 4480 1512 1512 4536 504 4032 3528 1008 1008 4536 5040 504 1512 168 1344 1176 336 336 1512 1680 1512 168 1344 1176 336 336 1512 1680 504 4032 3528 1008 1008 4536 5040 448 392 112 112 504 560 3136 896 896 4032 4480 784 784 3528 3920 224 1008 1120 1008 1120 5040 
1152 384 384 1152 128 1024 896 7373 256 1152 1280 432 432 1296 144 1152 1008 288 288 1296 1440 144 432 48 384 336 96 96 432 480 432 48 384 336 96 96 432 480 144 1152 1008 288 288 1296 1440 128 112 32 32 144 160 896 256 256 1152 1280 224 224 1008 1120 64 288 320 288 320 1440 
1152 384 384 1152 128 1024 896 256 1066 1152 1280 432 432 1296 144 1152 1008 288 288 1296 1440 144 432 48 384 336 96 96 432 480 432 48 384 336 96 96 432 480 144 1152 1008 288 288 1296 1440 128 112 32 32 144 160 896 256 256 1152 1280 224 224 1008 1120 64 288 320 288 320 1440 
5184 1728 1728 5184 576 4608 4032 1152 1152 5368 5760 1944 1944 5832 648 5184 4536 1296 1296 5832 6480 648 1944 216 1728 1512 432 432 1944 2160 1944 216 1728 1512 432 432 1944 2160 648 5184 4536 1296 1296 5832 6480 576 504 144 144 648 720 4032 1152 1152 5184 5760 1008 1008 4536 5040 288 1296 1440 1296 1440 6480 
5760 1920 1920 5760 640 5120 4480 1280 1280 5760 9745 2160 2160 6480 720 5760 5040 1440 1440 6480 7200 720 2160 240 1920 1680 480 480 2160 2400 2160 240 1920 1680 480 480 2160 2400 720 5760 5040 1440 1440 6480 7200 640 560 160 160 720 800 4480 1280 1280 5760 6400 1120 1120 5040 5600 320 1440 1600 1440 1600 7200 
1944 648 648 1944 216 1728 1512 432 432 1944 2160 1500 729 2187 243 1944 1701 486 486 2187 2430 243 729 81 648 567 162 162 729 810 729 81 648 567 162 162 729 810 243 1944 1701 486 486 2187 2430 216 189 54 54 243 270 1512 432 432 1944 2160 378 378 1701 1890 108 486 540 486 540 2430 
1944 648 648 1944 216 1728 1512 432 432 1944 2160 729 5434 2187 243 1944 1701 486 486 2187 2430 243 729 81 648 567 162 162 729 810 729 81 648 567 162 162 729 810 243 1944 1701 486 486 2187 2430 216 189 54 54 243 270 1512 432 432 1944 2160 378 378 1701 1890 108 486 540 486 540 2430 
5832 1944 1944 5832 648 5184 4536 1296 1296 5832 6480 2187 2187 2545 729 5832 5103 1458 1458 6561 7290 729 2187 243 1944 1701 486 486 2187 2430 2187 243 1944 1701 486 486 2187 2430 729 5832 5103 1458 1458 6561 7290 648 567 162 162 729 810 4536 1296 1296 5832 6480 1134 1134 5103 5670 324 1458 1620 1458 1620 7290 
648 216 216 648 72 576 504 144 144 648 720 243 243 729 9798 648 567 162 162 729 810 81 243 27 216 189 54 54 243 270 243 27 216 189 54 54 243 270 81 648 567 162 162 729 810 72 63 18 18 81 90 504 144 144 648 720 126 126 567 630 36 162 180 162 180 810 
5184 1728 1728 5184 576 4608 4032 1152 1152 5184 5760 1944 1944 5832 648 9912 4536 1296 1296 5832 6480 648 1944 216 1728 1512 432 432 1944 2160 1944 216 1728 1512 432 432 1944 2160 648 5184 4536 1296 1296 5832 6480 576 504 144 144 648 720 4032 1152 1152 5184 5760 1008 1008 4536 5040 288 1296 1440 1296 1440 6480 
4536 1512 1512 4536 504 4032 3528 1008 1008 4536 5040 1701 1701 5103 567 4536 4047 1134 1134 5103 5670 567 1701 189 1512 1323 378 378 1701 1890 1701 189 1512 1323 378 378 1701 1890 567 4536 3969 1134 1134 5103 5670 504 441 126 126 567 630 3528 1008 1008 4536 5040 882 882 3969 4410 252 1134 1260 1134 1260 5670 
1296 432 432 1296 144 1152 1008 288 288 1296 1440 486 486 1458 162 1296 1134 3684 324 1458 1620 162 486 54 432 378 108 108 486 540 486 54 432 378 108 108 486 540 162 1296 1134 324 324 1458 1620 144 126 36 36 162 180 1008 288 288 1296 1440 252 252 1134 1260 72 324 360 324 360 1620 
1296 432 432 1296 144 1152 1008 288 288 1296 1440 486 486 1458 162 1296 1134 324 8163 1458 1620 162 486 54 432 378 108 108 486 540 486 54 432 378 108 108 486 540 162 1296 1134 324 324 1458 1620 144 126 36 36 162 180 1008 288 288 1296 1440 252 252 1134 1260 72 324 360 324 360 1620 
5832 1944 1944 5832 648 5184 4536 1296 1296 5832 6480 2187 2187 6561 729 5832 5103 1458 1458 7296 7290 729 2187 243 1944 1701 486 486 2187 2430 2187 243 1944 1701 486 486 2187 2430 729 5832 5103 1458 1458 6561 7290 648 567 162 162 729 810 4536 1296 1296 5832 6480 1134 1134 5103 5670 324 1458 1620 1458 1620 7290 
6480 2160 2160 6480 720 5760 5040 1440 1440 6480 7200 2430 2430 7290 810 6480 5670 1620 1620 7290 364 810 2430 270 2160 1890 540 540 2430 2700 2430 270 2160 1890 540 540 2430 2700 810 6480 5670 1620 1620 7290 8100 720 630 180 180 810 900 5040 1440 1440 6480 7200 1260 1260 5670 6300 360 1620 1800 1620 1800 8100 
648 216 216 648 72 576 504 144 144 648 720 243 243 729 81 648 567 162 162 729 810 5627 243 27 216 189 54 54 243 270 243 27 216 189 54 54 243 270 81 648 567 162 162 729 810 72 63 18 18 81 90 504 144 144 648 720 126 126 567 630 36 162 180 162 180 810 
1944 648 648 1944 216 1728 1512 432 432 1944 2160 729 729 2187 243 1944 1701 486 486 2187 2430 243 1370 81 648 567 162 162 729 810 729 81 648 567 162 162 729 810 243 1944 1701 486 486 2187 2430 216 189 54 54 243 270 1512 432 432 1944 2160 378 378 1701 1890 108 486 540 486 540 2430 
216 72 72 216 24 192 168 48 48 216 240 81 81 243 27 216 189 54 54 243 270 27 81 8826 72 63 18 18 81 90 81 9 72 63 18 18 81 90 27 216 189 54 54 243 270 24 21 6 6 27 30 168 48 48 216 240 42 42 189 210 12 54 60 54 60 270 
1728 576 576 1728 192 1536 1344 384 384 1728 1920 648 648 1944 216 1728 1512 432 432 1944 2160 216 648 72 1394 504 144 144 648 720 648 72 576 504 144 144 648 720 216 1728 1512 432 432 1944 2160 192 168 48 48 216 240 1344 384 384 1728 1920 336 336 1512 1680 96 432 480 432 480 2160 
1512 504 504 1512 168 1344 1176 336 336 1512 1680 567 567 1701 189 1512 1323 378 378 1701 1890 189 567 63 504 9982 126 126 567 630 567 63 504 441 126 126 567 630 189 1512 1323 378 378 1701 1890 168 147 42 42 189 210 1176 336 336 1512 1680 294 294 1323 1470 84 378 420 378 420 1890 
432 144 144 432 48 384 336 96 96 432 480 162 162 486 54 432 378 108 108 486 540 54 162 18 144 126 5201 36 162 180 162 18 144 126 36 36 162 180 54 432 378 108 108 486 540 48 42 12 12 54 60 336 96 96 432 480 84 84 378 420 24 108 120 108 120 540 
432 144 144 432 48 384 336 96 96 432 480 162 162 486 54 432 378 108 108 486 540 54 162 18 144 126 36 643 162 180 162 18 144 126 36 36 162 180 54 432 378 108 108 486 540 48 42 12 12 54 60 336 96 96 432 480 84 84 378 420 24 108 120 108 120 540 
1944 648 648 1944 216 1728 1512 432 432 1944 2160 729 729 2187 243 1944 1701 486 486 2187 2430 243 729 81 648 567 162 162 3737 810 729 81 648 567 162 162 729 810 243 1944 1701 486 486 2187 2430 216 189 54 54 243 270 1512 432 432 1944 2160 378 378 1701 1890 108 486 540 486 540 2430 
2160 720 720 2160 240 1920 1680 480 480 2160 2400 810 810 2430 270 2160 1890 540 540 2430 2700 270 810 90 720 630 180 180 810 5049 810 90 720 630 180 180 810 900 270 2160 1890 540 540 2430 2700 240 210 60 60 270 300 1680 480 480 2160 2400 420 420 1890 2100 120 540 600 540 600 2700 
1944 648 648 1944 216 1728 1512 432 432 1944 2160 729 729 2187 243 1944 1701 486 486 2187 2430 243 729 81 648 567 162 162 729 810 1942 81 648 567 162 162 729 810 243 1944 1701 486 486 2187 2430 216 189 54 54 243 270 1512 432 432 1944 2160 378 378 1701 1890 108 486 540 486 540 2430 
216 72 72 216 24 192 168 48 48 216 240 81 81 243 27 216 189 54 54 243 270 27 81 9 72 63 18 18 81 90 81 9478 72 63 18 18 81 90 27 216 189 54 54 243 270 24 21 6 6 27 30 168 48 48 216 240 42 42 189 210 12 54 60 54 60 270 
1728 576 576 1728 192 1536 1344 384 384 1728 1920 648 648 1944 216 1728 1512 432 432 1944 2160 216 648 72 576 504 144 144 648 720 648 72 6494 504 144 144 648 720 216 1728 1512 432 432 1944 2160 192 168 48 48 216 240 1344 384 384 1728 1920 336 336 1512 1680 96 432 480 432 480 2160 
1512 504 504 1512 168 1344 1176 336 336 1512 1680 567 567 1701 189 1512 1323 378 378 1701 1890 189 567 63 504 441 126 126 567 630 567 63 504 3534 126 126 567 630 189 1512 1323 378 378 1701 1890 168 147 42 42 189 210 1176 336 336 1512 1680 294 294 1323 1470 84 378 420 378 420 1890 
432 144 144 432 48 384 336 96 96 432 480 162 162 486 54 432 378 108 108 486 540 54 162 18 144 126 36 36 162 180 162 18 144 126 1951 36 162 180 54 432 378 108 108 486 540 48 42 12 12 54 60 336 96 96 432 480 84 84 378 420 24 108 120 108 120 540 
432 144 144 432 48 384 336 96 96 432 480 162 162 486 54 432 378 108 108 486 540 54 162 18 144 126 36 36 162 180 162 18 144 126 36 286 162 180 54 432 378 108 108 486 540 48 42 12 12 54 60 336 96 96 432 480 84 84 378 420 24 108 120 108 120 540 
1944 648 648 1944 216 1728 1512 432 432 1944 2160 729 729 2187 243 1944 1701 486 486 2187 2430 243 729 81 648 567 162 162 729 810 729 81 648 567 162 162 3711 810 243 1944 1701 486 486 2187 2430 216 189 54 54 243 270 1512 432 432 1944 2160 378 378 1701 1890 108 486 540 486 540 2430 
2160 720 720 2160 240 1920 1680 480 480 2160 2400 810 810 2430 270 2160 1890 540 540 2430 2700 270 810 90 720 630 180 180 810 900 810 90 720 630 180 180 810 5278 270 2160 1890 540 540 2430 2700 240 210 60 60 270 300 1680 480 480 2160 2400 420 420 1890 2100 120 540 600 540 600 2700 
648 216 216 648 72 576 504 144 144 648 720 243 243 729 81 648 567 162 162 729 810 81 243 27 216 189 54 54 243 270 243 27 216 189 54 54 243 270 7263 648 567 162 162 729 810 72 63 18 18 81 90 504 144 144 648 720 126 126 567 630 36 162 180 162 180 810 
5184 1728 1728 5184 576 4608 4032 1152 1152 5184 5760 1944 1944 5832 648 5184 4536 1296 1296 5832 6480 648 1944 216 1728 1512 432 432 1944 2160 1944 216 1728 1512 432 432 1944 2160 648 2527 4536 1296 1296 5832 6480 576 504 144 144 648 720 4032 1152 1152 5184 5760 1008 1008 4536 5040 288 1296 1440 1296 1440 6480 
4536 1512 1512 4536 504 4032 3528 1008 1008 4536 5040 1701 1701 5103 567 4536 3969 1134 1134 5103 5670 567 1701 189 1512 1323 378 378 1701 1890 1701 189 1512 1323 378 378 1701 1890 567 4536 8389 1134 1134 5103 5670 504 441 126 126 567 630 3528 1008 1008 4536 5040 882 882 3969 4410 252 1134 1260 1134 1260 5670 
1296 432 432 1296 144 1152 1008 288 288 1296 1440 486 486 1458 162 1296 1134 324 324 1458 1620 162 486 54 432 378 108 108 486 540 486 54 432 378 108 108 486 540 162 1296 1134 7364 324 1458 1620 144 126 36 36 162 180 1008 288 288 1296 1440 252 252 1134 1260 72 324 360 324 360 1620 
1296 432 432 1296 144 1152 1008 288 288 1296 1440 486 486 1458 162 1296 1134 324 324 1458 1620 162 486 54 432 378 108 108 486 540 486 54 432 378 108 108 486 540 162 1296 1134 324 2128 1458 1620 144 126 36 36 162 180 1008 288 288 1296 1440 252 252 1134 1260 72 324 360 324 360 1620 
5832 1944 1944 5832 648 5184 4536 1296 1296 5832 6480 2187 2187 6561 729 5832 5103 1458 1458 6561 7290 729 2187 243 1944 1701 486 486 2187 2430 2187 243 1944 1701 486 486 2187 2430 729 5832 5103 1458 1458 6274 7290 648 567 162 162 729 810 4536 1296 1296 5832 6480 1134 1134 5103 5670 324 1458 1620 1458 1620 7290 
6480 2160 2160 6480 720 5760 5040 1440 1440 6480 7200 2430 2430 7290 810 6480 5670 1620 1620 7290 8100 810 2430 270 2160 1890 540 540 2430 2700 2430 270 2160 1890 540 540 2430 2700 810 6480 5670 1620 1620 7290 6721 720 630 180 180 810 900 5040 1440 1440 6480 7200 1260 1260 5670 6300 360 1620 1800 1620 1800 8100 
576 192 192 576 64 512 448 128 128 576 640 216 216 648 72 576 504 144 144 648 720 72 216 24 192 168 48 48 216 240 216 24 192 168 48 48 216 240 72 576 504 144 144 648 720 7907 56 16 16 72 80 448 128 128 576 640 112 112 504 560 32 144 160 144 160 720 
504 168 168 504 56 448 392 112 112 504 560 189 189 567 63 504 441 126 126 567 630 63 189 21 168 147 42 42 189 210 189 21 168 147 42 42 189 210 63 504 441 126 126 567 630 56 2813 14 14 63 70 392 112 112 504 560 98 98 441 490 28 126 140 126 140 630 
144 48 48 144 16 128 112 32 32 144 160 54 54 162 18 144 126 36 36 162 180 18 54 6 48 42 12 12 54 60 54 6 48 42 12 12 54 60 18 144 126 36 36 162 180 16 14 6479 4 18 20 112 32 32 144 160 28 28 126 140 8 36 40 36 40 180 
144 48 48 144 16 128 112 32 32 144 160 54 54 162 18 144 126 36 36 162 180 18 54 6 48 42 12 12 54 60 54 6 48 42 12 12 54 60 18 144 126 36 36 162 180 16 14 4 3690 18 20 112 32 32 144 160 28 28 126 140 8 36 40 36 40 180 
648 216 216 648 72 576 504 144 144 648 720 243 243 729 81 648 567 162 162 729 810 81 243 27 216 189 54 54 243 270 243 27 216 189 54 54 243 270 81 648 567 162 162 729 810 72 63 18 18 3730 90 504 144 144 648 720 126 126 567 630 36 162 180 162 180 810 
720 240 240 720 80 640 560 160 160 720 800 270 270 810 90 720 630 180 180 810 900 90 270 30 240 210 60 60 270 300 270 30 240 210 60 60 270 300 90 720 630 180 180 810 900 80 70 20 20 90 526 560 160 160 720 800 140 140 630 700 40 180 200 180 200 900 
4032 1344 1344 4032 448 3584 3136 896 896 4032 4480 1512 1512 4536 504 4032 3528 1008 1008 4536 5040 504 1512 168 1344 1176 336 336 1512 1680 1512 168 1344 1176 336 336 1512 1680 504 4032 3528 1008 1008 4536 5040 448 392 112 112 504 560 2736 896 896 4032 4480 784 784 3528 3920 224 1008 1120 1008 1120 5040 
1152 384 384 1152 128 1024 896 256 256 1152 1280 432 432 1296 144 1152 1008 288 288 1296 1440 144 432 48 384 336 96 96 432 480 432 48 384 336 96 96 432 480 144 1152 1008 288 288 1296 1440 128 112 32 32 144 160 896 9126 256 1152 1280 224 224 1008 1120 64 288 320 288 320 1440 
1152 384 384 1152 128 1024 896 256 256 1152 1280 432 432 1296 144 1152 1008 288 288 1296 1440 144 432 48 384 336 96 96 432 480 432 48 384 336 96 96 432 480 144 1152 1008 288 288 1296 1440 128 112 32 32 144 160 896 256 996 1152 1280 224 224 1008 1120 64 288 320 288 320 1440 
5184 1728 1728 5184 576 4608 4032 1152 1152 5184 5760 1944 1944 5832 648 5184 4536 1296 1296 5832 6480 648 1944 216 1728 1512 432 432 1944 2160 1944 216 1728 1512 432 432 1944 2160 648 5184 4536 1296 1296 5832 6480 576 504 144 144 648 720 4032 1152 1152 682 5760 1008 1008 4536 5040 288 1296 1440 1296 1440 6480 
5760 1920 1920 5760 640 5120 4480 1280 1280 5760 6400 2160 2160 6480 720 5760 5040 1440 1440 6480 7200 720 2160 240 1920 1680 480 480 2160 2400 2160 240 1920 1680 480 480 2160 2400 720 5760 5040 1440 1440 6480 7200 640 560 160 160 720 800 4480 1280 1280 5760 1779 1120 1120 5040 5600 320 1440 1600 1440 1600 7200 
1008 336 336 1008 112 896 784 224 224 1008 1120 378 378 1134 126 1008 882 252 252 1134 1260 126 378 42 336 294 84 84 378 420 378 42 336 294 84 84 378 420 126 1008 882 252 252 1134 1260 112 98 28 28 126 140 784 224 224 1008 1120 4743 196 882 980 56 252 280 252 280 1260 
1008 336 336 1008 112 896 784 224 224 1008 1120 378 378 1134 126 1008 882 252 252 1134 1260 126 378 42 336 294 84 84 378 420 378 42 336 294 84 84 378 420 126 1008 882 252 252 1134 1260 112 98 28 28 126 140 784 224 224 1008 1120 196 7325 882 980 56 252 280 252 280 1260 
4536 1512 1512 4536 504 4032 3528 1008 1008 4536 5040 1701 1701 5103 567 4536 3969 1134 1134 5103 5670 567 1701 189 1512 1323 378 378 1701 1890 1701 189 1512 1323 378 378 1701 1890 567 4536 3969 1134 1134 5103 5670 504 441 126 126 567 630 3528 1008 1008 4536 5040 882 882 5736 4410 252 1134 1260 1134 1260 5670 
5040 1680 1680 5040 560 4480 3920 1120 1120 5040 5600 1890 1890 5670 630 5040 4410 1260 1260 5670 6300 630 1890 210 1680 1470 420 420 1890 2100 1890 210 1680 1470 420 420 1890 2100 630 5040 4410 1260 1260 5670 6300 560 490 140 140 630 700 3920 1120 1120 5040 5600 980 980 4410 7761 280 1260 1400 1260 1400 6300 
288 96 96 288 32 256 224 64 64 288 320 108 108 324 36 288 252 72 72 324 360 36 108 12 96 84 24 24 108 120 108 12 96 84 24 24 108 120 36 288 252 72 72 324 360 32 28 8 8 36 40 224 64 64 288 320 56 56 252 280 5272 72 80 72 80 360 
1296 432 432 1296 144 1152 1008 288 288 1296 1440 486 486 1458 162 1296 1134 324 324 1458 1620 162 486 54 432 378 108 108 486 540 486 54 432 378 108 108 486 540 162 1296 1134 324 324 1458 1620 144 126 36 36 162 180 1008 288 288 1296 1440 252 252 1134 1260 72 6130 360 324 360 1620 
1440 480 480 1440 160 1280 1120 320 320 1440 1600 540 540 1620 180 1440 1260 360 360 1620 1800 180 540 60 480 420 120 120 540 600 540 60 480 420 120 120 540 600 180 1440 1260 360 360 1620 1800 160 140 40 40 180 200 1120 320 320 1440 1600 280 280 1260 1400 80 360 2871 360 400 1800 
1296 432 432 1296 144 1152 1008 288 288 1296 1440 486 486 1458 162 1296 1134 324 324 1458 1620 162 486 54 432 378 108 108 486 540 486 54 432 378 108 108 486 540 162 1296 1134 324 324 1458 1620 144 126 36 36 162 180 1008 288 288 1296 1440 252 252 1134 1260 72 324 360 4317 360 1620 
1440 480 480 1440 160 1280 1120 320 320 1440 1600 540 540 1620 180 1440 1260 360 360 1620 1800 180 540 60 480 420 120 120 540 600 540 60 480 420 120 120 540 600 180 1440 1260 360 360 1620 1800 160 140 40 40 180 200 1120 320 320 1440 1600 280 280 1260 1400 80 360 400 360 3576 1800 
6480 2160 2160 6480 720 5760 5040 1440 1440 6480 7200 2430 2430 7290 810 6480 5670 1620 1620 7290 8100 810 2430 270 2160 1890 540 540 2430 2700 2430 270 2160 1890 540 540 2430 2700 810 6480 5670 1620 1620 7290 8100 720 630 180 180 810 900 5040 1440 1440 6480 7200 1260 1260 5670 6300 360 1620 1800 1620 1800 1728 
