55 11
68 15 3 14 12 10 4 2 12 17 19 5 14 20 13 1 0 0 2 11 9 6 10 0 16 11 10 1 20 19 14 5 18 10 2 10 5 4 16 12 5 7 11 0 10 12 4 15 4 6 5 3 19 16 19 
15 28 0 5 6 1 7 9 16 16 0 6 5 18 18 10 2 18 2 9 13 0 5 17 18 19 2 20 2 14 18 17 9 20 18 10 19 15 12 5 18 18 12 6 20 14 4 11 9 5 13 10 12 10 16 
3 0 6 15 6 1 6 10 1 2 4 20 2 20 4 10 9 14 20 6 11 11 16 4 16 13 11 17 6 16 6 13 13 17 18 20 12 16 13 18 18 13 17 15 5 2 11 2 14 13 19 9 0 11 2 
14 5 15 85 6 15 9 1 7 6 15 0 10 7 2 10 12 14 10 14 20 1 6 17 19 14 8 10 13 4 14 14 7 5 15 4 13 18 14 19 10 3 14 19 16 10 4 12 11 13 8 0 2 10 18 
12 6 6 6 43 20 17 3 14 20 15 1 4 3 18 20 9 2 2 6 13 2 10 12 18 9 7 9 2 19 1 5 18 5 16 16 19 19 17 10 14 16 4 4 0 6 1 4 10 11 15 4 6 13 3 
10 1 1 15 20 83 8 7 3 7 4 0 7 1 8 14 5 2 13 6 4 10 9 13 15 6 6 7 16 13 6 16 13 19 5 4 6 19 12 7 3 20 11 10 14 19 2 7 19 20 3 3 0 4 6 
4 7 6 9 17 8 11 6 18 5 11 12 12 6 6 8 7 12 16 3 0 10 9 12 9 2 11 17 20 15 14 8 1 14 9 19 12 9 1 11 15 20 10 8 12 6 15 17 5 1 8 11 14 19 0 
2 9 10 1 3 7 6 9 17 16 12 17 19 15 1 18 17 4 2 19 16 1 16 4 10 1 12 14 7 19 14 4 10 18 3 19 2 11 8 8 20 14 10 3 10 3 10 5 16 5 0 15 12 14 12 
12 16 1 7 14 3 18 17 30 6 4 10 15 13 14 15 0 1 2 9 18 12 12 5 19 13 2 9 14 7 9 10 2 4 5 11 20 7 16 19 2 15 17 11 8 14 16 6 8 3 3 13 2 6 3 
17 16 2 6 20 7 5 16 6 24 6 1 16 17 6 3 9 20 7 7 18 15 20 10 16 12 8 8 19 19 2 4 14 15 17 20 1 1 12 5 8 1 9 12 9 16 18 1 19 7 17 7 10 18 8 
19 0 4 15 15 4 11 12 4 6 91 18 17 9 5 5 2 18 8 19 10 10 0 7 0 8 7 20 8 13 11 19 7 3 13 1 6 9 20 15 18 12 18 20 17 11 16 0 4 18 1 2 6 0 16 
5 6 20 0 1 0 12 17 10 1 18 3 12 0 19 8 5 16 20 18 13 10 8 17 17 18 6 11 12 17 5 17 5 7 5 19 12 10 2 2 9 1 17 19 7 19 12 16 10 13 4 14 12 8 0 
14 5 2 10 4 7 12 19 15 16 17 12 88 16 0 2 5 20 2 20 16 13 14 20 2 16 1 15 10 7 7 4 4 11 7 14 7 3 15 6 12 17 12 18 18 20 8 10 0 8 2 16 2 16 19 
20 18 20 7 3 1 6 15 13 17 9 0 16 65 5 7 2 14 14 6 14 6 17 18 6 17 10 7 9 19 6 14 8 2 18 8 16 6 8 18 9 16 15 7 20 3 8 20 7 19 4 0 8 18 6 
13 18 4 2 18 8 6 1 14 6 5 19 0 5 42 20 14 13 5 7 4 0 1 11 11 8 11 6 6 2 3 13 18 19 2 7 4 10 18 1 6 16 6 20 19 0 9 5 7 3 8 8 16 5 4 
1 10 10 10 20 14 8 18 15 3 5 8 2 7 20 84 16 5 11 18 6 16 9 3 18 16 3 8 7 19 18 15 15 10 6 20 19 6 16 2 1 9 19 3 2 6 9 3 2 17 13 3 4 0 14 
0 2 9 12 9 5 7 17 0 9 2 5 5 2 14 16 74 0 19 8 0 7 18 5 2 16 8 8 0 12 10 10 9 6 0 18 14 7 17 12 19 8 1 19 1 9 8 5 12 9 0 11 0 16 12 
0 18 14 14 2 2 12 4 1 20 18 16 20 14 13 5 0 12 11 1 16 13 12 20 18 19 2 1 14 19 16 9 17 2 0 3 9 9 0 19 16 13 7 2 13 8 4 10 17 8 16 15 13 19 19 
2 2 20 10 2 13 16 2 2 7 8 20 2 14 5 11 19 11 34 2 17 0 0 11 19 10 5 19 15 2 2 15 9 17 8 6 2 5 18 16 15 5 6 18 5 11 18 12 1 5 18 1 2 3 13 
11 9 6 14 6 6 3 19 9 7 19 18 20 6 7 18 8 1 2 82 7 0 20 11 9 20 2 12 13 6 18 11 19 15 14 16 19 10 9 3 14 2 0 4 18 15 19 12 7 11 19 13 7 14 18 
9 13 11 20 13 4 0 16 18 18 10 13 16 14 4 6 0 16 17 7 28 16 6 10 13 5 5 17 9 10 6 0 1 14 10 9 3 11 20 2 13 15 7 17 18 20 13 15 10 6 14 6 18 19 0 
6 0 11 1 2 10 10 1 12 15 10 10 13 6 0 16 7 13 0 0 16 66 7 7 12 10 11 10 3 12 6 9 4 5 10 20 4 16 11 10 10 10 2 8 4 1 7 7 7 6 2 20 7 11 3 
10 5 16 6 10 9 9 16 12 20 0 8 14 17 1 9 18 12 0 20 6 7 10 15 15 9 8 17 17 8 9 7 8 7 20 14 1 5 18 8 8 13 20 16 7 12 9 3 13 11 18 11 17 8 6 
0 17 4 17 12 13 12 4 5 10 7 17 20 18 11 3 5 20 11 11 10 7 15 83 18 7 20 13 11 17 15 8 8 19 12 4 12 13 18 14 19 15 6 19 9 19 9 17 12 8 20 20 15 6 14 
16 18 16 19 18 15 9 10 19 16 0 17 2 6 11 18 2 18 19 9 13 12 15 18 34 15 14 12 5 18 14 1 14 0 20 15 10 0 15 7 17 9 11 3 19 2 16 19 17 13 17 10 0 11 0 
11 19 13 14 9 6 2 1 13 12 8 18 16 17 8 16 16 19 10 20 5 10 9 7 15 17 5 7 4 13 16 4 20 11 4 7 0 4 2 14 20 4 5 7 19 1 9 3 17 0 7 19 5 17 9 
10 2 11 8 7 6 11 12 2 8 7 6 1 10 11 3 8 2 5 2 5 11 8 20 14 5 1 5 7 18 5 9 13 13 17 13 5 8 3 16 2 12 20 20 17 13 18 15 14 5 2 15 4 10 1 
1 20 17 10 9 7 17 14 9 8 20 11 15 7 6 8 8 1 19 12 17 10 17 13 12 7 5 77 16 8 16 6 18 12 9 15 16 13 15 1 9 8 19 12 17 10 4 17 18 8 2 15 20 3 13 
20 2 6 13 2 16 20 7 14 19 8 12 10 9 6 7 0 14 15 13 9 3 17 11 5 4 7 16 90 1 1 3 9 5 15 6 4 20 7 11 8 16 15 3 8 20 0 7 9 4 10 15 2 0 1 
19 14 16 4 19 13 15 19 7 19 13 17 7 19 2 19 12 19 2 6 10 12 8 17 18 13 18 8 1 2 2 3 11 15 6 4 4 19 1 12 2 3 12 7 10 19 10 20 10 19 6 15 3 8 2 
14 18 6 14 1 6 14 14 9 2 11 5 7 6 3 18 10 16 2 18 6 6 9 15 14 16 5 16 1 2 69 14 14 16 10 16 9 9 15 15 11 16 5 6 8 16 18 3 4 6 19 15 1 6 15 
5 17 13 14 5 16 8 4 10 4 19 17 4 14 13 15 10 9 15 11 0 9 7 8 1 4 9 6 3 3 14 57 20 12 16 16 15 16 7 7 15 20 0 17 5 18 8 13 18 7 4 10 14 1 5 
18 9 13 7 18 13 1 10 2 14 7 5 4 8 18 15 9 17 9 19 1 4 8 8 14 20 13 18 9 11 14 20 41 8 19 4 11 10 14 12 15 20 2 14 11 1 17 7 9 0 15 16 2 2 14 
10 20 17 5 5 19 14 18 4 15 3 7 11 2 19 10 6 2 17 15 14 5 7 19 0 11 13 12 5 15 16 12 8 94 4 13 15 10 5 4 17 8 8 11 12 18 8 0 13 4 0 14 5 3 11 
2 18 18 15 16 5 9 3 5 17 13 5 7 18 2 6 0 0 8 14 10 10 20 12 20 4 17 9 15 6 10 16 19 4 19 14 15 2 5 8 5 17 0 4 18 18 8 11 17 20 0 2 20 3 15 
10 10 20 4 16 4 19 19 11 20 1 19 14 8 7 20 18 3 6 16 9 20 14 4 15 7 13 15 6 4 16 16 4 13 14 5 18 3 10 12 16 12 16 20 14 8 10 19 18 19 9 17 11 18 18 
5 19 12 13 19 6 12 2 20 1 6 12 7 16 4 19 14 9 2 19 3 4 1 12 10 0 5 16 4 4 9 15 11 15 15 18 51 6 7 5 14 5 2 13 16 16 20 7 18 18 4 18 10 12 14 
4 15 16 18 19 19 9 11 7 1 9 10 3 6 10 6 7 9 5 10 11 16 5 13 0 4 8 13 20 19 9 16 10 10 2 3 6 93 17 20 10 16 0 18 4 3 8 0 9 6 0 17 9 5 15 
16 12 13 14 17 12 1 8 16 12 20 2 15 8 18 16 17 0 18 9 20 11 18 18 15 2 3 15 7 1 15 7 14 5 5 10 7 17 4 17 1 9 0 11 4 6 8 8 17 14 4 11 2 20 4 
12 5 18 19 10 7 11 8 19 5 15 2 6 18 1 2 12 19 16 3 2 10 8 14 7 14 16 1 11 12 15 7 12 4 8 12 5 20 17 13 0 17 5 19 1 0 19 2 12 8 16 16 4 11 10 
5 18 18 10 14 3 15 20 2 8 18 9 12 9 6 1 19 16 15 14 13 10 8 19 17 20 2 9 8 2 11 15 15 17 5 16 14 10 1 0 0 12 10 8 7 8 6 6 10 16 16 10 8 10 14 
7 18 13 3 16 20 20 14 15 1 12 1 17 16 16 9 8 13 5 2 15 10 13 15 9 4 12 8 16 3 16 20 20 8 17 12 5 16 9 17 12 41 11 15 0 6 2 1 5 4 13 14 1 8 3 
11 12 17 14 4 11 10 10 17 9 18 17 12 15 6 19 1 7 6 0 7 2 20 6 11 5 20 19 15 12 5 0 2 8 0 16 2 0 0 5 10 11 24 5 6 15 3 7 5 18 2 3 5 13 10 
0 6 15 19 4 10 8 3 11 12 20 19 18 7 20 3 19 2 18 4 17 8 16 19 3 7 20 12 3 7 6 17 14 11 4 20 13 18 11 19 8 15 5 42 4 8 4 14 6 16 19 16 15 16 4 
10 20 5 16 0 14 12 10 8 9 17 7 18 20 19 2 1 13 5 18 18 4 7 9 19 19 17 17 8 10 8 5 11 12 18 14 16 4 4 1 7 0 6 4 65 3 10 19 16 6 12 16 2 18 12 
12 14 2 10 6 19 6 3 14 16 11 19 20 3 0 6 9 8 11 15 20 1 12 19 2 1 13 10 20 19 16 18 1 18 18 8 16 3 6 0 8 6 15 8 3 52 20 4 15 1 19 8 3 5 13 
4 4 11 4 1 2 15 10 16 18 16 12 8 8 9 9 8 4 18 19 13 7 9 9 16 9 18 4 0 10 18 8 17 8 8 10 20 8 8 19 6 2 3 4 10 20 82 10 9 9 19 6 6 15 7 
15 11 2 12 4 7 17 5 6 1 0 16 10 20 5 3 5 10 12 12 15 7 3 17 19 3 15 17 7 20 3 13 7 0 11 19 7 0 8 2 6 1 7 14 19 4 10 36 0 16 14 17 7 15 8 
4 9 14 11 10 19 5 16 8 19 4 10 0 7 7 2 12 17 1 7 10 7 13 12 17 17 14 18 9 10 4 18 9 13 17 18 18 9 17 12 10 5 5 6 16 15 9 0 7 12 6 8 4 16 10 
6 5 13 13 11 20 1 5 3 7 18 13 8 19 3 17 9 8 5 11 6 6 11 8 13 0 5 8 4 19 6 7 0 4 20 19 18 6 14 8 16 4 18 16 6 1 9 16 12 20 16 3 9 12 15 
5 13 19 8 15 3 8 0 3 17 1 4 2 4 8 13 0 16 18 19 14 2 18 20 17 7 2 2 10 6 19 4 15 0 0 9 4 0 4 16 16 13 2 19 12 19 19 14 6 16 89 2 20 20 18 
3 10 9 0 4 3 11 15 13 7 2 14 16 0 8 3 11 15 1 13 6 20 11 20 10 19 15 15 15 15 15 10 16 14 2 17 18 17 11 16 10 14 3 16 16 8 6 17 8 3 2 50 18 3 7 
19 12 0 2 6 0 14 12 2 10 6 12 2 8 16 4 0 13 2 7 18 7 17 15 0 5 4 20 2 3 1 14 2 5 20 11 10 9 2 4 8 1 5 15 2 3 6 7 4 9 20 18 84 0 13 
16 10 11 10 13 4 19 14 6 18 0 8 16 18 5 0 16 19 3 14 19 11 8 6 11 17 10 3 0 8 6 1 2 3 3 18 12 5 20 11 10 8 13 16 18 5 15 15 16 12 20 3 0 39 13 
19 16 2 18 3 6 0 12 3 8 16 0 19 6 4 14 12 19 13 18 0 3 6 14 0 9 1 13 1 2 15 5 14 11 15 18 14 15 4 10 14 3 10 4 12 13 7 8 10 15 18 7 13 13 50 
