55 11
33 11 10 20 1 2 2 6 5 15 20 0 3 9 17 0 4 18 19 18 11 0 11 16 5 10 6 1 16 11 0 6 3 11 6 2 13 6 3 1 5 17 4 0 2 11 17 9 5 4 18 11 10 13 0 
11 4 4 9 17 5 18 13 3 3 9 9 8 8 15 3 3 5 15 20 9 7 3 12 2 14 10 14 15 2 8 20 8 4 12 0 2 10 8 20 18 7 16 3 4 14 8 0 7 11 14 4 14 13 16 
10 4 28 8 5 1 3 18 9 0 8 13 1 8 13 19 12 1 19 15 10 2 15 4 18 16 2 16 6 0 20 5 7 18 0 6 3 15 20 4 12 7 16 0 3 17 17 4 7 7 5 2 14 11 13 
20 9 8 74 18 1 11 17 16 19 5 15 18 6 16 2 18 13 1 20 14 4 13 1 12 3 20 3 18 11 4 10 20 5 5 10 16 0 5 0 10 12 9 13 4 2 20 8 16 2 10 5 11 7 16 
1 17 5 18 91 16 6 6 16 7 15 14 20 5 10 6 16 8 2 6 11 12 15 1 10 13 14 11 8 5 6 3 2 17 14 9 14 16 6 19 5 9 1 5 9 19 7 3 11 19 10 7 10 2 13 
2 5 1 1 16 27 2 15 14 6 5 13 5 10 7 10 17 3 13 1 17 17 20 6 2 3 15 5 6 13 10 12 13 3 16 20 2 19 15 4 5 6 11 7 16 15 11 11 9 2 3 5 7 20 11 
2 18 3 11 6 2 38 8 15 9 11 20 17 4 5 4 15 19 10 12 2 20 17 2 15 11 6 3 0 4 7 11 20 0 2 6 1 13 15 6 1 9 13 20 19 7 12 3 11 19 11 18 15 13 4 
6 13 18 17 6 15 8 71 17 5 1 20 7 10 7 12 16 14 5 5 19 14 14 7 12 14 4 6 17 19 10 11 12 20 7 14 5 14 13 0 13 3 17 15 15 2 12 20 19 1 2 19 2 3 11 
5 3 9 16 16 14 15 17 63 5 2 16 7 12 14 16 15 20 10 1 17 9 13 11 3 15 18 14 8 18 11 13 5 14 17 17 15 1 6 4 0 6 2 11 20 4 4 3 11 17 6 7 0 2 18 
15 3 0 19 7 6 9 5 5 75 16 16 10 12 19 20 9 14 15 18 7 0 11 12 1 14 3 1 12 17 6 12 18 12 18 4 11 12 7 11 18 16 11 15 17 3 13 6 5 12 20 11 2 5 0 
20 9 8 5 15 5 11 1 2 16 97 5 13 3 10 5 5 18 2 1 1 18 12 11 8 19 8 15 8 1 20 13 5 20 1 17 7 0 12 15 7 8 2 5 12 13 8 19 9 20 3 12 14 11 2 
0 9 13 15 14 13 20 20 16 16 5 68 15 17 19 2 10 15 9 0 1 2 12 19 5 20 0 13 16 16 15 7 2 3 19 20 19 4 14 15 0 6 5 8 13 0 20 8 9 0 3 14 18 18 1 
3 8 1 18 20 5 17 7 7 10 13 15 0 4 10 2 15 4 8 18 2 19 18 4 3 14 15 9 10 20 9 16 12 12 1 10 19 14 9 11 12 1 10 11 13 3 4 10 3 0 13 16 8 8 17 
9 8 8 6 5 10 4 10 12 12 3 17 4 8 20 12 19 16 19 18 17 18 11 18 6 12 5 10 10 18 8 9 11 18 16 0 13 3 18 6 1 16 1 8 6 17 10 14 11 0 1 6 17 0 9 
17 15 13 16 10 7 5 7 14 19 10 19 10 20 22 10 4 6 17 17 19 2 6 2 17 10 6 8 11 2 13 17 18 13 7 13 12 13 15 18 15 9 2 3 2 12 19 5 12 7 11 6 15 19 12 
0 3 19 2 6 10 4 12 16 20 5 2 2 12 10 9 5 0 10 9 12 3 0 13 13 11 2 18 19 14 8 17 1 6 19 12 13 10 15 10 6 18 0 2 1 8 10 1 14 14 18 19 7 14 11 
4 3 12 18 16 17 15 16 15 9 5 10 15 19 4 5 2 16 11 14 12 4 0 4 7 15 20 11 12 9 6 8 14 3 16 6 18 6 7 3 0 3 10 4 15 12 6 0 20 6 1 18 19 5 13 
18 5 1 13 8 3 19 14 20 14 18 15 4 16 6 0 16 35 2 12 11 2 9 2 8 16 17 20 7 14 3 11 6 4 8 14 7 19 13 17 20 2 12 5 6 6 4 3 12 3 11 11 2 12 0 
19 15 19 1 2 13 10 5 10 15 2 9 8 19 17 10 11 2 69 5 1 16 2 4 14 15 11 16 6 14 13 9 7 19 6 13 8 13 13 10 17 5 7 13 17 16 20 1 8 12 18 6 0 19 7 
18 20 15 20 6 1 12 5 1 18 1 0 18 18 17 9 14 12 5 30 10 6 8 15 14 13 7 16 6 0 7 1 17 2 10 2 12 11 11 19 8 8 7 4 18 18 9 3 8 8 6 6 17 0 5 
11 9 10 14 11 17 2 19 17 7 1 1 2 17 19 12 12 11 1 10 59 11 4 20 13 16 7 16 19 10 16 3 17 18 15 5 16 4 17 3 16 8 8 17 4 5 12 12 5 14 20 10 10 3 6 
0 7 2 4 12 17 20 14 9 0 18 2 19 18 2 3 4 2 16 6 11 57 6 2 4 11 11 2 3 16 9 8 14 14 11 0 8 12 8 2 2 4 0 17 13 1 19 6 16 14 14 9 6 19 17 
11 3 15 13 15 20 17 14 13 11 12 12 18 11 6 0 0 9 2 8 4 6 63 11 12 3 15 8 9 7 7 17 16 5 6 4 7 2 12 15 20 19 9 4 20 0 12 16 7 16 2 7 14 7 3 
16 12 4 1 1 6 2 7 11 12 11 19 4 18 2 13 4 2 4 15 20 2 11 68 17 1 18 16 15 11 17 16 5 17 5 3 8 17 18 0 0 9 8 17 2 20 4 12 4 2 2 10 7 15 20 
5 2 18 12 10 2 15 12 3 1 8 5 3 6 17 13 7 8 14 14 13 4 12 17 40 19 8 7 11 12 12 19 10 17 11 3 17 3 1 14 14 19 10 17 3 12 17 12 20 3 17 4 4 16 19 
10 14 16 3 13 3 11 14 15 14 19 20 14 12 10 11 15 16 15 13 16 11 3 1 19 9 3 11 11 15 17 14 4 8 4 13 10 10 0 11 20 4 12 2 19 14 4 15 20 9 19 20 4 18 13 
6 10 2 20 14 15 6 4 18 3 8 0 15 5 6 2 20 17 11 7 7 11 15 18 8 3 76 5 16 18 3 14 12 14 17 11 8 8 5 0 9 4 15 8 1 14 8 9 13 18 11 13 5 15 12 
1 14 16 3 11 5 3 6 14 1 15 13 9 10 8 18 11 20 16 16 16 2 8 16 7 11 5 68 18 3 5 18 10 12 6 19 19 16 9 18 10 3 19 5 6 8 18 3 7 4 11 5 1 19 17 
16 15 6 18 8 6 0 17 8 12 8 16 10 10 11 19 12 7 6 6 19 3 9 15 11 11 16 18 99 3 11 19 5 7 4 12 15 8 19 3 16 0 1 1 0 2 12 9 20 14 3 5 0 17 10 
11 2 0 11 5 13 4 19 18 17 1 16 20 18 2 14 9 14 14 0 10 16 7 11 12 15 18 3 3 92 7 3 11 4 10 19 13 0 9 20 20 10 3 8 17 10 10 10 1 9 11 7 20 1 19 
0 8 20 4 6 10 7 10 11 6 20 15 9 8 13 8 6 3 13 7 16 9 7 17 12 17 3 5 11 7 32 12 2 20 16 6 2 4 12 6 2 16 3 6 19 18 6 20 9 3 11 6 18 6 14 
6 20 5 10 3 12 11 11 13 12 13 7 16 9 17 17 8 11 9 1 3 8 17 16 19 14 14 18 19 3 12 52 9 9 8 16 14 9 14 8 6 2 16 7 11 16 19 3 0 19 19 19 16 16 18 
3 8 7 20 2 13 20 12 5 18 5 2 12 11 18 1 14 6 7 17 17 14 16 5 10 4 12 10 5 11 2 9 40 12 20 6 14 3 13 15 10 17 19 6 8 10 7 5 9 9 8 6 3 11 16 
11 4 18 5 17 3 0 20 14 12 20 3 12 18 13 6 3 4 19 2 18 14 5 17 17 8 14 12 7 4 20 9 12 24 11 5 7 8 6 4 19 8 7 2 3 19 9 18 1 13 5 17 20 9 11 
6 12 0 5 14 16 2 7 17 18 1 19 1 16 7 19 16 8 6 10 15 11 6 5 11 4 17 6 4 10 16 8 20 11 85 14 16 4 2 18 17 12 18 15 6 10 14 6 19 8 9 5 0 14 18 
2 0 6 10 9 20 6 14 17 4 17 20 10 0 13 12 6 14 13 2 5 0 4 3 3 13 11 19 12 19 6 16 6 5 14 27 5 0 4 12 18 12 19 20 5 20 4 11 3 6 13 14 15 19 17 
13 2 3 16 14 2 1 5 15 11 7 19 19 13 12 13 18 7 8 12 16 8 7 8 17 10 8 19 15 13 2 14 14 7 16 5 16 2 9 5 16 13 14 9 2 20 9 8 3 11 8 17 7 20 3 
6 10 15 0 16 19 13 14 1 12 0 4 14 3 13 10 6 19 13 11 4 12 2 17 3 10 8 16 8 0 4 9 3 8 4 0 2 40 4 16 1 12 14 5 20 4 4 18 8 18 15 0 20 12 4 
3 8 20 5 6 15 15 13 6 7 12 14 9 18 15 15 7 13 13 11 17 8 12 18 1 0 5 9 19 9 12 14 13 6 2 4 9 4 53 2 9 8 4 0 19 14 3 0 11 7 11 6 6 15 20 
1 20 4 0 19 4 6 0 4 11 15 15 11 6 18 10 3 17 10 19 3 2 15 0 14 11 0 18 3 20 6 8 15 4 18 12 5 16 2 33 6 1 16 20 10 11 11 17 8 10 3 13 7 6 13 
5 18 12 10 5 5 1 13 0 18 7 0 12 1 15 6 0 20 17 8 16 2 20 0 14 20 9 10 16 20 2 6 10 19 17 18 16 1 9 6 55 16 13 16 15 11 15 8 13 4 19 5 20 15 16 
17 7 7 12 9 6 9 3 6 16 8 6 1 16 9 18 3 2 5 8 8 4 19 9 19 4 4 3 0 10 16 2 17 8 12 12 13 12 8 1 16 74 17 11 15 10 6 16 18 19 4 17 8 16 0 
4 16 16 9 1 11 13 17 2 11 2 5 10 1 2 0 10 12 7 7 8 0 9 8 10 12 15 19 1 3 3 16 19 7 18 19 14 14 4 16 13 17 64 1 8 17 14 0 3 7 20 20 20 17 5 
0 3 0 13 5 7 20 15 11 15 5 8 11 8 3 2 4 5 13 4 17 17 4 17 17 2 8 5 1 8 6 7 6 2 15 20 9 5 0 20 16 11 1 79 8 20 8 4 6 16 7 20 20 2 9 
2 4 3 4 9 16 19 15 20 17 12 13 13 6 2 1 15 6 17 18 4 13 20 2 3 19 1 6 0 17 19 11 8 3 6 5 2 20 19 10 15 15 8 8 75 12 7 6 12 20 17 5 0 16 17 
11 14 17 2 19 15 7 2 4 3 13 0 3 17 12 8 12 6 16 18 5 1 0 20 12 14 14 8 2 10 18 16 10 19 10 20 20 4 14 11 11 10 17 20 12 22 10 14 7 0 18 7 2 2 8 
17 8 17 20 7 11 12 12 4 13 8 20 4 10 19 10 6 4 20 9 12 19 12 4 17 4 8 18 12 10 6 19 7 9 14 4 9 4 3 11 15 6 14 8 7 10 44 11 12 12 20 14 13 5 10 
9 0 4 8 3 11 3 20 3 6 19 8 10 14 5 1 0 3 1 3 12 6 16 12 12 15 9 3 9 10 20 3 5 18 6 11 8 18 0 17 8 16 0 4 6 14 11 65 8 4 14 2 10 4 10 
5 7 7 16 11 9 11 19 11 5 9 9 3 11 12 14 20 12 8 8 5 16 7 4 20 20 13 7 20 1 9 0 9 1 19 3 3 8 11 8 13 18 3 6 12 7 12 8 2 1 0 2 4 19 1 
4 11 7 2 19 2 19 1 17 12 20 0 0 0 7 14 6 3 12 8 14 14 16 2 3 9 18 4 14 9 3 19 9 13 8 6 11 18 7 10 4 19 7 16 20 0 12 4 1 16 5 5 8 6 12 
18 14 5 10 10 3 11 2 6 20 3 3 13 1 11 18 1 11 18 6 20 14 2 2 17 19 11 11 3 11 11 19 8 5 9 13 8 15 11 3 19 4 20 7 17 18 20 14 0 5 48 11 7 12 4 
11 4 2 5 7 5 18 19 7 11 12 14 16 6 6 19 18 11 6 6 10 9 7 10 4 20 13 5 5 7 6 19 6 17 5 14 17 0 6 13 5 17 20 20 5 7 14 2 2 5 11 39 20 18 11 
10 14 14 11 10 7 15 2 0 2 14 18 8 17 15 7 19 2 0 17 10 6 14 7 4 4 5 1 0 20 18 16 3 20 0 15 7 20 6 7 20 8 20 20 0 2 13 10 4 8 7 20 62 17 17 
13 13 11 7 2 20 13 3 2 5 11 18 8 0 19 14 5 12 19 0 3 19 7 15 16 18 15 19 17 1 6 16 11 9 14 19 20 12 15 6 15 16 17 2 16 2 5 4 19 6 12 18 17 0 9 
0 16 13 16 13 11 4 11 18 0 2 1 17 9 12 11 13 0 7 5 6 17 3 20 19 13 12 17 10 19 14 18 16 11 18 17 3 4 20 13 16 0 5 9 17 8 10 10 1 12 4 11 17 9 54 
