78 13
33 8 22 14 9 20 8 23 29 14 31 32 10 29 2 7 13 9 13 33 16 17 29 29 7 4 19 2 12 35 9 25 34 23 23 35 21 9 54 15 35 51 7 19 6 21 30 13 29 32 15 3 17 29 13 24 29 12 18 43 6 37 44 19 27 16 21 26 17 27 31 23 18 43 58 18 16 49 
8 21 19 8 5 12 8 21 25 17 22 25 16 31 10 15 11 18 18 33 24 9 26 29 2 7 13 9 13 33 16 17 29 21 23 32 23 8 53 19 29 48 4 11 7 19 26 17 21 25 8 11 18 28 19 15 24 5 12 38 4 29 38 21 26 23 13 21 12 30 24 15 20 37 54 12 11 41 
22 19 58 27 25 20 27 40 7 36 32 18 19 16 21 23 8 26 35 15 36 17 7 10 18 18 9 21 32 13 30 21 13 2 7 13 9 13 33 16 17 29 23 17 26 39 7 35 29 16 14 26 38 8 35 25 11 15 29 20 23 30 26 40 7 38 25 8 7 49 40 19 9 24 36 30 9 34 
14 8 27 4 5 13 8 14 32 15 18 28 24 39 16 21 20 24 18 42 28 12 33 37 10 15 19 16 10 41 19 17 34 29 32 39 31 16 60 27 34 54 7 13 9 13 33 16 17 29 13 15 14 35 20 13 29 12 3 44 8 28 42 17 34 24 9 26 19 27 16 16 28 41 60 4 18 42 
9 5 25 5 14 15 3 15 31 12 23 30 19 36 11 16 17 18 14 39 23 12 31 34 7 10 18 11 7 39 14 19 34 26 29 38 28 13 58 23 34 53 2 15 4 14 32 13 21 30 13 9 13 33 16 17 29 10 9 44 3 32 43 15 31 20 13 26 18 25 21 18 25 42 60 9 17 45 
20 12 20 13 15 26 18 26 22 28 12 15 27 35 22 27 16 30 29 35 37 4 24 30 13 18 10 21 22 32 29 4 23 22 26 29 27 16 51 28 21 43 16 2 19 25 24 28 10 16 7 23 27 27 31 5 17 9 13 33 16 17 29 30 27 35 5 16 13 40 20 3 25 28 48 14 11 30 
8 8 27 8 3 18 19 15 33 9 26 33 19 36 10 15 18 16 10 40 19 16 34 35 9 11 21 10 5 41 11 23 37 28 30 40 29 14 60 23 38 56 3 18 2 13 34 9 24 33 16 7 10 35 13 20 32 13 11 47 4 35 46 13 33 16 17 29 20 22 23 22 25 45 62 11 19 48 
23 21 40 14 15 26 15 26 46 12 26 42 33 51 25 29 32 29 16 55 29 26 47 50 23 26 33 25 10 54 22 29 48 42 44 53 43 29 74 38 48 68 17 27 17 2 47 14 26 43 27 21 7 49 19 24 43 26 13 59 18 39 55 9 47 21 21 41 33 16 17 29 40 55 74 12 32 54 
29 25 7 32 31 22 33 46 67 43 32 13 27 20 29 31 16 34 42 16 44 20 2 12 24 25 12 28 38 10 38 22 6 8 12 6 16 20 29 24 10 22 30 20 32 45 2 42 30 11 18 33 44 7 43 27 6 20 34 13 29 27 18 46 9 46 27 6 13 56 42 21 16 17 29 35 14 28 
14 17 36 15 12 28 9 12 43 33 33 43 24 43 16 19 27 18 4 48 16 25 43 44 18 18 31 16 5 49 10 32 47 37 38 49 36 23 69 29 47 65 13 27 10 10 43 2 32 43 26 11 5 44 7 28 42 23 18 56 13 44 56 4 42 9 25 38 30 13 27 31 33 55 72 17 29 58 
31 22 32 18 23 12 26 26 32 33 34 21 39 48 32 38 29 40 36 47 46 16 35 42 24 30 23 32 28 43 37 10 32 34 39 39 40 28 61 40 29 50 24 14 27 27 34 34 2 23 20 32 30 39 39 7 27 21 15 41 25 13 33 34 39 42 9 26 25 42 13 12 38 33 55 16 24 29 
32 25 18 28 30 15 33 42 13 43 21 58 34 34 33 37 22 40 43 30 49 17 16 26 26 29 14 32 37 24 41 13 10 19 25 18 27 24 39 33 7 29 30 15 33 41 16 43 20 2 17 36 42 21 45 18 7 20 29 20 30 13 13 45 23 49 21 9 17 55 34 13 27 12 33 30 16 17 
10 16 19 24 19 27 19 33 27 24 39 34 16 19 8 5 12 8 21 25 17 22 25 22 14 9 20 8 23 29 14 31 32 18 17 31 14 11 47 4 35 47 17 25 16 31 26 22 37 33 20 13 28 24 20 31 29 17 28 39 16 43 44 28 21 22 29 26 17 36 41 29 11 43 54 28 18 51 
29 31 16 39 36 35 36 51 20 43 48 34 19 44 27 25 20 27 40 7 36 32 18 8 29 25 25 26 41 15 34 37 26 14 9 20 8 23 29 14 31 32 34 33 34 49 19 41 46 32 28 32 46 13 40 41 26 28 42 28 33 46 38 48 10 42 40 24 22 55 54 36 11 37 40 43 24 49 
2 10 21 16 11 22 10 25 29 16 32 33 8 27 29 5 13 8 14 32 15 18 28 28 8 4 19 0 14 34 9 26 34 22 22 35 20 9 53 13 36 51 9 20 8 23 29 14 31 32 16 4 19 29 14 25 29 13 20 42 8 39 45 20 26 17 23 26 17 28 33 25 17 43 58 20 17 50 
7 15 23 21 16 27 15 29 31 19 38 37 5 25 5 18 15 3 15 31 12 23 30 27 13 8 23 5 18 34 9 31 36 23 22 36 19 12 53 10 38 52 14 25 12 27 31 17 36 36 20 8 23 29 14 31 32 17 25 44 13 43 48 23 26 16 28 29 20 30 38 29 16 46 59 26 20 54 
13 11 8 20 17 16 18 32 16 27 29 22 12 20 13 15 41 18 26 22 28 12 15 17 9 9 8 12 23 22 22 19 21 9 12 22 11 4 42 12 23 38 15 14 17 31 16 26 27 21 9 17 29 16 27 21 17 8 23 29 14 31 32 31 14 30 20 13 5 40 34 18 9 31 45 24 6 39 
9 18 26 24 18 30 16 29 34 18 40 40 8 27 8 3 18 16 15 33 9 26 33 30 16 11 26 8 19 37 8 34 40 26 25 39 22 16 55 12 42 55 16 28 14 27 34 16 39 39 24 9 23 32 13 34 36 20 27 47 15 47 51 23 29 14 31 32 23 29 40 32 19 50 62 27 24 57 
13 18 35 18 14 29 10 16 42 4 36 43 21 40 14 15 26 15 46 46 12 26 42 42 18 17 31 14 8 48 7 34 46 36 36 48 34 22 67 26 47 64 13 29 10 14 43 2 35 43 26 9 9 43 3 31 42 23 20 55 13 46 56 8 40 6 27 38 29 14 31 32 31 55 71 20 29 59 
33 33 15 42 39 35 40 55 16 48 47 30 25 7 32 31 22 33 46 59 43 32 13 5 32 29 25 31 45 8 40 37 21 13 10 14 11 26 22 20 26 24 37 33 38 53 14 46 45 28 29 37 51 9 45 41 23 30 45 20 36 43 32 52 8 48 40 21 23 61 55 35 14 31 32 46 24 44 
16 24 36 28 23 37 19 29 44 16 46 49 17 36 15 12 28 9 12 43 29 33 43 40 23 19 35 16 20 47 8 41 49 36 34 49 31 24 65 22 51 64 21 36 18 26 44 14 44 48 32 13 21 42 9 39 45 28 31 57 20 54 60 20 39 8 36 41 32 23 42 40 29 59 72 31 32 65 
17 9 17 12 12 4 16 26 20 25 16 17 22 32 18 23 12 26 26 32 33 62 21 27 10 14 8 17 20 30 25 8 22 19 23 27 23 11 49 24 22 42 13 2 16 25 22 26 14 17 3 20 25 25 28 9 17 5 13 32 13 20 30 28 24 32 8 14 9 38 23 6 21 29 48 14 8 32 
29 26 7 33 31 24 34 47 2 43 35 16 25 18 28 30 15 33 42 13 43 21 65 10 25 25 13 28 39 8 37 24 8 6 10 6 14 20 27 22 12 22 30 22 33 45 1 42 32 14 19 33 44 4 42 29 9 21 35 13 30 30 20 47 7 45 29 8 13 56 44 23 14 19 29 36 14 31 
29 29 10 37 34 30 35 50 12 44 42 26 22 8 28 27 17 30 42 5 40 27 10 39 27 25 20 27 40 7 36 32 18 8 5 12 8 21 25 17 22 25 32 28 34 48 10 42 40 24 24 32 46 5 41 36 19 25 40 20 31 39 30 48 3 44 35 17 18 56 50 30 10 28 33 41 19 40 
7 2 18 10 7 13 9 23 24 18 24 26 14 29 8 13 9 16 18 32 23 10 25 27 17 5 13 8 14 32 15 18 28 19 21 31 21 6 51 17 29 47 5 12 8 21 25 17 22 25 8 10 19 26 19 17 23 5 14 38 5 30 38 22 24 22 15 20 11 31 26 16 18 37 54 15 11 42 
4 7 18 15 10 18 11 26 25 18 30 29 9 25 4 8 9 11 17 29 19 14 25 25 5 11 15 3 15 31 12 23 30 18 19 31 18 5 50 12 31 47 8 17 9 24 25 17 28 28 12 8 21 25 17 22 25 9 19 38 7 35 41 23 23 20 20 22 13 31 31 21 15 39 54 19 12 46 
19 13 9 19 18 10 21 33 12 31 23 14 20 25 19 23 8 26 31 25 35 8 13 20 13 15 25 18 26 22 28 12 15 11 16 19 17 10 41 20 16 34 18 8 21 32 14 30 20 13 5 22 31 17 32 16 10 8 21 25 17 22 25 34 16 35 16 7 3 44 31 10 15 24 41 22 2 31 
2 9 21 16 11 21 10 25 28 16 32 32 8 26 0 5 12 8 14 31 16 17 28 27 8 3 18 16 15 33 9 26 33 21 21 34 19 8 52 12 35 50 9 20 8 23 28 15 30 32 16 5 20 28 14 25 29 12 20 41 8 38 44 21 25 17 22 25 16 29 33 24 16 43 57 20 16 49 
12 13 32 10 7 22 5 10 38 5 28 37 23 41 14 18 23 19 8 45 20 20 39 40 14 15 26 15 42 46 12 26 42 33 35 45 33 19 65 27 42 61 8 22 6 8 39 6 27 38 21 10 5 40 11 23 37 18 12 52 9 38 51 8 38 14 19 34 25 17 22 25 30 50 67 11 24 52 
35 33 13 41 39 32 41 54 10 49 43 24 29 15 34 34 22 37 48 8 47 30 8 7 32 31 22 33 46 51 43 32 13 12 12 6 15 26 19 25 18 17 37 30 39 53 8 48 41 21 27 39 51 5 48 37 17 28 43 12 37 37 24 54 8 51 38 16 21 62 53 31 17 22 25 44 22 36 
9 16 30 19 14 29 11 22 38 10 37 41 14 34 9 9 22 8 7 40 8 25 37 36 15 12 28 9 12 43 35 33 43 31 30 44 28 18 62 19 44 59 13 28 9 20 38 8 36 41 24 5 15 37 5 31 38 20 23 51 12 46 53 15 35 8 28 35 25 21 34 32 25 52 67 22 25 58 
25 17 21 17 19 4 23 29 22 32 10 13 31 37 26 31 19 34 34 37 41 8 24 32 18 23 12 26 26 32 33 45 21 23 28 28 30 19 50 31 19 41 20 5 24 29 24 32 8 14 10 28 31 28 36 5 16 13 16 32 21 12 26 34 28 39 8 16 15 44 21 1 28 25 46 17 14 25 
34 29 13 34 34 23 37 48 6 47 32 10 32 26 34 36 21 40 46 21 49 22 8 18 28 30 15 33 42 13 43 21 51 14 18 7 22 25 29 30 4 19 33 21 36 47 7 46 30 8 21 38 47 12 47 27 5 24 36 10 33 24 12 50 15 51 28 8 17 60 43 21 22 11 25 37 17 22 
23 21 2 29 26 22 28 42 8 37 34 19 18 14 22 23 9 26 36 13 36 19 6 8 19 18 11 21 33 12 31 23 14 54 5 13 8 14 32 15 18 28 25 20 27 40 7 36 32 18 16 26 39 6 36 27 13 16 31 20 24 32 27 41 5 39 27 10 9 50 42 22 8 25 36 32 11 36 
23 23 7 32 29 26 30 44 12 38 39 25 17 9 22 22 12 25 36 10 34 23 10 5 21 19 16 21 35 12 30 28 18 5 50 15 3 15 31 12 23 30 27 24 28 43 11 37 36 23 20 27 40 7 36 32 18 20 35 23 26 37 31 42 4 38 31 15 13 51 46 27 5 29 38 36 15 41 
35 32 13 39 38 29 40 53 6 49 39 18 31 20 35 36 22 39 48 14 49 27 6 12 31 31 19 34 45 6 44 28 7 13 15 40 18 26 22 28 12 15 36 27 39 51 5 48 37 16 25 39 51 7 49 33 12 27 40 7 36 32 18 53 11 52 34 12 19 62 49 27 20 16 23 42 20 29 
21 23 9 31 28 27 29 43 16 36 40 27 14 8 20 19 11 22 34 11 31 23 14 8 21 18 17 19 33 15 28 30 22 8 3 18 54 15 33 9 26 33 26 25 27 42 15 35 38 26 20 25 39 11 33 33 21 20 34 26 25 39 34 40 7 36 32 18 14 49 46 28 3 33 41 35 16 44 
9 8 13 16 13 16 14 29 20 23 28 24 11 23 9 12 4 16 22 26 24 11 20 21 6 5 10 8 19 26 18 19 25 14 15 26 15 81 46 12 26 42 11 14 13 27 20 22 26 23 8 13 25 21 22 20 20 6 20 33 10 31 36 27 19 26 18 17 7 36 32 18 12 34 49 20 8 41 
54 53 33 60 58 51 60 74 29 69 61 39 47 29 53 53 42 55 67 22 65 49 27 25 51 50 41 52 65 19 62 50 29 32 31 22 33 46 15 43 32 13 57 49 59 73 27 68 59 37 46 58 71 25 67 55 34 48 62 20 56 52 33 73 27 70 56 34 40 82 71 49 36 32 18 64 42 45 
15 19 16 27 23 28 23 38 24 29 40 33 4 14 13 10 12 12 26 20 22 24 22 17 17 12 20 12 27 25 19 31 30 15 12 28 9 12 43 72 33 43 21 26 21 36 23 27 38 32 20 17 32 20 25 33 27 18 31 36 20 43 42 33 17 27 31 24 17 40 44 30 7 41 50 32 18 50 
35 29 17 34 34 21 38 48 10 47 29 7 35 31 36 38 23 42 47 26 51 22 12 22 29 31 16 35 42 18 44 19 4 18 23 12 26 26 32 33 64 21 34 20 37 47 12 47 27 5 21 39 47 17 49 25 6 24 35 13 34 20 9 50 20 52 27 9 18 60 40 19 26 7 26 36 19 18 
51 48 29 54 53 43 56 68 22 65 50 29 47 32 51 52 38 55 64 24 64 42 22 25 47 47 34 50 61 17 59 41 19 28 30 15 33 42 13 43 21 36 52 41 55 67 21 64 49 27 40 55 66 22 65 46 25 42 55 9 52 41 20 69 25 68 48 27 35 78 62 40 35 19 7 57 36 32 
7 4 23 7 2 16 3 17 30 13 24 30 17 34 9 14 15 16 13 37 21 13 30 32 5 8 18 9 8 37 13 20 33 25 27 36 26 11 57 21 34 52 10 15 3 15 31 12 23 30 13 8 14 32 15 18 28 9 11 43 1 33 43 16 30 19 15 25 17 26 23 19 23 42 59 11 16 45 
19 11 17 13 15 2 18 27 20 27 14 15 25 33 20 25 14 28 29 33 36 2 22 28 12 17 8 20 22 30 28 5 21 20 24 27 25 14 49 26 20 41 15 26 18 26 22 28 12 15 5 22 27 25 31 7 16 8 14 32 15 18 28 30 25 34 7 14 10 40 22 4 23 27 47 15 9 30 
6 7 26 9 4 19 2 17 32 10 27 33 16 34 8 12 17 14 10 38 18 16 33 34 8 9 21 8 6 39 9 24 36 27 28 39 27 13 59 21 37 55 3 18 16 15 33 9 26 33 16 5 12 34 12 21 31 13 13 46 3 36 46 14 32 15 18 28 19 23 25 22 24 45 62 13 19 49 
21 19 39 13 14 25 13 2 45 10 27 41 31 49 23 27 31 27 14 53 26 25 45 48 21 24 32 23 8 53 20 29 47 40 43 51 42 27 73 36 47 67 15 26 15 28 46 12 26 42 26 18 5 47 17 24 42 24 13 57 16 39 55 8 46 19 21 39 32 15 18 28 38 54 73 11 31 54 
30 26 7 33 32 24 34 47 2 43 34 16 26 19 29 31 16 34 43 14 44 22 1 10 25 25 14 28 39 8 38 24 7 7 11 5 15 20 27 23 12 21 31 22 33 46 64 43 32 13 19 34 45 5 43 29 8 21 35 13 30 29 19 47 8 46 29 8 14 57 44 23 15 18 28 36 15 30 
13 17 35 16 13 28 9 14 42 2 34 43 22 41 14 17 26 16 2 46 14 26 42 42 17 17 30 15 6 48 8 32 46 36 37 48 35 22 68 27 47 64 12 28 9 12 43 31 33 43 25 9 7 43 5 29 41 22 19 55 13 44 56 6 40 8 26 38 29 14 29 31 32 55 71 18 28 58 
29 21 29 17 21 10 24 26 30 32 2 20 37 46 31 36 27 39 35 45 44 14 32 40 22 28 20 30 27 41 36 8 30 32 36 37 38 26 59 38 27 49 23 12 26 26 32 33 36 21 17 31 29 36 37 5 25 19 14 40 23 13 32 33 37 41 8 24 23 42 14 9 35 32 53 15 21 28 
32 25 16 29 30 16 33 43 11 43 23 2 33 32 32 36 21 39 43 28 48 17 14 24 25 28 13 32 38 21 41 14 8 18 23 16 26 23 37 32 5 27 30 15 33 42 13 43 21 57 17 35 43 19 45 19 5 20 29 18 30 15 13 46 21 48 22 8 16 55 35 14 25 12 32 31 15 18 
15 8 14 13 13 7 16 27 18 26 20 17 20 28 16 20 9 24 26 29 32 3 19 24 8 12 5 16 21 27 24 10 21 16 20 25 20 8 46 20 21 40 13 5 16 26 19 25 17 17 30 18 26 22 28 12 15 3 15 31 12 23 30 29 21 31 11 13 6 39 26 9 18 29 46 17 5 33 
3 11 26 15 9 23 7 21 33 11 32 36 13 32 4 8 17 9 9 37 13 20 33 32 10 8 22 5 10 39 5 28 38 26 27 39 25 13 58 17 39 55 8 22 5 18 34 9 31 35 18 7 15 33 9 26 33 15 18 46 7 40 48 15 31 12 23 30 20 23 31 26 22 47 62 18 20 52 
17 18 38 14 13 27 10 7 44 5 30 42 28 46 19 23 29 23 9 51 21 25 44 46 19 21 31 20 5 51 15 31 47 39 40 51 39 25 71 32 47 66 14 27 12 5 45 7 29 43 26 15 31 46 12 26 42 23 15 57 14 42 56 3 44 14 23 39 31 12 23 30 36 55 73 14 30 56 
29 28 8 35 33 27 35 49 7 44 39 21 24 13 29 29 16 32 43 9 42 25 4 5 26 25 17 28 40 5 37 28 12 6 7 7 11 21 25 20 17 22 32 25 34 47 5 43 36 19 22 33 46 62 43 32 13 23 38 15 31 34 24 48 3 45 33 12 15 57 48 26 12 23 30 39 17 35 
13 19 35 20 16 31 13 19 43 7 39 45 20 40 14 14 27 13 3 45 9 28 42 41 19 17 32 14 11 48 5 36 47 36 36 49 33 22 67 25 49 65 15 31 12 17 43 5 37 45 28 9 12 43 25 33 43 24 23 56 15 48 58 10 40 3 30 39 30 15 34 34 31 57 72 23 30 61 
24 15 25 13 17 5 20 24 27 28 7 18 31 41 25 31 21 34 31 41 39 9 29 36 17 22 16 25 23 37 31 5 27 27 32 33 33 20 55 33 25 46 18 7 21 24 29 29 5 19 12 26 26 32 33 46 21 14 11 37 19 15 31 30 32 37 3 21 18 39 15 6 30 31 52 12 17 30 
29 24 11 29 29 17 32 43 6 42 27 7 29 26 29 32 17 36 42 23 45 17 9 19 23 25 10 29 37 17 38 16 5 13 18 12 21 20 34 27 6 25 28 16 31 42 8 41 25 5 15 33 42 13 43 21 60 18 30 15 28 20 15 45 15 46 23 3 12 54 37 15 20 14 31 31 12 23 
12 5 15 12 10 9 13 26 20 23 21 20 17 28 13 17 8 20 23 30 28 5 21 25 5 9 8 12 18 28 20 13 24 16 20 27 20 6 48 18 24 42 9 8 13 24 21 22 19 20 3 15 23 23 24 14 18 37 15 33 9 26 33 26 22 28 12 15 7 36 26 12 17 32 49 16 6 37 
18 12 29 3 9 13 11 13 34 18 15 29 28 42 20 25 23 27 20 45 31 13 35 40 14 19 21 20 12 43 23 16 36 31 35 40 34 20 62 31 35 55 11 14 13 13 35 19 14 29 15 18 15 38 23 11 30 15 53 46 12 26 42 18 37 27 8 28 22 28 12 15 31 41 61 1 20 41 
43 38 20 44 44 33 47 59 13 56 41 20 39 28 42 44 29 47 55 20 57 32 13 20 38 38 25 41 52 12 51 32 10 20 23 7 26 33 20 36 13 9 43 32 46 57 13 55 40 18 31 46 57 15 56 37 15 33 46 44 43 32 13 60 18 59 39 18 26 69 53 31 28 12 15 47 27 26 
6 4 23 8 3 16 4 18 29 13 25 30 16 33 8 13 14 15 13 36 20 13 30 31 5 7 17 8 9 37 12 21 33 24 26 36 25 10 56 20 34 52 1 15 3 16 30 13 23 30 12 7 14 31 15 19 28 9 12 43 56 33 43 17 29 18 15 25 16 26 25 19 22 42 59 12 15 46 
37 29 30 28 32 17 35 39 27 44 13 13 43 46 39 43 31 47 46 43 54 20 30 39 30 35 22 38 38 37 46 12 24 32 37 32 39 31 52 43 20 41 33 18 36 39 29 44 13 15 23 40 42 34 48 15 20 26 26 32 33 25 21 45 36 52 18 22 26 55 26 14 38 22 44 28 25 15 
44 38 26 42 43 29 46 55 18 56 33 13 44 38 45 48 32 51 56 32 60 30 20 30 38 41 25 44 51 24 53 26 12 27 31 18 34 36 33 42 9 20 43 28 46 55 19 56 32 13 30 48 56 24 58 31 15 33 42 13 43 21 31 59 27 61 34 18 28 68 46 26 35 1 22 43 28 12 
19 21 40 17 15 30 13 9 46 4 34 45 28 48 20 23 31 23 8 52 20 28 47 48 22 23 34 21 8 54 15 34 50 41 42 53 40 27 73 33 50 69 16 30 14 8 47 6 33 46 29 15 3 48 10 30 45 26 18 60 17 45 59 30 46 12 26 42 33 9 26 33 37 58 76 17 32 60 
27 26 7 34 31 27 33 47 9 42 39 23 21 10 26 26 14 29 40 8 39 24 7 3 24 23 16 25 38 8 35 28 15 5 4 11 7 19 27 17 20 25 30 25 32 46 8 40 37 21 21 31 44 3 40 32 15 22 37 18 29 36 27 46 67 43 32 13 15 55 47 27 9 26 33 38 16 38 
16 23 38 24 20 35 16 21 46 9 42 49 22 42 17 16 30 14 6 48 8 32 45 44 22 20 35 17 14 51 8 39 51 39 38 52 36 26 70 27 52 68 19 34 15 19 46 8 41 48 31 12 14 45 3 37 46 28 27 59 18 52 61 12 43 19 33 43 33 15 37 38 33 60 75 26 33 65 
21 13 25 9 13 5 17 21 27 25 9 21 29 40 23 28 20 31 27 40 36 8 29 35 15 20 16 22 19 38 28 8 28 27 31 34 32 18 56 31 27 48 15 7 18 21 29 26 8 22 11 23 23 33 30 3 23 12 8 39 15 18 34 26 32 33 52 21 17 36 15 7 29 33 54 9 16 33 
26 21 8 26 26 16 29 41 6 38 26 9 26 24 26 29 13 32 38 21 41 14 8 17 20 22 7 25 34 16 35 16 8 10 15 12 18 17 34 24 9 27 25 14 28 39 8 38 24 8 13 30 39 12 39 21 3 15 28 18 25 22 18 42 13 43 21 67 9 52 36 15 17 17 33 29 9 26 
17 12 7 19 18 13 20 33 13 30 25 17 17 22 17 20 5 23 29 23 32 9 13 18 11 13 3 16 25 21 25 15 17 9 13 19 14 7 40 17 18 35 17 10 19 32 14 29 23 16 6 20 31 15 30 18 12 7 22 26 16 26 28 33 15 33 17 9 92 43 32 13 12 26 42 23 1 34 
27 30 49 27 25 40 22 16 56 13 42 55 36 55 28 30 40 29 14 61 23 38 56 56 31 31 44 29 17 62 21 44 60 50 51 62 49 36 82 40 60 78 26 40 23 15 57 14 42 55 39 23 12 57 15 39 54 36 28 69 26 55 68 9 55 15 36 52 43 24 33 43 46 68 85 26 42 69 
31 24 40 16 21 20 23 17 42 27 13 34 41 54 33 38 34 40 31 55 42 23 44 50 26 31 31 33 22 53 34 21 43 42 46 49 46 32 71 44 40 62 23 22 25 18 44 29 14 35 26 31 23 48 34 15 37 26 12 53 25 26 46 26 47 37 15 36 32 33 53 21 43 46 67 12 31 42 
23 15 19 16 18 3 22 29 21 31 12 13 29 36 25 29 18 32 32 35 40 6 23 30 16 21 10 24 25 31 32 1 21 22 27 27 28 18 49 30 19 40 19 4 22 28 23 31 9 14 9 26 30 26 34 6 15 12 15 31 19 14 26 33 27 38 7 15 13 43 21 84 26 25 46 17 12 26 
18 20 9 28 25 25 25 40 16 33 38 27 11 11 17 16 9 19 31 14 29 21 14 10 18 15 15 16 30 17 25 28 22 8 5 20 3 12 36 7 26 35 23 23 24 38 15 32 35 25 18 22 36 12 31 30 20 17 31 28 22 38 35 37 9 33 29 17 12 46 43 26 86 33 43 32 13 43 
43 37 24 41 42 28 45 55 17 55 33 12 43 37 43 46 31 50 55 31 59 29 19 28 37 39 24 43 50 22 52 25 11 25 29 16 33 34 32 41 7 19 42 27 45 54 18 55 32 12 29 47 55 23 57 31 14 32 41 12 42 22 1 58 26 60 33 17 26 68 46 25 33 65 21 43 26 13 
58 54 36 60 60 48 62 74 29 72 55 33 54 40 58 59 45 62 71 32 72 48 29 33 54 54 41 57 67 25 67 46 25 36 38 23 41 49 18 50 26 7 59 47 62 73 28 71 53 32 46 62 73 30 72 52 31 49 61 15 59 44 22 76 33 75 54 33 42 85 67 46 43 21 27 62 43 32 
18 12 30 4 9 14 11 12 35 17 16 30 28 43 20 26 24 27 20 46 31 14 36 41 15 19 22 20 11 44 22 17 37 32 36 42 35 20 64 32 36 57 11 15 13 11 36 18 15 31 17 18 14 39 23 12 31 16 1 47 12 28 43 17 38 26 9 29 23 26 12 17 32 43 62 67 21 43 
16 11 9 18 17 11 19 32 14 29 24 16 18 24 17 20 6 24 29 24 32 8 14 19 11 12 2 16 24 22 25 14 17 11 15 20 16 8 42 18 19 36 16 9 19 31 15 28 21 15 5 20 30 17 30 17 12 6 20 27 15 25 28 32 16 33 16 9 1 42 31 12 13 26 43 21 86 33 
49 41 34 42 45 30 48 54 28 58 29 17 51 49 50 54 39 57 59 44 65 32 31 40 42 46 31 49 52 36 58 25 22 36 41 29 44 41 45 50 18 32 45 30 49 54 30 58 28 18 33 52 56 35 61 30 23 37 41 26 46 15 12 60 38 65 33 26 34 69 42 26 43 13 32 43 33 43 
