21 7
64 22 10 15 10 22 26 21 41 21 32 17 41 22 12 30 11 28 32 32 24 
22 52 20 20 16 40 32 40 52 38 55 21 41 21 32 42 30 50 41 51 46 
10 20 43 23 4 19 36 32 52 32 40 26 50 29 22 41 21 32 42 42 29 
15 20 23 82 21 38 13 22 32 19 40 2 26 6 18 21 15 39 21 32 34 
10 16 4 21 43 24 33 32 50 32 42 23 47 26 23 40 21 36 41 43 32 
22 40 19 38 24 65 47 35 58 37 32 40 63 44 26 49 28 21 52 41 21 
26 32 36 13 33 47 45 20 20 16 40 10 15 10 22 11 19 42 9 28 37 
21 40 32 22 32 35 20 21 23 4 19 22 35 26 10 15 10 22 20 10 18 
41 52 52 32 50 58 20 23 31 21 38 30 22 31 32 10 31 45 10 22 41 
21 38 32 19 32 37 16 4 21 21 24 18 30 22 11 11 10 27 15 13 22 
32 55 40 40 42 32 40 19 38 24 45 40 54 45 22 33 25 10 38 15 10 
17 21 26 2 23 40 10 22 30 18 40 41 23 4 19 20 16 40 19 32 35 
41 41 50 26 47 63 15 35 22 30 54 23 40 21 38 20 35 57 16 40 53 
22 21 29 6 26 44 10 26 31 22 45 4 21 32 24 21 20 44 20 36 40 
12 32 22 18 23 26 22 10 32 11 22 19 38 24 80 22 3 20 25 20 16 
30 42 41 21 40 49 11 15 10 11 33 20 20 21 22 47 21 38 4 19 34 
11 30 21 15 21 28 19 10 31 10 25 16 35 20 3 21 9 24 23 21 19 
28 50 32 39 36 21 42 22 45 27 10 40 57 44 20 38 24 38 42 23 4 
32 41 42 21 41 52 9 20 10 15 38 19 16 20 25 4 23 42 42 24 38 
32 51 42 32 43 41 28 10 22 13 15 32 40 36 20 19 21 23 24 77 21 
24 46 29 34 32 21 37 18 41 22 10 35 53 40 16 34 19 4 38 21 48 
