78 13
873 1728 1728 5184 576 4608 4032 1152 1152 5184 5760 3456 1944 1944 5832 648 5184 4536 1296 1296 5832 6480 3888 648 1944 216 1728 1512 432 432 1944 2160 1296 1944 216 1728 1512 432 432 1944 2160 1296 648 5184 4536 1296 1296 5832 6480 3888 576 504 144 144 648 720 432 4032 1152 1152 5184 5760 3456 1008 1008 4536 5040 3024 288 1296 1440 864 1296 1440 864 6480 3888 4320 
1728 4964 576 1728 192 1536 1344 384 384 1728 1920 1152 648 648 1944 216 1728 1512 432 432 1944 2160 1296 216 648 72 576 504 144 144 648 720 432 648 72 576 504 144 144 648 720 432 216 1728 1512 432 432 1944 2160 1296 192 168 48 48 216 240 144 1344 384 384 1728 1920 1152 336 336 1512 1680 1008 96 432 480 288 432 480 288 2160 1296 1440 
1728 576 765 1728 192 1536 1344 384 384 1728 1920 1152 648 648 1944 216 1728 1512 432 432 1944 2160 1296 216 648 72 576 504 144 144 648 720 432 648 72 576 504 144 144 648 720 432 216 1728 1512 432 432 1944 2160 1296 192 168 48 48 216 240 144 1344 384 384 1728 1920 1152 336 336 1512 1680 1008 96 432 480 288 432 480 288 2160 1296 1440 
5184 1728 1728 6051 576 4608 4032 1152 1152 5184 5760 3456 1944 1944 5832 648 5184 4536 1296 1296 5832 6480 3888 648 1944 216 1728 1512 432 432 1944 2160 1296 1944 216 1728 1512 432 432 1944 2160 1296 648 5184 4536 1296 1296 5832 6480 3888 576 504 144 144 648 720 432 4032 1152 1152 5184 5760 3456 1008 1008 4536 5040 3024 288 1296 1440 864 1296 1440 864 6480 3888 4320 
576 192 192 576 990 512 448 128 128 576 640 384 216 216 648 72 576 504 144 144 648 720 432 72 216 24 192 168 48 48 216 240 144 216 24 192 168 48 48 216 240 144 72 576 504 144 144 648 720 432 64 56 16 16 72 80 48 448 128 128 576 640 384 112 112 504 560 336 32 144 160 96 144 160 96 720 432 480 
4608 1536 1536 4608 512 1252 3584 1024 1024 4608 5120 3072 1728 1728 5184 576 4608 4032 1152 1152 5184 5760 3456 576 1728 192 1536 1344 384 384 1728 1920 1152 1728 192 1536 1344 384 384 1728 1920 1152 576 4608 4032 1152 1152 5184 5760 3456 512 448 128 128 576 640 384 3584 1024 1024 4608 5120 3072 896 896 4032 4480 2688 256 1152 1280 768 1152 1280 768 5760 3456 3840 
4032 1344 1344 4032 448 3584 3487 896 896 4032 4480 2688 1512 1512 4536 504 4032 3528 1008 1008 4536 5040 3024 504 1512 168 1344 1176 336 336 1512 1680 1008 1512 168 1344 1176 336 336 1512 1680 1008 504 4032 3528 1008 1008 4536 5040 3024 448 392 112 112 504 560 336 3136 896 896 4032 4480 2688 784 784 3528 3920 2352 224 1008 1120 672 1008 1120 672 5040 3024 3360 
1152 384 384 1152 128 1024 896 2106 256 1152 1280 768 432 432 1296 144 1152 1008 288 288 1296 1440 864 144 432 48 384 336 96 96 432 480 288 432 48 384 336 96 96 432 480 288 144 1152 1008 288 288 1296 1440 864 128 112 32 32 144 160 96 896 256 256 1152 1280 768 224 224 1008 1120 672 64 288 320 192 288 320 192 1440 864 960 
1152 384 384 1152 128 1024 896 256 294 1152 1280 768 432 432 1296 144 1152 1008 288 288 1296 1440 864 144 432 48 384 336 96 96 432 480 288 432 48 384 336 96 96 432 480 288 144 1152 1008 288 288 1296 1440 864 128 112 32 32 144 160 96 896 256 256 1152 1280 768 224 224 1008 1120 672 64 288 320 192 288 320 192 1440 864 960 
5184 1728 1728 5184 576 4608 4032 1152 1152 4568 5760 3456 1944 1944 5832 648 5184 4536 1296 1296 5832 6480 3888 648 1944 216 1728 1512 432 432 1944 2160 1296 1944 216 1728 1512 432 432 1944 2160 1296 648 5184 4536 1296 1296 5832 6480 3888 576 504 144 144 648 720 432 4032 1152 1152 5184 5760 3456 1008 1008 4536 5040 3024 288 1296 1440 864 1296 1440 864 6480 3888 4320 
5760 1920 1920 5760 640 5120 4480 1280 1280 5760 9308 3840 2160 2160 6480 720 5760 5040 1440 1440 6480 7200 4320 720 2160 240 1920 1680 480 480 2160 2400 1440 2160 240 1920 1680 480 480 2160 2400 1440 720 5760 5040 1440 1440 6480 7200 4320 640 560 160 160 720 800 480 4480 1280 1280 5760 6400 3840 1120 1120 5040 5600 3360 320 1440 1600 960 1440 1600 960 7200 4320 4800 
3456 1152 1152 3456 384 3072 2688 768 768 3456 3840 387 1296 1296 3888 432 3456 3024 864 864 3888 4320 2592 432 1296 144 1152 1008 288 288 1296 1440 864 1296 144 1152 1008 288 288 1296 1440 864 432 3456 3024 864 864 3888 4320 2592 384 336 96 96 432 480 288 2688 768 768 3456 3840 2304 672 672 3024 3360 2016 192 864 960 576 864 960 576 4320 2592 2880 
1944 648 648 1944 216 1728 1512 432 432 1944 2160 1296 7079 729 2187 243 1944 1701 486 486 2187 2430 1458 243 729 81 648 567 162 162 729 810 486 729 81 648 567 162 162 729 810 486 243 1944 1701 486 486 2187 2430 1458 216 189 54 54 243 270 162 1512 432 432 1944 2160 1296 378 378 1701 1890 1134 108 486 540 324 486 540 324 2430 1458 1620 
1944 648 648 1944 216 1728 1512 432 432 1944 2160 1296 729 8895 2187 243 1944 1701 486 486 2187 2430 1458 243 729 81 648 567 162 162 729 810 486 729 81 648 567 162 162 729 810 486 243 1944 1701 486 486 2187 2430 1458 216 189 54 54 243 270 162 1512 432 432 1944 2160 1296 378 378 1701 1890 1134 108 486 540 324 486 540 324 2430 1458 1620 
5832 1944 1944 5832 648 5184 4536 1296 1296 5832 6480 3888 2187 2187 1883 729 5832 5103 1458 1458 6561 7290 4374 729 2187 243 1944 1701 486 486 2187 2430 1458 2187 243 1944 1701 486 486 2187 2430 1458 729 5832 5103 1458 1458 6561 7290 4374 648 567 162 162 729 810 486 4536 1296 1296 5832 6480 3888 1134 1134 5103 5670 3402 324 1458 1620 972 1458 1620 972 7290 4374 4860 
648 216 216 648 72 576 504 144 144 648 720 432 243 243 729 5325 648 567 162 162 729 810 486 81 243 27 216 189 54 54 243 270 162 243 27 216 189 54 54 243 270 162 81 648 567 162 162 729 810 486 72 63 18 18 81 90 54 504 144 144 648 720 432 126 126 567 630 378 36 162 180 108 162 180 108 810 486 540 
5184 1728 1728 5184 576 4608 4032 1152 1152 5184 5760 3456 1944 1944 5832 648 4872 4536 1296 1296 5832 6480 3888 648 1944 216 1728 1512 432 432 1944 2160 1296 1944 216 1728 1512 432 432 1944 2160 1296 648 5184 4536 1296 1296 5832 6480 3888 576 504 144 144 648 720 432 4032 1152 1152 5184 5760 3456 1008 1008 4536 5040 3024 288 1296 1440 864 1296 1440 864 6480 3888 4320 
4536 1512 1512 4536 504 4032 3528 1008 1008 4536 5040 3024 1701 1701 5103 567 4536 211 1134 1134 5103 5670 3402 567 1701 189 1512 1323 378 378 1701 1890 1134 1701 189 1512 1323 378 378 1701 1890 1134 567 4536 3969 1134 1134 5103 5670 3402 504 441 126 126 567 630 378 3528 1008 1008 4536 5040 3024 882 882 3969 4410 2646 252 1134 1260 756 1134 1260 756 5670 3402 3780 
1296 432 432 1296 144 1152 1008 288 288 1296 1440 864 486 486 1458 162 1296 1134 157 324 1458 1620 972 162 486 54 432 378 108 108 486 540 324 486 54 432 378 108 108 486 540 324 162 1296 1134 324 324 1458 1620 972 144 126 36 36 162 180 108 1008 288 288 1296 1440 864 252 252 1134 1260 756 72 324 360 216 324 360 216 1620 972 1080 
1296 432 432 1296 144 1152 1008 288 288 1296 1440 864 486 486 1458 162 1296 1134 324 1715 1458 1620 972 162 486 54 432 378 108 108 486 540 324 486 54 432 378 108 108 486 540 324 162 1296 1134 324 324 1458 1620 972 144 126 36 36 162 180 108 1008 288 288 1296 1440 864 252 252 1134 1260 756 72 324 360 216 324 360 216 1620 972 1080 
5832 1944 1944 5832 648 5184 4536 1296 1296 5832 6480 3888 2187 2187 6561 729 5832 5103 1458 1458 2022 7290 4374 729 2187 243 1944 1701 486 486 2187 2430 1458 2187 243 1944 1701 486 486 2187 2430 1458 729 5832 5103 1458 1458 6561 7290 4374 648 567 162 162 729 810 486 4536 1296 1296 5832 6480 3888 1134 1134 5103 5670 3402 324 1458 1620 972 1458 1620 972 7290 4374 4860 
6480 2160 2160 6480 720 5760 5040 1440 1440 6480 7200 4320 2430 2430 7290 810 6480 5670 1620 1620 7290 2269 4860 810 2430 270 2160 1890 540 540 2430 2700 1620 2430 270 2160 1890 540 540 2430 2700 1620 810 6480 5670 1620 1620 7290 8100 4860 720 630 180 180 810 900 540 5040 1440 1440 6480 7200 4320 1260 1260 5670 6300 3780 360 1620 1800 1080 1620 1800 1080 8100 4860 5400 
3888 1296 1296 3888 432 3456 3024 864 864 3888 4320 2592 1458 1458 4374 486 3888 3402 972 972 4374 4860 3922 486 1458 162 1296 1134 324 324 1458 1620 972 1458 162 1296 1134 324 324 1458 1620 972 486 3888 3402 972 972 4374 4860 2916 432 378 108 108 486 540 324 3024 864 864 3888 4320 2592 756 756 3402 3780 2268 216 972 1080 648 972 1080 648 4860 2916 3240 
648 216 216 648 72 576 504 144 144 648 720 432 243 243 729 81 648 567 162 162 729 810 486 5362 243 27 216 189 54 54 243 270 162 243 27 216 189 54 54 243 270 162 81 648 567 162 162 729 810 486 72 63 18 18 81 90 54 504 144 144 648 720 432 126 126 567 630 378 36 162 180 108 162 180 108 810 486 540 
1944 648 648 1944 216 1728 1512 432 432 1944 2160 1296 729 729 2187 243 1944 1701 486 486 2187 2430 1458 243 8550 81 648 567 162 162 729 810 486 729 81 648 567 162 162 729 810 486 243 1944 1701 486 486 2187 2430 1458 216 189 54 54 243 270 162 1512 432 432 1944 2160 1296 378 378 1701 1890 1134 108 486 540 324 486 540 324 2430 1458 1620 
216 72 72 216 24 192 168 48 48 216 240 144 81 81 243 27 216 189 54 54 243 270 162 27 81 8446 72 63 18 18 81 90 54 81 9 72 63 18 18 81 90 54 27 216 189 54 54 243 270 162 24 21 6 6 27 30 18 168 48 48 216 240 144 42 42 189 210 126 12 54 60 36 54 60 36 270 162 180 
1728 576 576 1728 192 1536 1344 384 384 1728 1920 1152 648 648 1944 216 1728 1512 432 432 1944 2160 1296 216 648 72 7423 504 144 144 648 720 432 648 72 576 504 144 144 648 720 432 216 1728 1512 432 432 1944 2160 1296 192 168 48 48 216 240 144 1344 384 384 1728 1920 1152 336 336 1512 1680 1008 96 432 480 288 432 480 288 2160 1296 1440 
1512 504 504 1512 168 1344 1176 336 336 1512 1680 1008 567 567 1701 189 1512 1323 378 378 1701 1890 1134 189 567 63 504 5297 126 126 567 630 378 567 63 504 441 126 126 567 630 378 189 1512 1323 378 378 1701 1890 1134 168 147 42 42 189 210 126 1176 336 336 1512 1680 1008 294 294 1323 1470 882 84 378 420 252 378 420 252 1890 1134 1260 
432 144 144 432 48 384 336 96 96 432 480 288 162 162 486 54 432 378 108 108 486 540 324 54 162 18 144 126 6155 36 162 180 108 162 18 144 126 36 36 162 180 108 54 432 378 108 108 486 540 324 48 42 12 12 54 60 36 336 96 96 432 480 288 84 84 378 420 252 24 108 120 72 108 120 72 540 324 360 
432 144 144 432 48 384 336 96 96 432 480 288 162 162 486 54 432 378 108 108 486 540 324 54 162 18 144 126 36 3675 162 180 108 162 18 144 126 36 36 162 180 108 54 432 378 108 108 486 540 324 48 42 12 12 54 60 36 336 96 96 432 480 288 84 84 378 420 252 24 108 120 72 108 120 72 540 324 360 
1944 648 648 1944 216 1728 1512 432 432 1944 2160 1296 729 729 2187 243 1944 1701 486 486 2187 2430 1458 243 729 81 648 567 162 162 4910 810 486 729 81 648 567 162 162 729 810 486 243 1944 1701 486 486 2187 2430 1458 216 189 54 54 243 270 162 1512 432 432 1944 2160 1296 378 378 1701 1890 1134 108 486 540 324 486 540 324 2430 1458 1620 
2160 720 720 2160 240 1920 1680 480 480 2160 2400 1440 810 810 2430 270 2160 1890 540 540 2430 2700 1620 270 810 90 720 630 180 180 810 748 540 810 90 720 630 180 180 810 900 540 270 2160 1890 540 540 2430 2700 1620 240 210 60 60 270 300 180 1680 480 480 2160 2400 1440 420 420 1890 2100 1260 120 540 600 360 540 600 360 2700 1620 1800 
1296 432 432 1296 144 1152 1008 288 288 1296 1440 864 486 486 1458 162 1296 1134 324 324 1458 1620 972 162 486 54 432 378 108 108 486 540 9450 486 54 432 378 108 108 486 540 324 162 1296 1134 324 324 1458 1620 972 144 126 36 36 162 180 108 1008 288 288 1296 1440 864 252 252 1134 1260 756 72 324 360 216 324 360 216 1620 972 1080 
1944 648 648 1944 216 1728 1512 432 432 1944 2160 1296 729 729 2187 243 1944 1701 486 486 2187 2430 1458 243 729 81 648 567 162 162 729 810 486 2072 81 648 567 162 162 729 810 486 243 1944 1701 486 486 2187 2430 1458 216 189 54 54 243 270 162 1512 432 432 1944 2160 1296 378 378 1701 1890 1134 108 486 540 324 486 540 324 2430 1458 1620 
216 72 72 216 24 192 168 48 48 216 240 144 81 81 243 27 216 189 54 54 243 270 162 27 81 9 72 63 18 18 81 90 54 81 7815 72 63 18 18 81 90 54 27 216 189 54 54 243 270 162 24 21 6 6 27 30 18 168 48 48 216 240 144 42 42 189 210 126 12 54 60 36 54 60 36 270 162 180 
1728 576 576 1728 192 1536 1344 384 384 1728 1920 1152 648 648 1944 216 1728 1512 432 432 1944 2160 1296 216 648 72 576 504 144 144 648 720 432 648 72 1858 504 144 144 648 720 432 216 1728 1512 432 432 1944 2160 1296 192 168 48 48 216 240 144 1344 384 384 1728 1920 1152 336 336 1512 1680 1008 96 432 480 288 432 480 288 2160 1296 1440 
1512 504 504 1512 168 1344 1176 336 336 1512 1680 1008 567 567 1701 189 1512 1323 378 378 1701 1890 1134 189 567 63 504 441 126 126 567 630 378 567 63 504 1997 126 126 567 630 378 189 1512 1323 378 378 1701 1890 1134 168 147 42 42 189 210 126 1176 336 336 1512 1680 1008 294 294 1323 1470 882 84 378 420 252 378 420 252 1890 1134 1260 
432 144 144 432 48 384 336 96 96 432 480 288 162 162 486 54 432 378 108 108 486 540 324 54 162 18 144 126 36 36 162 180 108 162 18 144 126 7209 36 162 180 108 54 432 378 108 108 486 540 324 48 42 12 12 54 60 36 336 96 96 432 480 288 84 84 378 420 252 24 108 120 72 108 120 72 540 324 360 
432 144 144 432 48 384 336 96 96 432 480 288 162 162 486 54 432 378 108 108 486 540 324 54 162 18 144 126 36 36 162 180 108 162 18 144 126 36 2702 162 180 108 54 432 378 108 108 486 540 324 48 42 12 12 54 60 36 336 96 96 432 480 288 84 84 378 420 252 24 108 120 72 108 120 72 540 324 360 
1944 648 648 1944 216 1728 1512 432 432 1944 2160 1296 729 729 2187 243 1944 1701 486 486 2187 2430 1458 243 729 81 648 567 162 162 729 810 486 729 81 648 567 162 162 705 810 486 243 1944 1701 486 486 2187 2430 1458 216 189 54 54 243 270 162 1512 432 432 1944 2160 1296 378 378 1701 1890 1134 108 486 540 324 486 540 324 2430 1458 1620 
2160 720 720 2160 240 1920 1680 480 480 2160 2400 1440 810 810 2430 270 2160 1890 540 540 2430 2700 1620 270 810 90 720 630 180 180 810 900 540 810 90 720 630 180 180 810 2181 540 270 2160 1890 540 540 2430 2700 1620 240 210 60 60 270 300 180 1680 480 480 2160 2400 1440 420 420 1890 2100 1260 120 540 600 360 540 600 360 2700 1620 1800 
1296 432 432 1296 144 1152 1008 288 288 1296 1440 864 486 486 1458 162 1296 1134 324 324 1458 1620 972 162 486 54 432 378 108 108 486 540 324 486 54 432 378 108 108 486 540 2149 162 1296 1134 324 324 1458 1620 972 144 126 36 36 162 180 108 1008 288 288 1296 1440 864 252 252 1134 1260 756 72 324 360 216 324 360 216 1620 972 1080 
648 216 216 648 72 576 504 144 144 648 720 432 243 243 729 81 648 567 162 162 729 810 486 81 243 27 216 189 54 54 243 270 162 243 27 216 189 54 54 243 270 162 3965 648 567 162 162 729 810 486 72 63 18 18 81 90 54 504 144 144 648 720 432 126 126 567 630 378 36 162 180 108 162 180 108 810 486 540 
5184 1728 1728 5184 576 4608 4032 1152 1152 5184 5760 3456 1944 1944 5832 648 5184 4536 1296 1296 5832 6480 3888 648 1944 216 1728 1512 432 432 1944 2160 1296 1944 216 1728 1512 432 432 1944 2160 1296 648 989 4536 1296 1296 5832 6480 3888 576 504 144 144 648 720 432 4032 1152 1152 5184 5760 3456 1008 1008 4536 5040 3024 288 1296 1440 864 1296 1440 864 6480 3888 4320 
4536 1512 1512 4536 504 4032 3528 1008 1008 4536 5040 3024 1701 1701 5103 567 4536 3969 1134 1134 5103 5670 3402 567 1701 189 1512 1323 378 378 1701 1890 1134 1701 189 1512 1323 378 378 1701 1890 1134 567 4536 8931 1134 1134 5103 5670 3402 504 441 126 126 567 630 378 3528 1008 1008 4536 5040 3024 882 882 3969 4410 2646 252 1134 1260 756 1134 1260 756 5670 3402 3780 
1296 432 432 1296 144 1152 1008 288 288 1296 1440 864 486 486 1458 162 1296 1134 324 324 1458 1620 972 162 486 54 432 378 108 108 486 540 324 486 54 432 378 108 108 486 540 324 162 1296 1134 7916 324 1458 1620 972 144 126 36 36 162 180 108 1008 288 288 1296 1440 864 252 252 1134 1260 756 72 324 360 216 324 360 216 1620 972 1080 
1296 432 432 1296 144 1152 1008 288 288 1296 1440 864 486 486 1458 162 1296 1134 324 324 1458 1620 972 162 486 54 432 378 108 108 486 540 324 486 54 432 378 108 108 486 540 324 162 1296 1134 324 5955 1458 1620 972 144 126 36 36 162 180 108 1008 288 288 1296 1440 864 252 252 1134 1260 756 72 324 360 216 324 360 216 1620 972 1080 
5832 1944 1944 5832 648 5184 4536 1296 1296 5832 6480 3888 2187 2187 6561 729 5832 5103 1458 1458 6561 7290 4374 729 2187 243 1944 1701 486 486 2187 2430 1458 2187 243 1944 1701 486 486 2187 2430 1458 729 5832 5103 1458 1458 9752 7290 4374 648 567 162 162 729 810 486 4536 1296 1296 5832 6480 3888 1134 1134 5103 5670 3402 324 1458 1620 972 1458 1620 972 7290 4374 4860 
6480 2160 2160 6480 720 5760 5040 1440 1440 6480 7200 4320 2430 2430 7290 810 6480 5670 1620 1620 7290 8100 4860 810 2430 270 2160 1890 540 540 2430 2700 1620 2430 270 2160 1890 540 540 2430 2700 1620 810 6480 5670 1620 1620 7290 3385 4860 720 630 180 180 810 900 540 5040 1440 1440 6480 7200 4320 1260 1260 5670 6300 3780 360 1620 1800 1080 1620 1800 1080 8100 4860 5400 
3888 1296 1296 3888 432 3456 3024 864 864 3888 4320 2592 1458 1458 4374 486 3888 3402 972 972 4374 4860 2916 486 1458 162 1296 1134 324 324 1458 1620 972 1458 162 1296 1134 324 324 1458 1620 972 486 3888 3402 972 972 4374 4860 6426 432 378 108 108 486 540 324 3024 864 864 3888 4320 2592 756 756 3402 3780 2268 216 972 1080 648 972 1080 648 4860 2916 3240 
576 192 192 576 64 512 448 128 128 576 640 384 216 216 648 72 576 504 144 144 648 720 432 72 216 24 192 168 48 48 216 240 144 216 24 192 168 48 48 216 240 144 72 576 504 144 144 648 720 432 7613 56 16 16 72 80 48 448 128 128 576 640 384 112 112 504 560 336 32 144 160 96 144 160 96 720 432 480 
504 168 168 504 56 448 392 112 112 504 560 336 189 189 567 63 504 441 126 126 567 630 378 63 189 21 168 147 42 42 189 210 126 189 21 168 147 42 42 189 210 126 63 504 441 126 126 567 630 378 56 4815 14 14 63 70 42 392 112 112 504 560 336 98 98 441 490 294 28 126 140 84 126 140 84 630 378 420 
144 48 48 144 16 128 112 32 32 144 160 96 54 54 162 18 144 126 36 36 162 180 108 18 54 6 48 42 12 12 54 60 36 54 6 48 42 12 12 54 60 36 18 144 126 36 36 162 180 108 16 14 3468 4 18 20 12 112 32 32 144 160 96 28 28 126 140 84 8 36 40 24 36 40 24 180 108 120 
144 48 48 144 16 128 112 32 32 144 160 96 54 54 162 18 144 126 36 36 162 180 108 18 54 6 48 42 12 12 54 60 36 54 6 48 42 12 12 54 60 36 18 144 126 36 36 162 180 108 16 14 4 8252 18 20 12 112 32 32 144 160 96 28 28 126 140 84 8 36 40 24 36 40 24 180 108 120 
648 216 216 648 72 576 504 144 144 648 720 432 243 243 729 81 648 567 162 162 729 810 486 81 243 27 216 189 54 54 243 270 162 243 27 216 189 54 54 243 270 162 81 648 567 162 162 729 810 486 72 63 18 18 5636 90 54 504 144 144 648 720 432 126 126 567 630 378 36 162 180 108 162 180 108 810 486 540 
720 240 240 720 80 640 560 160 160 720 800 480 270 270 810 90 720 630 180 180 810 900 540 90 270 30 240 210 60 60 270 300 180 270 30 240 210 60 60 270 300 180 90 720 630 180 180 810 900 540 80 70 20 20 90 4273 60 560 160 160 720 800 480 140 140 630 700 420 40 180 200 120 180 200 120 900 540 600 
432 144 144 432 48 384 336 96 96 432 480 288 162 162 486 54 432 378 108 108 486 540 324 54 162 18 144 126 36 36 162 180 108 162 18 144 126 36 36 162 180 108 54 432 378 108 108 486 540 324 48 42 12 12 54 60 1612 336 96 96 432 480 288 84 84 378 420 252 24 108 120 72 108 120 72 540 324 360 
4032 1344 1344 4032 448 3584 3136 896 896 4032 4480 2688 1512 1512 4536 504 4032 3528 1008 1008 4536 5040 3024 504 1512 168 1344 1176 336 336 1512 1680 1008 1512 168 1344 1176 336 336 1512 1680 1008 504 4032 3528 1008 1008 4536 5040 3024 448 392 112 112 504 560 336 3395 896 896 4032 4480 2688 784 784 3528 3920 2352 224 1008 1120 672 1008 1120 672 5040 3024 3360 
1152 384 384 1152 128 1024 896 256 256 1152 1280 768 432 432 1296 144 1152 1008 288 288 1296 1440 864 144 432 48 384 336 96 96 432 480 288 432 48 384 336 96 96 432 480 288 144 1152 1008 288 288 1296 1440 864 128 112 32 32 144 160 96 896 55 256 1152 1280 768 224 224 1008 1120 672 64 288 320 192 288 320 192 1440 864 960 
1152 384 384 1152 128 1024 896 256 256 1152 1280 768 432 432 1296 144 1152 1008 288 288 1296 1440 864 144 432 48 384 336 96 96 432 480 288 432 48 384 336 96 96 432 480 288 144 1152 1008 288 288 1296 1440 864 128 112 32 32 144 160 96 896 256 3430 1152 1280 768 224 224 1008 1120 672 64 288 320 192 288 320 192 1440 864 960 
5184 1728 1728 5184 576 4608 4032 1152 1152 5184 5760 3456 1944 1944 5832 648 5184 4536 1296 1296 5832 6480 3888 648 1944 216 1728 1512 432 432 1944 2160 1296 1944 216 1728 1512 432 432 1944 2160 1296 648 5184 4536 1296 1296 5832 6480 3888 576 504 144 144 648 720 432 4032 1152 1152 9976 5760 3456 1008 1008 4536 5040 3024 288 1296 1440 864 1296 1440 864 6480 3888 4320 
5760 1920 1920 5760 640 5120 4480 1280 1280 5760 6400 3840 2160 2160 6480 720 5760 5040 1440 1440 6480 7200 4320 720 2160 240 1920 1680 480 480 2160 2400 1440 2160 240 1920 1680 480 480 2160 2400 1440 720 5760 5040 1440 1440 6480 7200 4320 640 560 160 160 720 800 480 4480 1280 1280 5760 5431 3840 1120 1120 5040 5600 3360 320 1440 1600 960 1440 1600 960 7200 4320 4800 
3456 1152 1152 3456 384 3072 2688 768 768 3456 3840 2304 1296 1296 3888 432 3456 3024 864 864 3888 4320 2592 432 1296 144 1152 1008 288 288 1296 1440 864 1296 144 1152 1008 288 288 1296 1440 864 432 3456 3024 864 864 3888 4320 2592 384 336 96 96 432 480 288 2688 768 768 3456 3840 7626 672 672 3024 3360 2016 192 864 960 576 864 960 576 4320 2592 2880 
1008 336 336 1008 112 896 784 224 224 1008 1120 672 378 378 1134 126 1008 882 252 252 1134 1260 756 126 378 42 336 294 84 84 378 420 252 378 42 336 294 84 84 378 420 252 126 1008 882 252 252 1134 1260 756 112 98 28 28 126 140 84 784 224 224 1008 1120 672 845 196 882 980 588 56 252 280 168 252 280 168 1260 756 840 
1008 336 336 1008 112 896 784 224 224 1008 1120 672 378 378 1134 126 1008 882 252 252 1134 1260 756 126 378 42 336 294 84 84 378 420 252 378 42 336 294 84 84 378 420 252 126 1008 882 252 252 1134 1260 756 112 98 28 28 126 140 84 784 224 224 1008 1120 672 196 7228 882 980 588 56 252 280 168 252 280 168 1260 756 840 
4536 1512 1512 4536 504 4032 3528 1008 1008 4536 5040 3024 1701 1701 5103 567 4536 3969 1134 1134 5103 5670 3402 567 1701 189 1512 1323 378 378 1701 1890 1134 1701 189 1512 1323 378 378 1701 1890 1134 567 4536 3969 1134 1134 5103 5670 3402 504 441 126 126 567 630 378 3528 1008 1008 4536 5040 3024 882 882 3373 4410 2646 252 1134 1260 756 1134 1260 756 5670 3402 3780 
5040 1680 1680 5040 560 4480 3920 1120 1120 5040 5600 3360 1890 1890 5670 630 5040 4410 1260 1260 5670 6300 3780 630 1890 210 1680 1470 420 420 1890 2100 1260 1890 210 1680 1470 420 420 1890 2100 1260 630 5040 4410 1260 1260 5670 6300 3780 560 490 140 140 630 700 420 3920 1120 1120 5040 5600 3360 980 980 4410 7983 2940 280 1260 1400 840 1260 1400 840 6300 3780 4200 
3024 1008 1008 3024 336 2688 2352 672 672 3024 3360 2016 1134 1134 3402 378 3024 2646 756 756 3402 3780 2268 378 1134 126 1008 882 252 252 1134 1260 756 1134 126 1008 882 252 252 1134 1260 756 378 3024 2646 756 756 3402 3780 2268 336 294 84 84 378 420 252 2352 672 672 3024 3360 2016 588 588 2646 2940 2918 168 756 840 504 756 840 504 3780 2268 2520 
288 96 96 288 32 256 224 64 64 288 320 192 108 108 324 36 288 252 72 72 324 360 216 36 108 12 96 84 24 24 108 120 72 108 12 96 84 24 24 108 120 72 36 288 252 72 72 324 360 216 32 28 8 8 36 40 24 224 64 64 288 320 192 56 56 252 280 168 2972 72 80 48 72 80 48 360 216 240 
1296 432 432 1296 144 1152 1008 288 288 1296 1440 864 486 486 1458 162 1296 1134 324 324 1458 1620 972 162 486 54 432 378 108 108 486 540 324 486 54 432 378 108 108 486 540 324 162 1296 1134 324 324 1458 1620 972 144 126 36 36 162 180 108 1008 288 288 1296 1440 864 252 252 1134 1260 756 72 540 360 216 324 360 216 1620 972 1080 
1440 480 480 1440 160 1280 1120 320 320 1440 1600 960 540 540 1620 180 1440 1260 360 360 1620 1800 1080 180 540 60 480 420 120 120 540 600 360 540 60 480 420 120 120 540 600 360 180 1440 1260 360 360 1620 1800 1080 160 140 40 40 180 200 120 1120 320 320 1440 1600 960 280 280 1260 1400 840 80 360 6885 240 360 400 240 1800 1080 1200 
864 288 288 864 96 768 672 192 192 864 960 576 324 324 972 108 864 756 216 216 972 1080 648 108 324 36 288 252 72 72 324 360 216 324 36 288 252 72 72 324 360 216 108 864 756 216 216 972 1080 648 96 84 24 24 108 120 72 672 192 192 864 960 576 168 168 756 840 504 48 216 240 9297 216 240 144 1080 648 720 
1296 432 432 1296 144 1152 1008 288 288 1296 1440 864 486 486 1458 162 1296 1134 324 324 1458 1620 972 162 486 54 432 378 108 108 486 540 324 486 54 432 378 108 108 486 540 324 162 1296 1134 324 324 1458 1620 972 144 126 36 36 162 180 108 1008 288 288 1296 1440 864 252 252 1134 1260 756 72 324 360 216 4933 360 216 1620 972 1080 
1440 480 480 1440 160 1280 1120 320 320 1440 1600 960 540 540 1620 180 1440 1260 360 360 1620 1800 1080 180 540 60 480 420 120 120 540 600 360 540 60 480 420 120 120 540 600 360 180 1440 1260 360 360 1620 1800 1080 160 140 40 40 180 200 120 1120 320 320 1440 1600 960 280 280 1260 1400 840 80 360 400 240 360 748 240 1800 1080 1200 
864 288 288 864 96 768 672 192 192 864 960 576 324 324 972 108 864 756 216 216 972 1080 648 108 324 36 288 252 72 72 324 360 216 324 36 288 252 72 72 324 360 216 108 864 756 216 216 972 1080 648 96 84 24 24 108 120 72 672 192 192 864 960 576 168 168 756 840 504 48 216 240 144 216 240 8734 1080 648 720 
6480 2160 2160 6480 720 5760 5040 1440 1440 6480 7200 4320 2430 2430 7290 810 6480 5670 1620 1620 7290 8100 4860 810 2430 270 2160 1890 540 540 2430 2700 1620 2430 270 2160 1890 540 540 2430 2700 1620 810 6480 5670 1620 1620 7290 8100 4860 720 630 180 180 810 900 540 5040 1440 1440 6480 7200 4320 1260 1260 5670 6300 3780 360 1620 1800 1080 1620 1800 1080 4519 4860 5400 
3888 1296 1296 3888 432 3456 3024 864 864 3888 4320 2592 1458 1458 4374 486 3888 3402 972 972 4374 4860 2916 486 1458 162 1296 1134 324 324 1458 1620 972 1458 162 1296 1134 324 324 1458 1620 972 486 3888 3402 972 972 4374 4860 2916 432 378 108 108 486 540 324 3024 864 864 3888 4320 2592 756 756 3402 3780 2268 216 972 1080 648 972 1080 648 4860 6050 3240 
4320 1440 1440 4320 480 3840 3360 960 960 4320 4800 2880 1620 1620 4860 540 4320 3780 1080 1080 4860 5400 3240 540 1620 180 1440 1260 360 360 1620 1800 1080 1620 180 1440 1260 360 360 1620 1800 1080 540 4320 3780 1080 1080 4860 5400 3240 480 420 120 120 540 600 360 3360 960 960 4320 4800 2880 840 840 3780 4200 2520 240 1080 1200 720 1080 1200 720 5400 3240 5152 
