66 12
48 16 4 20 2 19 6 4 18 11 1 15 13 13 17 9 11 3 5 1 4 12 11 4 8 15 6 7 9 6 17 17 19 4 3 3 13 1 5 13 16 7 7 7 10 14 10 6 1 18 16 15 18 20 13 13 4 7 19 3 18 1 3 0 7 11 
16 18 6 8 7 14 7 2 14 8 10 17 18 20 6 11 0 17 13 5 18 7 6 7 8 5 2 13 5 8 9 3 14 9 14 14 12 19 15 15 9 20 3 10 19 15 18 11 11 6 16 16 13 17 17 15 15 9 1 3 11 10 12 16 10 12 
4 6 79 4 0 6 19 11 11 8 12 18 8 10 18 16 17 10 6 12 3 12 19 0 19 12 18 0 4 6 8 2 8 17 4 8 0 14 0 0 15 0 12 9 17 0 7 1 9 9 13 9 12 17 1 20 2 20 16 17 20 12 2 19 12 19 
20 8 4 84 16 3 19 14 14 10 9 19 14 16 8 6 12 7 4 20 18 10 13 15 7 1 6 15 2 1 16 1 15 9 10 4 13 8 16 13 2 13 16 2 7 20 7 19 4 8 18 2 6 1 2 17 8 6 16 4 7 19 3 0 13 20 
2 7 0 16 73 6 17 5 11 9 11 6 16 9 0 0 11 19 1 4 18 2 18 1 18 9 13 16 11 11 3 5 14 14 0 18 5 8 20 5 3 7 3 2 17 2 1 11 6 8 16 4 10 13 15 19 3 2 0 11 20 4 18 16 16 12 
19 14 6 3 6 37 10 0 3 6 4 17 8 4 17 12 8 9 2 7 14 3 4 7 20 9 13 15 0 8 7 15 17 7 8 20 20 12 15 18 19 14 7 8 2 7 13 10 18 6 12 11 5 14 7 6 14 18 20 15 1 10 1 7 10 3 
6 7 19 19 17 10 77 4 7 4 5 9 11 17 6 9 1 3 0 8 16 8 15 8 15 0 0 10 17 17 17 4 5 16 1 16 12 13 0 3 15 16 11 9 4 6 18 8 13 2 2 0 14 2 17 20 6 14 11 11 7 3 0 7 10 11 
4 2 11 14 5 0 4 56 1 10 1 10 20 3 2 17 16 2 8 8 16 1 0 17 7 11 3 4 19 7 6 0 10 17 3 13 8 13 18 14 20 3 7 5 17 20 10 19 13 12 9 5 8 17 1 20 13 16 19 20 4 17 8 7 18 4 
18 14 11 14 11 3 7 1 79 6 10 2 18 8 20 18 13 18 3 18 3 20 17 20 15 20 1 8 19 10 1 18 10 3 0 10 20 4 19 4 0 12 13 8 8 1 2 12 8 1 19 1 10 2 7 19 11 12 10 4 19 16 1 15 4 4 
11 8 8 10 9 6 4 10 6 59 17 18 17 12 19 19 6 18 14 18 19 3 15 8 20 15 0 13 6 17 13 0 7 3 2 6 20 13 17 18 12 7 7 17 0 14 17 18 12 7 15 18 5 16 16 5 18 15 4 13 13 12 12 0 15 6 
1 10 12 9 11 4 5 1 10 17 97 18 16 7 4 19 9 5 19 8 2 14 8 20 12 0 7 11 13 9 16 2 5 7 9 7 11 19 5 14 6 4 15 5 6 12 17 10 11 14 12 13 10 19 5 12 13 12 1 0 11 0 15 17 20 13 
15 17 18 19 6 17 9 10 2 18 18 36 5 10 14 0 13 5 15 14 15 2 14 13 20 12 4 4 2 6 0 7 12 4 14 11 20 2 20 3 5 8 6 10 19 5 11 9 20 4 7 12 16 5 9 2 5 19 13 20 18 13 17 0 1 19 
13 18 8 14 16 8 11 20 18 17 16 5 58 1 16 6 17 17 14 10 16 19 14 5 10 19 0 1 18 5 8 20 3 0 7 12 11 4 5 12 5 20 4 3 2 7 2 5 20 10 6 1 12 4 17 17 5 11 12 2 3 8 13 4 17 14 
13 20 10 16 9 4 17 3 8 12 7 10 1 17 10 19 4 5 17 6 15 1 2 8 1 9 8 20 12 13 0 18 13 19 10 8 16 8 17 14 12 5 3 3 20 11 18 1 1 11 8 1 0 7 3 13 3 8 1 8 0 0 18 10 19 15 
17 6 18 8 0 17 6 2 20 19 4 14 16 10 100 12 18 10 15 9 9 5 0 1 7 6 2 13 10 4 3 20 10 20 2 16 8 3 18 10 9 14 15 5 20 17 2 16 7 19 18 15 11 18 19 10 14 5 4 14 0 13 10 14 0 20 
9 11 16 6 0 12 9 17 18 19 19 0 6 19 12 52 16 2 17 5 12 6 3 14 17 0 9 0 11 10 20 9 15 13 2 16 10 12 20 18 1 15 10 19 11 13 2 3 10 10 9 8 9 8 12 3 1 9 10 0 2 14 5 17 13 9 
11 0 17 12 11 8 1 16 13 6 9 13 17 4 18 16 69 3 4 14 5 1 9 0 19 7 15 7 13 20 14 13 10 11 11 3 7 4 14 18 4 11 18 14 14 13 3 15 9 11 18 15 16 14 17 17 20 5 7 19 9 18 8 12 7 11 
3 17 10 7 19 9 3 2 18 18 5 5 17 5 10 2 3 66 6 11 9 14 2 10 3 2 18 12 20 13 7 19 19 3 1 6 8 6 3 8 2 18 17 16 14 4 4 20 15 18 20 10 13 12 11 18 20 10 3 20 16 6 11 3 9 17 
5 13 6 4 1 2 0 8 3 14 19 15 14 17 15 17 4 6 47 2 6 11 15 4 2 12 6 15 3 14 3 14 1 5 13 18 11 11 9 10 2 4 0 11 12 1 5 14 11 14 11 10 0 2 9 0 19 0 13 16 19 14 17 9 1 6 
1 5 12 20 4 7 8 8 18 18 8 14 10 6 9 5 14 11 2 86 5 13 15 6 2 19 1 4 2 9 20 18 7 19 8 9 6 20 12 0 3 20 15 7 20 19 11 16 20 10 5 11 1 13 14 11 15 11 8 5 5 16 15 0 11 2 
4 18 3 18 18 14 16 16 3 19 2 15 16 15 9 12 5 9 6 5 93 11 3 20 11 15 4 18 3 18 16 18 13 0 3 16 13 9 13 17 3 1 7 10 19 12 10 17 6 4 4 8 5 5 0 8 6 12 18 15 0 4 5 11 13 18 
12 7 12 10 2 3 8 1 20 3 14 2 19 1 5 6 1 14 11 13 11 20 18 5 3 13 5 5 19 5 17 6 13 0 20 6 20 3 11 9 12 18 8 10 17 20 2 11 6 4 12 12 17 12 3 0 5 2 3 2 6 4 10 3 3 7 
11 6 19 13 18 4 15 0 17 15 8 14 14 2 0 3 9 2 15 15 3 18 65 17 1 1 0 3 1 6 10 16 20 14 11 8 4 3 1 7 15 18 11 0 1 11 3 10 13 15 2 1 17 8 7 0 16 12 0 18 17 18 19 6 0 18 
4 7 0 15 1 7 8 17 20 8 20 13 5 8 1 14 0 10 4 6 20 5 17 81 4 10 10 6 13 15 14 8 14 19 11 3 14 18 12 1 14 16 9 6 3 11 16 4 7 16 16 8 18 10 9 16 11 1 9 6 1 9 16 1 19 6 
8 8 19 7 18 20 15 7 15 20 12 20 10 1 7 17 19 3 2 2 11 3 1 4 78 2 13 12 8 9 20 1 13 14 17 4 16 20 12 4 16 7 12 6 2 11 14 15 2 5 18 10 10 0 7 19 14 12 17 14 13 4 3 0 12 11 
15 5 12 1 9 9 0 11 20 15 0 12 19 9 6 0 7 2 12 19 15 13 1 10 2 1 15 12 1 6 16 1 12 19 7 12 3 18 16 10 16 4 4 1 11 0 8 13 0 20 20 18 18 0 6 18 2 19 14 1 9 3 11 18 1 18 
6 2 18 6 13 13 0 3 1 0 7 4 0 8 2 9 15 18 6 1 4 5 0 10 13 15 51 20 0 7 0 3 5 9 2 8 6 17 12 19 6 4 4 6 17 19 19 12 0 16 11 3 14 3 19 20 11 19 16 3 13 10 18 5 7 0 
7 13 0 15 16 15 10 4 8 13 11 4 1 20 13 0 7 12 15 4 18 5 3 6 12 12 20 68 9 2 7 10 20 6 0 5 5 6 6 3 16 9 20 5 2 1 13 15 20 11 4 15 1 12 1 6 9 2 18 3 10 9 5 2 17 13 
9 5 4 2 11 0 17 19 19 6 13 2 18 12 10 11 13 20 3 2 3 19 1 13 8 1 0 9 16 16 16 8 14 7 6 7 4 6 13 17 4 3 0 16 5 9 6 20 20 18 9 0 2 2 2 6 1 17 16 1 8 19 7 6 19 3 
6 8 6 1 11 8 17 7 10 17 9 6 5 13 4 10 20 13 14 9 18 5 6 15 9 6 7 2 16 57 10 9 6 12 4 16 10 2 15 3 11 16 9 10 19 13 1 13 7 15 20 18 8 17 16 10 17 7 3 15 11 17 0 15 7 13 
17 9 8 16 3 7 17 6 1 13 16 0 8 0 3 20 14 7 3 20 16 17 10 14 20 16 0 7 16 10 78 6 16 6 1 20 3 2 11 10 8 9 1 14 11 10 19 16 14 5 19 20 13 12 1 5 4 3 15 16 18 2 18 14 19 8 
17 3 2 1 5 15 4 0 18 0 2 7 20 18 20 9 13 19 14 18 18 6 16 8 1 1 3 10 8 9 6 50 19 16 3 5 6 16 0 4 1 9 3 5 8 19 9 10 1 6 16 16 15 13 15 15 17 7 0 17 3 16 17 20 8 11 
19 14 8 15 14 17 5 10 10 7 5 12 3 13 10 15 10 19 1 7 13 13 20 14 13 12 5 20 14 6 16 19 32 8 6 11 13 13 11 17 7 0 20 15 13 11 14 15 17 13 1 13 0 5 15 14 0 10 11 1 19 18 6 14 3 6 
4 9 17 9 14 7 16 17 3 3 7 4 0 19 20 13 11 3 5 19 0 0 14 19 14 19 9 6 7 12 6 16 8 68 11 16 10 1 17 16 0 0 16 6 18 17 20 16 6 8 17 13 10 1 4 9 17 2 13 5 20 20 17 13 12 10 
3 14 4 10 0 8 1 3 0 2 9 14 7 10 2 2 11 1 13 8 3 20 11 11 17 7 2 0 6 4 1 3 6 11 72 6 2 15 7 17 18 6 2 9 15 14 8 10 16 17 14 16 13 1 9 15 0 12 9 9 4 9 14 3 11 8 
3 14 8 4 18 20 16 13 10 6 7 11 12 8 16 16 3 6 18 9 16 6 8 3 4 12 8 5 7 16 20 5 11 16 6 31 5 20 16 15 9 20 10 8 8 8 8 17 16 14 6 12 6 14 17 5 9 11 19 9 2 17 4 5 7 10 
13 12 0 13 5 20 12 8 20 20 11 20 11 16 8 10 7 8 11 6 13 20 4 14 16 3 6 5 4 10 3 6 13 10 2 5 64 1 10 6 13 2 8 18 10 11 18 9 19 13 10 18 18 5 9 3 19 6 7 17 17 20 8 6 20 14 
1 19 14 8 8 12 13 13 4 13 19 2 4 8 3 12 4 6 11 20 9 3 3 18 20 18 17 6 6 2 2 16 13 1 15 20 1 46 18 20 4 10 5 14 15 6 19 14 1 1 18 10 19 9 6 5 8 14 15 1 9 5 20 9 7 0 
5 15 0 16 20 15 0 18 19 17 5 20 5 17 18 20 14 3 9 12 13 11 1 12 12 16 12 6 13 15 11 0 11 17 7 16 10 18 92 7 3 7 2 12 12 20 13 18 4 7 18 0 18 10 1 7 9 17 2 0 18 7 10 18 10 2 
13 15 0 13 5 18 3 14 4 18 14 3 12 14 10 18 18 8 10 0 17 9 7 1 4 10 19 3 17 3 10 4 17 16 17 15 6 20 7 47 4 9 10 20 17 9 12 1 15 1 18 17 10 16 6 2 1 13 10 7 6 19 11 8 8 4 
16 9 15 2 3 19 15 20 0 12 6 5 5 12 9 1 4 2 2 3 3 12 15 14 16 16 6 16 4 11 8 1 7 0 18 9 13 4 3 4 63 7 12 17 2 4 5 2 8 18 19 20 4 10 17 5 12 5 5 17 15 14 19 0 19 13 
7 20 0 13 7 14 16 3 12 7 4 8 20 5 14 15 11 18 4 20 1 18 18 16 7 4 4 9 3 16 9 9 0 0 6 20 2 10 7 9 7 17 8 15 8 18 5 12 20 18 5 12 7 11 9 17 15 14 4 20 20 18 8 3 18 15 
7 3 12 16 3 7 11 7 13 7 15 6 4 3 15 10 18 17 0 15 7 8 11 9 12 4 4 20 0 9 1 3 20 16 2 10 8 5 2 10 12 8 81 11 8 1 1 1 6 13 20 0 16 5 8 7 11 6 19 6 15 18 17 15 14 9 
7 10 9 2 2 8 9 5 8 17 5 10 3 3 5 19 14 16 11 7 10 10 0 6 6 1 6 5 16 10 14 5 15 6 9 8 18 14 12 20 17 15 11 98 12 1 7 15 12 16 16 11 2 9 18 20 11 17 1 1 6 20 1 5 5 17 
10 19 17 7 17 2 4 17 8 0 6 19 2 20 20 11 14 14 12 20 19 17 1 3 2 11 17 2 5 19 11 8 13 18 15 8 10 15 12 17 2 8 8 12 34 11 1 17 5 18 11 18 1 9 17 20 11 8 19 17 11 2 6 17 4 11 
14 15 0 20 2 7 6 20 1 14 12 5 7 11 17 13 13 4 1 19 12 20 11 11 11 0 19 1 9 13 10 19 11 17 14 8 11 6 20 9 4 18 1 1 11 44 17 7 14 9 7 13 4 19 9 4 18 7 14 1 12 19 9 16 11 7 
10 18 7 7 1 13 18 10 2 17 17 11 2 18 2 2 3 4 5 11 10 2 3 16 14 8 19 13 6 1 19 9 14 20 8 8 18 19 13 12 5 5 1 7 1 17 43 7 3 10 9 6 10 2 6 0 6 14 16 8 17 15 11 2 16 15 
6 11 1 19 11 10 8 19 12 18 10 9 5 1 16 3 15 20 14 16 17 11 10 4 15 13 12 15 20 13 16 10 15 16 10 17 9 14 18 1 2 12 1 15 17 7 7 82 10 16 12 20 4 2 13 7 7 11 0 10 10 8 9 6 8 19 
1 11 9 4 6 18 13 13 8 12 11 20 20 1 7 10 9 15 11 20 6 6 13 7 2 0 0 20 20 7 14 1 17 6 16 16 19 1 4 15 8 20 6 12 5 14 3 10 0 17 20 7 13 1 19 16 15 11 7 10 11 16 13 10 5 14 
18 6 9 8 8 6 2 12 1 7 14 4 10 11 19 10 11 18 14 10 4 4 15 16 5 20 16 11 18 15 5 6 13 8 17 14 13 1 7 1 18 18 13 16 18 9 10 16 17 63 12 15 8 16 3 9 16 7 8 10 11 0 17 0 15 20 
16 16 13 18 16 12 2 9 19 15 12 7 6 8 18 9 18 20 11 5 4 12 2 16 18 20 11 4 9 20 19 16 1 17 14 6 10 18 18 18 19 5 20 16 11 7 9 12 20 12 37 11 7 10 6 9 11 20 2 9 7 6 12 10 4 0 
15 16 9 2 4 11 0 5 1 18 13 12 1 1 15 8 15 10 10 11 8 12 1 8 10 18 3 15 0 18 20 16 13 13 16 12 18 10 0 17 20 12 0 11 18 13 6 20 7 15 11 1 20 20 15 16 13 2 17 9 12 16 0 17 7 14 
18 13 12 6 10 5 14 8 10 5 10 16 12 0 11 9 16 13 0 1 5 17 17 18 10 18 14 1 2 8 13 15 0 10 13 6 18 19 18 10 4 7 16 2 1 4 10 4 13 8 7 20 1 20 20 16 3 19 0 17 13 14 0 2 8 17 
20 17 17 1 13 14 2 17 2 16 19 5 4 7 18 8 14 12 2 13 5 12 8 10 0 0 3 12 2 17 12 13 5 1 1 14 5 9 10 16 10 11 5 9 9 19 2 2 1 16 10 20 20 1 7 10 9 15 6 8 13 3 16 7 14 1 
13 17 1 2 15 7 17 1 7 16 5 9 17 3 19 12 17 11 9 14 0 3 7 9 7 6 19 1 2 16 1 15 15 4 9 17 9 6 1 6 17 9 8 18 17 9 6 13 19 3 6 15 20 7 73 2 2 7 11 4 9 20 0 13 1 11 
13 15 20 17 19 6 20 20 19 5 12 2 17 13 10 3 17 18 0 11 8 0 0 16 19 18 20 6 6 10 5 15 14 9 15 5 3 5 7 2 5 17 7 20 20 4 0 7 16 9 9 16 16 10 2 93 5 17 15 5 16 4 20 9 18 9 
4 15 2 8 3 14 6 13 11 18 13 5 5 3 14 1 20 20 19 15 6 5 16 11 14 2 11 9 1 17 4 17 0 17 0 9 19 8 9 1 12 15 11 11 11 18 6 7 15 16 11 13 3 9 2 5 100 15 18 8 20 11 15 6 9 9 
7 9 20 6 2 18 14 16 12 15 12 19 11 8 5 9 5 10 0 11 12 2 12 1 12 19 19 2 17 7 3 7 10 2 12 11 6 14 17 13 5 14 6 17 8 7 14 11 11 7 20 2 19 15 7 17 15 30 16 3 18 4 2 12 4 10 
19 1 16 16 0 20 11 19 10 4 1 13 12 1 4 10 7 3 13 8 18 3 0 9 17 14 16 18 16 3 15 0 11 13 9 19 7 15 2 10 5 4 19 1 19 14 16 0 7 8 2 17 0 6 11 15 18 16 68 5 1 13 7 3 0 0 
3 3 17 4 11 15 11 20 4 13 0 20 2 8 14 0 19 20 16 5 15 2 18 6 14 1 3 3 1 15 16 17 1 5 9 9 17 1 0 7 17 20 6 1 17 1 8 10 10 10 9 9 17 8 4 5 8 3 5 4 13 20 7 3 20 17 
18 11 20 7 20 1 7 4 19 13 11 18 3 0 0 2 9 16 19 5 0 6 17 1 13 9 13 10 8 11 18 3 19 20 4 2 17 9 18 6 15 20 15 6 11 12 17 10 11 11 7 12 13 13 9 16 20 18 1 13 99 16 3 7 1 6 
1 10 12 19 4 10 3 17 16 12 0 13 8 0 13 14 18 6 14 16 4 4 18 9 4 3 10 9 19 17 2 16 18 20 9 17 20 5 7 19 14 18 18 20 2 19 15 8 16 0 6 16 14 3 20 4 11 4 13 20 16 58 2 18 10 13 
3 12 2 3 18 1 0 8 1 12 15 17 13 18 10 5 8 11 17 15 5 10 19 16 3 11 18 5 7 0 18 17 6 17 14 4 8 20 10 11 19 8 17 1 6 9 11 9 13 17 12 0 0 16 0 20 15 2 7 7 3 2 63 8 3 18 
0 16 19 0 16 7 7 7 15 0 17 0 4 10 14 17 12 3 9 0 11 3 6 1 0 18 5 2 6 15 14 20 14 13 3 5 6 9 18 8 0 3 15 5 17 16 2 6 10 0 10 17 2 7 13 9 6 12 3 3 7 18 8 34 20 14 
7 10 12 13 16 10 10 18 4 15 20 1 17 19 0 13 7 9 1 11 13 3 0 19 12 1 7 17 19 7 19 8 3 12 11 7 20 7 10 8 19 18 14 5 4 11 16 8 5 15 4 7 8 14 1 18 9 4 0 20 1 10 3 20 22 7 
11 12 19 20 12 3 11 4 4 6 13 19 14 15 20 9 11 17 6 2 18 7 18 6 11 18 0 13 3 13 8 11 6 10 8 10 14 0 2 4 13 15 9 17 11 7 15 19 14 20 0 14 17 1 11 9 9 10 0 17 6 13 18 14 7 36 
