36 9
47 4 43 18 32 33 18 27 19 45 41 34 52 24 48 45 37 34 49 22 45 54 74 77 60 70 45 69 39 66 67 49 60 58 80 52 
4 38 41 22 30 35 15 30 23 45 46 35 56 26 52 45 41 34 52 24 48 56 73 78 60 71 47 73 43 70 68 48 62 60 83 54 
43 41 90 50 11 37 25 40 49 23 66 25 58 36 60 19 62 21 54 32 56 41 34 52 24 48 43 76 51 77 48 17 45 49 78 49 
18 22 50 83 41 24 29 17 1 42 23 31 37 17 32 44 19 33 35 19 29 45 74 69 60 62 34 52 24 48 58 49 51 46 65 40 
32 30 11 41 68 33 14 34 41 26 59 23 56 30 57 23 55 19 52 25 52 44 45 59 34 54 41 75 47 75 52 24 48 51 79 49 
33 35 37 24 33 105 30 7 23 20 30 11 23 9 23 24 26 15 19 11 19 21 53 45 38 37 11 41 14 41 34 28 27 24 48 19 
18 15 25 29 14 30 49 28 29 33 50 24 53 23 52 31 46 22 49 19 47 47 58 66 45 60 41 71 41 70 58 34 52 52 79 48 
27 30 40 17 34 7 28 97 15 27 25 16 25 5 23 30 21 20 22 9 19 28 59 52 45 45 17 43 13 41 41 34 34 30 52 24 
19 23 49 1 41 23 29 15 9 41 22 30 35 15 30 43 18 32 33 18 27 43 73 68 59 60 32 51 23 47 56 48 49 45 63 38 
45 45 23 42 26 20 33 27 41 87 50 11 37 25 40 4 47 11 32 24 36 18 32 33 18 27 21 54 33 56 26 8 22 26 54 26 
41 46 66 23 59 30 50 25 22 50 36 41 24 29 17 54 4 45 25 34 17 43 82 66 68 59 32 33 18 27 55 58 47 41 49 33 
34 35 25 31 23 11 24 16 30 11 41 64 33 14 34 13 37 4 29 12 30 22 43 43 29 36 18 51 25 52 33 18 27 28 56 25 
52 56 58 37 56 23 53 25 35 37 24 33 67 30 7 41 24 38 4 34 8 23 64 43 52 36 16 18 13 18 32 45 25 18 27 12 
24 26 36 17 30 9 23 5 15 25 29 14 30 36 28 27 25 17 26 4 24 30 57 53 43 46 20 48 18 46 43 32 36 33 57 27 
48 52 60 32 57 23 52 23 30 40 17 34 7 28 55 44 17 39 9 32 4 29 70 50 57 43 19 20 10 18 39 49 32 25 33 18 
45 45 19 44 23 24 31 30 43 4 54 13 41 27 44 83 50 11 37 25 40 22 30 35 15 30 25 58 37 60 29 4 26 30 59 31 
37 41 62 19 55 26 46 21 18 47 4 37 24 25 17 50 45 41 24 29 17 41 79 65 65 57 30 35 15 30 53 55 46 39 50 32 
34 34 21 33 19 15 22 20 32 11 45 4 38 17 39 11 41 60 33 14 34 25 41 44 27 38 22 56 30 56 35 15 30 32 60 29 
49 52 54 35 52 19 49 22 33 32 25 29 4 26 9 37 24 33 71 30 7 19 61 41 48 34 11 22 10 23 30 41 23 15 30 8 
22 24 32 19 25 11 19 9 18 24 34 12 34 4 32 25 29 14 30 31 28 31 55 54 41 47 23 52 22 51 44 30 37 35 60 30 
45 48 56 29 52 19 47 19 27 36 17 30 8 24 4 40 17 34 7 28 61 26 66 48 53 41 15 24 5 22 37 45 30 23 35 15 
54 56 41 45 44 21 47 28 43 18 43 22 23 30 29 22 41 25 19 31 26 101 41 24 29 17 11 37 25 40 13 25 6 8 36 11 
74 73 34 74 45 53 58 59 73 32 82 43 64 57 70 30 79 41 61 55 66 41 23 33 14 34 50 77 64 81 37 25 40 48 72 52 
77 78 52 69 59 45 66 52 68 33 66 43 43 53 50 35 65 44 41 54 48 24 33 74 30 7 36 50 49 56 11 35 19 25 40 33 
60 60 24 60 34 38 45 45 59 18 68 29 52 43 57 15 65 27 48 41 53 29 14 30 51 28 37 67 50 70 29 11 30 37 63 40 
70 71 48 62 54 37 60 45 60 27 59 36 36 46 43 30 57 38 34 47 41 17 34 7 28 81 28 45 42 50 4 31 11 18 37 25 
45 47 43 34 41 11 41 17 32 21 32 18 16 20 19 25 30 22 11 23 15 11 50 36 37 28 83 33 14 34 24 29 17 12 38 7 
69 73 76 52 75 41 71 43 51 54 33 51 18 48 20 58 35 56 22 52 24 37 77 50 67 45 33 49 30 7 41 62 37 29 17 27 
39 43 51 24 47 14 41 13 23 33 18 25 13 18 10 37 15 30 10 22 5 25 64 49 50 42 14 30 59 28 37 41 30 24 41 17 
66 70 77 48 75 41 70 41 47 56 27 52 18 46 18 60 30 56 23 51 22 40 81 56 70 50 34 7 28 34 46 64 41 33 24 29 
67 68 48 58 52 34 58 41 56 26 55 33 32 43 39 29 53 35 30 44 37 13 37 11 29 4 24 41 37 46 67 30 7 14 34 21 
49 48 17 49 24 28 34 34 48 8 58 18 45 32 49 4 55 15 41 30 45 25 25 35 11 31 29 62 41 64 30 28 28 33 61 34 
60 62 45 51 48 27 52 34 49 22 47 27 25 36 32 26 46 30 23 37 30 6 40 19 30 11 17 37 30 41 7 28 69 7 33 14 
58 60 49 46 51 24 52 30 45 26 41 28 18 33 25 30 39 32 15 35 23 8 48 25 37 18 12 29 24 33 14 33 7 60 28 7 
80 83 78 65 79 48 79 52 63 54 49 56 27 57 33 59 50 60 30 60 35 36 72 40 63 37 38 17 41 24 34 61 33 28 15 30 
52 54 49 40 49 19 48 24 38 26 33 25 12 27 18 31 32 29 8 30 15 11 52 33 40 25 7 27 17 29 21 34 14 7 30 57 
