105 15
61 31 17 28 25 26 22 45 33 41 17 43 43 22 32 13 28 34 48 43 15 5 11 15 13 34 23 28 52 53 58 54 43 36 33 34 42 63 11 24 25 34 29 32 20 28 6 30 37 16 49 54 50 41 34 32 30 40 59 7 59 54 35 30 25 31 34 58 12 66 28 29 18 39 27 59 28 26 25 16 34 25 56 24 48 56 33 58 57 31 43 21 46 49 20 27 54 47 33 31 42 10 55 29 20 
31 65 28 4 8 25 22 39 30 43 22 37 14 45 30 39 29 38 56 52 23 26 33 35 23 18 54 13 28 34 48 43 15 5 11 15 13 34 23 12 21 39 35 29 24 36 24 28 6 47 30 44 39 16 4 15 12 14 30 25 53 48 7 5 9 21 5 32 31 65 10 23 17 39 12 41 47 7 19 16 35 9 36 44 38 50 24 48 30 43 41 18 37 19 40 30 49 23 51 23 12 41 28 42 11 
17 28 26 24 26 37 32 28 16 24 6 26 36 17 44 30 40 48 64 59 5 15 8 32 6 40 37 32 55 59 68 64 35 33 24 38 34 63 22 28 34 48 43 15 5 11 15 13 34 23 54 64 59 31 28 21 34 30 59 19 71 66 29 30 19 39 28 60 28 80 31 38 26 52 32 66 45 27 33 21 47 28 62 41 32 38 17 42 46 16 26 10 30 41 12 9 36 36 23 15 41 20 45 15 19 
28 4 24 56 9 27 23 35 26 38 18 33 15 40 32 37 30 39 57 53 19 23 29 34 19 22 51 15 32 38 51 46 15 8 8 19 14 39 22 13 22 40 36 25 19 31 22 24 10 43 34 48 43 15 5 11 15 13 34 23 56 51 7 8 5 24 5 37 30 68 13 25 17 41 15 45 47 8 20 14 37 10 41 44 35 47 20 45 30 38 37 13 33 20 36 25 45 22 46 19 16 38 28 38 8 
25 8 26 9 68 18 14 43 33 45 20 41 23 41 23 31 21 30 48 44 21 19 29 27 20 14 46 7 29 32 44 39 24 13 18 12 22 38 15 4 13 31 27 32 23 36 18 30 12 41 28 40 35 24 12 20 7 22 34 18 48 43 15 5 11 15 13 34 23 59 5 16 9 32 6 40 38 1 11 8 28 1 35 36 43 55 28 53 38 42 44 18 42 27 37 30 53 31 49 26 17 35 36 41 7 
26 25 37 27 18 96 5 59 48 59 32 58 40 47 7 23 3 12 30 26 32 23 35 17 30 13 40 13 30 29 32 28 41 29 36 15 39 45 15 13 4 13 9 47 36 48 22 45 27 42 25 28 24 42 30 38 14 40 42 19 34 29 33 21 28 7 31 38 16 43 15 5 11 15 13 34 23 19 7 16 10 17 32 22 61 71 44 71 55 53 60 32 59 44 45 44 69 49 58 42 29 36 53 52 22 
22 22 32 23 14 5 86 55 43 54 27 53 37 43 12 21 8 17 35 30 27 18 31 16 25 14 38 10 32 31 37 32 38 26 31 15 36 45 10 10 3 17 13 42 31 43 17 40 25 38 27 32 28 38 26 33 12 36 42 15 39 34 29 18 24 9 27 39 13 48 12 7 6 20 11 38 25 15 5 11 15 13 34 23 56 66 39 66 52 48 55 27 54 41 40 39 64 45 53 37 28 32 50 47 18 
45 39 28 35 43 59 55 31 12 10 29 2 35 37 66 59 63 72 89 85 30 43 36 59 32 57 65 50 66 73 87 82 32 40 27 54 33 67 48 47 55 72 68 13 25 20 42 15 43 49 69 83 78 28 36 24 50 29 63 46 91 86 34 43 31 59 35 68 55 102 48 59 48 75 50 80 73 43 54 43 70 45 75 69 5 11 15 13 34 23 5 27 4 38 33 18 10 26 33 17 48 48 34 25 37 
33 30 16 26 33 48 43 12 10 12 16 10 30 28 55 46 51 60 77 72 18 30 24 47 20 47 54 40 58 64 77 72 28 32 20 44 28 62 36 36 44 61 56 1 13 11 30 3 35 38 60 73 68 24 28 16 40 24 58 33 81 76 27 34 21 48 27 62 43 91 38 48 36 63 39 71 61 33 43 31 59 34 67 56 15 23 6 25 35 17 11 15 13 34 23 7 21 25 27 7 41 36 35 18 26 
41 43 24 38 45 59 54 10 12 23 27 9 42 29 66 55 63 71 88 83 28 40 30 56 30 59 58 52 71 77 89 84 40 45 32 57 40 74 46 48 56 72 67 13 23 13 39 14 48 42 72 85 80 35 41 28 53 36 70 43 93 88 39 46 34 60 40 74 52 103 50 60 48 75 51 84 70 45 55 43 70 46 79 65 15 15 18 22 44 14 5 27 14 45 25 15 13 34 23 19 53 41 44 16 38 
17 22 6 18 20 32 27 29 16 27 31 27 30 23 39 30 36 44 61 56 2 14 12 30 4 34 40 27 49 53 63 59 29 26 19 32 28 57 19 22 29 44 39 15 3 15 13 13 28 27 49 59 54 26 22 16 28 25 52 17 66 61 23 24 13 34 22 54 26 76 25 33 21 48 26 60 44 21 28 16 43 22 56 40 31 40 15 41 41 22 28 5 29 35 18 11 38 31 29 13 34 23 40 21 13 
43 37 26 33 41 58 53 2 10 9 27 27 34 36 64 57 61 70 87 83 28 41 34 57 30 55 63 49 65 72 85 80 32 39 26 52 32 67 46 45 54 71 66 11 23 18 40 13 42 47 68 82 77 27 35 22 49 28 62 44 90 85 33 42 30 57 34 67 53 101 46 57 46 73 48 79 71 41 52 41 68 43 74 67 6 13 13 15 34 21 4 25 5 37 31 16 11 25 32 15 47 46 34 23 35 
43 14 36 15 23 40 37 35 30 42 30 34 69 53 44 53 43 52 70 66 32 38 42 50 33 30 67 27 33 41 57 53 2 10 11 27 1 32 37 27 35 53 49 30 30 39 37 30 13 57 38 55 50 6 10 15 26 6 28 39 64 59 8 19 18 35 9 34 45 77 24 36 32 53 26 48 61 21 33 30 49 23 43 59 32 45 24 40 15 46 38 25 31 5 47 33 44 11 56 24 15 52 13 46 23 
22 45 17 40 41 47 43 37 28 29 23 36 53 47 54 32 50 56 69 64 21 24 12 36 21 54 30 47 70 73 80 76 52 49 41 53 51 79 32 42 46 56 51 27 22 18 25 26 51 13 69 76 71 48 45 37 48 47 75 28 81 77 46 46 36 52 45 76 34 88 46 50 38 61 46 80 48 43 46 34 56 43 76 43 42 45 32 51 62 15 33 28 40 58 5 22 43 52 11 31 57 15 61 13 34 
32 30 44 32 23 7 12 66 55 66 39 64 44 54 63 28 4 8 25 22 39 30 43 22 37 14 45 17 28 25 26 22 45 33 41 17 43 43 22 19 10 9 8 54 43 55 29 52 30 48 21 21 17 47 34 43 18 45 41 26 27 22 37 25 35 9 35 36 22 36 19 7 18 9 17 29 24 24 12 23 5 22 27 25 67 78 50 77 59 61 66 39 65 47 52 51 76 54 65 49 32 42 57 59 29 
13 39 30 37 31 23 21 59 46 55 30 57 53 32 28 34 24 26 37 32 28 16 24 6 26 36 17 31 53 52 53 50 53 44 44 36 51 67 15 28 25 26 22 45 33 41 17 43 43 22 48 49 45 52 42 44 33 50 63 14 52 48 45 36 36 30 43 61 8 57 32 28 22 32 31 58 15 33 26 23 28 31 55 10 62 69 45 72 67 44 57 34 60 58 32 40 67 59 44 43 48 17 66 42 29 
28 29 40 30 21 3 8 63 51 63 36 61 43 50 4 24 57 9 27 23 35 26 38 18 33 15 40 16 31 28 30 26 44 32 39 17 42 46 17 17 8 9 6 50 39 51 25 49 30 44 25 26 22 45 33 41 17 43 43 22 31 26 36 24 32 9 34 38 17 39 18 7 15 12 16 33 21 22 10 20 7 20 31 21 64 75 48 74 58 57 63 36 62 47 48 47 73 53 60 46 32 38 56 55 26 
34 38 48 39 30 12 17 72 60 71 44 70 52 56 8 26 9 50 18 14 43 33 45 20 41 23 41 25 36 31 27 24 53 41 48 26 51 51 25 26 17 1 4 59 48 59 32 57 39 48 28 23 20 54 42 50 26 52 50 28 26 22 45 33 41 17 43 43 22 32 27 15 24 5 25 35 18 31 19 28 3 29 33 20 73 83 57 83 67 64 72 45 71 55 54 56 82 62 67 55 40 42 65 62 35 
48 56 64 57 48 30 35 89 77 88 61 87 70 69 25 37 27 18 52 5 59 48 59 32 58 40 47 43 50 43 31 31 71 59 66 43 69 65 41 44 35 17 21 76 64 75 48 74 56 59 41 28 29 72 60 68 44 70 64 44 25 24 63 51 59 35 61 57 36 22 45 33 41 17 43 43 22 49 37 46 20 47 44 26 91 101 74 101 85 79 89 62 89 73 68 72 99 80 80 72 57 54 83 77 53 
43 52 59 53 44 26 30 85 72 83 56 83 66 64 22 32 23 14 5 44 55 43 54 27 53 37 43 39 48 42 32 31 67 55 62 40 65 64 36 40 31 13 17 71 59 70 43 69 53 54 40 28 28 68 56 64 40 66 62 39 26 25 59 47 55 31 57 55 31 26 41 29 37 14 39 43 17 45 33 41 17 43 43 22 86 96 69 96 81 74 84 57 84 69 63 67 94 76 75 67 54 49 79 73 48 
15 23 5 19 21 32 27 30 18 28 2 28 32 21 39 28 35 43 59 55 91 12 10 29 2 35 37 27 50 53 63 58 31 28 20 33 30 58 18 22 29 43 38 17 4 16 11 15 29 25 49 59 54 28 24 18 28 27 53 15 66 61 25 24 14 34 24 55 24 75 26 33 20 47 26 61 42 22 28 15 42 22 56 38 33 41 17 43 43 22 29 7 31 37 17 12 39 33 28 15 35 21 42 21 13 
5 26 15 23 19 23 18 43 30 40 14 41 38 24 30 16 26 33 48 43 12 66 12 16 10 30 28 23 47 49 56 51 38 31 28 29 37 58 8 19 21 33 28 29 17 27 1 27 31 21 44 51 47 37 28 27 25 35 54 4 57 52 30 25 20 27 29 54 12 65 23 26 14 37 23 56 30 21 22 11 32 20 52 26 45 53 29 55 52 31 41 17 43 43 22 24 51 43 34 27 37 15 50 29 15 
11 33 8 29 29 35 31 36 24 30 12 34 42 12 43 24 38 45 59 54 10 12 83 27 9 42 29 34 58 61 68 64 42 38 31 40 41 67 20 30 33 45 40 23 13 17 13 21 39 15 56 64 59 39 34 28 36 37 63 16 70 65 35 33 25 39 34 64 23 77 33 38 26 50 34 68 40 30 34 22 45 30 64 35 40 45 25 49 54 19 33 17 38 48 9 17 43 43 22 24 45 12 52 18 22 
15 35 32 34 27 17 16 59 47 56 30 57 50 36 22 6 18 20 32 27 29 16 27 35 27 30 23 26 48 46 47 44 50 40 42 31 48 61 13 24 19 20 16 46 34 43 17 44 39 27 42 43 39 50 39 42 28 48 58 13 46 42 42 32 34 25 40 55 4 51 28 22 18 26 26 51 13 29 21 20 22 27 49 9 62 70 45 72 65 47 58 33 60 54 36 41 68 57 48 43 43 22 63 45 27 
13 23 6 19 20 30 25 32 20 30 4 30 33 21 37 26 33 41 58 53 2 10 9 27 87 34 36 26 49 53 62 57 32 28 22 32 31 58 16 22 27 42 37 19 6 17 9 17 30 24 48 58 53 30 24 19 28 28 54 13 64 59 25 24 15 32 25 55 22 73 25 32 19 45 26 60 40 21 27 14 40 22 56 36 35 43 19 45 45 23 31 8 33 38 17 14 41 35 29 17 36 19 43 22 13 
34 18 40 22 14 13 14 57 47 59 34 55 30 54 14 36 15 23 40 37 35 30 42 30 34 87 53 7 17 19 29 24 32 20 30 3 30 31 23 12 11 24 21 46 37 50 29 45 17 51 14 26 21 34 22 33 6 32 28 27 34 29 25 13 25 6 23 25 28 46 9 8 16 22 8 26 37 14 9 20 19 13 22 36 57 69 42 66 45 57 58 32 55 33 51 45 67 41 63 40 17 45 43 56 22 
23 54 37 51 46 40 38 65 54 58 40 63 67 30 45 17 40 41 47 43 37 28 29 23 36 53 44 48 70 69 69 66 67 59 57 53 65 84 31 44 42 41 37 53 42 45 29 51 59 17 65 65 62 65 57 55 50 63 80 28 67 63 59 52 49 47 57 78 25 69 49 45 38 47 48 74 26 48 43 38 44 47 72 22 69 74 55 79 80 45 62 44 67 72 33 47 72 71 41 53 64 17 79 43 43 
28 13 32 15 7 13 10 50 40 52 27 49 27 47 17 31 16 25 43 39 27 23 34 26 26 7 48 57 24 26 37 32 28 16 24 6 26 36 17 4 8 25 22 39 30 43 22 37 14 45 22 33 28 29 17 27 2 27 32 21 41 36 20 8 18 8 18 30 23 52 2 9 9 26 0 33 35 7 6 12 22 5 29 34 50 62 35 60 42 49 51 25 49 31 43 37 60 37 55 33 17 39 40 48 14 
52 28 55 32 29 30 32 66 58 71 49 65 33 70 28 53 31 36 50 48 50 47 58 48 49 17 70 24 9 9 27 23 35 26 38 18 33 15 40 28 28 37 37 57 52 64 46 57 23 69 8 25 22 39 30 43 22 37 14 45 35 31 32 25 37 23 31 7 45 49 24 25 33 33 24 15 53 28 27 36 32 27 10 53 65 77 52 73 44 71 69 46 63 33 66 58 76 44 78 51 18 63 42 70 36 
53 34 59 38 32 29 31 73 64 77 53 72 41 73 25 52 28 31 43 42 53 49 61 46 53 19 69 26 9 17 18 14 43 33 45 20 41 23 41 31 28 32 33 63 56 68 48 62 29 70 4 17 14 47 36 49 25 45 23 46 25 22 39 30 43 22 37 14 45 40 27 24 35 27 27 7 49 32 27 39 27 31 3 50 72 84 58 80 53 75 75 50 70 41 70 63 83 53 82 57 25 64 51 74 40 
58 48 68 51 44 32 37 87 77 89 63 85 57 80 26 53 30 27 31 32 63 56 68 47 62 29 69 37 27 18 51 5 59 48 59 32 58 40 47 41 34 28 31 76 67 79 55 74 45 74 19 4 9 62 51 63 36 61 40 52 8 7 54 43 55 29 52 31 48 22 39 30 43 22 37 14 45 44 35 47 25 42 17 47 87 99 72 96 71 85 88 62 85 59 78 74 97 69 90 70 42 68 69 84 51 
54 43 64 46 39 28 32 82 72 84 59 80 53 76 22 50 26 24 31 31 58 51 64 44 57 24 66 32 23 14 5 45 55 43 54 27 53 37 43 36 30 25 28 71 62 74 50 70 40 70 15 3 4 58 46 58 31 56 37 47 11 8 49 38 50 24 47 28 44 25 34 25 38 19 32 12 42 39 30 43 22 37 14 45 82 94 67 91 66 80 83 57 80 54 73 70 92 64 86 65 37 64 64 79 46 
43 15 35 15 24 41 38 32 28 40 29 32 2 52 45 53 44 53 71 67 31 38 42 50 32 32 67 28 35 43 59 55 78 12 10 29 2 35 37 28 36 54 50 28 29 38 37 28 15 57 40 57 52 4 11 14 27 4 30 39 66 61 8 20 18 36 10 36 46 79 25 38 33 54 28 50 62 22 34 30 50 24 45 59 30 43 22 37 14 45 36 24 29 6 46 31 41 9 55 22 17 52 12 45 23 
36 5 33 8 13 29 26 40 32 45 26 39 10 49 33 44 32 41 59 55 28 31 38 40 28 20 59 16 26 33 48 43 12 60 12 16 10 30 28 16 25 42 39 32 28 39 30 31 3 52 29 45 40 14 4 16 15 12 26 30 54 49 6 8 13 24 5 29 36 66 14 25 22 42 16 40 51 11 22 21 38 13 35 49 39 51 26 48 26 46 43 22 37 14 45 33 50 21 55 25 8 46 24 46 16 
33 11 24 8 18 36 31 27 20 32 19 26 11 41 41 44 39 48 66 62 20 28 31 42 22 30 57 24 38 45 59 54 10 12 86 27 9 42 29 22 31 49 45 20 19 28 27 19 15 46 41 56 51 8 8 4 24 6 37 30 65 60 6 16 8 33 7 41 38 77 21 34 25 50 23 52 55 17 29 22 46 19 47 52 27 39 14 36 23 35 30 13 25 16 36 22 37 14 45 13 20 42 21 35 15 
34 15 38 19 12 15 15 54 44 57 32 52 27 53 17 36 17 26 43 40 33 29 40 31 32 3 53 6 18 20 32 27 29 16 27 44 27 30 23 10 12 27 24 43 35 48 28 42 13 51 16 29 24 31 19 30 4 29 27 27 37 32 22 10 23 8 20 24 28 50 7 10 15 25 6 27 39 11 9 18 22 10 23 38 54 66 39 63 42 54 56 30 52 30 49 43 64 38 61 37 14 45 40 54 19 
42 13 34 14 22 39 36 33 28 40 28 32 1 51 43 51 42 51 69 65 30 37 41 48 31 30 65 26 33 41 58 53 2 10 9 27 75 34 36 26 34 52 48 28 29 37 35 28 13 56 38 55 50 5 9 13 25 4 29 37 64 59 6 18 16 34 8 35 44 77 23 36 31 52 25 48 60 20 32 28 48 22 43 58 31 44 22 39 16 44 37 23 30 7 46 31 43 11 54 22 16 51 14 45 22 
63 34 63 39 38 45 45 67 62 74 57 67 32 79 43 67 46 51 65 64 58 58 67 61 58 31 84 36 15 23 40 37 35 30 42 30 34 29 53 39 42 52 52 62 58 70 57 61 28 80 23 40 37 39 34 46 33 38 4 56 48 45 35 34 44 37 35 8 59 62 35 39 45 49 36 25 68 37 40 47 48 37 22 68 65 77 56 71 39 77 71 52 64 30 75 63 76 43 85 55 22 74 37 77 45 
11 23 22 22 15 15 10 48 36 46 19 46 37 32 22 15 17 25 41 36 18 8 20 13 16 23 31 17 40 41 47 43 37 28 29 23 36 53 90 13 13 25 20 35 23 34 7 33 28 28 37 43 38 37 26 29 19 35 49 4 49 44 29 20 21 19 27 47 8 57 17 18 7 29 16 48 25 17 14 7 24 16 44 22 50 59 33 60 52 39 47 21 48 42 30 31 57 44 43 31 32 22 50 37 14 
24 12 28 13 4 13 10 47 36 48 22 45 27 42 19 28 17 26 44 40 22 19 30 24 22 12 44 4 28 31 41 36 28 16 22 10 26 39 13 48 9 27 23 35 26 38 18 33 15 40 26 37 32 28 16 24 6 26 36 17 44 39 19 8 15 11 17 34 20 55 4 12 6 28 4 38 34 5 7 8 23 3 34 32 47 59 31 57 42 44 48 21 46 31 39 33 57 35 51 30 19 34 40 44 10 
25 21 34 22 13 4 3 55 44 56 29 54 35 46 10 25 8 17 35 31 29 21 33 19 27 11 42 8 28 28 34 30 36 25 31 12 34 42 13 9 53 18 14 43 33 45 20 41 23 41 24 30 25 37 25 33 10 35 39 18 37 32 28 16 24 6 26 36 17 47 11 4 8 19 9 34 27 14 2 13 14 12 31 26 56 67 40 66 51 51 56 29 54 39 43 41 65 44 55 38 25 35 49 49 18 
34 39 48 40 31 13 17 72 61 72 44 71 53 56 9 26 9 1 17 13 43 33 45 20 42 24 41 25 37 32 28 25 54 42 49 27 52 52 25 27 18 74 5 59 48 59 32 58 40 47 29 24 21 55 43 51 27 53 51 29 26 22 46 34 42 18 44 45 22 32 28 16 24 6 26 36 17 32 20 29 4 30 35 19 74 84 57 84 68 64 72 45 72 56 54 56 82 62 67 55 41 42 66 63 36 
29 35 43 36 27 9 13 68 56 67 39 66 49 51 8 22 6 4 21 17 38 28 40 16 37 21 37 22 37 33 31 28 50 39 45 24 48 52 20 23 14 5 64 55 43 54 27 53 37 43 30 27 24 51 39 47 24 49 50 24 30 26 42 30 37 16 40 44 17 37 25 13 19 10 23 37 15 28 16 24 6 26 36 17 69 79 52 79 65 59 67 40 67 53 49 51 77 59 62 50 38 37 63 58 31 
32 29 15 25 32 47 42 13 1 13 15 11 30 27 54 45 50 59 76 71 17 29 23 46 19 46 53 39 57 63 76 71 28 32 20 43 28 62 35 35 43 59 55 57 12 10 29 2 35 37 59 72 67 24 27 15 39 24 57 32 80 75 26 33 20 47 27 61 42 90 37 47 35 62 38 71 60 32 42 30 57 33 66 55 16 24 6 26 36 17 12 14 14 34 22 6 22 25 27 6 40 35 35 17 25 
20 24 5 19 23 36 31 25 13 23 3 23 30 22 43 33 39 48 64 59 4 17 13 34 6 37 42 30 52 56 67 62 29 28 19 35 29 58 23 26 33 48 43 12 33 12 16 10 30 28 51 63 58 26 24 15 31 25 54 20 70 65 24 26 14 37 24 56 29 79 28 37 24 51 29 63 47 24 32 19 46 25 59 43 28 36 13 38 41 19 24 6 26 36 17 8 34 30 26 11 36 25 39 18 15 
28 36 11 31 36 48 43 20 11 13 15 18 39 18 55 41 51 59 75 70 16 27 17 43 17 50 45 43 64 68 79 74 38 39 28 48 37 70 34 38 45 59 54 10 12 49 27 9 42 29 64 75 70 33 35 24 44 33 65 31 82 77 34 38 26 50 34 68 39 91 41 49 37 63 42 76 56 36 44 32 58 37 71 52 24 28 16 33 46 7 16 18 22 44 13 6 26 36 17 15 48 28 45 7 28 
6 24 15 22 18 22 17 42 30 39 13 40 37 25 29 17 25 32 48 43 11 1 13 17 9 29 29 22 46 48 55 50 37 30 27 28 35 57 7 18 20 32 27 29 16 27 12 27 30 23 43 50 46 35 27 26 24 34 53 3 56 52 29 23 19 26 27 52 12 64 22 25 13 37 21 55 30 20 21 9 32 19 51 26 45 53 28 55 51 31 41 16 43 42 22 24 51 41 35 26 36 17 49 30 14 
30 28 13 24 30 45 40 15 3 14 13 13 30 26 52 43 49 57 74 69 15 27 21 44 17 45 51 37 57 62 74 70 28 31 19 42 28 61 33 33 41 58 53 2 10 9 27 53 34 36 58 71 66 24 27 15 38 24 57 30 78 73 26 32 19 45 26 60 40 88 35 45 33 61 37 70 57 30 40 28 56 32 65 53 18 26 6 28 36 16 14 12 16 34 21 4 24 26 26 6 40 33 36 17 23 
37 6 34 10 12 27 25 43 35 48 28 42 13 51 30 43 30 39 56 53 29 31 39 39 30 17 59 14 23 29 45 40 15 3 15 13 13 28 28 15 23 40 37 35 30 42 30 34 72 53 26 42 37 17 7 19 13 15 24 30 51 46 9 7 15 21 8 26 36 63 12 23 21 39 14 37 50 10 20 21 36 12 32 48 42 54 29 51 28 49 46 24 40 16 46 36 53 24 57 28 6 47 26 48 17 
16 47 23 43 41 42 38 49 38 42 27 47 57 13 48 22 44 48 59 54 25 21 15 27 24 51 17 45 69 70 74 70 57 52 46 51 56 80 28 40 41 47 43 37 28 29 23 36 53 34 65 70 66 54 48 44 47 53 76 24 74 69 50 46 39 47 49 75 26 79 45 46 35 53 44 76 37 43 42 32 49 42 73 32 53 57 41 63 69 28 46 33 52 63 16 31 55 59 24 39 58 6 68 26 36 
49 30 54 34 28 25 27 69 60 72 49 68 38 69 21 48 25 28 41 40 49 44 56 42 48 14 65 22 8 4 19 15 40 29 41 16 38 23 37 26 24 29 30 59 51 64 43 58 26 65 18 18 14 43 33 45 20 41 23 41 27 23 35 26 38 18 33 15 40 41 23 20 30 25 22 11 45 27 23 34 25 26 7 46 68 80 54 77 51 71 71 46 66 39 65 59 79 49 77 53 22 59 49 70 36 
54 44 64 48 40 28 32 83 73 85 59 82 55 76 21 49 26 23 28 28 59 51 64 43 58 26 65 33 25 17 4 3 57 45 56 29 55 40 43 37 30 24 27 72 63 75 50 71 42 70 18 54 5 59 48 59 32 58 40 47 9 5 51 40 52 25 49 31 43 23 35 26 38 18 33 15 40 40 30 43 21 38 17 43 83 95 68 93 68 81 85 58 81 56 73 70 93 66 86 66 39 64 66 80 47 
50 39 59 43 35 24 28 78 68 80 54 77 50 71 17 45 22 20 29 28 54 47 59 39 53 21 62 28 22 14 9 4 52 40 51 24 50 37 38 32 25 21 24 67 58 70 46 66 37 66 14 5 46 55 43 54 27 53 37 43 13 9 46 35 47 20 44 28 39 27 30 21 34 15 28 14 38 35 26 38 18 33 15 40 78 90 63 88 64 76 80 53 76 52 69 65 88 61 81 61 35 60 62 75 42 
41 16 31 15 24 42 38 28 24 35 26 27 6 48 47 52 45 54 72 68 28 37 39 50 30 34 65 29 39 47 62 58 4 14 8 31 5 39 37 28 37 55 51 24 26 33 35 24 17 54 43 59 55 71 12 10 29 2 35 37 68 64 9 21 16 38 11 40 45 81 27 39 33 56 29 54 62 23 35 30 52 25 49 59 26 38 18 33 15 40 32 21 25 10 43 27 37 7 51 18 21 49 13 41 22 
34 4 28 5 12 30 26 36 28 41 22 35 10 45 34 42 33 42 60 56 24 28 34 39 24 22 57 17 30 36 51 46 11 4 8 19 9 34 26 16 25 43 39 27 24 35 27 27 7 48 33 48 43 12 52 12 16 10 30 28 57 52 3 9 9 25 1 33 35 69 14 27 21 43 16 44 51 11 23 19 39 13 39 48 35 47 22 44 26 42 38 18 33 15 40 29 46 19 51 21 13 43 24 42 13 
32 15 21 11 20 38 33 24 16 28 16 22 15 37 43 44 41 50 68 64 18 27 28 42 19 33 55 27 43 49 63 58 14 16 4 30 13 46 29 24 33 51 47 15 15 24 26 15 19 44 45 59 54 10 12 77 27 9 42 29 68 63 11 19 9 35 11 46 38 79 24 36 27 53 26 56 55 19 31 23 48 21 51 52 23 35 9 33 25 31 26 11 21 20 32 18 33 15 40 9 25 39 24 31 15 
30 12 34 15 7 14 12 50 40 53 28 49 26 48 18 33 17 26 44 40 28 25 36 28 28 6 50 2 22 25 36 31 27 15 24 4 25 33 19 6 10 27 24 39 31 44 24 38 13 47 20 32 27 29 16 27 36 27 30 23 41 36 19 7 19 9 17 28 25 52 2 10 11 27 2 32 37 7 7 14 23 6 28 36 50 62 35 60 41 50 52 26 49 29 45 38 60 36 57 33 15 40 39 49 15 
40 14 30 13 22 40 36 29 24 36 25 28 6 47 45 50 43 52 70 66 27 35 37 48 28 32 63 27 37 45 61 56 4 12 6 29 4 38 35 26 35 53 49 24 25 33 34 24 15 53 41 58 53 2 10 9 27 67 34 36 66 62 7 19 14 36 9 39 43 79 25 37 31 54 27 52 60 21 33 28 49 23 47 57 27 39 17 35 17 40 32 20 26 10 42 27 38 9 50 18 19 48 15 40 20 
59 30 59 34 34 42 42 63 58 70 52 62 28 75 41 63 43 50 64 62 53 54 63 58 54 28 80 32 14 23 40 37 30 26 37 27 29 4 49 36 39 51 50 57 54 65 53 57 24 76 23 40 37 35 30 42 30 34 31 53 49 45 31 29 39 34 30 9 55 63 31 37 42 47 32 27 65 33 37 43 46 33 23 65 60 73 51 67 35 72 66 48 59 26 70 59 72 38 81 51 18 70 33 72 40 
7 25 19 23 18 19 15 46 33 43 17 44 39 28 26 14 22 28 44 39 15 4 16 13 13 27 28 21 45 46 52 47 39 30 30 27 37 56 4 17 18 29 24 32 20 31 3 30 30 24 41 47 43 37 28 29 23 36 53 81 53 48 30 23 21 24 29 51 9 61 21 22 11 33 20 52 27 20 18 9 28 19 49 23 48 57 32 58 53 35 45 19 46 44 26 28 55 44 38 30 36 18 51 33 15 
59 53 71 56 48 34 39 91 81 93 66 90 64 81 27 52 31 26 25 26 66 57 70 46 64 34 67 41 35 25 8 11 66 54 65 37 64 48 49 44 37 26 30 80 70 82 56 78 51 74 27 9 13 68 57 68 41 66 49 53 36 5 59 48 59 32 58 40 47 14 43 33 45 20 41 23 41 48 38 50 25 46 26 45 91 103 76 101 78 88 92 65 90 65 79 78 101 75 92 74 49 68 76 86 55 
54 48 66 51 43 29 34 86 76 88 61 85 59 77 22 48 26 22 24 25 61 52 65 42 59 29 63 36 31 22 7 8 61 49 60 32 59 45 44 39 32 22 26 75 65 77 52 73 46 69 23 5 9 64 52 63 36 62 45 48 5 28 55 43 54 27 53 37 43 18 38 28 40 16 36 20 38 43 33 45 20 41 23 41 86 98 71 96 73 83 87 60 85 61 74 73 96 70 87 69 44 64 71 81 50 
35 7 29 7 15 33 29 34 27 39 23 33 8 46 37 45 36 45 63 59 25 30 35 42 25 25 59 20 32 39 54 49 8 6 6 22 6 35 29 19 28 46 42 26 24 34 29 26 9 50 35 51 46 9 3 11 19 7 31 30 59 55 87 12 10 29 2 35 37 72 18 30 24 47 20 46 54 14 26 22 42 16 41 51 33 45 20 41 23 41 36 18 31 13 41 28 44 16 50 20 14 45 21 41 15 
30 5 30 8 5 21 18 43 34 46 24 42 19 46 25 36 24 33 51 47 24 25 33 32 24 13 52 8 25 30 43 38 20 8 16 10 18 34 20 8 16 34 30 33 26 38 23 32 7 46 26 40 35 21 9 19 7 19 29 23 48 43 12 66 12 16 10 30 28 60 5 18 14 34 7 37 43 3 14 14 30 4 33 41 43 55 28 53 34 45 45 20 41 23 41 33 53 28 53 27 12 40 32 45 11 
25 9 19 5 11 28 24 31 21 34 13 30 18 36 35 36 32 41 59 55 14 20 25 34 15 25 49 18 37 43 55 50 18 13 8 23 16 44 21 15 24 42 37 20 14 26 19 19 15 39 38 52 47 16 9 9 19 14 39 21 59 54 10 12 90 27 9 42 29 71 16 27 18 44 18 50 46 11 22 14 39 13 45 43 32 43 16 42 31 33 33 8 30 23 31 20 41 23 41 14 21 34 30 33 6 
31 21 39 24 15 7 9 59 48 60 34 57 35 52 9 30 9 17 35 31 34 27 39 25 32 6 47 8 23 22 29 24 36 24 33 8 34 37 19 11 6 18 16 47 37 50 26 45 21 47 18 25 20 38 25 35 9 36 34 24 32 27 29 16 27 41 27 30 23 43 11 2 13 18 9 28 31 16 5 18 14 14 25 30 59 70 43 69 50 56 59 33 57 38 49 45 69 45 61 41 23 41 48 55 22 
34 5 28 5 13 31 27 35 27 40 22 34 9 45 35 43 34 43 61 57 24 29 34 40 25 23 57 18 31 37 52 47 10 5 7 20 8 35 27 17 26 44 40 27 24 34 27 26 8 49 33 49 44 11 1 11 17 9 30 29 58 53 2 10 9 27 83 34 36 70 15 28 22 45 18 45 52 12 24 20 40 14 40 49 34 46 21 43 25 41 37 17 33 14 40 28 45 18 50 20 13 43 23 41 13 
58 32 60 37 34 38 39 68 62 74 54 67 34 76 36 61 38 43 57 55 55 54 64 55 55 25 78 30 7 14 31 28 36 29 41 24 35 8 47 34 36 45 44 61 56 68 52 60 26 75 15 31 28 40 33 46 28 39 9 51 40 37 35 30 42 30 34 46 53 54 30 32 40 40 30 18 60 33 34 42 40 33 14 60 66 79 55 74 43 75 71 50 65 33 72 62 78 45 83 54 20 69 41 75 41 
12 31 28 30 23 16 13 55 43 52 26 53 45 34 22 8 17 22 36 31 24 12 23 4 22 28 25 23 45 45 48 44 46 36 38 28 44 59 8 20 17 22 17 42 29 39 12 40 36 26 40 43 39 45 35 38 25 43 55 9 47 43 37 28 29 23 36 53 83 54 24 20 14 27 23 50 18 25 18 15 22 23 48 14 57 66 41 68 60 43 54 28 55 50 33 37 64 52 45 39 40 20 59 41 23 
66 65 80 68 59 43 48 102 91 103 76 101 77 88 36 57 39 32 22 26 75 65 77 51 73 46 69 52 49 40 22 25 79 66 77 50 77 62 57 55 47 32 37 90 79 91 64 88 63 79 41 23 27 81 69 79 52 79 63 61 14 18 72 60 71 43 70 54 54 10 55 43 54 27 53 37 43 59 48 59 32 58 40 47 103 114 87 113 91 96 103 76 101 79 87 87 112 88 99 85 62 74 89 95 65 
28 10 31 13 5 15 12 48 38 50 25 46 24 46 19 32 18 27 45 41 26 23 33 28 25 9 49 2 24 27 39 34 25 14 21 7 23 35 17 4 11 28 25 37 28 41 22 35 12 45 23 35 30 27 14 24 2 25 31 21 43 38 18 5 16 11 15 30 24 55 119 12 10 29 2 35 37 5 8 12 24 3 30 36 48 59 32 58 40 47 49 23 46 28 42 36 58 34 54 31 15 39 38 47 12 
29 23 38 25 16 5 7 59 48 60 33 57 36 50 7 28 7 15 33 29 33 26 38 22 32 8 45 9 25 24 30 25 38 25 34 10 36 39 18 12 4 16 13 47 37 49 25 45 23 46 20 26 21 39 27 36 10 37 37 22 33 28 30 18 27 2 28 32 20 43 12 96 12 16 10 30 28 16 5 17 12 14 27 28 59 71 43 69 52 55 59 32 58 40 47 45 69 46 60 42 25 39 50 54 22 
18 17 26 17 9 11 6 48 36 48 21 46 32 38 18 22 15 24 41 37 20 14 26 18 19 16 38 9 33 35 43 38 33 22 25 15 31 45 7 6 8 24 19 35 24 37 13 33 21 35 30 38 34 33 21 27 11 31 42 11 45 40 24 14 18 13 22 40 14 54 10 12 119 27 9 42 29 11 8 5 22 9 38 26 49 59 33 59 47 42 48 21 47 36 35 32 58 40 47 31 26 29 45 41 11 
39 39 52 41 32 15 20 75 63 75 48 73 53 61 9 32 12 5 17 14 47 37 50 26 45 22 47 26 33 27 22 19 54 42 50 25 52 49 29 28 19 6 10 62 51 63 37 61 39 53 25 18 15 56 43 53 27 54 47 33 20 16 47 34 44 18 45 40 27 27 29 16 27 65 27 30 23 33 21 32 5 31 29 25 76 87 59 86 68 68 75 48 74 56 59 59 85 63 72 58 40 47 66 67 38 
27 12 32 15 6 13 11 50 39 51 26 48 26 46 17 31 16 25 43 39 26 23 34 26 26 8 48 0 24 27 37 32 28 16 23 6 25 36 16 4 9 26 23 38 29 42 21 37 14 44 22 33 28 29 16 26 2 27 32 20 41 36 20 7 18 9 18 30 23 53 2 10 9 27 116 34 36 6 6 12 22 5 30 34 50 61 34 59 42 48 51 24 48 30 43 37 59 36 55 32 17 38 40 47 13 
59 41 66 45 40 34 38 80 71 84 60 79 48 80 29 58 33 35 43 43 61 56 68 51 60 26 74 33 15 7 14 12 50 40 52 27 48 25 48 38 34 36 37 71 63 76 55 70 37 76 11 15 14 54 44 56 32 52 27 52 23 20 46 37 50 28 45 18 50 37 35 30 42 30 34 80 53 39 34 46 31 38 5 54 79 91 66 88 59 82 82 58 78 48 77 70 90 59 89 64 32 70 58 82 47 
28 47 45 47 38 23 25 73 61 70 44 71 61 48 24 15 21 18 22 17 42 30 40 13 40 37 26 35 53 49 45 42 62 51 55 39 60 68 25 34 27 17 15 60 47 56 30 57 50 37 45 40 38 62 51 55 37 60 65 27 41 38 54 43 46 31 52 60 18 43 37 28 29 23 36 53 95 40 29 32 21 38 51 5 75 84 59 86 77 59 72 46 73 66 48 55 82 69 59 57 53 32 75 58 40 
26 7 27 8 1 19 15 43 33 45 21 41 21 43 24 33 22 31 49 45 22 21 30 29 21 14 48 7 28 32 44 39 22 11 17 11 20 37 17 5 14 32 28 32 24 36 20 30 10 43 27 40 35 23 11 19 7 21 33 20 48 43 14 3 11 16 12 33 25 59 5 16 11 33 6 39 40 110 12 10 29 2 35 37 43 54 27 53 37 43 44 18 41 25 38 31 53 30 50 26 15 37 35 42 8 
25 19 33 20 11 7 5 54 43 55 28 52 33 46 12 26 10 19 37 33 28 22 34 21 27 9 43 6 27 27 35 30 34 22 29 9 32 40 14 7 2 20 16 42 32 44 21 40 20 42 23 30 26 35 23 31 7 33 37 18 38 33 26 14 22 5 24 34 18 48 8 5 8 21 6 34 29 12 87 12 16 10 30 28 55 66 38 65 48 50 54 27 53 37 43 40 64 42 55 37 23 36 46 49 17 
16 16 21 14 8 16 11 43 31 43 16 41 30 34 23 23 20 28 46 41 15 11 22 20 14 20 38 12 36 39 47 43 30 21 22 18 28 47 7 8 13 29 24 30 19 32 9 28 21 32 34 43 38 30 19 23 14 28 43 9 50 45 22 14 14 18 20 42 15 59 12 17 5 32 12 46 32 10 12 109 27 9 42 29 45 55 28 55 45 37 43 16 43 35 31 27 53 37 43 26 26 26 43 36 7 
34 35 47 37 28 10 15 70 59 70 43 68 49 56 5 28 7 3 20 17 42 32 45 22 40 19 44 22 32 27 25 22 50 38 46 22 48 48 24 23 14 4 6 57 46 58 32 56 36 49 25 21 18 52 39 48 23 49 46 28 25 20 42 30 39 14 40 40 22 32 24 12 22 5 22 31 21 29 16 27 55 27 30 23 71 82 55 81 64 63 70 43 69 52 54 54 80 59 67 53 37 43 62 62 33 
25 9 28 10 1 17 13 45 34 46 22 43 23 43 22 31 20 29 47 43 22 20 30 27 22 13 47 5 27 31 42 37 24 13 19 10 22 37 16 3 12 30 26 33 25 37 19 32 12 42 26 38 33 25 13 21 6 23 33 19 46 41 16 4 13 14 14 33 23 58 3 14 9 31 5 38 38 2 10 9 27 106 34 36 45 56 29 55 39 44 46 19 43 27 39 32 54 32 51 27 16 36 37 43 9 
56 36 62 41 35 32 34 75 67 79 56 74 43 76 27 55 31 33 44 43 56 52 64 49 56 22 72 29 10 3 17 14 45 35 47 23 43 22 44 34 31 35 36 66 59 71 51 65 32 73 7 17 15 49 39 51 28 47 23 49 26 23 41 33 45 25 40 14 48 40 30 27 38 29 30 5 51 35 30 42 30 34 74 53 74 87 61 83 55 78 78 53 73 43 73 66 85 54 85 60 27 67 53 77 43 
24 44 41 44 36 22 23 69 56 65 40 67 59 43 25 10 21 20 26 22 38 26 35 9 36 36 22 34 53 50 47 45 59 49 52 38 58 68 22 32 26 19 17 55 43 52 26 53 48 32 46 43 40 59 48 52 36 57 65 23 45 41 51 41 43 30 49 60 14 47 36 28 26 25 34 54 5 37 28 29 23 36 53 86 71 79 55 82 74 55 67 43 69 63 43 50 77 66 54 53 51 27 72 53 37 
48 38 32 35 43 61 56 5 15 15 31 6 32 42 67 62 64 73 91 86 33 45 40 62 35 57 69 50 65 72 87 82 30 39 27 54 31 65 50 47 56 74 69 16 28 24 45 18 42 53 68 83 78 26 35 23 50 27 60 48 91 86 33 43 32 59 34 66 57 103 48 59 49 76 50 79 75 43 55 45 71 45 74 71 24 12 16 10 30 28 10 29 2 35 37 22 11 22 38 18 46 52 30 30 38 
56 50 38 47 55 71 66 11 23 15 40 13 45 45 78 69 75 83 101 96 41 53 45 70 43 69 74 62 77 84 99 94 43 51 39 66 44 77 59 59 67 84 79 24 36 28 53 26 54 57 80 95 90 38 47 35 62 39 73 57 103 98 45 55 43 70 46 79 66 114 59 71 59 87 61 91 84 54 66 55 82 56 87 79 12 21 27 9 42 29 12 38 13 47 41 29 2 35 37 29 59 57 42 31 48 
33 24 17 20 28 44 39 15 6 18 15 13 24 32 50 45 48 57 74 69 17 29 25 45 19 42 55 35 52 58 72 67 22 26 14 39 22 56 33 31 40 57 52 6 13 16 28 6 29 41 54 68 63 18 22 9 35 17 51 32 76 71 20 28 16 43 21 55 41 87 32 43 33 59 34 66 59 27 38 28 55 29 61 55 16 27 58 27 30 23 16 12 14 28 27 10 25 19 33 2 35 37 29 23 21 
58 48 42 45 53 71 66 13 25 22 41 15 40 51 77 72 74 83 101 96 43 55 49 72 45 66 79 60 73 80 96 91 37 48 36 63 39 71 60 57 66 84 79 26 38 33 55 28 51 63 77 93 88 33 44 33 60 35 67 58 101 96 41 53 42 69 43 74 68 113 58 69 59 86 59 88 86 53 65 55 81 55 83 82 10 9 27 4 34 36 17 39 12 41 46 32 10 28 45 29 55 61 35 37 48 
57 30 46 30 38 55 52 34 35 44 41 34 15 62 59 67 58 67 85 81 43 52 54 65 45 45 80 42 44 53 71 66 14 26 23 42 16 39 52 42 51 68 65 36 41 46 51 36 28 69 51 68 64 15 26 25 41 17 35 53 78 73 23 34 31 50 25 43 60 91 40 52 47 68 42 59 77 37 48 45 64 39 55 74 30 42 30 34 70 53 39 36 30 12 57 41 41 10 63 31 29 65 2 53 37 
31 43 16 38 42 53 48 23 17 14 22 21 46 15 61 44 57 64 79 74 22 31 19 47 23 57 45 49 71 75 85 80 45 46 35 54 44 77 39 44 51 64 59 17 19 7 31 16 49 28 71 81 76 40 42 31 50 40 72 35 88 83 41 45 33 56 41 75 43 96 47 55 42 68 48 82 59 43 50 37 63 44 78 55 28 29 23 36 53 75 18 25 27 51 12 13 27 42 10 22 55 29 52 2 35 
43 41 26 37 44 60 55 5 11 5 28 4 38 33 66 57 63 72 89 84 29 41 33 58 31 58 62 51 69 75 88 83 36 43 30 56 37 71 47 48 56 72 67 12 24 16 41 14 46 46 71 85 80 32 38 26 52 32 66 45 92 87 36 45 33 59 37 71 54 103 49 59 48 75 51 82 72 44 54 43 70 46 78 67 10 12 16 17 39 18 25 27 9 42 29 16 10 30 28 18 51 44 39 20 37 
21 18 10 13 18 32 27 27 15 27 5 25 25 28 39 34 36 45 62 57 7 17 17 33 8 32 44 25 46 50 62 57 24 22 13 30 23 52 21 21 29 45 40 14 6 18 16 12 24 33 46 58 53 21 18 11 26 20 48 19 65 60 18 20 8 33 17 50 28 76 23 32 21 48 24 58 46 18 27 16 43 19 53 43 29 38 12 39 36 25 27 33 27 30 23 12 36 26 33 10 30 28 35 24 10 
46 37 30 33 42 59 54 4 13 14 29 5 31 40 65 60 62 71 89 84 31 43 38 60 33 55 67 49 63 70 85 80 29 37 25 52 30 64 48 46 54 72 67 14 26 22 43 16 40 52 66 81 76 25 33 21 49 26 59 46 90 85 31 41 30 57 33 65 55 101 46 58 47 74 48 78 73 41 53 43 69 43 73 69 2 13 14 12 30 27 9 27 20 34 36 20 12 22 37 16 45 50 30 28 36 
49 19 41 20 27 44 41 38 34 45 35 37 5 58 47 58 47 55 73 69 37 43 48 54 38 33 72 31 33 41 59 54 6 14 16 30 7 30 42 31 39 56 53 34 36 44 42 34 16 63 39 56 52 10 15 20 29 10 26 44 65 61 13 23 23 38 14 33 50 79 28 40 36 56 30 48 66 25 37 35 52 27 43 63 35 47 28 41 12 51 42 30 34 61 53 38 46 12 61 28 16 58 10 51 28 
20 40 12 36 37 45 40 33 23 25 18 31 47 5 52 32 48 54 68 63 17 22 9 36 17 51 33 43 66 70 78 73 46 45 36 49 46 75 30 39 43 54 49 22 17 13 22 21 46 16 65 73 69 43 40 32 45 42 70 26 79 74 41 41 31 49 40 72 33 87 42 47 35 59 43 77 48 38 43 31 54 39 73 43 37 41 27 46 57 12 29 23 36 53 57 16 39 46 12 25 52 16 56 10 30 
27 30 9 25 30 44 39 18 7 15 11 16 33 22 51 40 47 56 72 67 12 24 17 41 14 45 47 37 58 63 74 70 31 33 22 43 31 63 31 33 41 56 51 6 8 6 24 4 36 31 59 70 65 27 29 18 38 27 59 28 78 73 28 33 20 45 28 62 37 87 36 45 32 59 37 70 55 31 40 27 54 32 66 50 22 29 10 32 41 13 16 12 20 38 16 54 27 30 23 9 42 29 40 13 23 
54 49 36 45 53 69 64 10 21 13 38 11 44 43 76 67 73 82 99 94 39 51 43 68 41 67 72 60 76 83 97 92 41 50 37 64 43 76 57 57 65 82 77 22 34 26 51 24 53 55 79 93 88 37 46 33 60 38 72 55 101 96 44 53 41 69 45 78 64 112 58 69 58 85 59 90 82 53 64 53 80 54 85 77 11 2 25 10 41 27 10 36 12 46 39 27 19 34 36 27 58 55 42 29 47 
47 23 36 22 31 49 45 26 25 34 31 25 11 52 54 59 53 62 80 76 33 43 43 57 35 41 71 37 44 53 69 64 9 21 14 38 11 43 44 35 44 62 59 25 30 36 41 26 24 59 49 66 61 7 19 15 36 9 38 44 75 70 16 28 23 45 18 45 52 88 34 46 40 63 36 59 69 30 42 37 59 32 54 66 22 35 19 28 10 42 30 26 22 12 46 30 34 84 53 20 27 55 9 43 29 
33 51 23 46 49 58 53 33 27 23 29 32 56 11 65 44 60 67 80 75 28 34 22 48 29 63 41 55 78 82 90 86 55 55 45 61 54 85 43 51 55 67 62 27 26 17 35 26 57 24 77 86 81 51 51 40 57 50 81 38 92 87 50 53 41 61 50 83 45 99 54 60 47 72 55 89 59 50 55 43 67 51 85 54 38 37 33 45 63 10 28 33 37 61 12 23 36 53 59 32 63 27 62 9 42 
31 23 15 19 26 42 37 17 7 19 13 15 24 31 49 43 46 55 72 67 15 27 24 43 17 40 53 33 51 57 70 65 22 25 13 37 22 55 31 30 38 55 50 6 11 15 26 6 28 39 53 66 61 18 21 9 33 18 51 30 74 69 20 27 14 41 20 54 39 85 31 42 31 58 32 64 57 26 37 26 53 27 60 53 18 29 2 29 31 22 18 10 16 28 25 9 27 20 32 54 34 36 30 23 19 
42 12 41 16 17 29 28 48 41 53 34 47 15 57 32 48 32 40 57 54 35 37 45 43 36 17 64 17 18 25 42 37 17 8 20 14 16 22 32 19 25 41 38 40 36 48 36 40 6 58 22 39 35 21 13 25 15 19 18 36 49 44 14 12 21 23 13 20 40 62 15 25 26 40 17 32 53 15 23 26 37 16 27 51 46 59 35 55 29 55 51 30 45 16 52 42 58 27 63 34 60 53 27 54 23 
10 41 20 38 35 36 32 48 36 41 23 46 52 15 42 17 38 42 54 49 21 15 12 22 19 45 17 39 63 64 68 64 52 46 42 45 51 74 22 34 35 42 37 35 25 28 17 33 47 6 59 64 60 49 43 39 40 48 70 18 68 64 45 40 34 41 43 69 20 74 39 39 29 47 38 70 32 37 36 26 43 36 67 27 52 57 37 61 65 29 44 28 50 58 16 29 55 55 27 36 53 46 63 27 30 
55 28 45 28 36 53 50 34 35 44 40 34 13 61 57 66 56 65 83 79 42 50 52 63 43 43 79 40 42 51 69 64 12 24 21 40 14 37 50 40 49 66 63 35 39 45 49 36 26 68 49 66 62 13 24 24 39 15 33 51 76 71 21 32 30 48 23 41 59 89 38 50 45 66 40 58 75 35 46 43 62 37 53 72 30 42 29 35 2 52 39 35 30 10 56 40 42 9 62 30 27 63 68 53 36 
29 42 15 38 41 52 47 25 18 16 21 23 46 13 59 42 55 62 77 73 21 29 18 45 22 56 43 48 70 74 84 79 45 46 35 54 45 77 37 44 49 63 58 17 18 7 30 17 48 26 70 80 75 41 42 31 49 40 72 33 86 81 41 45 33 55 41 75 41 95 47 54 41 67 47 82 58 42 49 36 62 43 77 53 30 31 23 37 53 2 20 24 28 51 10 13 29 43 9 23 54 27 53 72 34 
20 11 19 8 7 22 18 37 26 38 13 35 23 34 29 29 26 35 53 48 13 15 22 27 13 22 43 14 36 40 51 46 23 16 15 19 22 45 14 10 18 36 31 25 15 28 14 23 17 36 36 47 42 22 13 15 15 20 40 15 55 50 15 11 6 22 13 41 23 65 12 22 11 38 13 47 40 8 17 7 33 9 43 37 38 48 21 48 37 35 37 10 36 28 30 23 47 29 42 19 23 30 36 34 106 
