153 18
43 22 18 33 32 30 24 12 29 29 16 10 7 14 29 20 31 31 37 11 43 24 11 26 40 12 7 18 18 35 43 36 42 50 28 62 47 33 25 58 34 28 35 24 46 60 51 60 16 62 39 26 37 59 24 26 36 31 52 62 54 60 35 41 36 12 32 41 27 20 15 11 30 20 34 56 43 37 70 42 38 47 36 58 72 63 72 40 12 53 42 31 33 18 35 53 43 55 1 39 35 22 20 7 22 39 29 41 34 4 11 18 26 36 39 34 36 39 35 44 33 55 69 60 69 26 22 11 19 38 28 41 13 2 22 36 27 37 12 33 46 37 45 30 36 30 35 58 51 56 63 71 61 
22 63 17 38 12 19 25 35 9 29 24 14 28 20 13 12 10 21 37 22 31 2 12 42 29 13 19 21 33 37 34 32 30 37 11 43 24 11 26 40 12 7 18 18 35 43 36 42 7 48 21 13 43 46 8 21 30 35 48 50 46 47 12 30 34 32 9 39 30 19 29 11 7 2 11 34 20 32 52 19 19 30 26 45 55 48 54 23 11 30 27 14 10 4 17 31 22 32 24 17 28 18 6 18 12 19 10 19 31 24 31 31 44 45 37 38 31 16 16 27 24 43 52 45 51 22 11 20 8 16 7 18 9 24 21 20 16 18 23 29 31 27 28 36 30 30 24 48 44 44 49 54 46 
18 17 75 47 19 35 36 27 17 41 30 19 25 4 14 6 19 13 21 26 25 16 14 26 22 19 11 4 18 20 25 18 23 31 29 45 36 26 9 41 29 17 19 6 27 43 33 43 11 43 24 11 26 40 12 7 18 18 35 43 36 42 28 46 47 31 26 52 40 30 32 12 22 17 28 43 30 19 52 32 23 30 18 39 54 45 54 40 9 40 45 31 26 17 19 38 29 42 18 27 43 30 21 20 6 25 16 30 17 22 20 15 30 27 22 21 18 29 20 26 15 36 51 41 51 35 26 25 9 26 18 31 13 18 4 19 9 22 9 15 28 19 28 19 18 13 16 40 33 38 44 53 43 
33 38 47 23 49 24 12 38 47 9 17 28 29 45 51 45 48 57 68 21 68 40 32 58 66 27 38 49 50 67 71 66 67 75 31 80 55 44 56 78 40 45 56 51 72 81 74 79 37 86 59 49 70 84 45 54 65 64 82 88 82 85 43 24 11 26 40 12 7 18 18 35 43 36 42 67 56 66 89 52 57 68 62 83 93 86 91 33 38 64 32 31 42 34 55 67 59 66 34 53 18 20 31 27 47 56 48 54 65 29 42 51 56 69 70 66 65 49 54 65 60 81 90 83 88 16 27 22 42 52 44 51 35 34 52 58 52 55 44 63 69 63 66 62 65 61 61 85 80 82 87 91 84 
32 12 19 49 87 28 37 43 3 41 36 26 39 24 6 14 1 15 33 34 21 9 22 45 20 24 26 23 37 35 26 27 20 27 20 31 16 9 25 28 14 4 7 16 25 31 25 30 16 37 9 9 42 35 8 18 24 33 41 40 37 36 11 39 45 43 12 50 42 31 41 21 7 14 12 24 11 26 40 12 7 18 18 35 43 36 42 28 19 20 33 21 11 16 6 20 10 23 33 8 38 29 18 29 13 7 3 10 27 34 38 35 50 45 32 36 25 10 5 16 18 33 40 34 39 33 22 31 12 6 5 12 19 33 21 10 12 6 28 25 21 19 17 36 23 27 17 38 36 33 38 42 34 
30 19 35 24 28 48 13 41 26 15 19 20 33 35 32 30 27 40 55 21 49 21 22 55 48 18 31 38 46 55 53 51 48 55 8 57 31 20 44 55 16 25 36 36 53 59 53 56 23 66 37 32 61 64 27 39 49 53 67 69 65 64 19 11 17 33 17 21 17 11 26 24 21 18 18 43 32 51 66 28 35 47 44 63 70 64 68 11 26 40 12 7 18 18 35 43 36 42 32 29 9 8 13 23 31 34 29 30 50 29 41 46 56 62 56 56 50 25 33 44 43 62 68 62 65 8 9 20 26 29 24 27 22 32 39 38 35 34 37 48 49 46 45 53 49 48 43 67 64 62 67 69 63 
24 25 36 12 37 13 22 33 34 4 9 17 24 35 38 33 35 45 58 13 56 28 21 51 54 16 29 38 43 56 59 54 55 62 19 68 43 31 45 65 28 32 44 40 60 68 61 66 25 74 46 37 60 71 32 42 53 53 71 76 70 72 31 18 11 23 28 16 5 6 14 24 31 23 29 55 43 55 77 40 44 55 50 71 80 73 78 24 26 52 24 19 29 21 43 55 46 54 26 40 12 7 18 18 35 43 36 42 53 22 35 43 50 60 58 56 54 37 42 53 48 69 78 70 75 4 14 13 30 40 32 38 23 27 41 46 40 43 35 52 57 51 54 53 53 50 49 73 68 69 75 79 72 
12 35 27 38 43 41 33 52 40 37 24 22 9 22 40 30 42 40 41 20 51 36 23 21 48 24 17 25 16 37 50 42 50 57 40 72 59 46 31 68 46 39 46 33 53 70 60 70 27 69 50 36 37 66 35 33 43 34 56 69 60 68 47 51 44 11 44 48 35 30 20 23 42 33 46 68 54 43 80 54 49 57 44 65 81 71 81 51 24 64 54 43 45 30 45 64 54 66 11 51 45 33 32 18 32 51 40 53 40 12 7 18 18 35 43 36 42 51 46 53 41 62 78 68 78 36 34 21 31 50 40 53 25 10 29 46 36 48 18 39 55 45 55 31 43 35 43 65 56 64 70 80 70 
29 9 17 47 3 26 34 40 81 38 33 23 35 21 5 11 2 14 32 30 22 6 19 43 21 21 23 21 35 33 26 26 21 28 18 34 19 10 23 31 14 1 9 14 27 34 27 33 13 39 12 7 41 37 5 17 23 32 41 42 38 38 12 37 43 40 11 48 39 28 37 17 6 11 12 27 14 26 43 14 10 21 18 37 46 38 45 28 16 24 33 20 11 13 8 24 14 26 29 11 36 27 15 26 10 10 2 13 26 31 35 33 47 43 31 35 25 12 7 18 18 35 43 36 42 31 20 28 9 9 2 14 16 29 19 11 11 9 25 24 23 19 19 34 23 26 17 40 37 35 40 45 37 
29 29 41 9 41 15 4 37 38 25 13 22 28 40 43 38 39 50 62 17 61 32 26 55 59 21 34 43 47 61 63 59 59 67 22 72 46 35 50 69 31 37 48 45 64 73 66 70 30 78 50 42 65 76 37 47 58 58 76 80 75 77 34 16 7 26 31 11 2 11 17 29 35 28 33 58 47 60 81 43 48 60 55 75 84 77 82 25 31 55 24 22 33 26 47 58 50 57 30 44 11 11 23 22 40 47 40 45 58 26 40 47 54 65 63 61 58 40 46 57 53 73 82 75 79 7 18 18 35 43 36 42 28 31 46 50 45 47 40 56 61 56 58 58 58 55 53 78 73 74 79 83 76 
16 24 30 17 36 19 9 24 33 13 15 11 15 28 36 28 34 41 51 4 52 26 15 42 50 11 21 32 34 50 54 49 51 59 22 67 46 32 39 64 31 31 42 35 56 67 59 66 21 71 45 34 53 68 30 37 48 46 65 72 66 69 33 27 20 14 29 25 11 8 6 18 31 22 31 57 44 49 76 42 43 54 46 67 79 71 78 30 21 54 31 24 31 19 41 55 46 55 17 41 21 11 18 10 30 43 34 42 47 12 26 34 41 52 52 49 48 38 40 51 44 65 76 68 75 12 16 5 26 40 31 40 18 18 35 43 36 42 27 46 54 47 52 45 48 43 45 69 63 66 72 78 69 
10 14 19 28 26 20 17 22 23 22 11 37 14 18 25 17 24 30 40 8 41 16 4 35 39 2 12 21 26 39 43 38 40 48 18 57 38 25 28 54 25 21 31 23 45 57 48 56 10 60 34 23 43 57 19 26 37 36 54 61 55 58 26 31 29 17 23 34 21 11 15 7 22 12 25 49 35 38 66 34 33 43 35 56 69 60 67 29 10 45 32 21 24 10 30 46 37 47 11 32 26 12 11 3 19 33 24 34 36 10 21 26 36 43 41 39 37 31 30 40 32 54 66 57 64 17 12 6 15 31 21 33 7 12 24 33 25 31 18 35 43 36 42 35 37 33 33 58 52 55 61 67 59 
7 28 25 29 39 33 24 9 35 28 15 14 36 21 36 27 37 38 43 11 50 30 16 28 47 16 14 25 21 40 50 42 49 57 33 69 53 39 32 65 39 34 42 31 53 67 58 67 22 69 46 33 42 66 31 33 43 37 58 69 61 67 40 42 35 5 37 39 26 21 11 17 36 26 39 62 49 44 77 48 45 54 43 65 79 70 79 43 19 59 45 35 38 24 42 59 49 61 7 46 36 24 25 11 29 46 36 48 41 4 12 22 26 40 45 39 42 45 42 51 40 62 76 67 76 27 26 12 26 45 34 47 19 7 29 43 34 44 18 40 53 44 52 35 43 36 42 65 57 63 70 78 68 
14 20 4 45 24 35 35 22 21 40 28 18 21 70 19 9 23 17 23 24 29 19 14 22 26 19 7 3 13 21 29 21 27 35 30 49 40 29 11 46 32 21 24 10 31 47 37 48 13 47 28 15 25 44 16 11 22 18 37 47 39 46 31 47 47 27 29 52 39 29 29 11 25 19 31 47 35 22 57 36 28 34 22 43 59 49 59 42 9 44 46 33 29 18 24 43 33 46 14 32 43 30 22 18 11 30 20 34 20 18 15 12 25 26 24 21 21 33 25 31 19 40 55 46 56 35 26 23 12 31 22 35 13 14 7 24 14 27 4 18 32 23 33 18 22 15 20 43 36 42 48 57 48 
29 13 14 51 6 32 38 40 5 43 36 25 36 19 87 10 6 9 27 33 17 10 21 40 16 24 23 18 32 29 21 21 16 24 24 32 22 15 19 29 19 6 6 10 21 31 23 30 15 35 9 3 36 33 6 12 18 27 36 37 33 34 17 43 48 41 17 52 43 32 40 19 11 14 17 28 16 20 40 18 9 18 13 32 43 35 42 33 17 25 38 25 16 16 5 24 14 27 30 13 41 31 20 28 8 11 3 15 21 32 34 30 45 39 26 30 20 16 5 15 12 30 40 32 39 36 24 31 10 12 8 18 18 30 16 7 6 7 23 19 18 14 16 30 18 21 12 35 32 31 36 42 33 
20 12 6 45 14 30 33 30 11 38 28 17 27 9 10 72 13 12 25 25 24 10 12 31 21 17 13 10 23 25 25 21 22 30 23 42 30 20 14 38 23 11 15 6 27 40 31 40 7 42 19 6 31 39 6 9 20 23 37 43 37 41 22 42 44 32 20 49 38 27 32 10 16 11 22 38 25 21 50 26 19 27 17 39 52 43 52 35 8 35 39 26 20 12 15 34 24 37 20 22 39 26 16 19 2 20 11 24 20 23 24 21 35 33 25 26 20 23 15 24 15 36 49 40 48 31 21 23 3 21 12 25 10 20 9 16 7 17 13 18 26 18 25 24 19 18 16 40 35 37 43 50 42 
31 10 19 48 1 27 35 42 2 39 34 24 37 23 6 13 84 15 33 32 22 8 21 45 21 23 25 23 37 35 27 27 21 28 19 33 17 9 25 30 13 3 9 16 26 33 26 31 15 38 10 9 42 36 7 18 24 33 42 41 38 37 11 37 44 42 11 48 40 29 39 19 6 12 11 25 12 26 42 13 9 20 18 36 45 37 43 27 18 22 32 20 10 15 7 22 12 24 32 8 36 28 17 27 12 8 3 11 27 33 37 35 49 45 32 36 26 10 6 17 18 34 42 35 40 32 21 30 11 7 3 12 18 31 21 11 12 7 27 25 22 19 18 36 24 27 18 39 37 35 39 43 36 
31 21 13 57 15 40 45 40 14 50 41 30 38 17 9 12 15 45 17 38 12 19 25 35 9 29 24 14 28 20 13 12 10 18 33 32 30 24 12 29 29 16 10 7 14 29 20 31 20 30 14 8 27 27 13 6 9 19 27 31 25 29 27 52 55 44 26 60 50 39 44 23 21 22 27 33 23 11 39 27 14 17 5 26 41 31 41 43 20 31 48 35 26 23 10 28 20 33 31 22 49 38 27 32 10 17 13 23 11 35 33 26 40 31 16 21 10 25 12 14 3 24 38 28 38 43 32 36 15 21 17 27 22 31 11 8 5 14 21 10 15 6 16 22 8 12 3 28 23 25 31 39 30 
37 37 21 68 33 55 58 41 32 62 51 40 43 23 27 25 33 17 37 47 19 35 36 27 17 41 30 19 25 4 14 6 19 22 49 42 48 42 12 39 46 33 27 19 18 37 28 41 33 32 30 24 12 29 29 16 10 7 14 29 20 31 44 67 69 49 43 74 62 51 53 33 38 37 44 49 41 7 47 44 31 30 16 27 46 36 49 60 31 47 64 51 43 37 28 43 36 49 36 39 64 52 42 41 24 35 30 41 6 41 33 23 34 16 2 7 7 43 30 27 15 24 43 33 46 56 47 46 29 38 34 44 34 36 16 25 21 31 25 7 24 16 29 11 10 7 16 25 15 26 33 45 35 
11 22 26 21 34 21 13 20 30 17 4 8 11 24 33 25 32 38 47 66 49 24 12 38 47 9 17 28 29 45 51 45 48 56 22 65 45 31 35 62 30 29 39 31 52 65 56 63 18 68 42 31 48 65 27 33 45 42 61 69 62 66 32 30 24 12 29 29 16 10 7 14 29 20 31 56 43 46 74 41 41 51 43 64 77 68 75 32 17 52 34 24 30 17 38 54 44 54 13 39 25 12 17 6 27 41 32 41 44 8 22 30 37 48 48 45 44 37 38 48 40 62 74 65 72 15 16 2 23 38 29 39 15 13 31 41 33 39 23 42 51 44 50 41 44 39 41 66 60 63 69 75 67 
43 31 25 68 21 49 56 51 22 61 52 41 50 29 17 24 22 12 19 49 65 28 37 43 3 41 36 26 39 24 6 14 1 6 41 22 31 31 21 19 36 24 13 19 4 19 9 21 31 18 14 18 32 15 23 17 10 24 21 19 16 17 33 60 66 56 33 70 61 50 56 34 28 32 34 30 24 12 29 29 16 10 7 14 29 20 31 50 32 29 55 43 32 34 14 24 19 30 43 24 59 49 38 43 22 19 20 25 15 47 44 36 50 36 17 26 13 29 16 8 10 12 26 16 27 53 42 47 26 24 25 30 34 43 22 11 16 16 33 14 4 6 10 29 9 19 8 17 16 13 19 28 18 
24 2 16 40 9 21 28 36 6 32 26 16 30 19 10 10 8 19 35 24 28 61 13 41 26 15 19 20 33 35 32 30 27 34 14 41 22 10 24 38 13 5 16 16 32 41 33 39 8 46 18 10 42 43 5 19 28 33 46 48 43 44 12 33 37 34 10 42 33 22 31 12 6 4 11 32 19 30 50 18 17 27 23 43 53 45 51 24 12 29 29 16 10 7 14 29 20 31 25 15 30 20 9 20 10 16 8 17 29 25 32 31 44 44 34 36 29 15 14 25 22 41 50 42 48 25 14 22 7 14 4 17 10 25 20 18 14 15 22 27 29 24 26 35 27 28 22 45 42 41 46 51 43 
11 12 14 32 22 22 21 23 19 26 15 4 16 14 21 12 21 25 36 12 37 13 49 33 34 4 9 17 24 35 38 33 35 43 18 53 36 22 24 50 23 17 27 19 40 52 44 51 6 55 30 18 39 52 15 21 32 32 50 56 50 54 24 33 33 21 21 37 26 15 19 2 19 9 23 45 32 34 62 31 29 39 30 52 64 56 63 30 5 42 34 21 22 7 26 43 33 44 12 29 29 16 10 7 14 29 20 31 32 12 20 23 34 40 37 35 32 28 26 36 28 49 61 53 60 20 13 10 11 28 18 30 3 12 19 28 20 27 15 30 39 31 37 32 32 28 29 53 47 50 56 63 54 
26 42 26 58 45 55 51 21 43 55 42 35 28 22 40 31 45 35 27 38 43 41 33 24 40 37 24 22 9 22 40 30 42 48 52 66 62 52 22 63 54 43 44 30 43 63 52 65 34 59 48 36 18 55 38 28 33 20 40 56 47 57 53 66 63 33 51 67 54 46 40 32 48 40 53 68 56 32 72 58 48 52 37 54 73 62 75 64 30 65 67 54 52 39 44 63 54 67 24 53 61 48 43 33 32 51 42 55 29 29 16 10 7 14 29 20 31 55 45 49 34 51 69 59 71 52 47 37 34 52 44 57 34 24 24 43 34 47 19 29 48 38 51 15 34 24 36 52 42 53 60 71 61 
40 29 22 66 20 48 54 48 21 59 50 39 47 26 16 21 21 9 17 47 3 26 34 40 58 38 33 23 35 21 5 11 2 9 40 26 32 30 18 22 35 23 13 16 5 22 12 25 29 21 14 16 29 18 21 14 7 21 21 22 17 20 32 59 64 53 33 69 59 48 53 32 27 30 33 32 25 9 32 29 16 12 4 17 33 23 34 49 29 30 54 42 32 32 14 26 20 32 40 24 57 47 36 41 19 19 19 25 12 44 41 33 46 33 15 23 10 29 16 10 7 14 29 20 31 51 40 45 24 24 24 30 31 40 19 10 14 16 30 11 7 3 12 26 6 16 5 19 16 16 22 31 21 
12 13 19 27 24 18 16 24 21 21 11 2 16 19 24 17 23 29 41 9 41 15 4 37 38 59 13 22 28 40 43 38 39 47 16 56 36 23 29 53 22 20 30 23 44 56 47 54 9 59 33 22 44 57 18 26 37 37 54 61 55 58 24 29 28 19 20 33 21 10 16 7 21 11 23 47 34 38 65 32 32 42 34 56 68 59 66 27 10 44 30 18 22 8 29 45 35 46 13 30 24 11 8 5 19 32 23 32 37 12 23 28 38 44 42 40 37 29 29 39 32 53 65 56 63 16 10 7 14 29 20 31 7 14 24 32 24 30 19 35 42 36 41 37 37 33 33 58 52 54 60 66 58 
7 19 11 38 26 31 29 17 23 34 21 12 14 7 23 13 25 24 30 17 36 19 9 24 33 13 32 11 15 28 36 28 34 42 28 55 42 30 18 52 31 22 29 17 38 53 44 53 11 54 33 19 31 51 18 18 29 25 44 54 47 53 31 43 41 20 29 45 33 23 22 8 26 17 31 51 37 29 63 38 32 40 29 50 65 56 65 40 7 47 43 30 29 16 28 47 37 49 7 34 38 24 19 11 15 34 23 36 27 11 12 14 25 31 31 27 28 35 29 37 26 47 62 52 62 29 23 16 14 33 23 37 10 7 14 29 20 31 6 26 39 30 39 24 29 22 27 50 43 49 55 63 54 
18 21 4 49 23 38 38 25 21 43 32 21 25 3 18 10 23 14 19 28 26 20 17 22 23 22 11 20 14 18 25 17 24 32 32 47 40 30 7 44 33 21 22 8 28 44 34 46 15 44 27 14 22 41 16 8 18 15 33 44 36 42 32 50 50 30 30 55 43 33 33 15 26 20 32 46 34 18 54 36 26 32 19 40 56 46 56 44 12 43 48 35 30 20 22 42 32 45 18 31 46 33 24 21 10 29 20 33 16 22 18 12 26 24 20 18 17 33 23 29 16 37 52 43 53 38 29 26 13 30 22 35 16 17 4 22 12 26 7 14 29 20 31 15 18 11 17 40 32 38 45 54 44 
18 33 18 50 37 46 43 16 35 47 34 26 21 13 32 23 37 28 25 29 39 33 24 9 35 28 15 14 14 21 36 27 37 44 43 61 54 43 17 57 45 34 37 22 40 58 48 60 25 55 41 29 21 52 30 22 29 18 40 54 45 54 45 58 54 26 42 59 46 38 33 23 39 31 44 61 48 28 68 50 41 46 32 51 68 58 70 55 21 58 58 45 43 30 37 56 46 60 16 45 53 39 34 24 24 43 34 48 25 21 9 2 12 19 28 19 27 47 38 43 29 48 65 55 66 43 38 29 26 44 36 49 25 16 17 37 27 40 10 25 43 33 45 14 29 20 31 50 41 50 56 67 57 
35 37 20 67 35 55 56 37 33 61 50 39 40 21 29 25 35 20 4 45 24 35 35 22 21 40 28 18 21 29 19 9 23 27 49 46 50 44 11 43 48 34 30 19 22 42 32 46 32 37 33 26 8 33 30 16 14 3 18 34 24 35 46 67 68 46 45 73 61 51 50 33 40 37 46 53 43 11 52 47 34 34 20 32 51 41 54 60 30 50 65 51 44 37 30 47 39 52 34 42 64 51 42 39 24 37 32 43 9 39 30 19 29 12 7 2 11 45 32 31 17 29 48 38 50 56 47 44 29 41 36 47 34 33 16 28 22 34 22 10 28 19 33 7 14 7 19 29 20 31 38 50 40 
43 34 25 71 26 53 59 50 26 63 54 43 50 29 21 25 27 13 14 51 6 32 38 40 5 43 36 25 36 19 59 10 6 8 45 27 37 35 19 24 40 28 18 19 3 22 13 26 33 19 20 21 27 15 26 17 7 20 15 18 11 17 37 64 69 56 38 74 63 52 57 36 33 35 38 36 30 8 32 35 21 16 8 14 32 22 34 54 33 35 59 47 37 37 19 30 25 36 43 30 62 52 41 45 23 24 24 31 11 47 43 34 47 31 12 21 9 34 21 14 10 11 29 19 31 56 45 49 28 29 29 35 36 43 21 16 18 22 32 11 10 7 16 25 7 16 9 14 10 13 20 31 21 
36 32 18 66 27 51 54 42 26 59 49 38 42 21 21 21 27 12 6 45 14 30 33 30 11 38 28 17 27 9 10 40 13 18 44 37 42 37 10 34 41 27 21 14 13 32 22 36 29 28 24 19 17 25 24 12 4 10 16 27 18 27 39 63 65 48 38 70 59 48 51 31 33 33 39 43 35 2 42 38 25 24 10 24 42 32 44 55 28 41 59 46 38 33 22 37 30 43 36 33 60 48 38 39 20 29 24 35 1 40 34 24 37 22 4 12 1 37 24 21 9 21 39 29 41 53 43 43 25 32 29 38 31 35 14 19 16 25 24 2 19 10 23 15 4 7 10 23 14 22 29 41 31 
42 30 23 67 20 48 55 50 21 59 51 40 49 27 16 22 21 10 19 48 1 27 35 42 2 39 34 24 37 23 6 13 62 8 40 24 31 30 20 20 35 23 12 17 5 20 10 22 30 20 13 17 31 17 22 16 9 23 21 21 16 18 32 59 64 54 32 69 60 48 55 33 27 31 33 30 24 11 30 28 15 10 5 16 31 21 32 49 30 29 54 42 31 33 13 24 19 30 42 24 58 47 36 42 20 18 19 24 14 45 43 35 48 35 16 25 12 28 15 8 8 13 27 18 29 52 41 46 25 23 24 29 32 41 20 10 15 16 31 13 5 4 10 28 8 18 7 18 16 14 21 29 20 
50 37 31 75 27 55 62 57 28 67 59 48 57 35 24 30 28 18 22 56 6 34 43 48 9 47 42 32 44 27 8 18 8 35 47 19 35 36 27 17 41 30 19 25 4 14 6 19 38 12 19 25 35 9 29 24 14 28 20 13 12 10 38 66 72 62 39 76 67 56 63 41 34 39 39 31 28 16 24 33 20 11 13 8 24 14 26 55 38 30 60 49 38 40 20 25 23 31 50 29 65 55 44 50 28 23 26 29 19 53 50 41 55 39 20 30 17 34 22 11 16 6 21 10 23 60 48 54 32 28 31 34 40 49 28 17 23 21 39 19 6 12 12 33 14 24 15 11 14 6 13 23 12 
28 11 29 31 20 8 19 40 18 22 22 18 33 30 24 23 19 33 49 22 41 14 18 52 40 16 28 32 43 49 45 44 40 47 76 49 24 12 38 47 9 17 28 29 45 51 45 48 17 57 29 24 55 56 19 32 42 46 60 60 57 56 12 19 25 35 9 29 24 14 28 20 13 12 10 36 24 44 58 21 27 38 37 55 62 56 60 12 21 33 16 2 10 12 27 36 28 34 30 21 17 12 8 22 24 25 20 23 43 28 39 42 53 56 48 50 43 18 25 36 36 53 60 54 57 15 6 21 19 21 16 19 18 30 33 30 28 26 33 41 41 38 37 48 41 41 36 59 56 54 58 61 54 
62 43 45 80 31 57 68 72 34 72 67 57 69 49 32 42 33 32 42 65 22 41 53 66 26 56 55 47 61 46 27 37 24 19 49 24 28 37 43 3 41 36 26 39 24 6 14 1 47 17 22 35 54 19 38 39 33 47 39 23 29 17 38 66 75 74 40 79 73 62 72 51 37 45 39 19 25 35 9 29 24 14 28 20 13 12 10 53 49 20 58 50 39 48 27 15 21 20 62 28 66 60 50 60 40 24 33 26 38 65 65 58 72 59 39 49 36 32 27 18 32 21 11 13 7 64 53 63 42 28 36 31 50 62 43 25 35 25 54 37 18 28 16 52 32 42 30 26 33 20 17 12 11 
47 24 36 55 16 31 43 59 19 46 46 38 53 40 22 30 17 30 48 45 31 22 36 62 32 36 42 40 54 50 37 42 31 35 24 28 38 13 41 26 15 19 20 33 35 32 30 27 31 41 17 26 58 41 24 35 38 49 53 46 47 40 13 38 48 56 16 52 48 39 52 35 16 26 14 12 7 40 37 4 16 23 31 41 42 38 38 25 35 9 29 24 14 28 20 13 12 10 48 8 39 36 28 42 29 13 20 7 42 48 54 52 66 61 46 52 40 7 18 23 33 40 40 37 36 39 30 43 28 9 18 5 33 48 38 22 28 16 44 40 28 32 22 52 37 43 31 46 47 40 42 40 37 
33 11 26 44 9 20 31 46 10 35 32 25 39 29 15 20 9 24 42 31 31 10 22 52 30 23 30 30 43 44 35 37 30 36 12 37 13 50 33 34 4 9 17 24 35 38 33 35 18 46 17 17 51 44 14 27 33 42 51 49 47 44 2 30 38 43 3 42 36 26 38 22 4 13 2 24 12 36 46 9 15 26 27 44 50 44 47 19 22 21 24 13 2 15 16 23 15 23 35 9 29 24 14 28 20 13 12 10 36 35 42 41 55 53 41 45 35 5 14 25 28 42 47 42 44 27 17 29 17 8 8 7 20 35 29 19 21 14 33 34 30 28 25 44 33 36 27 48 46 43 46 48 42 
25 26 9 56 25 44 45 31 23 50 39 28 32 11 19 14 25 12 12 35 21 24 24 22 18 29 18 7 17 11 19 10 20 27 38 43 41 33 70 40 37 24 22 9 22 40 30 42 21 38 26 16 17 35 19 6 12 8 26 37 29 37 35 56 57 38 34 62 50 39 41 21 29 26 35 46 35 12 50 37 26 29 15 34 51 41 52 49 19 43 54 40 34 26 22 40 31 45 25 32 52 40 30 29 13 29 22 34 9 29 24 14 28 20 13 12 10 35 23 26 11 30 47 37 49 45 35 34 18 31 25 37 22 24 4 21 12 25 13 8 25 15 28 11 12 4 13 33 25 32 39 49 39 
58 40 41 78 28 55 65 68 31 69 64 54 65 46 29 38 30 29 39 62 19 38 50 63 22 53 52 44 57 43 24 34 20 17 47 3 26 34 40 18 38 33 23 35 21 5 11 2 44 16 19 32 51 17 34 35 30 44 36 22 27 16 35 63 72 70 38 76 70 59 69 48 34 42 37 18 23 32 12 27 21 11 25 18 15 11 13 51 46 19 56 47 36 45 23 13 18 19 59 25 64 57 47 57 36 21 30 24 35 61 62 55 69 56 36 46 32 29 24 14 28 20 13 12 10 61 50 60 39 25 33 29 47 58 40 22 32 22 50 34 15 25 13 49 29 39 26 24 30 18 17 14 11 
34 12 29 40 14 16 28 46 14 31 31 25 39 32 19 23 13 29 46 30 36 13 23 54 35 22 31 33 45 48 40 41 35 41 9 41 15 4 37 38 59 13 22 28 40 43 38 39 20 50 22 21 55 49 17 31 38 46 56 54 52 49 3 25 33 42 3 38 33 23 37 23 8 14 2 27 15 40 50 12 20 31 32 49 54 48 51 14 24 24 19 9 3 16 21 27 20 25 35 13 25 21 14 28 23 18 16 14 40 35 43 44 57 57 46 49 40 9 19 29 32 47 52 46 48 24 14 28 20 13 12 10 21 35 33 24 25 19 35 39 35 33 30 48 38 40 32 53 51 47 51 53 47 
28 7 17 45 4 25 32 39 1 37 31 21 34 21 6 11 3 16 33 29 24 5 17 43 23 20 22 21 34 34 28 27 23 30 17 36 19 9 24 33 13 48 11 15 28 36 28 34 12 41 13 8 41 39 4 17 25 32 43 43 40 39 11 36 41 39 10 46 38 26 36 16 5 9 11 28 14 27 45 15 12 22 19 38 48 40 46 27 15 25 31 19 10 12 10 25 15 27 29 11 34 25 14 24 10 12 3 13 27 30 35 32 46 44 32 35 26 12 9 20 19 36 45 37 43 29 18 27 8 10 1 14 14 28 20 13 12 10 24 25 24 20 21 35 24 26 18 41 38 37 42 46 39 
35 18 19 56 7 36 44 46 9 48 42 31 42 24 6 15 9 10 27 39 13 16 27 44 13 30 29 22 37 30 18 21 12 19 28 26 20 17 22 23 22 11 29 14 18 25 17 24 21 30 4 9 38 27 12 15 17 29 34 32 29 28 19 46 53 47 20 57 49 38 46 25 14 20 20 24 13 20 34 17 4 12 11 27 37 29 36 36 23 21 41 29 19 22 1 19 9 23 36 12 45 36 25 34 14 7 7 13 21 38 40 35 49 41 26 32 20 16 2 9 12 25 34 26 33 41 29 37 16 11 12 17 24 36 20 2 10 4 28 20 13 12 10 32 17 23 11 30 29 26 31 36 27 
24 18 6 51 16 36 40 33 14 45 35 23 31 10 10 6 16 7 19 31 19 16 19 30 16 23 17 8 22 19 19 14 17 25 29 39 33 24 9 35 28 15 14 57 21 36 27 37 14 37 18 7 26 34 10 2 13 17 31 37 31 36 26 48 51 37 25 55 44 34 38 16 20 18 26 38 26 15 46 28 18 24 12 33 48 38 48 41 13 35 45 32 25 19 14 33 24 37 24 24 45 33 23 25 5 21 13 26 13 28 26 20 35 29 19 20 13 26 15 20 9 30 45 35 45 38 28 29 10 23 16 28 16 24 5 14 4 17 14 12 22 13 22 20 13 12 10 34 28 32 38 46 37 
46 35 27 72 25 53 60 53 27 64 56 45 53 31 21 27 26 14 18 52 4 32 40 43 5 44 38 28 40 22 3 13 5 4 45 24 35 35 22 21 40 28 18 21 40 19 9 23 34 16 18 22 30 13 27 20 10 24 17 16 11 14 37 64 69 58 38 74 65 53 59 38 32 36 38 34 29 11 29 33 20 13 9 12 29 19 31 54 35 32 59 47 37 38 19 28 23 34 46 29 63 53 41 46 25 23 24 29 14 49 46 37 50 35 15 25 12 33 20 12 12 9 25 15 27 57 46 51 29 28 29 34 37 45 24 15 19 21 35 14 7 8 13 28 10 20 11 13 12 10 17 27 17 
60 43 43 81 31 59 68 70 34 73 67 57 67 47 31 40 33 29 37 65 19 41 52 63 22 56 53 44 58 42 22 32 20 14 51 6 32 38 40 5 43 36 25 36 19 26 10 6 46 11 22 34 50 13 37 36 29 43 33 17 23 11 39 68 76 72 42 81 74 63 72 50 38 45 41 23 27 30 10 32 24 13 25 14 12 6 12 56 48 24 61 52 40 48 26 19 23 24 61 29 68 61 50 59 38 25 33 29 34 63 63 55 69 54 35 44 31 34 27 16 29 16 9 7 8 65 54 63 41 29 36 33 49 60 40 24 33 25 51 33 14 25 15 48 28 39 27 20 27 14 12 10 5 
51 36 33 74 25 53 61 60 27 66 59 48 58 37 23 31 26 20 28 56 9 33 44 52 12 47 44 34 48 32 13 22 10 6 45 14 30 33 30 11 38 28 17 27 9 10 24 13 38 12 16 25 40 10 29 26 19 33 26 16 17 11 35 63 70 63 36 75 66 55 63 42 31 38 36 25 24 20 20 29 17 7 15 11 21 12 22 52 39 25 57 46 35 40 18 20 19 26 51 25 63 54 43 51 29 20 25 25 24 54 53 45 59 44 25 35 21 30 19 8 19 10 17 9 18 58 47 54 33 25 29 30 41 51 31 15 24 19 41 23 5 14 8 38 18 28 17 16 20 10 13 19 10 
60 42 43 79 30 56 66 70 33 70 66 56 67 48 30 40 31 31 41 63 21 39 51 65 25 54 53 46 60 46 26 36 22 19 48 1 27 35 42 2 39 34 24 37 23 6 13 21 45 17 21 34 53 19 36 37 32 46 38 23 29 17 36 64 73 72 39 77 71 61 71 50 35 44 38 18 24 34 10 28 22 13 27 20 14 12 12 52 48 19 57 48 37 46 25 14 20 19 61 26 65 59 48 58 38 23 31 25 37 63 64 57 71 58 38 48 35 30 25 17 31 21 12 13 9 63 52 61 41 26 35 29 48 60 42 24 34 24 52 36 17 27 14 51 31 41 28 26 32 20 18 13 12 
16 7 11 37 16 23 25 27 13 30 21 10 22 13 15 7 15 20 33 18 31 8 6 34 29 9 11 15 25 32 33 29 30 38 17 47 31 18 21 44 20 12 21 14 34 46 38 45 95 49 24 12 38 47 9 17 28 29 45 51 45 48 19 35 36 27 17 41 30 19 25 4 14 6 19 40 26 29 55 26 23 33 25 46 58 50 57 29 4 37 33 20 17 5 20 37 27 39 17 23 31 19 9 13 9 23 14 25 28 18 24 24 37 39 33 33 28 23 20 30 23 43 55 47 54 24 14 16 5 22 12 25 3 16 16 22 15 21 15 26 33 26 31 30 27 25 23 48 43 44 50 57 48 
62 48 43 86 37 66 74 69 39 78 71 60 69 47 35 42 38 30 32 68 18 46 55 59 21 59 54 44 55 37 19 28 20 12 57 17 41 46 38 16 50 41 30 37 16 11 12 17 49 39 28 37 43 3 41 36 26 39 24 6 14 1 47 76 83 74 49 87 79 68 75 53 44 50 48 35 36 27 17 41 30 19 25 4 14 6 19 64 50 35 69 59 48 52 31 29 31 35 62 37 75 66 55 62 40 32 37 37 30 65 62 53 66 48 29 39 28 42 32 21 28 8 11 4 16 71 59 66 44 37 42 42 52 61 40 27 35 31 51 30 16 24 20 43 26 35 27 9 18 6 1 14 6 
39 21 24 59 9 37 46 50 12 50 45 34 46 28 9 19 10 14 30 42 14 18 30 48 14 33 33 27 41 33 20 24 13 19 29 22 17 17 26 19 22 13 4 18 18 22 16 21 24 28 70 13 41 26 15 19 20 33 35 32 30 27 19 47 54 51 20 59 51 40 49 28 15 23 20 19 10 23 31 15 1 9 14 26 34 27 33 36 27 17 41 30 19 25 4 14 6 19 40 10 46 38 27 37 18 4 10 11 24 42 44 39 53 45 29 35 23 15 4 7 15 25 31 24 30 43 31 40 19 9 14 15 27 40 24 5 14 3 33 23 12 14 8 36 20 27 14 30 30 25 29 33 25 
26 13 11 49 9 32 37 36 7 42 34 23 33 15 3 6 9 8 24 31 18 10 18 36 16 22 19 14 29 26 21 19 17 25 24 35 26 17 16 32 21 8 9 7 22 34 25 34 12 37 13 72 33 34 4 9 17 24 35 38 33 35 19 43 47 38 18 52 42 31 38 16 13 14 20 32 19 19 43 21 12 20 13 33 46 37 45 35 14 29 39 26 18 15 8 27 18 31 27 17 41 30 19 25 4 14 6 19 19 29 31 26 41 36 24 27 18 19 9 17 11 31 43 34 42 35 24 29 7 16 9 21 15 26 12 10 3 11 19 17 20 14 19 27 17 18 11 36 31 32 38 44 36 
37 43 26 70 42 61 60 37 41 65 53 43 42 25 36 31 42 27 12 48 32 42 39 18 29 44 31 22 21 8 27 17 31 35 55 54 58 51 17 51 55 41 38 26 30 50 40 53 38 43 41 33 54 40 37 24 22 9 22 40 30 42 53 73 72 47 52 77 64 55 53 37 47 43 53 61 51 19 59 54 42 42 28 39 58 48 61 67 35 58 71 57 51 43 38 55 47 60 36 49 69 56 47 43 31 45 39 51 17 41 30 19 25 4 14 6 19 53 40 39 25 35 55 45 58 60 52 47 35 48 43 54 38 35 22 36 30 42 25 18 36 28 41 7 22 15 27 35 25 38 44 57 47 
59 46 40 84 35 64 71 66 37 76 68 57 66 44 33 39 36 27 29 65 15 43 52 55 18 57 51 41 52 33 15 25 17 9 56 19 41 44 35 17 49 39 27 34 13 13 10 19 47 3 26 34 40 34 38 33 23 35 21 5 11 2 46 74 80 71 47 85 76 65 72 50 42 47 47 35 35 23 19 40 28 18 22 1 18 8 21 63 47 35 68 57 46 49 29 29 30 35 59 36 73 64 53 59 37 31 35 36 27 62 59 50 62 45 26 36 25 41 30 19 25 4 14 6 19 69 57 63 42 36 40 41 50 58 37 25 32 29 48 27 14 21 19 40 22 32 24 7 15 2 4 17 7 
24 8 12 45 8 27 32 35 5 37 30 19 31 16 6 6 7 13 29 27 23 5 15 38 21 18 18 16 30 30 26 24 22 29 19 38 24 14 19 34 17 4 12 10 27 37 29 36 9 41 15 4 37 38 82 13 22 28 40 43 38 39 16 38 42 36 14 47 37 26 34 13 10 9 16 32 19 24 46 19 14 24 17 38 49 41 48 30 11 29 35 21 14 11 11 28 18 31 25 16 36 25 14 22 6 15 5 18 23 27 30 28 42 39 29 31 23 17 10 21 16 36 46 38 45 30 19 25 4 14 6 19 12 25 15 13 8 12 20 22 24 19 22 30 21 22 16 40 36 36 42 48 39 
26 21 7 54 18 39 42 33 17 47 37 26 33 11 12 9 18 6 16 33 17 19 21 28 14 26 18 8 22 16 17 12 16 24 32 39 35 27 6 35 31 17 15 2 20 36 26 37 17 36 19 9 24 33 13 60 11 15 28 36 28 34 29 51 53 38 28 58 47 36 40 19 23 21 29 39 28 12 46 30 19 24 10 32 47 37 48 44 16 36 48 35 27 21 15 34 25 38 26 26 48 36 26 27 8 22 15 28 10 29 27 19 34 26 16 18 11 29 17 20 7 29 44 34 44 41 31 32 13 25 19 30 19 25 4 14 6 19 15 9 21 11 22 17 11 9 9 32 26 30 37 46 36 
36 30 18 65 24 49 53 43 23 58 48 37 43 22 18 20 24 9 10 45 10 28 32 33 7 37 29 18 29 14 7 4 9 14 42 33 38 33 12 30 38 25 17 13 10 29 19 32 28 26 20 17 22 23 22 11 38 14 18 25 17 24 35 61 64 49 35 69 58 47 51 30 30 31 36 39 31 2 39 34 21 19 6 21 39 29 41 52 27 37 57 44 35 32 18 33 26 38 36 29 58 47 36 38 18 25 21 31 5 40 36 27 40 26 8 16 2 33 20 17 5 18 36 25 37 52 41 43 23 28 26 35 30 36 14 15 13 21 25 4 14 6 19 19 0 9 6 21 15 20 27 38 27 
31 35 18 64 33 53 53 34 32 58 46 36 37 18 27 23 33 19 7 42 24 33 32 20 21 37 25 15 18 3 20 10 23 28 46 47 49 42 8 44 46 32 29 17 24 43 33 46 29 39 33 24 9 35 28 15 14 51 21 36 27 37 44 65 65 43 43 70 57 48 47 30 38 35 44 52 42 12 53 45 33 34 19 34 53 42 55 58 27 50 62 49 42 35 29 47 39 52 31 40 61 48 39 36 22 36 30 42 9 35 27 16 27 12 9 3 11 44 31 31 17 31 49 39 52 53 44 41 27 39 34 45 31 30 13 27 21 33 19 10 29 19 33 4 14 6 19 32 22 33 40 51 41 
52 48 35 82 41 67 71 56 41 76 65 54 58 37 36 37 42 27 14 61 21 46 50 40 21 54 44 33 40 18 15 16 21 20 60 39 53 51 26 36 56 43 34 31 17 33 26 38 45 24 35 35 22 21 40 28 18 21 9 19 9 23 53 79 82 64 53 87 76 65 67 47 48 49 54 51 46 16 41 50 37 31 23 19 39 29 43 70 44 50 74 62 52 50 35 45 41 51 51 46 76 64 54 55 36 40 39 46 17 56 48 37 47 27 13 20 17 50 37 30 23 17 36 27 40 69 59 60 41 45 44 51 47 51 30 31 31 37 39 19 25 22 31 25 18 22 24 14 6 19 24 38 29 
62 50 43 88 40 69 76 69 42 80 72 61 69 47 37 43 41 31 29 69 19 48 56 56 22 61 54 44 54 34 18 27 21 13 60 23 46 49 37 22 54 43 32 37 16 17 16 23 51 6 32 38 40 5 43 36 25 36 19 29 10 6 51 79 85 74 52 90 81 70 75 54 47 52 52 40 40 25 22 45 33 23 26 5 19 12 24 68 51 40 73 62 51 54 33 35 35 41 62 41 78 68 57 63 41 36 40 41 28 65 61 51 63 45 27 36 27 46 35 24 28 7 17 10 22 73 62 67 46 41 45 46 53 61 40 30 36 35 51 29 19 25 24 41 25 34 27 4 14 6 6 19 12 
54 46 36 82 37 65 70 60 38 75 66 55 61 39 33 37 38 25 20 62 16 43 50 47 17 55 47 36 45 24 11 18 16 12 57 29 47 47 29 27 52 40 29 31 11 23 17 29 45 14 30 33 30 11 38 28 17 27 9 10 12 13 49 76 81 66 49 85 75 64 69 48 44 47 50 43 40 17 31 45 32 23 20 10 29 19 33 66 45 42 71 59 48 49 30 37 35 43 54 40 74 63 52 56 35 35 36 41 20 58 53 42 54 35 17 27 18 45 32 23 22 7 26 17 30 68 57 61 40 40 41 45 47 53 32 27 30 32 42 21 18 19 24 31 17 25 21 5 4 9 14 28 19 
60 47 42 85 36 64 72 68 38 77 69 58 67 46 34 41 37 29 31 66 17 44 54 57 20 58 53 42 54 35 17 27 18 10 56 17 40 44 37 16 49 39 28 36 14 11 11 17 48 1 27 35 42 2 39 34 24 37 23 6 13 38 46 74 81 73 48 86 77 66 73 51 43 48 47 34 35 25 17 40 29 18 24 3 15 6 19 63 49 34 68 57 46 50 29 29 30 35 60 36 74 65 54 60 39 31 36 36 28 64 61 51 64 47 28 38 27 41 31 19 27 6 12 4 17 69 58 64 43 36 40 41 51 60 38 26 33 30 49 29 15 23 19 42 24 34 25 8 17 4 2 14 6 
35 12 28 43 11 19 31 47 12 34 33 26 40 31 17 22 11 27 44 32 33 12 24 53 32 24 31 32 45 46 37 39 32 38 12 38 13 2 35 35 3 11 19 26 37 39 35 36 19 47 19 19 53 46 16 29 35 44 53 51 49 46 99 28 37 43 3 41 36 26 39 24 6 14 1 24 12 38 47 9 17 28 29 45 51 45 48 17 24 21 22 12 2 16 18 24 16 23 36 10 28 23 15 29 22 14 14 11 38 36 43 43 57 55 43 47 37 6 16 26 30 44 48 43 45 27 17 30 19 10 10 7 21 36 31 21 23 16 34 36 31 30 26 46 35 38 29 49 48 44 48 49 44 
41 30 46 24 39 11 18 51 37 16 27 31 42 47 43 42 37 52 67 30 60 33 33 66 59 29 43 50 58 67 64 63 59 66 19 66 38 30 56 63 25 36 46 48 64 68 63 64 35 76 47 43 73 74 38 51 61 65 79 79 76 74 28 49 13 41 26 15 19 20 33 35 32 30 27 49 40 63 75 36 45 56 56 74 79 74 76 12 38 47 9 17 28 29 45 51 45 48 42 38 6 18 25 33 43 43 39 39 62 39 52 57 67 74 67 68 62 34 44 55 55 72 77 72 73 15 20 30 38 38 35 34 34 43 51 49 47 44 48 60 60 57 55 65 60 60 55 77 75 73 77 78 72 
36 34 47 11 45 17 11 44 43 7 20 29 35 47 48 44 44 55 69 24 66 37 33 63 64 28 41 50 54 68 69 65 64 72 25 75 48 38 57 72 33 41 53 51 69 76 70 73 36 83 54 47 72 80 42 53 64 65 82 85 81 81 37 13 25 33 34 4 9 17 24 35 38 33 35 60 49 66 84 45 52 64 60 80 88 81 85 24 38 57 22 24 36 32 51 61 53 59 38 47 9 17 28 29 45 51 45 48 64 33 47 55 61 72 70 68 64 43 50 61 59 78 85 79 82 12 23 25 40 46 40 44 34 38 52 55 50 51 47 62 66 61 62 65 64 61 59 83 79 79 83 86 80 
12 32 31 26 43 33 23 11 40 26 14 17 5 27 41 32 42 44 49 12 56 34 21 33 53 19 20 30 26 46 56 48 54 62 35 74 56 43 38 70 42 39 47 37 58 72 63 72 27 74 51 38 47 71 36 38 49 43 64 74 66 73 43 41 33 76 40 37 24 22 9 22 40 30 42 66 53 49 82 52 50 59 49 70 84 75 84 44 24 63 46 37 41 27 46 64 54 65 12 50 35 24 28 14 34 50 41 52 47 9 17 28 29 45 51 45 48 48 46 56 46 67 81 72 81 26 28 13 31 49 39 50 24 13 34 48 39 48 24 45 58 50 58 40 49 42 47 71 63 69 75 83 74 
32 9 26 40 12 17 28 44 11 31 29 23 37 29 17 20 11 26 43 29 33 10 21 51 33 20 29 30 42 45 38 38 32 39 9 40 16 3 34 38 3 10 20 25 38 42 36 39 17 49 20 18 52 47 14 28 35 43 53 52 49 48 3 26 34 40 94 38 33 23 35 21 5 11 2 27 15 38 49 12 18 29 30 47 53 47 51 16 21 24 21 9 1 13 19 27 19 26 33 12 26 20 12 26 20 16 13 14 38 32 41 41 54 54 43 46 37 9 17 28 29 45 51 45 48 24 13 27 17 12 9 10 19 33 30 22 22 17 32 36 33 31 28 45 35 37 29 51 49 46 50 52 46 
41 39 52 12 50 21 16 48 48 11 25 34 39 52 52 49 48 60 74 29 70 42 37 67 69 33 45 55 59 73 74 70 69 76 29 79 52 42 62 76 38 46 57 55 74 81 75 77 41 87 59 52 77 85 47 58 69 70 87 90 85 86 41 15 4 37 38 18 13 22 28 40 43 38 39 64 53 70 88 49 57 68 65 85 92 86 89 27 43 61 24 29 40 37 56 65 58 62 42 51 12 22 33 34 50 55 50 52 69 38 51 59 66 77 74 73 69 47 55 66 63 83 90 84 87 17 28 29 45 51 45 48 39 43 57 59 55 56 52 67 71 66 67 69 69 66 64 88 84 83 88 91 84 
27 30 40 7 42 17 5 35 39 2 11 21 26 39 43 38 40 50 62 16 61 33 26 54 59 21 33 43 46 61 63 59 60 67 24 73 48 36 50 70 33 38 49 44 65 74 66 71 30 79 51 42 64 76 37 47 58 57 76 81 75 77 36 19 9 24 33 13 34 11 15 28 36 28 34 60 48 59 82 45 49 60 55 76 85 78 83 27 31 57 26 24 34 26 48 60 51 58 29 45 13 12 23 21 40 48 41 47 58 24 38 46 52 64 63 60 58 42 47 58 53 74 83 76 80 9 19 16 35 45 37 43 28 29 45 51 45 48 39 56 62 56 59 57 58 54 54 78 73 74 80 84 77 
20 19 30 18 31 11 6 30 28 11 8 11 21 29 32 27 29 39 51 10 50 22 15 46 48 10 23 33 38 51 52 48 48 56 14 62 39 26 39 59 23 26 38 34 53 63 55 61 19 68 40 31 55 65 26 36 47 48 65 70 64 66 26 20 17 22 23 22 11 56 14 18 25 17 24 50 38 49 71 35 38 49 44 65 74 67 73 22 20 47 23 16 24 15 36 49 41 49 22 35 15 2 12 13 28 38 30 36 47 18 31 38 46 55 52 51 47 32 36 47 42 62 72 64 70 5 9 9 24 34 26 33 17 22 35 40 34 37 29 45 51 45 48 47 47 44 42 67 62 63 68 73 66 
15 29 32 18 41 26 14 20 37 17 6 15 11 29 40 32 39 44 53 7 56 31 19 40 53 16 22 33 33 50 57 51 55 63 28 72 52 38 41 69 37 36 46 38 59 72 63 71 25 75 49 38 53 72 34 40 51 47 67 75 69 73 39 33 24 9 35 28 15 14 59 21 36 27 37 63 49 52 81 47 48 58 49 71 84 75 82 37 24 59 38 30 37 24 45 61 51 61 16 46 27 17 23 12 34 48 39 48 49 11 24 33 38 52 54 50 50 44 45 55 47 68 81 72 79 18 22 9 30 45 36 46 22 17 37 48 39 46 28 48 58 50 57 45 51 45 48 72 66 69 76 82 74 
11 11 12 35 21 24 24 23 17 29 18 7 17 11 19 10 19 23 33 14 34 12 2 32 32 7 8 15 23 33 36 31 33 41 20 51 35 22 21 48 23 16 25 16 38 50 42 50 4 53 28 16 37 50 13 19 30 30 47 54 48 51 24 35 35 22 21 40 28 18 21 91 19 9 23 45 31 31 60 31 27 37 28 49 62 54 61 32 2 41 35 22 22 7 24 42 31 43 12 28 31 18 11 9 12 28 18 30 29 13 19 22 33 38 34 33 30 27 24 34 25 47 59 51 58 23 15 13 9 27 17 30 2 12 17 26 18 26 13 28 37 29 35 29 30 26 26 51 45 48 54 61 52 
30 7 22 43 7 21 31 42 6 35 31 22 36 25 11 16 6 21 38 29 28 6 19 48 27 21 26 26 39 40 33 33 27 34 13 37 16 4 29 34 8 5 14 20 32 38 31 35 14 44 15 13 47 42 10 23 30 38 48 47 44 43 6 32 38 40 5 43 36 25 36 19 102 10 6 26 13 32 46 11 14 25 24 42 49 43 47 21 19 23 26 14 4 12 13 24 15 25 31 9 31 23 13 26 16 12 8 11 32 32 38 37 51 49 38 41 32 8 12 23 24 40 47 40 44 27 16 27 13 9 4 10 17 31 25 17 17 12 29 31 28 25 23 40 29 32 24 45 43 41 45 48 41 
20 2 17 36 14 18 23 33 11 28 22 12 26 19 14 11 12 22 37 20 32 4 9 40 30 11 17 20 31 37 35 33 31 39 12 45 26 13 26 42 14 9 20 18 36 45 38 44 6 50 23 14 43 47 9 21 31 35 49 52 47 48 14 30 33 30 11 38 28 17 27 9 10 90 13 36 23 32 54 21 21 32 27 47 57 49 56 23 10 33 28 14 12 2 19 34 24 35 22 19 27 16 5 16 12 21 12 21 32 22 29 30 43 44 37 38 31 18 18 29 25 45 54 47 53 21 10 18 8 18 9 20 7 22 21 22 17 20 21 30 33 28 30 36 30 29 25 49 45 45 51 56 48 
34 11 28 42 12 18 29 46 12 33 31 25 39 31 17 22 11 27 44 31 34 11 23 53 33 23 31 32 44 46 38 39 33 39 10 39 14 2 35 37 2 11 20 26 38 41 36 38 19 48 20 20 53 47 16 29 36 44 54 52 50 47 1 27 35 42 2 39 34 24 37 23 6 13 96 25 14 38 48 10 18 29 30 47 52 46 49 16 23 22 21 10 1 15 19 25 18 24 35 11 27 22 14 28 22 16 14 12 39 35 43 43 56 55 44 47 38 7 17 27 30 45 50 44 47 25 15 29 18 11 10 9 21 35 31 22 23 17 34 37 32 31 28 46 36 38 29 50 49 45 49 51 45 
56 34 43 67 24 43 55 68 27 58 57 49 62 47 28 38 25 33 49 56 30 32 45 68 32 47 51 46 61 53 36 43 30 31 36 19 12 24 46 18 27 28 24 38 34 23 25 18 40 35 19 32 61 35 32 39 39 52 51 40 43 34 24 49 60 66 27 64 60 50 63 45 26 36 25 57 13 41 26 15 19 20 33 35 32 30 27 37 43 3 41 36 26 39 24 6 14 1 57 16 51 48 39 52 36 17 27 14 43 58 62 58 73 64 47 55 42 18 22 22 35 36 30 30 25 51 41 54 36 17 27 16 43 57 43 25 34 20 52 42 26 33 20 56 38 46 33 41 45 35 35 30 29 
43 20 30 56 11 32 43 54 14 47 44 35 49 35 16 25 12 23 41 43 24 19 32 56 25 34 37 34 48 43 30 35 24 28 24 25 7 12 35 23 15 14 13 26 29 27 24 24 26 36 10 19 51 35 19 28 31 42 46 40 40 35 12 40 49 53 15 53 48 38 49 31 13 23 14 13 74 33 34 4 9 17 24 35 38 33 35 28 30 10 33 24 14 25 13 11 5 12 43 3 41 36 26 39 24 6 14 1 35 44 49 46 61 54 39 45 33 6 11 17 26 34 36 32 33 39 29 40 23 4 14 6 29 43 32 15 22 9 39 33 22 25 16 46 30 36 24 40 41 34 37 37 32 
37 32 19 66 26 51 55 43 26 60 49 38 44 22 20 21 26 11 7 46 12 30 34 32 9 38 29 18 28 11 8 2 11 16 44 35 40 36 12 32 40 27 20 15 11 30 20 34 29 27 23 19 19 23 24 12 2 12 16 25 17 25 38 63 66 49 38 70 59 49 52 31 32 32 38 41 33 87 40 37 24 22 9 22 40 30 42 54 28 39 59 46 37 33 20 35 29 41 37 32 60 48 38 39 20 27 24 33 3 41 36 26 39 24 6 14 1 36 22 19 8 19 37 27 39 53 43 44 25 31 28 37 31 36 15 18 15 24 25 4 16 8 21 17 3 8 9 21 13 21 27 39 29 
70 52 52 89 40 66 77 80 43 81 76 66 77 57 40 50 42 39 47 74 29 50 62 72 32 65 63 54 68 52 32 42 30 24 58 9 37 46 50 12 50 45 34 46 29 10 20 10 55 17 31 43 59 19 46 46 39 53 41 22 31 17 47 75 84 82 49 88 82 71 81 60 46 54 48 26 34 40 6 38 33 23 35 21 5 11 2 62 58 28 67 59 48 57 35 23 30 28 70 37 75 69 59 69 48 33 42 36 43 73 73 65 79 63 44 54 41 41 36 26 39 24 6 14 1 73 62 72 51 37 45 40 58 70 51 33 43 34 61 43 25 35 24 58 38 48 37 26 35 22 16 4 12 
42 19 32 52 12 28 40 54 14 43 42 34 48 36 18 26 13 27 44 41 29 18 31 58 29 32 38 36 50 47 35 38 28 33 21 29 4 9 37 27 12 15 17 28 33 32 29 28 26 41 15 21 54 40 19 30 34 45 50 45 45 40 9 36 45 52 12 49 45 35 47 31 11 21 10 15 4 37 38 82 13 22 28 40 43 38 39 23 30 12 28 21 10 24 16 15 10 13 43 5 37 33 24 37 25 10 15 4 38 43 50 48 62 57 43 48 37 3 14 21 29 39 41 36 37 36 26 39 24 6 14 1 29 43 34 19 24 13 40 37 27 29 21 48 34 39 28 45 45 39 42 41 37 
38 19 23 57 7 35 44 49 10 48 43 33 45 28 9 19 9 14 31 41 16 17 29 48 16 32 32 26 41 34 21 25 15 20 27 24 16 15 26 21 20 12 4 18 20 24 17 22 23 30 1 12 42 28 14 19 21 33 37 33 32 29 17 45 52 50 18 57 49 38 48 27 14 21 18 19 9 24 33 13 72 11 15 28 36 28 34 34 26 17 39 28 17 24 4 15 5 19 39 8 45 37 26 36 17 3 9 9 25 41 43 39 53 45 30 36 24 13 3 9 16 27 33 26 31 41 30 39 18 8 12 14 26 39 24 6 14 1 32 24 14 15 9 37 21 27 15 32 32 27 31 34 27 
47 30 30 68 18 47 55 57 21 60 54 43 54 34 18 27 20 17 30 51 10 27 39 52 12 42 40 32 46 34 16 24 10 11 38 14 23 26 29 11 31 22 12 24 13 13 7 13 33 19 9 20 42 18 24 24 19 34 31 23 23 18 28 56 64 59 29 68 60 49 58 37 25 32 29 20 17 22 23 22 11 52 14 18 25 17 24 45 35 19 50 39 28 34 13 14 12 20 47 18 56 48 37 46 25 13 19 18 24 50 50 43 58 46 27 36 22 23 13 3 17 17 22 15 21 52 41 49 28 18 23 23 36 47 28 10 20 12 39 24 6 14 1 38 19 28 15 22 25 17 20 24 16 
36 26 18 62 18 44 50 44 18 55 46 35 43 22 13 17 18 5 16 43 7 23 30 37 4 34 29 19 32 20 8 10 5 13 37 28 31 27 15 25 32 19 11 12 9 25 15 27 25 25 14 13 28 22 17 10 6 19 23 26 20 24 29 56 60 49 30 65 55 44 49 28 24 27 30 33 24 9 35 28 15 14 78 21 36 27 37 46 25 30 51 38 29 28 12 27 20 32 36 23 54 43 32 37 15 18 16 24 10 40 37 29 43 31 15 22 9 27 14 11 3 18 33 23 34 48 37 41 20 22 21 28 27 36 15 9 10 15 26 9 10 1 13 24 6 14 1 23 19 20 26 35 25 
58 45 39 83 35 63 71 65 37 75 67 56 65 43 32 39 36 26 27 64 14 43 52 54 17 56 50 40 51 32 14 24 16 8 55 20 41 44 34 18 49 38 27 33 12 14 11 20 46 4 26 33 39 1 38 32 21 34 19 5 10 3 45 74 80 70 47 85 76 65 71 49 42 47 47 35 35 22 21 40 28 18 21 48 19 9 23 63 47 35 68 56 46 49 28 30 30 36 58 36 73 63 52 58 37 31 35 36 25 61 58 48 61 43 24 34 23 41 30 19 24 3 16 7 20 68 57 62 41 36 39 41 49 57 36 25 31 29 47 26 14 20 19 39 21 31 23 6 14 1 5 18 9 
72 55 54 93 43 70 80 81 46 84 79 69 79 59 43 52 45 41 46 77 29 53 64 73 33 68 65 56 68 51 32 42 31 24 62 13 42 50 51 15 54 48 37 48 29 12 21 14 58 14 34 46 58 18 49 47 39 53 39 19 29 15 51 79 88 84 53 92 85 74 84 62 49 57 52 32 38 40 5 43 36 25 36 19 12 10 6 67 60 33 71 63 52 60 38 28 34 33 72 41 80 73 62 71 50 37 45 40 43 75 74 66 79 63 43 54 41 45 39 28 40 22 3 13 6 77 66 75 53 41 48 44 61 72 52 36 45 37 63 44 26 36 27 57 39 49 38 24 33 20 14 1 11 
63 48 45 86 36 64 73 71 38 77 71 60 70 49 35 43 37 31 36 68 20 45 56 62 23 59 56 46 58 41 22 32 21 14 56 12 38 44 41 11 48 40 29 38 19 6 12 12 50 6 27 37 48 8 41 37 29 42 29 12 19 6 45 74 81 75 47 86 78 67 75 54 43 49 46 30 33 30 11 38 28 17 27 9 10 28 13 62 51 30 66 57 46 52 30 25 28 31 63 35 73 65 54 63 41 30 37 34 33 66 64 56 69 53 33 43 31 40 31 20 30 12 6 3 10 70 59 66 45 35 41 39 53 63 42 27 36 30 53 33 17 26 19 47 29 39 28 15 24 10 6 8 1 
72 54 54 91 42 68 78 81 45 82 78 67 79 59 42 52 43 41 49 75 31 51 63 75 34 66 65 56 70 54 34 44 32 26 60 10 38 47 52 13 51 46 36 48 31 12 22 12 57 19 33 45 61 21 48 48 41 55 43 24 33 19 48 76 85 84 51 89 83 73 82 61 47 56 49 27 35 42 2 39 34 24 37 23 6 13 3 63 59 29 68 60 49 58 37 24 32 28 72 38 77 71 60 70 50 35 43 37 46 75 75 67 81 66 46 56 43 42 37 28 41 26 7 16 3 74 64 73 52 38 47 41 60 72 53 35 45 36 63 45 27 37 26 60 40 51 39 28 37 24 18 6 14 
40 23 40 33 28 11 24 51 28 25 30 29 43 42 33 35 27 43 60 32 50 24 30 64 49 27 40 44 55 60 54 55 49 55 12 53 25 19 49 51 14 27 36 41 54 56 52 52 29 64 36 35 67 63 30 44 52 58 70 68 66 63 17 12 24 44 16 27 27 22 37 32 21 23 16 37 28 54 62 23 34 45 46 63 67 62 63 26 33 34 4 9 17 24 35 38 33 35 41 26 15 19 20 33 35 32 30 27 54 39 50 54 65 68 59 61 53 22 33 43 46 61 65 60 61 19 17 31 31 27 25 22 30 42 45 38 38 33 45 52 49 47 44 59 51 53 45 67 65 61 65 65 60 
12 11 9 38 19 26 26 24 16 31 21 10 19 9 17 8 18 20 31 17 32 12 5 30 29 10 7 12 21 30 33 28 30 38 21 49 35 22 19 46 24 15 23 13 35 48 39 48 4 50 27 14 35 47 11 16 27 27 44 51 45 49 24 38 38 24 21 43 31 20 24 2 19 10 23 43 30 28 58 30 26 35 25 47 60 51 59 33 83 40 37 24 22 9 22 40 30 42 13 27 34 21 13 11 10 27 17 29 26 15 19 20 33 35 32 30 27 27 22 31 22 44 57 48 56 26 17 15 7 26 16 29 3 13 14 24 15 24 11 25 34 26 33 27 27 23 24 48 42 45 51 58 50 
53 30 40 64 20 40 52 64 24 55 54 45 59 44 25 35 22 31 47 52 29 29 42 65 30 44 47 43 58 50 35 41 29 30 33 20 9 21 43 19 24 25 21 35 32 24 25 19 37 35 17 29 58 35 29 36 37 50 50 40 42 34 21 47 57 63 24 61 57 47 59 41 23 33 22 3 10 39 28 12 17 19 30 35 33 30 29 34 40 53 38 33 23 35 21 5 11 2 54 13 48 45 36 49 33 14 24 11 41 54 59 55 70 62 45 52 39 15 19 20 33 35 32 30 27 48 38 50 33 14 24 13 39 53 41 22 31 17 48 40 25 31 19 54 36 44 31 41 44 35 35 32 30 
42 27 45 32 33 12 24 54 33 24 31 32 45 46 38 39 32 48 64 34 55 29 34 67 54 30 43 48 58 65 59 59 54 60 16 58 29 24 54 56 19 31 41 45 59 61 57 57 33 69 41 39 71 68 35 48 57 62 74 73 71 68 22 9 22 46 21 24 26 23 38 35 26 28 21 41 33 59 67 28 39 50 51 68 71 66 68 4 37 38 30 13 22 28 40 43 38 39 44 31 13 21 24 35 40 36 35 32 59 41 53 57 68 72 64 66 58 26 38 48 51 66 69 65 65 19 20 33 35 32 30 27 33 44 49 43 43 38 48 57 54 52 49 64 56 57 50 72 70 66 70 70 65 
31 14 31 31 21 7 19 43 20 22 24 21 35 33 25 26 20 35 51 24 43 16 21 54 42 18 30 35 45 51 47 46 42 49 2 50 24 13 40 47 9 19 29 32 47 52 46 48 20 59 30 26 57 57 21 35 44 49 62 62 59 57 12 17 24 37 9 29 24 16 30 22 14 14 10 36 24 46 59 21 28 39 38 56 63 57 60 9 24 33 13 39 11 15 28 36 28 34 32 22 16 13 11 24 26 26 22 23 45 30 41 44 56 59 51 52 45 18 26 37 38 55 61 55 57 15 8 23 22 22 17 19 20 33 35 32 30 27 35 43 42 39 38 50 43 44 37 60 58 55 59 62 55 
33 10 26 42 11 18 29 45 11 33 31 24 38 29 16 20 10 26 43 30 32 10 22 52 32 22 29 30 43 44 37 38 31 38 10 39 14 2 34 36 3 10 19 25 37 40 35 37 17 48 19 18 51 46 14 27 35 42 52 51 48 46 2 28 36 41 1 40 34 24 37 22 4 12 1 26 14 37 48 10 17 28 29 46 52 46 49 17 22 23 22 11 41 14 18 25 17 24 34 11 27 22 13 27 20 15 13 12 37 33 41 41 55 54 42 46 36 7 16 26 29 44 49 44 46 25 15 28 17 10 8 9 19 34 30 21 22 16 33 35 32 30 27 45 34 37 28 49 48 44 48 50 44 
18 4 17 34 16 18 21 30 13 26 19 10 24 18 16 12 15 23 37 17 34 7 7 39 32 8 16 20 30 37 37 33 33 40 12 48 28 15 26 45 16 12 22 19 38 48 40 46 5 52 25 15 43 49 11 21 32 35 50 54 49 50 16 29 32 27 13 37 26 15 24 7 12 2 15 39 25 33 57 24 24 34 28 49 60 52 58 24 9 35 28 15 14 66 21 36 27 37 19 22 26 14 4 13 13 23 15 24 32 19 27 29 41 44 38 38 32 21 21 31 26 47 57 49 55 19 9 15 8 21 11 23 5 19 21 24 18 22 20 31 35 29 33 35 32 30 27 51 47 47 53 58 50 
35 17 19 55 6 35 43 45 8 47 41 30 42 24 5 15 7 10 28 38 14 14 26 44 14 29 28 22 37 30 19 22 13 20 27 27 20 16 22 23 21 10 1 14 19 26 18 25 20 31 4 8 38 29 11 15 18 29 35 33 30 29 18 45 51 46 19 56 48 36 45 24 13 19 19 24 13 20 35 16 4 13 12 28 38 30 37 35 22 21 40 28 18 21 71 19 9 23 35 11 44 35 24 33 13 7 6 13 22 37 39 34 49 41 26 32 20 15 2 10 13 26 35 27 34 40 28 36 15 10 11 16 23 35 19 3 10 3 28 20 14 12 11 33 17 23 11 32 30 27 32 37 29 
53 31 38 67 20 43 55 64 24 58 55 46 59 43 24 34 22 28 43 54 24 29 43 63 26 45 47 42 56 47 30 37 24 25 36 15 13 23 40 13 27 25 19 33 28 19 20 14 37 29 14 27 55 29 28 34 33 47 45 35 37 29 24 51 61 64 27 65 60 49 61 42 24 34 25 6 11 35 23 15 15 14 27 30 28 25 24 38 40 5 43 36 25 36 19 64 10 6 54 14 52 47 37 50 32 13 23 13 38 55 59 54 68 59 41 49 36 18 18 16 29 30 26 24 22 51 40 52 33 15 25 16 40 53 39 19 29 16 47 37 20 27 14 51 33 41 27 35 39 29 30 27 24 
43 22 29 59 10 36 46 54 14 50 46 37 49 33 14 24 12 20 36 44 19 20 33 54 20 35 37 32 46 39 25 30 19 23 28 21 12 15 31 18 20 15 9 24 23 23 19 20 27 31 6 18 47 30 18 25 26 39 41 35 35 30 16 45 53 54 19 58 51 41 51 31 15 24 18 14 5 29 30 10 5 12 20 30 34 28 32 33 30 11 38 28 17 27 9 10 60 13 43 6 45 39 28 40 22 3 13 6 30 45 48 44 59 51 35 41 29 11 8 11 21 29 32 26 29 42 32 42 23 6 15 11 30 43 29 11 19 6 37 29 17 20 11 42 26 33 20 34 35 29 32 33 27 
55 32 42 66 23 42 54 66 26 57 55 47 61 46 27 37 24 33 49 54 30 31 44 67 32 46 49 45 60 52 36 43 30 31 34 20 10 23 45 19 25 27 23 37 34 24 26 19 39 35 19 31 60 35 31 38 38 52 51 41 43 35 23 48 59 65 26 62 58 49 61 43 25 35 24 1 12 41 28 13 19 20 32 36 33 31 28 35 42 2 39 34 24 37 23 6 13 54 56 15 50 46 37 51 35 16 26 13 43 57 61 58 72 64 47 54 41 17 21 22 34 36 31 30 26 49 40 52 35 16 26 15 41 56 43 24 33 19 50 42 26 32 20 56 38 46 33 42 45 35 36 32 30 
1 24 18 34 33 32 26 11 29 30 17 11 7 14 30 20 32 31 36 13 43 25 12 24 40 13 7 18 16 34 43 36 42 50 30 62 48 35 25 59 35 29 36 24 46 61 51 61 17 62 40 27 36 59 25 26 36 31 51 62 54 60 36 42 38 12 33 42 29 22 16 12 31 22 35 57 43 37 70 43 39 47 36 58 72 63 72 41 13 54 44 32 34 19 35 54 43 56 67 40 37 24 22 9 22 40 30 42 34 4 9 17 24 35 38 33 35 40 36 44 33 55 69 60 69 27 24 12 20 39 29 42 14 0 22 37 27 38 11 33 46 37 46 29 36 29 35 58 50 56 63 71 62 
39 17 27 53 8 29 40 51 11 44 41 32 46 32 13 22 8 22 39 39 24 15 29 53 24 30 34 31 45 42 30 33 24 29 21 28 8 9 32 25 13 11 12 24 29 29 25 26 23 37 10 17 49 36 16 26 29 40 46 41 40 36 10 38 47 50 12 51 45 35 46 28 9 19 11 16 3 32 37 5 8 18 23 36 41 35 38 26 27 13 31 22 11 22 11 14 6 15 40 69 38 33 23 35 21 5 11 2 33 41 46 43 58 52 38 43 32 4 9 17 24 35 38 33 35 36 26 37 20 1 11 5 26 40 29 14 20 8 36 32 22 24 17 43 29 34 23 40 40 35 38 39 34 
35 28 43 18 38 9 12 45 36 11 21 26 36 43 41 39 36 49 64 25 59 30 29 61 57 24 38 46 53 64 62 60 58 65 17 66 39 29 52 64 25 34 45 45 63 68 63 65 31 75 46 41 69 73 36 48 58 61 76 78 74 74 28 6 9 35 26 12 13 15 27 31 31 27 27 51 41 60 75 37 45 56 54 73 80 73 77 15 34 48 13 16 27 26 44 52 45 50 37 38 9 13 22 28 40 43 38 39 59 33 46 52 61 69 64 64 59 34 43 54 53 71 77 71 74 9 17 24 35 38 33 35 30 37 48 48 44 43 44 57 59 55 55 61 58 57 53 76 73 72 76 78 72 
22 18 30 20 29 8 7 33 27 11 11 12 24 30 31 26 28 38 52 12 49 20 16 48 47 11 24 33 39 51 52 48 47 55 12 60 36 24 40 57 21 25 36 33 53 61 54 59 19 66 38 30 56 64 25 36 47 48 64 68 63 65 23 18 17 24 20 22 12 2 17 18 23 16 22 48 36 48 69 33 37 48 43 63 73 65 71 19 21 45 21 13 22 14 35 47 39 46 24 33 13 19 11 15 28 36 28 34 47 20 33 39 48 56 52 51 47 29 34 45 41 61 70 63 68 4 7 11 23 32 24 31 17 24 35 38 33 35 30 45 49 44 46 48 46 44 42 66 62 62 67 71 64 
20 6 21 31 18 13 18 32 15 23 18 11 25 22 20 16 17 27 42 17 38 9 10 43 36 8 19 24 34 42 41 38 36 44 8 50 28 14 30 47 14 14 25 23 41 50 43 48 9 55 27 19 47 53 14 26 36 39 54 57 52 54 15 25 28 28 12 33 23 12 23 11 13 5 14 39 26 38 59 24 26 37 32 52 62 54 60 20 13 36 24 11 13 4 24 37 28 37 22 23 22 11 34 14 18 25 17 24 37 21 30 33 45 48 42 42 37 20 23 34 30 50 59 52 57 15 4 15 13 22 13 22 9 22 26 27 22 24 24 35 38 33 35 40 36 34 31 55 51 51 56 60 53 
7 18 20 27 29 23 18 18 26 22 10 3 11 18 28 19 27 32 41 6 43 20 7 33 41 5 11 21 24 39 45 39 42 50 22 60 42 28 29 57 28 24 34 25 46 59 51 58 13 62 37 25 43 59 22 27 38 36 55 63 56 60 29 33 29 14 26 34 21 13 12 9 26 16 28 52 39 39 69 37 36 46 37 58 71 63 70 33 11 49 35 24 27 13 33 50 40 51 9 35 28 15 14 49 21 36 27 37 37 6 18 25 33 42 42 39 38 34 33 43 34 56 68 60 67 19 15 4 18 34 24 36 10 9 25 35 27 34 17 36 46 38 44 35 38 33 35 60 53 57 63 70 61 
22 12 6 47 13 31 35 32 10 40 30 19 29 11 8 2 12 10 24 27 22 10 14 32 19 19 15 10 24 24 23 20 20 28 24 40 29 20 13 36 23 10 14 5 25 38 29 38 9 40 18 4 31 37 6 8 18 22 36 41 35 39 22 43 45 34 20 50 40 28 34 12 16 12 22 36 24 20 48 25 17 25 15 37 50 41 50 35 10 33 40 26 20 13 13 32 22 35 22 21 40 28 18 21 70 19 9 23 19 25 26 22 36 33 24 25 19 23 14 22 13 34 47 38 46 33 23 25 4 20 12 24 12 22 9 14 5 16 15 17 24 16 23 24 18 17 14 38 33 35 41 49 40 
39 19 25 56 7 34 43 51 10 47 43 33 46 30 11 20 8 17 35 41 19 16 29 51 19 32 34 29 43 37 24 29 18 23 25 24 13 13 29 21 18 12 7 21 23 25 20 23 23 32 4 14 45 31 15 22 25 36 40 36 35 31 14 43 51 50 16 55 48 38 48 28 12 21 16 17 6 27 33 10 3 13 18 31 37 30 35 32 27 14 36 26 15 23 7 13 3 16 40 5 43 36 25 36 19 77 10 6 29 42 45 41 56 48 33 39 27 10 5 12 20 30 34 28 32 40 29 39 19 4 12 10 26 40 26 9 17 3 34 27 17 19 12 40 24 30 18 35 35 30 33 35 29 
29 10 16 48 3 29 36 40 2 40 34 24 36 20 3 11 3 13 30 32 20 8 20 42 19 23 23 20 34 32 24 24 19 26 20 33 20 12 22 30 16 3 7 13 24 33 25 31 14 37 10 6 39 35 5 15 21 30 39 40 36 36 14 39 45 41 13 50 41 30 39 18 8 12 14 27 14 24 42 15 9 19 16 35 45 37 43 30 17 24 35 22 13 15 6 23 13 26 30 11 38 28 17 27 9 10 67 13 24 32 35 32 46 42 29 33 23 13 6 16 16 33 42 34 40 33 22 30 9 10 4 15 17 30 18 9 9 7 24 22 21 17 18 33 21 24 15 38 35 33 38 43 35 
41 19 30 54 10 30 42 53 13 45 42 34 48 34 15 24 11 23 41 41 25 17 31 55 25 32 36 33 48 43 31 35 24 29 23 26 7 10 34 24 14 13 13 26 29 29 25 25 25 37 11 19 51 36 18 28 31 42 46 41 41 36 11 39 48 52 14 52 47 36 48 30 11 21 12 14 1 33 36 4 9 18 24 36 40 34 37 27 29 11 32 23 12 24 13 13 6 13 42 2 39 34 24 37 23 6 13 71 35 43 48 45 60 54 39 45 33 5 11 17 26 35 37 33 34 38 27 39 22 3 13 4 28 42 31 15 21 9 38 33 23 25 17 45 30 36 24 41 41 35 38 38 33 
34 31 17 65 27 50 53 40 26 58 47 36 41 20 21 20 27 11 6 44 15 29 32 29 12 37 27 16 25 9 11 1 14 19 43 38 42 36 9 35 40 27 21 13 14 34 24 37 28 30 24 19 17 27 23 10 5 9 17 28 20 28 38 62 64 47 38 69 58 47 49 29 32 32 39 43 35 3 43 38 25 24 10 25 43 33 46 54 26 41 59 45 37 32 22 38 30 43 34 33 59 47 37 37 19 29 24 35 81 38 33 23 35 21 5 11 2 37 24 22 9 22 40 30 42 52 42 42 24 32 28 38 30 33 12 19 15 25 22 1 19 10 24 14 5 5 10 24 16 24 31 42 32 
4 24 22 29 34 29 22 12 31 26 12 10 4 18 32 23 33 35 41 8 47 25 12 29 44 12 11 22 21 39 47 40 45 53 28 65 48 35 29 61 35 30 38 28 49 63 54 63 18 65 42 29 41 62 27 29 40 35 56 65 58 64 36 39 33 9 32 38 24 18 11 13 32 22 35 58 44 41 73 43 41 50 40 61 75 66 75 39 15 54 41 30 33 19 37 55 45 57 4 41 33 20 21 6 25 42 32 43 38 74 13 22 28 40 43 38 39 40 37 47 37 58 72 63 71 24 22 9 22 40 30 42 15 5 26 39 30 39 16 37 49 41 48 34 40 34 38 62 55 60 66 74 65 
11 31 20 42 38 41 35 7 35 40 26 21 12 15 34 24 37 33 33 22 44 32 20 16 41 23 12 18 9 30 43 34 43 50 39 65 54 42 24 62 43 35 40 26 46 63 53 64 24 62 44 31 30 59 30 27 36 27 48 61 53 61 43 52 47 17 41 51 38 31 24 19 38 29 43 62 49 36 73 50 43 50 37 58 74 64 75 50 19 59 53 41 41 27 39 59 48 61 9 46 46 33 30 18 26 45 35 48 33 13 48 11 15 28 36 28 34 47 40 47 34 55 71 61 71 37 33 22 26 45 35 49 22 9 22 40 30 42 11 32 48 38 49 24 36 27 36 57 49 56 63 73 63 
18 31 15 51 35 46 43 18 33 47 34 26 22 12 30 21 35 26 23 30 36 31 23 10 33 28 14 12 2 19 34 24 35 41 42 58 52 41 14 55 44 32 35 20 37 55 45 57 24 53 39 26 19 50 28 19 27 16 37 51 42 51 43 57 55 28 41 59 46 38 33 22 37 30 43 58 46 26 65 48 39 43 29 48 66 56 67 54 20 55 57 44 41 29 34 54 44 58 17 43 52 39 33 25 22 41 32 45 23 22 11 44 14 18 25 17 24 45 36 40 26 45 62 52 64 43 37 29 24 42 34 47 24 16 15 34 24 38 9 22 40 30 42 12 27 17 28 47 38 47 54 64 54 
26 44 30 56 50 56 50 18 47 54 41 36 26 25 45 35 49 40 34 37 50 44 34 7 46 38 25 26 12 29 47 37 48 55 53 72 66 55 28 69 57 46 49 35 50 69 59 71 37 66 53 41 25 62 42 34 40 27 47 63 54 64 57 67 61 29 54 66 52 46 38 33 51 43 56 73 61 39 79 62 53 58 43 61 79 69 81 65 33 70 68 56 55 41 49 68 59 72 24 58 61 48 45 33 36 56 46 60 35 28 15 14 18 21 36 27 37 59 50 54 40 58 76 66 78 52 48 37 38 57 48 61 36 24 29 49 39 52 22 35 54 44 57 22 40 30 42 59 49 60 66 78 68 
36 45 27 69 45 62 60 35 43 65 52 43 40 26 39 33 45 31 16 48 36 44 40 14 33 44 31 24 19 12 31 22 35 39 56 59 61 53 20 56 57 44 41 29 35 54 44 58 39 48 45 36 4 45 39 26 26 12 27 45 35 47 55 74 72 45 54 77 64 55 52 38 49 44 55 64 54 24 63 57 45 46 31 43 63 53 66 68 35 62 72 59 54 44 41 59 51 64 35 52 69 56 48 42 33 48 42 54 21 40 28 18 21 44 19 9 23 55 43 43 29 40 59 49 62 61 53 47 37 51 45 57 39 34 24 40 32 45 25 22 41 31 45 9 26 18 31 40 30 42 49 62 52 
39 37 22 70 32 56 58 43 31 63 52 41 45 24 26 25 32 16 2 48 17 34 37 29 15 42 31 20 28 7 12 4 16 20 48 39 46 41 13 36 46 32 26 19 15 35 25 38 33 29 29 24 14 26 29 16 8 9 13 27 17 28 43 67 70 51 43 74 63 52 54 34 38 37 44 47 39 6 44 43 30 27 15 24 43 33 46 59 32 45 64 51 42 38 26 41 35 47 38 38 64 52 42 42 24 33 29 39 5 43 36 25 36 19 81 10 6 42 28 25 13 21 40 30 43 57 47 47 29 37 34 43 35 38 17 24 20 30 26 7 22 14 27 14 9 9 15 22 13 23 30 42 32 
34 38 21 66 36 56 56 36 35 61 49 39 39 21 30 26 36 21 7 45 26 36 35 20 23 40 27 18 19 2 21 12 25 30 50 49 52 45 12 46 49 35 32 20 25 44 35 48 33 39 35 27 6 36 31 18 16 3 20 36 27 38 47 68 68 45 46 73 60 51 50 33 41 38 47 55 45 14 54 48 36 36 22 34 54 43 56 61 30 52 66 52 46 38 32 49 41 54 33 43 64 51 42 39 25 39 33 45 11 38 28 17 27 9 10 60 13 47 34 33 19 31 50 40 53 56 47 44 30 42 37 48 34 32 16 30 24 36 22 12 31 22 35 5 16 9 21 32 22 33 40 52 42 
36 31 18 65 25 50 54 42 25 58 48 37 42 21 20 20 26 10 7 44 13 29 32 31 10 37 28 17 27 11 9 1 12 17 43 36 40 35 10 32 40 26 20 13 12 31 21 35 28 28 23 18 19 25 23 11 2 11 17 27 18 27 37 62 64 48 37 69 58 47 50 30 32 31 38 42 33 1 41 37 24 22 9 23 41 31 43 53 27 39 58 45 36 32 20 36 29 41 35 32 59 47 37 38 19 27 23 33 2 39 34 24 37 23 6 13 85 36 22 20 7 20 38 28 40 52 42 43 24 31 28 37 30 35 13 18 14 24 24 2 17 8 22 16 3 7 9 23 15 22 29 40 30 
39 16 29 49 10 25 37 51 12 40 38 31 45 33 16 23 10 25 43 37 29 15 28 55 29 29 35 33 47 45 34 37 28 34 18 32 7 5 35 29 9 12 16 26 33 34 30 30 23 42 15 19 53 41 17 29 33 44 50 46 45 41 6 34 43 48 9 47 42 32 44 27 8 18 7 18 6 36 41 3 13 23 27 41 45 40 42 22 27 15 26 18 7 21 15 18 11 17 40 4 34 29 20 34 23 10 13 5 37 40 47 45 59 55 42 47 36 77 13 22 28 40 43 38 39 33 23 35 21 5 11 2 25 40 32 18 23 12 37 35 27 28 22 46 33 38 27 45 45 40 43 44 38 
35 16 20 54 5 33 42 46 7 46 40 30 42 25 5 15 6 12 30 38 16 14 26 45 16 29 29 23 38 32 21 24 15 22 25 27 18 14 23 24 19 9 2 15 20 27 19 25 20 32 4 9 40 30 10 17 20 31 37 35 32 31 16 44 50 46 17 55 47 36 45 24 12 18 17 22 11 22 36 14 3 13 14 30 39 31 37 33 22 19 38 26 16 21 2 18 8 21 36 9 43 34 23 33 14 5 6 11 24 37 40 36 50 43 28 34 22 13 66 11 15 28 36 28 34 38 27 36 15 8 9 14 23 35 21 5 11 2 29 22 15 14 12 34 19 25 13 33 32 28 33 37 29 
44 27 26 65 16 44 53 53 18 57 51 40 51 31 15 24 17 14 27 48 8 25 36 49 10 39 37 29 43 31 14 21 8 11 36 18 23 25 26 14 29 20 9 20 12 16 8 17 30 21 7 17 39 19 21 20 17 31 30 24 23 19 26 55 61 56 28 66 58 47 55 34 23 29 27 22 17 19 26 21 9 3 11 19 28 20 28 43 31 20 48 37 26 31 10 16 11 22 44 17 54 45 34 43 22 12 16 17 22 47 47 40 54 43 25 33 20 22 11 46 14 18 25 17 24 50 38 46 25 16 21 22 33 44 25 7 17 10 35 21 5 11 2 35 16 25 12 23 24 18 22 27 18 
33 24 15 60 18 43 48 41 18 53 44 32 40 19 12 15 18 3 15 40 10 22 28 34 7 32 26 16 29 17 10 9 8 16 36 32 33 28 11 28 32 19 12 9 12 29 19 31 23 28 15 11 25 25 16 7 5 17 23 28 22 27 30 55 59 46 29 63 53 42 47 25 24 25 30 35 26 8 39 29 16 17 3 24 40 30 41 46 22 33 51 38 29 26 13 29 21 34 33 24 53 41 30 34 13 20 16 26 9 37 34 26 40 29 13 19 7 28 15 14 71 21 36 27 37 46 35 38 18 23 20 29 25 33 12 10 8 16 23 7 14 4 16 21 5 11 2 25 20 23 29 38 28 
55 43 36 81 33 62 69 62 35 73 65 54 62 40 30 36 34 24 24 62 12 41 49 51 14 53 47 37 48 29 11 21 13 6 53 21 40 42 30 20 47 36 25 30 9 16 10 21 43 8 25 31 35 4 36 29 18 31 17 7 7 6 44 72 78 67 45 83 74 62 68 47 40 45 45 36 34 19 24 39 27 17 18 3 22 12 26 61 44 35 66 55 44 47 26 30 29 36 55 35 71 61 50 56 34 30 33 35 22 58 55 45 58 40 21 31 20 40 28 18 21 42 19 9 23 66 55 60 38 35 38 40 46 54 33 23 28 28 44 23 12 17 18 35 18 28 20 5 11 2 8 21 11 
69 52 51 90 40 68 78 78 43 82 76 66 76 55 40 49 42 38 43 74 26 50 61 69 29 65 62 52 65 48 29 39 27 21 60 11 40 47 47 13 52 45 34 45 25 9 17 12 55 11 31 43 55 14 46 44 36 49 36 17 26 12 48 77 85 81 51 90 83 72 81 59 47 54 50 30 36 37 6 41 33 22 33 16 3 6 7 65 57 32 69 61 49 57 35 26 32 31 69 38 77 70 59 68 47 34 42 37 40 72 71 62 76 59 40 50 38 43 36 25 36 19 10 10 6 74 63 72 50 38 45 42 58 69 48 33 42 34 59 40 23 32 24 54 35 45 34 21 30 17 11 2 8 
60 45 41 83 34 62 70 68 36 75 68 57 67 46 32 40 35 28 33 65 16 42 53 59 20 56 52 43 55 38 19 29 18 10 54 13 37 42 37 12 46 37 26 35 15 7 9 13 47 4 24 34 45 6 38 34 25 39 27 10 17 4 43 72 79 72 45 84 76 64 72 51 40 47 44 30 32 27 14 36 26 15 23 7 13 3 16 60 48 30 65 55 44 49 27 24 26 30 60 33 71 63 52 60 38 28 34 33 30 63 61 52 66 49 30 40 28 38 28 17 27 9 10 22 13 67 56 63 42 33 38 38 50 59 39 24 33 28 50 30 14 23 16 44 25 35 25 13 21 7 5 12 2 
69 51 51 88 39 65 75 78 42 79 75 64 76 56 39 48 40 38 46 72 27 48 60 71 31 63 62 53 66 50 31 41 29 23 57 7 36 44 49 10 48 43 33 45 27 8 18 9 54 16 30 42 58 19 45 44 37 52 40 22 30 17 45 73 82 81 48 87 80 70 79 58 44 53 47 25 33 39 1 37 31 21 34 20 6 10 3 61 56 27 65 57 46 55 34 22 29 26 69 35 74 68 57 67 46 32 40 34 42 71 71 64 78 62 43 53 40 39 34 24 37 23 6 13 4 72 61 70 49 36 44 38 57 69 49 32 41 33 60 42 23 33 23 56 37 47 35 26 34 21 16 5 11 
26 22 35 16 33 8 4 36 31 7 12 17 27 35 36 31 32 43 56 15 53 25 20 52 51 16 29 38 43 56 56 53 52 60 15 64 39 27 45 61 24 29 41 38 57 65 58 63 24 71 43 35 60 69 30 41 52 53 69 73 68 69 27 15 12 26 24 17 9 5 18 23 27 21 25 51 39 53 73 36 41 52 48 68 77 70 74 19 26 48 19 15 25 19 40 51 42 49 27 36 9 4 15 19 33 40 33 38 52 24 37 43 52 61 57 56 52 33 38 50 46 66 74 67 72 27 11 15 28 36 28 34 22 28 40 43 38 39 35 50 54 49 51 53 51 49 47 71 66 67 72 75 68 
22 11 26 27 22 9 14 34 20 18 16 12 26 26 24 21 21 32 47 16 42 14 13 47 40 10 23 29 38 47 45 43 41 48 6 53 30 17 35 50 14 18 29 28 46 54 47 52 14 59 31 24 52 57 19 31 41 44 59 62 57 58 17 20 23 28 13 28 19 9 22 15 16 10 15 41 29 43 62 26 30 41 37 57 66 59 64 17 17 38 20 8 15 9 28 40 32 40 24 26 17 7 4 15 23 29 22 27 42 22 33 37 48 53 47 47 42 23 27 38 35 55 63 56 61 11 44 14 18 25 17 24 13 24 30 32 27 28 28 40 43 38 39 44 41 39 36 60 56 55 60 64 57 
11 20 25 22 31 20 13 21 28 18 5 6 12 23 31 23 30 36 46 2 47 22 10 37 45 7 16 26 29 44 49 43 46 54 21 63 43 29 34 60 28 27 37 29 51 63 54 61 16 66 40 29 47 63 25 32 43 41 60 67 61 64 30 30 25 13 27 29 16 9 9 13 27 18 29 54 40 44 72 39 39 49 41 62 75 66 73 31 15 50 33 23 28 15 36 52 42 52 12 37 24 11 15 4 25 39 30 39 42 9 22 29 37 47 47 44 43 35 36 46 38 60 72 63 70 15 14 56 21 36 27 37 13 13 29 39 31 37 22 40 49 42 48 40 43 38 39 64 58 61 67 73 65 
19 8 9 42 12 26 30 31 9 35 26 15 26 12 10 3 11 15 29 23 26 7 11 34 24 14 14 13 26 29 28 25 25 32 19 42 28 17 18 39 20 8 16 10 29 41 33 41 5 44 19 7 35 42 4 13 23 27 41 46 40 43 19 38 40 31 17 45 35 24 30 9 13 8 18 36 23 25 51 24 18 28 20 41 53 45 52 31 7 33 35 22 17 8 15 33 23 35 20 20 35 23 13 18 4 19 9 22 24 22 26 24 38 37 29 30 24 21 15 25 18 38 50 42 49 28 18 21 80 19 9 23 8 20 13 17 10 17 16 22 28 21 26 28 23 21 18 43 38 39 45 52 43 
38 16 26 52 6 29 40 50 9 43 40 31 45 31 12 21 7 21 38 38 24 14 28 52 24 29 33 30 44 41 29 32 23 28 21 28 9 8 31 25 13 10 11 23 28 29 25 26 22 37 9 16 48 36 14 25 28 39 45 41 40 36 10 38 46 49 12 51 45 34 45 27 9 18 11 17 4 31 37 6 8 18 22 36 41 35 38 27 26 14 32 22 10 21 10 15 6 16 39 1 38 32 22 34 20 4 10 3 32 40 45 42 57 51 37 42 31 5 8 16 23 35 38 33 36 36 25 36 19 86 10 6 25 39 28 13 19 7 35 31 22 23 17 42 28 33 22 40 40 35 38 39 34 
28 7 18 44 5 24 32 40 2 36 31 21 34 22 8 12 3 17 34 29 25 4 18 44 24 20 23 22 36 36 29 29 24 31 16 36 18 8 25 33 12 1 12 16 29 36 29 35 12 42 14 9 43 40 6 19 26 34 44 45 41 40 10 35 40 39 9 45 37 26 36 17 4 9 10 27 14 28 45 14 12 23 21 39 48 41 47 25 16 24 30 17 8 11 11 25 15 26 29 11 33 24 13 24 12 12 4 13 28 30 35 34 48 45 34 37 28 11 9 21 20 38 45 38 44 28 17 27 9 10 76 13 15 29 21 14 13 11 25 27 25 22 22 36 26 28 20 43 40 38 43 47 39 
41 18 31 51 12 27 38 53 14 42 40 33 47 35 18 25 12 27 44 39 30 17 30 57 30 31 37 35 49 47 35 38 29 34 19 31 5 7 37 29 10 14 17 28 34 33 30 29 25 42 15 21 54 41 19 30 35 45 51 46 45 41 7 34 44 50 10 48 43 33 46 30 10 20 9 16 6 37 40 1 14 23 28 41 44 39 41 22 29 13 27 19 9 23 16 16 11 15 42 5 35 31 22 36 24 10 15 4 38 42 49 47 61 57 43 48 37 2 14 22 29 40 42 38 38 34 24 37 23 6 13 79 27 42 33 19 24 13 39 37 28 29 22 48 34 39 28 46 46 40 43 43 38 
13 9 13 35 19 22 23 25 16 28 18 7 19 13 18 10 18 22 34 15 34 10 3 34 31 7 10 16 25 34 36 31 32 40 18 50 33 20 22 47 21 14 24 16 37 49 41 48 3 52 27 15 38 50 12 19 30 31 47 53 47 51 21 34 34 24 19 39 28 17 22 2 17 7 21 43 29 31 58 29 26 36 27 49 61 53 60 30 3 39 33 20 19 5 23 40 30 41 14 26 30 17 9 10 12 26 17 28 30 15 22 24 36 39 35 34 30 25 23 33 25 46 58 50 57 22 13 13 8 25 15 27 22 14 18 25 17 24 15 28 36 28 34 31 30 26 26 50 45 47 53 60 51 
2 24 18 34 33 32 27 10 29 31 18 12 7 14 30 20 31 31 36 13 43 25 12 24 40 14 7 17 16 33 43 35 41 49 30 62 48 35 24 58 35 28 36 24 45 60 51 60 16 61 40 26 35 58 25 25 36 30 51 61 53 60 36 43 38 13 33 43 29 22 17 12 31 22 35 57 43 36 70 43 39 47 36 57 72 63 72 42 13 53 44 33 34 19 35 53 43 56 0 40 37 24 22 9 22 40 30 42 33 5 9 16 24 34 38 32 35 40 35 44 33 54 69 59 69 28 24 13 20 39 29 42 14 30 21 36 27 37 11 32 46 37 46 28 36 28 34 57 50 56 62 70 61 
22 21 4 52 21 39 41 29 19 46 35 24 29 7 16 9 21 11 16 31 22 20 19 24 19 24 14 4 17 16 21 14 20 28 33 43 38 29 4 40 33 20 20 5 24 40 31 42 16 40 24 12 22 37 15 4 14 13 30 40 32 38 31 51 52 34 30 57 45 35 37 17 25 21 31 43 32 15 51 34 24 28 15 36 52 42 53 45 14 41 49 35 30 21 19 39 29 43 22 29 48 35 26 25 9 26 18 31 12 26 22 15 29 24 17 16 13 32 21 25 12 33 48 39 49 40 30 29 13 28 21 33 18 21 57 19 9 23 11 11 26 16 27 15 14 8 13 36 28 34 41 50 41 
36 20 19 58 10 38 46 46 11 50 43 33 43 24 7 16 11 8 25 41 11 18 28 43 10 32 29 22 37 28 16 19 10 17 30 25 22 19 21 22 24 13 2 14 15 24 15 24 22 27 5 10 36 25 13 14 15 27 31 30 27 26 21 49 55 48 22 59 51 40 48 26 17 22 22 25 15 18 33 19 6 10 9 25 36 27 35 38 24 22 43 32 21 24 3 19 11 24 37 14 48 38 27 35 14 9 9 15 19 39 40 34 49 40 24 30 18 18 5 7 10 23 33 24 32 43 32 39 17 13 14 19 25 36 19 72 10 6 28 18 11 9 9 31 15 21 9 28 26 23 28 34 26 
27 16 9 52 12 35 40 36 11 45 36 25 34 14 6 7 12 5 21 33 16 14 20 34 14 24 20 12 27 22 18 16 15 23 28 35 28 21 12 32 25 12 10 4 19 33 24 34 15 35 14 3 30 32 8 6 13 21 31 36 30 33 23 47 50 39 22 55 45 34 39 18 17 17 23 34 22 15 43 24 14 20 10 31 45 36 45 38 15 31 43 30 22 18 10 29 19 33 27 20 44 33 22 27 5 17 9 21 15 30 30 24 39 32 20 24 14 23 11 17 8 28 42 33 41 38 27 31 10 19 13 24 17 27 9 10 57 13 18 13 19 11 19 23 13 15 8 33 28 30 36 43 34 
37 18 22 55 6 34 43 48 9 47 42 31 44 27 7 17 7 14 31 39 16 15 27 47 16 30 31 26 40 34 22 25 16 21 26 25 16 14 25 22 19 10 4 17 21 25 19 24 21 31 3 11 42 29 12 19 21 33 37 35 32 30 16 44 51 48 17 56 48 37 46 26 12 20 17 20 9 24 34 13 1 12 15 29 37 30 36 33 24 17 38 27 16 22 3 16 6 19 38 8 43 35 24 34 16 3 7 9 25 39 42 38 52 45 30 36 24 12 2 10 16 28 34 28 33 39 28 37 17 7 11 13 24 37 23 6 13 69 31 24 15 15 11 36 21 27 15 33 32 28 32 36 28 
12 23 9 44 28 37 35 18 25 40 27 18 18 4 23 13 27 21 25 23 33 22 15 19 30 19 6 7 10 22 32 24 31 39 33 54 44 33 13 50 35 24 28 14 35 51 41 52 15 51 33 19 25 48 20 15 25 19 39 51 42 49 34 48 47 24 32 52 39 29 28 13 29 21 34 52 39 25 61 40 32 39 26 47 63 53 63 45 11 48 48 35 33 20 28 47 37 50 11 36 44 30 24 17 15 34 24 38 22 16 11 9 22 25 26 22 24 37 29 35 23 44 59 50 60 35 28 22 16 35 25 39 15 11 11 28 18 31 29 21 36 27 37 18 25 17 24 47 39 45 52 61 52 
33 29 15 63 25 48 52 39 24 56 46 35 40 18 19 18 25 10 7 42 14 27 30 29 11 35 26 14 25 10 11 2 13 19 41 37 40 34 8 34 39 25 20 12 14 33 23 36 26 30 23 17 18 27 22 9 4 10 19 29 21 29 36 60 62 45 36 67 56 45 48 28 31 30 37 42 33 4 43 37 24 24 9 26 44 33 45 52 25 40 57 43 35 31 20 37 29 42 33 32 57 45 35 36 17 27 22 33 1 37 32 22 35 22 7 12 2 35 22 21 7 23 40 30 42 50 40 40 22 31 27 37 28 32 11 18 13 24 21 36 19 9 23 14 5 5 9 25 17 24 31 42 32 
46 31 28 69 21 49 57 55 23 61 54 43 53 32 18 26 22 15 24 51 4 29 39 48 7 42 39 29 43 28 10 19 5 6 41 18 28 30 25 15 35 24 13 22 7 14 5 17 33 16 12 20 36 14 24 21 14 29 25 19 18 15 31 60 66 58 33 71 62 51 58 37 28 33 32 26 22 16 25 27 14 6 10 14 26 17 27 49 34 25 54 42 32 35 14 20 17 26 46 22 59 49 38 46 24 17 21 23 19 49 48 40 54 41 22 31 17 27 15 5 14 12 23 14 23 54 43 49 28 22 25 28 36 46 26 11 19 15 36 19 51 10 6 33 14 24 12 18 19 12 17 24 15 
37 27 19 63 19 46 51 45 19 56 47 36 44 23 14 18 19 6 16 44 6 24 31 38 3 36 30 20 33 19 7 10 4 12 38 28 32 28 15 25 33 20 12 13 8 25 14 27 26 24 14 14 28 21 19 11 6 19 22 25 19 23 30 57 61 50 31 66 56 45 50 29 25 28 31 33 25 8 35 29 15 14 1 20 36 26 37 47 26 31 52 39 30 29 12 27 20 32 37 24 55 44 33 38 16 19 17 25 10 41 38 30 44 31 14 22 8 28 14 11 4 17 32 23 33 49 38 42 21 23 22 29 28 37 16 9 11 15 27 9 10 35 13 24 5 14 2 22 18 19 25 34 24 
45 28 28 66 17 45 54 55 19 58 52 42 52 33 16 25 18 16 29 50 10 26 37 51 12 41 39 31 45 33 16 23 10 12 37 16 22 25 28 13 30 21 10 22 13 15 8 14 31 20 8 19 41 19 22 22 19 33 31 24 24 19 26 55 62 58 28 67 59 48 57 35 23 30 28 20 16 21 24 21 9 1 13 19 27 19 26 44 33 19 49 38 27 33 11 14 11 20 46 17 55 46 35 44 23 12 18 17 24 48 49 42 57 45 27 35 22 22 12 2 16 18 24 16 23 51 39 48 26 17 22 22 34 46 27 9 19 11 37 23 6 13 49 37 18 27 14 23 25 18 21 25 17 
30 36 19 62 36 53 53 31 34 58 45 35 35 18 30 24 36 22 11 41 29 35 32 15 26 37 24 15 14 7 25 15 28 33 48 52 52 44 11 49 48 35 32 20 28 48 38 51 30 43 36 27 7 40 30 17 19 4 25 41 31 42 46 65 65 40 45 69 57 47 45 29 40 36 46 56 46 17 58 48 37 38 24 39 57 47 60 59 27 54 64 50 45 35 33 51 42 56 29 43 61 48 40 35 24 40 33 45 14 34 24 12 22 9 14 5 16 46 34 35 21 35 54 44 56 53 44 40 28 42 36 48 31 28 15 31 23 36 18 14 33 24 37 43 19 9 23 36 27 37 44 56 46 
36 30 18 65 23 49 53 43 23 58 48 37 43 22 18 19 24 8 10 44 9 27 32 34 6 37 29 18 29 14 7 4 8 14 41 32 37 33 12 29 38 24 17 13 10 28 18 31 27 26 20 17 22 22 21 11 0 14 18 25 17 24 35 60 64 49 35 69 58 47 51 30 29 30 36 38 30 3 38 34 21 19 6 21 39 29 40 51 27 36 56 43 34 32 17 33 26 38 36 29 58 46 36 38 18 24 21 30 5 40 36 27 40 26 9 16 3 33 19 16 5 18 35 25 37 51 41 43 23 28 26 34 30 36 14 15 13 21 25 5 14 5 18 19 73 10 6 21 15 20 27 37 27 
30 30 13 61 27 48 50 35 26 55 43 33 36 15 21 18 27 12 7 39 19 28 28 24 16 33 22 11 20 7 16 7 18 24 41 42 43 36 4 39 40 26 23 12 20 39 28 41 25 35 27 18 15 32 22 9 9 6 22 34 25 34 38 60 61 42 37 66 54 44 45 26 32 29 38 46 36 8 48 39 27 28 14 31 49 39 51 53 23 44 57 44 37 30 23 41 33 46 29 34 57 44 34 33 17 30 24 36 5 34 27 17 30 18 9 9 7 38 25 25 11 28 45 35 47 49 39 38 21 33 28 39 26 28 8 21 15 27 17 5 24 14 27 9 10 54 13 30 21 29 36 47 37 
35 24 16 61 17 43 49 43 17 53 45 33 42 20 12 16 18 3 16 41 8 22 29 36 5 33 27 17 31 19 9 10 7 15 36 30 31 27 13 26 32 18 11 10 11 27 17 28 23 27 14 11 27 24 16 9 6 19 24 27 21 25 29 55 59 47 29 64 54 42 48 26 24 25 29 33 24 9 37 28 15 15 1 23 38 28 39 45 24 31 50 37 28 27 11 27 20 33 35 23 53 42 31 35 14 18 15 24 10 38 36 28 42 31 15 21 9 27 13 12 2 20 34 25 35 47 36 39 18 22 20 28 26 34 13 9 8 15 24 9 12 2 14 23 6 13 75 24 20 21 28 36 27 
58 48 40 85 38 67 73 65 40 78 69 58 65 43 35 40 39 28 25 66 17 45 53 52 19 58 50 40 50 29 14 23 18 11 59 26 46 48 33 24 53 41 30 34 13 20 16 26 48 9 30 36 35 7 40 32 21 32 14 4 5 8 49 77 83 71 51 88 78 67 72 51 45 49 50 41 40 21 26 45 32 22 23 6 24 15 28 67 48 41 72 60 49 51 32 35 34 42 58 40 76 66 55 60 38 35 38 41 24 62 57 47 59 40 22 32 23 45 33 23 25 5 21 13 26 71 60 64 43 40 43 46 50 57 36 28 33 33 47 25 18 22 23 36 21 30 24 38 10 6 9 23 14 
51 44 33 80 36 64 68 56 37 73 63 52 57 36 32 35 37 23 15 60 16 42 47 42 16 52 43 32 41 20 10 14 16 14 56 33 47 46 25 30 51 38 29 28 12 27 20 32 43 18 30 31 25 15 36 26 15 22 6 14 4 17 48 75 79 63 49 84 73 62 66 45 43 45 49 45 41 13 35 45 32 25 19 14 33 24 37 65 42 44 70 58 48 47 30 39 35 45 50 40 73 62 51 53 33 35 35 41 16 55 49 38 49 30 13 22 15 45 32 24 20 11 30 21 34 66 56 58 38 40 40 46 45 50 28 26 28 32 39 17 19 18 25 27 15 21 20 10 19 13 19 32 23 
56 44 38 82 33 62 69 64 35 74 66 55 63 42 31 37 35 25 26 63 13 41 50 53 16 54 49 38 50 31 13 22 14 6 54 20 40 43 32 18 47 37 26 32 10 14 10 20 44 6 25 32 38 2 36 30 20 33 19 6 9 4 44 73 79 69 46 83 74 63 69 48 41 45 45 35 34 21 22 39 27 17 20 1 20 10 24 61 45 35 66 55 44 47 27 29 29 35 56 35 72 62 51 57 35 30 33 35 24 60 56 47 60 42 23 33 22 40 28 18 23 2 17 7 21 67 55 61 39 35 38 40 47 56 34 23 30 28 45 24 12 19 18 37 20 29 21 6 13 46 6 19 9 
63 49 44 87 38 67 75 70 40 79 72 61 70 48 36 43 39 31 33 69 19 46 56 60 22 60 55 45 56 38 20 29 21 13 58 17 42 46 39 17 51 42 31 38 17 12 13 18 50 1 29 38 44 4 42 37 27 40 24 6 14 2 48 77 83 75 50 88 80 68 76 54 45 51 49 35 37 27 16 42 31 20 26 5 14 6 18 65 51 35 70 59 48 53 32 30 32 36 63 38 76 67 56 63 41 33 38 38 31 66 63 54 66 49 30 40 29 43 33 22 29 8 11 5 16 72 60 67 45 38 43 43 53 62 41 28 36 32 52 31 17 25 21 44 27 36 28 9 19 6 20 13 6 
71 54 53 91 42 69 79 80 45 83 78 67 78 57 42 50 43 39 45 75 28 51 63 71 31 66 63 54 67 50 31 41 29 23 61 12 40 48 49 14 53 46 36 46 27 10 19 13 57 14 33 44 57 17 48 46 38 51 38 19 28 14 49 78 86 83 52 91 84 73 82 61 48 56 51 30 37 39 4 41 34 24 35 18 1 8 6 65 58 32 70 62 50 58 37 27 33 32 71 39 78 71 60 70 49 35 43 38 42 74 73 64 78 62 42 52 40 44 37 27 38 21 2 12 5 75 64 73 52 39 47 43 60 70 50 34 43 36 61 42 24 34 25 56 37 47 36 23 32 19 13 12 10 
61 46 43 84 34 63 72 70 37 76 69 59 68 48 33 42 36 30 35 67 18 43 54 61 21 58 54 44 57 40 21 31 20 12 54 11 37 42 39 11 47 39 27 37 17 5 10 12 48 6 25 36 47 7 39 36 27 41 29 12 19 6 44 72 80 74 46 84 77 66 74 52 41 48 45 29 32 29 12 37 27 16 25 9 11 1 14 60 50 30 65 55 44 50 29 24 27 30 62 34 72 64 53 61 40 29 35 33 32 65 63 54 68 52 32 42 30 38 29 18 28 11 8 2 11 68 57 65 43 34 39 38 51 61 41 26 34 28 52 32 15 24 17 46 27 37 27 14 23 9 6 10 26 
