153 18
20 23 33 45 19 35 40 37 14 26 8 25 26 32 43 18 18 14 30 35 9 26 38 27 7 17 3 26 22 25 34 9 19 47 59 32 49 53 48 28 41 20 37 41 47 57 32 31 63 37 57 70 46 40 48 30 56 56 57 66 41 49 54 71 68 70 49 62 42 51 59 68 78 54 47 44 43 47 22 36 18 26 32 40 51 28 21 63 59 40 53 32 46 51 59 69 44 41 49 47 54 37 64 63 64 71 48 57 38 52 36 33 43 55 65 44 31 31 10 32 33 38 48 23 25 24 38 43 50 60 36 32 22 23 29 40 16 15 48 47 54 31 44 51 60 35 41 67 42 42 52 50 26 
23 29 22 22 11 12 30 23 9 4 18 25 14 10 19 5 20 10 27 12 15 4 34 18 19 6 26 34 21 9 13 14 29 30 35 9 26 38 27 7 17 3 26 22 25 34 9 19 41 19 38 59 22 28 30 20 49 43 40 46 26 42 32 47 47 49 26 39 20 31 36 44 55 31 25 21 27 31 4 14 14 17 11 17 27 8 11 45 37 17 29 9 30 31 36 46 21 23 27 36 38 28 57 51 47 53 34 50 20 31 24 10 20 32 43 26 8 8 12 28 20 17 25 2 22 4 25 23 27 37 12 17 25 13 7 16 9 21 41 34 37 24 43 32 39 17 34 44 19 27 29 31 17 
33 22 61 35 32 25 7 45 23 25 34 13 8 18 26 26 16 21 10 27 32 19 13 41 26 22 37 22 12 13 17 26 23 14 42 28 31 20 45 17 26 24 4 12 25 35 22 2 35 9 26 38 27 7 17 3 26 22 25 34 9 19 45 53 38 63 34 46 35 22 34 47 57 40 23 34 10 52 26 32 35 7 14 27 35 30 13 30 52 23 35 26 13 24 36 46 29 12 25 14 21 5 34 30 30 39 14 27 40 49 46 19 32 45 53 46 25 20 27 9 3 17 26 20 9 26 4 16 29 39 26 6 16 11 19 25 28 19 18 14 22 4 23 20 31 9 11 42 23 9 32 19 7 
45 22 35 71 27 11 41 21 31 18 38 44 31 17 10 26 41 32 44 10 36 21 49 26 41 28 48 54 40 27 18 36 51 34 14 13 11 41 11 20 9 24 38 26 16 19 14 33 30 26 33 63 11 37 31 36 58 48 39 39 32 52 9 26 38 27 7 17 3 26 22 25 34 9 19 1 33 21 22 9 30 34 21 8 8 17 31 41 16 12 11 13 34 25 21 28 7 27 19 44 38 41 65 56 47 47 39 59 14 14 24 16 3 10 20 15 14 16 34 45 32 19 16 23 40 21 34 23 15 20 10 29 45 32 18 10 29 42 52 40 37 39 58 31 31 26 46 29 14 34 14 30 34 
19 11 32 27 19 20 40 18 11 11 11 32 24 21 28 6 26 13 36 19 10 15 43 9 19 11 21 39 28 19 23 13 33 41 41 14 34 49 28 18 25 8 37 33 34 43 18 30 51 30 48 70 31 39 41 30 59 54 51 57 37 52 35 53 58 50 32 44 24 41 45 51 61 36 36 26 38 27 7 17 3 26 22 25 34 9 19 55 40 26 36 16 41 41 45 54 29 34 37 47 49 38 67 62 59 64 44 60 19 32 17 20 26 36 46 24 15 18 11 37 30 28 35 13 30 8 35 33 36 45 20 28 31 22 17 25 5 25 51 45 48 33 52 43 50 28 44 53 29 38 37 42 26 
35 12 25 11 20 53 31 22 21 8 29 33 20 6 8 17 29 21 33 2 27 10 38 22 31 18 38 42 29 15 8 26 39 27 23 6 14 35 20 9 5 15 28 19 15 23 3 22 32 17 30 57 11 28 25 25 50 41 34 38 24 43 21 35 38 39 14 27 10 23 25 32 43 19 16 9 25 27 13 7 23 23 10 5 15 11 19 38 27 7 17 3 26 22 25 34 9 19 17 36 33 30 57 49 42 46 31 50 16 23 25 5 8 21 31 21 4 5 24 34 21 11 15 12 29 12 25 17 16 25 1 19 34 20 7 5 20 31 43 32 32 28 48 26 30 16 36 33 9 25 17 25 23 
40 30 7 41 40 31 77 52 31 32 41 16 16 25 30 34 22 29 11 34 40 26 10 48 33 30 43 24 18 20 23 33 27 12 46 35 35 14 51 25 31 32 3 15 28 37 29 10 35 14 24 30 32 3 16 10 19 15 21 31 9 12 49 55 35 67 39 50 41 22 36 49 59 45 25 39 9 59 34 38 43 14 21 33 40 38 21 26 57 28 39 32 11 24 38 48 34 14 27 7 17 3 26 22 25 34 9 19 47 55 54 26 37 50 58 52 33 27 34 10 10 21 29 27 15 34 6 19 32 41 32 12 20 19 26 31 36 25 11 8 18 8 18 19 30 15 5 42 27 8 35 18 15 
37 23 45 21 18 22 52 55 28 20 29 48 37 27 29 22 42 30 51 20 27 26 57 10 37 27 39 56 44 32 30 31 51 49 34 16 32 57 14 27 26 22 49 41 35 40 23 42 51 39 52 80 30 50 48 43 71 64 57 59 46 64 25 44 59 35 28 36 17 45 43 45 53 29 38 21 47 9 19 15 19 40 31 24 29 14 34 60 26 28 32 20 49 44 42 49 27 42 38 57 55 51 79 71 65 67 54 72 7 17 3 26 22 25 34 9 19 25 29 52 42 33 35 25 45 19 46 39 35 41 21 39 48 36 26 26 23 42 63 54 55 47 67 48 51 38 57 50 31 47 35 47 40 
14 9 23 31 11 21 31 28 14 13 10 21 15 19 29 6 14 2 25 22 8 12 33 20 10 3 17 28 17 12 20 4 22 35 45 19 35 42 36 14 27 7 28 28 33 43 18 21 49 25 44 62 32 30 36 21 49 46 46 53 30 42 41 57 55 58 35 48 29 38 45 54 64 40 34 30 31 38 9 23 12 17 18 26 37 16 10 51 46 26 39 18 34 38 45 55 30 29 35 38 43 28 57 54 52 59 37 50 27 40 28 19 29 41 52 33 17 17 3 26 22 25 34 9 19 11 27 29 36 46 22 21 20 12 15 26 6 14 41 37 43 23 41 39 47 23 34 53 28 31 38 37 16 
26 4 25 18 11 8 32 20 13 35 20 29 17 9 17 8 24 14 31 8 18 6 37 16 23 10 29 38 25 12 12 17 33 31 32 5 23 39 23 7 14 6 29 23 23 32 7 22 40 20 37 61 20 30 30 23 51 45 40 45 27 44 28 44 46 45 22 35 16 30 34 41 51 27 24 17 28 27 4 9 15 20 12 14 24 5 15 44 33 15 26 5 30 30 34 43 18 23 25 38 38 30 59 53 48 52 35 52 16 27 21 9 16 28 39 22 4 7 15 32 22 16 23 6 26 3 26 22 25 34 9 19 29 16 6 13 11 25 43 35 37 27 47 32 38 19 37 42 17 28 26 31 20 
8 18 34 38 11 29 41 29 10 20 7 29 26 28 38 12 22 12 33 29 2 22 41 19 11 13 10 32 25 23 30 7 26 46 52 25 44 53 40 24 35 14 38 39 43 52 27 31 59 35 55 72 40 41 47 30 59 56 56 63 40 52 47 64 65 62 43 56 35 48 54 62 72 47 43 37 42 39 16 29 9 27 28 35 45 20 20 61 51 35 47 26 45 48 54 64 39 39 45 48 53 38 66 64 63 70 47 59 30 44 27 28 37 47 58 36 25 26 7 35 33 35 44 19 28 17 37 40 45 55 30 31 26 22 25 34 9 19 50 47 53 33 48 49 57 33 43 63 37 41 47 48 26 
25 25 13 44 32 33 16 48 21 29 29 53 13 26 36 26 7 18 5 35 28 24 13 42 18 21 28 10 4 17 26 21 10 27 53 34 42 31 52 24 36 26 14 25 37 47 30 13 48 22 39 45 38 18 30 10 30 32 37 47 22 24 54 64 51 72 45 57 43 35 47 59 70 51 35 42 23 57 28 38 34 9 23 36 46 34 14 42 61 33 46 32 26 37 48 59 39 25 37 23 34 13 38 38 42 51 26 31 46 56 49 27 41 54 64 51 32 28 23 7 15 28 38 23 3 29 17 28 41 51 34 17 3 12 26 35 27 9 22 25 34 9 19 33 44 21 16 55 34 22 44 32 9 
26 14 8 31 24 20 16 37 15 17 26 13 45 13 23 17 12 13 13 22 24 11 20 32 19 13 30 23 10 5 13 18 21 20 40 22 29 27 39 11 22 16 12 14 24 35 17 5 38 11 30 46 25 15 22 6 35 30 31 39 15 27 41 51 42 59 31 44 30 25 35 47 57 37 23 29 16 45 18 25 27 3 9 23 33 23 5 36 47 20 33 19 19 26 36 47 26 15 25 22 28 13 42 38 37 44 21 35 34 43 39 14 27 41 50 39 19 15 19 14 7 15 26 12 9 19 11 17 28 39 21 6 14 3 13 21 20 15 26 21 28 9 29 25 34 9 19 43 21 15 31 23 3 
32 10 18 17 21 6 25 27 19 9 28 26 13 50 10 16 24 18 27 9 26 6 32 26 27 15 36 36 23 10 2 23 34 22 27 10 17 29 26 4 9 14 22 13 14 24 4 16 31 11 27 52 13 22 21 18 44 36 30 36 18 37 27 39 37 45 18 31 17 20 26 35 46 24 15 16 19 33 14 13 24 17 4 9 20 14 14 35 34 7 21 7 21 20 26 36 13 14 16 29 28 24 51 43 38 43 26 44 22 30 30 1 14 27 37 27 8 2 22 27 15 7 15 9 23 13 19 12 17 28 7 12 28 15 3 8 19 26 36 26 28 21 41 22 29 10 30 34 9 19 19 21 17 
43 19 26 10 28 8 30 29 29 17 38 36 23 10 69 25 34 28 35 10 35 16 39 31 38 25 46 46 33 20 10 33 44 23 17 14 6 30 22 14 3 23 28 16 6 14 10 24 23 16 23 52 2 27 20 27 48 37 28 30 21 42 19 29 30 37 8 21 12 16 16 25 35 14 9 9 22 31 22 14 32 26 13 4 9 20 25 31 26 2 10 12 23 15 16 26 3 16 9 33 27 31 54 45 36 38 28 48 22 25 32 10 7 19 27 25 13 11 32 35 22 9 7 19 32 20 24 12 7 17 8 20 38 25 13 3 28 37 41 29 26 29 49 20 22 16 36 25 3 23 9 19 26 
18 5 26 26 6 17 34 22 6 8 12 26 17 16 25 18 20 8 29 17 10 10 37 15 15 4 21 33 22 13 18 10 28 35 40 13 31 43 30 12 22 2 30 27 30 40 14 23 47 24 43 64 28 32 35 23 52 48 45 52 30 45 35 52 53 52 31 43 24 36 41 49 60 35 31 25 32 32 4 17 9 20 17 22 32 9 13 50 41 22 34 13 34 36 41 51 26 28 32 40 43 31 60 55 52 58 38 53 21 34 23 15 24 36 46 27 12 14 7 30 24 23 31 7 24 5 29 28 32 42 17 22 25 15 12 21 3 20 44 38 42 26 45 38 45 22 37 50 25 31 34 36 19 
18 20 16 41 26 29 22 42 14 24 22 7 12 24 34 20 39 12 12 31 21 20 19 35 11 15 22 13 4 14 24 14 10 30 52 30 41 35 48 20 33 20 19 26 36 47 26 14 50 22 42 52 37 22 33 12 37 37 41 50 25 30 51 63 53 69 42 56 39 37 47 59 69 48 35 39 26 51 23 34 27 9 21 34 44 29 9 46 57 31 45 28 29 38 48 59 37 26 37 29 37 18 45 44 46 55 30 38 41 52 43 25 38 51 61 47 27 24 16 13 17 27 37 18 7 24 20 29 40 51 30 17 5 9 22 32 21 3 29 29 38 13 26 36 46 21 22 55 32 25 43 34 9 
14 10 21 32 13 21 29 30 2 14 12 18 13 18 28 8 12 46 22 22 11 12 30 23 9 4 18 25 14 10 19 5 20 33 45 19 35 40 37 14 26 8 25 26 32 43 18 18 48 23 42 59 31 28 34 18 47 44 44 51 28 40 42 57 53 59 35 49 30 36 44 53 64 41 32 31 29 40 11 24 15 14 17 26 37 17 7 49 48 26 38 19 32 37 44 55 30 27 34 35 41 26 55 51 50 57 35 47 29 41 31 18 30 42 53 35 18 17 5 24 20 23 33 9 16 12 25 28 35 46 22 19 17 10 15 25 8 12 38 35 41 21 38 37 45 21 31 52 27 28 38 35 14 
30 27 10 44 36 33 11 51 25 31 33 5 13 27 35 29 12 22 67 35 32 25 7 45 23 25 34 13 8 18 26 26 16 23 52 35 41 26 53 24 35 28 10 22 35 45 30 11 45 19 35 40 37 14 26 8 25 26 32 43 18 18 54 63 46 72 44 56 44 32 44 57 68 50 33 43 19 59 31 39 37 10 23 36 45 36 16 38 61 32 45 33 22 34 46 56 38 22 35 18 29 8 33 33 37 46 21 26 47 57 52 28 41 54 63 53 33 28 27 1 13 26 36 25 5 31 13 26 39 49 34 15 9 14 26 34 31 15 17 20 30 6 16 30 40 19 11 52 32 18 42 28 10 
35 12 27 10 19 2 34 20 22 8 29 35 22 9 10 17 31 22 35 90 27 11 41 21 31 18 38 44 31 17 10 26 41 29 23 4 15 37 17 11 7 15 31 21 16 24 5 25 33 20 32 60 12 31 27 27 52 44 37 40 26 46 19 35 40 37 14 26 8 25 26 32 43 18 18 8 27 24 13 4 22 25 13 6 15 10 21 40 26 9 17 3 29 24 26 35 9 22 19 38 35 33 60 51 45 48 34 53 14 21 22 7 7 20 30 18 4 7 24 36 24 13 17 13 31 11 27 19 17 26 1 21 35 22 9 6 20 32 45 35 34 30 50 28 32 19 39 34 11 28 18 27 25 
9 15 32 36 10 27 40 27 8 18 2 28 24 26 35 10 21 11 32 27 39 20 40 18 11 11 11 32 24 21 28 6 26 44 50 23 42 51 38 22 33 12 36 37 41 50 25 29 57 33 53 70 38 39 45 29 57 55 54 61 38 50 45 62 63 60 41 53 33 46 52 60 70 45 41 35 40 37 14 26 8 25 26 32 43 18 18 59 49 33 45 24 43 46 52 62 36 37 43 46 51 37 65 62 61 68 46 58 29 42 26 26 35 45 56 34 23 24 5 34 31 33 41 16 27 15 36 38 43 53 28 29 26 21 22 32 7 19 49 46 51 31 48 47 55 31 42 60 35 39 45 46 25 
26 4 19 21 15 10 26 26 12 6 22 24 11 6 16 10 20 12 25 11 20 70 31 22 21 8 29 33 20 6 8 17 29 26 33 10 23 34 28 2 14 8 23 18 21 31 6 16 37 15 33 55 19 24 26 17 45 39 35 42 21 38 31 45 43 48 23 37 19 26 32 41 52 29 21 19 23 33 8 14 18 15 7 15 25 11 10 40 37 14 26 8 25 26 32 43 18 18 23 32 33 24 53 47 43 48 29 46 22 32 27 6 18 31 41 28 8 5 15 26 16 13 22 3 20 8 20 18 24 34 10 13 24 11 3 13 13 21 37 29 33 21 41 28 35 13 30 41 15 22 26 26 14 
38 34 13 49 43 38 10 57 33 37 41 13 20 32 39 37 19 30 7 41 40 31 80 52 31 32 41 16 16 25 30 34 22 22 55 42 44 23 58 30 40 36 11 24 38 47 36 16 45 23 34 33 41 13 26 14 17 21 30 41 19 11 58 65 45 76 48 59 49 32 46 59 69 54 35 47 19 65 38 45 45 17 28 41 49 43 23 35 65 37 48 39 21 34 48 58 43 24 37 14 26 8 25 26 32 43 18 18 54 62 59 33 45 59 67 59 39 34 35 6 17 30 39 32 13 39 15 28 42 51 39 19 16 21 32 39 38 22 10 17 27 10 9 29 40 23 5 52 36 18 45 28 17 
27 18 41 26 9 22 48 10 20 16 19 42 32 26 31 15 35 23 45 21 18 22 52 75 28 20 29 48 37 27 29 22 42 48 40 16 36 56 23 24 28 16 45 40 37 44 22 38 54 37 53 78 33 46 47 38 67 61 57 61 44 60 32 52 61 45 32 43 22 46 47 51 60 35 39 25 45 19 14 17 9 35 29 27 34 11 28 61 35 30 37 19 47 45 46 54 30 40 40 54 55 46 75 69 64 68 52 68 14 26 8 25 26 32 43 18 18 23 20 46 38 33 38 20 39 14 43 39 38 46 22 36 41 31 23 27 14 34 59 52 54 42 61 49 53 35 52 55 32 45 39 47 35 
7 19 26 41 19 31 33 37 10 23 11 18 19 27 38 15 11 9 23 31 11 21 31 28 28 13 10 21 15 19 29 6 14 40 54 29 44 46 46 23 36 17 30 34 42 52 28 24 57 30 50 63 41 33 42 23 49 48 50 59 34 42 51 66 61 68 45 58 39 44 53 63 73 50 41 40 36 47 19 33 19 19 26 36 47 25 14 56 57 35 48 28 39 45 54 64 40 34 43 40 47 30 57 56 57 64 41 50 37 50 37 27 39 51 62 43 27 26 8 25 26 32 43 18 18 21 31 36 45 55 32 26 16 16 24 35 14 9 41 40 47 24 38 44 54 28 34 62 37 35 47 43 19 
17 6 22 28 11 18 30 27 3 10 13 21 13 15 25 4 15 4 25 18 11 8 32 20 13 53 20 29 17 9 17 8 24 32 41 15 32 40 33 11 23 4 26 25 30 40 15 19 46 22 41 60 28 28 33 19 48 44 43 50 27 41 38 53 51 55 32 45 26 34 41 50 61 37 30 27 29 36 7 19 13 15 15 23 33 13 8 48 43 22 35 15 32 35 41 52 27 26 32 36 40 27 56 52 50 56 35 49 25 37 27 15 26 38 49 31 14 14 6 26 20 21 31 5 19 8 25 26 32 43 18 18 21 11 12 22 6 16 40 35 40 22 41 36 43 20 33 50 24 28 34 34 15 
3 26 37 48 21 38 43 39 17 29 10 28 30 36 46 21 22 18 34 38 11 29 41 29 10 20 17 29 26 28 38 12 22 50 62 35 52 57 50 31 44 23 40 44 50 60 35 35 66 40 60 74 49 44 52 33 59 59 61 69 45 52 57 74 71 72 52 65 45 54 62 71 81 57 51 47 46 49 25 38 19 30 35 43 54 30 24 66 61 43 56 35 49 55 62 72 47 44 52 50 58 40 67 66 67 75 51 60 40 54 37 36 46 57 68 46 34 34 14 35 37 42 51 26 29 26 41 46 53 63 39 36 25 26 32 43 18 18 51 51 58 35 47 55 63 38 44 70 45 45 55 53 29 
26 34 22 54 39 42 24 56 28 38 32 10 23 36 46 33 13 25 13 44 32 33 16 48 21 29 29 51 13 26 36 26 7 36 63 43 52 39 61 33 46 33 23 35 47 57 39 23 58 32 48 50 48 27 39 20 33 38 45 56 31 28 64 74 60 81 55 67 53 45 57 69 80 61 45 52 32 65 36 47 39 19 33 46 56 42 23 51 70 43 56 41 35 46 58 69 49 34 47 30 42 21 40 43 49 59 34 34 54 65 56 37 50 64 74 60 41 37 28 14 25 38 48 32 13 37 26 38 51 61 43 27 8 21 35 44 34 13 26 32 43 18 18 43 53 31 22 65 44 31 54 41 19 
22 21 12 40 28 29 18 44 17 25 25 4 10 23 33 22 4 14 8 31 24 20 16 37 15 17 26 13 53 13 23 17 12 27 50 30 39 32 48 20 32 21 15 23 34 45 26 11 47 20 38 48 35 18 29 8 33 33 37 46 21 26 50 62 50 68 41 54 39 34 45 57 67 47 33 39 23 52 24 34 30 7 19 33 43 30 10 42 57 30 43 28 26 35 46 57 36 23 35 25 34 14 41 40 42 51 26 34 41 52 45 24 37 51 60 47 28 24 19 9 14 25 35 19 3 25 17 26 38 49 30 14 4 8 22 31 23 7 25 25 34 9 23 32 43 18 18 53 31 21 41 31 6 
25 9 13 27 19 15 20 32 12 12 23 17 5 10 20 13 14 10 18 17 21 6 25 27 19 9 28 26 13 65 10 16 24 23 37 17 27 30 35 6 19 11 17 16 23 33 12 10 38 12 32 51 23 19 24 11 39 34 33 41 17 32 37 49 43 55 28 41 26 26 34 45 55 34 22 25 19 40 13 21 22 8 7 19 30 18 4 38 43 17 30 15 22 26 35 46 23 16 24 27 30 18 47 42 40 47 25 40 29 39 33 10 24 37 47 34 14 10 16 19 10 14 24 7 14 13 15 17 26 37 16 9 18 5 8 18 16 16 31 25 30 14 34 26 35 10 24 43 18 18 29 25 8 
34 13 17 18 23 8 23 30 20 12 30 26 13 2 10 18 24 19 26 10 28 8 30 29 29 17 38 36 23 10 86 25 34 19 27 13 16 27 28 6 9 16 20 11 13 23 6 15 29 9 25 49 12 20 18 17 41 33 28 33 15 35 28 38 34 46 18 31 18 18 24 34 45 24 13 17 16 35 16 15 27 16 3 10 19 17 15 32 35 7 20 10 18 18 25 35 13 11 14 27 26 22 49 41 35 40 23 42 25 31 32 3 15 28 37 29 10 5 24 26 13 4 14 11 22 15 17 10 16 26 9 11 28 15 6 8 22 27 34 24 25 20 40 20 26 8 28 32 8 17 18 18 16 
9 14 26 36 13 26 33 31 4 17 7 21 18 23 33 10 14 5 26 26 6 17 34 22 6 8 12 26 17 16 25 37 20 39 49 23 40 45 40 19 31 11 30 32 38 48 23 23 54 28 48 64 36 33 40 23 51 49 49 57 33 44 45 61 59 62 40 53 33 42 49 58 69 45 38 35 35 41 14 27 13 19 22 31 42 19 13 54 51 31 43 23 38 42 49 60 35 32 40 40 46 30 59 56 56 63 40 52 31 44 31 23 34 46 56 37 22 22 2 27 25 29 39 14 20 15 30 33 41 51 26 24 19 15 20 30 8 12 42 40 46 25 41 42 51 26 36 58 32 34 43 41 18 
19 29 23 51 33 39 27 51 22 33 26 10 21 34 44 28 10 20 16 41 26 29 22 42 14 24 22 7 12 24 34 20 37 38 62 39 51 42 57 30 43 29 25 35 46 57 36 23 59 32 50 55 47 29 41 20 39 42 48 58 33 33 61 73 61 78 52 66 49 46 57 69 79 58 45 49 34 60 32 43 33 19 31 44 54 38 19 53 67 41 55 38 37 47 58 69 47 35 47 34 44 24 46 48 52 62 37 40 50 61 51 35 48 61 71 56 37 34 22 17 25 37 47 28 14 33 28 38 50 61 40 26 7 19 32 42 28 8 32 36 45 20 25 44 55 30 26 65 42 32 53 43 18 
47 30 14 34 41 27 12 49 35 31 46 27 20 22 23 35 30 33 23 29 44 26 22 48 40 32 50 36 27 23 19 39 38 45 35 32 25 7 45 23 25 34 13 8 18 26 26 16 22 11 12 30 23 9 4 18 25 14 10 19 5 20 41 43 23 58 30 39 35 10 24 37 47 35 15 32 4 54 35 34 45 21 19 26 30 36 26 15 48 21 29 29 1 12 26 35 26 7 17 11 7 15 31 22 17 24 5 25 43 48 52 23 30 41 48 47 30 24 39 22 13 15 19 28 24 34 10 10 22 30 27 14 30 24 24 24 39 34 20 7 7 18 30 6 17 12 17 30 19 5 25 5 21 
59 35 42 14 41 23 46 34 45 32 52 53 40 27 17 40 52 45 52 23 50 33 55 40 54 41 62 63 50 37 27 49 62 35 44 27 11 41 21 31 18 38 44 31 17 10 26 41 22 32 30 61 15 42 31 44 61 48 36 33 36 56 11 12 30 23 9 4 18 25 14 10 19 5 20 15 36 32 36 24 45 43 30 18 7 32 42 37 15 20 7 26 36 23 12 14 14 31 18 47 37 47 66 55 43 41 41 61 27 21 38 27 15 11 12 26 27 28 48 52 39 25 16 36 50 35 40 27 13 8 22 37 55 42 30 19 43 54 56 42 36 46 64 30 25 33 51 17 19 38 10 30 44 
32 9 28 13 14 6 35 16 19 5 25 34 22 10 14 13 30 19 35 4 23 10 42 16 29 15 35 43 30 17 13 23 39 32 27 22 20 40 18 11 11 11 32 24 21 28 6 26 38 22 37 63 17 33 31 27 54 47 40 44 29 48 22 39 44 39 18 30 10 29 31 37 47 22 23 12 30 23 9 4 18 25 14 10 19 5 20 44 28 13 22 3 32 28 30 39 14 25 23 40 39 34 62 54 48 52 37 55 12 22 19 9 11 22 33 17 2 8 21 36 25 17 21 11 31 8 29 23 22 30 6 23 35 22 9 11 16 31 47 37 38 31 51 32 36 21 40 39 15 30 23 31 25 
49 26 31 11 34 14 35 32 35 23 44 42 29 17 6 31 41 35 41 15 42 23 44 36 44 32 52 52 39 27 16 40 51 25 11 20 24 31 22 21 8 29 33 20 6 8 17 29 19 21 22 53 3 31 21 32 50 39 28 28 25 45 16 22 26 33 5 15 14 16 11 18 28 10 9 11 25 33 28 18 38 32 19 9 5 25 31 30 23 9 4 18 25 14 10 19 5 20 8 36 28 35 57 46 36 36 30 51 25 24 35 16 9 16 23 26 19 18 38 41 27 14 5 26 38 27 29 16 3 10 14 25 44 31 20 9 35 43 45 32 27 35 53 21 19 21 40 19 8 27 3 20 32 
53 38 20 41 49 35 14 57 42 39 53 31 27 29 30 43 35 40 26 37 51 34 23 56 46 40 57 39 32 30 27 45 42 7 41 40 31 60 52 31 32 41 16 16 25 30 34 22 24 18 12 22 30 13 10 23 20 7 7 17 12 17 48 48 22 64 36 44 43 15 28 41 50 41 21 40 11 61 42 42 52 27 27 34 37 44 32 12 55 29 35 37 8 17 30 38 33 15 23 9 4 18 25 14 10 19 5 20 51 55 60 30 37 48 53 55 38 32 46 25 20 23 25 36 29 42 15 18 28 34 35 21 35 30 32 32 46 39 17 6 5 22 29 10 18 20 17 32 27 11 31 10 27 
48 27 45 11 28 20 51 14 36 23 40 52 39 26 22 30 48 37 53 17 38 28 58 23 46 33 50 61 48 35 28 40 57 45 21 18 22 52 46 28 20 29 48 37 27 29 22 42 41 37 44 75 22 48 42 45 69 59 50 50 43 63 10 30 49 22 17 22 9 38 32 31 39 15 31 12 44 11 26 14 30 43 30 18 18 20 38 52 12 23 21 20 45 36 30 35 19 38 30 55 50 50 76 67 58 58 50 70 9 4 18 25 14 10 19 5 20 24 37 54 41 29 27 29 49 25 45 34 26 28 19 39 53 40 26 20 31 49 62 51 48 48 68 42 42 36 56 38 25 44 24 41 43 
28 7 17 20 18 9 25 27 14 7 24 24 11 4 14 12 20 14 24 11 22 2 30 24 23 11 31 33 20 6 6 19 30 23 31 11 21 31 28 19 13 10 21 15 19 29 6 14 35 12 31 53 17 22 23 16 44 37 33 39 19 37 30 43 40 48 22 35 19 24 30 39 50 28 19 19 20 34 11 14 21 14 4 13 24 13 10 37 37 12 25 8 23 24 30 41 17 16 20 30 31 23 51 45 40 46 27 44 23 32 29 4 17 31 40 28 8 4 18 25 14 10 19 5 20 10 19 16 21 32 10 12 25 11 2 12 16 22 36 27 30 20 40 25 32 11 29 38 13 20 24 24 14 
41 17 26 9 25 5 31 26 27 14 35 36 22 9 3 22 33 26 35 7 33 14 40 28 36 23 44 46 32 19 9 31 43 25 18 11 8 32 20 13 8 20 29 17 9 17 8 24 26 17 26 55 5 28 22 27 49 39 31 33 23 43 18 30 33 36 9 22 10 19 19 27 37 15 12 7 23 29 19 11 29 26 12 1 10 17 23 34 25 3 12 9 24 18 19 28 3 18 12 35 30 31 56 47 39 41 30 50 19 23 29 8 5 19 28 22 10 9 30 36 23 9 10 17 32 18 25 14 10 19 5 20 37 24 11 1 26 35 43 31 29 30 49 23 25 17 37 27 5 24 11 22 26 
20 3 24 24 8 15 32 22 7 6 14 26 16 14 23 2 20 8 28 15 12 8 36 16 17 4 23 33 21 11 16 11 29 34 38 11 29 41 29 10 20 36 29 26 28 38 12 22 45 22 41 62 26 31 34 22 51 46 43 50 29 44 34 50 51 51 29 42 22 34 39 47 58 33 29 23 30 31 3 15 11 19 15 20 30 9 12 48 39 20 32 12 33 34 39 49 24 26 30 38 41 30 59 54 51 56 36 52 21 33 23 13 22 34 45 27 10 12 9 30 22 21 29 5 23 4 27 26 30 40 15 20 25 14 10 19 5 20 43 37 41 25 45 36 43 21 36 48 23 30 32 34 18 
37 26 4 38 37 28 3 49 28 29 38 14 12 22 28 30 19 25 10 31 36 23 11 45 30 26 40 23 15 17 20 30 25 13 44 32 33 16 48 21 29 29 51 13 26 36 26 7 35 12 25 34 30 3 16 7 22 18 22 32 8 15 47 54 36 65 37 48 38 22 35 48 58 43 24 37 9 55 31 35 39 11 18 30 38 34 17 28 54 26 37 29 12 24 37 47 32 12 26 10 19 2 30 26 27 36 11 23 44 52 50 23 35 48 56 49 29 24 31 9 6 19 28 24 12 31 4 17 31 40 29 9 18 15 23 28 33 22 14 10 19 5 20 19 30 12 8 42 25 7 34 18 11 
41 22 12 26 33 19 15 41 28 23 39 25 14 13 16 27 26 26 22 21 37 18 24 40 34 25 44 35 23 16 11 32 35 8 31 24 20 16 37 15 17 26 13 29 13 23 17 12 23 3 16 38 17 11 8 14 32 22 17 25 5 25 35 40 27 52 24 35 27 10 22 35 45 30 11 25 6 46 26 26 37 16 11 19 25 28 19 22 42 14 24 21 7 12 24 34 19 0 13 17 15 15 38 30 25 31 12 32 35 40 43 14 23 35 43 39 21 16 32 22 9 7 14 20 21 26 9 4 17 27 19 8 27 18 16 17 31 29 25 13 14 16 33 10 19 5 20 30 12 7 20 9 16 
47 25 25 16 34 15 28 35 33 23 43 37 24 14 6 30 36 32 35 16 41 21 38 37 42 30 50 47 34 23 13 38 46 18 17 21 6 25 27 19 9 28 26 13 21 10 16 24 17 15 17 47 5 25 15 27 44 32 22 24 19 38 22 27 23 39 11 21 19 10 11 22 33 16 3 15 19 38 27 20 38 27 16 11 12 26 27 25 29 8 10 18 18 8 12 22 8 14 2 29 22 29 50 39 30 31 24 44 29 30 38 14 13 23 29 31 19 16 37 35 22 9 1 24 33 26 22 9 4 14 15 20 39 27 18 10 34 39 38 25 21 29 47 14 16 16 34 19 5 20 7 14 28 
57 34 35 19 43 23 37 40 43 32 52 47 35 24 14 40 47 43 45 24 50 31 47 44 52 40 60 57 45 33 23 48 57 26 10 28 8 30 29 29 17 38 36 23 10 39 25 34 12 25 19 51 11 34 22 37 51 38 25 22 28 46 20 17 20 34 12 14 22 15 3 12 22 13 12 19 27 40 36 27 46 38 26 18 11 34 38 26 26 17 7 26 26 13 2 12 14 23 10 37 27 39 56 44 32 30 31 51 33 30 43 24 18 20 23 33 27 26 47 45 32 20 9 34 44 35 32 19 7 4 22 30 50 38 28 18 43 50 46 33 25 39 56 20 14 26 42 10 15 29 5 20 38 
32 9 22 14 18 3 29 23 18 7 27 30 17 4 10 14 26 18 30 5 25 6 36 22 28 15 35 39 26 12 6 23 36 26 26 6 17 34 22 6 8 12 26 17 16 25 11 20 33 15 30 56 13 26 24 22 48 40 34 38 22 41 24 38 39 42 17 30 13 23 27 35 45 22 17 13 23 29 11 9 22 20 8 8 18 11 16 38 30 8 20 3 25 23 27 36 12 18 18 34 32 28 55 48 42 46 30 48 18 26 26 3 11 25 34 23 4 2 21 31 19 10 16 9 26 10 23 16 18 28 4 16 31 17 4 7 18 28 40 31 31 25 45 26 31 14 34 35 10 24 19 25 20 
31 19 2 33 30 22 10 42 21 22 31 13 5 16 24 23 14 18 11 25 29 16 16 38 24 19 35 23 11 10 15 23 23 16 41 26 29 22 42 14 24 22 7 12 24 34 20 41 35 9 27 41 26 9 18 2 29 25 26 35 10 22 43 51 38 61 32 45 33 22 34 46 57 39 22 32 11 49 24 29 32 5 12 25 34 28 11 31 50 21 34 23 14 24 35 46 27 12 24 17 23 8 37 32 32 40 16 30 38 46 44 17 30 43 52 43 23 18 24 11 2 15 25 17 9 24 6 15 28 38 23 4 15 8 16 23 25 18 21 16 23 5 25 21 31 8 14 42 21 10 31 19 5 
63 41 35 30 51 32 35 51 49 40 59 48 38 31 23 47 50 48 45 33 57 37 45 54 57 46 66 58 47 38 29 54 59 22 22 38 19 24 41 35 26 45 35 23 17 12 33 35 71 27 11 41 21 31 18 38 44 31 17 10 26 41 32 25 7 45 23 25 34 13 8 18 26 26 16 30 25 52 44 37 55 40 31 27 23 43 42 15 38 25 19 35 23 11 10 15 24 23 14 32 20 37 48 35 22 18 26 44 44 42 54 31 28 33 34 45 36 33 53 44 33 24 16 40 45 43 31 20 16 14 32 32 51 41 34 27 50 53 41 28 18 39 52 15 5 28 39 8 22 27 16 16 40 
37 19 9 26 30 17 14 39 25 20 35 22 11 11 16 24 22 23 19 20 33 15 23 37 30 22 40 32 20 12 9 28 32 11 32 22 21 18 37 12 17 22 12 3 15 25 15 9 27 65 20 40 18 11 11 11 32 24 21 28 6 26 35 43 31 53 25 36 27 14 25 37 48 31 13 25 7 45 23 25 34 13 8 18 26 26 16 26 42 14 25 19 10 15 26 37 20 4 15 18 18 14 39 32 28 34 14 33 34 40 41 12 23 36 44 38 19 14 28 19 6 7 16 17 18 23 8 6 19 29 18 5 24 14 14 16 28 26 25 15 18 13 32 14 23 2 19 33 13 8 22 12 13 
57 38 26 33 48 30 24 52 44 37 55 39 30 27 23 43 42 42 35 32 53 33 34 53 50 41 60 48 38 32 25 48 50 12 30 37 22 12 44 31 26 41 25 16 17 19 30 27 11 20 50 31 22 21 8 29 33 20 6 8 17 29 38 35 11 53 27 33 36 7 16 29 37 32 14 32 15 55 41 37 52 32 26 27 27 41 36 7 45 23 25 34 13 8 18 26 26 16 14 21 8 27 37 25 13 15 15 33 46 47 55 28 30 39 42 48 34 30 48 34 24 20 17 36 36 40 21 15 19 22 31 24 42 34 31 26 47 45 30 17 7 30 41 5 6 21 28 19 21 17 21 7 32 
70 59 38 63 70 57 30 80 62 61 72 45 46 52 52 64 52 59 40 60 70 55 33 78 63 60 74 50 48 51 49 64 55 30 61 63 53 22 75 53 55 62 34 38 47 51 56 41 41 40 31 15 52 31 32 41 16 16 25 30 34 22 69 66 35 85 58 65 65 37 47 59 66 63 44 62 32 84 64 65 73 45 49 56 58 66 52 25 76 52 56 59 30 39 50 56 56 37 45 23 25 34 13 8 18 26 26 16 74 77 82 53 60 70 74 77 60 55 65 38 40 46 47 57 45 63 35 40 50 54 58 42 49 49 54 54 67 55 23 25 26 39 32 32 36 42 29 49 50 32 52 33 45 
46 22 27 11 31 11 32 30 32 20 40 38 25 13 2 28 37 31 37 12 38 19 41 33 41 28 49 48 35 23 12 36 47 23 15 17 3 30 22 17 5 26 30 17 5 11 13 26 21 18 22 52 90 28 20 29 48 37 27 29 22 42 18 26 28 35 7 19 13 15 14 22 32 13 8 10 23 32 24 16 34 28 15 6 8 22 27 30 25 5 7 14 23 14 13 23 3 17 7 34 27 32 55 44 35 36 28 49 23 25 34 13 8 18 26 26 16 14 35 37 24 10 5 22 35 23 26 13 5 14 11 22 40 27 16 6 31 39 42 30 26 31 50 19 20 18 37 22 4 24 6 19 29 
40 28 7 37 39 28 3 50 30 30 41 18 15 22 27 32 22 28 14 31 39 24 13 46 33 28 44 27 18 19 20 33 29 9 42 33 31 13 48 22 28 31 3 11 25 34 26 9 31 11 21 31 28 47 13 10 21 15 19 29 6 14 46 51 32 64 35 46 38 19 32 46 55 41 22 36 6 56 32 36 41 14 18 29 36 36 20 24 53 25 35 30 8 21 34 44 30 11 24 7 15 5 29 23 23 32 7 22 45 51 52 23 34 47 54 49 30 25 34 13 8 18 26 26 16 32 3 15 29 38 29 10 22 18 24 27 35 26 14 7 16 9 22 16 27 12 9 39 24 4 32 15 14 
48 30 17 31 41 25 16 48 36 30 47 30 22 21 20 35 33 34 26 27 45 26 26 47 42 33 52 39 29 24 18 40 41 4 31 31 21 10 42 23 22 34 16 8 15 22 24 18 18 11 8 32 20 13 50 20 29 17 9 17 8 24 38 39 20 54 26 35 32 6 19 33 43 32 11 30 7 51 34 32 45 23 18 24 27 35 27 14 45 19 25 28 4 8 22 31 23 7 13 15 7 18 35 24 17 23 9 29 41 45 50 21 27 38 44 45 28 23 40 26 15 14 15 28 27 34 13 8 18 26 26 16 33 25 24 22 39 36 24 11 7 21 34 3 13 13 21 26 17 8 21 1 23 
30 20 3 36 30 25 10 43 21 23 30 10 6 18 27 23 12 18 8 27 29 17 14 38 23 19 33 20 8 11 17 23 20 18 44 27 32 23 45 16 27 22 7 14 27 37 22 2 38 11 29 41 29 10 20 68 29 26 28 38 12 22 45 54 41 63 35 48 35 25 37 49 60 41 25 34 14 51 24 31 32 3 14 28 36 29 10 34 52 24 36 25 17 26 38 49 30 14 27 17 25 7 37 33 34 42 18 29 40 48 45 19 32 46 54 45 25 20 23 9 5 18 28 18 6 25 8 18 31 41 26 6 13 8 18 26 26 16 20 17 25 3 23 24 34 10 13 45 24 12 34 22 4 
56 49 26 58 59 50 19 71 49 51 59 30 35 44 48 52 37 47 25 52 57 45 17 67 49 48 59 33 33 39 41 51 39 25 61 54 50 20 69 44 49 51 22 32 44 51 48 29 44 32 33 16 48 21 29 29 26 13 26 36 26 7 66 68 41 83 55 64 59 35 48 62 70 61 41 57 25 77 53 57 61 32 40 51 56 57 39 30 74 46 54 51 25 37 51 59 51 31 42 14 24 21 7 12 24 35 20 1 66 73 73 45 55 67 73 71 52 46 52 23 29 39 45 47 30 53 25 35 47 55 51 32 34 37 45 48 55 40 8 18 26 26 16 31 39 33 15 52 44 24 50 30 33 
56 43 22 48 54 41 15 64 46 45 56 32 30 36 37 48 37 44 26 44 55 39 21 61 48 44 59 38 33 34 33 49 42 14 48 47 39 7 59 37 39 46 18 22 32 38 40 25 31 24 20 16 37 15 17 26 13 16 13 23 17 12 55 55 28 72 44 52 50 23 35 49 57 49 29 47 16 68 48 49 57 29 32 41 44 50 36 17 62 36 42 43 14 25 38 46 40 21 31 8 11 19 17 7 12 23 9 13 58 62 66 37 45 56 61 62 44 38 49 25 23 30 33 41 30 47 19 25 36 42 42 25 35 34 38 39 51 41 13 9 13 24 25 18 26 26 16 39 34 16 38 18 30 
57 40 25 39 51 34 21 57 46 40 56 37 31 30 28 45 41 44 32 37 54 35 30 57 50 43 61 45 37 33 28 49 48 10 36 40 28 7 50 33 31 43 22 17 22 25 34 26 17 21 6 25 27 19 9 28 26 13 37 10 16 24 44 42 15 60 33 40 41 12 22 35 43 38 19 38 14 60 44 42 54 31 28 32 33 45 36 5 51 28 31 37 11 13 25 32 31 17 20 16 3 24 31 18 7 13 11 26 50 52 60 31 36 45 49 53 38 33 49 31 24 23 23 38 34 43 20 17 25 29 35 25 40 34 34 31 49 44 25 13 3 28 36 8 12 23 24 26 26 16 27 9 32 
66 46 34 39 57 38 31 59 53 45 63 47 39 36 30 52 50 51 43 40 61 42 41 61 59 50 69 56 46 41 33 57 58 19 33 44 28 17 50 39 33 50 32 25 24 22 38 35 10 28 8 30 29 29 17 38 36 23 10 52 25 34 43 36 5 56 33 36 42 15 18 29 35 36 21 39 23 61 50 44 60 40 35 35 32 49 44 6 49 31 29 41 21 15 21 25 32 24 21 27 14 34 39 26 12 7 22 36 53 52 62 36 37 43 45 54 42 38 56 42 33 29 23 45 44 49 29 23 24 25 38 33 50 43 39 34 55 53 35 23 13 38 47 14 8 30 35 18 28 25 26 16 41 
41 26 9 32 37 24 9 46 30 27 40 22 15 18 21 30 25 28 18 26 38 21 19 44 34 27 45 31 21 17 15 33 33 5 36 29 25 12 43 19 23 29 8 5 19 28 22 10 26 6 17 34 22 6 8 12 26 17 16 25 52 20 40 45 28 58 29 40 33 13 26 40 49 35 16 31 1 51 30 31 40 15 15 24 30 32 20 21 48 19 29 26 4 15 28 38 25 5 18 11 13 11 33 25 22 30 7 26 40 46 48 19 28 41 48 45 26 21 33 18 8 13 20 23 19 30 4 9 23 32 25 9 25 18 20 22 34 28 19 8 13 13 28 11 21 8 15 33 18 1 26 9 16 
49 42 19 52 52 43 12 64 42 44 52 24 27 37 42 45 30 40 18 46 50 38 11 60 42 41 52 28 26 32 35 44 33 20 56 48 45 17 63 37 43 44 15 25 38 46 41 22 41 26 29 22 42 14 24 22 7 12 24 34 20 32 61 64 39 78 50 60 53 31 44 57 66 55 35 51 19 71 46 51 54 25 33 44 50 50 32 28 68 40 49 45 20 33 46 55 45 25 37 9 21 14 15 15 24 35 15 7 60 66 66 38 49 61 68 64 45 39 45 17 22 33 39 39 23 46 18 29 42 50 44 25 27 30 38 42 48 34 1 13 22 19 13 26 36 27 8 49 38 18 45 26 26 
54 32 45 9 35 21 49 25 41 28 47 54 41 27 19 35 51 42 54 19 45 31 58 32 51 38 57 64 50 37 28 45 61 41 11 22 16 48 10 30 18 34 47 35 22 20 24 43 32 35 38 69 18 46 38 45 66 55 44 43 40 61 54 20 40 18 11 11 11 32 24 21 28 6 26 11 41 21 31 18 38 44 31 17 10 26 41 46 7 21 13 23 41 30 22 25 15 35 24 52 44 50 73 62 52 50 46 67 18 9 28 26 13 0 11 16 23 26 43 54 41 28 22 33 50 30 43 31 19 19 20 39 55 42 28 19 38 52 60 48 43 48 68 37 35 35 55 28 22 42 17 37 44 
71 47 53 26 53 35 55 44 57 44 64 64 51 39 29 52 63 57 63 35 62 45 65 52 66 53 74 74 62 49 38 61 73 43 12 39 22 48 30 43 30 50 54 40 27 17 38 51 25 43 35 66 26 51 39 54 68 55 42 36 45 64 20 22 31 22 21 8 29 33 20 6 8 17 29 27 45 40 48 36 57 55 42 30 19 44 54 41 21 31 18 38 44 31 17 10 26 41 27 55 44 56 73 60 47 42 49 68 38 29 48 39 27 19 13 36 39 40 60 62 49 36 26 48 61 47 50 36 23 13 35 47 66 54 42 31 55 66 64 50 42 57 74 37 29 43 60 17 30 47 20 38 55 
68 47 38 38 58 38 35 59 55 46 65 51 42 37 30 53 53 53 46 40 63 43 45 61 61 51 71 60 50 43 34 59 61 23 30 44 26 22 49 40 33 51 36 27 23 20 39 38 7 31 11 35 28 32 20 41 41 28 15 5 28 39 40 31 82 52 31 32 41 16 16 25 30 34 22 37 27 59 51 44 61 43 36 34 30 50 46 11 46 31 27 42 24 16 18 20 31 27 21 31 18 38 44 31 17 10 26 41 52 50 62 37 36 41 41 53 43 39 58 46 36 30 23 46 47 50 33 25 23 21 38 36 54 45 40 33 56 56 40 28 17 41 52 17 8 32 39 14 29 29 24 18 44 
70 49 63 27 50 39 67 35 58 45 62 72 59 45 37 52 69 59 72 37 60 48 76 45 68 55 72 81 68 55 46 62 78 58 23 39 33 64 22 48 36 51 65 52 39 34 42 61 45 53 53 85 35 64 54 63 83 72 60 56 58 78 18 22 52 42 28 20 29 48 37 27 29 22 42 29 58 27 48 35 53 62 49 35 27 42 59 60 11 39 29 40 58 46 35 32 33 53 41 69 60 68 89 78 66 63 63 84 31 18 38 44 31 17 10 26 41 44 60 72 59 46 38 50 68 47 61 48 36 31 38 57 73 60 46 37 54 70 78 65 59 66 86 53 48 53 73 38 40 59 33 53 62 
49 26 34 7 32 14 39 28 35 22 43 45 31 18 8 31 42 35 44 14 41 23 48 32 45 32 52 55 41 28 18 40 52 30 9 18 5 36 17 22 9 29 37 24 11 12 17 32 23 25 27 58 7 35 26 35 55 44 33 33 29 50 11 21 31 28 63 13 10 21 15 19 29 6 14 7 30 28 27 15 36 35 21 8 1 23 33 35 18 11 4 17 30 20 14 21 5 24 13 41 33 39 62 51 41 41 35 55 21 19 31 17 6 11 19 21 18 18 38 44 31 17 10 26 41 25 33 20 8 13 13 28 46 33 20 10 34 45 49 37 32 38 57 26 25 25 44 22 11 31 7 25 35 
62 39 46 17 44 27 50 36 48 35 56 57 44 31 21 43 56 49 56 26 53 37 59 43 58 45 65 67 54 41 31 53 66 39 4 30 15 44 22 35 22 42 48 35 21 14 30 45 25 36 33 65 19 46 35 48 64 52 40 36 40 60 11 8 32 20 13 37 20 29 17 9 17 8 24 18 40 32 40 27 48 48 34 22 11 35 46 40 14 24 11 30 40 27 14 14 18 35 22 51 41 51 70 58 46 43 45 65 29 21 39 31 19 11 9 27 31 31 51 56 43 29 20 39 54 38 44 31 17 10 26 41 59 46 34 23 46 58 60 46 39 50 68 34 28 37 55 19 23 42 14 34 48 
42 20 35 3 24 10 41 17 29 16 35 43 30 17 12 24 39 30 44 8 33 19 49 22 39 26 45 53 39 26 18 33 49 35 18 10 14 43 9 19 10 22 38 27 19 22 13 33 34 27 36 65 13 38 32 35 59 50 41 42 33 53 11 29 41 29 10 20 77 29 26 28 38 12 22 3 34 19 20 6 27 34 21 9 12 14 30 44 17 13 15 11 35 27 24 31 10 28 21 45 40 41 66 57 49 50 40 60 10 13 21 16 5 12 22 12 12 15 31 44 32 20 18 21 40 18 35 25 17 23 9 29 44 31 17 10 26 41 53 41 39 38 58 33 34 26 46 33 15 35 17 32 34 
51 31 22 26 41 23 22 45 38 30 48 35 25 20 16 36 37 36 32 25 46 26 32 46 44 34 54 45 34 26 18 42 46 10 25 29 16 15 38 24 19 34 22 10 10 15 23 22 13 14 7 37 15 19 6 25 35 23 12 15 13 31 32 33 16 48 21 29 29 88 13 26 36 26 7 25 12 48 34 30 45 27 19 20 21 34 30 15 39 16 19 26 11 2 15 25 19 10 7 22 12 24 41 29 20 22 16 35 38 40 48 21 23 33 38 41 27 23 41 31 20 13 10 29 32 33 18 8 12 19 23 19 38 28 24 19 40 40 31 17 10 26 41 4 9 16 27 19 14 14 15 5 27 
59 36 34 22 45 25 36 43 45 34 54 47 35 26 16 41 47 44 44 26 52 32 46 47 53 41 62 57 45 34 24 49 57 24 14 31 11 28 32 30 19 39 35 22 11 3 27 34 8 25 16 47 14 32 19 37 48 35 22 18 26 44 24 20 16 37 15 17 26 13 62 13 23 17 12 22 26 43 38 30 49 38 27 20 14 36 39 22 30 18 11 29 24 11 2 12 17 22 9 35 24 37 53 41 29 26 29 48 36 33 47 26 21 24 26 37 30 27 48 44 31 20 10 35 43 37 31 18 9 6 25 30 50 38 29 20 45 50 44 30 22 38 54 17 10 26 41 8 16 27 8 18 38 
68 44 47 25 51 32 49 45 54 41 62 59 47 35 25 49 59 53 57 32 60 41 59 51 63 50 71 69 57 45 34 58 69 37 10 37 18 41 31 39 27 47 48 35 22 12 35 46 18 37 29 59 22 46 33 49 62 49 35 29 40 57 21 6 25 27 19 9 28 26 13 35 10 16 24 25 39 42 46 34 55 50 37 27 17 42 49 34 24 27 15 35 38 25 11 5 23 35 22 49 37 51 66 54 41 36 42 62 38 30 48 35 25 21 17 37 37 36 57 57 44 31 21 44 56 44 44 31 18 8 32 42 62 49 38 28 53 61 58 44 36 51 68 31 23 38 54 10 26 41 15 31 50 
78 55 57 34 61 43 59 53 64 51 72 70 57 46 35 60 69 64 68 43 70 52 69 60 73 61 81 80 67 55 45 69 79 47 19 47 28 50 39 50 37 58 58 45 33 22 45 57 26 48 37 66 32 55 43 60 70 57 43 35 49 66 28 8 30 29 29 17 38 36 23 10 21 25 34 35 49 49 56 44 65 60 48 37 27 52 60 41 29 38 25 46 47 34 21 11 33 45 32 58 45 61 74 61 48 41 52 70 47 37 57 45 35 28 21 44 47 47 67 67 54 42 31 55 66 55 54 41 29 18 42 53 72 60 49 38 63 72 67 53 44 61 77 40 31 49 64 17 37 51 26 41 61 
54 31 40 9 36 19 45 29 40 27 47 51 37 24 14 35 48 41 50 18 45 29 54 35 50 37 57 61 47 34 24 45 58 35 5 22 10 41 15 28 15 33 43 30 16 13 22 39 26 31 32 63 13 41 32 41 61 49 38 36 35 55 6 17 34 22 6 8 12 26 17 16 25 53 20 10 35 26 31 19 39 41 27 14 5 27 38 39 13 17 6 21 35 24 15 20 11 30 18 46 38 45 67 56 45 44 41 61 22 16 32 23 11 7 13 21 23 24 43 50 37 23 16 31 47 30 39 26 13 12 18 34 52 39 26 16 38 50 55 42 37 44 63 31 28 31 50 22 17 37 10 31 41 
47 25 23 19 36 16 25 38 34 24 43 35 23 15 9 31 35 32 33 18 41 21 35 39 41 30 51 45 33 22 13 38 45 15 20 23 9 21 31 19 12 29 24 11 3 12 17 22 16 13 14 44 8 22 11 25 41 29 19 21 16 35 26 29 22 42 14 24 22 7 12 24 34 20 82 18 16 41 29 23 39 26 15 13 15 28 27 22 33 9 13 20 15 6 13 23 12 11 2 26 19 26 47 36 27 29 20 41 31 33 41 15 16 26 32 34 21 17 37 33 20 8 4 24 31 28 20 6 7 16 17 18 38 26 18 12 35 38 35 22 17 27 44 11 14 14 31 20 7 17 10 10 26 
44 21 34 1 26 9 39 21 30 17 37 42 29 16 9 25 39 31 43 8 35 19 47 25 40 27 47 52 39 25 17 35 49 32 15 12 11 40 12 19 7 23 37 25 15 19 13 32 30 25 32 62 10 36 30 34 57 47 38 39 31 51 11 27 37 29 7 18 3 25 22 25 35 10 18 40 31 22 21 8 29 33 20 6 8 17 29 40 18 11 11 11 32 24 21 28 6 26 18 43 37 39 64 54 46 47 38 57 14 15 24 15 2 11 21 15 12 15 33 43 30 17 15 22 39 20 33 22 14 20 9 28 44 30 17 8 28 41 50 39 36 37 57 30 30 24 45 29 12 32 13 29 33 
43 27 10 33 38 25 9 47 31 28 42 23 16 19 22 32 26 29 19 27 40 23 19 45 36 29 46 32 23 19 16 35 34 4 36 30 25 11 44 20 23 30 9 6 19 27 23 11 25 7 15 32 23 6 7 14 25 16 14 23 1 19 41 45 27 58 30 40 34 12 26 39 49 35 16 31 81 52 31 32 41 16 16 25 30 34 22 20 48 20 29 27 3 14 28 38 25 5 18 11 11 11 32 24 21 28 6 26 41 47 49 20 29 41 48 46 27 22 35 19 9 14 20 25 20 31 6 9 23 31 26 10 26 20 21 23 35 30 19 7 11 14 28 10 20 9 15 32 19 1 26 8 17 
47 31 52 21 27 27 59 9 38 27 39 57 45 33 31 32 51 40 59 24 37 33 65 19 47 36 49 65 52 40 35 41 60 54 32 23 33 61 11 34 29 31 55 46 38 40 29 49 52 45 55 84 32 56 51 51 77 68 60 61 51 71 21 40 59 27 28 32 19 48 43 42 49 26 41 22 52 36 28 20 29 48 37 27 29 22 42 63 20 32 32 26 54 47 41 46 29 47 40 63 59 57 85 76 68 69 59 78 11 11 11 32 24 21 28 6 26 31 38 59 48 38 37 33 54 27 52 43 36 39 26 46 57 44 32 29 32 52 70 60 58 54 74 52 53 44 63 49 34 53 35 51 48 
22 4 26 22 7 13 34 19 9 4 16 28 18 14 22 4 23 11 31 13 14 8 38 14 19 7 25 36 24 13 16 14 32 35 36 9 28 42 26 11 19 3 31 26 27 36 11 24 44 23 41 64 24 32 34 24 53 48 44 50 30 46 31 48 51 48 27 40 20 34 38 46 56 31 29 21 31 28 22 13 10 21 15 19 29 6 14 48 37 20 31 10 34 34 38 48 23 27 30 40 42 32 61 55 52 57 38 54 18 30 20 13 21 32 42 24 9 11 11 32 24 21 28 6 26 1 29 26 29 39 14 22 28 17 10 18 6 23 45 38 41 28 47 36 43 22 38 47 22 31 31 35 21 
36 14 32 9 17 7 38 15 23 9 29 38 25 13 14 17 34 24 39 4 26 14 45 17 33 19 38 47 34 21 15 27 43 34 24 4 18 42 14 14 11 15 35 26 20 27 9 29 37 25 37 65 16 36 32 31 57 49 42 44 31 51 18 36 44 35 15 27 6 30 30 34 44 19 23 8 32 20 13 23 20 29 17 9 17 8 24 45 23 13 20 6 34 29 29 37 13 27 23 43 40 37 65 56 49 52 39 58 9 18 18 12 9 19 29 13 6 11 25 40 28 18 21 15 35 11 32 24 21 28 6 26 39 26 12 10 19 35 50 40 39 34 55 33 36 24 43 37 16 33 21 32 29 
18 14 35 30 3 23 43 19 12 15 9 34 27 24 32 9 27 15 37 22 8 18 45 9 19 13 19 39 30 22 27 13 33 45 45 18 38 52 30 21 29 11 39 37 38 46 22 32 55 34 52 73 34 41 45 32 61 57 54 60 40 54 38 57 61 53 36 48 27 45 49 55 65 39 39 29 41 29 10 20 23 29 26 28 38 12 22 59 42 30 40 20 44 45 48 57 32 37 40 49 52 40 69 65 62 67 47 62 21 34 18 24 29 38 49 26 18 22 11 39 33 31 38 16 32 11 38 37 39 48 23 31 32 24 21 28 6 26 53 48 52 35 53 47 53 32 46 57 32 41 41 45 28 
26 17 7 34 26 23 14 40 17 20 27 9 3 17 26 20 9 14 10 25 25 15 17 35 19 15 30 19 7 8 16 19 19 21 43 25 32 27 43 14 26 19 11 16 27 38 20 5 40 13 32 45 28 14 23 3 32 29 31 40 15 25 44 55 43 62 35 48 34 27 38 50 60 41 26 33 16 48 21 29 29 65 13 26 36 26 7 36 51 23 36 23 20 28 39 50 29 16 28 21 28 11 40 37 37 45 21 33 37 47 42 18 31 44 54 43 22 18 20 11 7 18 28 15 6 21 11 19 31 42 24 7 11 4 16 25 22 13 24 21 28 6 26 26 36 11 17 46 24 15 34 24 0 
32 11 14 21 22 10 21 31 18 12 28 23 9 4 13 17 21 17 23 13 26 7 28 29 26 15 35 33 19 7 3 22 31 19 30 14 19 27 30 4 12 15 18 11 16 26 8 12 31 8 26 49 15 18 18 14 40 32 28 35 15 33 31 42 36 49 21 34 21 19 27 37 48 27 15 20 16 37 15 17 26 13 49 13 23 17 12 33 38 10 23 11 18 20 28 38 16 11 17 26 26 20 47 40 36 41 22 40 26 34 33 5 18 31 40 31 11 6 22 23 11 6 17 10 19 15 15 11 19 30 11 8 24 11 5 11 20 23 32 23 25 17 37 21 28 6 26 35 11 16 22 19 13 
40 17 27 8 25 5 33 24 26 14 35 36 23 9 4 22 34 26 36 6 32 15 41 27 36 23 43 46 33 19 10 31 44 26 18 10 9 34 18 13 1 20 30 19 11 18 8 25 27 18 27 56 6 29 24 28 51 41 32 35 24 44 17 30 34 35 8 22 9 20 20 27 37 14 13 6 25 27 19 9 28 26 13 42 10 16 24 35 24 4 12 8 26 19 20 29 4 19 13 36 31 32 57 48 40 42 31 51 18 22 27 9 4 18 27 21 9 9 29 37 24 11 11 17 33 17 26 16 11 20 4 21 38 24 11 2 25 36 44 32 30 31 50 24 27 18 38 28 6 26 12 23 27 
51 27 35 8 34 15 40 29 37 24 45 46 33 20 9 32 44 37 45 15 43 25 49 34 47 33 54 56 43 30 19 42 54 30 7 19 5 37 18 24 10 30 38 25 12 11 18 34 23 26 27 58 8 36 27 36 56 44 33 32 30 50 10 19 30 27 1 11 12 21 14 17 27 5 15 8 30 29 29 17 38 36 23 10 57 25 34 35 17 12 3 18 30 19 12 20 6 25 13 41 34 40 62 51 41 40 36 56 22 19 33 19 8 11 18 22 20 20 40 45 32 18 11 28 42 27 34 21 8 11 15 30 48 35 22 11 35 46 50 37 32 39 58 26 24 26 45 21 12 32 6 26 36 
28 8 30 17 9 11 38 14 16 5 20 34 23 14 20 9 29 17 36 10 18 11 43 11 25 13 30 42 30 18 17 19 38 36 32 5 25 44 20 13 17 9 34 28 26 34 11 28 43 26 41 66 22 36 35 29 57 50 45 49 32 50 26 44 50 42 23 35 14 34 36 42 52 27 28 17 34 22 6 8 12 26 17 16 25 13 20 49 31 18 27 8 36 34 36 45 20 29 29 43 43 36 65 58 53 57 40 58 12 24 16 13 17 26 37 18 7 11 17 37 28 21 27 11 31 5 32 27 27 36 11 25 34 22 12 16 11 29 49 41 42 32 52 37 42 24 42 44 21 34 28 36 26 
21 11 13 31 19 19 21 34 10 15 20 14 5 14 25 13 9 7 16 21 18 10 23 28 14 8 24 23 10 4 15 13 19 26 42 20 31 32 38 10 23 12 17 19 27 38 16 11 42 16 36 52 27 20 27 10 39 36 36 44 20 32 41 54 46 59 33 46 30 30 39 49 60 38 27 29 22 42 14 24 22 7 12 24 34 20 52 41 47 22 35 18 25 30 40 50 27 20 29 28 33 18 47 44 43 50 27 40 31 42 35 15 28 41 51 37 18 14 13 17 12 18 29 9 11 15 17 21 31 42 20 11 14 2 12 22 15 11 31 27 33 13 32 30 39 14 24 47 23 21 34 28 6 
63 45 30 41 55 38 26 60 51 44 61 42 36 35 31 50 46 49 38 40 59 40 35 61 56 48 66 51 42 38 32 54 53 15 37 44 30 12 52 37 34 48 28 22 25 26 38 31 15 26 7 25 30 24 14 34 30 17 5 6 21 28 46 41 11 60 35 40 44 15 22 34 41 39 22 40 20 63 48 45 59 36 33 35 35 49 41 63 52 31 32 41 16 16 25 30 34 22 22 21 8 29 33 20 6 8 17 29 54 54 63 35 38 46 49 56 42 37 54 37 29 28 25 43 40 48 25 22 26 29 38 30 46 39 38 34 53 50 29 18 8 33 41 12 11 28 29 24 29 21 28 13 37 
59 37 52 16 40 27 57 26 46 33 51 61 47 34 26 41 57 48 61 26 49 37 65 35 57 43 61 70 57 43 35 51 67 48 15 28 23 55 12 37 25 39 54 42 29 26 30 50 38 42 45 76 25 53 45 52 74 62 51 49 48 68 7 21 46 11 18 14 17 39 30 24 29 13 33 18 48 20 37 23 42 51 38 24 17 31 47 52 45 28 20 29 48 37 27 29 22 42 31 59 51 57 80 69 58 56 54 74 21 8 29 33 20 6 8 17 29 32 49 61 48 35 29 39 57 35 50 38 26 24 26 46 62 48 35 26 43 59 67 55 50 55 75 44 41 42 62 33 29 49 24 44 51 
40 17 23 12 26 7 28 28 26 15 35 33 20 7 2 22 31 26 32 9 33 14 37 30 35 22 43 43 30 17 7 31 41 21 20 13 9 29 23 12 3 20 26 14 8 17 8 21 25 14 23 52 5 25 19 24 46 36 28 31 19 40 21 31 31 39 11 24 13 16 18 27 38 17 9 11 20 32 20 13 30 23 10 4 12 18 22 31 28 43 13 10 21 15 19 29 6 14 10 31 27 28 53 44 36 39 26 46 22 26 31 7 9 22 30 25 11 8 29 33 20 6 8 17 29 18 22 11 10 20 7 17 35 22 10 2 26 34 39 27 26 27 46 20 23 14 34 27 2 21 12 19 23 
53 29 35 11 36 17 39 32 39 26 47 46 33 21 10 34 45 38 45 17 45 26 48 37 48 35 56 56 43 30 20 43 55 29 7 22 4 35 21 25 12 32 37 24 10 7 20 34 19 25 25 56 7 35 25 36 54 42 31 29 29 49 13 18 27 29 4 11 15 19 11 15 25 6 13 11 29 32 31 20 40 36 23 12 3 27 35 32 20 13 17 20 29 17 9 17 8 24 11 40 31 39 60 49 38 37 34 54 25 22 36 20 10 13 19 25 21 21 42 45 32 18 9 29 42 29 33 20 6 8 17 29 48 35 23 13 37 47 49 36 30 39 57 24 21 25 44 18 12 31 4 24 36 
32 9 26 13 16 3 32 20 18 5 26 32 19 7 12 13 28 19 33 3 24 8 39 19 28 15 35 41 28 15 10 23 38 29 26 3 18 37 20 8 9 12 29 21 18 26 3 23 35 19 34 59 14 30 28 25 51 43 37 41 26 45 23 38 42 40 17 30 11 26 29 35 46 21 20 11 27 26 10 6 20 23 11 8 18 8 18 41 29 10 20 59 29 26 28 38 12 22 21 37 36 31 59 51 45 49 33 52 15 24 22 6 10 23 33 20 1 5 21 34 22 13 19 10 29 8 26 19 19 29 3 20 33 20 6 8 17 29 44 34 35 28 48 29 34 18 37 37 13 27 21 28 23 
46 30 13 34 41 26 11 49 34 30 45 26 19 21 23 34 29 32 22 29 43 25 21 47 39 32 49 35 26 22 18 38 37 1 36 32 25 8 45 23 24 33 12 7 18 26 25 14 23 10 13 30 23 8 4 17 25 14 11 21 4 20 41 44 24 58 30 40 35 11 24 38 47 35 15 32 3 54 34 34 44 20 18 26 30 36 25 16 48 21 29 29 66 13 26 36 26 7 17 11 8 14 31 22 18 25 5 25 43 48 51 22 30 42 48 47 29 24 38 21 12 15 19 27 23 33 8 10 22 30 27 13 29 23 24 24 38 33 20 6 8 17 29 7 18 12 16 31 19 4 25 6 20 
51 31 24 25 41 22 24 44 38 30 48 37 26 20 15 36 38 37 34 24 46 26 34 45 45 35 55 46 35 26 18 42 47 12 23 28 14 17 36 24 18 34 24 12 8 13 23 24 11 15 8 39 14 21 8 26 37 25 13 15 15 33 30 31 16 46 20 27 27 2 11 25 34 24 6 24 14 47 34 29 45 28 20 19 19 34 30 16 37 15 17 26 13 40 13 23 17 12 6 24 14 26 43 31 21 23 18 37 37 38 47 21 22 31 36 40 26 23 42 33 21 13 9 29 33 33 20 8 11 17 23 20 39 29 24 18 40 41 33 19 12 28 43 6 8 17 29 18 13 16 13 7 28 
59 36 36 21 45 25 38 42 45 34 54 48 36 26 16 41 48 44 46 26 52 32 48 46 54 41 62 58 46 35 25 49 58 26 12 30 10 30 30 30 19 39 37 24 12 2 27 35 10 26 18 50 13 34 22 38 51 38 25 21 28 46 22 17 18 35 14 14 24 15 2 11 21 15 13 21 28 41 38 29 48 39 28 20 12 36 40 25 27 19 9 28 26 13 13 10 16 24 11 37 26 39 56 43 31 29 31 51 35 31 45 26 20 22 24 35 29 27 48 46 33 21 11 36 45 37 33 20 8 4 24 31 51 39 29 20 45 51 46 33 25 40 56 20 13 27 43 8 17 29 7 20 39 
69 46 46 28 54 34 48 49 55 43 64 59 47 36 26 51 59 55 56 35 62 43 58 54 64 52 72 69 57 46 35 60 69 35 14 39 19 38 35 41 28 49 47 34 22 12 36 46 15 37 26 56 23 44 31 49 59 46 32 25 38 55 25 10 20 32 21 14 31 25 12 5 11 20 23 28 38 46 48 37 57 50 38 29 20 45 50 30 29 29 17 38 36 23 10 17 25 34 21 46 34 49 63 50 37 31 40 59 42 35 52 36 28 25 22 41 39 38 58 56 43 32 21 46 55 46 43 30 19 8 34 42 62 50 39 29 55 62 55 42 33 50 66 28 20 38 53 6 27 39 17 29 50 
44 21 29 7 29 9 34 27 30 18 39 39 26 13 3 26 37 30 38 9 36 18 43 30 40 27 47 49 36 23 13 35 47 26 14 14 5 33 19 17 3 24 32 19 8 14 12 27 24 20 26 56 3 30 23 30 51 40 31 32 25 45 15 26 31 33 5 18 10 19 17 23 33 11 12 6 25 29 23 13 32 29 16 4 6 20 27 34 22 6 8 12 26 17 16 25 34 20 11 37 30 34 58 48 39 40 31 51 20 21 30 12 4 16 24 22 13 13 33 39 26 12 8 21 35 21 28 16 8 16 8 23 41 28 15 5 29 39 45 32 29 33 52 23 24 20 39 24 6 26 8 22 29 
41 23 12 27 34 19 14 42 29 23 39 25 15 14 16 28 26 27 22 22 37 18 24 40 34 26 44 34 23 16 11 32 35 7 31 25 20 15 38 16 18 26 12 0 14 23 18 12 23 4 16 37 17 11 7 14 31 21 17 24 5 25 35 41 27 53 24 35 28 10 22 35 45 30 11 26 5 47 27 27 37 16 11 19 25 29 20 22 42 14 24 22 7 12 24 34 20 59 13 16 14 15 38 29 24 30 12 31 36 41 44 15 23 36 43 40 22 17 32 21 9 8 15 21 21 26 8 4 18 27 20 8 27 18 17 17 31 29 25 13 14 16 33 10 19 6 20 30 13 6 21 8 17 
49 27 25 19 37 17 27 38 35 25 45 37 25 16 9 32 37 34 35 19 43 23 37 40 43 32 52 47 35 24 14 40 47 17 18 23 8 23 30 20 12 30 26 13 2 10 18 24 14 15 14 45 7 24 13 27 42 31 20 21 18 37 24 27 21 41 13 22 21 7 9 22 32 18 2 18 18 40 30 23 40 28 17 13 13 29 29 22 31 10 11 21 17 6 11 21 11 13 105 28 20 29 48 37 27 29 22 42 31 32 41 16 16 25 30 34 22 18 39 35 22 10 2 26 34 29 22 9 5 14 17 20 40 28 20 12 36 40 37 24 18 29 46 12 13 16 33 18 8 19 8 12 28 
47 36 14 44 47 36 7 57 38 38 48 23 22 29 33 40 29 35 18 38 46 32 14 54 40 36 50 30 25 27 27 40 34 11 47 40 36 9 55 30 35 38 10 17 29 37 34 17 32 18 21 23 34 7 15 17 14 8 16 27 11 9 52 55 31 69 41 51 45 22 35 49 58 46 26 43 11 63 40 43 49 21 26 36 41 43 28 21 59 31 40 37 11 24 37 46 37 16 28 63 13 10 21 15 19 29 6 14 52 58 59 31 40 52 59 57 37 32 41 16 16 25 30 34 22 40 11 20 33 41 36 18 27 25 31 34 43 32 9 4 14 15 20 17 27 19 8 40 30 10 36 17 21 
54 38 21 38 49 33 17 55 43 38 53 34 28 28 27 43 37 41 29 35 51 33 26 55 47 40 58 42 34 30 26 46 44 7 37 39 28 4 50 31 30 41 19 15 22 27 32 23 20 18 8 25 27 15 7 25 24 11 3 14 13 21 44 44 18 60 33 41 40 12 24 37 45 38 19 37 11 59 42 40 52 28 26 31 34 43 33 8 51 27 31 36 8 14 26 34 30 14 20 13 65 20 29 17 9 17 8 24 49 52 58 29 35 45 50 53 36 31 46 28 21 22 22 36 31 41 16 16 25 30 34 22 37 31 31 30 46 41 21 9 1 24 33 7 14 20 21 28 25 12 27 8 28 
37 28 5 41 38 30 3 51 28 30 38 13 13 24 31 31 18 26 8 33 37 24 8 46 30 27 40 21 14 18 22 30 24 15 47 34 35 18 50 23 31 30 2 15 29 39 28 8 37 14 27 34 32 5 18 7 21 19 24 34 11 14 50 56 38 68 39 51 41 24 37 51 61 45 26 39 11 57 32 37 40 11 20 32 40 36 18 29 57 28 39 31 14 26 39 49 34 15 29 10 20 83 29 26 28 38 12 22 46 54 52 25 37 50 58 51 31 26 31 7 9 22 30 25 11 32 6 20 33 43 31 11 16 16 25 30 34 22 13 11 21 5 18 22 32 14 6 44 28 10 36 20 12 
64 57 34 65 67 57 26 79 57 59 66 38 42 51 54 60 45 55 33 60 65 53 25 75 57 56 67 40 41 47 49 59 46 31 66 62 57 25 76 51 56 59 30 38 50 56 55 37 48 39 37 13 55 29 35 37 7 17 31 39 33 15 73 73 44 89 62 70 66 41 53 66 74 67 47 64 32 85 61 65 69 40 47 57 62 65 47 33 80 53 60 59 31 43 56 63 58 38 48 21 29 29 33 13 26 36 26 7 74 79 81 52 62 73 79 78 59 54 60 31 37 46 51 54 38 61 32 42 53 60 58 39 41 45 53 55 63 48 16 25 30 34 22 36 43 41 23 57 51 31 56 36 41 
63 51 30 56 62 49 22 71 54 53 64 38 38 43 45 55 44 51 33 51 62 47 26 69 56 52 66 43 40 42 41 56 48 22 55 54 46 14 67 45 47 54 26 30 39 44 48 32 35 32 25 8 44 23 24 33 12 7 18 26 25 15 62 60 31 78 51 58 57 29 41 54 61 56 36 54 24 76 55 56 65 37 40 48 51 58 44 20 69 44 49 51 22 31 43 50 48 29 37 15 17 26 13 32 13 23 17 12 66 70 74 45 52 63 67 69 52 46 57 31 31 38 40 49 37 55 26 32 42 48 50 33 42 41 46 46 58 47 16 17 19 31 27 25 30 34 22 44 42 24 45 25 37 
64 47 30 47 59 42 25 65 52 48 63 42 37 38 36 52 46 50 37 45 61 43 32 64 57 50 67 49 42 40 35 56 52 17 43 48 36 10 58 40 39 51 27 25 30 32 42 32 22 28 13 18 35 23 17 34 24 12 7 12 22 24 52 47 17 66 41 46 49 20 29 41 48 45 27 46 21 68 52 49 62 37 36 40 41 53 43 6 58 36 38 45 18 21 31 37 39 24 27 19 9 28 26 13 50 10 16 24 58 60 67 39 43 52 55 61 46 41 56 35 30 31 30 45 39 51 26 25 32 35 43 31 45 41 41 39 56 50 25 16 10 33 37 16 18 30 27 30 34 22 34 17 38 
71 53 39 47 64 46 34 67 59 52 70 51 44 43 38 58 55 57 46 48 68 48 43 68 64 56 75 59 51 47 40 63 62 24 41 52 36 19 58 46 41 56 36 31 31 30 46 40 18 34 15 26 36 32 23 42 35 23 13 7 30 35 50 42 10 63 41 43 50 22 26 36 41 44 29 47 28 69 57 52 67 45 41 42 40 57 50 8 56 39 37 49 25 23 29 31 40 30 29 29 17 38 36 23 10 61 25 34 60 60 70 43 45 51 52 62 50 45 63 45 38 36 31 51 48 56 34 30 32 32 46 38 54 48 46 41 62 58 36 26 16 42 48 20 16 36 37 25 36 29 34 22 46 
48 34 14 39 44 31 9 54 37 35 47 26 21 26 28 38 30 35 21 34 46 29 18 52 41 35 51 34 26 25 23 40 37 5 41 37 30 5 50 27 30 36 11 12 24 31 30 16 26 14 15 26 28 7 9 18 20 9 11 22 7 15 46 49 26 63 35 45 40 16 29 42 52 41 20 38 6 59 38 39 47 21 22 31 36 40 27 17 54 26 34 33 5 18 31 40 31 12 22 6 8 12 26 17 16 25 68 20 48 53 56 27 35 47 53 52 34 29 40 20 14 20 25 31 23 37 10 15 27 35 32 16 29 25 28 29 41 33 15 1 9 16 25 11 21 16 13 34 25 6 30 11 22 
57 50 27 59 60 50 19 72 50 52 59 31 35 44 48 53 38 47 26 53 58 46 18 68 50 49 60 34 34 40 42 52 40 25 61 55 51 20 70 44 50 52 23 32 44 51 48 30 44 33 33 16 49 22 29 29 1 13 26 36 26 7 67 68 41 84 55 65 60 35 48 62 70 61 41 57 26 78 54 58 62 33 40 51 56 58 40 29 74 46 54 52 25 37 51 59 51 31 42 14 24 22 7 12 24 34 20 44 67 73 74 45 55 67 73 71 52 47 53 24 30 40 45 47 31 54 25 35 48 55 51 32 34 38 46 49 56 41 9 18 26 26 16 31 39 34 16 52 45 25 50 30 34 
38 20 40 14 19 16 47 7 27 16 30 46 34 22 22 21 41 29 47 14 29 22 54 14 37 25 40 54 41 29 25 31 50 43 27 12 25 51 9 23 19 21 44 35 29 33 18 38 44 34 46 74 23 45 41 40 66 58 50 53 40 60 18 38 52 31 21 29 10 38 36 38 47 22 31 14 41 11 18 9 21 37 26 18 22 12 31 54 21 22 25 15 43 37 35 42 20 36 31 52 49 46 74 66 58 60 48 67 57 13 10 21 15 19 29 6 14 20 29 48 37 27 29 22 42 17 41 33 28 34 15 35 46 33 21 19 23 41 59 49 48 43 63 42 44 33 52 43 24 42 28 41 37 
52 31 49 14 32 23 55 17 40 27 44 56 43 30 25 34 52 41 57 21 42 32 62 26 50 37 54 65 52 39 31 44 61 48 21 22 24 55 4 32 23 33 52 40 30 30 26 46 42 40 47 77 25 51 45 48 73 62 52 52 46 66 9 29 50 18 19 21 13 40 33 30 37 16 33 15 47 11 30 18 34 47 34 22 19 24 42 54 8 26 22 24 48 38 31 35 21 41 32 58 52 54 79 70 60 60 53 73 13 40 20 29 17 9 17 8 24 28 41 57 45 33 29 33 53 29 48 37 27 29 22 42 57 44 30 24 36 53 66 54 51 52 72 45 44 40 60 38 28 48 26 44 47 
36 24 46 24 17 25 54 3 28 21 27 49 39 30 32 23 43 31 52 22 26 27 59 8 37 27 37 56 45 33 32 31 51 52 38 19 35 60 18 29 29 23 50 43 38 43 26 44 54 41 55 82 34 52 50 45 73 66 60 62 48 66 28 48 62 38 31 39 21 48 47 48 57 32 41 24 49 11 20 18 18 42 33 27 33 16 35 63 29 31 36 22 51 47 45 52 30 44 41 59 58 52 81 74 67 70 56 74 10 20 58 29 26 28 38 12 22 27 28 53 44 36 39 26 46 20 48 42 38 44 24 41 48 37 27 29 22 42 65 56 57 48 68 51 54 40 58 54 34 49 38 50 41 
33 10 19 16 20 5 26 26 19 9 28 27 14 1 10 15 25 18 28 7 26 6 33 25 27 15 36 37 24 10 3 23 35 23 27 9 16 30 25 4 8 13 23 14 14 24 3 17 31 12 28 53 13 23 21 19 45 37 31 36 19 38 26 39 37 44 17 31 16 21 26 35 45 23 15 15 20 32 13 12 24 18 5 9 19 13 15 35 33 7 20 6 22 21 26 36 12 15 16 31 29 25 52 45 39 43 27 45 21 29 29 97 13 26 36 26 7 2 22 28 16 7 15 9 24 12 20 13 17 27 6 13 29 15 3 7 19 27 37 27 29 22 42 23 29 11 31 34 9 20 19 22 18 
43 20 32 3 26 8 37 22 29 16 37 41 27 14 7 24 38 30 41 7 35 18 45 26 39 26 46 50 37 24 15 34 48 30 15 11 9 37 14 17 5 22 35 23 13 18 11 30 28 23 30 60 8 34 27 32 55 45 36 37 28 49 13 27 36 31 6 19 5 23 21 25 35 11 16 2 29 24 21 9 29 31 18 4 8 17 28 38 20 9 10 10 30 22 20 28 4 23 16 40 35 37 62 52 43 45 35 55 15 17 26 13 75 13 23 17 12 13 32 41 28 15 13 20 37 19 31 20 12 19 7 26 42 29 15 6 27 40 48 36 34 35 55 27 29 22 42 28 10 30 12 27 31 
55 32 45 10 36 21 50 25 41 28 47 54 41 27 19 36 51 42 54 20 45 31 59 32 51 38 57 64 51 37 28 46 61 41 11 22 16 48 10 31 19 34 48 35 23 20 25 43 33 36 39 70 18 47 38 46 67 56 45 43 41 61 0 19 41 17 11 11 12 33 24 21 28 7 26 11 41 21 32 19 38 44 31 18 11 26 41 46 6 22 13 23 42 31 22 25 16 36 25 52 45 50 73 63 52 51 47 67 19 9 28 26 13 55 10 16 24 26 44 55 42 28 22 33 51 30 44 32 20 19 20 39 56 42 29 20 38 53 61 48 44 49 68 37 35 36 55 29 22 42 17 37 45 
65 43 53 20 46 31 58 34 52 39 58 64 50 37 27 46 61 53 63 30 56 41 67 43 62 49 68 74 60 47 37 56 71 48 12 33 23 53 19 40 28 45 56 43 29 23 34 52 34 44 42 74 26 54 44 54 73 61 49 45 48 68 11 13 41 10 19 9 22 38 26 17 21 13 32 21 48 28 42 29 49 54 40 27 18 37 51 49 8 30 19 33 48 36 24 22 24 43 30 59 50 58 79 67 55 52 53 73 29 17 38 36 23 10 58 25 34 36 54 63 50 36 28 44 60 41 52 39 25 20 30 48 65 52 39 29 49 63 68 55 48 57 76 42 37 44 63 27 30 50 22 42 54 
44 26 46 15 24 21 52 9 33 22 36 51 39 27 25 27 47 35 53 18 34 28 59 18 43 31 46 60 47 34 29 37 56 47 26 17 26 55 5 28 22 27 49 39 31 33 23 43 45 38 48 77 26 49 45 45 71 62 53 54 45 64 16 36 53 26 21 27 12 41 37 37 44 21 34 15 46 6 24 13 26 43 31 21 22 18 37 56 17 25 25 20 47 40 35 41 22 40 34 57 53 51 78 69 61 62 52 71 6 8 12 26 17 16 25 45 20 25 35 54 42 31 31 28 48 23 46 37 30 33 20 40 52 39 26 23 29 47 64 53 51 48 68 45 46 37 57 43 27 46 29 44 42 
31 8 25 14 15 4 33 19 17 4 25 32 19 8 13 12 27 18 33 4 23 8 39 18 27 14 34 41 28 14 10 22 37 30 27 2 19 38 20 8 10 10 29 21 19 27 4 23 36 19 34 60 16 30 28 25 52 44 38 42 26 45 23 39 43 41 18 31 12 27 30 37 47 23 21 12 27 26 9 6 18 22 11 9 20 7 18 42 29 11 21 1 29 26 29 39 13 22 22 37 36 31 59 52 46 50 34 52 14 24 22 7 12 24 34 20 85 5 20 33 22 14 20 9 28 7 26 20 20 30 4 20 32 19 6 9 15 29 44 35 36 28 48 30 35 18 37 38 14 27 22 29 22 
31 8 20 16 18 5 27 25 17 7 26 28 15 2 11 14 24 17 28 7 24 5 34 23 26 14 34 37 24 10 5 22 34 24 28 8 18 32 24 4 9 12 24 16 16 26 2 18 33 14 30 55 14 25 23 20 46 38 33 38 21 39 26 40 39 44 18 31 15 23 27 36 47 24 17 15 22 31 11 11 22 18 6 9 20 11 14 37 32 8 21 5 24 23 27 38 13 17 18 32 31 26 54 46 41 45 29 47 20 28 27 2 13 26 36 25 5 26 20 29 17 9 17 8 24 10 21 15 19 29 6 14 29 15 2 8 17 26 39 29 31 23 43 25 31 13 32 36 11 22 20 24 18 
10 12 27 34 11 24 34 29 3 15 7 23 19 22 32 7 16 5 27 24 5 15 35 20 8 6 14 28 19 16 24 2 22 39 48 21 38 46 37 18 30 9 31 32 37 47 21 24 53 28 48 65 35 34 40 23 52 49 49 56 33 45 43 60 58 60 38 51 31 41 48 57 67 43 37 33 35 38 11 25 11 20 22 29 40 17 13 54 49 29 42 21 38 42 48 58 33 32 39 41 46 31 60 57 56 63 40 53 29 41 28 22 32 44 54 35 20 20 21 29 26 28 38 12 22 13 30 33 39 49 25 24 21 15 19 29 6 14 44 40 46 26 43 42 50 26 37 57 31 34 41 41 19 
32 28 9 45 37 34 10 52 26 32 35 7 14 27 35 30 13 24 1 36 34 26 6 46 25 26 35 14 9 19 26 27 17 22 52 36 41 25 54 25 36 30 9 22 35 45 31 11 44 19 34 38 37 13 26 9 23 25 31 42 18 17 54 62 46 72 44 56 44 31 44 57 67 50 33 43 19 59 32 40 39 11 23 37 45 37 17 37 61 33 45 34 21 33 46 56 39 21 35 16 28 7 31 31 35 45 20 24 48 57 53 28 41 55 63 54 33 29 29 43 13 26 36 26 7 33 13 26 39 49 35 15 10 15 27 35 32 16 15 19 29 6 14 29 39 19 9 51 33 17 42 27 11 
33 20 3 32 30 21 10 42 22 22 33 15 7 15 22 24 17 20 13 24 31 16 17 38 26 20 37 25 14 10 13 25 25 13 39 25 27 20 41 14 23 22 6 9 22 32 19 2 33 6 24 40 24 8 15 5 29 23 24 33 8 22 41 49 36 59 31 43 32 20 31 44 54 37 20 30 9 48 24 28 33 7 11 24 32 28 12 29 48 20 32 22 12 21 33 43 26 9 22 16 21 9 37 31 30 38 14 30 37 45 44 16 28 42 50 42 22 17 26 13 31 13 23 17 12 24 4 13 26 36 22 2 18 10 16 22 27 20 21 14 21 7 26 19 29 6 14 39 19 8 29 17 7 
38 17 17 19 28 11 21 33 25 16 35 28 15 7 9 23 27 23 26 13 33 13 30 33 32 21 42 38 25 14 4 29 37 15 25 17 14 23 29 10 9 21 19 7 9 20 10 15 24 7 20 46 10 18 14 18 39 30 23 29 13 33 28 36 30 46 17 29 20 13 20 31 42 23 8 17 14 38 21 18 31 18 6 11 18 21 18 28 35 6 18 13 15 13 21 32 12 8 10 25 22 22 46 38 31 36 20 40 27 33 36 7 15 28 36 31 14 9 28 26 13 38 10 16 24 20 15 6 13 23 12 11 30 18 10 9 26 30 33 21 21 20 40 15 22 7 27 29 6 14 16 14 18 
48 25 26 16 35 15 29 35 34 23 44 38 26 15 7 31 37 33 36 17 41 22 39 38 43 31 51 48 35 24 14 39 47 19 16 21 5 25 27 19 10 29 28 14 1 9 16 25 16 16 17 47 5 26 15 28 45 33 23 23 20 39 22 26 23 38 10 20 18 10 10 21 31 16 4 15 20 37 28 21 38 28 17 11 11 27 29 25 29 8 9 19 19 9 11 21 8 15 2 30 22 30 51 40 30 31 25 45 29 29 39 15 13 22 28 31 20 17 38 36 23 10 58 25 34 27 23 10 3 13 15 21 40 28 19 10 34 40 39 26 21 30 48 15 15 17 35 19 6 21 6 14 29 
23 2 20 23 13 12 27 25 9 6 19 23 12 9 19 7 18 9 25 13 16 3 32 20 18 5 26 32 19 7 11 14 28 28 36 11 26 36 29 5 17 5 24 20 24 34 9 17 40 17 36 57 22 26 28 18 47 41 38 45 23 39 33 48 46 50 26 39 21 29 35 44 55 31 24 22 25 33 6 15 16 15 10 17 28 11 9 43 39 17 29 10 27 29 36 46 21 21 26 34 36 25 54 49 45 51 31 47 22 33 26 9 20 33 44 28 9 8 12 26 17 16 25 12 20 6 22 21 27 37 13 15 23 11 6 16 10 19 38 32 35 21 41 31 38 15 31 44 19 25 29 29 14 
25 22 9 40 30 29 15 45 19 26 28 3 9 23 32 24 7 16 5 31 27 20 13 39 18 19 29 13 3 14 22 20 14 24 50 31 38 29 49 20 32 23 12 21 33 44 26 9 45 18 36 45 35 16 27 6 30 30 34 44 19 23 50 61 47 68 41 54 40 32 43 56 66 47 31 39 20 54 26 35 32 6 19 33 42 31 11 40 57 29 42 29 23 33 45 55 35 21 34 22 31 11 38 37 39 48 23 31 42 53 46 24 37 51 60 48 28 24 22 7 12 24 34 20 29 26 14 25 37 48 30 13 6 9 22 31 25 10 22 22 31 6 21 30 41 17 15 51 30 19 40 29 6 
24 4 26 21 8 12 34 19 11 3 17 29 19 13 20 5 24 12 31 11 15 8 39 14 21 8 26 37 25 13 15 15 33 34 35 8 27 42 25 10 18 4 31 26 26 35 10 24 43 23 40 63 23 32 34 25 53 47 43 49 30 46 30 47 50 47 25 38 18 33 37 44 55 30 28 20 31 27 1 11 11 21 15 17 27 5 15 48 35 18 29 8 33 33 37 46 21 26 29 40 41 32 61 55 51 56 37 54 17 29 20 12 19 30 41 23 7 10 13 33 24 20 27 6 26 41 29 26 28 38 12 22 29 17 9 17 8 24 45 38 41 28 48 35 42 21 38 46 21 31 30 34 21 
38 25 4 34 35 25 6 46 27 26 37 17 11 19 24 29 20 25 13 27 36 20 15 43 31 25 41 26 17 15 17 30 28 10 40 29 29 15 45 19 25 27 4 9 22 32 23 6 31 8 21 35 26 3 13 8 25 19 20 29 4 18 43 50 33 61 33 44 35 18 31 44 54 39 20 33 6 52 29 32 38 11 15 26 34 32 17 25 50 22 33 26 8 20 33 43 28 8 22 11 16 6 32 26 26 34 10 25 41 48 48 20 31 44 52 46 26 21 30 13 4 15 23 22 14 29 58 13 26 36 26 7 20 15 20 24 31 24 17 9 17 8 24 16 26 8 11 38 21 4 30 14 12 
43 23 16 23 33 17 19 39 29 22 40 28 17 12 12 28 29 28 26 19 38 18 28 39 36 26 46 38 26 17 10 33 38 10 27 23 16 18 34 16 14 26 17 4 9 19 16 15 20 6 15 40 13 15 8 18 35 25 17 23 9 29 31 36 25 48 20 31 25 8 18 31 41 26 6 22 9 43 26 24 37 19 11 16 21 27 21 22 38 11 20 19 10 8 20 30 16 4 9 20 16 20 42 32 25 30 15 35 33 37 42 13 20 32 39 37 20 15 33 26 13 6 10 21 25 26 13 35 13 23 17 12 31 20 16 14 32 32 29 16 15 20 37 9 17 8 24 26 9 11 16 8 20 
50 27 29 15 36 16 32 35 36 25 45 41 28 17 7 32 40 35 39 17 43 24 42 38 45 32 53 51 38 26 16 41 50 22 13 22 3 28 26 21 10 30 31 17 4 7 18 28 16 19 19 50 5 29 18 31 47 36 25 24 23 42 19 23 23 36 8 17 17 12 9 18 29 13 7 14 23 36 29 21 39 31 19 11 8 27 31 26 26 10 6 19 22 11 8 19 8 18 5 33 25 33 53 42 32 32 27 48 28 27 38 17 12 20 25 30 20 19 39 39 26 13 3 27 37 28 26 13 19 10 16 24 43 31 20 11 36 43 42 29 23 33 51 17 16 20 38 17 8 24 3 17 31 
60 37 39 20 45 25 41 41 46 34 55 51 39 28 17 42 51 46 49 26 53 34 51 46 55 43 63 61 49 37 26 51 61 30 8 30 10 34 28 32 19 40 40 27 14 4 28 38 14 29 22 54 14 38 26 41 55 42 29 25 32 50 19 13 21 31 13 10 23 19 6 8 18 12 16 20 31 39 39 28 48 42 30 20 11 36 42 29 24 20 8 29 30 17 4 8 16 27 14 41 30 43 60 48 35 32 35 55 34 29 44 27 19 19 20 33 30 29 49 49 36 23 13 37 48 38 36 23 10 34 25 34 54 41 31 20 46 53 50 37 29 43 60 24 17 30 47 9 18 33 8 24 42 
36 12 26 10 20 1 32 21 22 9 30 34 21 7 8 17 30 22 34 1 28 10 39 22 32 18 39 43 30 16 9 26 40 27 22 6 14 35 19 10 5 15 29 19 15 22 4 23 32 18 31 58 11 29 26 26 51 42 35 38 25 44 20 35 38 38 13 26 9 23 25 32 42 18 17 9 26 26 14 6 23 24 11 4 15 11 20 38 26 7 17 3 27 23 24 34 8 20 17 36 34 31 58 50 43 46 32 51 15 22 24 6 7 20 30 20 4 6 25 35 22 12 15 13 30 12 26 17 16 25 16 20 35 21 8 5 20 32 44 33 33 29 49 27 30 17 37 33 9 26 17 26 24 
32 17 6 29 28 19 12 39 21 19 31 17 6 12 20 22 17 19 15 21 29 13 19 36 26 18 36 27 14 9 11 24 26 14 37 23 25 21 39 12 20 20 9 8 20 30 16 4 32 5 24 42 22 10 16 6 32 25 25 33 9 25 39 47 36 57 28 41 29 19 30 42 53 34 18 28 10 46 22 26 31 7 8 21 30 25 11 30 46 17 29 20 13 20 31 42 23 8 20 18 22 11 39 33 31 38 16 32 35 42 41 13 26 39 48 40 20 14 24 15 2 11 21 15 13 22 7 12 24 34 20 49 19 9 13 19 25 20 24 16 22 9 29 18 28 4 17 38 17 9 27 17 8 
22 25 16 45 31 34 20 48 20 29 26 3 14 28 38 25 5 17 9 35 26 24 16 41 16 21 25 8 4 18 28 19 7 30 55 35 44 35 53 25 37 25 18 27 39 50 31 15 51 24 42 49 40 22 33 13 34 35 40 50 25 27 55 66 54 73 46 59 44 38 50 62 72 52 38 44 26 57 28 39 32 11 24 38 48 34 14 46 62 35 48 33 29 39 51 62 41 27 40 27 37 16 41 42 45 54 29 34 46 57 48 29 42 56 65 52 32 29 21 10 18 30 40 23 6 29 20 31 43 54 35 19 58 13 26 36 26 7 26 28 38 12 22 37 47 23 20 58 36 25 46 35 11 
23 13 11 32 22 20 19 36 12 16 22 12 3 15 25 15 9 10 14 22 21 11 21 31 16 11 26 21 8 5 15 15 19 24 42 22 31 30 40 11 24 14 15 18 27 38 17 8 41 14 34 49 27 18 25 8 37 34 34 43 18 30 42 54 45 60 33 46 31 28 38 49 60 39 26 30 20 44 17 26 24 4 11 24 35 22 2 39 48 22 35 20 23 29 39 50 28 18 28 25 31 16 45 41 41 48 25 38 33 44 37 15 29 42 52 39 19 15 15 15 10 18 28 11 9 17 15 20 31 41 21 9 13 52 13 23 17 12 29 25 31 11 30 28 38 12 22 46 23 19 33 27 4 
29 7 19 18 17 7 26 26 15 6 25 26 13 3 13 12 22 15 26 9 22 3 32 23 24 12 32 35 22 8 6 20 32 24 30 9 20 32 26 2 11 10 23 16 18 28 4 16 34 14 31 54 16 24 24 18 45 38 34 39 20 38 28 42 40 46 20 34 17 24 29 38 49 26 18 17 21 32 10 12 21 16 5 11 22 12 12 38 35 10 23 6 24 24 29 39 15 17 20 31 31 25 53 46 41 46 28 46 21 30 27 3 15 29 39 26 6 2 19 27 16 10 19 6 22 9 20 16 20 31 8 13 26 13 57 10 16 24 38 29 31 21 42 26 32 12 31 38 12 22 22 24 16 
40 16 25 10 25 5 31 26 26 13 34 35 21 8 3 21 32 25 34 6 32 13 39 27 35 22 43 44 31 18 8 30 42 24 19 11 9 32 20 12 1 19 28 17 10 18 7 23 27 16 26 54 6 27 22 26 48 39 31 34 22 42 19 31 33 37 10 23 10 19 20 28 38 16 12 8 23 29 18 10 28 25 11 2 11 16 22 34 26 2 13 8 24 18 20 29 5 17 12 34 30 30 55 46 39 41 29 49 19 24 29 7 6 20 29 23 9 8 29 35 22 9 10 16 31 17 24 14 11 20 5 19 36 23 10 76 25 34 42 30 29 29 48 22 26 16 36 28 5 24 12 22 25 
16 9 28 29 5 20 36 23 6 11 9 27 20 19 28 3 21 8 31 20 7 13 38 14 14 6 18 34 23 16 22 8 28 39 43 16 35 46 31 16 26 5 33 31 34 43 18 25 50 28 47 67 31 35 39 26 55 51 49 55 34 48 38 55 56 54 34 46 26 40 45 53 63 38 35 28 35 32 6 19 6 22 20 25 35 11 15 53 43 26 37 17 38 40 45 55 29 31 36 43 46 34 63 58 56 62 41 56 23 36 22 19 27 38 49 29 15 17 6 32 27 26 34 10 25 8 31 32 36 46 20 25 26 17 16 25 25 20 46 41 46 29 47 41 48 26 39 53 28 34 38 40 22 
15 21 19 42 25 31 25 42 14 25 19 9 15 26 37 20 3 12 15 32 19 21 22 34 9 16 18 13 7 16 27 12 8 34 54 31 43 39 49 22 35 20 22 29 39 50 28 18 53 26 45 55 39 26 36 16 40 41 44 53 28 34 52 66 56 70 45 58 41 40 50 61 72 50 38 41 30 52 23 35 26 13 23 36 46 29 11 50 59 34 47 29 33 41 51 62 39 29 40 32 41 22 48 47 50 58 33 41 41 53 42 27 40 53 63 47 29 26 14 16 20 30 40 19 10 24 24 32 43 53 32 20 7 12 24 34 20 44 32 33 41 17 29 39 49 24 26 58 35 28 45 38 12 
48 41 18 52 51 43 11 63 41 43 50 22 26 36 41 44 29 38 17 45 49 37 10 59 41 40 51 26 25 31 34 42 32 20 56 47 45 17 62 36 43 43 14 25 38 46 40 21 41 25 30 23 42 14 24 20 8 13 25 35 19 1 60 64 40 78 49 60 53 31 44 58 67 55 35 50 19 70 45 50 53 24 32 44 50 49 31 29 67 39 49 44 20 33 46 55 45 25 37 9 21 13 16 16 25 36 15 9 59 66 65 37 48 61 68 64 44 39 44 15 21 33 39 38 22 45 17 29 42 50 44 24 26 29 38 42 46 32 26 13 23 17 12 26 36 26 7 50 38 18 45 26 24 
47 34 14 40 45 32 8 54 37 35 47 25 21 26 29 38 29 35 20 35 46 29 17 52 40 35 51 32 25 25 24 40 36 7 42 37 32 6 51 27 31 37 10 13 25 33 31 16 28 15 17 25 30 7 11 17 18 9 13 23 8 13 48 50 28 65 37 46 41 17 30 44 53 42 22 39 7 60 38 40 48 21 23 32 37 41 27 18 55 27 36 34 6 19 33 42 32 13 24 4 9 11 25 17 16 26 1 18 49 54 56 27 36 48 55 53 35 29 40 19 14 21 26 32 22 38 9 16 29 37 33 16 28 25 29 30 41 33 13 53 10 16 24 13 23 16 11 36 26 7 32 12 21 
54 37 22 37 48 32 18 55 43 37 53 34 28 28 26 42 38 41 30 34 51 33 27 54 47 40 58 43 34 30 25 46 45 7 36 38 27 5 48 30 29 41 19 14 21 25 31 23 18 18 7 26 26 16 7 25 26 13 3 13 13 22 43 42 17 59 32 39 39 10 22 36 44 37 17 36 11 58 41 39 52 28 25 30 32 42 33 8 50 26 30 35 8 12 25 33 29 14 18 14 1 21 30 19 10 16 9 26 48 51 57 29 34 44 48 51 36 31 46 29 21 21 21 35 31 41 17 15 23 29 33 22 38 31 31 29 46 41 23 10 73 25 34 6 13 20 22 26 24 12 26 7 29 
31 24 4 39 33 28 8 47 23 27 33 9 9 21 29 26 13 21 6 30 31 21 10 42 24 22 35 18 9 14 20 25 20 18 46 31 35 22 48 20 30 25 5 16 29 39 25 5 39 13 30 39 31 9 21 3 26 24 28 38 13 19 48 57 41 66 38 50 38 26 38 51 61 44 27 37 14 54 28 34 35 6 17 31 39 32 13 33 55 27 39 28 17 28 40 50 33 16 29 15 24 5 34 31 33 42 16 26 43 52 48 22 35 49 57 48 28 23 26 6 7 20 30 21 6 28 8 20 33 43 29 9 12 11 21 29 29 17 17 16 25 52 20 24 35 13 10 46 26 12 36 23 7 
44 43 23 58 52 48 18 67 41 47 48 19 29 41 49 45 26 38 16 50 48 41 9 61 38 41 47 18 23 34 40 41 25 30 64 51 53 29 68 40 49 45 20 33 47 56 45 25 52 32 41 32 50 22 34 23 16 25 36 47 28 13 68 74 52 86 57 68 58 41 54 68 77 63 44 57 28 74 47 55 53 26 37 50 58 52 32 41 75 46 57 48 29 43 56 66 52 33 46 20 33 18 22 27 37 48 25 16 63 72 68 42 55 68 76 68 48 43 43 14 26 40 48 41 21 48 24 37 51 60 49 29 22 30 42 48 47 29 12 24 34 20 14 37 47 32 13 60 46 26 54 36 26 
51 32 20 31 43 26 19 48 39 32 49 33 25 22 20 38 36 37 30 28 47 28 29 49 44 36 55 43 32 26 20 42 44 6 30 32 21 10 42 25 23 36 19 10 14 20 26 21 15 14 5 32 19 16 3 24 31 18 8 14 11 26 37 37 17 53 26 34 33 4 17 31 40 31 11 30 10 52 36 33 47 26 21 24 26 37 30 12 44 20 24 29 7 6 20 28 23 10 12 17 7 22 36 25 16 20 11 31 42 45 51 23 27 37 42 45 30 25 42 29 19 15 15 31 30 35 16 9 17 24 27 18 37 28 26 22 41 39 26 13 6 24 37 27 10 16 24 23 17 12 20 1 26 
60 39 31 31 50 30 30 51 47 38 57 44 34 29 22 45 46 45 40 32 55 35 40 53 54 43 63 53 43 35 26 51 55 17 25 36 19 18 42 32 25 43 30 19 16 14 31 31 5 23 6 36 20 27 13 34 39 26 12 8 21 36 35 29 8 48 25 28 34 9 10 23 31 28 14 30 20 53 43 36 53 36 28 27 24 42 39 11 41 23 21 34 18 8 13 20 24 19 13 27 14 32 43 30 18 16 21 39 44 44 54 29 29 35 37 46 35 31 50 39 29 22 15 38 41 42 26 17 16 17 30 28 47 38 32 26 48 49 36 23 13 35 47 10 46 25 34 13 21 22 17 12 36 
35 17 9 26 28 16 15 38 23 19 33 21 9 10 16 22 21 21 19 19 31 13 23 35 28 20 38 31 18 10 8 26 30 12 33 21 21 20 36 11 17 21 12 5 16 26 14 8 28 2 21 42 18 12 13 10 33 26 23 30 8 27 35 43 32 53 25 37 26 16 26 38 49 31 14 24 9 44 22 24 32 11 6 18 26 24 14 28 42 14 25 18 12 17 27 38 20 6 16 19 20 14 41 34 30 36 16 34 33 40 40 11 22 36 44 37 18 13 26 19 6 7 17 15 17 21 8 8 20 30 17 4 23 12 12 16 26 24 26 16 20 13 32 16 25 35 20 34 13 9 23 14 12 
41 34 11 46 44 36 5 57 34 37 43 16 19 30 36 37 22 31 11 39 42 30 5 52 34 33 44 22 18 24 28 36 26 17 51 40 40 17 56 29 37 36 8 20 34 42 34 14 39 19 28 29 37 9 21 13 15 16 24 35 15 8 55 60 39 73 44 55 46 27 41 54 64 50 31 45 15 63 38 43 46 17 26 38 45 42 24 29 62 34 44 37 16 29 43 53 39 20 33 8 21 6 23 22 27 37 13 16 52 60 58 31 42 55 63 57 37 32 37 9 14 27 35 31 15 38 11 24 38 47 37 17 20 22 31 36 39 26 7 11 22 10 13 24 34 20 24 47 33 13 41 23 17 
67 44 42 29 53 33 42 50 53 42 63 55 43 34 25 50 55 52 52 34 60 41 52 55 62 50 70 65 53 43 32 58 65 30 17 39 19 32 38 38 27 48 42 30 19 10 35 42 8 33 19 49 22 39 26 45 52 39 26 18 33 49 28 17 14 38 22 19 33 19 8 10 17 22 20 29 32 49 47 37 57 46 35 28 21 44 47 24 33 27 18 37 31 18 8 6 24 30 18 40 28 44 57 44 30 25 34 52 43 38 54 34 28 29 27 43 38 36 57 51 39 29 19 44 51 46 38 26 17 9 33 38 58 46 38 28 53 58 50 36 26 46 60 23 13 34 47 21 25 34 16 24 46 
42 19 23 14 29 9 27 31 28 17 37 34 21 9 3 25 32 27 32 11 35 15 36 32 37 24 45 44 31 18 8 32 42 19 19 15 8 27 25 13 5 23 25 12 5 15 10 21 22 13 21 50 4 24 17 24 44 34 26 28 18 38 22 30 29 40 11 23 15 14 16 26 37 17 7 12 19 34 22 16 32 24 11 6 12 21 23 29 29 2 12 13 19 13 17 27 6 13 8 30 25 28 51 42 34 36 25 45 24 28 34 9 10 22 30 27 14 11 31 33 19 6 6 19 30 21 21 9 8 18 9 17 36 23 12 5 28 35 38 26 24 26 46 17 21 13 33 25 32 20 10 16 24 
42 27 9 34 38 25 8 47 31 28 41 22 15 19 23 31 25 28 18 28 39 22 18 45 35 28 45 31 21 18 17 34 32 5 38 30 27 11 44 20 24 30 7 7 20 29 24 10 27 8 17 32 24 4 8 12 24 16 16 25 1 18 42 47 29 59 31 42 35 14 27 41 51 37 17 32 1 53 31 33 41 15 16 26 32 34 21 21 49 21 31 27 4 16 29 39 26 6 19 10 12 10 31 24 22 29 6 25 42 48 49 20 30 42 50 46 27 22 34 17 8 14 21 25 19 31 4 11 24 33 26 9 25 19 22 24 34 28 18 7 12 12 26 12 22 9 13 34 20 48 27 10 16 
52 29 32 14 37 17 35 35 38 26 47 44 31 19 9 34 43 38 42 18 45 26 45 39 47 34 55 54 41 29 18 43 53 25 10 23 3 31 24 24 11 32 34 20 7 5 19 31 16 22 21 52 6 32 21 34 50 38 27 26 26 45 17 20 24 33 7 14 17 15 8 15 26 10 10 13 26 35 31 21 41 34 22 12 6 28 34 28 24 12 4 21 25 13 7 17 8 21 8 36 27 36 56 45 34 34 30 50 28 26 38 19 12 17 22 29 22 20 41 42 29 16 6 29 40 30 30 16 3 8 17 27 46 33 22 12 38 45 45 32 26 36 54 20 17 23 41 16 10 27 50 20 34 
50 31 19 30 42 25 18 47 37 31 48 32 23 21 19 36 34 35 28 27 46 26 28 47 43 34 53 41 31 25 18 41 43 5 30 31 20 10 41 24 22 34 18 9 14 20 25 19 16 12 7 33 19 15 1 22 30 18 9 16 9 26 37 38 18 53 25 34 32 5 18 31 41 31 10 29 8 51 35 32 45 24 19 23 26 36 28 13 44 19 24 28 6 7 20 29 22 8 12 17 8 20 36 25 17 22 11 30 41 44 50 22 27 37 42 44 29 24 41 27 17 14 14 29 29 34 14 8 17 24 26 17 35 27 24 22 40 38 26 12 7 23 36 1 12 14 23 24 16 10 20 69 25 
26 17 7 34 26 23 15 40 16 20 26 9 3 17 26 19 9 14 10 25 25 14 17 35 19 15 29 19 6 8 16 18 18 21 44 25 32 27 43 14 26 18 11 16 28 38 20 5 40 13 32 45 29 14 23 4 33 30 32 41 16 26 44 55 44 62 35 48 34 27 38 50 61 41 26 33 17 48 21 29 28 0 13 27 36 26 6 37 51 23 36 23 20 28 39 50 29 17 28 21 28 12 41 37 38 46 22 34 37 47 41 18 31 45 54 42 22 18 19 11 7 18 29 14 6 21 12 20 31 42 24 8 11 4 16 25 22 12 24 21 29 7 26 26 36 12 17 46 24 16 34 25 40 
