28 8
30 43 11 22 24 49 27 38 4 31 10 43 34 42 59 42 86 65 24 20 47 29 13 62 56 48 20 69 
43 77 38 34 45 7 29 15 45 47 47 9 43 4 31 10 43 34 37 45 4 32 32 29 51 14 26 34 
11 38 8 28 14 44 32 38 15 40 8 41 42 38 60 35 82 66 31 10 43 34 17 62 62 41 21 68 
22 34 28 63 42 41 6 22 21 15 32 29 14 30 38 38 71 45 4 39 38 6 10 43 34 45 10 49 
24 45 14 42 21 49 45 48 27 54 15 49 56 46 71 38 87 76 45 4 49 48 31 72 76 43 34 77 
49 7 44 41 49 86 36 21 51 54 52 15 50 10 34 10 38 36 44 49 4 40 39 31 57 10 33 34 
27 29 32 6 45 36 69 16 26 18 37 23 15 25 32 35 65 38 8 42 33 4 14 36 31 41 10 43 
38 15 38 22 48 21 16 86 38 34 45 7 29 11 22 24 49 27 24 46 17 19 25 24 37 29 18 30 
4 45 15 21 27 51 26 38 22 28 14 44 32 43 58 44 87 65 22 24 49 27 13 62 54 51 20 69 
31 47 40 15 54 54 18 34 28 45 42 41 6 44 43 53 81 50 11 50 51 14 24 49 27 60 25 56 
10 47 8 32 15 52 37 45 14 42 48 49 45 46 67 43 90 73 35 11 51 39 22 69 67 49 27 76 
43 9 41 29 49 15 23 7 44 41 49 99 36 5 22 19 43 27 31 48 11 26 30 22 42 24 24 27 
34 43 42 14 56 50 15 29 32 6 45 36 55 39 36 50 75 43 10 52 47 11 24 43 22 56 24 49 
42 4 38 30 46 10 25 11 43 44 46 5 39 77 28 14 44 32 34 45 7 29 30 27 47 18 24 32 
59 31 60 38 71 34 32 22 58 43 67 22 36 28 68 42 41 6 38 69 31 32 45 7 29 45 39 12 
42 10 35 38 38 10 35 24 44 53 43 19 50 14 42 90 49 45 42 38 12 39 34 40 61 7 29 44 
86 43 82 71 87 38 65 49 87 81 90 43 75 44 41 49 14 36 73 87 38 67 74 34 70 45 67 29 
65 34 66 45 76 36 38 27 65 50 73 27 43 32 6 45 36 58 45 74 33 38 51 5 34 47 45 7 
24 37 31 4 45 44 8 24 22 11 35 31 10 34 38 42 73 45 56 42 41 6 14 44 32 49 14 50 
20 45 10 39 4 49 42 46 24 50 11 48 52 45 69 38 87 74 42 28 49 45 28 70 73 44 32 76 
47 4 43 38 49 4 33 17 49 51 51 11 47 7 31 12 38 33 41 49 88 36 37 28 53 14 30 32 
29 32 34 6 48 40 4 19 27 14 39 26 11 29 32 39 67 38 6 45 36 64 17 37 28 45 14 44 
13 32 17 10 31 39 14 25 13 24 22 30 24 30 45 34 74 51 14 28 37 17 84 49 45 41 6 55 
62 29 62 43 72 31 36 24 62 49 69 22 43 27 7 40 34 5 44 70 28 37 49 82 36 42 42 6 
56 51 62 34 76 57 31 37 54 27 67 42 22 47 29 61 70 34 32 73 53 28 45 36 13 66 42 41 
48 14 41 45 43 10 41 29 51 60 49 24 56 18 45 7 45 47 49 44 14 45 41 42 66 98 36 45 
20 26 21 10 34 33 10 18 20 25 27 24 24 24 39 29 67 45 14 32 30 14 6 42 42 36 90 49 
69 34 68 49 77 34 43 30 69 56 76 27 49 32 12 44 29 7 50 76 32 44 55 6 41 45 49 72 
