78 13
61 48 44 32 29 16 14 23 22 45 31 6 18 27 23 27 24 21 32 31 40 13 33 63 42 36 34 32 39 38 62 45 21 28 21 42 38 50 49 71 35 33 47 9 13 0 1 23 41 18 11 15 6 6 17 40 23 24 38 36 52 7 30 33 32 48 10 26 46 61 10 38 60 9 37 32 46 8 
48 37 21 39 44 37 36 41 40 38 29 49 30 46 62 69 68 66 71 70 62 54 80 27 23 27 24 21 32 31 40 13 33 19 26 45 41 53 52 60 14 50 66 47 48 47 47 32 51 61 54 55 54 53 38 56 68 58 66 65 62 40 71 63 62 58 40 69 71 71 41 75 69 41 74 31 67 53 
44 21 54 50 53 28 30 28 27 17 40 42 25 30 64 70 57 57 58 58 45 54 71 18 39 41 9 11 12 11 22 32 23 23 27 24 21 32 31 40 13 33 76 48 50 43 44 21 63 61 54 56 49 50 28 67 67 45 49 48 42 38 58 47 47 38 40 58 53 50 34 60 48 34 60 14 49 52 
32 39 50 46 6 37 33 47 45 61 9 38 32 53 30 37 57 53 65 63 69 27 63 64 18 12 44 40 54 52 72 28 39 27 25 63 58 72 71 88 36 59 27 24 21 32 31 40 13 33 29 27 36 35 40 17 39 55 68 67 77 27 62 64 63 73 23 59 76 87 36 71 85 34 69 48 75 31 
29 44 53 6 54 37 33 47 45 63 15 36 33 52 24 30 53 49 62 60 68 22 58 69 25 18 47 43 56 54 75 34 39 30 27 64 59 73 72 90 40 59 23 21 17 29 28 41 12 27 24 21 32 31 40 13 33 53 67 65 78 25 59 62 61 73 21 55 75 87 35 68 86 33 66 49 74 27 
16 37 28 37 37 49 4 9 8 28 32 13 7 15 38 43 30 29 34 33 31 28 43 47 39 36 18 18 23 22 45 39 5 20 15 27 23 36 35 55 23 21 59 23 26 15 16 7 50 34 27 30 21 22 2 50 39 21 32 31 40 13 33 28 27 35 17 31 39 49 6 38 48 6 37 16 38 24 
14 36 30 33 33 4 43 14 12 32 28 13 5 19 35 40 32 30 37 36 36 25 44 49 36 32 20 18 26 25 48 36 7 17 12 31 27 40 39 59 22 26 54 19 23 13 14 9 45 31 24 27 19 20 6 46 37 24 36 35 44 9 35 32 31 40 13 33 43 54 5 41 52 5 40 19 42 22 
23 41 28 47 47 9 14 65 1 22 41 18 15 5 46 50 29 30 30 30 23 36 43 46 48 45 18 20 18 18 41 46 9 27 24 19 15 27 26 47 27 12 68 31 35 23 24 9 59 41 34 38 27 28 7 60 46 17 24 23 30 22 30 21 20 26 27 30 31 40 13 33 38 14 32 13 29 31 
22 40 27 45 45 8 12 1 62 23 40 17 14 7 45 49 29 30 31 30 24 35 43 46 46 43 18 19 19 18 41 44 8 25 22 20 16 28 27 48 26 13 67 30 34 21 23 8 58 40 33 37 26 27 5 58 45 18 26 24 32 21 31 22 21 27 25 30 32 41 12 34 40 13 33 13 30 30 
45 38 17 61 63 28 32 22 23 80 53 41 30 21 67 72 50 51 48 48 30 57 64 29 54 54 16 21 7 8 18 48 24 34 36 8 7 15 13 27 27 21 85 51 55 44 45 23 74 63 56 59 49 50 27 76 68 36 36 35 24 42 49 35 35 21 45 50 38 32 34 49 31 35 49 13 33 53 
31 29 40 9 15 32 28 41 40 53 27 36 26 47 36 43 56 53 63 62 64 30 64 54 11 5 36 31 45 44 63 18 32 18 18 55 51 65 63 79 27 53 37 26 24 31 30 33 23 38 32 31 36 35 34 27 44 52 65 63 71 24 61 61 59 66 21 58 72 80 32 68 79 31 67 40 70 33 
6 49 42 38 36 13 13 18 17 41 36 67 18 21 28 31 20 17 26 25 33 19 30 61 46 41 32 31 36 36 59 48 18 30 24 37 34 45 44 66 36 27 53 15 20 6 7 20 48 23 16 21 8 9 14 46 27 17 31 30 46 11 24 27 25 42 15 21 39 55 8 32 54 8 31 30 40 13 
18 30 25 32 33 7 5 15 14 30 26 18 96 21 39 44 37 36 41 40 38 29 49 44 32 29 16 14 23 22 45 31 6 12 8 30 26 40 38 57 17 27 55 22 25 18 18 7 45 36 28 30 25 25 9 47 42 29 39 38 45 13 40 36 34 40 15 38 46 54 11 46 53 10 44 16 44 26 
27 46 30 53 52 15 19 5 7 21 47 21 21 88 50 53 28 30 28 27 17 40 42 48 53 50 22 24 19 20 40 51 15 32 29 16 14 23 22 45 31 6 73 36 40 27 28 15 65 45 38 42 30 31 12 65 49 15 19 18 25 27 28 17 16 21 32 28 25 34 18 30 33 19 29 16 23 35 
23 62 64 30 24 38 35 46 45 67 36 28 39 50 65 6 37 33 47 45 61 9 38 82 48 41 55 52 61 61 84 55 43 44 38 65 61 73 72 94 53 55 29 16 14 23 22 45 31 6 11 8 20 19 40 27 9 44 58 56 74 26 44 53 52 70 23 40 66 83 33 54 82 32 52 55 67 15 
27 69 70 37 30 43 40 50 49 72 43 31 44 53 6 59 37 33 47 45 63 15 36 88 54 48 60 58 66 66 89 61 48 50 44 69 66 77 76 98 59 59 32 22 20 27 26 50 37 9 16 14 23 22 45 31 6 45 59 58 77 31 44 55 53 73 29 39 67 86 37 53 85 36 52 60 69 18 
24 68 57 57 53 30 32 29 29 50 56 20 37 28 37 37 32 4 9 8 28 32 13 76 66 61 48 48 48 48 69 68 35 49 43 44 42 48 48 71 54 30 67 32 36 25 26 36 65 31 29 33 21 22 30 62 31 14 23 22 45 31 6 19 18 42 34 2 30 52 26 16 51 27 14 43 33 26 
21 66 57 53 49 29 30 30 30 51 53 17 36 30 33 33 4 28 14 12 32 28 13 76 63 58 47 48 49 49 70 66 34 48 41 46 44 51 50 73 53 32 62 28 32 21 23 36 61 27 25 29 17 18 29 58 27 16 27 26 48 29 10 23 22 45 31 6 34 55 25 20 54 25 19 43 37 22 
32 71 58 65 62 34 37 30 31 48 63 26 41 28 47 47 9 14 47 1 22 41 18 76 72 68 49 50 48 48 67 73 38 54 49 41 40 44 43 66 57 27 76 41 45 32 34 39 73 41 38 43 29 31 33 71 41 13 16 15 38 38 3 14 13 36 42 7 22 45 31 6 44 33 4 44 26 35 
31 70 58 63 60 33 36 30 30 48 62 25 40 27 45 45 8 12 1 44 23 40 17 75 71 66 48 50 47 48 67 72 37 53 48 41 40 44 44 67 56 27 75 39 43 31 32 38 72 39 37 41 28 29 32 69 39 12 17 16 39 37 1 14 14 37 40 6 23 46 30 8 45 31 6 43 27 33 
40 62 45 69 68 31 36 23 24 30 64 33 38 17 61 63 28 32 22 23 90 53 41 59 71 68 38 41 32 33 48 68 32 50 47 22 23 22 22 44 48 12 87 49 53 39 41 32 80 55 50 54 40 42 29 80 57 17 6 7 16 42 24 9 10 14 47 27 8 23 33 20 22 34 20 31 6 46 
13 54 54 27 22 28 25 36 35 57 30 19 29 40 9 15 32 28 41 40 53 63 36 73 42 35 45 43 52 51 74 48 33 35 28 55 52 64 62 84 44 46 35 6 6 13 12 35 32 7 3 1 12 10 30 29 14 36 50 48 65 16 39 45 44 61 14 34 58 74 23 48 73 22 46 45 59 6 
33 80 71 63 58 43 44 43 43 64 64 30 49 42 38 36 13 13 18 17 41 36 13 89 75 69 61 61 62 62 83 78 48 61 54 57 56 62 61 84 66 44 68 38 41 33 34 49 69 32 34 37 28 29 43 65 29 27 35 34 57 41 16 32 31 54 43 14 41 63 38 23 62 38 22 56 45 31 
63 27 18 64 69 47 49 46 46 29 54 61 44 48 82 88 76 76 76 75 59 73 89 42 50 53 28 30 28 27 17 40 42 39 44 37 36 41 40 38 29 49 92 66 68 62 62 40 77 80 72 74 68 69 47 82 86 63 65 64 52 57 76 64 63 50 59 76 67 58 53 77 56 53 77 32 62 70 
42 23 39 18 25 39 36 48 46 54 11 46 32 53 48 54 66 63 72 71 71 42 75 50 78 6 37 33 47 45 61 9 38 21 24 58 54 68 66 79 27 59 44 37 36 41 40 38 29 49 43 42 47 46 41 35 56 61 72 70 75 34 71 68 67 71 32 68 79 84 41 77 83 39 76 43 77 44 
36 27 41 12 18 36 32 45 43 54 5 41 29 50 41 48 61 58 68 66 68 35 69 53 6 89 37 33 47 45 63 15 36 20 21 58 53 67 66 80 27 57 39 31 29 36 35 36 24 42 37 36 41 40 38 29 49 56 69 67 74 29 66 65 63 69 26 63 76 83 36 73 82 35 72 42 74 38 
34 24 9 44 47 18 20 18 18 16 36 32 16 22 55 60 48 47 49 48 38 45 61 28 37 37 75 4 9 8 28 32 13 17 20 21 17 30 28 43 11 26 70 39 42 34 34 11 58 52 44 47 40 40 18 61 58 36 41 40 38 29 49 39 38 34 32 48 46 47 24 52 45 25 51 6 43 42 
32 21 11 40 43 18 18 20 19 21 31 31 14 24 52 58 48 48 50 50 41 43 61 30 33 33 4 72 14 12 32 28 13 13 16 25 21 34 33 47 7 29 66 36 39 32 32 11 54 50 42 44 38 39 18 57 56 37 44 43 42 27 50 41 40 38 29 49 49 51 23 54 50 23 53 10 46 40 
39 32 12 54 56 23 26 18 19 7 45 36 23 19 61 66 48 49 48 47 32 52 62 28 47 47 9 14 83 1 22 41 18 27 29 12 9 21 19 34 20 21 79 45 49 39 40 16 67 57 50 53 44 45 22 69 63 35 37 36 30 35 48 36 35 26 39 48 40 38 29 49 37 30 48 6 36 48 
38 31 11 52 54 22 25 18 18 8 44 36 22 20 61 66 48 49 48 48 33 51 62 27 45 45 8 12 1 81 23 40 17 25 27 14 10 22 21 35 19 22 77 44 48 38 39 16 66 57 49 52 44 44 21 68 62 35 38 37 31 34 48 36 36 27 38 48 41 40 28 50 38 29 49 6 37 47 
62 40 22 72 75 45 48 41 41 18 63 59 45 40 84 89 69 70 67 67 48 74 83 17 61 63 28 32 22 23 77 53 41 45 48 26 26 27 26 21 35 39 98 67 70 61 62 39 85 80 73 75 67 67 44 89 85 55 54 53 37 57 68 54 54 36 61 69 54 41 51 67 40 52 67 29 49 70 
45 13 32 28 34 39 36 46 44 48 18 48 31 51 55 61 68 66 73 72 68 48 78 40 9 15 32 28 41 40 53 58 36 19 24 53 49 63 61 72 21 56 54 42 42 44 44 36 39 55 49 48 51 50 40 44 62 61 70 69 71 37 72 67 66 67 36 69 77 80 41 78 78 40 76 38 74 49 
21 33 23 39 39 5 7 9 8 24 32 18 6 15 43 48 35 34 38 37 32 33 48 42 38 36 13 13 18 17 41 36 98 17 14 24 20 33 32 52 19 21 61 27 30 20 21 2 51 39 31 34 26 27 5 53 44 24 34 32 38 17 37 30 29 34 20 36 40 48 11 41 46 11 40 11 38 29 
28 19 23 27 30 20 17 27 25 34 18 30 12 32 44 50 49 48 54 53 50 35 61 39 21 20 17 13 27 25 45 19 17 100 6 37 33 47 45 61 9 38 53 28 30 28 27 17 40 42 35 36 34 34 21 44 49 41 51 50 54 21 53 48 47 50 21 51 58 63 23 58 62 22 57 22 56 34 
21 26 27 25 27 15 12 24 22 36 18 24 8 29 38 44 43 41 49 48 47 28 54 44 24 21 20 16 29 27 48 24 14 6 107 37 33 47 45 63 15 36 50 22 24 21 21 15 38 36 28 30 28 27 17 40 42 37 48 46 53 14 47 44 42 48 14 45 55 62 17 53 61 16 52 22 53 27 
42 45 24 63 64 27 31 19 20 8 55 37 30 16 65 69 44 46 41 41 22 55 57 37 58 58 21 25 12 14 26 53 24 37 37 57 4 9 8 28 32 13 86 50 54 42 43 23 76 60 53 57 46 47 25 77 65 30 28 27 17 40 42 27 27 13 45 43 29 26 32 41 24 33 41 15 25 50 
38 41 21 58 59 23 27 15 16 7 51 34 26 14 61 66 42 44 40 40 23 52 56 36 54 53 17 21 9 10 26 49 20 33 33 4 60 14 12 32 28 13 82 46 50 38 39 18 71 57 50 53 43 43 21 73 61 28 29 28 21 36 41 28 27 17 40 42 31 30 28 41 28 29 41 11 27 47 
50 53 32 72 73 36 40 27 28 15 65 45 40 23 73 77 48 51 44 44 22 64 62 41 68 67 30 34 21 22 27 63 33 47 47 9 14 56 1 22 41 18 95 59 63 50 51 32 85 68 62 66 53 55 34 86 72 34 28 29 10 49 46 30 30 9 54 48 27 17 40 42 16 42 42 25 22 58 
49 52 31 71 72 35 39 26 27 13 63 44 38 22 72 76 48 50 43 44 22 62 61 40 66 66 28 33 19 21 26 61 32 45 45 8 12 1 55 23 40 17 94 57 61 49 50 31 84 67 60 64 52 53 32 85 71 34 28 28 11 48 45 29 30 9 52 47 28 19 39 42 17 40 42 23 22 57 
71 60 40 88 90 55 59 47 48 27 79 66 57 45 94 98 71 73 66 67 44 84 84 38 79 80 43 47 34 35 21 72 52 61 63 28 32 22 23 35 53 41 113 78 82 70 72 50 101 89 82 86 75 76 53 104 93 57 50 51 28 69 68 52 53 30 72 70 48 28 61 64 27 62 64 40 42 79 
35 14 13 36 40 23 22 27 26 27 27 36 17 31 53 59 54 53 57 56 48 44 66 29 27 27 11 7 20 19 35 21 19 9 15 32 28 41 40 53 81 36 63 37 39 35 35 17 50 51 44 45 41 41 24 53 57 44 51 50 50 28 56 48 47 46 30 55 57 58 28 60 57 27 59 17 54 42 
33 50 33 59 59 21 26 12 13 21 53 27 27 6 55 59 30 32 27 27 12 46 44 49 59 57 26 29 21 22 39 56 21 38 36 13 13 18 17 41 36 85 79 42 46 32 34 21 71 50 44 48 35 36 19 71 53 16 16 15 19 33 28 14 14 14 38 30 20 28 24 28 27 25 27 19 17 40 
47 66 76 27 23 59 54 68 67 85 37 53 55 73 29 32 67 62 76 75 87 35 68 92 44 39 70 66 79 77 98 54 61 53 50 86 82 95 94 113 63 79 13 37 33 47 45 63 15 36 37 33 47 45 61 9 38 71 85 83 98 45 73 80 79 94 41 69 93 108 55 83 106 53 81 72 93 41 
9 47 48 24 21 23 19 31 30 51 26 15 22 36 16 22 32 28 41 39 49 6 38 66 37 31 39 36 45 44 67 42 27 28 22 50 46 59 57 78 37 42 37 75 4 9 8 28 32 13 6 8 11 10 24 31 20 33 47 45 61 9 38 43 41 56 7 34 55 70 18 47 69 16 45 38 55 7 
13 48 50 21 17 26 23 35 34 55 24 20 25 40 14 20 36 32 45 43 53 6 41 68 36 29 42 39 49 48 70 42 30 30 24 54 50 63 61 82 39 46 33 4 67 14 12 32 28 13 8 6 15 14 28 26 20 37 52 50 65 13 42 47 45 61 9 38 60 75 22 51 73 20 49 42 60 10 
0 47 43 32 29 15 13 23 21 44 31 6 18 27 23 27 25 21 32 31 39 13 33 62 41 36 34 32 39 38 61 44 20 28 21 42 38 50 49 70 35 32 47 9 14 95 1 22 41 18 11 15 6 6 17 40 24 24 37 36 51 7 30 33 31 47 9 26 45 61 9 38 59 9 37 32 46 8 
1 47 44 31 28 16 14 24 23 45 30 7 18 28 22 26 26 23 34 32 41 12 34 62 40 35 34 32 40 39 62 44 21 27 21 43 39 51 50 72 35 34 45 8 12 1 91 23 40 17 10 14 7 6 18 39 23 25 39 37 53 6 31 35 33 49 8 28 47 62 10 40 61 9 38 33 47 8 
23 32 21 40 41 7 9 9 8 23 33 20 7 15 45 50 36 36 39 38 32 35 49 40 38 36 11 11 16 16 39 36 2 17 15 23 18 32 31 50 17 21 63 28 32 22 23 122 53 41 33 36 28 29 6 54 46 26 34 33 37 19 38 31 30 33 22 37 40 47 13 42 45 13 41 9 38 31 
41 51 63 13 12 50 45 59 58 74 23 48 45 65 31 37 65 61 73 72 80 32 69 77 29 24 58 54 67 66 85 39 51 40 38 76 71 85 84 101 50 71 15 32 28 41 40 53 19 36 35 31 44 42 52 6 41 65 79 78 90 37 71 75 73 85 33 67 87 99 47 79 98 45 78 61 87 38 
18 61 61 33 27 34 31 41 40 63 38 23 36 45 6 9 31 27 41 39 55 7 32 80 49 42 52 50 57 57 80 55 39 42 36 60 57 68 67 89 51 50 36 13 13 18 17 41 36 77 7 6 14 13 36 32 6 37 51 50 69 23 37 47 45 65 21 33 59 77 28 47 76 27 45 51 61 9 
11 54 54 29 24 27 24 34 33 56 32 16 28 38 11 16 29 25 38 37 50 3 34 72 43 37 44 42 50 49 73 49 31 35 28 53 50 62 60 82 44 44 37 6 8 11 10 33 35 7 75 4 9 8 28 32 13 33 47 45 63 15 36 43 41 59 14 31 55 72 21 45 71 20 43 43 56 3 
15 55 56 27 21 30 27 38 37 59 31 21 30 42 8 14 33 29 43 41 54 1 37 74 42 36 47 44 53 52 75 48 34 36 30 57 53 66 64 86 45 48 33 8 6 15 14 36 31 6 4 66 14 12 32 28 13 37 51 50 67 17 40 47 45 63 15 36 60 76 25 49 75 24 48 46 61 8 
6 54 49 36 32 21 19 27 26 49 36 8 25 30 20 23 21 17 29 28 40 12 28 68 47 41 40 38 44 44 67 51 26 34 28 46 43 53 52 75 41 35 47 11 15 6 7 28 44 14 9 14 95 1 22 41 18 23 37 36 54 13 27 33 31 50 15 23 45 63 15 36 61 15 34 38 47 6 
6 53 50 35 31 22 20 28 27 50 35 9 25 31 19 22 22 18 31 29 42 10 29 69 46 40 40 39 45 44 67 50 27 34 27 47 43 55 53 76 41 36 45 10 14 6 6 29 42 13 8 12 1 91 23 40 17 25 39 37 55 13 28 34 33 51 14 24 47 64 16 37 63 15 36 38 48 4 
17 38 28 40 40 2 6 7 5 27 34 14 9 12 40 45 30 29 33 32 29 30 43 47 41 38 18 18 22 21 44 40 5 21 17 25 21 34 32 53 24 19 61 24 28 17 18 6 52 36 28 32 22 23 126 53 41 20 30 29 37 15 32 26 25 33 19 31 37 47 7 37 45 8 36 15 36 26 
40 56 67 17 13 50 46 60 58 76 27 46 47 65 27 31 62 58 71 69 80 29 65 82 35 29 61 57 69 68 89 44 53 44 40 77 73 86 85 104 53 71 9 31 26 40 39 54 6 32 32 28 41 40 53 31 36 64 78 77 90 37 68 74 72 86 33 64 86 100 47 77 98 45 76 63 86 36 
23 68 67 39 33 39 37 46 45 68 44 27 42 49 9 6 31 27 41 39 57 14 29 86 56 49 58 56 63 62 85 62 44 49 42 65 61 72 71 93 57 53 38 20 20 24 23 46 41 6 13 13 18 17 41 36 72 40 53 51 72 29 37 49 47 68 27 33 61 80 33 47 79 33 45 56 63 15 
24 58 45 55 53 21 24 17 18 36 52 17 29 15 44 45 14 16 13 12 17 36 27 63 61 56 36 37 35 35 55 61 24 41 37 30 28 34 34 57 44 16 71 33 37 24 25 26 65 37 33 37 23 25 20 64 40 8 14 12 32 28 13 9 8 28 32 13 22 40 20 17 39 21 15 30 23 29 
38 66 49 68 67 32 36 24 26 36 65 31 39 19 58 59 23 27 16 17 6 50 35 65 72 69 41 44 37 38 54 70 34 51 48 28 29 28 28 50 51 16 85 47 52 37 39 34 79 51 47 51 37 39 30 78 53 14 19 1 22 41 18 4 6 20 46 22 8 28 32 13 27 34 14 35 10 43 
36 65 48 67 65 31 35 23 24 35 63 30 38 18 56 58 22 26 15 16 7 48 34 64 70 67 40 43 36 37 53 69 32 50 46 27 28 29 28 51 50 15 83 45 50 36 37 33 78 50 45 50 36 37 29 77 51 12 1 16 23 40 17 2 4 21 44 21 9 30 31 13 28 32 13 34 11 42 
52 62 42 77 78 40 44 30 32 24 71 46 45 25 74 77 45 48 38 39 16 65 57 52 75 74 38 42 30 31 37 71 38 54 53 17 21 10 11 28 50 19 98 61 65 51 53 37 90 69 63 67 54 55 37 90 72 32 22 23 57 53 41 25 26 4 57 44 19 9 43 36 8 45 36 32 13 59 
7 40 38 27 25 13 9 22 21 42 24 11 13 27 26 31 31 29 38 37 42 16 41 57 34 29 29 27 35 34 57 37 17 21 14 40 36 49 48 69 28 33 45 9 13 7 6 19 37 23 15 17 13 13 15 37 29 28 41 40 53 65 36 37 36 48 4 33 49 62 9 44 61 8 42 28 49 13 
30 71 58 62 59 33 35 30 31 49 61 24 40 28 44 44 6 10 3 1 24 39 16 76 71 66 49 50 48 48 68 72 37 53 47 42 41 46 45 68 56 28 73 38 42 30 31 38 71 37 36 40 27 28 32 68 37 13 18 17 41 36 27 16 15 38 40 4 25 47 30 9 46 31 8 44 28 32 
33 63 47 64 62 28 32 21 22 35 61 27 36 17 53 55 19 23 14 14 9 45 32 64 68 65 39 41 36 36 54 67 30 48 44 27 28 30 29 52 48 14 80 43 47 33 35 31 75 47 43 47 33 34 26 74 49 9 4 2 25 37 16 28 1 22 41 18 12 32 28 13 31 30 13 33 14 39 
32 62 47 63 61 27 31 20 21 35 59 25 34 16 52 53 18 22 13 14 10 44 31 63 67 63 38 40 35 36 54 66 29 47 42 27 27 30 30 53 47 14 79 41 45 31 33 30 73 45 41 45 31 33 25 72 47 8 6 4 26 36 15 1 25 23 40 17 14 33 27 13 32 28 13 32 15 37 
48 58 38 73 73 35 40 26 27 21 66 42 40 21 70 73 42 45 36 37 14 61 54 50 71 69 34 38 26 27 36 67 34 50 48 13 17 9 9 30 46 14 94 56 61 47 49 33 85 65 59 63 50 51 33 86 68 28 20 21 4 48 38 22 23 64 53 41 18 14 39 34 12 40 34 28 13 55 
10 40 40 23 21 17 13 27 25 45 21 15 15 32 23 29 34 31 42 40 47 14 43 59 32 26 32 29 39 38 61 36 20 21 14 45 40 54 52 72 30 38 41 7 9 9 8 22 33 21 14 15 15 14 19 33 27 32 46 44 57 4 40 41 40 53 57 36 53 66 14 48 65 12 46 32 53 13 
26 69 58 59 55 31 33 30 30 50 58 21 38 28 40 39 2 6 7 6 27 34 14 76 68 63 48 49 48 48 69 69 36 51 45 43 42 48 47 70 55 30 69 34 38 26 28 37 67 33 31 36 23 24 31 64 33 13 22 21 44 33 4 18 17 41 36 26 29 51 28 14 50 28 12 43 32 28 
46 71 53 76 75 39 43 31 32 38 72 39 46 25 66 67 30 34 22 23 8 58 41 67 79 76 46 49 40 41 54 77 40 58 55 29 31 27 28 48 57 20 93 55 60 45 47 40 87 59 55 60 45 47 37 86 61 22 8 9 19 49 25 12 14 18 53 29 3 23 40 17 22 41 18 40 5 51 
61 71 50 87 87 49 54 40 41 32 80 55 54 34 83 86 52 55 45 46 23 74 63 58 84 83 47 51 38 40 41 80 48 63 62 26 30 17 19 28 58 28 108 70 75 61 62 47 99 77 72 76 63 64 47 100 80 40 28 30 9 62 47 32 33 14 66 51 23 45 53 41 1 54 41 41 18 68 
10 41 34 36 35 6 5 13 12 34 32 8 11 18 33 37 26 25 31 30 33 23 38 53 41 36 24 23 29 28 51 41 11 23 17 32 28 40 39 61 28 24 55 18 22 9 10 13 47 28 21 25 15 16 7 47 33 20 32 31 43 9 30 28 27 39 14 28 40 53 83 36 51 1 35 22 39 18 
38 75 60 71 68 38 41 33 34 49 68 32 46 30 54 53 16 20 6 8 20 48 23 77 77 73 52 54 49 50 67 78 41 58 53 41 41 42 42 64 60 28 83 47 51 38 40 42 79 47 45 49 36 37 37 77 47 17 13 13 36 44 9 13 13 34 48 14 17 41 36 37 40 38 1 46 22 41 
60 69 48 85 86 48 52 38 40 31 79 54 53 33 82 85 51 54 44 45 22 73 62 56 83 82 45 50 37 38 40 78 46 62 61 24 28 16 17 27 57 27 106 69 73 59 61 45 98 76 71 75 61 63 45 98 79 39 27 28 8 61 46 31 32 12 65 50 22 1 51 40 46 53 41 40 17 67 
9 41 34 34 33 6 5 14 13 35 31 8 10 19 32 36 27 25 33 31 34 22 38 53 39 35 25 23 30 29 52 40 11 22 16 33 29 42 40 62 27 25 53 16 20 9 9 13 45 27 20 24 15 15 8 45 33 21 34 32 45 8 31 30 28 40 12 28 41 54 1 38 53 80 36 23 41 17 
37 74 60 69 66 37 40 32 33 49 67 31 44 29 52 52 14 19 4 6 20 46 22 77 76 72 51 53 48 49 67 76 40 57 52 41 41 42 42 64 59 27 81 45 49 37 38 41 78 45 43 48 34 36 36 76 45 15 14 13 36 42 8 13 13 34 46 12 18 41 35 1 41 36 35 45 23 40 
32 31 14 48 49 16 19 13 13 13 40 30 16 16 55 60 43 43 44 43 31 45 56 32 43 42 6 10 6 6 29 38 11 22 22 15 11 25 23 40 17 19 72 38 42 32 33 9 61 51 43 46 38 38 15 63 56 30 35 34 32 28 44 33 32 28 32 43 40 41 22 46 40 23 45 106 36 41 
46 67 49 75 74 38 42 29 30 33 70 40 44 23 67 69 33 37 26 27 6 59 45 62 77 74 43 46 36 37 49 74 38 56 53 25 27 22 22 42 54 17 93 55 60 46 47 38 87 61 56 61 47 48 36 86 63 23 10 11 13 49 28 14 15 13 53 32 5 18 39 22 17 41 23 36 82 53 
8 53 52 31 27 24 22 31 30 53 33 13 26 35 15 18 26 22 35 33 46 6 31 70 44 38 42 40 48 47 70 49 29 34 27 50 47 58 57 79 42 40 41 7 10 8 8 31 38 9 3 8 6 4 26 36 15 29 43 42 59 13 32 39 37 55 13 28 51 68 18 41 67 17 40 41 53 73 
