36 9
53 20 20 42 31 25 41 45 38 29 17 15 20 36 22 48 29 7 15 57 35 34 7 3 56 40 42 34 56 62 38 29 44 20 35 62 
20 77 11 49 48 45 31 50 26 14 24 35 38 16 24 29 17 15 20 36 22 28 19 18 36 32 55 49 48 65 59 26 55 17 48 53 
20 11 58 38 41 40 21 38 38 26 15 35 40 20 13 38 8 19 27 40 14 17 15 20 36 22 45 40 38 53 55 15 44 6 38 43 
42 49 38 34 27 35 35 6 75 63 26 47 56 56 25 76 38 47 57 73 40 29 35 45 64 32 15 20 36 22 47 24 9 32 14 42 
31 48 41 27 30 9 52 33 69 60 26 26 36 62 31 77 47 38 45 82 51 44 29 34 77 49 17 7 60 48 20 36 22 36 13 66 
25 45 40 35 9 40 54 41 64 55 27 17 26 60 32 74 47 33 38 80 52 46 26 29 77 52 26 17 65 57 15 39 31 36 22 71 
41 31 21 35 52 54 73 32 55 44 28 54 61 26 22 47 14 40 49 38 9 8 34 41 29 3 48 48 17 41 70 15 45 20 43 22 
45 50 38 6 33 41 32 44 77 65 29 52 61 55 26 76 38 50 60 71 38 27 38 48 62 29 21 26 31 17 53 24 15 32 20 36 
38 26 38 75 69 64 55 77 41 11 49 48 45 31 50 20 42 31 25 41 45 54 42 35 48 57 80 72 72 91 74 53 80 44 72 76 
29 14 26 63 60 55 44 65 11 41 38 41 40 21 38 20 30 21 19 36 34 42 31 25 41 45 69 62 61 80 67 41 69 32 61 65 
17 24 15 26 26 27 28 29 49 38 84 27 35 35 6 53 20 21 31 55 25 20 9 19 50 26 31 25 41 45 42 13 31 10 23 47 
15 35 35 47 26 17 54 52 48 41 27 62 9 52 33 61 43 20 22 72 49 47 20 17 71 53 42 32 68 69 25 41 45 34 36 74 
20 38 40 56 36 26 61 61 45 40 35 9 51 54 41 61 49 23 20 74 55 54 27 20 74 60 52 42 76 78 31 48 55 41 45 82 
36 16 20 56 62 60 26 55 31 21 35 52 54 82 32 21 17 31 36 20 17 28 34 35 20 29 65 61 42 67 74 31 63 25 58 45 
22 24 13 25 31 32 22 26 50 38 6 33 41 32 91 51 16 25 34 52 20 14 14 24 46 20 32 29 35 42 47 7 31 7 25 41 
48 29 38 76 77 74 47 76 20 20 53 61 61 21 51 23 38 41 40 21 38 49 48 45 31 50 84 78 62 88 87 51 83 44 77 65 
29 17 8 38 47 47 14 38 42 30 20 43 49 17 16 38 99 27 35 35 6 11 23 28 29 15 48 45 31 50 62 13 46 10 42 36 
7 15 19 47 38 33 40 50 31 21 21 20 23 31 25 41 27 97 9 52 33 35 11 4 51 40 49 41 56 67 45 31 50 21 42 62 
15 20 27 57 45 38 49 60 25 19 31 22 20 36 34 40 35 9 91 54 41 44 21 11 56 49 58 49 65 76 48 40 59 31 50 71 
57 36 40 73 82 80 38 71 41 36 55 72 74 20 52 21 35 52 54 62 32 43 54 55 11 42 84 81 49 79 95 48 81 45 77 50 
35 22 14 40 51 52 9 38 45 34 25 49 55 17 20 38 6 33 41 32 101 11 29 35 25 11 51 49 26 49 67 16 48 15 45 31 
34 28 17 29 44 46 8 27 54 42 20 47 54 28 14 49 11 35 44 43 11 76 27 35 35 6 41 40 21 38 62 7 38 13 36 27 
7 19 15 35 29 26 34 38 42 31 9 20 27 34 14 48 23 11 21 54 29 27 83 9 52 33 38 30 49 55 40 21 38 14 30 54 
3 18 20 45 34 29 41 48 35 25 19 17 20 35 24 45 28 4 11 55 35 35 9 81 54 41 46 38 57 65 41 30 47 21 38 63 
56 36 36 64 77 77 29 62 48 41 50 71 74 20 46 31 29 51 56 11 25 35 52 54 43 32 77 74 38 69 92 41 73 40 71 38 
40 32 22 32 49 52 3 29 57 45 26 53 60 29 20 50 15 40 49 42 11 6 33 41 32 77 45 45 16 38 67 13 41 19 40 21 
42 55 45 15 17 26 48 21 80 69 31 42 52 65 32 84 48 49 58 84 51 41 38 46 77 45 55 9 52 33 35 35 6 39 7 57 
34 49 40 20 7 17 48 26 72 62 25 32 42 61 29 78 45 41 49 81 49 40 30 38 74 45 9 71 54 41 27 33 14 35 6 60 
56 48 38 36 60 65 17 31 72 61 41 68 76 42 35 62 31 56 65 49 26 21 49 57 38 16 52 54 71 32 79 27 46 35 49 6 
62 65 53 22 48 57 41 17 91 80 45 69 78 67 42 88 50 67 76 79 49 38 55 65 69 38 33 41 32 12 68 38 27 47 35 35 
38 59 55 47 20 15 70 53 74 67 42 25 31 74 47 87 62 45 48 95 67 62 40 41 92 67 35 27 79 68 19 54 41 52 33 85 
29 26 15 24 36 39 15 24 53 41 13 41 48 31 7 51 13 31 40 48 16 7 21 30 41 13 35 33 27 38 54 104 32 9 29 33 
44 55 44 9 22 31 45 15 80 69 31 45 55 63 31 83 46 50 59 81 48 38 38 47 73 41 6 14 46 27 41 32 67 38 9 52 
20 17 6 32 36 36 20 32 44 32 10 34 41 25 7 44 10 21 31 45 15 13 14 21 40 19 39 35 35 47 52 9 38 109 32 41 
35 48 38 14 13 22 43 20 72 61 23 36 45 58 25 77 42 42 50 77 45 36 30 38 71 40 7 6 49 35 33 29 9 32 82 54 
62 53 43 42 66 71 22 36 76 65 47 74 82 45 41 65 36 62 71 50 31 27 54 63 38 21 57 60 6 35 85 33 52 41 54 65 
