36 9
26 2 20 2 20 3 1 1 6 7 3 7 18 12 14 9 4 1 20 15 5 13 9 5 0 8 13 10 2 10 15 15 19 9 3 10 
2 50 10 16 12 0 1 8 12 12 20 11 4 15 11 1 16 0 12 5 6 17 18 10 5 3 13 15 5 19 6 9 19 14 12 18 
20 10 13 10 14 2 8 20 5 11 9 5 16 14 20 2 5 9 18 19 14 10 3 4 15 6 7 20 13 10 6 18 9 17 20 8 
2 16 10 2 8 0 7 18 0 9 3 16 2 3 9 19 13 2 20 14 11 15 8 14 13 18 11 12 10 0 13 19 0 14 17 12 
20 12 14 8 35 3 4 9 10 19 15 20 1 7 9 3 8 8 1 4 6 5 16 4 20 2 9 11 11 0 14 11 3 19 14 11 
3 0 2 0 3 14 6 1 6 4 13 13 0 17 13 15 14 7 9 3 16 17 10 7 11 15 18 2 12 9 16 3 7 13 12 13 
1 1 8 7 4 6 20 15 0 17 12 1 17 15 15 7 2 11 18 1 15 11 13 19 4 10 17 3 16 5 5 8 18 17 1 12 
1 8 20 18 9 1 15 43 13 12 13 0 1 3 14 15 5 14 9 7 14 15 3 2 10 15 0 16 2 2 9 8 20 3 17 16 
6 12 5 0 10 6 0 13 49 5 3 18 13 7 11 4 3 6 10 15 16 0 6 14 18 3 6 3 18 15 14 14 5 1 20 4 
7 12 11 9 19 4 17 12 5 42 15 1 16 16 10 13 20 16 5 15 11 16 9 10 3 10 12 5 19 1 6 7 5 19 18 10 
3 20 9 3 15 13 12 13 3 15 67 8 0 14 19 8 15 17 14 16 5 6 15 12 10 3 8 15 6 18 16 9 10 0 5 6 
7 11 5 16 20 13 1 0 18 1 8 49 19 6 1 2 3 14 17 16 15 7 0 16 14 3 10 11 9 1 6 10 10 0 18 4 
18 4 16 2 1 0 17 1 13 16 0 19 26 16 8 10 3 4 10 2 6 13 10 15 5 20 8 4 4 19 8 17 15 20 7 0 
12 15 14 3 7 17 15 3 7 16 14 6 16 77 20 5 10 2 2 6 3 10 5 9 9 19 11 10 7 7 5 20 10 12 17 17 
14 11 20 9 9 13 15 14 11 10 19 1 8 20 87 0 16 8 0 3 5 18 5 12 9 19 15 1 15 7 18 5 12 13 1 2 
9 1 2 19 3 15 7 15 4 13 8 2 10 5 0 0 19 12 20 17 18 20 7 19 13 20 13 6 4 17 11 15 17 2 18 4 
4 16 5 13 8 14 2 5 3 20 15 3 3 10 16 19 28 3 20 18 7 6 18 8 13 13 12 11 4 12 2 14 6 3 7 11 
1 0 9 2 8 7 11 14 6 16 17 14 4 2 8 12 3 25 18 15 3 0 11 14 11 18 19 4 18 3 13 12 3 7 20 4 
20 12 18 20 1 9 18 9 10 5 14 17 10 2 0 20 20 18 81 2 8 20 19 20 16 9 13 3 8 17 19 8 4 6 12 4 
15 5 19 14 4 3 1 7 15 15 16 16 2 6 3 17 18 15 2 98 12 3 5 3 19 19 9 3 19 0 4 4 4 13 19 5 
5 6 14 11 6 16 15 14 16 11 5 15 6 3 5 18 7 3 8 12 55 10 9 9 6 18 18 18 7 15 8 13 16 12 18 1 
13 17 10 15 5 17 11 15 0 16 6 7 13 10 18 20 6 0 20 3 10 28 6 9 1 19 11 3 2 18 10 13 20 13 10 8 
9 18 3 8 16 10 13 3 6 9 15 0 10 5 5 7 18 11 19 5 9 6 70 0 4 19 11 10 3 6 18 0 12 5 19 3 
5 10 4 14 4 7 19 2 14 10 12 16 15 9 12 19 8 14 20 3 9 9 0 2 17 3 9 11 18 3 6 5 18 3 20 16 
0 5 15 13 20 11 4 10 18 3 10 14 5 9 9 13 13 11 16 19 6 1 4 17 53 2 14 13 2 10 18 10 6 10 10 14 
8 3 6 18 2 15 10 15 3 10 3 3 20 19 19 20 13 18 9 19 18 19 19 3 2 54 20 3 2 13 14 15 3 2 5 18 
13 13 7 11 9 18 17 0 6 12 8 10 8 11 15 13 12 19 13 9 18 11 11 9 14 20 4 10 13 1 10 10 0 2 0 19 
10 15 20 12 11 2 3 16 3 5 15 11 4 10 1 6 11 4 3 3 18 3 10 11 13 3 10 22 0 9 9 16 11 9 9 4 
2 5 13 10 11 12 16 2 18 19 6 9 4 7 15 4 4 18 8 19 7 2 3 18 2 2 13 0 78 13 7 20 5 16 8 14 
10 19 10 0 0 9 5 2 15 1 18 1 19 7 7 17 12 3 17 0 15 18 6 3 10 13 1 9 13 18 2 5 1 16 3 19 
15 6 6 13 14 16 5 9 14 6 16 6 8 5 18 11 2 13 19 4 8 10 18 6 18 14 10 9 7 2 98 4 19 10 9 12 
15 9 18 19 11 3 8 8 14 7 9 10 17 20 5 15 14 12 8 4 13 13 0 5 10 15 10 16 20 5 4 91 4 9 20 5 
19 19 9 0 3 7 18 20 5 5 10 10 15 10 12 17 6 3 4 4 16 20 12 18 6 3 0 11 5 1 19 4 12 9 18 2 
9 14 17 14 19 13 17 3 1 19 0 0 20 12 13 2 3 7 6 13 12 13 5 3 10 2 2 9 16 16 10 9 9 38 11 7 
3 12 20 17 14 12 1 17 20 18 5 18 7 17 1 18 7 20 12 19 18 10 19 20 10 5 0 9 8 3 9 20 18 11 20 14 
10 18 8 12 11 13 12 16 4 10 6 4 0 17 2 4 11 4 4 5 1 8 3 16 14 18 19 4 14 19 12 5 2 7 14 4 
