66 12
53 0 17 10 18 11 7 11 13 3 14 14 19 14 14 7 0 15 20 20 14 11 17 7 3 10 17 19 9 16 13 4 20 1 14 6 12 15 14 3 11 20 4 11 3 5 17 5 8 1 13 8 5 7 17 16 4 1 20 19 11 14 5 11 16 1 
0 29 3 20 0 5 1 11 14 19 4 19 8 14 11 10 17 14 8 9 14 9 11 11 13 18 6 5 18 14 5 12 1 6 8 13 13 11 20 11 1 9 6 0 18 6 1 10 12 11 1 5 11 11 5 10 13 12 9 6 3 5 12 16 4 12 
17 3 18 20 8 0 14 0 7 6 17 10 19 2 1 20 16 20 16 14 4 19 18 7 11 3 20 1 15 4 0 6 16 13 1 2 5 2 5 5 16 17 7 1 19 9 19 15 3 4 20 13 14 10 16 16 10 13 3 16 15 17 14 3 13 14 
10 20 20 79 9 7 6 4 15 7 7 11 5 7 19 18 10 5 13 11 5 4 2 12 4 20 14 11 10 19 20 12 2 11 11 10 5 8 9 13 13 8 19 18 16 14 18 9 20 6 9 1 6 18 2 17 15 15 11 3 19 8 11 16 6 3 
18 0 8 9 76 5 17 15 14 10 4 10 1 14 7 18 2 6 3 7 11 12 12 18 19 3 16 7 11 9 15 3 12 1 17 16 4 11 6 6 6 19 0 1 9 10 1 12 5 11 11 13 3 12 12 1 20 8 1 20 4 0 16 1 6 11 
11 5 0 7 5 71 9 16 3 18 0 5 19 9 8 19 9 2 10 3 15 20 1 3 0 18 20 18 10 15 0 17 20 5 10 0 14 10 19 19 9 3 1 9 15 17 6 6 15 14 7 0 15 13 7 13 3 7 2 13 5 10 2 2 13 8 
7 1 14 6 17 9 67 5 10 19 15 20 13 15 18 8 14 6 19 10 12 7 16 11 1 19 17 0 8 20 16 12 7 13 15 14 5 8 17 19 4 12 9 17 8 7 7 6 6 19 17 5 2 9 6 10 8 0 11 2 19 18 0 19 13 16 
11 11 0 4 15 16 5 30 12 19 16 0 10 0 1 3 8 2 20 10 8 17 9 4 7 15 14 3 1 13 9 14 19 3 7 18 11 19 4 13 18 16 1 19 1 15 1 1 3 4 2 11 6 17 11 14 10 20 3 5 9 5 11 9 17 20 
13 14 7 15 14 3 10 12 96 4 20 2 19 20 19 4 19 2 14 6 6 0 15 15 18 13 12 12 8 4 15 4 7 3 8 3 4 15 15 17 20 20 0 8 2 16 18 3 5 7 19 9 10 19 3 11 19 13 12 10 5 11 1 15 15 2 
3 19 6 7 10 18 19 19 4 82 0 11 14 1 8 10 8 11 18 16 20 11 1 18 19 20 8 2 0 18 18 1 13 14 15 11 8 10 4 19 8 16 5 20 20 19 18 9 9 3 14 18 18 20 16 4 11 20 19 3 1 12 10 2 7 3 
14 4 17 7 4 0 15 16 20 0 91 7 20 5 1 11 7 6 9 12 7 6 9 16 7 9 6 19 0 9 16 14 12 9 8 14 16 3 16 18 9 14 1 7 6 19 10 12 5 10 12 20 17 8 5 11 3 20 16 13 7 9 19 18 16 2 
14 19 10 11 10 5 20 0 2 11 7 90 4 0 2 0 1 13 18 5 13 12 9 10 17 14 15 5 14 4 13 3 9 1 10 18 11 4 12 18 14 10 1 4 11 14 10 2 5 15 13 13 10 17 12 6 0 14 4 2 1 20 12 13 12 17 
19 8 19 5 1 19 13 10 19 14 20 4 97 8 17 4 14 17 3 17 15 17 20 7 11 19 3 13 8 15 14 14 18 13 5 2 14 5 9 16 18 14 11 7 4 6 18 9 16 9 12 2 8 2 17 8 5 16 18 5 2 0 5 2 0 15 
14 14 2 7 14 9 15 0 20 1 5 0 8 100 9 11 3 11 10 20 19 3 16 4 12 5 1 8 17 9 11 1 0 13 16 2 9 10 20 18 4 4 11 17 4 18 14 4 2 17 19 19 13 5 5 12 16 3 3 13 19 17 8 15 20 13 
14 11 1 19 7 8 18 1 19 8 1 2 17 9 72 14 3 4 11 4 7 18 11 2 12 16 17 8 3 2 3 8 12 1 6 15 5 16 1 9 13 4 20 4 15 5 16 8 9 8 7 9 6 0 16 15 13 14 10 20 12 8 20 1 5 17 
7 10 20 18 18 19 8 3 4 10 11 0 4 11 14 55 12 4 12 3 11 14 19 5 3 18 12 16 16 2 10 5 6 0 12 14 1 0 13 18 15 18 10 5 16 4 3 14 2 3 11 3 4 13 11 11 1 4 17 13 3 18 5 15 16 10 
0 17 16 10 2 9 14 8 19 8 7 1 14 3 3 12 81 20 17 13 11 11 10 9 4 18 18 10 3 9 5 17 15 1 9 12 0 1 16 6 1 1 15 6 8 12 14 18 14 0 16 18 11 14 18 4 15 4 19 17 19 5 4 6 0 20 
15 14 20 5 6 2 6 2 2 11 6 13 17 11 4 4 20 66 1 4 17 8 11 17 14 16 16 9 18 14 15 0 3 7 6 11 4 5 16 15 5 19 3 11 11 1 7 17 12 3 15 9 11 0 1 12 19 20 0 2 5 6 7 9 11 13 
20 8 16 13 3 10 19 20 14 18 9 18 3 10 11 12 17 1 25 4 8 14 11 11 10 19 15 6 14 4 20 19 7 0 15 20 3 1 14 1 15 19 17 8 3 6 17 8 4 2 14 12 19 10 11 1 2 18 13 19 10 10 4 1 19 11 
20 9 14 11 7 3 10 10 6 16 12 5 17 20 4 3 13 4 4 45 5 16 11 17 16 5 20 4 3 15 5 0 10 6 20 4 15 3 3 17 19 15 13 14 19 7 6 17 3 4 5 6 14 7 3 17 17 3 14 10 8 18 13 9 0 18 
14 14 4 5 11 15 12 8 6 20 7 13 15 19 7 11 11 17 8 5 83 9 9 13 15 18 15 3 18 8 11 1 2 9 2 18 10 6 10 12 18 2 4 12 17 10 18 4 19 10 14 0 10 0 11 17 13 16 18 20 12 10 3 2 2 20 
11 9 19 4 12 20 7 17 0 11 6 12 17 3 18 14 11 8 14 16 9 40 9 7 16 14 3 4 1 5 4 9 15 20 2 3 7 11 5 13 10 19 10 10 11 3 11 11 16 6 5 4 19 15 7 9 0 16 12 12 0 20 2 2 11 17 
17 11 18 2 12 1 16 9 15 1 9 9 20 16 11 19 10 11 11 11 9 9 51 12 16 14 13 7 11 6 1 5 6 4 0 6 7 10 15 10 8 2 1 6 16 10 10 15 8 1 9 9 6 20 10 6 3 14 9 14 14 4 2 20 4 1 
7 11 7 12 18 3 11 4 15 18 16 10 7 4 2 5 9 17 11 17 13 7 12 47 17 12 2 18 1 19 12 15 7 6 10 8 5 8 1 14 10 19 8 11 4 3 8 6 19 15 10 16 17 17 4 4 5 2 20 8 20 1 9 3 6 3 
3 13 11 4 19 0 1 7 18 19 7 17 11 12 12 3 4 14 10 16 15 16 16 17 0 19 11 12 1 9 5 17 0 8 17 14 8 12 12 10 17 18 7 14 6 4 5 17 6 20 8 15 8 4 14 7 14 19 11 3 15 1 10 12 10 5 
10 18 3 20 3 18 19 15 13 20 9 14 19 5 16 18 18 16 19 5 18 14 14 12 19 90 12 17 14 11 19 17 15 9 3 13 6 19 19 11 19 17 6 7 8 8 1 19 15 1 4 19 5 16 3 5 5 10 11 18 16 2 12 3 0 19 
17 6 20 14 16 20 17 14 12 8 6 15 3 1 17 12 18 16 15 20 15 3 13 2 11 12 24 1 1 2 14 15 6 0 12 5 20 20 17 7 7 3 7 1 3 17 10 2 9 12 1 1 2 6 2 6 0 17 11 10 12 18 0 14 16 19 
19 5 1 11 7 18 0 3 12 2 19 5 13 8 8 16 10 9 6 4 3 4 7 18 12 17 1 54 3 1 2 13 15 7 12 10 16 20 3 18 4 20 7 12 5 4 8 17 17 20 1 20 5 11 20 4 6 10 2 8 19 10 8 20 12 14 
9 18 15 10 11 10 8 1 8 0 0 14 8 17 3 16 3 18 14 3 18 1 11 1 1 14 1 3 85 3 12 3 1 14 18 0 0 17 11 6 0 11 14 2 5 14 18 18 10 14 18 1 2 20 12 13 9 4 18 16 2 11 20 6 0 16 
16 14 4 19 9 15 20 13 4 18 9 4 15 9 2 2 9 14 4 15 8 5 6 19 9 11 2 1 3 91 15 4 16 6 19 13 3 2 6 15 5 19 0 16 16 6 7 17 2 8 13 16 15 7 16 9 12 17 18 4 6 1 10 10 19 16 
13 5 0 20 15 0 16 9 15 18 16 13 14 11 3 10 5 15 20 5 11 4 1 12 5 19 14 2 12 15 18 20 6 4 11 20 11 6 6 16 7 14 15 6 16 11 15 13 10 4 5 13 14 1 16 16 16 7 13 4 3 7 1 6 0 14 
4 12 6 12 3 17 12 14 4 1 14 3 14 1 8 5 17 0 19 0 1 9 5 15 17 17 15 13 3 4 20 39 10 18 13 7 9 4 14 6 11 6 16 4 15 14 1 7 6 19 12 5 18 10 19 13 15 6 16 2 5 12 6 6 12 8 
20 1 16 2 12 20 7 19 7 13 12 9 18 0 12 6 15 3 7 10 2 15 6 7 0 15 6 15 1 16 6 10 11 7 1 20 10 8 8 17 14 13 0 9 15 4 9 11 12 9 10 8 20 6 20 11 3 8 3 10 14 2 10 7 20 0 
1 6 13 11 1 5 13 3 3 14 9 1 13 13 1 0 1 7 0 6 9 20 4 6 8 9 0 7 14 6 4 18 7 50 9 14 7 9 12 8 13 0 2 0 9 3 14 15 6 8 14 19 5 7 17 8 17 12 17 6 0 17 13 7 0 6 
14 8 1 11 17 10 15 7 8 15 8 10 5 16 6 12 9 6 15 20 2 2 0 10 17 3 12 12 18 19 11 13 1 9 98 6 9 13 18 0 10 8 10 2 19 5 13 17 9 3 17 2 13 15 11 20 15 15 12 9 19 5 14 6 8 6 
6 13 2 10 16 0 14 18 3 11 14 18 2 2 15 14 12 11 20 4 18 3 6 8 14 13 5 10 0 13 20 7 20 14 6 41 17 5 7 9 1 4 4 6 20 18 0 20 1 8 12 20 10 0 16 5 6 2 2 10 17 20 2 12 20 8 
12 13 5 5 4 14 5 11 4 8 16 11 14 9 5 1 0 4 3 15 10 7 7 5 8 6 20 16 0 3 11 9 10 7 9 17 60 2 4 4 10 18 15 14 16 18 11 16 14 18 7 16 3 20 3 14 3 11 5 18 4 1 12 0 7 7 
15 11 2 8 11 10 8 19 15 10 3 4 5 10 16 0 1 5 1 3 6 11 10 8 12 19 20 20 17 2 6 4 8 9 13 5 2 95 8 19 1 16 9 16 7 8 5 10 17 11 7 1 4 0 4 5 18 9 16 12 18 0 0 2 1 0 
14 20 5 9 6 19 17 4 15 4 16 12 9 20 1 13 16 16 14 3 10 5 15 1 12 19 17 3 11 6 6 14 8 12 18 7 4 8 73 5 17 12 3 16 4 0 10 6 5 13 6 3 0 13 8 7 7 15 13 20 1 3 1 16 20 4 
3 11 5 13 6 19 19 13 17 19 18 18 16 18 9 18 6 15 1 17 12 13 10 14 10 11 7 18 6 15 16 6 17 8 0 9 4 19 5 100 5 20 5 5 20 6 13 10 3 17 2 12 7 15 5 2 15 0 16 12 19 4 4 0 18 16 
11 1 16 13 6 9 4 18 20 8 9 14 18 4 13 15 1 5 15 19 18 10 8 10 17 19 7 4 0 5 7 11 14 13 10 1 10 1 17 5 75 0 18 13 11 11 1 1 1 4 7 16 4 10 15 6 6 10 1 19 13 1 1 20 8 17 
20 9 17 8 19 3 12 16 20 16 14 10 14 4 4 18 1 19 19 15 2 19 2 19 18 17 3 20 11 19 14 6 13 0 8 4 18 16 12 20 0 81 2 4 0 2 12 4 5 4 17 0 5 11 7 4 3 13 14 11 8 15 18 9 17 8 
4 6 7 19 0 1 9 1 0 5 1 1 11 11 20 10 15 3 17 13 4 10 1 8 7 6 7 7 14 0 15 16 0 2 10 4 15 9 3 5 18 2 0 12 17 1 8 2 2 17 2 6 20 3 18 13 16 13 16 15 16 6 6 14 20 18 
11 0 1 18 1 9 17 19 8 20 7 4 7 17 4 5 6 11 8 14 12 10 6 11 14 7 1 12 2 16 6 4 9 0 2 6 14 16 16 5 13 4 12 20 4 13 19 7 11 1 19 13 20 15 8 15 2 6 5 1 1 3 2 10 6 11 
3 18 19 16 9 15 8 1 2 20 6 11 4 4 15 16 8 11 3 19 17 11 16 4 6 8 3 5 5 16 16 15 15 9 19 20 16 7 4 20 11 0 17 4 16 20 12 10 1 7 13 19 10 4 12 14 15 3 19 3 20 8 17 19 2 5 
5 6 9 14 10 17 7 15 16 19 19 14 6 18 5 4 12 1 6 7 10 3 10 3 4 8 17 4 14 6 11 14 4 3 5 18 18 8 0 6 11 2 1 13 20 0 19 15 19 7 6 1 5 11 2 3 6 13 14 20 10 7 4 12 18 0 
17 1 19 18 1 6 7 1 18 18 10 10 18 14 16 3 14 7 17 6 18 11 10 8 5 1 10 8 18 7 15 1 9 14 13 0 11 5 10 13 1 12 8 19 12 19 95 10 8 17 19 7 0 0 14 6 19 20 14 14 14 10 0 6 4 9 
5 10 15 9 12 6 6 1 3 9 12 2 9 4 8 14 18 17 8 17 4 11 15 6 17 19 2 17 18 17 13 7 11 15 17 20 16 10 6 10 1 4 2 7 10 15 10 0 10 12 6 4 1 11 20 2 10 14 0 15 20 18 12 1 3 18 
8 12 3 20 5 15 6 3 5 9 5 5 16 2 9 2 14 12 4 3 19 16 8 19 6 15 9 17 10 2 10 6 12 6 9 1 14 17 5 3 1 5 2 11 1 19 8 10 66 3 11 11 5 10 1 4 20 15 18 1 5 6 3 18 8 1 
1 11 4 6 11 14 19 4 7 3 10 15 9 17 8 3 0 3 2 4 10 6 1 15 20 1 12 20 14 8 4 19 9 8 3 8 18 11 13 17 4 4 17 1 7 7 17 12 3 56 18 19 17 5 14 19 9 14 20 10 0 3 15 9 15 2 
13 1 20 9 11 7 17 2 19 14 12 13 12 19 7 11 16 15 14 5 14 5 9 10 8 4 1 1 18 13 5 12 10 14 17 12 7 7 6 2 7 17 2 19 13 6 19 6 11 18 60 20 3 15 5 2 16 8 7 17 11 19 18 2 14 12 
8 5 13 1 13 0 5 11 9 18 20 13 2 19 9 3 18 9 12 6 0 4 9 16 15 19 1 20 1 16 13 5 8 19 2 20 16 1 3 12 16 0 6 13 19 1 7 4 11 19 20 98 10 20 17 8 3 8 15 0 0 9 4 5 18 10 
5 11 14 6 3 15 2 6 10 18 17 10 8 13 6 4 11 11 19 14 10 19 6 17 8 5 2 5 2 15 14 18 20 5 13 10 3 4 0 7 4 5 20 20 10 5 0 1 5 17 3 10 47 4 12 11 18 13 16 19 10 14 9 19 7 17 
7 11 10 18 12 13 9 17 19 20 8 17 2 5 0 13 14 0 10 7 0 15 20 17 4 16 6 11 20 7 1 10 6 7 15 0 20 0 13 15 10 11 3 15 4 11 0 11 10 5 15 20 4 16 3 1 12 2 17 15 16 9 12 12 3 11 
17 5 16 2 12 7 6 11 3 16 5 12 17 5 16 11 18 1 11 3 11 7 10 4 14 3 2 20 12 16 16 19 20 17 11 16 3 4 8 5 15 7 18 8 12 2 14 20 1 14 5 17 12 3 86 19 17 16 4 6 11 7 17 14 19 3 
16 10 16 17 1 13 10 14 11 4 11 6 8 12 15 11 4 12 1 17 17 9 6 4 7 5 6 4 13 9 16 13 11 8 20 5 14 5 7 2 6 4 13 15 14 3 6 2 4 19 2 8 11 1 19 85 1 8 7 20 11 10 16 6 19 2 
4 13 10 15 20 3 8 10 19 11 3 0 5 16 13 1 15 19 2 17 13 0 3 5 14 5 0 6 9 12 16 15 3 17 15 6 3 18 7 15 6 3 16 2 15 6 19 10 20 9 16 3 18 12 17 1 0 0 13 18 4 3 19 8 1 12 
1 12 13 15 8 7 0 20 13 20 20 14 16 3 14 4 4 20 18 3 16 16 14 2 19 10 17 10 4 17 7 6 8 12 15 2 11 9 15 0 10 13 13 6 3 13 20 14 15 14 8 8 13 2 16 8 0 27 9 9 20 16 10 13 17 13 
20 9 3 11 1 2 11 3 12 19 16 4 18 3 10 17 19 0 13 14 18 12 9 20 11 11 11 2 18 18 13 16 3 17 12 2 5 16 13 16 1 14 16 5 19 14 14 0 18 20 7 15 16 17 4 7 13 9 50 18 13 13 14 14 19 7 
19 6 16 3 20 13 2 5 10 3 13 2 5 13 20 13 17 2 19 10 20 12 14 8 3 18 10 8 16 4 4 2 10 6 9 10 18 12 20 12 19 11 15 1 3 20 14 15 1 10 17 0 19 15 6 20 18 9 18 18 2 9 11 9 7 9 
11 3 15 19 4 5 19 9 5 1 7 1 2 19 12 3 19 5 10 8 12 0 14 20 15 16 12 19 2 6 3 5 14 0 19 17 4 18 1 19 13 8 16 1 20 10 14 20 5 0 11 0 10 16 11 11 4 20 13 2 64 16 9 15 16 14 
14 5 17 8 0 10 18 5 11 12 9 20 0 17 8 18 5 6 10 18 10 20 4 1 1 2 18 10 11 1 7 12 2 17 5 20 1 0 3 4 1 15 6 3 8 7 10 18 6 3 19 9 14 9 7 10 3 16 13 9 16 55 17 5 13 2 
5 12 14 11 16 2 0 11 1 10 19 12 5 8 20 5 4 7 4 13 3 2 2 9 10 12 0 8 20 10 1 6 10 13 14 2 12 0 1 4 1 18 6 2 17 4 0 12 3 15 18 4 9 12 17 16 19 10 14 11 9 17 99 0 0 16 
11 16 3 16 1 2 19 9 15 2 18 13 2 15 1 15 6 9 1 9 2 2 20 3 12 3 14 20 6 10 6 6 7 7 6 12 0 2 16 0 20 9 14 10 19 12 6 1 18 9 2 5 19 12 14 6 8 13 14 9 15 5 0 7 17 6 
16 4 13 6 6 13 13 17 15 7 16 12 0 20 5 16 0 11 19 0 2 11 4 6 10 0 16 12 0 19 0 12 20 0 8 20 7 1 20 18 8 17 20 6 2 18 4 3 8 15 14 18 7 3 19 19 1 17 19 7 16 13 0 17 50 0 
1 12 14 3 11 8 16 20 2 3 2 17 15 13 17 10 20 13 11 18 20 17 1 3 5 19 19 14 16 16 14 8 0 6 6 8 7 0 4 16 17 8 18 11 5 0 9 18 1 2 12 10 17 11 3 2 12 13 7 9 14 2 16 6 0 27 
