153 18
56 42 44 33 34 50 26 50 43 54 33 26 56 27 30 45 20 16 43 15 30 32 12 22 33 40 24 6 36 11 21 40 8 60 49 51 67 42 63 60 71 50 42 73 43 46 61 33 59 71 77 54 59 77 84 66 50 80 54 63 82 40 48 61 36 55 56 67 46 35 67 37 42 59 25 66 42 52 65 73 54 39 70 43 51 70 28 54 71 74 85 64 52 85 55 60 77 42 47 50 60 39 27 59 30 36 53 17 61 74 53 48 77 49 50 61 41 81 61 47 79 50 58 76 36 71 58 90 61 67 84 47 36 69 40 47 65 26 58 28 33 50 18 60 65 81 48 36 54 18 62 22 39 
42 33 38 10 27 17 16 12 25 26 20 15 19 15 20 33 24 28 60 38 53 32 45 20 46 39 46 43 28 43 47 55 50 43 15 30 32 12 22 33 40 24 6 36 11 21 40 8 50 68 60 50 34 68 69 60 44 60 49 58 76 42 37 32 20 13 38 41 30 15 34 19 28 46 18 47 39 21 55 57 48 33 47 38 47 64 33 29 31 51 57 41 24 52 29 38 58 17 6 37 38 31 20 30 23 30 46 25 27 36 16 7 36 7 13 32 9 60 48 32 52 36 46 64 28 50 33 59 38 47 67 26 26 42 30 39 57 26 25 18 25 40 23 30 38 58 16 29 45 24 54 27 38 
44 38 87 30 12 27 31 50 13 23 19 36 33 31 22 5 44 30 28 30 29 12 36 37 19 6 27 39 11 36 31 23 50 16 29 14 36 26 52 23 35 20 31 43 27 19 19 35 15 30 32 12 22 33 40 24 6 36 11 21 40 8 4 26 17 42 14 27 9 23 33 18 9 14 29 22 2 25 21 29 11 6 28 1 8 27 15 19 47 32 44 23 23 47 21 20 32 21 38 7 19 6 24 26 19 9 9 32 33 44 32 44 53 40 32 26 47 37 16 9 37 8 13 32 10 27 20 50 20 23 39 15 12 29 7 2 21 20 29 24 15 5 37 27 26 37 26 10 9 32 18 23 5 
33 10 30 30 18 18 7 22 18 25 10 9 23 6 9 26 19 18 50 28 42 23 35 13 36 30 36 33 19 33 37 45 42 39 16 26 35 10 31 32 41 21 8 40 10 18 37 5 43 61 56 42 32 62 65 54 37 57 42 51 70 33 30 32 12 22 33 40 24 6 36 11 21 40 8 44 30 21 49 53 41 25 45 29 39 57 23 27 37 49 57 39 22 54 27 35 54 13 14 31 35 23 9 29 12 21 39 16 29 41 19 18 43 16 16 31 17 58 43 25 52 30 40 59 20 47 31 61 35 44 63 21 17 41 22 32 50 16 26 8 16 33 16 30 37 56 16 20 38 14 48 17 29 
34 27 12 18 61 22 18 40 10 22 7 23 29 19 9 11 31 18 33 22 28 6 29 25 20 12 23 30 1 28 26 28 41 26 23 16 36 17 45 26 38 18 22 43 19 15 26 23 27 43 43 25 25 46 52 37 19 46 24 34 53 15 15 28 7 34 22 33 11 12 34 8 8 26 16 32 12 22 33 40 24 6 36 11 21 40 8 21 44 40 51 29 21 52 22 26 43 14 29 16 26 6 11 27 6 3 22 20 31 44 26 34 51 31 25 28 35 47 28 12 44 16 25 44 2 36 24 56 26 33 51 14 2 34 6 15 34 8 27 12 2 17 24 28 31 46 20 2 22 20 31 11 10 
50 17 27 18 22 64 25 27 14 9 18 27 6 24 21 22 38 34 54 41 50 28 49 31 42 31 46 49 21 48 48 49 58 27 2 15 16 8 24 16 23 8 11 22 7 7 23 21 35 53 43 38 16 52 52 46 32 43 36 45 61 34 25 15 16 15 22 23 18 15 17 14 18 31 25 30 29 3 40 40 35 25 30 28 35 49 31 12 22 33 40 24 6 36 11 21 40 8 14 24 21 23 23 12 22 24 33 32 11 23 4 20 28 15 5 14 27 42 33 19 35 22 31 48 22 33 16 43 21 30 49 12 19 24 21 27 42 27 8 21 21 27 34 12 21 40 2 22 31 31 40 29 29 
26 16 31 7 18 25 25 27 22 31 12 5 30 1 9 28 14 11 46 22 37 21 28 7 33 30 30 26 19 26 31 42 34 42 24 30 42 16 38 37 47 27 16 47 17 23 41 8 45 61 60 43 37 64 69 55 38 62 42 52 71 32 32 38 15 29 37 45 27 10 42 15 23 43 2 48 30 27 51 56 42 25 50 30 39 58 20 32 45 54 63 43 28 61 32 40 59 18 22 33 40 24 6 36 11 21 40 8 36 48 27 24 51 23 24 37 20 62 45 28 57 33 42 62 20 52 36 67 40 48 67 26 18 46 23 33 52 13 33 6 15 35 9 36 43 61 23 20 40 7 49 12 28 
50 12 50 22 40 27 27 44 37 36 32 24 26 26 32 46 30 39 72 49 65 45 55 28 58 52 58 52 40 54 58 67 58 54 24 42 37 24 16 42 46 34 18 39 23 32 50 19 61 79 70 62 43 79 79 72 57 69 61 70 87 55 49 41 33 15 49 50 42 28 41 32 40 57 29 57 51 30 67 67 60 46 56 50 59 75 46 39 32 60 64 51 34 57 38 48 67 29 12 49 48 44 32 38 35 43 58 35 33 40 24 6 36 11 21 40 8 69 59 43 60 48 57 75 41 60 43 65 48 57 76 37 38 50 43 51 68 39 33 30 38 52 32 38 47 67 26 41 57 34 66 39 50 
43 25 13 18 10 14 22 37 67 12 10 27 20 22 14 9 36 26 40 31 37 15 39 30 28 17 33 40 8 38 36 35 50 20 16 8 26 12 38 16 29 8 18 33 13 6 19 24 24 42 37 25 16 43 46 35 20 39 24 33 51 20 12 18 7 28 15 23 5 12 24 7 4 21 21 25 15 12 30 34 23 11 28 14 22 39 18 11 35 32 42 21 11 42 12 17 36 7 25 12 17 9 16 17 13 10 21 27 22 34 18 30 41 26 18 18 34 40 24 6 36 11 21 40 8 29 14 47 18 26 45 4 7 25 7 14 32 17 18 16 10 15 30 18 22 38 12 9 20 26 29 20 15 
54 26 23 25 22 9 31 36 12 80 21 34 11 30 24 18 44 38 51 44 49 27 51 38 40 28 46 52 21 50 48 46 62 18 12 9 14 15 32 7 16 4 20 20 15 8 14 29 27 46 34 31 7 43 43 38 26 33 30 37 52 31 19 6 18 23 14 15 13 20 12 17 15 23 31 21 25 5 32 30 29 23 21 24 29 41 31 4 24 24 32 15 2 30 2 12 31 12 23 17 12 20 27 5 24 23 26 37 10 22 12 29 30 24 14 6 36 33 24 14 26 16 23 39 21 24 6 36 11 21 40 8 19 16 19 22 33 29 6 26 22 21 40 6 12 31 10 21 24 37 32 32 26 
33 20 19 10 7 18 12 32 10 21 48 17 25 12 3 16 26 16 40 23 34 12 31 19 26 19 28 31 8 29 30 35 41 30 18 18 34 11 39 27 38 16 15 40 13 13 29 15 33 50 48 32 26 52 56 43 26 50 31 40 59 22 20 28 3 28 25 34 15 4 33 3 11 31 11 36 19 19 39 44 30 14 38 18 28 47 14 21 40 42 52 32 19 51 22 28 47 9 22 21 28 12 6 26 3 10 28 16 29 41 22 27 47 24 20 27 28 50 33 16 46 21 30 50 9 40 25 57 28 36 55 14 6 36 11 21 40 8 25 6 5 23 20 27 32 49 16 9 28 16 37 11 18 
26 15 36 9 23 27 5 24 27 34 17 13 32 4 14 33 10 15 52 25 42 26 31 5 38 35 35 28 25 30 35 47 35 47 25 35 44 19 37 41 50 30 16 49 19 27 46 6 50 67 65 49 41 69 74 60 43 66 48 58 77 38 38 41 20 28 42 49 32 15 45 19 28 48 7 52 36 30 57 61 48 30 54 35 45 64 26 36 45 58 66 48 32 63 36 44 63 22 21 38 44 29 12 39 17 27 46 11 38 50 28 22 51 22 25 41 16 67 51 33 61 38 47 67 26 56 40 70 44 53 72 30 24 50 29 38 58 18 36 11 21 40 8 39 47 65 25 26 45 10 55 17 34 
56 19 33 23 29 6 30 26 20 11 25 32 72 29 27 28 42 40 61 48 57 35 56 37 48 38 52 55 28 54 55 56 64 30 6 20 12 14 20 17 20 13 15 16 13 14 26 25 39 57 45 43 18 55 54 50 38 43 41 49 64 41 30 15 22 12 25 24 23 21 15 21 24 34 31 32 35 8 44 41 40 32 30 34 40 53 37 15 15 33 38 25 10 32 14 23 41 15 15 29 24 29 29 12 28 30 38 38 7 17 3 19 22 15 7 14 29 43 36 24 33 27 35 51 28 34 18 40 23 32 50 18 26 24 28 33 45 33 6 28 28 33 39 11 21 40 8 29 36 37 44 36 36 
27 15 31 6 19 24 1 26 22 30 12 4 29 23 9 28 14 13 48 23 39 22 29 7 34 31 32 27 20 28 32 43 35 42 23 30 41 16 37 37 47 26 14 46 16 23 41 7 46 62 60 44 37 64 69 55 38 62 43 53 72 33 33 37 15 27 37 45 27 10 42 15 24 43 3 48 31 26 52 56 43 25 50 30 40 59 21 31 43 54 63 43 28 60 32 40 59 18 20 34 40 24 7 35 12 22 41 10 35 47 26 22 50 22 22 37 18 62 46 28 57 33 43 62 21 52 35 66 40 48 67 26 19 46 24 33 53 14 32 6 16 35 10 36 42 61 22 21 40 8 50 13 29 
30 20 22 9 9 21 9 32 14 24 3 14 27 9 42 19 22 13 40 21 33 13 28 16 26 21 27 28 10 27 28 35 37 34 21 22 37 13 40 30 41 20 16 43 15 16 33 14 36 53 51 34 30 55 60 46 29 53 33 43 62 24 23 31 6 29 29 38 18 5 37 7 15 34 7 39 22 22 42 48 33 16 42 21 30 49 13 25 42 46 56 35 22 55 25 32 50 12 23 24 32 15 2 29 3 12 31 13 32 44 24 27 49 25 22 31 26 54 36 20 50 24 33 53 11 43 28 60 32 40 59 18 9 39 14 24 43 7 28 2 6 26 16 30 36 53 19 11 31 12 40 8 19 
45 33 5 26 11 22 28 46 9 18 16 33 28 28 19 81 42 29 33 31 32 13 38 35 22 10 30 40 9 37 33 28 51 15 24 9 31 21 47 19 31 15 27 38 22 14 16 31 17 34 32 16 17 36 41 27 11 35 15 25 43 13 4 22 14 37 11 24 4 19 28 14 5 15 27 21 7 20 23 29 14 6 25 6 13 30 16 15 42 30 41 20 18 44 16 16 32 16 34 5 16 5 21 21 17 8 12 31 28 39 27 39 48 35 27 22 43 36 17 4 35 5 14 33 8 26 16 47 17 22 40 10 9 26 5 5 24 19 24 22 13 6 35 23 23 36 21 8 11 31 21 22 8 
20 24 44 19 31 38 14 30 36 44 26 10 42 14 22 42 17 16 54 24 43 32 28 6 41 41 35 23 32 27 34 50 28 56 36 44 54 29 45 51 61 40 27 59 30 37 55 16 58 74 74 56 51 77 82 68 50 76 55 65 84 43 46 51 29 38 51 59 41 24 55 29 37 56 15 62 43 40 65 70 55 37 64 42 52 71 30 46 55 68 77 57 42 74 46 54 73 32 30 47 54 37 20 49 24 34 53 12 49 60 39 30 61 31 35 51 22 76 59 42 71 47 56 75 33 66 50 80 54 62 81 40 32 60 37 46 65 24 46 20 29 48 6 50 57 75 36 33 53 11 62 21 40 
16 28 30 18 18 34 11 39 26 38 16 15 40 13 13 29 16 84 38 10 27 17 16 12 25 26 20 15 19 15 20 33 24 44 33 34 50 26 50 43 54 33 26 56 27 30 45 20 45 59 61 41 42 63 70 53 36 64 41 50 69 27 33 44 19 40 40 50 29 18 50 20 26 44 9 50 28 35 51 58 40 24 54 28 37 57 15 37 55 58 68 47 36 68 38 44 61 25 33 34 44 24 10 43 13 20 39 4 45 57 36 35 61 34 34 44 31 65 46 31 62 35 43 62 20 55 41 73 44 51 69 30 20 52 24 32 51 10 41 12 16 35 9 43 48 64 31 20 39 5 48 6 25 
43 60 28 50 33 54 46 72 40 51 40 52 61 48 40 33 54 38 89 30 12 27 31 50 13 23 19 36 33 31 22 5 44 42 56 42 65 50 78 51 63 48 55 71 52 47 46 54 33 34 50 26 50 43 54 33 26 56 27 30 45 20 32 54 40 67 41 54 37 44 61 41 36 37 44 46 25 53 36 48 28 29 53 27 25 35 26 48 75 56 69 49 51 74 49 47 53 46 62 34 46 31 40 54 37 30 29 42 61 72 59 67 81 64 58 54 66 58 38 37 63 36 35 45 32 50 48 75 48 48 57 43 35 56 33 29 35 33 57 42 35 31 47 56 54 59 53 32 31 43 32 34 25 
15 38 30 28 22 41 22 49 31 44 23 25 48 23 21 31 24 10 30 67 18 18 7 22 18 25 10 9 23 6 9 26 19 47 42 38 57 34 60 48 60 39 36 64 36 36 48 30 44 56 62 39 47 62 70 51 35 66 39 48 67 25 34 50 26 50 43 54 33 26 56 27 30 45 20 52 28 42 50 59 39 25 57 28 36 55 14 43 63 61 73 51 42 73 44 48 63 33 43 36 47 26 19 49 19 22 39 14 52 65 45 46 70 44 43 50 41 67 47 34 66 37 43 61 24 57 46 78 48 53 70 36 24 56 27 33 50 15 48 21 21 35 19 50 53 67 39 23 39 15 47 12 25 
30 53 29 42 28 50 37 65 37 49 34 42 57 39 33 32 43 27 12 18 69 22 18 40 10 22 7 23 29 19 9 11 31 45 51 42 63 45 73 51 64 45 49 70 47 43 48 45 39 44 57 32 50 52 63 42 30 62 32 38 55 20 33 54 35 62 43 56 36 38 61 36 34 41 35 50 26 50 43 54 33 26 56 27 30 45 20 47 72 60 72 52 49 76 48 49 59 42 56 36 48 29 32 54 30 27 34 31 59 71 55 60 79 58 53 54 58 64 43 36 66 37 39 53 28 55 49 79 49 51 64 41 31 58 30 30 43 26 55 34 29 33 37 55 55 64 49 28 35 33 39 25 24 
32 32 12 23 6 28 21 45 15 27 12 26 35 22 13 13 32 17 27 18 22 101 25 27 14 9 18 27 6 24 21 22 38 28 29 21 42 23 51 31 43 23 27 48 25 21 30 27 27 41 44 23 30 45 52 35 18 48 23 32 52 11 16 33 13 40 25 36 15 17 40 14 12 27 19 34 11 27 33 41 23 6 39 11 19 39 3 26 50 43 54 33 26 56 27 30 45 20 35 18 29 8 14 32 10 5 22 20 37 49 32 40 57 36 31 33 40 49 29 16 48 19 25 44 6 39 28 60 30 35 52 19 8 38 9 15 34 8 33 15 7 17 25 33 35 49 26 6 22 20 30 11 8 
12 45 36 35 29 49 28 55 39 51 31 31 56 29 28 38 28 16 31 7 18 25 52 27 22 31 12 5 30 1 9 28 14 53 49 46 65 42 67 55 68 47 43 71 43 44 55 36 50 60 68 44 54 67 75 56 41 73 45 52 71 30 41 57 33 57 50 62 40 34 64 34 37 51 26 59 34 50 56 65 45 32 64 35 41 59 21 50 71 68 80 58 50 81 51 55 69 40 50 43 54 33 26 56 27 30 45 20 60 72 52 52 77 51 50 57 47 74 53 41 73 44 49 66 31 64 53 85 55 60 76 43 32 64 34 39 56 22 56 28 29 42 23 57 60 74 47 30 45 21 52 19 31 
22 20 37 13 25 31 7 28 30 38 19 5 37 7 16 35 6 12 50 22 40 27 27 100 37 36 32 24 26 26 32 46 30 50 30 38 48 23 42 45 54 34 21 53 24 30 49 11 52 68 67 50 44 71 76 62 44 69 49 59 78 38 39 45 22 33 45 52 34 18 49 22 31 50 8 55 37 34 58 64 49 31 57 36 46 65 25 39 50 61 70 51 36 68 40 47 66 25 26 41 47 31 13 43 18 28 47 8 43 54 33 26 56 27 30 45 20 70 53 36 65 40 49 69 27 59 43 74 47 56 75 33 25 54 30 40 59 18 40 13 22 42 4 43 50 68 29 27 47 7 56 16 34 
33 46 19 36 20 42 33 58 28 40 26 38 48 34 26 22 41 25 13 18 10 14 22 37 86 12 10 27 20 22 14 9 36 35 43 32 54 37 65 42 54 36 41 61 39 34 38 40 29 38 48 23 40 44 54 34 20 53 23 30 49 10 23 44 27 54 33 46 26 31 51 28 24 31 30 40 16 41 34 45 24 17 46 17 20 37 12 37 63 50 62 42 39 66 39 39 49 34 49 26 38 19 27 44 23 18 24 29 50 62 46 53 70 50 45 44 52 54 33 26 56 27 30 45 20 45 39 69 39 42 55 31 22 48 21 20 34 20 46 28 21 23 34 45 45 55 40 19 25 30 30 21 14 
40 39 6 30 12 31 30 52 17 28 19 35 38 31 21 10 41 26 23 25 22 9 31 36 12 109 21 34 11 30 24 18 44 23 33 19 42 28 56 29 42 25 33 49 30 24 25 35 19 32 37 14 28 37 44 26 10 41 14 23 43 3 11 32 19 45 21 33 14 24 39 20 13 20 28 28 3 30 25 34 14 6 34 4 11 30 11 25 52 38 50 29 28 54 26 26 38 24 41 13 26 8 23 32 18 9 13 29 38 50 36 46 58 42 35 32 47 43 22 14 44 14 18 36 10 33 26 56 27 30 45 20 13 35 10 8 25 17 34 24 14 11 35 33 33 43 30 10 14 30 22 20 2 
24 46 27 36 23 46 30 58 33 46 28 35 52 32 27 30 35 20 19 10 7 18 12 32 10 21 66 17 25 12 3 16 26 44 46 39 60 40 67 49 61 42 43 67 41 39 47 39 40 48 58 33 48 55 64 44 30 63 34 41 59 20 32 51 30 56 42 54 33 32 58 31 30 41 28 50 25 45 45 55 34 24 55 25 30 48 15 44 68 59 71 50 45 74 45 47 59 37 50 34 47 26 26 50 24 23 34 24 55 68 50 54 74 52 48 51 51 64 43 34 65 35 39 55 25 54 46 77 48 51 65 37 26 56 27 30 45 20 51 28 24 32 29 52 53 64 44 24 35 25 41 19 22 
6 43 39 33 30 49 26 52 40 52 31 28 55 27 28 40 23 15 36 9 23 27 5 24 27 34 17 53 32 4 14 33 10 56 48 47 65 41 64 57 69 47 42 71 42 44 57 34 54 65 72 48 56 71 79 60 44 75 48 57 76 34 43 58 33 55 52 63 42 33 64 35 38 54 24 62 37 50 59 68 49 34 66 38 45 64 24 51 70 70 82 60 50 82 52 57 72 40 48 45 56 35 26 57 27 31 48 17 60 72 52 50 77 49 49 58 44 77 56 43 75 46 53 70 32 66 54 87 57 63 79 44 33 65 36 42 60 23 56 27 30 45 20 58 62 76 47 32 48 18 56 19 34 
36 28 11 19 1 21 19 40 8 21 8 25 28 20 10 9 32 19 33 23 29 6 30 26 20 11 25 32 113 29 27 28 42 24 23 15 35 17 44 25 37 17 22 42 18 14 25 24 26 42 42 24 24 45 50 35 18 44 23 33 52 14 13 27 7 34 20 31 10 12 33 8 6 24 17 30 11 21 32 38 23 6 34 10 20 39 9 19 43 38 49 28 20 50 20 24 41 13 29 15 24 4 12 26 7 2 21 21 30 43 26 34 50 31 25 26 36 45 27 11 43 15 23 43 1 35 22 54 25 31 49 12 2 33 4 13 33 9 26 13 3 15 26 27 30 45 20 1 20 21 30 13 10 
11 43 36 33 28 48 26 54 38 50 29 30 54 28 27 37 27 15 31 6 19 24 1 26 22 30 12 4 29 54 9 28 14 52 48 45 64 40 65 54 67 46 42 70 42 42 54 35 50 60 68 44 53 66 75 56 40 72 44 52 71 30 40 56 32 55 49 61 39 32 62 33 36 50 25 58 34 48 55 65 45 31 63 34 41 59 20 49 69 67 79 57 48 80 50 54 69 39 48 42 54 32 25 55 26 29 44 18 58 71 51 51 76 50 48 56 46 73 52 40 72 43 49 66 30 63 52 84 54 59 75 42 31 63 33 38 55 21 55 26 27 41 22 56 59 73 46 30 45 20 52 18 31 
21 47 31 37 26 48 31 58 36 48 30 35 55 32 28 33 34 20 22 9 9 21 9 32 14 24 3 14 27 9 60 19 22 48 48 42 62 41 68 52 64 44 44 69 43 42 50 39 43 52 61 37 51 59 68 48 34 66 37 44 63 23 35 54 32 58 45 57 36 34 61 33 33 45 29 53 28 48 48 59 38 27 59 29 34 51 17 47 70 63 75 53 47 77 48 50 63 39 51 38 50 29 27 53 26 26 38 24 58 70 52 55 77 53 50 54 51 68 46 37 68 38 43 59 27 58 49 81 51 54 69 40 29 59 30 33 48 21 54 29 26 36 28 54 56 68 46 27 38 25 45 20 25 
40 55 23 45 28 49 42 67 35 46 35 47 56 43 35 28 50 33 5 26 11 22 28 46 9 18 16 33 28 28 19 90 42 38 51 37 60 45 73 47 59 43 50 67 47 42 42 49 30 33 48 22 45 42 53 31 22 53 24 28 44 15 27 50 35 62 37 50 32 39 57 36 31 33 39 42 20 48 33 46 24 24 49 22 21 34 21 43 70 52 65 45 46 70 44 43 50 41 57 30 42 26 36 50 32 25 26 37 56 68 54 62 76 59 53 50 61 55 34 32 59 31 31 43 27 47 44 71 44 44 54 38 30 52 28 24 33 29 52 37 30 26 43 51 49 56 48 27 27 38 30 30 20 
8 50 50 42 41 58 34 58 50 62 41 35 64 35 37 51 28 24 44 19 31 38 14 30 36 44 26 10 42 14 22 42 40 66 58 58 75 50 72 67 79 57 50 81 51 54 67 42 64 74 82 58 66 81 89 70 55 86 59 66 85 44 54 69 44 63 63 74 52 43 74 45 49 64 33 72 48 60 69 79 59 45 77 48 55 73 34 62 79 81 92 71 60 92 62 67 83 50 56 56 67 46 35 67 37 42 58 26 70 82 61 57 86 57 58 68 50 87 67 53 86 57 63 80 43 77 65 97 68 73 90 54 43 76 46 52 70 33 66 36 40 55 26 68 72 87 56 43 59 27 66 30 45 
60 43 16 39 26 27 42 54 20 18 30 47 30 42 34 15 56 44 42 47 45 28 53 50 35 23 44 56 24 52 48 38 66 76 30 12 27 31 50 13 23 19 36 33 31 22 5 44 10 27 17 16 12 25 26 20 15 19 15 20 33 24 12 17 27 42 5 12 15 32 22 27 19 5 41 5 19 23 13 14 14 21 11 18 16 22 32 14 39 15 27 8 20 32 15 7 16 26 41 10 6 20 36 18 32 24 12 46 26 34 31 47 45 42 33 17 53 21 6 14 21 9 7 21 24 10 12 33 8 6 25 17 24 14 20 14 15 34 24 36 28 12 50 20 13 20 27 24 10 46 15 38 22 
49 15 29 16 23 2 24 24 16 12 18 25 6 23 21 24 36 33 56 42 51 29 49 30 43 33 46 48 23 48 48 51 58 30 21 18 18 7 22 18 25 10 9 23 6 9 26 19 38 56 46 40 19 55 55 49 35 45 39 47 64 36 27 17 16 12 25 26 20 15 19 15 20 33 24 33 31 6 43 42 38 27 33 30 37 52 31 15 21 36 42 27 9 37 14 24 43 9 11 26 24 24 22 15 22 25 35 32 13 24 3 17 28 12 2 17 24 45 36 21 37 25 34 51 23 36 19 45 23 33 52 15 21 27 23 30 44 27 10 21 22 30 33 15 24 43 3 24 34 31 43 29 31 
51 30 14 26 16 15 30 42 8 9 18 35 20 30 22 9 44 34 42 38 42 21 46 38 32 19 39 47 15 45 42 37 58 12 18 55 22 18 40 10 22 7 23 29 19 9 11 31 19 38 30 22 8 37 39 30 17 31 21 29 45 22 10 12 15 30 7 16 5 20 19 15 8 15 29 17 16 12 25 26 20 15 19 15 20 33 24 5 33 24 34 13 9 35 7 9 28 13 29 8 9 13 25 12 21 16 17 35 19 30 19 35 39 30 21 12 40 32 17 5 28 7 15 34 14 21 7 39 10 18 37 4 14 18 12 13 26 24 15 24 17 12 38 13 14 30 15 15 16 34 24 28 18 
67 32 36 35 36 16 42 37 26 14 34 44 12 41 37 31 54 50 65 57 63 42 65 48 54 42 60 65 35 64 62 60 75 27 18 22 35 25 27 14 9 18 27 6 24 21 22 38 37 54 38 43 15 50 46 47 39 35 41 47 59 45 32 10 31 22 24 16 27 32 5 30 29 32 42 27 39 15 41 35 40 37 23 37 41 49 45 16 12 25 26 20 15 19 15 20 33 24 27 30 20 34 39 10 37 37 38 49 5 7 15 31 17 27 19 10 41 34 34 27 23 29 34 45 35 27 16 28 19 26 42 22 33 15 33 35 42 42 8 38 36 34 51 8 14 31 19 35 36 48 42 45 40 
42 12 26 10 17 8 16 24 12 15 11 19 14 16 13 21 29 26 50 34 45 23 42 23 37 28 40 41 17 40 41 45 50 31 7 18 25 33 27 22 31 12 5 30 1 9 28 14 37 55 48 38 22 55 57 48 32 48 37 46 63 31 25 22 10 17 25 30 18 7 26 9 16 33 17 35 27 10 43 44 36 22 36 26 34 51 25 17 29 40 47 29 13 44 17 26 46 4 12 25 26 20 15 19 15 20 33 24 19 31 10 17 35 13 8 21 22 48 36 19 42 24 33 52 18 38 21 51 26 35 55 13 15 31 19 27 44 20 16 14 16 28 26 20 28 47 6 18 32 23 42 22 26 
63 22 52 31 45 24 38 16 38 32 39 37 20 37 40 47 45 50 78 60 73 51 67 42 65 56 67 64 44 65 68 73 72 50 22 40 27 27 25 37 36 32 24 26 26 32 46 30 59 78 64 62 38 75 73 70 57 62 61 69 84 59 50 34 38 10 46 42 42 34 31 36 42 55 40 52 54 27 64 61 60 49 49 52 60 73 53 36 17 52 53 45 30 44 34 43 60 31 16 48 43 47 40 32 42 47 57 47 25 26 20 15 19 15 20 33 24 61 56 43 50 47 55 71 45 53 38 53 42 51 69 37 42 42 45 52 65 47 26 39 43 52 45 31 40 58 25 46 56 46 64 48 53 
60 33 23 32 26 16 37 42 16 7 27 41 17 37 30 19 51 43 51 48 51 31 55 45 42 29 49 57 25 54 52 47 67 13 18 10 14 22 37 50 12 10 27 20 22 14 9 36 24 41 27 29 1 38 36 34 25 26 27 33 47 32 19 3 23 29 10 8 15 26 10 23 18 18 37 15 26 12 27 24 26 25 14 24 27 36 34 5 26 17 25 8 9 25 5 6 24 19 30 16 6 23 33 5 30 26 24 43 12 21 18 36 31 31 21 3 43 26 20 15 19 15 20 33 24 17 2 30 5 15 33 12 23 9 22 22 29 34 10 32 27 20 46 6 5 24 17 25 22 43 28 37 27 
71 40 35 41 38 23 47 46 29 16 38 50 20 47 41 31 61 54 63 60 64 43 68 54 54 42 61 69 37 67 64 59 79 23 25 22 9 31 36 12 53 21 34 11 30 24 18 44 33 48 30 39 13 43 38 42 37 26 38 42 52 44 31 10 35 31 21 10 28 37 5 34 31 28 47 21 38 20 35 27 37 37 15 37 38 43 47 17 20 16 17 15 19 13 16 16 25 29 35 28 16 35 44 11 41 38 34 54 13 12 23 40 24 35 27 10 49 25 29 27 14 27 30 38 37 20 15 19 15 20 33 24 36 8 34 34 37 46 14 43 39 32 57 11 9 22 25 37 33 53 37 49 40 
50 24 20 21 18 8 27 34 8 4 16 30 13 26 20 15 40 33 48 39 45 23 47 34 36 25 42 47 17 46 44 43 57 19 10 7 18 12 32 10 21 40 17 25 12 3 16 26 27 45 36 29 10 44 45 38 24 36 28 36 53 28 17 11 13 23 14 18 10 16 16 13 11 22 26 23 22 5 32 32 27 19 24 21 27 41 26 5 27 28 36 17 3 34 5 14 33 8 22 16 14 16 22 9 20 18 25 33 13 26 12 27 33 23 13 10 34 36 25 11 30 14 23 40 17 26 9 40 14 23 43 5 15 19 15 20 33 24 9 22 18 19 36 10 16 35 8 17 23 32 32 27 23 
42 6 31 8 22 11 16 18 18 20 15 16 15 14 16 27 27 26 55 36 49 27 43 21 41 33 43 42 22 42 44 50 50 36 9 23 27 5 24 27 34 17 30 32 4 14 33 10 43 61 53 43 27 61 62 53 38 53 42 52 69 36 31 26 15 13 31 35 23 10 29 13 22 39 17 40 33 15 48 50 42 27 41 31 40 57 29 22 29 44 51 34 17 47 22 31 51 10 7 30 31 25 16 24 18 24 39 24 22 33 11 12 35 9 8 26 16 53 41 25 46 29 39 57 23 44 26 54 31 40 60 19 20 36 24 32 50 23 19 15 20 33 24 24 32 51 10 23 38 23 47 24 31 
73 36 43 40 43 22 47 39 33 20 40 49 16 46 43 38 59 56 71 64 70 48 71 53 61 49 67 71 42 70 69 67 81 33 23 29 6 30 26 20 11 25 32 39 29 27 28 42 43 60 42 49 22 55 50 53 46 38 48 53 64 51 39 17 38 24 31 21 34 38 10 36 36 38 48 32 46 21 46 39 47 43 27 44 48 55 51 23 9 28 27 25 21 17 22 26 37 30 30 37 26 41 45 16 44 43 44 55 11 1 20 34 12 30 24 17 44 36 39 34 25 35 40 50 42 32 23 26 25 31 45 29 40 20 40 42 48 49 15 44 42 41 56 15 20 33 24 42 43 54 48 52 47 
43 11 27 10 19 7 17 23 13 15 13 19 13 16 15 22 30 27 52 36 47 25 43 24 39 30 41 42 18 42 43 47 51 31 6 19 24 1 26 22 30 12 4 29 30 9 28 14 38 56 48 39 22 56 58 49 33 49 38 47 64 33 26 22 12 15 26 30 19 9 25 10 17 34 18 36 29 10 44 45 37 24 36 27 36 52 27 17 27 40 47 30 13 43 17 26 46 6 11 26 27 21 16 19 16 21 35 25 19 30 9 16 34 12 6 21 21 49 36 20 42 25 34 53 19 39 21 50 26 36 55 14 16 31 20 28 45 21 16 15 17 29 26 19 28 47 5 20 33 24 43 23 28 
46 21 19 18 15 7 23 32 6 8 13 27 14 23 16 14 37 30 47 36 43 21 44 30 34 24 39 44 14 42 42 42 54 22 9 9 21 9 32 14 24 3 14 27 9 40 19 22 29 47 39 30 14 46 48 39 25 39 29 38 55 27 17 14 10 22 16 22 10 12 20 9 10 25 23 26 21 6 34 35 28 18 27 20 27 43 24 9 28 31 40 21 6 38 9 17 37 5 20 17 17 15 19 13 16 16 26 29 16 28 12 25 35 21 12 14 31 40 27 11 34 15 25 43 14 29 13 44 17 26 46 5 12 23 14 20 35 21 12 18 15 20 32 13 19 38 6 15 24 29 33 24 22 
61 40 19 37 26 23 41 50 19 14 29 46 26 41 33 16 55 45 46 48 48 30 55 49 38 25 47 57 25 54 50 42 67 5 26 11 22 28 46 9 18 16 33 28 28 19 67 42 15 32 19 21 7 29 29 25 19 20 20 25 38 27 14 12 26 37 5 8 15 31 17 26 18 10 40 7 22 19 18 16 19 23 9 21 20 27 33 11 34 13 24 3 16 28 11 2 17 24 38 12 2 21 35 14 31 25 16 46 21 29 27 43 40 39 29 12 50 21 11 14 18 11 12 25 24 10 7 30 3 7 26 15 24 10 21 17 20 35 19 35 28 15 49 15 8 19 24 24 15 45 20 38 24 
33 8 35 5 23 21 8 19 24 29 15 6 25 7 14 31 16 20 54 30 45 27 36 11 40 35 39 34 24 35 39 49 42 44 19 31 38 14 30 36 44 26 10 42 14 22 42 49 48 66 61 48 36 67 70 59 42 62 47 56 75 38 36 36 17 21 38 44 29 12 39 17 26 45 10 48 35 24 54 57 46 30 50 34 44 62 27 31 38 54 61 43 27 57 31 40 59 17 14 36 40 28 13 33 17 26 44 16 32 43 22 15 44 15 18 35 12 62 48 30 56 35 45 64 25 52 35 64 40 49 68 26 22 45 27 37 55 20 30 12 20 38 15 34 42 61 19 25 43 15 53 20 33 
59 50 15 43 27 35 45 61 24 27 33 50 39 46 36 17 58 45 33 44 39 27 50 52 29 19 40 54 26 50 43 30 64 10 38 19 37 37 59 24 33 27 43 43 38 29 15 48 60 18 18 7 22 18 25 10 9 23 6 9 26 19 12 27 31 50 13 23 19 36 33 31 22 5 44 13 16 32 6 15 5 21 20 16 9 14 30 23 50 23 35 18 29 42 25 17 20 32 49 12 17 21 38 28 33 24 5 47 36 44 39 54 55 50 41 27 59 25 4 18 29 13 4 17 25 17 22 42 18 14 25 23 26 25 21 12 7 35 33 39 29 10 52 30 24 26 35 25 5 47 5 38 19 
71 68 30 61 43 53 61 79 42 46 50 67 57 62 53 34 74 59 34 56 44 41 60 68 38 32 48 65 42 60 52 33 74 27 56 38 54 55 78 41 48 45 61 60 56 47 32 66 18 25 22 18 40 10 22 7 23 29 19 9 11 31 30 44 48 69 32 38 37 54 50 49 39 23 60 27 31 50 13 23 19 36 33 31 22 5 44 42 67 34 45 34 47 55 43 35 27 50 67 30 34 37 55 46 50 40 21 62 54 61 58 73 72 68 59 45 77 31 21 36 41 31 22 13 41 29 39 52 36 28 26 42 43 40 38 28 12 50 51 55 46 27 67 47 40 33 53 41 22 62 13 53 33 
77 60 32 56 43 43 60 70 37 34 48 65 45 60 51 32 74 61 50 62 57 44 68 67 48 37 58 72 42 68 61 48 82 17 46 30 38 48 64 27 30 36 53 42 48 39 19 61 18 22 55 25 27 14 9 18 27 6 24 21 22 38 28 30 45 57 22 21 33 50 33 45 36 17 59 12 34 39 14 3 23 37 14 33 27 17 48 31 50 13 23 19 36 33 31 22 5 44 58 27 21 37 54 32 49 41 23 63 39 42 46 63 54 58 49 30 70 9 15 31 19 27 19 9 41 10 27 29 22 12 7 34 42 22 37 29 14 51 38 54 45 27 68 33 24 11 44 41 23 63 18 55 37 
54 50 12 42 25 38 43 62 25 31 32 49 43 44 34 16 56 41 26 39 32 23 44 50 23 14 33 48 24 44 37 22 58 16 40 22 43 38 62 29 39 29 43 49 39 30 21 48 7 18 25 62 27 22 31 12 5 30 1 9 28 14 12 32 30 53 18 29 20 36 39 31 21 11 41 20 12 35 11 23 2 18 27 13 3 15 26 27 54 30 43 24 32 49 28 23 27 33 50 13 23 19 36 33 31 22 5 44 40 50 42 56 61 51 43 32 59 32 12 19 37 15 9 22 23 24 26 49 24 22 32 25 25 31 20 10 11 31 37 37 27 10 49 34 30 33 37 22 6 44 7 35 15 
59 34 22 32 25 16 37 43 16 7 26 41 18 37 30 17 51 42 50 47 50 30 54 44 40 28 48 56 24 53 51 45 66 12 19 8 15 22 38 1 13 10 27 22 22 14 7 36 22 40 27 27 101 37 36 32 24 26 26 32 46 30 17 5 23 30 9 8 14 26 11 22 17 17 36 14 24 12 26 23 25 24 13 23 26 35 33 5 27 17 26 7 9 26 5 5 24 19 31 15 5 22 32 6 29 25 22 43 13 23 19 36 33 31 22 5 44 26 19 14 20 13 18 32 23 16 1 30 4 14 33 11 22 9 20 20 27 33 11 32 26 19 46 7 6 24 17 24 21 42 27 36 26 
77 68 33 62 46 52 64 79 43 43 52 69 55 64 55 36 77 63 43 62 52 45 67 71 44 37 55 71 45 66 59 42 81 25 55 37 50 55 75 38 43 44 61 55 56 46 29 67 18 10 14 22 37 27 12 10 27 20 22 14 9 36 31 41 50 67 30 33 38 55 45 50 41 21 62 22 34 48 12 15 22 39 27 35 26 7 48 40 63 27 37 30 45 47 41 31 19 50 66 31 31 40 57 43 52 43 24 66 50 55 56 72 67 67 58 41 77 23 19 36 33 31 22 5 44 23 37 43 32 23 16 41 45 34 40 31 11 53 48 58 48 29 71 44 35 25 52 43 24 66 15 57 37 
84 69 40 65 52 52 69 79 46 43 56 74 54 69 60 41 82 70 54 70 63 52 75 76 54 44 64 79 50 75 68 53 89 26 55 39 46 57 73 36 38 45 62 50 58 48 29 70 25 22 9 31 36 12 46 21 34 11 30 24 18 44 37 39 54 66 32 30 41 59 41 54 45 26 67 22 41 48 19 12 30 46 23 41 34 19 55 40 58 21 27 28 45 39 40 31 12 53 67 35 31 46 62 41 58 49 30 72 48 50 55 72 62 67 58 39 79 13 23 40 25 35 27 9 49 19 36 33 31 22 5 44 50 30 46 37 19 60 47 62 54 35 76 42 32 16 53 49 30 72 23 63 44 
66 60 24 54 37 46 55 72 35 38 43 60 50 55 46 27 68 53 33 51 42 35 56 62 34 26 44 60 35 56 48 31 70 20 49 30 47 48 70 34 42 38 53 53 49 39 25 59 10 7 18 12 32 10 21 39 17 25 12 3 16 26 23 37 41 61 24 31 30 47 43 42 32 15 53 20 24 43 6 17 12 30 27 25 15 3 38 34 60 28 40 27 40 49 35 27 22 43 60 23 27 31 48 39 43 34 14 56 46 54 50 65 65 61 52 37 70 27 13 28 35 24 14 11 34 23 32 47 28 22 24 34 36 33 31 22 5 44 44 49 39 20 61 40 33 29 46 34 15 56 6 47 27 
50 44 6 37 19 32 38 57 20 26 26 43 38 38 29 11 50 36 26 35 30 18 41 44 20 10 30 44 18 40 34 22 55 15 35 17 39 32 57 25 37 24 38 46 33 25 19 42 9 23 27 5 24 27 34 17 73 32 4 14 33 10 7 29 24 47 15 27 15 30 35 25 16 10 36 20 7 30 15 24 4 12 26 7 2 21 21 23 50 30 42 22 27 47 24 20 28 27 45 9 20 13 31 29 26 16 3 38 36 47 37 50 57 46 38 29 53 34 12 13 36 10 9 26 17 24 23 49 21 21 35 20 19 29 14 5 15 26 33 31 22 5 44 31 27 34 32 17 4 39 12 29 10 
80 60 36 57 46 43 62 69 39 33 50 66 43 62 53 35 76 64 56 66 62 48 73 69 53 41 63 75 44 72 66 53 86 19 45 31 35 48 62 26 26 36 53 38 49 39 20 62 23 29 6 30 26 20 11 25 32 66 29 27 28 42 32 28 47 55 24 19 35 51 30 47 38 21 61 14 38 39 20 7 29 41 12 37 32 24 51 31 47 10 16 18 36 27 31 22 3 44 57 30 22 40 56 31 51 44 28 66 37 38 45 62 50 57 48 29 70 2 19 33 13 29 23 15 43 10 27 23 22 13 7 36 44 19 40 33 21 54 36 56 48 30 70 31 22 5 44 44 27 65 24 58 41 
54 49 11 42 24 36 42 61 24 30 31 48 41 43 33 15 55 41 27 39 32 23 45 49 23 14 34 48 23 44 37 24 59 15 39 21 41 37 61 27 38 28 42 48 38 29 20 47 6 19 24 1 26 22 30 12 4 29 63 9 28 14 11 31 29 51 17 28 19 35 37 30 20 10 41 19 12 33 10 22 1 17 25 12 3 16 26 26 53 29 41 23 30 48 27 22 26 32 49 12 21 18 36 31 31 21 3 43 39 49 41 54 59 50 42 31 58 31 10 17 35 13 8 21 22 23 25 48 23 20 31 24 24 30 19 10 11 31 36 36 27 8 48 33 28 32 36 22 5 44 7 34 15 
63 58 21 51 34 45 52 70 33 37 40 58 49 53 43 25 65 50 30 48 38 32 52 59 30 23 41 57 33 52 44 28 66 20 47 29 47 46 69 33 42 36 52 53 47 38 25 56 9 9 21 9 32 14 24 3 14 27 9 44 19 22 20 37 38 60 23 32 28 44 43 39 30 14 50 21 21 41 7 20 10 27 28 22 12 7 35 33 59 30 42 27 38 50 34 27 24 41 58 21 27 28 45 38 40 31 12 53 46 54 49 64 65 59 50 37 68 30 13 26 36 22 13 15 31 24 31 49 28 23 27 32 34 34 29 19 6 40 43 46 36 18 58 40 33 31 44 31 13 53 5 44 24 
82 76 40 70 53 61 71 87 51 52 59 77 64 72 62 43 84 69 45 67 55 52 71 78 49 43 59 76 52 71 63 44 85 33 64 45 59 63 84 47 52 53 69 64 64 55 38 75 26 11 22 28 46 9 18 16 33 28 28 19 10 42 39 50 57 76 38 42 46 63 54 58 48 30 70 31 41 57 20 24 29 46 36 41 32 12 54 48 72 36 44 39 54 55 49 40 27 59 75 39 40 47 64 52 59 50 31 72 59 64 65 81 76 76 66 50 86 30 28 44 41 39 30 13 51 31 46 51 41 32 23 50 53 43 48 38 19 60 57 65 55 36 77 53 44 33 61 50 31 72 22 63 44 
40 42 8 33 15 34 32 55 20 31 22 38 41 33 24 13 43 27 20 25 20 11 30 38 10 3 20 34 14 30 23 15 44 24 36 22 45 31 59 32 44 28 36 51 33 27 27 38 19 31 38 14 30 36 44 26 10 42 14 22 42 88 13 35 21 48 23 35 17 27 42 23 16 21 30 30 5 33 25 35 14 9 36 7 10 29 12 28 55 39 52 31 31 56 29 28 39 27 44 15 28 11 25 35 20 12 14 31 41 52 39 49 61 45 38 35 50 44 23 17 46 17 19 36 13 34 29 58 29 31 45 23 16 38 13 10 25 19 37 26 17 12 36 36 35 44 33 13 15 31 21 22 5 
48 37 4 30 15 25 32 49 12 19 20 38 30 33 23 4 46 33 32 34 33 16 41 39 23 11 32 43 13 40 35 27 54 12 27 10 32 25 50 19 31 17 31 39 26 17 14 36 12 30 28 12 17 31 37 23 7 32 11 20 39 13 36 22 18 40 10 22 7 23 29 19 9 11 31 18 7 22 18 25 10 9 23 6 9 26 19 16 43 27 39 18 20 43 17 15 28 20 37 2 15 9 26 22 21 12 8 35 29 40 29 43 50 38 30 22 47 33 13 6 33 3 10 29 12 23 16 45 16 19 36 12 13 24 9 3 19 23 26 26 17 2 39 24 22 33 24 12 7 35 17 26 9 
61 32 26 32 28 15 38 41 18 6 28 41 15 37 31 22 51 44 54 50 54 33 57 45 44 32 51 58 27 56 54 50 69 17 17 12 10 22 34 3 10 11 26 17 22 14 12 36 27 44 30 32 5 41 39 37 29 28 31 37 50 35 22 36 25 27 14 9 18 27 6 24 21 22 38 18 29 11 31 26 30 27 15 27 31 40 37 7 22 18 25 10 9 23 6 9 26 19 28 20 10 25 34 2 31 28 27 44 9 18 16 34 28 29 20 0 42 28 23 18 20 18 23 36 27 19 6 29 8 17 35 14 25 9 24 25 32 35 8 33 29 24 47 3 6 25 16 27 26 44 32 39 30 
36 20 17 12 7 16 15 33 7 18 3 20 22 15 6 14 29 19 40 26 35 13 33 22 27 19 30 33 7 32 32 35 44 27 16 15 31 10 38 23 35 13 15 38 12 10 26 17 31 48 45 30 23 50 54 41 24 47 29 38 57 21 18 25 15 27 22 31 12 5 30 1 9 28 14 33 18 16 37 41 28 12 35 17 26 44 15 18 38 39 49 29 16 48 19 25 44 7 22 18 25 10 9 23 6 9 26 19 26 39 20 27 44 24 18 24 29 47 31 13 43 18 27 47 8 37 22 54 25 33 52 11 5 32 9 19 38 11 22 9 5 21 23 24 29 46 14 8 25 19 35 14 17 
55 13 42 22 34 15 29 15 28 23 28 28 12 27 29 37 38 40 67 50 62 40 57 33 54 45 56 55 34 55 58 62 63 42 12 30 22 17 10 29 31 23 13 24 15 22 37 21 50 69 57 53 30 67 66 61 47 55 51 60 76 48 40 27 27 45 37 36 32 24 26 26 32 46 30 44 43 18 55 53 50 39 42 42 50 64 42 27 18 45 49 37 21 42 26 35 53 21 7 39 35 36 30 24 32 37 48 38 18 25 10 9 23 6 9 26 19 55 48 34 45 38 46 63 35 46 30 50 34 44 62 27 32 36 35 42 57 36 19 29 33 42 37 23 33 52 15 35 47 36 55 38 43 
56 38 14 33 22 22 37 49 15 14 25 42 25 37 29 11 51 40 41 43 43 25 50 45 33 21 42 52 20 49 45 37 63 5 25 7 24 25 46 10 21 14 31 31 26 16 5 38 13 32 22 18 9 30 32 24 15 24 17 23 38 23 10 14 22 37 37 12 10 27 20 22 14 9 36 10 17 18 18 19 16 18 14 16 17 27 28 10 36 18 29 8 15 33 11 5 21 21 36 7 5 17 31 15 27 20 13 41 22 32 26 42 42 37 27 14 48 25 10 9 23 6 9 26 19 14 8 35 6 11 30 12 20 14 16 12 19 30 19 31 23 10 45 16 12 24 22 19 12 41 18 34 19 
67 41 27 40 33 23 45 50 23 15 34 49 24 45 38 24 59 50 54 54 56 36 62 52 46 33 54 63 31 61 57 50 74 12 26 16 16 30 42 8 10 18 35 21 30 22 8 44 23 38 21 29 8 33 30 31 27 19 28 32 42 35 22 9 31 36 12 50 21 34 11 30 24 18 44 11 30 20 25 18 27 30 6 28 28 33 40 13 29 9 18 4 17 20 13 7 17 27 38 20 7 28 40 11 37 32 24 51 17 22 26 43 34 38 29 9 51 18 18 20 12 18 19 28 30 10 9 23 6 9 26 19 30 2 27 25 26 40 17 40 34 23 54 12 2 16 25 31 23 50 27 44 32 
46 30 9 24 11 18 27 42 5 13 15 32 23 27 18 4 41 29 37 33 36 15 40 34 26 14 33 42 10 39 36 32 52 15 20 5 27 18 42 15 28 10 23 34 19 10 15 29 19 37 33 20 14 38 41 30 15 35 19 28 46 17 7 18 12 32 10 21 21 17 25 12 3 16 26 21 12 15 25 29 18 9 24 10 17 33 19 10 37 28 39 18 13 41 12 14 32 13 30 7 14 7 21 17 16 10 15 30 23 35 22 35 44 31 23 18 39 36 18 1 33 6 16 35 9 25 13 45 15 21 40 5 9 23 6 9 26 19 20 21 12 10 35 19 20 35 17 9 14 30 24 23 12 
35 15 23 6 12 15 10 28 12 20 4 15 21 10 5 19 24 18 44 26 38 17 34 18 31 24 32 33 12 32 34 39 43 32 15 20 32 7 34 26 37 16 10 38 9 12 31 12 36 54 50 36 26 55 59 47 30 51 35 44 63 27 23 27 5 24 27 34 17 18 32 4 14 33 10 37 24 17 42 46 34 18 39 22 32 50 18 21 36 43 52 33 18 50 21 29 48 7 18 24 29 16 7 25 8 15 32 17 26 39 18 22 43 19 16 27 23 52 36 18 46 23 33 52 13 41 25 56 29 38 57 15 10 36 15 25 43 12 23 6 9 26 19 26 32 50 13 13 31 16 41 14 22 
67 34 33 36 34 17 42 41 24 12 33 45 15 42 37 28 55 50 61 56 61 40 64 49 51 39 58 64 33 62 61 57 74 22 19 19 5 26 31 10 5 16 29 10 25 20 17 39 33 50 33 39 11 45 41 43 35 30 37 43 54 42 29 6 30 26 20 11 25 32 47 29 27 28 42 22 36 15 36 30 36 34 18 34 37 45 43 14 17 20 23 15 14 18 12 15 29 24 30 26 16 32 39 7 37 35 34 49 7 11 18 34 22 30 21 6 44 29 29 24 18 25 29 40 33 22 12 25 14 21 37 20 32 10 31 32 37 41 9 38 35 30 51 6 9 26 19 33 32 48 37 44 37 
37 19 18 11 8 14 15 32 7 17 3 19 21 15 7 14 29 20 41 27 36 14 34 22 28 20 31 35 8 33 33 36 45 27 15 15 30 9 36 23 34 13 13 36 10 9 26 17 31 49 45 31 22 50 54 42 25 47 30 39 58 23 19 24 1 26 22 30 12 4 29 12 9 28 14 33 19 15 37 41 29 14 35 18 27 45 16 17 36 39 49 28 15 47 18 25 44 6 21 19 25 12 9 22 7 11 27 20 25 37 18 26 43 22 17 24 28 47 31 14 43 18 28 47 9 37 21 53 25 33 52 11 6 32 10 20 38 12 21 9 7 21 23 23 28 46 12 9 26 19 36 15 18 
42 28 9 21 8 18 23 40 4 15 11 28 24 24 15 5 37 26 36 30 34 12 37 31 24 13 30 38 6 36 33 31 49 19 20 8 29 16 42 18 31 11 22 36 17 10 18 26 22 39 36 21 17 41 45 32 16 38 20 30 48 16 9 21 9 32 14 24 3 14 27 9 19 19 22 24 11 16 28 33 20 7 28 10 18 36 15 13 38 32 43 21 14 44 14 18 35 11 28 9 18 5 17 20 13 7 17 27 25 37 22 34 45 30 22 20 37 39 22 5 36 9 18 38 6 29 16 48 18 25 44 6 5 26 3 10 29 16 21 17 9 12 31 21 23 38 16 6 17 27 26 19 11 
59 46 14 40 26 31 43 57 21 23 31 48 34 43 34 15 56 44 37 45 41 27 51 50 31 20 41 54 24 50 45 33 64 5 33 15 32 33 55 18 28 22 39 38 34 25 10 45 5 23 17 11 17 21 26 15 10 21 10 14 30 21 11 22 28 46 9 18 16 33 28 28 19 53 42 9 16 27 9 14 9 20 15 16 11 18 30 19 45 19 31 13 24 37 20 12 18 28 45 9 12 20 36 23 32 23 7 46 31 39 35 50 50 46 36 22 56 23 2 14 25 9 1 18 23 13 17 38 13 10 25 19 24 20 20 12 10 34 28 37 28 9 50 25 19 23 31 23 6 46 9 37 19 
25 18 29 8 16 25 2 29 21 31 11 7 31 3 7 27 15 9 44 20 35 19 26 8 30 28 28 24 17 25 29 39 33 41 24 29 42 17 40 37 47 26 17 48 18 23 40 10 44 60 59 41 36 62 67 53 36 61 41 50 70 30 31 38 14 30 36 44 26 10 42 14 22 42 39 47 29 27 50 55 40 23 49 28 38 57 18 31 46 53 63 43 28 61 32 39 58 18 23 32 39 22 5 36 10 19 39 7 37 49 27 26 52 25 24 37 22 61 44 27 57 32 41 60 18 51 35 67 39 47 66 25 17 46 22 31 51 10 33 5 14 33 9 36 42 60 23 19 38 6 48 9 26 
66 47 22 44 32 30 48 57 25 21 36 52 32 48 39 21 62 50 46 52 50 34 59 55 40 28 50 62 30 58 53 42 72 5 33 17 27 35 52 15 21 23 40 32 36 26 7 48 13 27 12 20 14 22 22 20 20 14 19 21 31 30 18 18 33 44 10 11 21 37 22 33 24 9 47 44 25 27 14 9 18 27 6 24 21 22 38 18 40 10 22 7 23 29 19 9 11 31 45 16 9 26 42 20 37 30 16 51 27 33 34 51 45 46 36 18 57 15 8 19 16 15 11 18 29 4 14 29 10 1 19 22 30 12 26 20 15 40 26 42 33 17 56 21 12 14 31 29 15 51 16 44 28 
42 39 2 30 12 29 30 51 15 25 19 36 35 31 22 7 43 28 25 28 26 11 34 37 16 3 25 37 11 34 28 20 48 19 31 16 39 27 54 26 38 22 33 46 29 21 22 35 16 31 34 12 24 34 41 24 7 38 12 21 41 5 7 29 18 43 17 30 12 24 36 19 11 16 29 25 36 27 22 31 12 5 30 1 9 28 14 22 49 34 47 25 25 50 23 23 35 23 40 10 22 7 23 29 19 9 11 31 35 47 34 45 56 41 34 29 47 40 18 11 40 11 15 33 10 29 23 53 23 26 41 17 13 32 8 5 23 19 32 24 15 7 36 30 29 39 28 10 11 31 19 22 3 
52 21 25 21 22 3 27 30 12 5 19 30 8 26 22 20 40 35 53 42 50 27 50 34 41 30 45 50 21 48 48 48 60 23 6 12 15 10 27 12 20 5 15 21 10 6 19 24 32 50 39 35 12 48 48 43 30 39 33 41 57 33 22 11 16 18 18 20 15 17 15 15 16 27 27 27 27 80 37 36 32 24 26 26 32 46 30 8 22 30 36 20 3 33 8 17 36 9 18 21 17 21 24 9 22 23 30 34 10 22 7 23 29 19 9 11 31 39 29 16 31 19 28 45 21 29 12 40 17 26 46 10 19 21 20 25 38 27 6 23 21 25 36 9 17 37 5 21 28 33 37 30 28 
65 55 21 49 33 40 51 67 30 32 39 57 44 52 42 23 65 51 36 50 43 33 56 58 34 25 45 59 32 55 48 33 69 13 43 25 41 43 64 27 35 32 48 46 44 34 18 54 6 13 14 11 26 12 19 6 15 20 10 7 20 25 18 31 37 55 18 25 25 42 36 37 28 9 50 14 22 37 20 12 10 27 20 22 14 9 36 28 53 22 34 20 34 42 29 21 17 38 54 18 20 27 44 32 40 30 11 53 40 47 44 60 58 55 46 31 65 22 7 23 29 19 9 11 31 16 26 41 22 15 21 29 32 26 28 18 1 41 38 45 36 16 58 34 26 23 40 31 11 53 3 44 25 
73 57 29 53 40 40 56 67 34 30 44 61 41 56 48 29 70 58 48 59 54 41 65 64 45 34 55 68 38 65 59 46 79 14 42 26 35 44 61 24 27 32 50 39 45 35 16 57 15 23 3 23 23 15 12 17 24 7 22 20 24 35 25 26 41 53 19 18 29 46 30 41 33 14 55 9 31 36 12 45 21 34 11 30 24 18 44 27 47 11 22 16 33 32 28 18 4 40 54 23 18 34 50 29 46 37 21 60 36 40 43 60 52 55 45 27 66 10 12 28 18 23 15 10 37 7 23 29 19 9 11 31 38 19 34 26 13 48 34 50 42 23 64 30 20 11 40 37 20 60 16 51 34 
54 48 11 41 24 35 42 60 23 29 30 48 40 43 33 14 55 40 28 39 33 23 45 49 24 14 34 49 23 45 38 24 59 14 38 20 40 36 60 26 37 27 42 47 37 28 19 46 5 19 23 2 25 22 30 12 4 29 1 10 29 14 10 30 28 50 16 27 18 34 36 29 20 9 40 18 12 32 10 21 15 17 25 12 3 16 26 25 52 28 40 22 30 47 26 21 25 31 48 11 20 18 35 30 30 21 2 43 38 48 40 54 58 49 41 30 57 31 10 17 34 12 7 21 21 22 24 47 22 19 31 23 23 29 19 9 11 31 35 36 26 8 48 32 27 31 35 21 4 43 7 34 15 
39 33 6 25 6 25 25 46 11 23 14 30 32 25 16 6 37 24 29 25 26 6 32 31 17 6 24 34 6 31 27 24 45 21 27 15 37 22 49 25 37 19 27 43 24 18 23 30 21 36 37 18 24 39 46 30 12 41 17 27 46 9 9 27 12 39 18 30 9 18 34 14 7 20 23 27 5 24 27 34 17 47 32 4 14 33 10 20 46 36 48 26 22 50 21 23 38 18 35 11 23 2 18 27 13 3 15 26 32 45 30 40 53 36 29 27 42 42 22 10 41 12 19 38 4 32 22 53 24 28 45 14 7 32 4 8 27 14 29 19 9 11 31 28 29 42 24 4 15 26 24 17 4 
70 47 28 45 36 30 50 56 28 21 38 54 30 50 42 25 64 54 53 57 56 39 64 57 46 34 55 66 34 63 59 49 77 11 33 19 23 36 49 14 15 24 41 27 36 27 9 50 20 33 14 27 13 27 23 27 26 12 25 28 36 36 23 15 35 42 14 6 24 39 18 35 28 15 49 6 30 26 20 11 25 32 58 29 27 28 42 18 35 4 16 6 23 22 18 10 10 32 44 21 10 31 44 18 41 34 23 55 24 28 32 50 40 45 35 16 57 12 15 23 10 20 17 22 33 4 14 22 10 5 19 24 33 7 30 25 22 44 23 44 37 23 58 19 9 11 31 34 22 54 23 47 33 
43 38 1 29 11 28 30 50 14 24 18 35 34 30 21 6 42 28 27 28 27 11 35 36 17 4 25 38 10 34 29 22 48 18 30 15 37 26 52 24 37 21 31 44 27 20 21 34 16 31 33 13 23 35 41 25 7 37 12 22 41 7 6 27 17 42 16 28 10 22 34 18 10 16 28 24 1 26 22 30 12 4 29 38 9 28 14 20 48 33 46 24 24 49 22 21 34 21 38 8 21 6 23 27 18 8 11 30 34 45 32 44 54 40 32 27 46 39 18 10 39 10 14 33 9 29 22 51 22 25 41 16 12 31 7 4 23 18 30 23 14 6 36 29 28 39 27 9 11 31 19 22 3 
51 47 8 39 21 35 39 59 22 29 28 45 40 40 30 13 52 37 25 36 30 19 41 46 20 11 30 45 20 41 34 21 55 16 37 20 41 34 60 27 38 27 40 48 36 27 20 44 9 22 27 3 26 26 34 15 2 32 3 12 32 10 9 31 26 50 17 28 17 32 37 27 18 11 38 21 9 32 14 24 3 14 27 9 18 19 22 25 52 31 43 24 29 49 26 22 29 30 47 11 21 15 32 31 27 18 4 40 38 49 39 52 59 48 40 31 55 34 13 16 37 12 10 25 19 25 25 50 23 22 34 22 21 31 16 7 14 28 35 33 23 7 45 33 29 35 34 19 5 40 11 31 11 
70 64 27 57 40 49 58 75 39 41 47 64 53 59 49 30 71 57 35 55 45 39 59 65 37 30 48 64 39 59 51 34 73 22 52 33 49 51 73 36 43 41 57 55 52 43 27 62 14 5 17 15 35 7 19 3 21 24 16 7 12 29 26 40 44 64 27 33 33 50 45 45 36 18 57 22 28 46 9 18 16 33 28 28 19 22 42 37 62 29 40 29 42 50 38 30 22 46 63 26 29 34 52 41 47 37 18 59 49 56 53 69 67 64 55 40 73 27 16 32 36 27 18 10 38 24 35 47 31 23 22 37 40 35 35 25 7 47 47 52 43 23 65 42 35 29 49 38 19 60 9 50 31 
28 33 15 23 8 31 20 46 18 31 14 26 37 21 13 16 30 15 26 14 20 3 21 25 12 11 15 24 9 20 17 21 34 32 31 24 45 25 53 34 47 26 29 51 27 24 33 27 30 44 48 26 33 48 55 38 21 51 26 35 54 12 19 37 15 42 28 40 19 18 43 16 15 30 18 38 14 30 36 44 26 10 42 14 22 42 62 29 52 47 58 37 29 60 30 33 48 22 36 21 33 11 14 35 10 8 25 18 40 53 35 41 59 38 33 36 40 53 32 19 52 22 29 47 10 42 32 64 34 39 55 22 11 42 12 18 37 7 36 15 9 21 23 37 39 52 29 9 25 19 33 9 11 
54 29 19 27 21 12 32 39 11 4 21 36 15 31 25 15 46 37 48 43 47 26 50 39 37 25 44 51 19 49 47 43 62 14 15 5 16 17 36 5 17 5 22 23 17 9 11 31 23 42 31 27 5 40 40 34 23 31 26 33 48 28 16 7 18 27 10 13 10 21 14 17 13 19 31 18 22 8 28 27 25 20 18 20 25 37 29 50 27 22 31 12 5 30 1 9 28 14 27 14 9 18 27 6 24 21 22 38 13 24 16 32 34 27 18 7 39 31 20 10 25 12 19 36 19 21 4 35 8 18 37 7 18 14 17 19 29 28 10 27 21 18 41 8 11 29 13 19 21 37 28 32 23 
71 31 47 37 44 22 45 32 35 24 40 45 15 43 42 42 55 55 75 63 72 50 71 50 63 52 68 70 43 69 70 70 79 39 21 33 12 29 17 26 20 27 29 9 27 28 34 38 50 67 50 54 27 63 58 60 50 47 53 59 72 55 43 22 38 18 36 29 37 36 17 36 38 45 46 40 49 22 53 47 52 46 35 48 52 62 52 27 54 37 36 32 24 26 26 32 46 30 25 41 32 43 44 21 44 45 49 53 14 9 18 27 6 24 21 22 38 45 46 38 34 40 46 58 43 40 28 35 31 39 54 32 41 28 42 46 55 48 17 43 43 45 53 20 27 42 23 44 48 52 54 51 50 
74 51 32 49 40 33 54 60 32 24 42 58 33 54 46 30 68 58 56 61 60 43 68 61 50 38 59 70 38 67 63 52 81 15 36 24 25 40 52 17 16 28 44 28 40 31 13 54 23 34 13 30 17 27 21 28 30 10 29 30 36 39 27 18 39 45 18 9 28 43 20 39 32 19 53 10 34 30 22 11 28 36 4 33 31 29 47 22 37 28 12 10 27 20 22 14 9 36 47 25 14 35 49 21 45 38 26 59 27 29 35 53 41 48 38 19 61 9 18 27 6 24 21 22 38 5 18 19 14 8 17 28 38 9 34 29 23 48 26 48 41 27 63 22 12 7 34 38 25 59 25 52 37 
85 57 44 57 51 40 63 64 42 32 52 66 38 63 56 41 77 68 69 73 72 54 80 70 62 50 71 82 49 79 75 65 92 27 42 34 26 47 53 25 17 36 51 27 47 40 24 61 35 45 23 43 26 37 27 40 42 16 41 42 44 52 39 25 49 49 29 18 39 52 23 49 43 31 63 22 47 36 34 22 40 48 16 46 43 40 58 31 36 12 18 21 34 11 30 24 18 44 53 37 25 46 58 27 55 50 39 69 30 27 41 57 38 53 44 25 67 14 30 38 6 36 33 32 49 18 27 6 24 21 22 38 48 16 45 42 35 59 32 58 52 39 72 27 20 11 41 49 38 68 37 62 49 
64 41 23 39 29 24 43 51 21 15 32 48 25 43 35 20 57 47 49 51 52 33 58 51 42 29 50 60 28 57 53 45 71 8 27 13 20 29 45 8 15 17 34 25 30 21 3 43 18 34 19 24 7 30 28 27 22 18 23 27 39 31 18 10 29 37 8 4 18 33 15 28 21 13 43 7 25 20 20 16 22 26 6 24 24 29 37 12 32 10 21 36 17 25 12 3 16 26 38 15 3 25 38 13 34 28 20 48 20 26 27 44 38 39 29 11 51 19 14 17 15 14 15 25 27 9 8 27 3 6 25 17 27 6 24 21 22 38 18 38 31 18 52 14 5 17 25 27 18 48 22 41 28 
52 24 23 22 21 6 28 34 11 2 19 32 10 28 22 18 42 36 51 42 49 26 50 36 39 28 45 50 20 48 47 46 60 20 9 9 15 13 30 9 19 3 17 21 13 6 16 27 29 47 36 32 9 45 45 40 27 36 30 38 54 31 20 9 16 21 15 17 13 18 14 15 14 24 28 23 25 3 34 33 30 22 23 24 29 42 29 5 24 27 34 17 55 32 4 14 33 10 21 18 14 20 25 7 22 22 27 35 10 23 10 27 30 22 12 8 34 36 26 14 29 17 25 41 20 26 9 38 14 23 43 8 18 18 18 22 35 27 6 24 21 22 38 7 15 34 7 20 25 34 34 30 26 
85 52 47 54 52 36 61 57 42 30 51 63 32 60 55 44 74 68 74 73 76 56 81 68 66 54 74 82 50 80 77 70 92 32 37 35 19 44 44 25 13 34 47 17 43 38 28 57 42 55 33 49 26 47 39 49 47 27 48 50 55 56 43 23 48 42 33 20 41 50 18 47 44 37 61 29 50 33 42 32 47 50 22 49 49 50 60 30 26 20 11 25 32 13 29 27 28 42 47 40 28 48 57 25 55 51 45 68 25 17 35 51 27 46 39 23 61 25 37 40 14 39 39 42 50 26 27 9 26 27 34 37 49 18 47 45 44 59 27 56 52 43 70 24 21 22 38 50 43 67 45 62 52 
55 29 21 27 22 11 32 38 12 2 22 36 14 32 25 16 46 38 49 44 48 27 51 40 39 26 45 52 20 50 48 44 62 15 14 7 15 17 34 5 16 5 22 22 17 9 11 31 25 43 31 28 5 41 40 35 24 31 27 34 49 29 17 6 19 26 11 13 12 21 12 18 14 20 32 19 23 8 29 28 26 21 18 22 26 38 30 1 26 22 30 12 4 29 48 9 28 14 26 15 9 19 28 5 25 22 23 38 12 23 15 32 32 27 17 6 39 31 22 12 25 14 21 37 20 21 4 35 9 18 38 8 19 14 18 20 31 29 8 27 22 19 41 6 10 29 12 21 22 38 30 32 25 
60 38 20 35 26 21 40 48 17 12 28 44 23 40 32 16 54 44 47 48 49 30 55 47 39 26 47 57 24 54 50 43 67 7 24 9 20 26 43 6 16 14 31 26 26 17 2 40 17 35 22 23 5 31 31 27 20 22 22 27 40 28 15 9 25 35 5 7 14 29 15 25 18 12 39 9 23 17 21 18 21 23 10 21 22 30 33 9 32 14 24 3 14 27 9 42 19 22 36 13 0 21 34 11 30 25 18 45 19 27 24 41 38 36 27 10 48 22 13 13 18 11 14 27 24 12 5 30 1 9 28 14 23 9 20 18 22 34 17 34 27 16 48 12 6 21 22 24 17 44 22 38 25 
77 58 32 54 43 40 59 67 36 31 47 63 41 59 50 32 73 61 53 63 59 45 69 66 49 38 59 72 41 69 63 50 83 16 43 28 33 46 60 24 25 33 51 37 46 37 17 59 20 27 5 27 24 19 12 22 28 3 26 24 27 39 28 26 44 53 21 17 32 48 29 44 35 18 58 11 35 36 17 4 25 38 10 34 29 22 48 28 46 9 18 16 33 28 28 19 44 42 55 26 19 37 53 29 48 41 25 62 35 38 43 60 50 55 46 27 68 5 16 30 14 26 19 14 40 7 24 24 19 10 9 33 41 18 37 30 18 51 34 53 44 27 67 29 20 6 41 40 24 62 21 55 38 
42 17 21 13 14 8 18 29 7 12 9 22 15 18 12 16 32 25 46 33 42 20 40 25 34 24 37 40 13 39 39 41 50 26 9 13 24 4 31 19 29 8 10 30 6 5 24 17 32 50 44 33 19 50 53 43 27 44 32 41 59 27 20 19 7 21 21 27 13 7 24 6 11 28 18 31 23 9 38 40 31 18 32 21 30 46 22 14 30 36 44 26 10 42 14 22 42 76 17 20 22 15 14 17 13 16 28 25 19 32 12 22 37 18 11 19 27 45 31 14 39 19 28 47 14 34 18 48 22 31 50 9 11 28 14 22 39 18 15 14 12 23 27 18 24 43 6 14 27 24 37 21 22 
47 6 38 14 29 14 22 12 25 23 22 21 15 20 23 34 30 33 62 43 56 35 50 26 49 41 50 48 29 48 51 57 56 41 11 29 27 12 16 30 35 22 7 30 11 20 38 14 49 67 58 50 31 66 67 60 45 57 49 58 75 44 37 28 22 7 36 38 30 18 30 21 28 45 23 45 40 18 54 54 48 35 44 38 47 63 36 27 25 47 53 38 21 47 26 36 55 17 55 37 36 32 24 26 26 32 46 30 22 31 12 5 30 1 9 28 14 57 47 31 48 36 45 63 30 47 30 55 35 45 64 25 27 38 31 39 55 30 21 22 27 40 29 26 35 54 14 31 44 29 54 31 39 
50 37 7 31 16 24 33 49 12 17 21 38 29 34 24 5 47 34 34 36 36 18 43 41 26 13 34 45 15 42 38 30 56 10 26 8 30 25 48 16 28 16 30 37 26 17 12 36 12 30 27 13 15 31 35 23 9 30 12 21 39 15 2 20 18 39 7 20 7 24 26 19 9 9 32 16 10 21 18 23 11 11 21 8 11 26 21 14 41 25 37 15 18 40 15 13 26 20 37 45 12 10 27 20 22 14 9 36 27 38 28 42 48 38 29 20 47 31 12 5 30 1 9 28 14 20 14 43 13 17 34 11 15 22 10 5 19 24 24 27 18 4 41 22 19 30 23 14 7 36 17 28 12 
60 38 19 35 26 21 40 48 17 12 28 44 24 40 32 16 54 44 46 47 48 29 54 47 38 26 47 56 24 54 50 42 67 6 24 9 20 26 43 6 16 14 31 26 27 17 2 40 17 34 21 23 5 31 31 27 20 22 21 27 40 28 15 10 25 35 5 7 14 29 16 25 18 12 39 9 22 17 20 18 20 23 10 21 21 29 33 9 32 14 25 3 14 28 9 0 19 22 36 12 62 21 34 11 30 24 18 44 19 27 25 41 38 36 27 10 48 22 13 13 18 11 13 27 23 12 5 30 1 9 28 14 23 9 20 17 22 34 17 34 27 15 48 13 7 21 22 24 16 44 21 37 24 
39 31 6 23 6 23 24 44 9 20 12 29 29 24 15 5 37 24 31 26 29 8 33 31 19 8 26 35 4 32 29 26 46 20 24 13 34 20 47 23 35 16 25 41 21 15 21 28 21 37 37 19 22 40 46 31 13 40 18 28 47 11 9 25 10 36 17 28 7 16 32 12 5 20 22 26 7 21 27 34 18 2 31 6 15 34 11 18 43 35 46 25 20 48 19 21 37 15 32 10 21 24 17 25 12 3 16 26 30 42 27 38 50 34 27 25 40 41 22 8 40 11 19 38 3 31 20 52 22 27 45 12 5 30 1 9 28 14 26 17 8 11 30 26 27 41 21 3 16 26 25 17 6 
27 20 24 9 11 23 6 32 16 27 6 12 29 7 2 21 20 10 40 19 32 14 26 13 27 23 26 26 12 25 27 36 35 36 22 25 39 15 40 33 44 22 16 45 16 19 35 13 38 55 54 36 32 57 62 48 31 56 36 45 64 25 26 34 9 30 31 40 21 7 39 9 17 36 5 42 23 24 44 50 35 18 44 23 32 52 14 27 44 49 58 38 25 57 28 34 53 14 24 27 34 17 11 32 4 14 33 10 34 46 26 27 51 25 23 33 25 56 39 22 52 27 36 55 13 46 31 63 35 42 61 20 12 42 16 26 45 6 30 1 9 28 14 33 38 55 20 13 33 9 42 7 21 
59 30 26 29 27 12 36 38 17 5 26 39 12 35 29 21 49 43 54 49 54 32 56 43 44 32 50 57 26 55 53 50 67 18 15 12 10 19 32 5 11 9 24 16 19 13 14 33 28 46 32 33 6 43 41 39 29 31 31 38 52 35 22 2 23 24 15 11 17 25 7 22 20 23 36 20 29 9 32 29 30 27 18 27 31 41 35 6 21 21 27 13 7 25 5 11 29 17 26 20 11 25 32 61 29 27 28 42 7 17 14 31 27 26 17 2 39 30 25 17 22 19 24 38 25 22 6 31 10 19 38 13 24 12 23 25 34 34 5 31 27 24 45 1 9 28 14 26 26 42 33 37 30 
30 23 19 12 6 22 11 35 13 24 3 17 28 12 3 17 24 13 37 19 30 10 27 18 23 18 24 27 7 26 26 32 37 32 22 21 37 15 42 30 41 20 18 44 16 16 31 17 33 50 49 31 29 52 58 43 26 51 31 40 59 20 21 31 6 32 27 37 16 8 37 7 13 32 10 37 19 22 40 46 30 13 41 18 27 47 10 24 44 45 55 34 22 55 25 30 48 13 26 22 30 12 4 29 3 9 28 14 32 45 25 30 50 27 23 31 29 52 34 18 49 22 31 50 8 42 27 60 31 38 57 17 7 38 12 21 41 4 29 5 4 23 18 30 35 51 20 9 28 14 37 7 16 
36 30 9 21 3 24 21 43 10 23 10 27 30 22 12 8 34 20 30 22 27 5 30 28 18 9 23 31 2 29 26 25 42 24 25 16 37 20 47 26 38 18 24 43 21 16 25 26 24 40 41 22 25 43 49 34 16 44 21 31 50 12 12 28 9 37 20 32 10 15 35 11 7 23 19 30 9 23 30 37 21 3 34 8 18 37 8 21 45 38 50 28 22 51 22 25 41 16 32 14 24 3 14 27 9 18 19 22 32 44 28 37 52 33 27 28 38 45 26 11 43 14 22 41 2 34 23 55 25 31 48 14 4 34 4 12 31 10 28 15 5 14 27 28 30 44 22 1 19 22 28 14 7 
53 46 9 39 22 33 40 58 21 26 28 46 38 41 31 12 53 39 29 39 34 22 45 47 24 13 34 48 21 44 38 26 58 12 35 17 38 33 57 24 34 25 39 44 35 26 16 44 5 21 23 5 22 24 30 14 3 28 3 12 31 14 8 27 26 48 13 24 15 32 34 27 17 7 39 16 11 30 11 21 2 15 23 11 4 18 25 22 49 26 39 20 27 45 23 18 25 28 46 9 18 16 33 28 28 19 57 42 35 45 37 51 55 47 38 27 55 30 8 14 33 10 5 22 20 21 21 45 19 18 31 20 21 27 17 7 12 29 32 34 24 5 47 29 25 30 32 19 1 42 9 33 14 
17 25 32 16 20 32 8 35 27 37 16 11 38 10 13 31 12 4 42 14 31 20 20 8 29 29 24 17 21 18 24 37 26 46 32 35 49 24 47 43 54 33 24 55 25 29 46 16 47 62 63 44 43 66 72 56 38 66 43 53 72 31 35 44 19 38 41 51 30 17 49 20 27 46 7 51 31 34 53 60 43 26 55 30 40 59 18 38 53 59 69 48 35 68 38 45 62 25 30 36 44 26 10 42 14 22 42 28 44 56 35 32 59 32 32 44 27 66 48 32 63 36 45 64 22 56 41 73 45 52 71 31 21 52 26 34 54 12 41 11 18 37 5 43 49 66 30 22 41 1 50 9 28 
61 27 33 29 31 11 36 33 22 10 29 38 7 35 32 28 49 45 61 52 59 37 60 43 50 38 55 60 30 58 58 56 70 26 13 19 5 19 25 12 13 13 22 11 19 16 21 32 36 54 39 40 13 50 48 46 36 37 39 46 59 41 29 9 26 18 22 17 23 26 7 25 25 31 37 27 35 10 40 36 38 32 24 34 38 49 40 13 14 27 30 20 10 25 12 19 35 19 22 27 19 30 34 7 32 32 35 44 74 12 10 27 20 22 14 9 36 36 32 24 26 26 32 46 30 28 14 32 18 26 44 18 28 17 29 32 41 37 3 33 31 31 45 6 15 33 13 31 34 43 41 40 36 
74 36 44 41 44 23 48 40 34 22 41 50 17 47 44 39 60 57 72 65 71 49 72 54 62 50 68 72 43 71 70 68 82 34 24 30 7 31 26 21 12 26 33 1 30 28 29 43 44 61 42 50 23 55 50 54 47 38 49 54 64 52 40 18 39 25 32 22 35 39 11 37 37 39 49 33 47 22 47 40 48 45 28 45 49 56 53 24 9 29 27 26 23 17 23 27 38 32 31 38 27 42 46 17 45 44 45 56 12 72 21 34 11 30 24 18 44 37 40 35 25 36 41 50 43 32 24 26 26 32 46 30 41 21 41 43 49 50 16 45 43 42 57 16 20 34 25 43 44 55 49 53 48 
53 16 32 19 26 4 27 24 18 12 22 28 3 26 24 27 39 36 59 45 55 32 52 33 46 36 50 52 26 51 52 54 61 31 3 19 15 10 20 18 23 12 11 20 9 12 27 22 39 58 46 42 19 56 55 50 37 45 41 49 65 39 29 16 20 10 26 26 22 18 18 18 22 35 27 34 34 7 44 43 40 30 32 32 39 53 35 16 18 35 41 27 10 35 15 24 43 12 12 28 25 27 26 14 25 28 37 35 10 21 65 17 25 12 3 16 26 45 37 23 36 27 35 52 26 36 19 43 24 33 52 17 24 26 26 32 46 30 9 24 25 32 36 13 23 42 6 27 36 34 44 33 34 
48 7 44 18 34 20 24 6 30 29 27 22 19 22 27 39 30 35 67 46 60 40 52 26 53 46 54 50 34 51 55 62 57 47 17 35 31 17 15 36 40 27 12 34 16 25 43 15 54 73 63 56 36 72 72 65 50 62 54 64 81 49 43 34 27 9 42 43 35 22 34 26 34 50 26 51 45 23 60 60 54 40 50 44 52 69 41 32 27 53 57 44 27 51 32 41 60 22 5 42 41 38 27 31 30 37 51 32 27 34 17 48 32 4 14 33 10 62 53 37 53 41 50 68 35 53 36 59 41 50 69 31 32 43 36 45 61 34 26 26 32 46 30 31 40 60 19 36 50 31 59 35 44 
77 36 53 43 51 28 51 36 41 30 47 51 22 50 49 48 61 61 81 70 79 57 77 56 70 58 74 77 50 76 77 76 86 45 28 39 17 35 19 31 24 33 35 12 34 35 40 44 55 72 54 61 33 67 62 65 57 50 59 65 76 61 50 28 44 23 42 34 44 43 22 43 45 50 52 45 56 29 58 52 58 53 40 54 59 67 59 34 6 41 38 38 30 27 32 38 50 37 30 48 38 50 51 27 50 52 55 59 20 11 25 32 52 29 27 28 42 48 51 44 37 46 52 62 50 44 34 36 37 44 57 38 48 32 49 53 60 55 24 49 50 52 59 26 32 46 30 50 54 58 60 58 56 
49 7 40 16 31 15 23 11 26 24 24 22 15 22 25 35 31 34 64 44 58 36 51 27 50 42 52 49 31 50 53 59 57 42 12 30 27 13 15 31 35 23 9 30 12 21 39 15 50 68 58 51 31 67 67 61 46 57 50 59 76 45 38 29 24 6 37 38 31 19 30 22 30 46 25 46 41 19 55 55 49 36 45 40 48 64 38 27 24 48 53 39 22 46 27 36 55 18 1 38 36 34 25 26 27 33 47 32 22 30 12 4 29 52 9 28 14 57 48 32 48 37 46 63 31 48 31 55 36 45 64 26 29 38 32 41 56 32 21 24 29 41 30 26 35 55 14 32 46 30 55 33 40 
50 13 32 16 25 5 24 21 18 14 20 25 7 22 22 27 35 34 58 43 53 31 50 30 45 35 48 49 25 48 50 53 58 33 2 21 19 8 20 21 27 13 8 24 6 12 29 18 41 59 49 43 22 58 58 52 38 48 42 50 66 38 30 20 18 9 27 29 23 16 21 17 22 36 24 36 34 9 46 45 41 29 35 32 40 55 33 18 21 38 44 29 12 39 17 27 46 11 9 29 27 27 23 17 23 27 38 32 14 24 3 14 27 9 64 19 22 48 38 24 39 28 37 54 25 38 21 46 26 36 55 17 23 29 25 32 47 28 12 22 24 33 32 17 26 45 5 26 37 31 46 30 33 
61 32 26 31 28 14 37 40 18 6 27 41 14 37 31 22 51 44 54 50 54 33 57 45 44 32 51 58 26 56 54 50 68 17 17 12 10 21 33 3 10 10 26 17 21 14 12 35 27 45 30 32 5 41 39 37 29 29 31 37 50 35 22 0 24 26 14 9 18 27 6 24 20 22 37 18 29 11 31 27 30 27 16 27 31 40 36 7 22 19 25 11 8 23 6 10 27 19 28 20 10 25 33 2 31 28 27 44 9 18 16 33 28 28 19 92 42 28 23 17 20 18 23 37 26 20 6 29 9 18 36 14 25 10 24 25 32 35 7 33 28 24 46 2 6 26 16 27 26 43 32 38 30 
41 9 47 17 35 27 20 8 34 36 28 16 29 18 26 43 22 31 66 41 58 40 47 20 52 47 51 44 36 46 51 61 50 53 24 40 41 22 24 43 49 34 16 44 21 31 50 12 59 77 70 59 44 77 79 70 53 70 58 68 86 50 47 42 29 19 48 51 39 23 44 28 37 56 22 57 47 31 65 66 57 42 57 46 55 73 40 39 38 61 67 51 34 61 39 48 68 27 14 47 48 40 25 39 29 38 55 27 36 44 26 10 42 14 22 42 61 70 58 41 62 46 55 74 37 60 43 69 48 57 77 36 34 52 39 48 66 32 35 24 33 49 24 39 48 68 26 37 54 26 64 32 46 
81 60 37 58 47 42 62 69 40 33 50 67 43 62 54 36 76 65 58 67 64 49 74 70 54 43 64 77 45 73 68 55 87 21 45 32 34 48 61 26 25 36 53 36 49 40 21 62 25 31 9 32 26 23 13 27 34 2 31 30 30 44 33 28 47 55 25 18 36 52 29 47 39 23 61 15 40 39 22 10 31 42 12 39 34 27 53 31 45 9 14 19 36 25 31 22 5 45 57 31 22 41 56 30 52 45 30 66 36 37 45 62 48 57 48 28 70 25 21 34 11 30 24 18 44 10 27 20 22 14 9 36 45 18 41 35 23 55 36 56 49 32 70 31 21 2 43 45 29 66 26 59 42 
61 48 16 43 28 33 45 59 24 24 33 51 36 46 36 17 59 46 38 47 43 29 53 53 33 22 43 56 27 52 46 34 67 6 36 17 34 36 56 20 29 25 41 39 36 27 11 48 4 21 15 12 19 19 23 13 12 19 10 13 28 23 13 23 31 48 10 18 18 36 29 31 22 2 44 8 18 29 7 12 10 22 15 18 13 16 32 20 46 18 30 14 26 37 22 13 16 31 47 12 13 22 39 25 34 26 8 48 32 40 37 53 51 48 38 23 58 21 21 17 25 12 3 16 26 12 18 37 14 10 23 22 27 20 22 14 9 36 30 39 30 11 53 26 19 21 33 26 8 48 8 40 21 
47 32 9 25 12 19 28 43 6 14 16 33 24 28 20 4 42 31 37 34 36 16 41 36 26 14 34 43 11 40 37 32 53 14 21 5 27 19 43 15 27 11 25 34 20 11 14 30 18 36 31 19 14 36 40 28 13 33 17 26 44 17 6 18 13 34 9 20 1 18 24 14 5 14 27 19 11 16 23 28 17 10 23 10 16 32 19 10 38 27 38 17 14 40 12 13 30 14 31 5 13 8 22 17 18 11 14 32 24 35 23 37 44 32 24 17 41 34 17 54 32 4 14 33 10 24 12 44 14 20 39 6 10 22 7 8 25 21 20 22 14 9 36 19 19 33 18 10 13 32 22 24 12 
79 52 37 52 44 35 57 60 36 26 46 61 33 57 50 35 71 62 63 66 66 48 73 65 56 44 65 75 43 72 68 59 86 21 37 28 23 42 50 19 14 30 46 25 42 34 18 56 29 41 19 37 20 33 25 35 36 13 35 36 41 46 33 20 43 45 23 12 33 46 18 43 36 25 57 16 40 31 29 18 34 41 10 39 37 36 52 25 34 6 6 15 29 14 25 18 14 39 48 30 18 40 52 22 49 43 33 63 26 25 36 53 37 48 39 20 62 11 25 32 41 29 27 28 42 12 21 12 18 15 20 31 42 10 39 35 30 52 27 52 46 33 66 22 14 9 36 43 32 62 32 56 43 
50 36 8 30 16 22 33 48 11 16 21 38 27 33 24 5 47 35 36 37 37 19 44 40 27 14 35 46 15 43 38 31 57 9 25 7 29 24 47 15 27 14 29 35 25 15 11 35 13 31 27 15 13 31 35 24 10 29 13 22 39 17 3 18 18 38 6 18 6 23 25 18 9 9 32 15 11 19 19 23 12 12 20 10 12 27 22 12 40 24 36 14 17 39 14 11 26 19 36 1 11 11 27 19 22 14 10 36 26 36 27 41 46 37 28 18 46 30 12 4 29 45 9 28 14 20 12 42 12 16 34 10 15 21 10 6 20 24 22 27 18 5 41 20 18 30 22 14 9 36 18 28 13 
58 46 13 40 25 31 42 57 21 23 30 47 35 43 33 14 56 43 35 43 39 25 49 49 30 18 39 53 23 49 43 31 63 7 34 15 34 33 55 20 30 23 39 40 34 25 12 45 4 22 19 9 18 22 27 14 9 23 8 13 30 19 10 23 27 46 9 19 16 33 29 28 18 1 41 11 15 28 9 15 7 19 17 14 10 18 29 19 46 21 33 15 25 39 21 14 19 28 45 9 13 19 36 24 31 22 5 45 32 41 35 50 52 46 37 23 55 24 3 14 27 9 28 19 22 15 18 40 15 12 26 19 23 21 19 10 10 33 29 36 27 8 49 26 20 25 31 22 4 45 9 36 18 
76 64 32 59 44 48 62 75 40 39 50 67 51 62 53 33 75 62 45 61 53 44 66 69 45 36 55 70 43 66 59 43 80 21 51 34 45 52 71 33 38 40 57 50 53 43 25 64 17 13 9 22 32 5 9 11 26 15 21 15 13 36 29 36 47 63 26 28 35 52 40 47 38 18 60 18 33 45 11 10 21 38 22 33 25 10 47 36 58 22 32 25 41 42 37 27 14 47 63 28 27 38 55 38 50 41 22 64 46 50 52 68 62 63 54 37 74 18 16 33 28 28 19 18 42 18 32 38 28 19 12 38 43 30 38 29 10 52 44 55 46 27 69 39 31 20 49 41 22 64 14 55 36 
36 28 10 20 2 22 20 41 8 21 9 26 28 21 11 8 33 20 32 24 28 6 31 27 20 10 25 32 1 30 27 27 43 24 23 14 35 18 45 24 37 17 23 42 19 14 24 25 25 41 41 23 23 44 49 34 17 43 22 31 51 13 12 27 8 35 19 30 9 13 33 9 6 23 18 29 10 21 31 37 21 4 33 9 19 38 10 19 43 38 49 27 20 50 20 24 40 14 30 14 23 3 13 25 8 2 20 22 30 43 26 35 50 31 25 26 37 44 26 10 42 14 22 42 73 34 22 54 24 30 48 12 2 32 3 12 32 10 26 14 4 14 27 27 29 44 20 0 19 22 29 14 9 
71 50 27 47 36 33 52 60 29 24 40 56 34 52 43 26 66 55 50 57 55 39 64 59 45 33 54 66 35 63 58 47 77 10 36 21 27 38 53 17 20 26 44 32 39 29 10 52 17 29 10 24 16 23 19 23 24 10 23 24 31 34 23 19 37 46 14 10 25 41 22 37 29 13 51 4 29 29 16 7 22 32 4 29 25 24 42 21 40 5 18 9 26 26 21 12 7 34 47 20 12 31 46 22 42 34 21 56 28 32 36 53 44 48 38 20 60 10 12 24 12 20 15 18 34 43 17 25 12 3 16 26 34 11 30 24 18 44 27 46 38 22 60 22 13 10 34 34 20 56 19 48 32 
58 33 20 31 24 16 36 43 14 6 25 40 18 35 28 16 50 41 48 46 49 28 53 43 39 26 46 54 22 52 49 44 65 12 19 7 16 21 38 2 15 9 26 23 21 13 7 35 22 39 27 26 1 37 36 32 23 27 25 31 46 29 16 6 22 30 8 9 13 25 12 21 16 17 35 14 23 12 26 23 24 22 14 22 25 35 32 4 28 18 27 8 9 27 4 5 24 18 30 14 5 20 31 6 27 23 21 41 14 24 19 36 34 31 21 6 43 27 18 12 21 12 18 32 22 17 69 32 4 14 33 10 21 10 19 19 27 31 11 30 24 18 44 8 7 25 16 22 20 41 26 35 25 
90 59 50 61 56 43 67 65 47 36 57 70 40 66 60 47 80 73 75 78 79 60 85 74 69 56 77 87 54 84 81 71 97 33 45 39 28 51 53 30 19 40 54 26 50 44 30 64 42 52 29 49 30 43 33 47 49 23 48 49 51 58 45 29 54 50 35 23 45 56 25 53 48 38 67 29 53 40 41 29 47 53 22 51 50 47 64 35 35 19 6 27 38 9 35 30 24 48 55 43 30 52 63 31 60 55 45 73 32 26 43 59 36 55 46 29 69 20 37 44 12 42 40 38 54 25 32 23 29 27 28 42 53 21 51 48 42 64 34 62 57 45 76 30 24 18 44 54 44 73 44 67 55 
61 38 20 35 26 21 40 48 18 11 28 44 23 40 32 17 54 44 48 48 49 30 55 47 39 27 48 57 25 54 51 44 68 8 23 10 19 26 42 5 15 14 31 25 26 17 3 40 18 36 22 24 4 32 31 28 21 22 23 28 41 29 16 8 25 34 6 6 15 29 14 25 18 13 39 10 23 17 22 19 22 24 10 22 23 31 34 8 31 14 24 3 14 26 9 1 19 22 35 13 1 22 35 10 31 25 19 45 18 26 24 41 37 36 26 9 48 22 14 14 18 12 15 28 24 12 4 29 61 9 28 14 24 8 21 19 23 34 16 34 27 17 48 11 5 21 21 24 18 44 23 38 26 
67 47 23 44 33 30 48 57 26 21 36 53 32 48 40 22 62 51 48 53 51 35 60 56 42 30 51 63 31 59 54 44 73 6 33 18 26 35 51 15 20 23 40 31 36 26 7 49 14 28 12 22 14 23 22 22 21 13 20 23 32 31 19 17 33 44 11 9 21 38 21 33 25 10 47 1 26 26 15 9 19 28 5 25 22 23 39 18 39 8 21 6 23 27 18 9 10 31 45 17 9 27 42 19 38 31 18 52 26 32 33 50 44 45 36 18 57 14 10 20 15 16 12 19 30 3 14 27 9 49 19 22 31 11 27 21 17 41 25 42 34 18 56 20 11 13 31 30 17 52 18 44 29 
84 67 39 63 51 49 67 76 45 40 55 72 50 67 59 40 81 69 57 70 64 52 76 75 55 45 65 79 49 75 69 54 90 25 52 37 42 55 69 33 33 43 60 45 55 46 26 68 25 26 7 32 33 16 5 24 35 7 31 27 23 45 36 35 52 62 30 26 40 57 37 52 44 25 66 19 41 46 21 11 31 45 19 41 34 22 55 37 54 17 22 25 43 34 38 28 9 50 64 34 28 45 61 38 57 48 31 71 44 46 52 69 57 64 55 36 77 9 23 39 20 34 26 12 48 16 33 28 28 19 36 42 49 26 45 37 21 59 43 61 53 34 75 38 29 11 50 48 30 71 24 62 44 
47 26 15 21 14 12 26 37 4 8 14 30 18 26 18 10 40 30 43 36 41 19 43 33 31 20 37 44 12 42 40 38 54 17 15 4 22 13 37 12 24 5 19 29 14 5 15 26 23 42 34 25 11 41 44 34 20 36 24 32 50 23 12 14 11 27 12 19 5 15 20 11 6 19 25 22 17 10 29 31 23 14 24 16 22 37 22 7 32 28 38 17 8 37 8 14 33 9 25 11 14 12 20 13 17 14 20 31 18 30 17 31 38 26 17 14 36 36 22 6 31 10 19 38 12 26 10 42 14 22 42 89 11 21 10 15 30 21 14 20 14 15 34 14 17 35 11 13 19 30 28 24 18 
36 26 12 17 2 19 18 38 7 19 6 24 26 19 9 9 32 20 35 24 31 8 32 25 22 13 26 33 2 31 29 30 43 24 21 14 33 15 42 23 36 15 20 40 16 12 24 22 26 43 42 25 22 45 50 36 19 44 24 34 53 16 13 25 5 32 20 30 9 10 32 6 5 24 17 30 13 19 32 38 23 7 33 12 21 40 11 18 41 38 48 27 18 49 19 23 41 11 27 15 23 5 12 24 7 4 21 21 28 41 24 32 48 29 23 25 34 45 27 10 42 15 23 43 2 34 21 53 24 31 49 11 34 32 4 14 33 10 25 12 3 16 26 25 28 44 18 3 21 21 30 14 11 
69 42 29 41 34 24 46 50 25 16 36 50 24 46 39 26 60 52 56 56 58 38 64 54 48 35 56 65 33 63 59 52 76 14 27 18 15 31 42 9 8 19 36 20 31 23 10 45 25 40 22 31 9 34 30 33 29 19 30 34 43 38 24 9 32 36 14 2 23 36 10 32 26 20 46 12 32 21 26 19 29 32 7 31 31 35 42 14 28 9 16 6 18 18 14 9 18 28 38 22 9 30 42 12 38 34 27 52 17 21 26 43 32 38 29 10 52 18 20 22 10 21 21 30 32 11 10 21 8 11 26 21 32 50 29 27 28 42 17 41 35 25 55 12 3 16 26 33 25 52 29 46 34 
40 30 7 22 6 21 23 43 7 19 11 29 28 24 14 5 37 24 33 27 30 9 34 30 21 10 27 36 4 33 30 28 46 20 23 12 33 19 45 22 34 15 24 40 20 14 21 27 21 38 37 20 20 40 46 31 14 40 19 29 48 13 9 24 9 35 16 27 6 15 31 10 3 20 22 26 8 20 28 34 19 4 30 7 16 35 12 17 42 34 45 24 18 47 18 20 37 14 31 10 20 1 16 23 12 4 17 26 29 41 26 36 49 32 25 24 39 41 22 7 39 10 19 38 3 30 19 51 21 27 45 10 4 29 25 9 28 14 25 17 8 11 30 25 26 40 20 3 16 26 26 17 8 
47 39 2 32 15 27 33 51 14 22 21 38 33 33 24 5 46 32 29 33 30 15 39 40 20 8 30 42 13 38 33 24 52 14 30 13 35 27 52 22 34 20 32 42 28 20 17 37 12 28 29 10 20 31 37 22 5 33 10 19 38 10 3 25 19 42 12 25 9 25 32 20 10 12 31 20 5 25 18 26 9 8 25 4 7 25 18 19 46 29 42 21 22 45 20 18 30 22 39 5 17 9 26 25 21 12 7 34 32 43 32 45 53 41 32 25 48 35 14 8 35 6 10 29 12 24 19 48 19 21 37 15 14 27 9 7 19 22 29 26 17 2 39 27 25 34 27 12 7 34 16 26 7 
65 57 21 50 34 42 52 68 32 33 40 58 45 53 43 24 65 51 35 50 43 34 56 59 34 25 45 60 33 55 48 33 70 15 44 26 42 44 65 29 37 33 50 48 45 35 20 55 7 12 14 11 27 11 19 5 15 21 11 6 19 25 19 32 38 57 19 26 26 43 37 38 29 10 51 15 23 38 1 13 11 27 22 23 14 7 37 29 55 23 35 22 35 44 31 22 18 39 55 19 22 28 45 34 41 31 12 54 41 49 46 61 60 56 47 32 66 23 9 25 30 20 10 10 32 18 27 42 23 17 21 30 33 28 28 19 32 42 39 46 36 17 59 35 28 25 42 32 12 54 3 45 26 
26 26 20 16 8 27 13 39 17 29 8 18 33 14 7 19 24 10 33 15 26 8 22 18 20 17 20 23 9 21 21 29 33 34 27 24 42 20 47 34 46 24 23 49 21 21 35 20 35 50 51 31 33 53 60 44 26 54 31 40 60 19 23 35 11 36 30 40 19 12 41 12 16 34 10 40 19 27 41 48 31 14 44 18 28 47 7 28 48 48 59 38 27 59 29 34 51 18 30 24 34 14 6 34 4 10 29 12 37 50 30 34 55 32 28 35 32 55 36 21 52 24 33 52 10 44 31 64 34 41 59 21 10 42 14 22 42 52 33 8 6 25 17 35 39 54 25 10 29 12 38 3 16 
58 25 29 26 27 8 33 33 18 6 25 36 6 32 28 24 46 41 57 48 55 33 56 40 46 34 51 56 26 55 54 52 66 24 10 15 8 16 26 10 14 9 19 15 16 12 19 30 33 51 38 37 11 48 47 44 33 36 36 43 57 37 26 8 22 19 19 17 20 23 9 21 21 28 33 26 32 6 38 34 35 29 23 30 35 47 36 10 17 26 32 18 6 27 8 17 34 15 21 24 17 26 30 5 29 28 32 41 3 16 9 26 24 21 12 7 35 36 30 20 27 22 29 44 26 27 11 34 16 25 43 14 25 17 25 29 39 33 64 29 27 28 42 4 14 33 10 27 31 40 38 36 32 
28 18 24 8 12 21 6 30 16 26 6 11 28 6 2 22 20 12 42 21 34 15 28 13 28 24 28 27 13 26 29 37 36 36 21 24 38 14 39 32 43 22 15 44 15 18 35 12 39 55 54 37 32 58 62 49 31 56 36 46 65 26 26 33 9 29 31 40 21 6 38 9 17 37 5 42 24 23 45 50 36 19 44 23 33 52 15 27 43 48 58 38 24 56 27 34 53 14 22 27 34 17 1 31 5 15 34 11 33 45 24 26 49 24 22 33 24 56 39 22 52 27 36 55 14 46 30 62 34 42 61 20 12 41 17 26 46 8 29 9 9 28 14 32 38 55 19 14 33 10 43 9 22 
33 25 15 16 2 21 15 38 10 22 5 21 28 16 6 13 29 16 35 21 29 7 29 22 21 14 24 30 3 27 26 30 40 28 22 17 36 16 43 27 39 18 20 42 17 15 28 20 29 46 45 27 26 48 54 39 22 48 27 36 55 17 17 29 5 33 23 34 12 9 35 7 9 28 14 33 15 21 36 42 26 9 37 14 23 43 9 21 43 41 52 31 21 52 22 27 44 12 27 18 27 8 9 27 4 5 24 18 31 43 25 32 50 29 24 28 33 49 30 14 46 18 27 46 4 38 24 57 27 34 53 14 3 35 8 17 36 6 27 9 29 19 22 28 32 48 19 4 24 18 33 10 13 
50 40 5 33 17 27 35 52 15 21 23 40 33 35 26 6 48 35 31 35 33 17 42 42 23 11 32 45 15 41 36 26 55 12 30 12 34 28 52 20 32 19 33 41 29 20 15 38 10 27 27 10 19 29 35 20 5 30 8 18 36 12 2 24 21 42 10 23 10 26 30 21 12 9 33 17 7 25 16 23 8 11 23 6 7 23 21 18 45 27 39 18 22 43 19 16 27 23 40 4 15 11 28 24 23 14 5 37 31 42 32 46 52 41 33 24 49 32 11 9 33 5 8 27 14 22 18 45 17 18 34 15 16 25 11 2 17 25 28 28 19 67 42 26 23 32 27 14 4 37 14 28 10 
18 23 37 16 24 34 9 32 30 40 20 8 39 10 16 35 6 9 47 19 37 25 23 4 34 35 29 20 26 22 28 43 26 50 33 38 51 26 45 46 57 36 24 56 26 32 49 15 52 67 68 49 46 71 76 61 44 70 48 58 77 36 39 47 23 37 45 54 35 19 51 23 31 50 9 56 36 36 58 64 48 31 58 36 45 65 23 41 53 63 72 52 38 70 41 48 67 27 29 41 48 30 14 45 18 27 47 5 45 57 36 30 59 30 32 46 24 70 53 36 66 41 49 69 27 60 44 76 48 56 75 34 26 55 30 39 59 17 42 14 22 42 21 45 52 69 32 27 46 4 56 14 33 
60 30 27 30 28 12 36 38 18 6 27 39 11 36 30 23 50 43 56 50 55 33 57 43 45 33 52 58 27 56 54 51 68 20 15 13 8 20 31 6 11 10 24 15 19 13 15 34 30 47 33 34 7 44 42 40 31 31 33 40 53 36 24 3 24 23 16 12 19 26 6 23 21 25 36 21 30 9 34 30 32 28 19 29 33 42 37 8 20 22 27 14 7 24 6 12 29 18 26 22 13 26 33 1 30 28 29 43 6 16 13 31 26 26 17 2 39 31 26 19 22 20 26 39 27 22 8 30 11 20 38 14 25 12 25 27 35 35 4 32 28 26 45 59 9 28 14 27 28 42 35 38 31 
65 38 26 37 31 21 43 47 22 12 32 47 21 42 36 23 57 48 54 53 55 35 60 50 45 33 53 62 30 59 56 49 72 13 24 14 14 28 40 5 9 16 32 20 28 19 8 42 24 40 24 30 6 35 32 33 27 22 28 33 44 35 22 6 29 33 12 2 20 32 9 28 23 19 42 12 29 17 26 20 27 29 9 28 29 35 39 11 27 12 20 5 15 21 10 6 20 24 35 19 7 27 38 9 35 30 25 49 15 20 23 40 32 35 26 6 48 21 19 19 14 18 20 31 29 13 7 24 5 11 29 17 28 3 26 25 28 39 14 38 32 23 52 9 55 19 22 29 23 48 28 42 31 
81 58 37 56 46 40 61 67 38 31 49 65 40 61 53 36 75 64 59 67 64 49 74 68 55 43 64 76 45 73 68 56 87 20 43 30 31 47 58 24 22 35 51 33 47 38 19 61 26 33 11 33 24 25 16 29 34 5 32 31 33 44 33 25 46 52 24 16 35 50 26 46 38 23 60 14 39 37 23 11 31 42 11 39 35 29 52 29 42 7 11 17 34 22 29 21 6 43 54 30 21 41 55 28 51 44 30 66 33 34 42 60 46 55 45 26 68 2 21 33 9 30 25 20 44 10 25 18 21 13 11 35 44 16 40 34 25 54 33 55 48 32 69 28 19 56 42 44 29 65 27 58 42 
48 16 26 16 20 2 23 26 12 10 16 25 8 22 19 21 36 31 53 39 49 26 47 29 40 30 44 47 20 46 46 48 56 27 3 15 19 6 25 17 25 8 10 24 5 6 24 19 35 53 44 37 17 52 53 46 32 44 36 44 61 33 24 16 14 15 22 25 17 13 19 12 16 31 23 31 28 5 40 40 35 24 31 27 34 49 29 13 23 34 41 25 7 38 12 22 41 6 14 23 22 21 20 14 20 22 32 30 13 25 6 19 30 14 5 16 26 43 33 18 36 22 31 49 20 34 16 44 21 31 50 11 18 26 20 27 42 25 10 19 19 27 32 14 22 42 85 21 31 29 40 27 28 
36 29 10 20 2 22 20 41 9 21 9 26 29 21 11 8 33 20 32 23 28 6 30 27 19 10 24 32 1 30 27 27 43 24 24 15 35 18 46 25 37 17 23 42 20 15 24 25 25 41 41 22 24 43 49 34 17 44 22 31 50 13 12 27 8 35 19 31 9 13 33 9 6 23 19 29 10 21 31 37 21 4 34 9 19 38 9 19 44 38 49 27 20 50 21 24 40 14 31 14 24 3 13 26 9 1 19 22 31 43 27 36 50 32 26 27 37 45 26 10 43 14 22 41 0 34 22 54 24 30 48 13 3 33 3 12 32 10 27 14 4 14 27 27 29 44 21 19 19 22 28 14 8 
54 45 9 38 22 31 40 57 20 24 28 45 36 40 31 11 53 39 31 39 35 22 45 47 25 14 35 48 20 45 38 27 59 10 34 16 36 32 56 22 33 23 38 43 33 24 15 43 5 22 23 6 21 24 30 15 4 27 5 13 31 15 7 26 25 47 12 23 14 31 32 26 17 6 38 15 11 28 11 20 4 15 22 11 5 19 25 21 48 25 38 18 25 43 22 17 24 27 44 7 16 16 33 26 28 19 1 41 34 44 36 50 54 46 37 26 54 29 8 13 32 9 4 22 19 20 20 44 18 17 30 19 21 25 16 7 12 29 31 33 24 4 46 28 23 29 31 19 57 42 9 33 14 
18 24 32 14 20 31 7 34 26 37 16 10 37 8 12 31 11 5 43 15 33 20 21 7 30 30 25 18 21 20 25 38 27 46 31 34 48 23 46 43 53 32 23 54 24 29 45 15 47 62 63 44 42 66 72 56 39 65 44 53 72 31 35 44 19 36 41 50 30 16 48 19 27 46 6 51 31 33 53 60 43 26 54 31 40 60 19 37 52 59 68 48 34 67 38 44 62 24 29 36 44 26 9 42 14 22 42 1 43 55 34 31 58 30 31 43 26 66 48 32 62 36 45 64 22 56 41 73 44 52 71 30 21 52 26 34 54 12 40 10 18 37 4 42 48 65 29 22 42 28 51 9 28 
62 54 18 48 31 40 49 66 29 32 37 55 44 50 40 21 62 48 32 47 39 30 52 56 30 22 41 56 30 52 45 30 66 15 43 24 42 42 64 28 37 32 47 48 43 33 20 53 5 13 18 7 27 15 23 6 12 24 7 5 22 21 17 32 35 55 18 27 24 41 37 36 26 9 48 16 19 37 3 16 7 24 23 19 11 9 33 28 54 25 37 22 34 45 30 22 21 37 54 17 21 25 42 33 37 28 9 50 41 49 44 59 60 55 46 32 64 26 8 22 32 18 9 14 29 19 26 44 23 18 24 28 30 29 26 16 3 38 38 43 33 14 56 35 28 27 40 28 9 51 39 42 22 
22 27 23 17 11 29 12 39 20 32 11 17 36 13 8 22 21 6 34 12 25 11 19 16 21 20 19 19 13 18 20 30 30 38 29 28 45 22 48 37 49 27 24 52 23 24 38 20 38 53 55 35 36 57 63 47 29 58 34 44 63 22 26 39 14 38 34 44 23 14 44 15 19 37 9 44 22 30 44 51 34 17 47 22 31 50 9 32 51 52 62 41 30 62 32 38 55 21 31 28 37 17 7 37 7 14 33 9 40 53 33 35 58 33 30 38 32 59 40 24 56 28 36 55 14 48 35 67 38 44 62 24 14 46 17 26 45 3 36 9 10 28 14 38 42 58 27 14 33 9 42 45 19 
39 38 5 29 10 29 28 50 15 26 18 34 36 29 19 8 40 25 25 25 24 8 31 34 14 2 22 34 10 31 25 20 45 22 31 18 40 26 53 27 40 23 31 47 28 22 24 33 19 33 37 15 26 37 44 27 10 41 15 24 44 5 9 30 17 43 19 32 12 22 37 18 11 19 26 28 3 28 25 34 15 4 33 3 11 31 11 23 50 37 49 28 26 52 25 25 38 22 39 12 24 6 21 30 16 7 14 28 36 48 34 44 56 40 33 30 46 42 21 12 43 13 18 36 9 32 25 55 26 29 44 18 11 34 8 7 26 16 32 22 13 10 33 31 31 42 28 8 14 28 22 19 84 
