55 11
83 15 3 3 11 20 0 11 13 2 1 17 20 17 6 5 4 17 16 9 20 3 1 8 8 5 3 15 4 6 14 11 0 17 0 5 5 7 14 10 8 14 0 0 13 9 20 12 4 5 18 10 3 6 9 
15 21 13 17 8 9 9 11 13 4 9 7 8 10 20 15 2 20 19 19 1 12 8 1 7 8 12 11 2 11 3 12 1 4 6 9 10 17 1 8 9 16 13 4 2 7 9 18 16 9 6 4 12 6 8 
3 13 77 14 2 4 16 11 1 12 8 18 17 19 3 7 18 1 16 9 19 1 10 19 14 10 5 13 11 13 12 19 18 8 5 20 9 0 3 13 18 1 9 15 17 0 14 16 8 5 20 7 18 19 17 
3 17 14 30 2 10 12 1 19 0 8 0 10 17 18 16 10 16 3 16 2 6 14 6 4 18 8 5 14 2 15 17 4 12 11 3 9 3 17 9 15 1 1 17 3 4 7 1 2 15 7 16 18 8 14 
11 8 2 2 99 14 2 20 16 14 7 11 16 6 12 0 1 7 12 13 20 11 0 6 10 11 17 20 20 9 9 16 17 20 4 15 0 10 3 5 3 12 14 18 4 6 9 11 19 19 8 6 0 13 10 
20 9 4 10 14 55 13 11 7 5 0 7 5 10 8 1 18 0 11 5 0 11 6 10 20 1 20 0 9 4 15 14 14 13 8 2 10 1 15 13 1 12 6 19 16 18 20 18 5 9 15 13 18 6 7 
0 9 16 12 2 13 0 17 1 13 10 5 8 9 18 10 16 6 3 3 2 4 19 8 2 7 12 7 6 20 3 15 6 16 17 4 14 16 2 15 4 0 8 11 4 5 4 14 6 4 13 5 9 13 9 
11 11 11 1 20 11 17 43 9 9 9 5 11 1 6 14 7 14 5 7 7 19 13 9 6 4 14 14 13 6 18 8 1 20 14 6 16 13 15 6 20 0 20 7 4 0 18 15 6 17 16 17 4 20 6 
13 13 1 19 16 7 1 9 38 13 9 17 5 15 13 0 0 20 13 12 4 5 12 7 5 13 8 15 20 12 17 14 16 1 11 12 15 6 4 0 14 13 13 12 8 15 4 5 14 4 0 1 4 1 12 
2 4 12 0 14 5 13 9 13 10 6 14 7 0 1 5 2 18 12 15 11 14 2 2 13 6 10 7 0 0 14 5 18 0 6 0 2 19 10 11 11 2 3 17 5 4 7 9 14 16 1 8 12 12 0 
1 9 8 8 7 0 10 9 9 6 67 5 13 10 19 9 1 16 3 9 3 2 15 11 0 11 8 15 3 18 0 12 11 16 9 12 1 10 0 15 15 0 18 13 12 7 7 7 19 0 11 3 13 8 17 
17 7 18 0 11 7 5 5 17 14 5 72 1 6 12 16 8 19 14 1 11 12 12 14 5 18 8 3 9 6 10 7 11 6 10 11 8 14 4 3 15 4 12 10 1 11 8 6 3 7 2 20 12 5 18 
20 8 17 10 16 5 8 11 5 7 13 1 27 12 5 7 7 1 17 3 6 14 15 14 16 20 16 13 8 20 12 14 2 14 16 13 7 13 11 14 2 11 13 4 20 20 1 9 9 17 19 9 12 11 8 
17 10 19 17 6 10 9 1 15 0 10 6 12 2 17 5 20 13 17 3 7 15 11 15 14 19 10 2 19 9 20 3 2 20 1 5 2 12 13 17 18 18 9 2 15 5 12 3 5 14 15 20 5 13 4 
6 20 3 18 12 8 18 6 13 1 19 12 5 17 76 11 14 18 20 12 3 3 4 18 9 10 5 19 6 5 12 6 5 19 10 11 19 11 4 16 14 13 16 7 4 14 15 8 3 4 5 18 1 12 20 
5 15 7 16 0 1 10 14 0 5 9 16 7 5 11 10 8 0 18 16 9 1 0 18 18 9 10 15 3 3 4 0 9 8 9 3 17 20 8 14 13 20 12 10 3 4 0 3 14 4 5 7 13 2 1 
4 2 18 10 1 18 16 7 0 2 1 8 7 20 14 8 92 13 16 0 7 13 18 17 5 9 12 2 8 8 0 3 4 6 1 6 6 5 20 12 19 11 16 1 20 5 6 19 15 16 19 16 19 7 2 
17 20 1 16 7 0 6 14 20 18 16 19 1 13 18 0 13 54 0 20 13 5 8 2 14 19 4 16 6 9 11 7 19 0 4 11 0 12 6 13 0 8 12 4 9 6 5 7 17 11 13 4 19 6 4 
16 19 16 3 12 11 3 5 13 12 3 14 17 17 20 18 16 0 46 2 6 2 12 19 11 14 0 15 14 14 2 17 4 19 18 2 4 15 10 0 1 16 13 16 5 16 0 20 0 3 12 4 15 0 2 
9 19 9 16 13 5 3 7 12 15 9 1 3 3 12 16 0 20 2 27 17 7 17 15 12 4 7 9 18 0 19 11 0 19 13 13 8 18 9 18 2 13 15 15 16 14 3 0 3 12 18 20 13 6 4 
20 1 19 2 20 0 2 7 4 11 3 11 6 7 3 9 7 13 6 17 77 18 19 6 1 10 8 1 10 20 4 11 16 15 5 8 17 0 4 17 11 5 7 6 16 1 11 17 19 2 19 6 7 2 3 
3 12 1 6 11 11 4 19 5 14 2 12 14 15 3 1 13 5 2 7 18 27 18 1 16 5 2 0 13 4 1 3 14 1 15 6 17 12 9 12 18 4 2 12 6 7 3 9 20 11 19 13 18 13 5 
1 8 10 14 0 6 19 13 12 2 15 12 15 11 4 0 18 8 12 17 19 18 6 2 3 11 9 10 6 4 0 5 19 5 8 13 20 14 16 12 19 9 10 10 20 17 14 19 17 16 9 14 12 15 12 
8 1 19 6 6 10 8 9 7 2 11 14 14 15 18 18 17 2 19 15 6 1 2 80 1 4 15 20 0 8 19 5 6 9 19 7 4 18 0 4 4 15 14 11 17 7 17 8 19 14 16 1 13 13 11 
8 7 14 4 10 20 2 6 5 13 0 5 16 14 9 18 5 14 11 12 1 16 3 1 19 15 20 2 5 10 8 7 3 8 14 10 18 0 18 18 19 1 7 9 17 16 19 7 13 1 6 3 2 19 1 
5 8 10 18 11 1 7 4 13 6 11 18 20 19 10 9 9 19 14 4 10 5 11 4 15 59 7 0 7 1 11 13 6 18 1 18 17 8 14 13 10 1 19 2 17 20 19 19 16 11 6 7 17 15 13 
3 12 5 8 17 20 12 14 8 10 8 8 16 10 5 10 12 4 0 7 8 2 9 15 20 7 60 6 6 13 17 16 2 0 3 9 8 17 18 9 12 12 20 13 6 9 12 18 7 20 5 2 16 16 15 
15 11 13 5 20 0 7 14 15 7 15 3 13 2 19 15 2 16 15 9 1 0 10 20 2 0 6 17 3 5 2 0 12 7 13 20 0 2 2 10 1 0 4 17 18 1 2 0 12 15 2 17 4 6 10 
4 2 11 14 20 9 6 13 20 0 3 9 8 19 6 3 8 6 14 18 10 13 6 0 5 7 6 3 53 16 10 9 9 7 11 1 9 5 2 6 2 7 19 17 10 19 12 0 4 6 19 14 10 8 11 
6 11 13 2 9 4 20 6 12 0 18 6 20 9 5 3 8 9 14 0 20 4 4 8 10 1 13 5 16 17 9 12 16 13 2 15 12 6 16 13 6 9 19 19 8 3 2 15 7 15 6 13 18 14 6 
14 3 12 15 9 15 3 18 17 14 0 10 12 20 12 4 0 11 2 19 4 1 0 19 8 11 17 2 10 9 18 18 8 8 13 4 18 7 5 20 15 8 5 13 10 15 10 20 12 4 1 11 13 13 13 
11 12 19 17 16 14 15 8 14 5 12 7 14 3 6 0 3 7 17 11 11 3 5 5 7 13 16 0 9 12 18 22 10 19 16 20 17 7 5 4 18 17 19 17 10 2 16 10 18 11 4 3 1 14 19 
0 1 18 4 17 14 6 1 16 18 11 11 2 2 5 9 4 19 4 0 16 14 19 6 3 6 2 12 9 16 8 10 73 11 12 12 0 17 8 11 18 18 3 19 20 3 14 3 13 16 6 15 13 1 2 
17 4 8 12 20 13 16 20 1 0 16 6 14 20 19 8 6 0 19 19 15 1 5 9 8 18 0 7 7 13 8 19 11 50 12 17 14 4 9 16 20 20 9 20 4 3 1 16 1 9 13 18 12 4 15 
0 6 5 11 4 8 17 14 11 6 9 10 16 1 10 9 1 4 18 13 5 15 8 19 14 1 3 13 11 2 13 16 12 12 2 14 4 13 12 4 18 10 5 3 7 6 5 14 14 6 14 5 19 20 14 
5 9 20 3 15 2 4 6 12 0 12 11 13 5 11 3 6 11 2 13 8 6 13 7 10 18 9 20 1 15 4 20 12 17 14 15 8 6 3 11 13 0 15 20 18 15 19 18 4 20 6 18 13 14 10 
5 10 9 9 0 10 14 16 15 2 1 8 7 2 19 17 6 0 4 8 17 17 20 4 18 17 8 0 9 12 18 17 0 14 4 8 51 1 8 13 15 16 8 14 16 4 18 11 3 2 12 13 17 1 3 
7 17 0 3 10 1 16 13 6 19 10 14 13 12 11 20 5 12 15 18 0 12 14 18 0 8 17 2 5 6 7 7 17 4 13 6 1 43 3 20 20 15 8 15 10 0 10 7 17 3 1 14 13 15 4 
14 1 3 17 3 15 2 15 4 10 0 4 11 13 4 8 20 6 10 9 4 9 16 0 18 14 18 2 2 16 5 5 8 9 12 3 8 3 19 3 0 16 8 4 17 5 6 7 9 16 8 5 9 18 8 
10 8 13 9 5 13 15 6 0 11 15 3 14 17 16 14 12 13 0 18 17 12 12 4 18 13 9 10 6 13 20 4 11 16 4 11 13 20 3 4 11 16 8 4 15 4 17 6 10 0 2 18 0 5 8 
8 9 18 15 3 1 4 20 14 11 15 15 2 18 14 13 19 0 1 2 11 18 19 4 19 10 12 1 2 6 15 18 18 20 18 13 15 20 0 11 25 14 10 9 15 10 5 19 4 18 3 10 12 12 3 
14 16 1 1 12 12 0 0 13 2 0 4 11 18 13 20 11 8 16 13 5 4 9 15 1 1 12 0 7 9 8 17 18 20 10 0 16 15 16 16 14 54 16 11 16 14 14 18 6 19 5 8 4 13 16 
0 13 9 1 14 6 8 20 13 3 18 12 13 9 16 12 16 12 13 15 7 2 10 14 7 19 20 4 19 19 5 19 3 9 5 15 8 8 8 8 10 16 82 17 20 6 13 16 15 10 14 8 16 9 5 
0 4 15 17 18 19 11 7 12 17 13 10 4 2 7 10 1 4 16 15 6 12 10 11 9 2 13 17 17 19 13 17 19 20 3 20 14 15 4 4 9 11 17 82 19 12 5 9 8 17 6 15 15 6 19 
13 2 17 3 4 16 4 4 8 5 12 1 20 15 4 3 20 9 5 16 16 6 20 17 17 17 6 18 10 8 10 10 20 4 7 18 16 10 17 15 15 16 20 19 72 7 9 2 9 4 9 19 13 19 10 
9 7 0 4 6 18 5 0 15 4 7 11 20 5 14 4 5 6 16 14 1 7 17 7 16 20 9 1 19 3 15 2 3 3 6 15 4 0 5 4 10 14 6 12 7 89 13 16 18 15 13 0 16 4 1 
20 9 14 7 9 20 4 18 4 7 7 8 1 12 15 0 6 5 0 3 11 3 14 17 19 19 12 2 12 2 10 16 14 1 5 19 18 10 6 17 5 14 13 5 9 13 63 6 14 7 9 14 15 1 3 
12 18 16 1 11 18 14 15 5 9 7 6 9 3 8 3 19 7 20 0 17 9 19 8 7 19 18 0 0 15 20 10 3 16 14 18 11 7 7 6 19 18 16 9 2 16 6 3 18 8 3 8 15 2 0 
4 16 8 2 19 5 6 6 14 14 19 3 9 5 3 14 15 17 0 3 19 20 17 19 13 16 7 12 4 7 12 18 13 1 14 4 3 17 9 10 4 6 15 8 9 18 14 18 40 10 7 20 16 15 7 
5 9 5 15 19 9 4 17 4 16 0 7 17 14 4 4 16 11 3 12 2 11 16 14 1 11 20 15 6 15 4 11 16 9 6 20 2 3 16 0 18 19 10 17 4 15 7 8 10 45 11 10 6 20 18 
18 6 20 7 8 15 13 16 0 1 11 2 19 15 5 5 19 13 12 18 19 19 9 16 6 6 5 2 19 6 1 4 6 13 14 6 12 1 8 2 3 5 14 6 9 13 9 3 7 11 75 14 14 17 5 
10 4 7 16 6 13 5 17 1 8 3 20 9 20 18 7 16 4 4 20 6 13 14 1 3 7 2 17 14 13 11 3 15 18 5 18 13 14 5 18 10 8 8 15 19 0 14 8 20 10 14 62 4 4 15 
3 12 18 18 0 18 9 4 4 12 13 12 12 5 1 13 19 19 15 13 7 18 12 13 2 17 16 4 10 18 13 1 13 12 19 13 17 13 9 0 12 4 16 15 13 16 15 15 16 6 14 4 10 8 13 
6 6 19 8 13 6 13 20 1 12 8 5 11 13 12 2 7 6 0 6 2 13 15 13 19 15 16 6 8 14 13 14 1 4 20 14 1 15 18 5 12 13 9 6 19 4 1 2 15 20 17 4 8 76 10 
9 8 17 14 10 7 9 6 12 0 17 18 8 4 20 1 2 4 2 4 3 5 12 11 1 13 15 10 11 6 13 19 2 15 14 10 3 4 8 8 3 16 5 19 10 1 3 0 7 18 5 15 13 10 75 
