78 13
40 8 11 9 15 15 2 18 3 17 20 3 6 20 1 15 8 14 12 2 13 20 0 5 13 16 4 10 19 13 6 20 1 3 6 10 17 2 10 8 11 1 2 3 3 11 9 3 9 6 20 15 10 9 9 14 19 4 11 5 5 10 15 9 2 15 20 12 9 0 13 3 5 8 15 18 8 1 
8 26 18 10 5 7 16 13 19 9 5 15 0 17 1 5 14 18 16 2 20 15 10 13 16 9 17 1 8 9 1 20 13 9 5 20 3 2 4 14 17 19 9 20 6 4 11 15 17 13 20 20 15 4 20 2 9 6 15 17 4 17 17 7 5 3 12 10 13 0 17 1 14 10 4 13 5 18 
11 18 83 6 0 2 15 2 1 4 19 7 18 20 3 0 11 12 0 3 4 10 20 5 9 4 20 17 5 3 10 19 13 20 18 13 9 15 1 8 13 12 20 17 0 17 9 12 7 17 1 16 0 11 16 14 18 12 1 15 2 13 12 15 19 9 10 5 12 7 9 17 0 14 2 7 18 9 
9 10 6 72 12 19 14 16 16 10 20 2 18 13 14 8 3 16 1 1 12 10 12 1 13 19 8 17 17 0 4 9 7 19 12 3 9 20 11 14 16 1 20 12 18 5 3 5 14 13 3 9 0 11 10 16 1 9 18 8 15 19 0 17 12 1 19 20 0 8 14 7 20 1 9 17 13 7 
15 5 0 12 29 19 15 4 20 3 15 5 9 3 17 17 15 18 3 4 2 20 2 20 9 8 6 4 15 3 19 6 20 14 16 2 17 3 3 14 3 4 4 17 1 18 2 18 20 5 2 7 12 20 10 12 4 13 18 12 6 9 15 16 10 15 6 15 10 10 12 6 14 2 10 5 7 6 
15 7 2 19 19 42 3 14 2 18 2 4 10 10 19 4 14 18 10 3 6 13 10 20 8 2 9 13 8 17 19 7 2 18 10 1 11 16 13 7 11 5 2 6 4 5 1 8 12 11 9 14 0 19 10 4 17 8 8 9 5 9 6 7 9 2 20 7 15 18 8 9 20 19 5 13 5 18 
2 16 15 14 15 3 69 3 18 15 13 0 16 3 10 1 9 5 3 5 18 4 6 8 8 16 4 20 2 19 6 4 18 11 1 15 13 13 17 9 11 3 5 1 4 12 11 4 8 15 6 7 9 6 17 17 19 4 3 3 13 1 5 13 16 7 7 7 10 14 10 6 1 18 16 15 18 20 
18 13 2 16 4 14 3 32 13 4 7 19 3 18 1 3 0 7 11 18 6 8 7 14 7 2 14 8 10 17 18 20 6 11 0 17 13 5 18 7 6 7 8 5 2 13 5 8 9 3 14 9 14 14 12 19 15 15 9 20 3 10 19 15 18 11 11 6 16 16 13 17 17 15 15 9 1 3 
3 19 1 16 20 2 18 13 13 10 12 16 10 12 12 4 0 6 19 11 11 8 12 18 8 10 18 16 17 10 6 12 3 12 19 0 19 12 18 0 4 6 8 2 8 17 4 8 0 14 0 0 15 0 12 9 17 0 7 1 9 9 13 9 12 17 1 20 2 20 16 17 20 12 2 19 12 19 
17 9 4 10 3 18 15 4 10 84 16 3 19 14 14 10 9 19 14 16 8 6 12 7 4 20 18 10 13 15 7 1 6 15 2 1 16 1 15 9 10 4 13 8 16 13 2 13 16 2 7 20 7 19 4 8 18 2 6 1 2 17 8 6 16 4 7 19 3 0 13 20 14 6 17 5 11 9 
20 5 19 20 15 2 13 7 12 16 49 6 16 9 0 0 11 19 1 4 18 2 18 1 18 9 13 16 11 11 3 5 14 14 0 18 5 8 20 5 3 7 3 2 17 2 1 11 6 8 16 4 10 13 15 19 3 2 0 11 20 4 18 16 16 12 4 10 0 3 6 4 17 8 4 17 12 8 
3 15 7 2 5 4 0 19 16 3 6 77 2 7 14 3 4 7 20 9 13 15 0 8 7 15 17 7 8 20 20 12 15 18 19 14 7 8 2 7 13 10 18 6 12 11 5 14 7 6 14 18 20 15 1 10 1 7 10 3 8 4 7 4 5 9 11 17 6 9 1 3 0 8 16 8 15 8 
6 0 18 18 9 10 16 3 10 19 16 2 61 0 0 10 17 17 17 4 5 16 1 16 12 13 0 3 15 16 11 9 4 6 18 8 13 2 2 0 14 2 17 20 6 14 11 11 7 3 0 7 10 11 11 1 10 1 10 20 3 2 17 16 2 8 8 16 1 0 17 7 11 3 4 19 7 6 
20 17 20 13 3 10 3 18 12 14 9 7 0 13 10 17 3 13 8 13 18 14 20 3 7 5 17 20 10 19 13 12 9 5 8 17 1 20 13 16 19 20 4 17 8 7 18 4 0 6 10 2 18 8 20 18 13 18 3 18 3 20 17 20 15 20 1 8 19 10 1 18 10 3 0 10 20 4 
1 1 3 14 17 19 10 1 12 14 0 14 0 10 7 4 0 12 13 8 8 1 2 12 8 1 19 1 10 2 7 19 11 12 10 4 19 16 1 15 4 4 17 17 18 17 12 19 19 6 18 14 18 19 3 15 8 20 15 0 13 6 17 13 0 7 3 2 6 20 13 17 18 12 7 7 17 0 
15 5 0 8 17 4 1 3 4 10 0 3 10 17 4 21 17 18 12 7 15 18 5 16 16 5 18 15 4 13 13 12 12 0 15 6 5 18 16 7 4 19 9 5 19 8 2 14 8 20 12 0 7 11 13 9 16 2 5 7 9 7 11 19 5 14 6 4 15 5 6 12 17 10 11 14 12 13 
8 14 11 3 15 14 9 0 0 9 11 4 17 3 0 17 14 19 5 12 13 12 1 0 11 0 15 17 20 13 15 5 10 14 0 13 5 15 14 15 2 14 13 20 12 4 4 2 6 0 7 12 4 14 11 20 2 20 3 5 8 6 10 19 5 11 9 20 4 7 12 16 5 9 2 5 19 13 
14 18 12 16 18 18 5 7 6 19 19 7 17 13 12 18 19 91 18 13 17 0 1 19 15 1 16 6 17 17 14 10 16 19 14 5 10 19 0 1 18 5 8 20 3 0 7 12 11 4 5 12 5 20 4 3 2 7 2 5 20 10 6 1 12 4 17 17 5 11 12 2 3 8 13 4 17 14 
12 16 0 1 3 10 3 11 19 14 1 20 17 8 13 12 5 18 17 10 19 4 5 17 6 15 1 2 8 1 9 8 20 12 13 0 18 13 19 10 8 16 8 17 14 12 5 3 3 20 11 18 1 1 11 8 1 0 7 3 13 3 8 1 8 0 0 18 10 19 15 13 12 18 10 15 9 9 
2 2 3 1 4 3 5 18 11 16 4 9 4 13 8 7 12 13 10 25 0 1 7 6 2 13 10 4 3 20 10 20 2 16 8 3 18 10 9 14 15 5 20 17 2 16 7 19 18 15 11 18 19 10 14 5 4 14 0 13 10 14 0 20 11 16 2 17 5 12 6 3 14 17 0 9 0 11 
13 20 4 12 2 6 18 6 11 8 18 13 5 18 8 15 13 17 19 0 17 20 9 15 13 2 16 10 12 20 18 1 15 10 19 11 13 2 3 10 10 9 8 9 8 12 3 1 9 10 0 2 14 5 17 13 9 1 3 4 14 5 1 9 0 19 7 15 7 13 20 14 13 10 11 11 3 7 
20 15 10 10 20 13 4 8 8 6 2 15 16 14 1 18 12 0 4 1 20 21 14 18 4 11 18 14 14 13 3 15 9 11 18 15 16 14 17 17 20 5 7 19 9 18 8 12 7 11 12 6 11 9 14 2 10 3 2 18 12 20 13 7 19 19 3 1 6 8 6 3 8 2 18 17 16 14 
0 10 20 12 2 10 6 7 12 12 18 0 1 20 2 5 1 1 5 7 9 14 0 4 20 15 18 20 10 13 12 11 18 20 10 3 20 16 6 11 3 9 17 6 2 6 11 15 4 2 12 6 15 3 14 3 14 1 5 13 18 11 11 9 10 2 4 0 11 12 1 5 14 11 14 11 10 0 
5 13 5 1 20 20 8 14 18 7 1 8 16 3 12 16 0 19 17 6 15 18 4 3 9 0 19 0 13 16 19 14 17 9 1 6 18 5 13 15 6 2 19 1 4 2 9 20 18 7 19 8 9 6 20 12 0 3 20 15 7 20 19 11 16 20 10 5 11 1 13 14 11 15 11 8 5 5 
13 16 9 13 9 8 8 7 8 4 18 7 12 7 8 16 11 15 6 2 13 4 20 9 2 15 0 11 2 7 11 3 20 11 15 4 18 3 18 16 18 13 0 3 16 13 9 13 17 3 1 7 10 19 12 10 17 6 4 4 8 5 5 0 8 6 12 18 15 0 4 5 11 13 18 17 18 5 
16 9 4 19 8 2 16 2 10 20 9 15 13 5 1 5 0 1 15 13 2 11 15 0 15 79 13 5 5 19 5 17 6 13 0 20 6 20 3 11 9 12 18 8 10 17 20 2 11 6 4 12 12 17 12 3 0 5 2 3 2 6 4 10 3 3 7 3 17 1 1 0 3 1 6 10 16 20 
4 17 20 8 6 9 4 14 18 18 13 17 0 17 19 18 15 16 1 10 16 18 18 19 0 13 63 11 8 4 3 1 7 15 18 11 0 1 11 3 10 13 15 2 1 17 8 7 0 16 12 0 18 17 18 19 6 0 18 1 4 10 10 6 13 15 14 8 14 19 11 3 14 18 12 1 14 16 
10 1 17 17 4 13 20 8 16 10 16 7 3 20 1 15 17 6 2 4 10 14 20 0 11 5 11 78 6 3 11 16 4 7 16 16 8 18 10 9 16 11 1 9 6 1 9 16 1 19 6 4 2 13 12 8 9 20 1 13 14 17 4 16 20 12 4 16 7 12 6 2 11 14 15 2 5 18 
19 8 5 17 15 8 2 10 17 13 11 8 15 10 10 4 20 17 8 3 12 14 10 13 2 5 8 6 32 10 0 7 19 14 12 17 14 13 4 3 0 12 11 4 15 12 1 6 16 1 12 19 7 12 3 18 16 10 16 4 4 1 11 0 8 13 0 20 20 18 18 0 6 18 2 19 14 1 
13 9 3 0 3 17 19 17 10 15 11 20 16 19 2 13 13 17 1 20 20 13 13 16 7 19 4 3 10 84 3 11 18 1 18 6 20 0 7 0 3 5 9 2 8 6 17 12 19 6 4 4 6 17 19 19 12 0 16 11 3 14 3 19 20 11 19 16 3 13 10 18 5 7 0 12 9 2 
6 1 10 4 19 19 6 18 6 7 3 20 11 13 7 13 15 14 9 10 18 3 12 19 11 5 3 11 0 3 49 10 20 6 0 5 5 6 6 3 16 9 20 5 2 1 13 15 20 11 4 15 1 12 1 6 9 2 18 3 10 9 5 2 17 13 14 16 16 8 14 7 6 7 4 6 13 17 
20 20 19 9 6 7 4 20 12 1 5 12 9 12 19 12 5 10 8 20 1 15 11 14 3 17 1 16 7 11 10 29 3 0 16 5 9 6 20 20 18 9 0 2 2 2 6 1 17 16 1 8 19 7 6 19 3 19 10 9 6 12 4 16 10 2 15 3 11 16 9 10 19 13 1 13 7 15 
1 13 13 7 20 2 18 6 3 6 14 15 4 9 11 12 10 16 20 2 15 9 18 17 20 6 7 4 19 18 20 3 58 18 8 17 16 10 17 7 3 15 11 17 0 15 7 13 5 6 16 6 1 20 3 2 11 10 8 9 1 14 11 10 19 16 14 5 19 20 13 12 1 5 4 3 15 16 
3 9 20 19 14 18 11 11 12 15 14 18 6 5 12 0 14 19 12 16 10 11 20 9 11 13 15 7 14 1 6 0 18 10 2 18 14 19 8 17 19 16 3 5 6 16 0 4 1 9 3 5 8 19 9 10 1 6 16 16 15 13 15 15 17 7 0 17 3 16 17 20 8 11 13 8 6 11 
6 5 18 12 16 10 1 0 19 2 0 19 18 8 10 15 0 14 13 8 19 18 10 1 15 0 18 16 12 18 0 16 8 2 39 13 11 17 7 0 20 15 13 11 14 15 17 13 1 13 0 5 15 14 0 10 11 1 19 18 6 14 3 6 15 11 16 10 1 17 16 0 0 16 6 18 17 20 
10 20 13 3 2 1 15 17 0 1 18 14 8 17 4 6 13 5 0 3 11 15 3 6 4 20 11 16 17 6 5 5 17 18 13 27 6 8 17 13 10 1 4 9 17 2 13 5 20 20 17 13 12 10 13 6 2 15 7 17 18 6 2 9 15 14 8 10 16 17 14 16 13 1 9 15 0 12 
17 3 9 9 17 11 13 13 19 16 5 7 13 1 19 5 5 10 18 18 13 16 20 18 18 6 0 8 14 20 5 9 16 14 11 6 76 9 4 9 14 3 11 8 16 5 20 16 15 9 20 10 8 8 8 8 17 16 14 6 12 6 14 17 5 9 11 19 9 2 17 4 5 7 10 3 1 10 
2 2 15 20 3 16 13 5 12 1 8 8 2 20 16 18 15 19 13 10 2 14 16 5 3 20 1 18 13 0 6 6 10 19 17 8 9 11 13 2 8 18 10 11 18 9 19 13 10 18 18 5 9 3 19 6 7 17 17 20 8 6 20 14 3 18 20 4 10 5 14 15 6 19 14 1 1 18 
10 4 1 11 3 13 17 18 18 15 20 2 2 13 1 16 14 0 19 9 3 17 6 13 18 3 11 10 4 7 6 20 17 8 7 17 4 13 46 19 9 6 5 8 14 15 1 9 5 20 9 7 0 2 7 3 7 2 12 12 20 13 18 4 7 18 0 18 10 1 7 9 17 2 0 18 7 10 
8 14 8 14 14 7 9 7 0 9 5 7 0 16 15 7 15 1 10 14 10 17 11 15 16 11 3 9 3 0 3 20 7 17 0 13 9 2 19 39 10 2 19 4 9 10 20 17 9 12 1 15 1 18 17 10 16 6 2 1 13 10 7 6 19 11 8 8 4 20 7 12 17 2 4 5 2 8 
11 17 13 16 3 11 11 6 4 10 3 13 14 19 4 4 2 18 8 15 10 20 3 6 18 9 10 16 0 3 16 18 3 19 20 10 14 8 9 10 4 19 20 4 10 17 5 12 5 5 17 15 14 19 0 19 13 18 8 15 8 18 5 12 20 18 5 12 7 11 9 17 15 14 4 20 20 18 
1 19 12 1 4 5 3 7 6 4 7 10 2 20 4 19 14 5 16 5 9 5 9 2 13 12 13 11 12 5 9 9 15 16 15 1 3 18 6 2 19 17 3 18 15 17 11 8 1 1 1 6 13 20 0 16 5 8 7 11 6 19 6 15 18 17 15 14 9 7 12 1 7 15 12 16 16 11 
2 9 20 20 4 2 5 8 8 13 3 18 17 4 17 9 13 8 8 20 8 7 17 19 0 18 15 1 11 9 20 0 11 3 13 4 11 10 5 19 20 3 51 9 18 20 11 17 1 1 6 20 1 5 5 17 19 11 1 17 5 18 11 18 1 9 17 20 11 8 19 17 11 2 6 17 4 11 
3 20 17 12 17 6 1 5 2 8 2 6 20 17 17 5 20 20 17 17 9 19 6 1 3 8 2 9 4 2 5 2 17 5 11 9 8 11 8 4 4 18 9 44 17 7 14 9 7 13 4 19 9 4 18 7 14 1 12 19 9 16 11 7 17 7 3 10 9 6 10 2 6 0 6 14 16 8 
3 6 0 18 1 4 4 2 8 16 17 12 6 8 18 19 12 3 14 2 8 9 2 4 16 10 1 6 15 8 2 2 0 6 14 17 16 18 14 9 10 15 18 17 66 15 11 2 16 15 15 10 16 12 20 4 2 13 7 7 11 0 10 10 8 9 6 8 19 15 17 20 7 13 1 19 16 15 
11 4 17 5 18 5 12 13 17 13 2 11 14 7 17 8 4 0 12 16 12 18 6 2 13 17 17 1 12 6 1 2 15 16 15 2 5 9 15 10 17 17 20 7 15 70 7 10 11 16 13 10 5 14 9 12 15 8 16 3 9 16 7 8 10 11 0 17 0 15 20 4 11 7 10 6 9 11 
9 11 9 3 2 1 11 5 4 2 1 5 11 18 12 2 4 7 5 7 3 8 11 9 9 20 8 9 1 17 13 6 7 0 17 13 20 19 1 20 5 11 11 14 11 7 60 2 9 7 6 12 10 4 0 11 20 20 15 16 13 2 17 9 12 16 0 17 7 14 17 20 20 16 3 19 0 17 
3 15 12 5 18 8 4 8 8 13 11 14 11 4 19 14 2 12 3 19 1 12 15 20 13 2 7 16 6 12 15 1 13 4 13 5 16 13 9 17 12 8 17 9 2 10 2 13 14 0 2 8 17 2 7 10 9 15 6 8 13 3 16 7 14 1 20 2 2 7 11 4 9 20 0 13 1 11 
9 17 7 14 20 12 8 9 0 16 6 7 7 0 19 8 6 11 3 18 9 7 4 18 17 11 0 1 16 19 20 17 5 1 1 20 15 10 5 9 5 1 1 7 16 11 9 14 93 5 17 15 5 16 4 20 9 18 9 10 15 18 8 20 11 15 6 9 9 6 16 3 18 4 2 12 4 10 
6 13 17 13 5 11 15 3 14 2 8 6 3 6 6 20 0 4 20 15 10 11 2 7 3 6 16 19 1 6 11 16 6 9 13 20 9 18 20 12 5 1 1 13 15 16 7 0 5 68 5 1 13 7 3 0 0 11 13 20 7 3 20 17 13 16 3 7 1 6 1 2 18 10 13 5 8 3 
20 20 1 3 2 9 6 14 0 7 16 14 0 10 18 12 7 5 11 11 0 12 12 19 1 4 12 6 12 4 4 1 16 3 0 17 20 18 9 1 17 1 6 4 15 13 6 2 17 5 23 8 20 14 4 7 1 19 15 16 7 12 12 3 4 12 15 10 14 20 3 18 11 18 4 2 0 8 
15 20 16 9 7 14 7 9 0 20 4 18 7 2 14 0 12 12 18 18 2 6 6 8 7 12 0 4 19 4 15 8 6 5 5 13 10 5 7 15 15 6 20 19 10 10 12 8 15 1 8 60 2 13 11 2 19 4 15 0 3 16 7 2 2 5 5 20 10 19 13 10 19 18 19 4 0 17 
10 15 0 0 12 0 9 14 15 7 10 20 10 18 18 7 4 5 1 19 14 11 15 9 10 12 18 2 7 6 1 19 1 8 15 12 8 9 0 1 14 13 1 9 16 5 10 17 5 13 20 2 36 8 13 9 4 11 13 0 12 9 0 18 12 20 14 4 3 1 20 10 16 2 14 2 1 1 
9 4 11 11 20 19 6 14 0 19 13 15 11 8 19 11 14 20 1 10 5 9 3 6 19 17 17 13 12 17 12 7 20 19 14 10 8 3 2 18 19 20 5 4 12 14 4 2 16 7 14 13 8 98 3 4 0 14 6 4 16 13 5 20 9 16 20 6 18 10 13 8 17 11 13 8 20 10 
9 20 16 10 10 10 17 12 12 4 15 1 11 20 3 13 11 4 11 14 17 14 14 20 12 12 18 12 3 19 1 6 3 9 0 13 8 19 7 17 0 0 5 18 20 9 0 7 4 3 4 11 13 3 29 4 2 3 16 9 6 4 12 4 13 15 1 4 4 15 9 15 18 3 0 1 18 14 
14 2 14 16 12 4 17 19 9 8 19 10 1 18 15 9 20 3 8 5 13 2 3 12 10 3 19 8 18 19 6 19 2 10 10 6 8 6 3 10 19 16 17 7 4 12 11 10 20 0 7 2 9 4 4 54 5 17 2 1 12 19 20 11 3 6 14 6 1 20 6 18 18 3 0 16 2 17 
19 9 18 1 4 17 19 15 17 18 3 1 10 13 8 16 2 2 1 4 9 10 14 0 17 0 6 9 16 12 9 3 11 1 11 2 17 7 7 16 13 5 19 14 2 15 20 9 9 0 1 19 4 0 2 5 29 18 6 0 6 11 2 17 14 15 14 17 14 15 17 13 9 10 17 18 4 0 
4 6 12 9 13 8 4 15 0 2 2 7 1 18 20 2 20 7 0 14 1 3 1 3 6 5 0 20 10 0 2 19 10 6 1 15 16 17 2 6 18 8 11 1 13 8 20 15 18 11 19 4 11 14 3 17 18 75 13 14 20 14 16 20 9 12 2 19 14 5 10 13 12 11 16 0 20 16 
11 15 1 18 18 8 3 9 7 6 0 10 10 3 15 5 3 2 7 0 3 2 5 20 4 2 18 1 16 16 18 10 8 16 19 7 14 17 12 2 8 7 1 12 7 16 15 6 9 13 15 15 13 6 16 2 6 13 69 14 0 16 7 11 14 12 2 9 7 9 16 12 2 9 7 0 15 1 
5 17 15 8 12 9 3 20 1 1 11 3 20 18 0 7 5 5 3 13 4 18 13 15 4 3 1 13 4 11 3 9 9 16 18 17 6 20 12 1 15 11 17 19 7 3 16 8 10 20 16 0 0 4 9 1 0 14 14 76 13 13 2 5 16 14 6 4 20 18 4 7 17 1 0 5 10 17 
5 4 2 15 6 5 13 3 9 2 20 8 3 3 13 9 8 20 13 10 14 12 18 7 8 2 4 14 4 3 10 6 1 15 6 18 12 8 20 13 8 6 5 9 11 9 13 13 15 7 7 3 12 16 6 12 6 20 0 13 57 20 14 4 6 19 8 17 8 10 5 7 2 4 1 16 20 16 
10 17 13 19 9 9 1 10 9 17 4 4 2 20 6 7 6 10 3 14 5 20 11 20 5 6 10 17 1 14 9 12 14 13 14 6 6 6 13 10 18 19 18 16 0 16 2 3 18 3 12 16 9 13 4 19 11 14 16 13 20 14 0 16 6 16 15 19 8 10 19 7 7 18 12 4 20 9 
15 17 12 0 15 6 5 19 13 8 18 7 17 17 17 11 10 6 8 0 1 13 11 19 5 4 10 4 11 3 5 4 11 15 3 2 14 20 18 7 5 6 11 11 10 7 17 16 8 20 12 7 0 5 12 20 2 16 7 2 14 0 43 2 14 8 2 8 15 8 2 11 13 2 14 0 2 16 
9 7 15 17 16 7 13 15 9 6 16 4 16 20 13 19 19 1 1 20 9 7 9 11 0 10 6 16 0 19 2 16 10 15 6 9 17 14 4 6 12 15 18 7 10 8 9 7 20 17 3 2 18 20 4 11 17 20 11 5 4 16 2 17 3 7 1 7 15 20 2 8 12 6 13 17 7 16 
2 5 19 12 10 9 16 18 12 16 16 5 2 15 0 5 5 12 8 11 0 19 10 16 8 3 13 20 8 20 17 10 19 17 15 15 5 3 7 19 20 18 1 17 8 10 12 14 11 13 4 2 12 9 13 3 14 9 14 16 6 6 14 3 43 16 13 8 14 16 17 1 10 2 19 14 16 4 
15 3 9 1 15 2 7 11 17 4 12 9 8 20 7 14 11 4 0 16 19 19 2 20 6 3 15 12 13 11 13 2 16 7 11 14 9 18 18 11 18 17 9 7 9 11 16 1 15 16 12 5 20 16 15 6 15 12 12 14 19 16 8 7 16 56 12 10 9 12 13 18 19 18 8 5 15 9 
20 12 10 19 6 20 7 11 1 7 4 11 8 1 3 6 9 17 0 2 7 3 4 10 12 7 14 4 0 19 14 15 14 0 16 8 11 20 0 8 5 15 17 3 6 0 0 20 6 3 15 5 14 20 1 14 14 2 2 6 8 15 2 1 13 12 41 16 2 15 7 13 8 17 19 4 13 13 
12 10 5 20 15 7 7 6 20 19 10 17 16 8 2 4 20 17 18 17 15 1 0 5 18 3 8 16 20 16 16 3 5 17 10 10 19 4 18 8 12 14 20 10 8 17 17 2 9 7 10 20 4 6 4 6 17 19 9 4 17 19 8 7 8 10 16 44 10 18 7 8 11 18 11 1 4 3 
9 13 12 0 10 15 10 16 2 3 0 6 1 19 6 15 4 5 10 5 7 6 11 11 15 17 14 7 20 3 16 11 19 3 1 16 9 10 10 4 7 9 11 9 19 0 7 2 9 1 14 10 3 18 4 1 14 14 7 20 8 8 15 15 14 9 2 10 95 19 3 10 6 17 15 13 5 10 
0 0 7 8 10 18 14 16 20 0 3 9 0 10 20 5 7 11 19 12 13 8 12 1 0 1 19 12 18 13 8 16 20 16 17 17 2 5 1 20 11 7 8 6 15 15 14 7 6 6 20 19 1 10 15 20 15 5 9 18 10 10 8 20 16 12 15 18 19 85 2 6 1 7 7 0 19 8 
13 17 9 14 12 8 10 13 16 13 6 1 17 1 13 6 12 12 15 6 20 6 1 13 4 1 11 6 18 10 14 9 13 17 16 14 17 14 7 7 9 12 19 10 17 20 17 11 16 1 3 13 20 13 9 6 17 10 16 4 5 19 2 2 17 13 7 7 3 2 36 7 9 6 18 8 9 7 
3 1 17 7 6 9 6 17 17 20 4 3 7 18 17 12 16 2 13 3 14 3 5 14 5 0 3 2 0 18 7 10 12 20 0 16 4 15 9 12 17 1 17 2 20 4 20 4 3 2 18 10 10 8 15 18 13 13 12 7 7 7 11 8 1 18 13 8 10 6 7 64 14 5 3 10 3 15 
5 14 0 20 14 20 1 17 20 14 17 0 11 10 18 17 5 3 12 14 13 8 14 11 11 3 14 11 6 5 6 19 1 8 0 13 5 6 17 17 15 7 11 6 7 11 20 9 18 18 11 19 16 17 18 18 9 12 2 17 2 7 13 12 10 19 8 11 6 1 9 14 48 16 15 14 3 5 
8 10 14 1 2 19 18 15 12 6 8 8 3 3 12 10 9 8 18 17 10 2 11 15 13 1 18 14 18 7 7 13 5 11 16 1 7 19 2 2 14 15 2 0 13 7 16 20 4 10 18 18 2 11 3 3 10 11 9 1 4 18 2 6 2 18 17 18 17 7 6 5 16 72 8 7 11 5 
15 4 2 9 10 5 16 15 2 17 4 16 4 0 7 11 2 13 10 0 11 18 14 11 18 6 12 15 2 0 4 1 4 13 6 9 10 14 0 4 4 12 6 6 1 10 3 0 2 13 4 19 14 13 0 0 17 16 7 0 1 12 14 13 19 8 19 11 15 7 18 3 15 8 39 9 13 19 
18 13 7 17 5 13 15 9 19 5 17 8 19 10 7 14 5 4 15 9 11 17 11 8 17 10 1 2 19 12 6 13 3 8 18 15 3 1 18 5 20 16 17 14 19 6 19 13 12 5 2 4 2 8 1 16 18 0 0 5 16 4 0 17 14 5 4 1 13 0 8 10 14 7 9 68 1 2 
8 5 18 13 7 5 18 1 12 11 12 15 7 20 17 12 19 17 9 0 3 16 10 5 18 16 14 5 14 9 13 7 15 6 17 0 1 1 7 2 20 16 4 16 16 9 0 1 4 8 0 0 1 20 18 2 4 20 15 10 20 20 2 7 16 15 13 4 5 19 9 3 3 11 13 1 83 15 
1 18 9 7 6 18 20 3 19 9 8 8 6 4 0 13 13 14 9 11 7 14 0 5 5 20 16 18 1 2 17 15 16 11 20 12 10 18 10 8 18 11 11 8 15 11 17 11 10 3 8 17 1 10 14 17 0 16 1 17 16 9 16 16 4 9 13 3 10 8 7 15 5 5 19 2 15 38 
