91 14
4 1728 1728 5184 576 4608 4032 1152 1152 5184 5760 3456 5760 1944 1944 5832 648 5184 4536 1296 1296 5832 6480 3888 6480 648 1944 216 1728 1512 432 432 1944 2160 1296 2160 1944 216 1728 1512 432 432 1944 2160 1296 2160 648 5184 4536 1296 1296 5832 6480 3888 6480 576 504 144 144 648 720 432 720 4032 1152 1152 5184 5760 3456 5760 1008 1008 4536 5040 3024 5040 288 1296 1440 864 1440 1296 1440 864 1440 6480 3888 6480 4320 7200 4320 
1728 8025 576 1728 192 1536 1344 384 384 1728 1920 1152 1920 648 648 1944 216 1728 1512 432 432 1944 2160 1296 2160 216 648 72 576 504 144 144 648 720 432 720 648 72 576 504 144 144 648 720 432 720 216 1728 1512 432 432 1944 2160 1296 2160 192 168 48 48 216 240 144 240 1344 384 384 1728 1920 1152 1920 336 336 1512 1680 1008 1680 96 432 480 288 480 432 480 288 480 2160 1296 2160 1440 2400 1440 
1728 576 2267 1728 192 1536 1344 384 384 1728 1920 1152 1920 648 648 1944 216 1728 1512 432 432 1944 2160 1296 2160 216 648 72 576 504 144 144 648 720 432 720 648 72 576 504 144 144 648 720 432 720 216 1728 1512 432 432 1944 2160 1296 2160 192 168 48 48 216 240 144 240 1344 384 384 1728 1920 1152 1920 336 336 1512 1680 1008 1680 96 432 480 288 480 432 480 288 480 2160 1296 2160 1440 2400 1440 
5184 1728 1728 9328 576 4608 4032 1152 1152 5184 5760 3456 5760 1944 1944 5832 648 5184 4536 1296 1296 5832 6480 3888 6480 648 1944 216 1728 1512 432 432 1944 2160 1296 2160 1944 216 1728 1512 432 432 1944 2160 1296 2160 648 5184 4536 1296 1296 5832 6480 3888 6480 576 504 144 144 648 720 432 720 4032 1152 1152 5184 5760 3456 5760 1008 1008 4536 5040 3024 5040 288 1296 1440 864 1440 1296 1440 864 1440 6480 3888 6480 4320 7200 4320 
576 192 192 576 8115 512 448 128 128 576 640 384 640 216 216 648 72 576 504 144 144 648 720 432 720 72 216 24 192 168 48 48 216 240 144 240 216 24 192 168 48 48 216 240 144 240 72 576 504 144 144 648 720 432 720 64 56 16 16 72 80 48 80 448 128 128 576 640 384 640 112 112 504 560 336 560 32 144 160 96 160 144 160 96 160 720 432 720 480 800 480 
4608 1536 1536 4608 512 8101 3584 1024 1024 4608 5120 3072 5120 1728 1728 5184 576 4608 4032 1152 1152 5184 5760 3456 5760 576 1728 192 1536 1344 384 384 1728 1920 1152 1920 1728 192 1536 1344 384 384 1728 1920 1152 1920 576 4608 4032 1152 1152 5184 5760 3456 5760 512 448 128 128 576 640 384 640 3584 1024 1024 4608 5120 3072 5120 896 896 4032 4480 2688 4480 256 1152 1280 768 1280 1152 1280 768 1280 5760 3456 5760 3840 6400 3840 
4032 1344 1344 4032 448 3584 5645 896 896 4032 4480 2688 4480 1512 1512 4536 504 4032 3528 1008 1008 4536 5040 3024 5040 504 1512 168 1344 1176 336 336 1512 1680 1008 1680 1512 168 1344 1176 336 336 1512 1680 1008 1680 504 4032 3528 1008 1008 4536 5040 3024 5040 448 392 112 112 504 560 336 560 3136 896 896 4032 4480 2688 4480 784 784 3528 3920 2352 3920 224 1008 1120 672 1120 1008 1120 672 1120 5040 3024 5040 3360 5600 3360 
1152 384 384 1152 128 1024 896 1729 256 1152 1280 768 1280 432 432 1296 144 1152 1008 288 288 1296 1440 864 1440 144 432 48 384 336 96 96 432 480 288 480 432 48 384 336 96 96 432 480 288 480 144 1152 1008 288 288 1296 1440 864 1440 128 112 32 32 144 160 96 160 896 256 256 1152 1280 768 1280 224 224 1008 1120 672 1120 64 288 320 192 320 288 320 192 320 1440 864 1440 960 1600 960 
1152 384 384 1152 128 1024 896 256 7293 1152 1280 768 1280 432 432 1296 144 1152 1008 288 288 1296 1440 864 1440 144 432 48 384 336 96 96 432 480 288 480 432 48 384 336 96 96 432 480 288 480 144 1152 1008 288 288 1296 1440 864 1440 128 112 32 32 144 160 96 160 896 256 256 1152 1280 768 1280 224 224 1008 1120 672 1120 64 288 320 192 320 288 320 192 320 1440 864 1440 960 1600 960 
5184 1728 1728 5184 576 4608 4032 1152 1152 8397 5760 3456 5760 1944 1944 5832 648 5184 4536 1296 1296 5832 6480 3888 6480 648 1944 216 1728 1512 432 432 1944 2160 1296 2160 1944 216 1728 1512 432 432 1944 2160 1296 2160 648 5184 4536 1296 1296 5832 6480 3888 6480 576 504 144 144 648 720 432 720 4032 1152 1152 5184 5760 3456 5760 1008 1008 4536 5040 3024 5040 288 1296 1440 864 1440 1296 1440 864 1440 6480 3888 6480 4320 7200 4320 
5760 1920 1920 5760 640 5120 4480 1280 1280 5760 7568 3840 6400 2160 2160 6480 720 5760 5040 1440 1440 6480 7200 4320 7200 720 2160 240 1920 1680 480 480 2160 2400 1440 2400 2160 240 1920 1680 480 480 2160 2400 1440 2400 720 5760 5040 1440 1440 6480 7200 4320 7200 640 560 160 160 720 800 480 800 4480 1280 1280 5760 6400 3840 6400 1120 1120 5040 5600 3360 5600 320 1440 1600 960 1600 1440 1600 960 1600 7200 4320 7200 4800 8000 4800 
3456 1152 1152 3456 384 3072 2688 768 768 3456 3840 2003 3840 1296 1296 3888 432 3456 3024 864 864 3888 4320 2592 4320 432 1296 144 1152 1008 288 288 1296 1440 864 1440 1296 144 1152 1008 288 288 1296 1440 864 1440 432 3456 3024 864 864 3888 4320 2592 4320 384 336 96 96 432 480 288 480 2688 768 768 3456 3840 2304 3840 672 672 3024 3360 2016 3360 192 864 960 576 960 864 960 576 960 4320 2592 4320 2880 4800 2880 
5760 1920 1920 5760 640 5120 4480 1280 1280 5760 6400 3840 3831 2160 2160 6480 720 5760 5040 1440 1440 6480 7200 4320 7200 720 2160 240 1920 1680 480 480 2160 2400 1440 2400 2160 240 1920 1680 480 480 2160 2400 1440 2400 720 5760 5040 1440 1440 6480 7200 4320 7200 640 560 160 160 720 800 480 800 4480 1280 1280 5760 6400 3840 6400 1120 1120 5040 5600 3360 5600 320 1440 1600 960 1600 1440 1600 960 1600 7200 4320 7200 4800 8000 4800 
1944 648 648 1944 216 1728 1512 432 432 1944 2160 1296 2160 2565 729 2187 243 1944 1701 486 486 2187 2430 1458 2430 243 729 81 648 567 162 162 729 810 486 810 729 81 648 567 162 162 729 810 486 810 243 1944 1701 486 486 2187 2430 1458 2430 216 189 54 54 243 270 162 270 1512 432 432 1944 2160 1296 2160 378 378 1701 1890 1134 1890 108 486 540 324 540 486 540 324 540 2430 1458 2430 1620 2700 1620 
1944 648 648 1944 216 1728 1512 432 432 1944 2160 1296 2160 729 1421 2187 243 1944 1701 486 486 2187 2430 1458 2430 243 729 81 648 567 162 162 729 810 486 810 729 81 648 567 162 162 729 810 486 810 243 1944 1701 486 486 2187 2430 1458 2430 216 189 54 54 243 270 162 270 1512 432 432 1944 2160 1296 2160 378 378 1701 1890 1134 1890 108 486 540 324 540 486 540 324 540 2430 1458 2430 1620 2700 1620 
5832 1944 1944 5832 648 5184 4536 1296 1296 5832 6480 3888 6480 2187 2187 9532 729 5832 5103 1458 1458 6561 7290 4374 7290 729 2187 243 1944 1701 486 486 2187 2430 1458 2430 2187 243 1944 1701 486 486 2187 2430 1458 2430 729 5832 5103 1458 1458 6561 7290 4374 7290 648 567 162 162 729 810 486 810 4536 1296 1296 5832 6480 3888 6480 1134 1134 5103 5670 3402 5670 324 1458 1620 972 1620 1458 1620 972 1620 7290 4374 7290 4860 8100 4860 
648 216 216 648 72 576 504 144 144 648 720 432 720 243 243 729 1821 648 567 162 162 729 810 486 810 81 243 27 216 189 54 54 243 270 162 270 243 27 216 189 54 54 243 270 162 270 81 648 567 162 162 729 810 486 810 72 63 18 18 81 90 54 90 504 144 144 648 720 432 720 126 126 567 630 378 630 36 162 180 108 180 162 180 108 180 810 486 810 540 900 540 
5184 1728 1728 5184 576 4608 4032 1152 1152 5184 5760 3456 5760 1944 1944 5832 648 9955 4536 1296 1296 5832 6480 3888 6480 648 1944 216 1728 1512 432 432 1944 2160 1296 2160 1944 216 1728 1512 432 432 1944 2160 1296 2160 648 5184 4536 1296 1296 5832 6480 3888 6480 576 504 144 144 648 720 432 720 4032 1152 1152 5184 5760 3456 5760 1008 1008 4536 5040 3024 5040 288 1296 1440 864 1440 1296 1440 864 1440 6480 3888 6480 4320 7200 4320 
4536 1512 1512 4536 504 4032 3528 1008 1008 4536 5040 3024 5040 1701 1701 5103 567 4536 8320 1134 1134 5103 5670 3402 5670 567 1701 189 1512 1323 378 378 1701 1890 1134 1890 1701 189 1512 1323 378 378 1701 1890 1134 1890 567 4536 3969 1134 1134 5103 5670 3402 5670 504 441 126 126 567 630 378 630 3528 1008 1008 4536 5040 3024 5040 882 882 3969 4410 2646 4410 252 1134 1260 756 1260 1134 1260 756 1260 5670 3402 5670 3780 6300 3780 
1296 432 432 1296 144 1152 1008 288 288 1296 1440 864 1440 486 486 1458 162 1296 1134 919 324 1458 1620 972 1620 162 486 54 432 378 108 108 486 540 324 540 486 54 432 378 108 108 486 540 324 540 162 1296 1134 324 324 1458 1620 972 1620 144 126 36 36 162 180 108 180 1008 288 288 1296 1440 864 1440 252 252 1134 1260 756 1260 72 324 360 216 360 324 360 216 360 1620 972 1620 1080 1800 1080 
1296 432 432 1296 144 1152 1008 288 288 1296 1440 864 1440 486 486 1458 162 1296 1134 324 7979 1458 1620 972 1620 162 486 54 432 378 108 108 486 540 324 540 486 54 432 378 108 108 486 540 324 540 162 1296 1134 324 324 1458 1620 972 1620 144 126 36 36 162 180 108 180 1008 288 288 1296 1440 864 1440 252 252 1134 1260 756 1260 72 324 360 216 360 324 360 216 360 1620 972 1620 1080 1800 1080 
5832 1944 1944 5832 648 5184 4536 1296 1296 5832 6480 3888 6480 2187 2187 6561 729 5832 5103 1458 1458 4807 7290 4374 7290 729 2187 243 1944 1701 486 486 2187 2430 1458 2430 2187 243 1944 1701 486 486 2187 2430 1458 2430 729 5832 5103 1458 1458 6561 7290 4374 7290 648 567 162 162 729 810 486 810 4536 1296 1296 5832 6480 3888 6480 1134 1134 5103 5670 3402 5670 324 1458 1620 972 1620 1458 1620 972 1620 7290 4374 7290 4860 8100 4860 
6480 2160 2160 6480 720 5760 5040 1440 1440 6480 7200 4320 7200 2430 2430 7290 810 6480 5670 1620 1620 7290 28 4860 8100 810 2430 270 2160 1890 540 540 2430 2700 1620 2700 2430 270 2160 1890 540 540 2430 2700 1620 2700 810 6480 5670 1620 1620 7290 8100 4860 8100 720 630 180 180 810 900 540 900 5040 1440 1440 6480 7200 4320 7200 1260 1260 5670 6300 3780 6300 360 1620 1800 1080 1800 1620 1800 1080 1800 8100 4860 8100 5400 9000 5400 
3888 1296 1296 3888 432 3456 3024 864 864 3888 4320 2592 4320 1458 1458 4374 486 3888 3402 972 972 4374 4860 7660 4860 486 1458 162 1296 1134 324 324 1458 1620 972 1620 1458 162 1296 1134 324 324 1458 1620 972 1620 486 3888 3402 972 972 4374 4860 2916 4860 432 378 108 108 486 540 324 540 3024 864 864 3888 4320 2592 4320 756 756 3402 3780 2268 3780 216 972 1080 648 1080 972 1080 648 1080 4860 2916 4860 3240 5400 3240 
6480 2160 2160 6480 720 5760 5040 1440 1440 6480 7200 4320 7200 2430 2430 7290 810 6480 5670 1620 1620 7290 8100 4860 8765 810 2430 270 2160 1890 540 540 2430 2700 1620 2700 2430 270 2160 1890 540 540 2430 2700 1620 2700 810 6480 5670 1620 1620 7290 8100 4860 8100 720 630 180 180 810 900 540 900 5040 1440 1440 6480 7200 4320 7200 1260 1260 5670 6300 3780 6300 360 1620 1800 1080 1800 1620 1800 1080 1800 8100 4860 8100 5400 9000 5400 
648 216 216 648 72 576 504 144 144 648 720 432 720 243 243 729 81 648 567 162 162 729 810 486 810 3259 243 27 216 189 54 54 243 270 162 270 243 27 216 189 54 54 243 270 162 270 81 648 567 162 162 729 810 486 810 72 63 18 18 81 90 54 90 504 144 144 648 720 432 720 126 126 567 630 378 630 36 162 180 108 180 162 180 108 180 810 486 810 540 900 540 
1944 648 648 1944 216 1728 1512 432 432 1944 2160 1296 2160 729 729 2187 243 1944 1701 486 486 2187 2430 1458 2430 243 720 81 648 567 162 162 729 810 486 810 729 81 648 567 162 162 729 810 486 810 243 1944 1701 486 486 2187 2430 1458 2430 216 189 54 54 243 270 162 270 1512 432 432 1944 2160 1296 2160 378 378 1701 1890 1134 1890 108 486 540 324 540 486 540 324 540 2430 1458 2430 1620 2700 1620 
216 72 72 216 24 192 168 48 48 216 240 144 240 81 81 243 27 216 189 54 54 243 270 162 270 27 81 6640 72 63 18 18 81 90 54 90 81 9 72 63 18 18 81 90 54 90 27 216 189 54 54 243 270 162 270 24 21 6 6 27 30 18 30 168 48 48 216 240 144 240 42 42 189 210 126 210 12 54 60 36 60 54 60 36 60 270 162 270 180 300 180 
1728 576 576 1728 192 1536 1344 384 384 1728 1920 1152 1920 648 648 1944 216 1728 1512 432 432 1944 2160 1296 2160 216 648 72 3557 504 144 144 648 720 432 720 648 72 576 504 144 144 648 720 432 720 216 1728 1512 432 432 1944 2160 1296 2160 192 168 48 48 216 240 144 240 1344 384 384 1728 1920 1152 1920 336 336 1512 1680 1008 1680 96 432 480 288 480 432 480 288 480 2160 1296 2160 1440 2400 1440 
1512 504 504 1512 168 1344 1176 336 336 1512 1680 1008 1680 567 567 1701 189 1512 1323 378 378 1701 1890 1134 1890 189 567 63 504 5787 126 126 567 630 378 630 567 63 504 441 126 126 567 630 378 630 189 1512 1323 378 378 1701 1890 1134 1890 168 147 42 42 189 210 126 210 1176 336 336 1512 1680 1008 1680 294 294 1323 1470 882 1470 84 378 420 252 420 378 420 252 420 1890 1134 1890 1260 2100 1260 
432 144 144 432 48 384 336 96 96 432 480 288 480 162 162 486 54 432 378 108 108 486 540 324 540 54 162 18 144 126 1049 36 162 180 108 180 162 18 144 126 36 36 162 180 108 180 54 432 378 108 108 486 540 324 540 48 42 12 12 54 60 36 60 336 96 96 432 480 288 480 84 84 378 420 252 420 24 108 120 72 120 108 120 72 120 540 324 540 360 600 360 
432 144 144 432 48 384 336 96 96 432 480 288 480 162 162 486 54 432 378 108 108 486 540 324 540 54 162 18 144 126 36 3545 162 180 108 180 162 18 144 126 36 36 162 180 108 180 54 432 378 108 108 486 540 324 540 48 42 12 12 54 60 36 60 336 96 96 432 480 288 480 84 84 378 420 252 420 24 108 120 72 120 108 120 72 120 540 324 540 360 600 360 
1944 648 648 1944 216 1728 1512 432 432 1944 2160 1296 2160 729 729 2187 243 1944 1701 486 486 2187 2430 1458 2430 243 729 81 648 567 162 162 1949 810 486 810 729 81 648 567 162 162 729 810 486 810 243 1944 1701 486 486 2187 2430 1458 2430 216 189 54 54 243 270 162 270 1512 432 432 1944 2160 1296 2160 378 378 1701 1890 1134 1890 108 486 540 324 540 486 540 324 540 2430 1458 2430 1620 2700 1620 
2160 720 720 2160 240 1920 1680 480 480 2160 2400 1440 2400 810 810 2430 270 2160 1890 540 540 2430 2700 1620 2700 270 810 90 720 630 180 180 810 23 540 900 810 90 720 630 180 180 810 900 540 900 270 2160 1890 540 540 2430 2700 1620 2700 240 210 60 60 270 300 180 300 1680 480 480 2160 2400 1440 2400 420 420 1890 2100 1260 2100 120 540 600 360 600 540 600 360 600 2700 1620 2700 1800 3000 1800 
1296 432 432 1296 144 1152 1008 288 288 1296 1440 864 1440 486 486 1458 162 1296 1134 324 324 1458 1620 972 1620 162 486 54 432 378 108 108 486 540 1592 540 486 54 432 378 108 108 486 540 324 540 162 1296 1134 324 324 1458 1620 972 1620 144 126 36 36 162 180 108 180 1008 288 288 1296 1440 864 1440 252 252 1134 1260 756 1260 72 324 360 216 360 324 360 216 360 1620 972 1620 1080 1800 1080 
2160 720 720 2160 240 1920 1680 480 480 2160 2400 1440 2400 810 810 2430 270 2160 1890 540 540 2430 2700 1620 2700 270 810 90 720 630 180 180 810 900 540 645 810 90 720 630 180 180 810 900 540 900 270 2160 1890 540 540 2430 2700 1620 2700 240 210 60 60 270 300 180 300 1680 480 480 2160 2400 1440 2400 420 420 1890 2100 1260 2100 120 540 600 360 600 540 600 360 600 2700 1620 2700 1800 3000 1800 
1944 648 648 1944 216 1728 1512 432 432 1944 2160 1296 2160 729 729 2187 243 1944 1701 486 486 2187 2430 1458 2430 243 729 81 648 567 162 162 729 810 486 810 5982 81 648 567 162 162 729 810 486 810 243 1944 1701 486 486 2187 2430 1458 2430 216 189 54 54 243 270 162 270 1512 432 432 1944 2160 1296 2160 378 378 1701 1890 1134 1890 108 486 540 324 540 486 540 324 540 2430 1458 2430 1620 2700 1620 
216 72 72 216 24 192 168 48 48 216 240 144 240 81 81 243 27 216 189 54 54 243 270 162 270 27 81 9 72 63 18 18 81 90 54 90 81 6919 72 63 18 18 81 90 54 90 27 216 189 54 54 243 270 162 270 24 21 6 6 27 30 18 30 168 48 48 216 240 144 240 42 42 189 210 126 210 12 54 60 36 60 54 60 36 60 270 162 270 180 300 180 
1728 576 576 1728 192 1536 1344 384 384 1728 1920 1152 1920 648 648 1944 216 1728 1512 432 432 1944 2160 1296 2160 216 648 72 576 504 144 144 648 720 432 720 648 72 1717 504 144 144 648 720 432 720 216 1728 1512 432 432 1944 2160 1296 2160 192 168 48 48 216 240 144 240 1344 384 384 1728 1920 1152 1920 336 336 1512 1680 1008 1680 96 432 480 288 480 432 480 288 480 2160 1296 2160 1440 2400 1440 
1512 504 504 1512 168 1344 1176 336 336 1512 1680 1008 1680 567 567 1701 189 1512 1323 378 378 1701 1890 1134 1890 189 567 63 504 441 126 126 567 630 378 630 567 63 504 6428 126 126 567 630 378 630 189 1512 1323 378 378 1701 1890 1134 1890 168 147 42 42 189 210 126 210 1176 336 336 1512 1680 1008 1680 294 294 1323 1470 882 1470 84 378 420 252 420 378 420 252 420 1890 1134 1890 1260 2100 1260 
432 144 144 432 48 384 336 96 96 432 480 288 480 162 162 486 54 432 378 108 108 486 540 324 540 54 162 18 144 126 36 36 162 180 108 180 162 18 144 126 5552 36 162 180 108 180 54 432 378 108 108 486 540 324 540 48 42 12 12 54 60 36 60 336 96 96 432 480 288 480 84 84 378 420 252 420 24 108 120 72 120 108 120 72 120 540 324 540 360 600 360 
432 144 144 432 48 384 336 96 96 432 480 288 480 162 162 486 54 432 378 108 108 486 540 324 540 54 162 18 144 126 36 36 162 180 108 180 162 18 144 126 36 8158 162 180 108 180 54 432 378 108 108 486 540 324 540 48 42 12 12 54 60 36 60 336 96 96 432 480 288 480 84 84 378 420 252 420 24 108 120 72 120 108 120 72 120 540 324 540 360 600 360 
1944 648 648 1944 216 1728 1512 432 432 1944 2160 1296 2160 729 729 2187 243 1944 1701 486 486 2187 2430 1458 2430 243 729 81 648 567 162 162 729 810 486 810 729 81 648 567 162 162 7108 810 486 810 243 1944 1701 486 486 2187 2430 1458 2430 216 189 54 54 243 270 162 270 1512 432 432 1944 2160 1296 2160 378 378 1701 1890 1134 1890 108 486 540 324 540 486 540 324 540 2430 1458 2430 1620 2700 1620 
2160 720 720 2160 240 1920 1680 480 480 2160 2400 1440 2400 810 810 2430 270 2160 1890 540 540 2430 2700 1620 2700 270 810 90 720 630 180 180 810 900 540 900 810 90 720 630 180 180 810 7298 540 900 270 2160 1890 540 540 2430 2700 1620 2700 240 210 60 60 270 300 180 300 1680 480 480 2160 2400 1440 2400 420 420 1890 2100 1260 2100 120 540 600 360 600 540 600 360 600 2700 1620 2700 1800 3000 1800 
1296 432 432 1296 144 1152 1008 288 288 1296 1440 864 1440 486 486 1458 162 1296 1134 324 324 1458 1620 972 1620 162 486 54 432 378 108 108 486 540 324 540 486 54 432 378 108 108 486 540 4419 540 162 1296 1134 324 324 1458 1620 972 1620 144 126 36 36 162 180 108 180 1008 288 288 1296 1440 864 1440 252 252 1134 1260 756 1260 72 324 360 216 360 324 360 216 360 1620 972 1620 1080 1800 1080 
2160 720 720 2160 240 1920 1680 480 480 2160 2400 1440 2400 810 810 2430 270 2160 1890 540 540 2430 2700 1620 2700 270 810 90 720 630 180 180 810 900 540 900 810 90 720 630 180 180 810 900 540 4385 270 2160 1890 540 540 2430 2700 1620 2700 240 210 60 60 270 300 180 300 1680 480 480 2160 2400 1440 2400 420 420 1890 2100 1260 2100 120 540 600 360 600 540 600 360 600 2700 1620 2700 1800 3000 1800 
648 216 216 648 72 576 504 144 144 648 720 432 720 243 243 729 81 648 567 162 162 729 810 486 810 81 243 27 216 189 54 54 243 270 162 270 243 27 216 189 54 54 243 270 162 270 2439 648 567 162 162 729 810 486 810 72 63 18 18 81 90 54 90 504 144 144 648 720 432 720 126 126 567 630 378 630 36 162 180 108 180 162 180 108 180 810 486 810 540 900 540 
5184 1728 1728 5184 576 4608 4032 1152 1152 5184 5760 3456 5760 1944 1944 5832 648 5184 4536 1296 1296 5832 6480 3888 6480 648 1944 216 1728 1512 432 432 1944 2160 1296 2160 1944 216 1728 1512 432 432 1944 2160 1296 2160 648 2225 4536 1296 1296 5832 6480 3888 6480 576 504 144 144 648 720 432 720 4032 1152 1152 5184 5760 3456 5760 1008 1008 4536 5040 3024 5040 288 1296 1440 864 1440 1296 1440 864 1440 6480 3888 6480 4320 7200 4320 
4536 1512 1512 4536 504 4032 3528 1008 1008 4536 5040 3024 5040 1701 1701 5103 567 4536 3969 1134 1134 5103 5670 3402 5670 567 1701 189 1512 1323 378 378 1701 1890 1134 1890 1701 189 1512 1323 378 378 1701 1890 1134 1890 567 4536 2286 1134 1134 5103 5670 3402 5670 504 441 126 126 567 630 378 630 3528 1008 1008 4536 5040 3024 5040 882 882 3969 4410 2646 4410 252 1134 1260 756 1260 1134 1260 756 1260 5670 3402 5670 3780 6300 3780 
1296 432 432 1296 144 1152 1008 288 288 1296 1440 864 1440 486 486 1458 162 1296 1134 324 324 1458 1620 972 1620 162 486 54 432 378 108 108 486 540 324 540 486 54 432 378 108 108 486 540 324 540 162 1296 1134 2602 324 1458 1620 972 1620 144 126 36 36 162 180 108 180 1008 288 288 1296 1440 864 1440 252 252 1134 1260 756 1260 72 324 360 216 360 324 360 216 360 1620 972 1620 1080 1800 1080 
1296 432 432 1296 144 1152 1008 288 288 1296 1440 864 1440 486 486 1458 162 1296 1134 324 324 1458 1620 972 1620 162 486 54 432 378 108 108 486 540 324 540 486 54 432 378 108 108 486 540 324 540 162 1296 1134 324 3236 1458 1620 972 1620 144 126 36 36 162 180 108 180 1008 288 288 1296 1440 864 1440 252 252 1134 1260 756 1260 72 324 360 216 360 324 360 216 360 1620 972 1620 1080 1800 1080 
5832 1944 1944 5832 648 5184 4536 1296 1296 5832 6480 3888 6480 2187 2187 6561 729 5832 5103 1458 1458 6561 7290 4374 7290 729 2187 243 1944 1701 486 486 2187 2430 1458 2430 2187 243 1944 1701 486 486 2187 2430 1458 2430 729 5832 5103 1458 1458 1607 7290 4374 7290 648 567 162 162 729 810 486 810 4536 1296 1296 5832 6480 3888 6480 1134 1134 5103 5670 3402 5670 324 1458 1620 972 1620 1458 1620 972 1620 7290 4374 7290 4860 8100 4860 
6480 2160 2160 6480 720 5760 5040 1440 1440 6480 7200 4320 7200 2430 2430 7290 810 6480 5670 1620 1620 7290 8100 4860 8100 810 2430 270 2160 1890 540 540 2430 2700 1620 2700 2430 270 2160 1890 540 540 2430 2700 1620 2700 810 6480 5670 1620 1620 7290 2517 4860 8100 720 630 180 180 810 900 540 900 5040 1440 1440 6480 7200 4320 7200 1260 1260 5670 6300 3780 6300 360 1620 1800 1080 1800 1620 1800 1080 1800 8100 4860 8100 5400 9000 5400 
3888 1296 1296 3888 432 3456 3024 864 864 3888 4320 2592 4320 1458 1458 4374 486 3888 3402 972 972 4374 4860 2916 4860 486 1458 162 1296 1134 324 324 1458 1620 972 1620 1458 162 1296 1134 324 324 1458 1620 972 1620 486 3888 3402 972 972 4374 4860 3096 4860 432 378 108 108 486 540 324 540 3024 864 864 3888 4320 2592 4320 756 756 3402 3780 2268 3780 216 972 1080 648 1080 972 1080 648 1080 4860 2916 4860 3240 5400 3240 
6480 2160 2160 6480 720 5760 5040 1440 1440 6480 7200 4320 7200 2430 2430 7290 810 6480 5670 1620 1620 7290 8100 4860 8100 810 2430 270 2160 1890 540 540 2430 2700 1620 2700 2430 270 2160 1890 540 540 2430 2700 1620 2700 810 6480 5670 1620 1620 7290 8100 4860 7081 720 630 180 180 810 900 540 900 5040 1440 1440 6480 7200 4320 7200 1260 1260 5670 6300 3780 6300 360 1620 1800 1080 1800 1620 1800 1080 1800 8100 4860 8100 5400 9000 5400 
576 192 192 576 64 512 448 128 128 576 640 384 640 216 216 648 72 576 504 144 144 648 720 432 720 72 216 24 192 168 48 48 216 240 144 240 216 24 192 168 48 48 216 240 144 240 72 576 504 144 144 648 720 432 720 6332 56 16 16 72 80 48 80 448 128 128 576 640 384 640 112 112 504 560 336 560 32 144 160 96 160 144 160 96 160 720 432 720 480 800 480 
504 168 168 504 56 448 392 112 112 504 560 336 560 189 189 567 63 504 441 126 126 567 630 378 630 63 189 21 168 147 42 42 189 210 126 210 189 21 168 147 42 42 189 210 126 210 63 504 441 126 126 567 630 378 630 56 3296 14 14 63 70 42 70 392 112 112 504 560 336 560 98 98 441 490 294 490 28 126 140 84 140 126 140 84 140 630 378 630 420 700 420 
144 48 48 144 16 128 112 32 32 144 160 96 160 54 54 162 18 144 126 36 36 162 180 108 180 18 54 6 48 42 12 12 54 60 36 60 54 6 48 42 12 12 54 60 36 60 18 144 126 36 36 162 180 108 180 16 14 697 4 18 20 12 20 112 32 32 144 160 96 160 28 28 126 140 84 140 8 36 40 24 40 36 40 24 40 180 108 180 120 200 120 
144 48 48 144 16 128 112 32 32 144 160 96 160 54 54 162 18 144 126 36 36 162 180 108 180 18 54 6 48 42 12 12 54 60 36 60 54 6 48 42 12 12 54 60 36 60 18 144 126 36 36 162 180 108 180 16 14 4 1581 18 20 12 20 112 32 32 144 160 96 160 28 28 126 140 84 140 8 36 40 24 40 36 40 24 40 180 108 180 120 200 120 
648 216 216 648 72 576 504 144 144 648 720 432 720 243 243 729 81 648 567 162 162 729 810 486 810 81 243 27 216 189 54 54 243 270 162 270 243 27 216 189 54 54 243 270 162 270 81 648 567 162 162 729 810 486 810 72 63 18 18 8759 90 54 90 504 144 144 648 720 432 720 126 126 567 630 378 630 36 162 180 108 180 162 180 108 180 810 486 810 540 900 540 
720 240 240 720 80 640 560 160 160 720 800 480 800 270 270 810 90 720 630 180 180 810 900 540 900 90 270 30 240 210 60 60 270 300 180 300 270 30 240 210 60 60 270 300 180 300 90 720 630 180 180 810 900 540 900 80 70 20 20 90 698 60 100 560 160 160 720 800 480 800 140 140 630 700 420 700 40 180 200 120 200 180 200 120 200 900 540 900 600 1000 600 
432 144 144 432 48 384 336 96 96 432 480 288 480 162 162 486 54 432 378 108 108 486 540 324 540 54 162 18 144 126 36 36 162 180 108 180 162 18 144 126 36 36 162 180 108 180 54 432 378 108 108 486 540 324 540 48 42 12 12 54 60 4731 60 336 96 96 432 480 288 480 84 84 378 420 252 420 24 108 120 72 120 108 120 72 120 540 324 540 360 600 360 
720 240 240 720 80 640 560 160 160 720 800 480 800 270 270 810 90 720 630 180 180 810 900 540 900 90 270 30 240 210 60 60 270 300 180 300 270 30 240 210 60 60 270 300 180 300 90 720 630 180 180 810 900 540 900 80 70 20 20 90 100 60 6056 560 160 160 720 800 480 800 140 140 630 700 420 700 40 180 200 120 200 180 200 120 200 900 540 900 600 1000 600 
4032 1344 1344 4032 448 3584 3136 896 896 4032 4480 2688 4480 1512 1512 4536 504 4032 3528 1008 1008 4536 5040 3024 5040 504 1512 168 1344 1176 336 336 1512 1680 1008 1680 1512 168 1344 1176 336 336 1512 1680 1008 1680 504 4032 3528 1008 1008 4536 5040 3024 5040 448 392 112 112 504 560 336 560 2209 896 896 4032 4480 2688 4480 784 784 3528 3920 2352 3920 224 1008 1120 672 1120 1008 1120 672 1120 5040 3024 5040 3360 5600 3360 
1152 384 384 1152 128 1024 896 256 256 1152 1280 768 1280 432 432 1296 144 1152 1008 288 288 1296 1440 864 1440 144 432 48 384 336 96 96 432 480 288 480 432 48 384 336 96 96 432 480 288 480 144 1152 1008 288 288 1296 1440 864 1440 128 112 32 32 144 160 96 160 896 2392 256 1152 1280 768 1280 224 224 1008 1120 672 1120 64 288 320 192 320 288 320 192 320 1440 864 1440 960 1600 960 
1152 384 384 1152 128 1024 896 256 256 1152 1280 768 1280 432 432 1296 144 1152 1008 288 288 1296 1440 864 1440 144 432 48 384 336 96 96 432 480 288 480 432 48 384 336 96 96 432 480 288 480 144 1152 1008 288 288 1296 1440 864 1440 128 112 32 32 144 160 96 160 896 256 144 1152 1280 768 1280 224 224 1008 1120 672 1120 64 288 320 192 320 288 320 192 320 1440 864 1440 960 1600 960 
5184 1728 1728 5184 576 4608 4032 1152 1152 5184 5760 3456 5760 1944 1944 5832 648 5184 4536 1296 1296 5832 6480 3888 6480 648 1944 216 1728 1512 432 432 1944 2160 1296 2160 1944 216 1728 1512 432 432 1944 2160 1296 2160 648 5184 4536 1296 1296 5832 6480 3888 6480 576 504 144 144 648 720 432 720 4032 1152 1152 6326 5760 3456 5760 1008 1008 4536 5040 3024 5040 288 1296 1440 864 1440 1296 1440 864 1440 6480 3888 6480 4320 7200 4320 
5760 1920 1920 5760 640 5120 4480 1280 1280 5760 6400 3840 6400 2160 2160 6480 720 5760 5040 1440 1440 6480 7200 4320 7200 720 2160 240 1920 1680 480 480 2160 2400 1440 2400 2160 240 1920 1680 480 480 2160 2400 1440 2400 720 5760 5040 1440 1440 6480 7200 4320 7200 640 560 160 160 720 800 480 800 4480 1280 1280 5760 4538 3840 6400 1120 1120 5040 5600 3360 5600 320 1440 1600 960 1600 1440 1600 960 1600 7200 4320 7200 4800 8000 4800 
3456 1152 1152 3456 384 3072 2688 768 768 3456 3840 2304 3840 1296 1296 3888 432 3456 3024 864 864 3888 4320 2592 4320 432 1296 144 1152 1008 288 288 1296 1440 864 1440 1296 144 1152 1008 288 288 1296 1440 864 1440 432 3456 3024 864 864 3888 4320 2592 4320 384 336 96 96 432 480 288 480 2688 768 768 3456 3840 6779 3840 672 672 3024 3360 2016 3360 192 864 960 576 960 864 960 576 960 4320 2592 4320 2880 4800 2880 
5760 1920 1920 5760 640 5120 4480 1280 1280 5760 6400 3840 6400 2160 2160 6480 720 5760 5040 1440 1440 6480 7200 4320 7200 720 2160 240 1920 1680 480 480 2160 2400 1440 2400 2160 240 1920 1680 480 480 2160 2400 1440 2400 720 5760 5040 1440 1440 6480 7200 4320 7200 640 560 160 160 720 800 480 800 4480 1280 1280 5760 6400 3840 7120 1120 1120 5040 5600 3360 5600 320 1440 1600 960 1600 1440 1600 960 1600 7200 4320 7200 4800 8000 4800 
1008 336 336 1008 112 896 784 224 224 1008 1120 672 1120 378 378 1134 126 1008 882 252 252 1134 1260 756 1260 126 378 42 336 294 84 84 378 420 252 420 378 42 336 294 84 84 378 420 252 420 126 1008 882 252 252 1134 1260 756 1260 112 98 28 28 126 140 84 140 784 224 224 1008 1120 672 1120 8199 196 882 980 588 980 56 252 280 168 280 252 280 168 280 1260 756 1260 840 1400 840 
1008 336 336 1008 112 896 784 224 224 1008 1120 672 1120 378 378 1134 126 1008 882 252 252 1134 1260 756 1260 126 378 42 336 294 84 84 378 420 252 420 378 42 336 294 84 84 378 420 252 420 126 1008 882 252 252 1134 1260 756 1260 112 98 28 28 126 140 84 140 784 224 224 1008 1120 672 1120 196 8538 882 980 588 980 56 252 280 168 280 252 280 168 280 1260 756 1260 840 1400 840 
4536 1512 1512 4536 504 4032 3528 1008 1008 4536 5040 3024 5040 1701 1701 5103 567 4536 3969 1134 1134 5103 5670 3402 5670 567 1701 189 1512 1323 378 378 1701 1890 1134 1890 1701 189 1512 1323 378 378 1701 1890 1134 1890 567 4536 3969 1134 1134 5103 5670 3402 5670 504 441 126 126 567 630 378 630 3528 1008 1008 4536 5040 3024 5040 882 882 1814 4410 2646 4410 252 1134 1260 756 1260 1134 1260 756 1260 5670 3402 5670 3780 6300 3780 
5040 1680 1680 5040 560 4480 3920 1120 1120 5040 5600 3360 5600 1890 1890 5670 630 5040 4410 1260 1260 5670 6300 3780 6300 630 1890 210 1680 1470 420 420 1890 2100 1260 2100 1890 210 1680 1470 420 420 1890 2100 1260 2100 630 5040 4410 1260 1260 5670 6300 3780 6300 560 490 140 140 630 700 420 700 3920 1120 1120 5040 5600 3360 5600 980 980 4410 1491 2940 4900 280 1260 1400 840 1400 1260 1400 840 1400 6300 3780 6300 4200 7000 4200 
3024 1008 1008 3024 336 2688 2352 672 672 3024 3360 2016 3360 1134 1134 3402 378 3024 2646 756 756 3402 3780 2268 3780 378 1134 126 1008 882 252 252 1134 1260 756 1260 1134 126 1008 882 252 252 1134 1260 756 1260 378 3024 2646 756 756 3402 3780 2268 3780 336 294 84 84 378 420 252 420 2352 672 672 3024 3360 2016 3360 588 588 2646 2940 1035 2940 168 756 840 504 840 756 840 504 840 3780 2268 3780 2520 4200 2520 
5040 1680 1680 5040 560 4480 3920 1120 1120 5040 5600 3360 5600 1890 1890 5670 630 5040 4410 1260 1260 5670 6300 3780 6300 630 1890 210 1680 1470 420 420 1890 2100 1260 2100 1890 210 1680 1470 420 420 1890 2100 1260 2100 630 5040 4410 1260 1260 5670 6300 3780 6300 560 490 140 140 630 700 420 700 3920 1120 1120 5040 5600 3360 5600 980 980 4410 4900 2940 1979 280 1260 1400 840 1400 1260 1400 840 1400 6300 3780 6300 4200 7000 4200 
288 96 96 288 32 256 224 64 64 288 320 192 320 108 108 324 36 288 252 72 72 324 360 216 360 36 108 12 96 84 24 24 108 120 72 120 108 12 96 84 24 24 108 120 72 120 36 288 252 72 72 324 360 216 360 32 28 8 8 36 40 24 40 224 64 64 288 320 192 320 56 56 252 280 168 280 6452 72 80 48 80 72 80 48 80 360 216 360 240 400 240 
1296 432 432 1296 144 1152 1008 288 288 1296 1440 864 1440 486 486 1458 162 1296 1134 324 324 1458 1620 972 1620 162 486 54 432 378 108 108 486 540 324 540 486 54 432 378 108 108 486 540 324 540 162 1296 1134 324 324 1458 1620 972 1620 144 126 36 36 162 180 108 180 1008 288 288 1296 1440 864 1440 252 252 1134 1260 756 1260 72 2175 360 216 360 324 360 216 360 1620 972 1620 1080 1800 1080 
1440 480 480 1440 160 1280 1120 320 320 1440 1600 960 1600 540 540 1620 180 1440 1260 360 360 1620 1800 1080 1800 180 540 60 480 420 120 120 540 600 360 600 540 60 480 420 120 120 540 600 360 600 180 1440 1260 360 360 1620 1800 1080 1800 160 140 40 40 180 200 120 200 1120 320 320 1440 1600 960 1600 280 280 1260 1400 840 1400 80 360 4813 240 400 360 400 240 400 1800 1080 1800 1200 2000 1200 
864 288 288 864 96 768 672 192 192 864 960 576 960 324 324 972 108 864 756 216 216 972 1080 648 1080 108 324 36 288 252 72 72 324 360 216 360 324 36 288 252 72 72 324 360 216 360 108 864 756 216 216 972 1080 648 1080 96 84 24 24 108 120 72 120 672 192 192 864 960 576 960 168 168 756 840 504 840 48 216 240 8773 240 216 240 144 240 1080 648 1080 720 1200 720 
1440 480 480 1440 160 1280 1120 320 320 1440 1600 960 1600 540 540 1620 180 1440 1260 360 360 1620 1800 1080 1800 180 540 60 480 420 120 120 540 600 360 600 540 60 480 420 120 120 540 600 360 600 180 1440 1260 360 360 1620 1800 1080 1800 160 140 40 40 180 200 120 200 1120 320 320 1440 1600 960 1600 280 280 1260 1400 840 1400 80 360 400 240 5284 360 400 240 400 1800 1080 1800 1200 2000 1200 
1296 432 432 1296 144 1152 1008 288 288 1296 1440 864 1440 486 486 1458 162 1296 1134 324 324 1458 1620 972 1620 162 486 54 432 378 108 108 486 540 324 540 486 54 432 378 108 108 486 540 324 540 162 1296 1134 324 324 1458 1620 972 1620 144 126 36 36 162 180 108 180 1008 288 288 1296 1440 864 1440 252 252 1134 1260 756 1260 72 324 360 216 360 6430 360 216 360 1620 972 1620 1080 1800 1080 
1440 480 480 1440 160 1280 1120 320 320 1440 1600 960 1600 540 540 1620 180 1440 1260 360 360 1620 1800 1080 1800 180 540 60 480 420 120 120 540 600 360 600 540 60 480 420 120 120 540 600 360 600 180 1440 1260 360 360 1620 1800 1080 1800 160 140 40 40 180 200 120 200 1120 320 320 1440 1600 960 1600 280 280 1260 1400 840 1400 80 360 400 240 400 360 5485 240 400 1800 1080 1800 1200 2000 1200 
864 288 288 864 96 768 672 192 192 864 960 576 960 324 324 972 108 864 756 216 216 972 1080 648 1080 108 324 36 288 252 72 72 324 360 216 360 324 36 288 252 72 72 324 360 216 360 108 864 756 216 216 972 1080 648 1080 96 84 24 24 108 120 72 120 672 192 192 864 960 576 960 168 168 756 840 504 840 48 216 240 144 240 216 240 9354 240 1080 648 1080 720 1200 720 
1440 480 480 1440 160 1280 1120 320 320 1440 1600 960 1600 540 540 1620 180 1440 1260 360 360 1620 1800 1080 1800 180 540 60 480 420 120 120 540 600 360 600 540 60 480 420 120 120 540 600 360 600 180 1440 1260 360 360 1620 1800 1080 1800 160 140 40 40 180 200 120 200 1120 320 320 1440 1600 960 1600 280 280 1260 1400 840 1400 80 360 400 240 400 360 400 240 5943 1800 1080 1800 1200 2000 1200 
6480 2160 2160 6480 720 5760 5040 1440 1440 6480 7200 4320 7200 2430 2430 7290 810 6480 5670 1620 1620 7290 8100 4860 8100 810 2430 270 2160 1890 540 540 2430 2700 1620 2700 2430 270 2160 1890 540 540 2430 2700 1620 2700 810 6480 5670 1620 1620 7290 8100 4860 8100 720 630 180 180 810 900 540 900 5040 1440 1440 6480 7200 4320 7200 1260 1260 5670 6300 3780 6300 360 1620 1800 1080 1800 1620 1800 1080 1800 7300 4860 8100 5400 9000 5400 
3888 1296 1296 3888 432 3456 3024 864 864 3888 4320 2592 4320 1458 1458 4374 486 3888 3402 972 972 4374 4860 2916 4860 486 1458 162 1296 1134 324 324 1458 1620 972 1620 1458 162 1296 1134 324 324 1458 1620 972 1620 486 3888 3402 972 972 4374 4860 2916 4860 432 378 108 108 486 540 324 540 3024 864 864 3888 4320 2592 4320 756 756 3402 3780 2268 3780 216 972 1080 648 1080 972 1080 648 1080 4860 6962 4860 3240 5400 3240 
6480 2160 2160 6480 720 5760 5040 1440 1440 6480 7200 4320 7200 2430 2430 7290 810 6480 5670 1620 1620 7290 8100 4860 8100 810 2430 270 2160 1890 540 540 2430 2700 1620 2700 2430 270 2160 1890 540 540 2430 2700 1620 2700 810 6480 5670 1620 1620 7290 8100 4860 8100 720 630 180 180 810 900 540 900 5040 1440 1440 6480 7200 4320 7200 1260 1260 5670 6300 3780 6300 360 1620 1800 1080 1800 1620 1800 1080 1800 8100 4860 2020 5400 9000 5400 
4320 1440 1440 4320 480 3840 3360 960 960 4320 4800 2880 4800 1620 1620 4860 540 4320 3780 1080 1080 4860 5400 3240 5400 540 1620 180 1440 1260 360 360 1620 1800 1080 1800 1620 180 1440 1260 360 360 1620 1800 1080 1800 540 4320 3780 1080 1080 4860 5400 3240 5400 480 420 120 120 540 600 360 600 3360 960 960 4320 4800 2880 4800 840 840 3780 4200 2520 4200 240 1080 1200 720 1200 1080 1200 720 1200 5400 3240 5400 4732 6000 3600 
7200 2400 2400 7200 800 6400 5600 1600 1600 7200 8000 4800 8000 2700 2700 8100 900 7200 6300 1800 1800 8100 9000 5400 9000 900 2700 300 2400 2100 600 600 2700 3000 1800 3000 2700 300 2400 2100 600 600 2700 3000 1800 3000 900 7200 6300 1800 1800 8100 9000 5400 9000 800 700 200 200 900 1000 600 1000 5600 1600 1600 7200 8000 4800 8000 1400 1400 6300 7000 4200 7000 400 1800 2000 1200 2000 1800 2000 1200 2000 9000 5400 9000 6000 9104 6000 
4320 1440 1440 4320 480 3840 3360 960 960 4320 4800 2880 4800 1620 1620 4860 540 4320 3780 1080 1080 4860 5400 3240 5400 540 1620 180 1440 1260 360 360 1620 1800 1080 1800 1620 180 1440 1260 360 360 1620 1800 1080 1800 540 4320 3780 1080 1080 4860 5400 3240 5400 480 420 120 120 540 600 360 600 3360 960 960 4320 4800 2880 4800 840 840 3780 4200 2520 4200 240 1080 1200 720 1200 1080 1200 720 1200 5400 3240 5400 3600 6000 7888 
