45 10
90 3 6 15 11 16 10 1 17 16 0 0 16 6 18 17 20 16 6 8 17 13 10 1 4 9 17 2 13 5 20 20 17 13 12 10 13 6 2 15 7 17 18 6 2 
3 16 15 14 8 10 16 17 14 16 13 1 9 15 0 12 9 9 4 9 14 3 11 8 16 5 20 16 15 9 20 10 8 8 8 8 17 16 14 6 12 6 14 17 5 
6 15 66 11 19 9 2 17 4 5 7 10 3 1 10 6 13 2 8 18 10 11 18 9 19 13 10 18 18 5 9 3 19 6 7 17 17 20 8 6 20 14 3 18 20 
15 14 11 4 10 5 14 15 6 19 14 1 1 18 10 19 9 6 5 8 14 15 1 9 5 20 9 7 0 2 7 3 7 2 12 12 20 13 18 4 7 18 0 18 10 
11 8 19 10 61 7 9 17 2 0 18 7 10 18 10 2 19 4 9 10 20 17 9 12 1 15 1 18 17 10 16 6 2 1 13 10 7 6 19 11 8 8 4 20 7 
16 10 9 5 7 33 17 2 4 5 2 8 18 19 20 4 10 17 5 12 5 5 17 15 14 19 0 19 13 18 8 15 8 18 5 12 20 18 5 12 7 11 9 17 15 
10 16 2 14 9 17 69 4 20 20 18 8 3 18 15 17 11 8 1 1 1 6 13 20 0 16 5 8 7 11 6 19 6 15 18 17 15 14 9 7 12 1 7 15 12 
1 17 17 15 17 2 4 99 16 11 2 9 18 20 11 17 1 1 6 20 1 5 5 17 19 11 1 17 5 18 11 18 1 9 17 20 11 8 19 17 11 2 6 17 4 
17 14 4 6 2 4 20 16 39 20 17 7 14 9 7 13 4 19 9 4 18 7 14 1 12 19 9 16 11 7 17 7 3 10 9 6 10 2 6 0 6 14 16 8 17 
16 16 5 19 0 5 20 11 20 93 11 2 16 15 15 10 16 12 20 4 2 13 7 7 11 0 10 10 8 9 6 8 19 15 17 20 7 13 1 19 16 15 11 7 10 
0 13 7 14 18 2 18 2 17 11 97 16 13 10 5 14 9 12 15 8 16 3 9 16 7 8 10 11 0 17 0 15 20 4 11 7 10 6 9 11 20 2 9 7 6 
0 1 10 1 7 8 8 9 7 2 16 58 10 4 0 11 20 20 15 16 13 2 17 9 12 16 0 17 7 14 17 20 20 16 3 19 0 17 13 14 0 2 8 17 2 
16 9 3 1 10 18 3 18 14 16 13 10 23 10 9 15 6 8 13 3 16 7 14 1 20 2 2 7 11 4 9 20 0 13 1 11 13 5 17 15 5 16 4 20 9 
6 15 1 18 18 19 18 20 9 15 10 4 10 81 9 10 15 18 8 20 11 15 6 9 9 6 16 3 18 4 2 12 4 10 12 5 1 13 7 3 0 0 11 13 20 
18 0 10 10 10 20 15 11 7 15 5 0 9 9 18 3 20 17 13 16 3 7 1 6 1 2 18 10 13 5 8 3 18 8 20 14 4 7 1 19 15 16 7 12 12 
17 12 6 19 2 4 17 17 13 10 14 11 15 10 3 54 4 12 15 10 14 20 3 18 11 18 4 2 0 8 18 2 13 11 2 19 4 15 0 3 16 7 2 2 5 
20 9 13 9 19 10 11 1 4 16 9 20 6 15 20 4 93 20 10 19 13 10 19 18 19 4 0 17 8 8 13 9 4 11 13 0 12 9 0 18 12 20 14 4 3 
16 9 2 6 4 17 8 1 19 12 12 20 8 18 17 12 20 89 20 10 16 2 14 2 1 1 17 3 4 0 14 6 4 16 13 5 20 9 16 20 6 18 10 13 8 
6 4 8 5 9 5 1 6 9 20 15 15 13 8 13 15 10 20 92 11 13 8 20 10 15 4 2 3 16 9 6 4 12 4 13 15 1 4 4 15 9 15 18 3 0 
8 9 18 8 10 12 1 20 4 4 8 16 3 20 16 10 19 10 11 97 18 14 8 5 17 2 1 12 19 20 11 3 6 14 6 1 20 6 18 18 3 0 16 2 17 
17 14 10 14 20 5 1 1 18 2 16 13 16 11 3 14 13 16 13 18 29 18 6 0 6 11 2 17 14 15 14 17 14 15 17 13 9 10 17 18 4 0 12 13 14 
13 3 11 15 17 5 6 5 7 13 3 2 7 15 7 20 10 2 8 14 18 67 14 16 20 9 12 2 19 14 5 10 13 12 11 16 0 20 16 8 14 0 16 7 11 
10 11 18 1 9 17 13 5 14 7 9 17 14 6 1 3 19 14 20 8 6 14 77 12 2 9 7 9 16 12 2 9 7 0 15 1 19 13 13 2 5 16 14 6 4 
1 8 9 9 12 15 20 17 1 7 16 9 1 9 6 18 18 2 10 5 0 16 12 35 18 4 7 17 1 0 5 10 17 13 20 14 4 6 19 8 17 8 10 5 7 
4 16 19 5 1 14 0 19 12 11 7 12 20 9 1 11 19 1 15 17 6 20 2 18 29 4 1 16 20 16 20 0 16 6 16 15 19 8 10 19 7 7 18 12 4 
9 5 13 20 15 19 16 11 19 0 8 16 2 6 2 18 4 1 4 2 11 9 9 4 4 81 9 11 2 14 8 2 8 15 8 2 11 13 2 14 0 2 16 0 3 
17 20 10 9 1 0 5 1 9 10 10 0 2 16 18 4 0 17 2 1 2 12 7 7 1 9 99 1 7 15 20 2 8 12 6 13 17 7 16 15 16 13 8 14 16 
2 16 18 7 18 19 8 17 16 10 11 17 7 3 10 2 17 3 3 12 17 2 9 17 16 11 1 19 1 10 2 19 14 16 4 8 12 10 9 12 13 18 19 18 8 
13 15 18 0 17 13 7 5 11 8 0 7 11 18 13 0 8 4 16 19 14 19 16 1 20 2 7 1 47 15 9 14 16 2 15 7 13 8 17 19 4 13 13 13 10 
5 9 5 2 10 18 11 18 7 9 17 14 4 4 5 8 8 0 9 20 15 14 12 0 16 14 15 10 15 53 7 8 11 18 11 1 4 3 3 19 3 10 6 17 15 
20 20 9 7 16 8 6 11 17 6 0 17 9 2 8 18 13 14 6 11 14 5 2 5 20 8 20 2 9 7 56 5 10 12 2 6 1 7 7 0 19 8 19 7 9 
20 10 3 3 6 15 19 18 7 8 15 20 20 12 3 2 9 6 4 3 17 10 9 10 0 2 2 19 14 8 5 53 18 8 9 7 6 14 5 3 10 3 15 18 16 
17 8 19 7 2 8 6 1 3 19 20 20 0 4 18 13 4 4 12 6 14 13 7 17 16 8 8 14 16 11 10 18 79 14 3 5 15 8 7 11 5 2 9 13 19 
13 8 6 2 1 18 15 9 10 15 4 16 13 10 8 11 11 16 4 14 15 12 0 13 6 15 12 16 2 18 12 8 14 68 1 2 19 15 3 3 11 20 0 11 13 
12 8 7 12 13 5 18 17 9 17 11 3 1 12 20 2 13 13 13 6 17 11 15 20 16 8 6 4 15 11 2 9 3 1 100 1 17 20 17 6 5 4 17 16 9 
10 8 17 12 10 12 17 20 6 20 7 19 11 5 14 19 0 5 15 1 13 16 1 14 15 2 13 8 7 1 6 7 5 2 1 12 3 1 8 8 5 3 15 4 6 
13 17 17 20 7 20 15 11 10 7 10 0 13 1 4 4 12 20 1 20 9 0 19 4 19 11 17 12 13 4 1 6 15 19 17 3 13 11 0 17 0 5 5 7 14 
6 16 20 13 6 18 14 8 2 13 6 17 5 13 7 15 9 9 4 6 10 20 13 6 8 13 7 10 8 3 7 14 8 15 20 1 11 87 8 14 0 0 13 9 20 
2 14 8 18 19 5 9 19 6 1 9 13 17 7 1 0 0 16 4 18 17 16 13 19 10 2 16 9 17 3 7 5 7 3 17 8 0 8 55 4 5 18 10 3 6 
15 6 6 4 11 12 7 17 0 19 11 14 15 3 19 3 18 20 15 18 18 8 2 8 19 14 15 12 19 19 0 3 11 3 6 8 17 14 4 96 16 13 17 8 9 
7 12 20 7 8 7 12 11 6 16 20 0 5 0 15 16 12 6 9 3 4 14 5 17 7 0 16 13 4 3 19 10 5 11 5 5 0 0 5 16 73 11 13 4 9 
17 6 14 18 8 11 1 2 14 15 2 2 16 0 16 7 20 18 15 0 0 0 16 8 7 2 13 18 13 10 8 3 2 20 4 3 5 0 18 13 11 51 8 10 20 
18 14 3 0 4 9 7 6 16 11 9 8 4 11 7 2 14 10 18 16 12 16 14 10 18 16 8 19 13 6 19 15 9 0 17 15 5 13 10 17 13 8 64 2 20 
6 17 18 18 20 17 15 17 8 7 7 17 20 13 12 2 4 13 3 2 13 7 6 5 12 0 14 18 13 17 7 18 13 11 16 4 7 9 3 8 4 10 2 29 19 
2 5 20 10 7 15 12 4 17 10 6 2 9 20 12 5 3 8 0 17 14 11 4 7 4 3 16 8 10 15 9 16 19 13 9 6 14 20 6 9 9 20 20 19 0 
