28 8
31 30 15 13 13 37 21 17 21 7 18 23 35 32 24 30 45 8 9 30 21 32 7 37 27 22 31 24 
30 35 25 24 23 28 51 15 40 36 39 28 65 21 7 18 23 35 28 40 13 59 27 33 57 14 58 46 
15 25 42 24 2 44 33 9 15 22 14 34 44 17 22 16 46 15 7 18 23 35 8 46 40 26 35 40 
13 24 24 14 21 24 30 19 33 15 31 10 46 35 17 33 34 21 21 41 12 45 18 23 35 11 43 21 
13 23 2 21 36 41 32 7 17 20 15 31 44 19 20 17 44 14 6 21 21 36 7 43 39 23 35 37 
37 28 44 24 41 47 53 36 57 39 54 15 69 48 24 45 17 45 43 62 21 69 41 7 56 18 67 35 
21 51 33 30 32 53 71 38 26 15 24 37 15 50 45 49 65 17 26 40 41 21 25 50 7 42 18 23 
17 15 9 19 7 36 38 60 25 24 23 28 51 15 13 13 37 21 13 26 15 44 13 39 44 18 43 39 
21 40 15 33 17 57 26 25 31 24 2 44 33 30 37 30 61 14 13 13 37 21 16 57 33 39 21 42 
7 36 22 15 20 39 15 24 24 27 21 24 30 39 30 37 49 10 15 35 25 30 13 37 21 26 28 18 
18 39 14 31 15 54 24 23 2 21 27 41 32 30 36 30 59 11 11 15 35 21 13 54 31 37 21 39 
23 28 34 10 31 15 37 28 44 24 41 74 53 43 21 41 30 31 31 52 15 54 28 13 41 13 52 21 
35 65 44 46 44 69 15 51 33 30 32 53 42 61 60 61 80 30 38 46 56 15 38 66 13 57 13 37 
32 21 17 35 19 48 50 15 30 39 30 43 61 50 24 2 44 33 24 23 28 51 26 52 57 31 51 55 
24 7 22 17 20 24 45 13 37 30 36 21 60 24 49 21 24 30 25 40 6 55 23 28 51 8 54 39 
30 18 16 33 17 45 49 13 30 37 30 41 61 2 21 47 41 32 23 25 25 51 24 49 56 28 51 53 
45 23 46 34 44 17 65 37 61 49 59 30 80 44 24 41 57 53 48 63 25 78 46 24 70 23 76 51 
8 35 15 21 14 45 17 21 14 10 11 31 30 33 30 32 53 102 8 26 28 25 8 45 24 30 23 28 
9 28 7 21 6 43 26 13 13 15 11 31 38 24 25 23 48 8 48 21 24 30 2 44 33 26 30 34 
30 40 18 41 21 62 40 26 13 35 15 52 46 23 40 25 63 26 21 5 41 32 24 64 46 44 33 54 
21 13 23 12 21 21 41 15 37 25 35 15 56 28 6 25 25 28 24 41 88 53 21 24 46 2 51 33 
32 59 35 45 36 69 21 44 21 30 21 54 15 51 55 51 78 25 30 32 53 66 32 68 24 55 2 44 
7 27 8 18 7 41 25 13 16 13 13 28 38 26 23 24 46 8 2 24 21 32 42 41 32 24 30 31 
37 33 46 23 43 7 50 39 57 37 54 13 66 52 28 49 24 45 44 64 24 68 41 48 53 21 66 30 
27 57 40 35 39 56 7 44 33 21 31 41 13 57 51 56 70 24 33 46 46 24 32 53 61 47 21 24 
22 14 26 11 23 18 42 18 39 26 37 13 57 31 8 28 23 30 26 44 2 55 24 21 47 83 53 32 
31 58 35 43 35 67 18 43 21 28 21 52 13 51 54 51 76 23 30 33 51 2 30 66 21 53 64 41 
24 46 40 21 37 35 23 39 42 18 39 21 37 55 39 53 51 28 34 54 33 44 31 30 24 32 41 106 
