78 13
109 32 0 20 34 43 37 29 39 44 23 16 41 55 48 22 37 19 34 41 15 42 40 41 48 33 54 18 41 54 17 19 25 48 23 37 19 34 41 16 43 40 28 49 13 39 50 7 29 31 40 16 25 38 22 10 6 26 46 59 28 14 24 11 23 30 24 14 45 13 15 17 23 18 26 27 17 33 
32 82 33 13 20 11 35 9 6 41 42 32 54 80 66 45 44 50 52 51 48 74 68 55 48 22 37 19 34 41 15 42 40 67 46 44 51 53 51 48 74 69 32 41 32 43 46 29 56 52 17 23 18 21 26 42 35 7 29 39 5 31 28 21 13 42 54 45 33 21 45 40 9 37 35 55 45 66 
0 33 110 20 35 44 38 29 39 44 23 17 41 54 47 22 37 18 34 41 15 42 39 41 48 33 54 18 42 55 18 19 25 48 22 37 19 34 41 15 42 40 28 49 13 39 51 7 28 31 40 16 25 38 22 9 5 27 46 59 28 14 24 11 24 31 24 13 46 14 14 17 24 18 26 27 17 33 
20 13 20 96 25 25 36 14 19 43 35 25 43 67 54 32 34 37 40 41 35 60 55 44 41 18 38 6 30 40 3 29 27 55 32 35 37 41 41 35 61 55 22 37 19 34 41 15 42 40 21 17 10 21 22 30 22 6 29 42 10 18 18 9 5 38 43 33 31 12 31 26 4 24 24 45 35 53 
34 20 35 25 45 21 16 12 22 21 31 24 68 89 78 54 60 53 64 66 49 77 74 69 66 41 57 31 53 61 24 51 52 79 55 60 54 65 66 49 78 75 48 60 41 59 65 35 63 63 37 19 34 41 15 42 40 23 49 59 17 41 43 27 29 27 48 42 53 21 49 49 22 47 49 47 39 66 
43 11 44 25 21 75 37 15 6 41 49 40 65 92 77 57 54 62 64 61 59 85 80 65 56 31 41 30 42 46 27 54 51 78 57 55 62 64 61 59 86 80 43 48 44 52 54 40 68 64 22 32 29 28 32 53 47 19 34 41 15 42 40 33 25 47 64 55 40 31 56 51 21 49 46 63 54 77 
37 35 38 36 16 37 38 26 38 6 23 21 77 92 85 60 70 54 71 75 48 77 76 77 78 54 72 41 66 76 34 56 60 85 60 70 55 72 76 49 77 77 58 73 48 70 78 41 66 68 52 22 46 56 16 42 43 37 64 74 31 48 53 34 41 15 42 40 67 27 52 55 35 54 59 39 34 63 
29 9 29 14 12 15 26 69 13 32 34 24 57 81 68 45 48 47 54 54 44 71 67 58 54 29 46 20 41 49 14 42 42 69 46 49 48 55 55 45 72 68 36 48 32 48 53 27 55 53 26 16 22 29 17 38 33 11 37 48 5 31 32 19 17 33 48 40 41 15 42 40 10 38 38 48 39 62 
39 6 39 19 22 6 38 13 83 43 47 37 58 86 71 51 48 56 57 54 54 80 74 59 50 25 36 24 36 41 21 48 44 71 51 48 57 58 55 55 80 74 36 42 38 46 48 35 62 58 17 29 23 22 31 49 41 13 29 37 11 36 33 28 19 46 60 51 34 27 51 45 15 42 40 61 51 72 
44 41 44 43 21 41 6 32 43 31 28 27 83 98 92 67 77 60 78 82 54 82 82 84 84 61 78 48 73 82 41 63 67 92 67 77 61 78 82 55 83 83 65 80 54 77 84 48 73 75 58 29 53 62 22 48 50 43 70 80 37 55 60 41 47 19 47 45 73 34 59 61 41 61 65 42 40 68 
23 42 23 35 31 49 23 34 47 28 85 10 64 72 69 44 60 34 56 64 28 54 55 64 71 52 73 36 63 75 32 41 48 69 45 60 34 57 64 28 55 56 51 70 36 62 73 30 48 52 56 18 43 56 17 22 28 39 64 77 37 37 46 27 40 10 19 18 66 23 34 40 36 41 49 15 11 40 
16 32 17 25 24 40 21 24 37 27 10 80 57 70 64 39 52 33 51 57 27 55 54 58 62 43 63 26 53 65 22 36 41 65 39 52 33 51 57 27 56 55 42 61 28 54 64 22 45 48 45 8 34 46 8 21 22 29 54 67 26 29 37 18 30 14 24 19 56 13 31 34 26 34 41 23 15 42 
41 54 41 43 68 65 77 57 58 83 64 57 65 33 13 20 11 35 9 6 41 42 32 0 20 34 43 37 29 39 44 23 16 14 20 11 35 9 5 41 42 32 22 30 29 15 26 36 24 14 46 54 36 40 61 43 35 47 40 49 53 28 25 42 41 72 58 49 35 49 31 23 47 23 19 64 55 49 
55 80 54 67 89 92 92 81 86 98 72 70 33 1 20 35 44 38 29 39 44 23 17 32 53 65 77 61 61 72 66 38 41 20 34 43 37 29 39 44 23 16 51 64 48 48 59 54 25 28 76 71 63 71 77 50 49 73 73 83 78 49 53 62 67 82 58 54 67 67 40 41 71 43 47 64 61 39 
48 66 47 54 78 77 85 68 71 92 69 64 13 20 40 25 25 36 14 19 43 35 25 13 32 47 57 48 42 52 54 28 26 0 24 24 36 13 19 43 35 25 34 43 37 29 39 44 23 16 59 62 48 53 69 46 42 59 54 63 65 37 37 51 52 78 59 52 48 58 35 30 58 31 31 66 59 46 
22 45 22 32 54 57 60 45 51 67 44 39 20 35 25 69 21 16 12 22 21 31 24 20 33 32 49 26 34 47 31 3 9 25 0 20 16 12 22 21 32 24 20 39 13 25 38 19 11 8 43 37 29 39 44 23 16 38 43 55 42 14 19 27 32 53 38 29 40 33 11 5 36 8 15 44 35 32 
37 44 37 34 60 54 70 48 48 77 60 52 11 44 25 21 87 37 15 6 41 49 40 12 12 23 32 29 17 28 36 22 12 25 21 0 37 16 6 41 50 40 12 20 24 4 17 30 30 20 34 47 26 28 54 41 32 37 29 39 44 23 16 35 31 67 57 48 23 42 31 21 38 19 11 63 53 53 
19 50 18 37 53 62 54 47 56 60 34 33 35 38 36 16 37 75 26 38 6 23 21 35 49 44 63 32 48 62 35 14 25 36 16 37 0 26 38 6 24 22 34 54 20 41 54 21 13 21 54 34 38 50 40 12 15 43 56 69 46 22 31 29 39 44 23 16 54 32 6 16 41 19 30 29 23 18 
34 52 34 40 64 64 71 54 57 78 56 51 9 29 14 12 15 26 58 13 32 34 24 8 27 35 48 34 32 44 40 15 12 14 11 15 26 0 13 32 34 24 22 36 23 20 33 30 15 5 47 48 34 41 55 35 28 45 43 54 51 23 24 37 39 65 49 41 39 44 23 16 44 17 18 55 47 40 
41 51 41 41 66 61 75 54 54 82 64 57 6 39 19 22 6 38 13 78 43 47 37 6 14 29 37 35 23 32 41 24 16 20 22 6 38 13 0 43 48 38 18 24 28 9 20 35 29 18 41 53 32 34 59 44 36 44 34 43 50 27 22 41 37 72 60 51 29 47 33 24 44 23 16 65 57 53 
15 48 15 35 49 59 48 44 54 54 28 27 41 44 43 21 41 6 32 43 88 28 27 41 53 45 65 31 51 64 32 18 28 43 21 41 6 32 43 0 28 28 36 57 21 44 57 20 20 27 53 30 38 51 34 6 13 42 57 71 43 23 33 26 38 37 17 10 56 29 9 19 39 22 33 23 16 18 
42 74 42 60 77 85 77 71 80 82 54 55 42 23 35 31 49 23 34 47 28 46 10 42 61 64 81 55 65 78 58 32 41 35 31 49 23 34 47 28 0 10 52 70 42 54 67 45 20 29 75 58 59 70 63 34 38 67 75 87 70 43 51 52 61 64 37 37 71 56 29 35 64 39 47 44 43 16 
40 68 39 55 74 80 76 67 74 82 55 54 32 17 25 24 40 21 24 37 27 10 33 31 51 56 72 49 56 68 53 26 32 24 23 39 21 24 37 27 10 0 43 60 36 44 57 40 12 20 67 56 53 62 61 33 34 61 66 78 65 37 43 48 55 65 41 37 62 53 24 29 59 32 39 47 44 23 
41 55 41 44 69 65 77 58 59 84 64 58 0 32 13 20 12 35 8 6 41 42 31 66 20 35 44 38 29 39 44 23 17 13 20 11 35 9 6 41 42 32 22 31 29 16 26 36 24 14 46 54 36 40 61 43 35 48 41 50 54 28 26 42 41 72 58 49 35 49 31 23 47 23 19 64 55 49 
48 48 48 41 66 56 78 54 50 84 71 62 20 53 32 33 12 49 27 14 53 61 51 20 27 25 25 36 14 19 43 35 25 33 33 12 50 27 14 54 62 52 20 11 35 9 6 41 42 32 34 56 31 27 62 53 44 42 24 31 49 33 25 44 37 77 70 60 18 51 44 34 43 31 21 74 65 66 
33 22 33 18 41 31 54 29 25 61 52 43 34 65 47 32 23 44 35 29 45 64 56 35 25 40 21 16 12 22 21 31 24 48 33 23 45 36 30 45 65 57 13 19 24 21 23 26 44 37 11 35 9 6 41 42 32 17 12 25 24 22 13 25 13 56 58 47 13 30 38 28 19 25 18 61 50 62 
54 37 54 38 57 41 72 46 36 78 73 63 43 77 57 49 32 63 48 37 65 81 72 44 25 21 23 37 15 6 41 49 40 57 50 33 64 49 38 66 81 72 29 13 44 28 19 47 61 52 20 55 29 17 60 63 52 35 9 6 41 42 32 46 33 76 79 68 9 50 57 47 38 44 34 82 71 81 
18 19 18 6 31 30 41 20 24 48 36 26 37 61 48 26 29 32 34 35 31 55 49 38 36 16 37 71 26 38 6 23 21 49 27 29 33 35 35 32 56 50 17 34 13 29 37 11 37 34 22 20 7 20 26 27 18 11 28 41 16 12 12 9 6 41 42 32 29 14 26 20 10 18 18 45 34 50 
41 34 42 30 53 42 66 41 36 73 63 53 29 61 42 34 17 48 32 23 51 65 56 29 14 12 15 26 18 13 32 34 24 43 34 18 49 33 23 51 65 57 14 7 30 13 11 34 45 36 20 46 20 13 52 49 39 29 11 22 36 28 17 35 25 67 65 55 6 41 42 32 31 28 18 69 59 66 
54 41 55 40 61 46 76 49 41 82 75 65 39 72 52 47 28 62 44 32 64 78 68 39 19 22 6 38 13 12 43 47 37 52 47 29 62 45 33 64 78 69 27 8 43 24 13 47 57 48 24 57 31 20 63 62 52 38 12 11 44 41 31 47 35 78 78 68 9 52 55 45 41 42 32 82 72 79 
17 15 18 3 24 27 34 14 21 41 32 22 44 66 54 31 36 35 40 41 32 58 53 44 43 21 41 6 32 43 82 28 27 55 31 36 35 41 42 33 59 54 24 40 17 36 43 13 41 39 24 14 12 24 20 27 20 9 32 45 11 17 19 6 8 35 40 30 34 9 29 25 6 23 25 42 32 51 
19 42 19 29 51 54 56 42 48 63 41 36 23 38 28 3 22 14 15 24 18 32 26 23 35 31 49 23 34 47 28 84 10 29 3 22 15 15 24 18 33 26 20 40 10 26 39 16 13 12 42 34 27 37 40 20 13 35 42 55 40 11 18 24 29 49 35 26 40 30 9 3 33 6 15 41 32 32 
25 40 25 27 52 51 60 42 44 67 48 41 16 41 26 9 12 25 12 16 28 41 32 17 25 24 40 21 24 37 27 10 64 27 10 12 25 13 16 29 41 33 10 30 12 16 29 19 20 13 35 37 21 30 44 29 20 32 34 46 38 11 11 25 26 55 45 35 30 32 19 9 31 7 6 50 41 42 
48 67 48 55 79 78 85 69 71 92 69 65 14 20 0 25 25 36 14 20 43 35 24 13 33 48 57 49 43 52 55 29 27 41 25 25 36 14 19 43 35 25 35 44 38 29 39 44 23 17 60 63 48 53 69 47 42 59 54 63 65 38 38 52 53 78 59 53 49 58 35 30 59 31 31 66 59 46 
23 46 22 32 55 57 60 46 51 67 45 39 20 34 24 0 21 16 11 22 21 31 23 20 33 33 50 27 34 47 31 3 10 25 70 21 16 12 22 21 31 24 20 40 14 25 38 19 11 8 44 38 29 39 44 23 17 38 43 56 43 14 20 28 32 53 38 29 40 34 11 6 37 8 16 44 35 32 
37 44 37 35 60 55 70 49 48 77 60 52 11 43 24 20 0 37 15 6 41 49 39 11 12 23 33 29 18 29 36 22 12 25 21 88 37 15 6 41 49 40 12 20 24 4 18 30 29 19 35 48 26 28 54 41 32 38 29 39 44 23 17 36 31 67 57 48 24 42 31 21 38 19 11 63 53 53 
19 51 19 37 54 62 55 48 57 61 34 33 35 37 36 16 37 0 26 38 6 23 21 35 50 45 64 33 49 62 35 15 25 36 16 37 76 26 38 6 23 21 34 55 20 41 54 22 13 21 54 35 38 51 40 12 15 44 56 70 47 22 32 29 39 44 23 17 54 33 6 16 41 20 30 29 23 17 
34 53 34 41 65 64 72 55 58 78 57 51 9 29 13 12 16 26 0 13 32 34 24 9 27 36 49 35 33 45 41 15 13 14 12 15 26 59 13 32 34 24 22 36 24 20 33 30 15 5 47 49 35 42 55 35 28 46 44 55 51 24 24 38 39 65 49 41 39 44 23 17 45 17 18 55 47 40 
41 51 41 41 66 61 76 55 55 82 64 57 5 39 19 22 6 38 13 0 43 47 37 6 14 30 38 35 23 33 42 24 16 19 22 6 38 13 79 43 47 37 18 25 28 10 20 35 28 18 41 53 32 35 60 44 36 44 35 44 50 27 23 41 38 72 60 51 29 48 33 24 44 23 17 65 57 53 
16 48 15 35 49 59 49 45 55 55 28 27 41 44 43 21 41 6 32 43 0 28 27 41 54 45 66 32 51 64 33 18 29 43 21 41 6 32 43 89 28 27 37 58 21 45 58 20 20 27 54 30 38 51 35 6 14 42 58 71 44 23 33 26 38 38 17 10 56 29 9 20 39 22 33 23 17 17 
43 74 42 61 78 86 77 72 80 83 55 56 42 23 35 32 50 24 34 48 28 0 10 42 62 65 81 56 65 78 59 33 41 35 31 49 23 34 47 28 46 10 52 70 42 54 67 45 20 30 75 59 60 71 63 35 39 67 75 87 70 44 51 53 62 65 38 37 72 57 29 36 65 39 47 44 43 17 
40 69 40 55 75 80 77 68 74 83 56 55 32 16 25 24 40 22 24 38 28 10 0 32 52 57 72 50 57 69 54 26 33 25 24 40 21 24 37 27 10 34 44 61 36 45 58 40 13 20 68 56 53 63 62 34 35 61 67 79 65 38 44 49 56 66 41 38 63 53 25 29 59 32 39 48 44 23 
28 32 28 22 48 43 58 36 36 65 51 42 22 51 34 20 12 34 22 18 36 52 43 22 20 13 29 17 14 27 24 20 10 35 20 12 34 22 18 37 52 44 50 21 16 12 22 21 31 24 25 36 14 19 43 35 25 25 23 35 32 14 5 24 19 57 51 41 20 31 27 17 26 14 4 56 46 52 
49 41 49 37 60 48 73 48 42 80 70 61 30 64 43 39 20 54 36 24 57 70 60 31 11 19 13 34 7 8 40 40 30 44 40 20 55 36 25 58 70 61 21 50 37 15 6 41 49 40 25 54 27 19 60 56 46 36 14 19 43 35 25 43 32 75 72 62 7 48 48 38 38 35 24 76 66 72 
13 32 13 19 41 44 48 32 38 54 36 28 29 48 37 13 24 20 23 28 21 42 36 29 35 24 44 13 30 43 17 10 12 38 14 24 20 24 28 21 42 36 16 37 73 26 38 6 23 21 33 25 17 30 31 19 8 25 36 49 29 2 12 14 19 43 35 25 35 20 13 7 23 6 13 39 29 38 
39 43 39 34 59 52 70 48 46 77 62 54 15 48 29 25 4 41 20 9 44 54 44 16 9 21 28 29 13 24 36 26 16 29 25 4 41 20 10 45 54 45 12 15 26 28 13 32 34 24 31 48 25 25 55 44 35 36 25 34 43 25 17 36 30 68 61 51 19 43 35 25 37 22 13 65 56 57 
50 46 51 41 65 54 78 53 48 84 73 64 26 59 39 38 17 54 33 20 57 67 57 26 6 23 19 37 11 13 43 39 29 39 38 18 54 33 20 58 67 58 22 6 38 13 39 43 47 37 31 57 31 25 63 57 47 41 20 25 48 36 26 46 36 78 73 63 14 52 48 38 43 35 25 78 68 71 
7 29 7 15 35 40 41 27 35 48 30 22 36 54 44 19 30 21 30 35 20 45 40 36 41 26 47 11 34 47 13 16 19 44 19 30 22 30 35 20 45 40 21 41 6 32 43 86 28 27 33 18 18 31 25 16 6 22 38 52 25 7 16 8 17 36 31 21 38 14 16 13 19 13 19 35 25 38 
29 56 28 42 63 68 66 55 62 73 48 45 24 25 23 11 30 13 15 29 20 20 12 24 42 44 61 37 45 57 41 13 20 23 11 29 13 15 28 20 20 13 31 49 23 34 47 28 70 10 55 45 40 50 51 25 23 49 54 67 53 25 31 36 43 57 36 30 51 42 14 16 47 19 27 43 37 25 
31 52 31 40 63 64 68 53 58 75 52 48 14 28 16 8 20 21 5 18 27 29 20 14 32 37 52 34 36 48 39 12 13 17 8 19 21 5 18 27 30 20 24 40 21 24 37 27 10 50 49 46 35 43 52 30 25 45 46 58 50 22 25 35 39 61 44 36 42 42 18 14 44 15 19 50 43 35 
40 17 40 21 37 22 52 26 17 58 56 45 46 76 59 43 34 54 47 41 53 75 67 46 34 11 20 22 20 24 24 42 35 60 44 35 54 47 41 54 75 68 25 25 33 31 31 33 55 49 42 37 15 6 41 49 40 16 12 22 21 31 24 30 16 57 64 54 17 32 47 39 19 36 29 66 56 71 
16 23 16 17 19 32 22 16 29 29 18 8 54 71 62 37 47 34 48 53 30 58 56 54 56 35 55 20 46 57 14 34 37 63 38 48 35 49 53 30 59 56 36 54 25 48 57 18 45 46 37 32 26 38 6 23 21 21 46 59 18 25 31 12 22 21 31 24 48 5 31 32 17 31 36 31 22 47 
25 18 25 10 34 29 46 22 23 53 43 34 36 63 48 29 26 38 34 32 38 59 53 36 31 9 29 7 20 31 12 27 21 48 29 26 38 35 32 38 60 53 14 27 17 25 31 18 40 35 15 26 24 13 32 34 24 11 21 34 18 16 10 16 5 47 49 39 22 21 31 24 12 21 17 52 42 55 
38 21 38 21 41 28 56 29 22 62 56 46 40 71 53 39 28 50 41 34 51 70 62 40 27 6 17 20 13 20 24 37 30 53 39 28 51 42 35 51 71 63 19 19 30 25 25 31 50 43 6 38 13 44 43 47 37 18 8 21 24 28 19 29 16 59 63 52 12 33 44 35 21 31 24 65 55 68 
22 26 22 22 15 32 16 17 31 22 17 8 61 77 69 44 54 40 55 59 34 63 61 61 62 41 60 26 52 63 20 40 44 69 44 54 40 55 60 35 63 62 43 60 31 55 63 25 51 52 41 6 32 43 42 28 27 25 51 63 21 32 38 18 27 16 33 27 54 12 37 38 22 38 43 31 24 51 
10 42 9 30 42 53 42 38 49 48 22 21 43 50 46 23 41 12 35 44 6 34 33 43 53 42 63 27 49 62 27 20 29 47 23 41 12 35 44 6 35 34 35 56 19 44 57 16 25 30 49 23 34 47 28 63 10 37 54 68 38 21 31 21 33 32 16 6 54 23 12 20 33 22 32 21 12 24 
6 35 5 22 40 47 43 33 41 50 28 22 35 49 42 16 32 15 28 36 13 38 34 35 44 32 52 18 39 52 20 13 20 42 17 32 15 28 36 14 39 35 25 46 8 35 47 6 23 25 40 21 24 37 27 10 48 28 44 57 31 10 21 14 24 36 26 16 43 18 9 12 26 13 22 30 21 31 
26 7 27 6 23 19 37 11 13 43 39 29 47 73 59 38 37 43 45 44 42 67 61 48 42 17 35 11 29 38 9 35 32 59 38 38 44 46 44 42 67 61 25 36 25 36 41 22 49 45 16 21 11 18 25 37 28 74 26 38 6 23 21 15 6 41 49 40 30 16 38 32 3 30 28 51 41 60 
46 29 46 29 49 34 64 37 29 70 64 54 40 73 54 43 29 56 43 34 57 75 66 41 24 12 9 28 11 12 32 42 34 54 43 29 56 44 35 58 75 67 23 14 36 25 20 38 54 46 12 46 21 8 51 54 44 26 31 13 32 34 24 37 24 67 70 60 6 41 49 40 29 36 27 73 63 74 
59 39 59 42 59 41 74 48 37 80 77 67 49 83 63 55 39 69 54 43 71 87 78 50 31 25 6 41 22 11 45 55 46 63 56 39 70 55 44 71 87 79 35 19 49 34 25 52 67 58 22 59 34 21 63 68 57 38 13 13 43 47 37 50 37 80 83 73 15 54 63 53 41 49 40 86 76 87 
28 5 28 10 17 15 31 5 11 37 37 26 53 78 65 42 44 46 51 50 43 70 65 54 49 24 41 16 36 44 11 40 38 65 43 44 47 51 50 44 70 65 32 43 29 43 48 25 53 50 21 18 18 24 21 38 31 6 32 43 83 28 27 17 12 37 49 40 36 15 41 37 6 34 34 49 40 62 
14 31 14 18 41 42 48 31 36 55 37 29 28 49 37 14 23 22 23 27 23 43 37 28 33 22 42 12 28 41 17 11 11 38 14 23 22 24 27 23 44 38 14 35 2 25 36 7 25 22 31 25 16 28 32 21 10 23 34 47 28 99 10 14 18 44 37 27 33 20 15 8 22 6 12 41 31 40 
24 28 24 18 43 40 53 32 33 60 46 37 25 53 37 19 16 31 24 22 33 51 43 26 25 13 32 12 17 31 19 18 11 38 20 17 32 24 23 33 51 44 5 25 12 17 26 16 31 25 24 31 10 19 38 31 21 21 24 37 27 10 80 19 15 52 47 37 22 26 25 15 21 12 6 51 41 49 
11 21 11 9 27 33 34 19 28 41 27 18 42 62 51 27 35 29 37 41 26 52 48 42 44 25 46 9 35 47 6 24 25 52 28 36 29 38 41 26 53 49 24 43 14 36 46 8 36 35 30 12 16 29 18 21 14 15 37 50 17 14 19 53 13 32 34 24 38 6 23 21 12 20 24 36 26 44 
23 13 24 5 29 25 41 17 19 47 40 30 41 67 52 32 31 39 39 37 38 61 55 41 37 13 33 6 25 35 8 29 26 53 32 31 39 39 38 38 62 56 19 32 19 30 36 17 43 39 16 22 5 16 27 33 24 6 24 37 12 18 15 13 76 43 47 37 26 17 32 26 6 23 21 50 39 56 
30 42 31 38 27 47 15 33 46 19 10 14 72 82 78 53 67 44 65 72 37 64 65 72 77 56 76 41 67 78 35 49 55 78 53 67 44 65 72 38 65 66 57 75 43 68 78 36 57 61 57 21 47 59 16 32 36 41 67 80 37 44 52 32 43 13 28 27 70 26 43 48 38 49 56 23 21 49 
24 54 24 43 48 64 42 48 60 47 19 24 58 58 59 38 57 23 49 60 17 37 41 58 70 58 79 42 65 78 40 35 45 59 38 57 23 49 60 17 38 41 51 72 35 61 73 31 36 44 64 31 49 63 33 16 26 49 70 83 49 37 47 34 47 28 47 10 70 33 26 36 46 38 48 6 9 21 
14 45 13 33 42 55 40 40 51 45 18 19 49 54 52 29 48 16 41 51 10 37 37 49 60 47 68 32 55 68 30 26 35 53 29 48 17 41 51 10 37 38 41 62 25 51 63 21 30 36 54 24 39 52 27 6 16 40 60 73 40 27 37 24 37 27 10 43 59 24 18 26 36 28 38 14 6 23 
45 33 46 31 53 40 67 41 34 73 66 56 35 67 48 40 23 54 39 29 56 71 62 35 18 13 9 29 6 9 34 40 30 49 40 24 54 39 29 56 72 63 20 7 35 19 14 38 51 42 17 48 22 12 54 54 43 30 6 15 36 33 22 38 26 70 70 59 26 43 47 37 32 34 24 73 63 72 
13 21 14 12 21 31 27 15 27 34 23 13 49 67 58 33 42 32 44 47 29 56 53 49 51 30 50 14 41 52 9 30 32 58 34 42 33 44 48 29 57 53 31 48 20 43 52 14 42 42 32 5 21 33 12 23 18 16 41 54 15 20 26 6 17 26 33 24 43 65 28 27 13 26 31 34 24 47 
15 45 14 31 49 56 52 42 51 59 34 31 31 40 35 11 31 6 23 33 9 29 24 31 44 38 57 26 42 55 29 9 19 35 11 31 6 23 33 9 29 25 27 48 13 35 48 16 14 18 47 31 31 44 37 12 9 38 49 63 41 15 25 23 32 43 26 18 47 28 68 10 35 13 23 32 24 24 
17 40 17 26 49 51 55 40 45 61 40 34 23 41 30 5 21 16 16 24 19 35 29 23 34 28 47 20 32 45 25 3 9 30 6 21 16 17 24 20 36 29 17 38 7 25 38 13 16 14 39 32 24 35 38 20 12 32 40 53 37 8 15 21 26 48 36 26 37 27 10 49 30 3 13 41 32 34 
23 9 24 4 22 21 35 10 15 41 36 26 47 71 58 36 38 41 44 44 39 64 59 47 43 19 38 10 31 41 6 33 31 59 37 38 41 45 44 39 65 59 26 38 23 37 43 19 47 44 19 17 12 21 22 33 26 3 29 41 6 22 21 12 6 38 46 36 32 13 35 30 86 28 27 47 37 57 
18 37 18 24 47 49 54 38 42 61 41 34 23 43 31 8 19 19 17 23 22 39 32 23 31 25 44 18 28 42 23 6 7 31 8 19 20 17 23 22 39 32 14 35 6 22 35 13 19 15 36 31 21 31 38 22 13 30 36 49 34 6 12 20 23 49 38 28 34 26 13 3 28 95 10 43 34 37 
26 35 26 24 49 46 59 38 40 65 49 41 19 47 31 15 11 30 18 16 33 47 39 19 21 18 34 18 18 32 25 15 6 31 16 11 30 18 17 33 47 39 4 24 13 13 25 19 27 19 29 36 17 24 43 32 22 28 27 40 34 12 6 24 21 56 48 38 24 31 23 13 27 10 75 53 43 47 
27 55 27 45 47 63 39 48 61 42 15 23 64 64 66 44 63 29 55 65 23 44 47 64 74 61 82 45 69 82 42 41 50 66 44 63 29 55 65 23 44 48 56 76 39 65 78 35 43 50 66 31 52 65 31 21 30 51 73 86 49 41 51 36 50 23 6 14 73 34 32 41 47 43 53 57 10 27 
17 45 17 35 39 54 34 39 51 40 11 15 55 61 59 35 53 23 47 57 16 43 44 55 65 50 71 34 59 72 32 32 41 59 35 53 23 47 57 17 43 44 46 66 29 56 68 25 37 43 56 22 42 55 24 12 21 41 63 76 40 31 41 26 39 21 9 6 63 24 24 32 37 34 43 10 55 28 
33 66 33 53 66 77 63 62 72 68 40 42 49 39 46 32 53 18 40 53 18 16 23 49 66 62 81 50 66 79 51 32 42 46 32 53 17 40 53 17 17 23 52 72 38 57 71 38 25 35 71 47 55 68 51 24 31 60 74 87 62 40 49 44 56 49 21 23 72 47 24 34 57 37 47 27 28 20 
