28 8
91 20 15 19 11 8 9 14 16 17 6 13 1 14 19 14 5 18 13 13 14 15 4 16 10 8 7 18 
20 48 12 1 14 5 14 4 7 13 16 8 16 7 15 19 14 0 4 7 0 0 8 16 15 2 17 9 
15 12 88 2 16 16 8 9 7 16 7 10 3 19 19 7 20 6 11 6 20 0 4 14 14 4 17 19 
19 1 2 64 11 20 8 3 11 17 1 8 11 10 10 8 11 16 18 11 7 13 15 1 10 18 17 12 
11 14 16 11 9 17 20 17 4 5 18 3 18 0 2 2 1 17 13 20 5 17 14 6 6 14 18 16 
8 5 16 20 17 31 14 5 16 8 1 3 9 15 5 5 20 20 15 7 7 11 9 3 16 15 8 17 
9 14 8 8 20 14 87 8 6 20 5 7 4 10 16 8 18 2 12 15 12 14 20 3 19 5 20 9 
14 4 9 3 17 5 8 32 18 10 12 15 0 0 2 11 18 19 20 16 19 19 9 18 16 10 20 1 
16 7 7 11 4 16 6 18 0 7 6 20 9 19 6 0 18 19 0 16 20 13 12 5 17 1 5 8 
17 13 16 17 5 8 20 10 7 58 8 8 15 13 7 8 16 0 7 9 15 16 14 16 13 7 2 4 
6 16 7 1 18 1 5 12 6 8 14 14 1 16 8 14 13 1 12 12 17 16 6 2 3 4 20 20 
13 8 10 8 3 3 7 15 20 8 14 12 7 16 8 8 19 11 1 4 1 0 7 6 8 4 10 0 
1 16 3 11 18 9 4 0 9 15 1 7 31 5 7 14 14 14 13 6 12 4 8 16 14 6 11 17 
14 7 19 10 0 15 10 0 19 13 16 16 5 52 16 20 17 7 6 3 12 16 17 18 4 11 3 6 
19 15 19 10 2 5 16 2 6 7 8 8 7 16 3 5 9 11 8 4 14 8 18 3 16 7 7 14 
14 19 7 8 2 5 8 11 0 8 14 8 14 20 5 93 12 17 20 7 4 9 19 8 13 4 4 4 
5 14 20 11 1 20 18 18 18 16 13 19 14 17 9 12 3 7 3 13 10 20 17 18 2 7 6 18 
18 0 6 16 17 20 2 19 19 0 1 11 14 7 11 17 7 12 6 0 6 5 19 7 15 9 18 15 
13 4 11 18 13 15 12 20 0 7 12 1 13 6 8 20 3 6 42 7 4 5 1 14 4 14 7 2 
13 7 6 11 20 7 15 16 16 9 12 4 6 3 4 7 13 0 7 56 14 0 20 9 14 1 17 6 
14 0 20 7 5 7 12 19 20 15 17 1 12 12 14 4 10 6 4 14 54 20 3 7 3 12 17 7 
15 0 0 13 17 11 14 19 13 16 16 0 4 16 8 9 20 5 5 0 20 19 13 8 18 19 11 14 
4 8 4 15 14 9 20 9 12 14 6 7 8 17 18 19 17 19 1 20 3 13 90 5 14 1 1 4 
16 16 14 1 6 3 3 18 5 16 2 6 16 18 3 8 18 7 14 9 7 8 5 19 8 18 12 14 
10 15 14 10 6 16 19 16 17 13 3 8 14 4 16 13 2 15 4 14 3 18 14 8 33 14 10 5 
8 2 4 18 14 15 5 10 1 7 4 4 6 11 7 4 7 9 14 1 12 19 1 18 14 96 13 3 
7 17 17 17 18 8 20 20 5 2 20 10 11 3 7 4 6 18 7 17 17 11 1 12 10 13 97 9 
18 9 19 12 16 17 9 1 8 4 20 0 17 6 14 4 18 15 2 6 7 14 4 14 5 3 9 0 
