78 13
32 19 4 12 14 15 9 19 15 14 5 8 10 20 1 9 6 3 14 12 18 16 18 9 15 17 0 12 8 16 11 20 9 18 8 17 11 7 11 14 3 17 3 13 9 18 6 0 6 12 16 2 2 16 17 9 4 17 18 16 16 2 10 20 1 5 12 14 9 1 16 20 12 10 16 18 7 17 
19 47 20 11 16 15 10 14 1 2 19 3 5 14 1 10 8 12 11 12 6 0 15 9 0 4 2 8 16 20 18 6 10 8 12 20 11 17 6 16 9 6 13 1 14 1 19 10 3 13 2 8 14 16 6 10 15 17 6 5 0 13 20 18 3 9 20 2 12 6 19 20 5 18 19 9 16 10 
4 20 27 20 20 15 11 14 13 8 18 20 0 5 5 10 6 8 19 2 17 1 16 0 14 18 8 19 0 17 19 16 19 16 20 4 19 2 5 8 0 19 17 17 6 8 14 16 11 7 12 6 9 6 12 7 17 15 8 0 19 12 15 6 0 20 3 7 0 8 13 7 7 2 18 14 20 8 
12 11 20 7 5 2 14 4 10 3 18 3 4 17 15 9 9 19 14 0 12 17 13 10 4 19 18 18 18 3 1 3 0 9 11 20 4 12 14 16 12 5 4 17 7 2 12 2 20 0 14 5 2 1 2 15 3 10 2 15 2 3 9 15 13 6 14 18 7 19 6 16 2 9 6 2 11 10 
14 16 20 5 44 16 4 9 0 10 16 3 18 10 13 20 19 6 18 4 13 7 10 6 10 0 3 5 15 15 14 7 19 18 12 20 5 8 3 8 8 7 19 2 6 8 10 5 0 19 5 12 8 8 10 12 0 18 14 18 17 16 1 13 20 0 0 1 5 0 11 1 4 0 8 6 9 15 
15 15 15 2 16 15 10 8 20 1 2 18 5 1 9 4 13 13 2 6 11 18 8 11 17 2 20 7 15 17 12 4 10 16 6 4 13 17 16 7 3 8 0 12 1 5 17 5 18 4 17 17 14 20 5 9 12 11 8 1 18 10 16 6 1 1 9 3 5 12 7 13 10 16 14 7 14 4 
9 10 11 14 4 10 58 6 5 1 17 19 1 14 7 11 1 6 0 4 7 2 12 19 12 3 18 15 5 7 2 16 7 0 19 9 8 11 13 6 2 15 7 17 2 17 4 11 9 0 6 4 3 15 18 15 15 0 18 0 13 12 5 4 2 12 9 0 9 10 1 14 10 0 11 12 7 17 
19 14 14 4 9 8 6 87 9 7 9 13 8 20 0 18 7 11 14 19 20 9 18 0 15 3 9 0 0 20 8 9 6 17 0 7 19 12 17 5 11 5 4 1 15 8 7 8 13 19 7 9 5 2 13 9 15 7 6 18 3 12 17 6 0 0 5 15 3 0 10 10 13 18 0 16 14 13 
15 1 13 10 0 20 5 9 21 6 7 16 8 13 18 1 11 2 11 20 9 10 6 10 18 3 10 5 19 20 4 13 2 2 12 1 3 19 7 8 1 17 5 14 5 10 9 4 7 20 14 2 17 19 6 2 12 18 18 10 16 11 1 19 14 7 7 7 12 12 19 0 9 19 0 13 15 16 
14 2 8 3 10 1 1 7 6 31 4 9 10 17 12 3 20 19 15 11 11 7 2 8 9 6 5 18 18 19 4 9 18 11 20 19 16 17 2 8 4 3 20 11 7 11 8 3 0 16 13 5 4 5 6 13 15 17 10 14 17 19 3 6 1 4 20 19 3 19 0 16 7 2 4 3 5 13 
5 19 18 18 16 2 17 9 7 4 52 5 8 7 10 2 1 4 14 13 20 13 11 7 6 2 8 16 12 20 13 4 20 13 14 8 18 13 12 13 14 7 11 18 9 19 20 16 15 1 14 7 3 17 12 15 0 5 9 17 14 15 9 20 10 2 19 19 1 1 14 1 8 5 20 4 1 15 
8 3 20 3 3 18 19 13 16 9 5 38 0 12 14 11 1 17 19 1 0 10 8 14 6 7 6 16 8 6 17 11 6 8 17 14 13 11 3 5 2 19 18 8 14 3 4 2 17 12 19 19 1 11 2 0 18 16 18 13 6 8 17 15 9 2 14 0 8 14 17 5 0 5 20 20 8 5 
10 5 0 4 18 5 1 8 8 10 8 0 49 0 8 16 2 7 16 5 5 19 10 18 9 8 4 9 3 2 0 8 13 16 6 12 9 1 10 3 6 5 15 12 8 7 19 9 16 9 7 1 7 4 16 3 5 17 16 13 3 18 3 13 8 19 13 16 17 6 17 17 14 19 16 4 18 18 
20 14 5 17 10 1 14 20 13 17 7 12 0 75 17 16 8 9 13 0 7 1 7 5 16 6 9 20 11 19 7 20 3 14 15 14 5 7 17 3 13 5 16 9 19 15 3 14 1 9 6 6 11 19 1 4 10 11 12 14 0 16 18 7 20 4 16 10 11 14 3 17 18 7 6 18 3 4 
1 1 5 15 13 9 7 0 18 12 10 14 8 17 83 0 5 18 8 15 11 3 20 12 4 15 11 20 11 18 6 2 16 17 7 10 19 19 12 13 20 15 8 16 9 3 20 13 16 9 4 18 8 7 15 14 7 20 18 9 11 1 19 14 12 6 2 12 2 14 17 10 11 19 13 2 14 5 
9 10 10 9 20 4 11 18 1 3 2 11 16 16 0 41 9 13 19 14 17 16 18 2 2 16 12 13 6 14 7 7 11 5 5 13 8 8 13 3 15 8 20 20 19 18 15 4 18 6 3 11 4 20 16 9 14 9 14 1 14 17 6 20 20 8 16 0 13 10 17 0 14 13 8 2 9 3 
6 8 6 9 19 13 1 7 11 20 1 1 2 8 5 9 55 15 13 19 10 4 14 18 8 6 19 15 17 10 6 20 16 12 20 15 17 8 18 17 8 18 2 17 12 15 18 11 6 9 14 9 5 12 8 4 3 0 17 4 12 10 18 4 19 3 13 15 20 15 4 18 13 15 0 1 3 10 
3 12 8 19 6 13 6 11 2 19 4 17 7 9 18 13 15 89 20 15 13 0 15 15 14 19 16 16 15 15 8 13 9 3 6 20 17 11 18 2 15 18 17 6 3 12 17 9 5 17 4 12 15 7 13 13 1 19 0 0 2 9 7 7 8 17 7 0 2 19 6 4 16 2 14 17 11 19 
14 11 19 14 18 2 0 14 11 15 14 19 16 13 8 19 13 20 36 17 0 20 11 7 12 5 13 5 13 15 9 11 10 12 15 11 6 16 8 8 7 5 5 16 3 12 5 19 11 15 17 12 3 17 7 5 4 4 16 5 19 11 0 4 9 10 20 6 0 20 16 20 3 20 2 3 15 18 
12 12 2 0 4 6 4 19 20 11 13 1 5 0 15 14 19 15 17 37 7 10 1 19 9 8 7 6 10 2 9 11 16 8 20 14 1 15 11 2 8 12 2 14 10 1 20 10 12 10 8 1 6 18 14 2 17 6 8 17 8 20 18 9 14 19 16 16 12 10 20 1 14 9 12 14 9 5 
18 6 17 12 13 11 7 20 9 11 20 0 5 7 11 17 10 13 0 7 2 16 15 4 5 3 3 15 17 3 14 3 12 7 16 10 3 13 5 3 13 15 3 20 2 2 11 17 0 6 19 20 13 10 11 8 8 1 15 2 3 16 8 13 19 16 20 19 13 15 6 7 2 0 15 5 18 16 
16 0 1 17 7 18 2 9 10 7 13 10 19 1 3 16 4 0 20 10 16 57 10 13 5 18 16 4 15 0 19 4 8 10 14 9 17 10 4 3 1 3 19 6 8 9 20 3 1 5 13 3 3 8 4 7 10 19 16 9 16 10 18 1 10 12 6 19 4 6 7 4 7 0 1 1 10 13 
18 15 16 13 10 8 12 18 6 2 11 8 10 7 20 18 14 15 11 1 15 10 16 13 10 1 16 3 4 14 17 17 16 20 15 17 11 11 19 3 7 17 14 3 6 12 5 0 18 17 13 15 9 15 12 10 5 5 11 19 16 18 6 3 4 15 19 0 1 20 18 17 20 1 15 16 6 18 
9 9 0 10 6 11 19 0 10 8 7 14 18 5 12 2 18 15 7 19 4 13 13 73 14 10 18 5 10 16 14 17 2 20 20 11 8 6 18 14 3 13 10 17 17 0 1 7 0 2 17 20 15 9 8 3 6 9 8 9 14 6 9 16 3 7 8 12 6 15 9 0 17 13 17 18 11 17 
15 0 14 4 10 17 12 15 18 9 6 6 9 16 4 2 8 14 12 9 5 5 10 14 36 8 20 13 6 10 3 10 16 13 18 11 11 13 11 3 6 7 9 18 3 18 7 5 12 2 19 17 2 13 1 14 17 17 3 17 16 19 14 12 1 9 5 0 2 10 20 10 3 0 1 8 14 3 
17 4 18 19 0 2 3 3 3 6 2 7 8 6 15 16 6 19 5 8 3 18 1 10 8 12 13 17 15 2 11 8 7 1 15 6 15 15 17 19 19 16 18 17 0 8 9 0 13 10 12 3 13 7 14 12 3 13 1 0 13 1 3 18 11 20 13 19 17 7 7 3 19 13 5 15 5 7 
0 2 8 18 3 20 18 9 10 5 8 6 4 9 11 12 19 16 13 7 3 16 16 18 20 13 51 14 11 3 0 16 5 1 7 8 2 1 8 9 16 1 16 2 3 15 6 4 16 17 13 5 14 2 0 10 9 17 13 7 14 5 10 2 8 6 16 14 11 4 10 6 5 6 11 5 11 4 
12 8 19 18 5 7 15 0 5 18 16 16 9 20 20 13 15 16 5 6 15 4 3 5 13 17 14 7 3 14 2 0 12 12 6 17 7 8 3 17 11 18 11 20 3 16 7 19 1 18 20 9 4 20 3 14 4 12 4 18 13 13 14 14 6 17 20 15 15 17 12 12 17 5 19 5 5 7 
8 16 0 18 15 15 5 0 19 18 12 8 3 11 11 6 17 15 13 10 17 15 4 10 6 15 11 3 99 19 9 7 13 18 1 5 5 10 5 20 15 13 15 8 18 2 20 9 0 11 20 15 18 11 10 12 2 19 7 3 3 11 17 7 9 16 12 4 8 4 15 11 12 6 2 2 7 5 
16 20 17 3 15 17 7 20 20 19 20 6 2 19 18 14 10 15 15 2 3 0 14 16 10 2 3 14 19 96 14 8 6 1 14 16 10 12 17 6 16 8 10 6 6 7 14 15 8 14 4 20 5 11 3 19 14 8 15 20 20 4 3 3 20 18 0 7 4 10 1 20 8 16 20 15 1 15 
11 18 19 1 14 12 2 8 4 4 13 17 0 7 6 7 6 8 9 9 14 19 17 14 3 11 0 2 9 14 6 5 18 19 13 16 0 7 12 20 18 12 0 6 2 14 20 3 10 5 20 11 18 18 12 10 10 4 18 20 5 20 12 12 14 15 1 13 19 11 2 9 8 5 2 8 19 6 
20 6 16 3 7 4 16 9 13 9 4 11 8 20 2 7 20 13 11 11 3 4 17 17 10 8 16 0 7 8 5 66 7 9 9 8 9 8 16 6 2 8 17 5 0 7 20 17 16 20 0 17 18 4 6 14 2 2 19 18 12 6 8 15 7 11 0 18 19 18 8 4 5 17 12 1 11 11 
9 10 19 0 19 10 7 6 2 18 20 6 13 3 16 11 16 9 10 16 12 8 16 2 16 7 5 12 13 6 18 7 17 1 1 5 3 17 15 3 15 17 4 15 12 5 5 5 20 18 0 17 19 4 14 9 3 15 6 12 7 16 1 12 5 2 9 17 8 20 7 13 4 10 0 15 0 14 
18 8 16 9 18 16 0 17 2 11 13 8 16 14 17 5 12 3 12 8 7 10 20 20 13 1 1 12 18 1 19 9 1 84 11 1 18 3 18 9 8 7 20 1 4 2 5 10 3 3 6 13 20 14 6 12 7 10 2 7 20 6 15 3 4 7 5 13 9 9 10 2 7 12 18 11 0 5 
8 12 20 11 12 6 19 0 12 20 14 17 6 15 7 5 20 6 15 20 16 14 15 20 18 15 7 6 1 14 13 9 1 11 46 12 19 19 12 2 1 11 4 6 12 12 9 11 0 19 12 8 0 7 11 2 19 5 10 19 8 9 0 16 14 10 13 18 3 20 7 16 13 10 3 7 15 4 
17 20 4 20 20 4 9 7 1 19 8 14 12 14 10 13 15 20 11 14 10 9 17 11 11 6 8 17 5 16 16 8 5 1 12 82 12 18 1 6 17 4 4 5 9 4 8 7 19 11 8 4 4 19 19 12 1 19 7 5 13 13 7 14 14 4 20 14 15 16 16 12 0 14 15 1 0 14 
11 11 19 4 5 13 8 19 3 16 18 13 9 5 19 8 17 17 6 1 3 17 11 8 11 15 2 7 5 10 0 9 3 18 19 12 87 18 20 9 16 3 8 17 10 8 7 2 17 8 2 2 7 14 2 16 0 19 15 19 16 11 20 5 8 4 0 11 10 20 15 16 4 16 2 1 2 8 
7 17 2 12 8 17 11 12 19 17 13 11 1 7 19 8 8 11 16 15 13 10 11 6 13 15 1 8 10 12 7 8 17 3 19 18 18 26 7 20 1 19 12 6 1 20 9 7 4 17 17 8 13 10 8 14 2 1 15 4 12 19 15 20 11 13 13 5 12 4 12 9 17 1 17 15 15 8 
11 6 5 14 3 16 13 17 7 2 12 3 10 17 12 13 18 18 8 11 5 4 19 18 11 17 8 3 5 17 12 16 15 18 12 1 20 7 44 20 5 18 0 2 7 16 10 7 3 4 14 17 7 3 6 15 3 1 18 1 1 0 15 20 4 15 1 15 10 9 20 6 7 17 4 8 1 12 
14 16 8 16 8 7 6 5 8 8 13 5 3 3 13 3 17 2 8 2 3 3 3 14 3 19 9 17 20 6 20 6 3 9 2 6 9 20 20 80 19 11 6 19 12 15 10 6 19 16 3 15 11 9 14 6 7 3 13 10 16 0 4 2 8 15 16 4 8 5 1 2 20 13 15 12 19 7 
3 9 0 12 8 3 2 11 1 4 14 2 6 13 20 15 8 15 7 8 13 1 7 3 6 19 16 11 15 16 18 2 15 8 1 17 16 1 5 19 82 11 0 18 4 16 0 10 4 16 4 5 11 2 19 15 4 4 7 8 13 9 15 14 12 10 6 19 11 8 6 12 5 19 14 17 7 17 
17 6 19 5 7 8 15 5 17 3 7 19 5 5 15 8 18 18 5 12 15 3 17 13 7 16 1 18 13 8 12 8 17 7 11 4 3 19 18 11 11 47 9 0 0 6 17 19 9 6 12 19 14 13 7 2 4 7 2 1 15 0 16 12 9 14 8 0 9 11 17 13 8 3 9 9 1 6 
3 13 17 4 19 0 7 4 5 20 11 18 15 16 8 20 2 17 5 2 3 19 14 10 9 18 16 11 15 10 0 17 4 20 4 4 8 12 0 6 0 9 42 11 9 18 8 7 10 18 8 6 2 14 19 9 7 1 14 0 15 13 19 9 4 9 0 16 7 15 13 5 0 11 11 17 17 8 
13 1 17 17 2 12 17 1 14 11 18 8 12 9 16 20 17 6 16 14 20 6 3 17 18 17 2 20 8 6 6 5 15 1 6 5 17 6 2 19 18 0 11 88 15 8 4 11 19 13 5 13 2 17 9 0 19 13 19 6 3 13 14 7 14 10 6 19 2 10 9 5 0 5 15 16 10 12 
9 14 6 7 6 1 2 15 5 7 9 14 8 19 9 19 12 3 3 10 2 8 6 17 3 0 3 3 18 6 2 0 12 4 12 9 10 1 7 12 4 0 9 15 81 1 17 3 8 11 8 5 19 12 17 15 3 14 14 15 4 2 13 10 2 4 18 5 0 2 19 0 6 17 20 13 14 4 
18 1 8 2 8 5 17 8 10 11 19 3 7 15 3 18 15 12 12 1 2 9 12 0 18 8 15 16 2 7 14 7 5 2 12 4 8 20 16 15 16 6 18 8 1 11 16 16 3 11 14 14 3 11 7 18 1 5 10 4 13 19 16 15 16 12 12 17 19 13 0 11 19 9 8 3 5 15 
6 19 14 12 10 17 4 7 9 8 20 4 19 3 20 15 18 17 5 20 11 20 5 1 7 9 6 7 20 14 20 20 5 5 9 8 7 9 10 10 0 17 8 4 17 16 23 11 3 13 19 14 15 11 13 1 14 10 2 18 12 4 7 17 6 12 17 13 3 14 2 16 6 5 18 2 18 13 
0 10 16 2 5 5 11 8 4 3 16 2 9 14 13 4 11 9 19 10 17 3 0 7 5 0 4 19 9 15 3 17 5 10 11 7 2 7 7 6 10 19 7 11 3 16 11 81 6 15 12 4 5 2 8 5 7 19 16 6 19 12 20 11 19 4 17 2 15 10 13 18 20 17 3 15 18 11 
6 3 11 20 0 18 9 13 7 0 15 17 16 1 16 18 6 5 11 12 0 1 18 0 12 13 16 1 0 8 10 16 20 3 0 19 17 4 3 19 4 9 10 19 8 3 3 6 32 16 12 15 6 12 0 14 4 20 2 17 4 4 7 6 15 13 9 5 20 15 11 1 0 9 13 15 3 4 
12 13 7 0 19 4 0 19 20 16 1 12 9 9 9 6 9 17 15 10 6 5 17 2 2 10 17 18 11 14 5 20 18 3 19 11 8 17 4 16 16 6 18 13 11 11 13 15 16 59 3 20 8 0 5 13 18 14 10 5 18 3 3 18 8 17 2 1 6 9 7 11 11 19 4 20 12 3 
16 2 12 14 5 17 6 7 14 13 14 19 7 6 4 3 14 4 17 8 19 13 13 17 19 12 13 20 20 4 20 0 0 6 12 8 2 17 14 3 4 12 8 5 8 14 19 12 12 3 58 8 19 19 9 16 10 13 19 3 3 8 0 2 3 16 4 7 20 15 16 7 14 14 8 6 13 4 
2 8 6 5 12 17 4 9 2 5 7 19 1 6 18 11 9 12 12 1 20 3 15 20 17 3 5 9 15 20 11 17 17 13 8 4 2 8 17 15 5 19 6 13 5 14 14 4 15 20 8 16 1 17 7 8 2 9 5 3 7 6 15 17 8 19 17 6 5 12 19 2 14 16 13 16 3 5 
2 14 9 2 8 14 3 5 17 4 3 1 7 11 8 4 5 15 3 6 13 3 9 15 2 13 14 4 18 5 18 18 19 20 0 4 7 13 7 11 11 14 2 2 19 3 15 5 6 8 19 1 29 20 2 17 8 3 19 2 1 12 11 7 3 13 18 4 1 10 18 1 11 20 13 3 9 3 
16 16 6 1 8 20 15 2 19 5 17 11 4 19 7 20 12 7 17 18 10 8 15 9 13 7 2 20 11 11 18 4 4 14 7 19 14 10 3 9 2 13 14 17 12 11 11 2 12 0 19 17 20 61 4 9 16 15 8 6 7 10 18 7 4 2 10 0 16 13 0 13 16 18 10 1 7 14 
17 6 12 2 10 5 18 13 6 6 12 2 16 1 15 16 8 13 7 14 11 4 12 8 1 14 0 3 10 3 12 6 14 6 11 19 2 8 6 14 19 7 19 9 17 7 13 8 0 5 9 7 2 4 57 15 12 9 5 14 0 3 1 6 19 17 0 14 8 19 18 12 6 11 8 5 17 13 
9 10 7 15 12 9 15 9 2 13 15 0 3 4 14 9 4 13 5 2 8 7 10 3 14 12 10 14 12 19 10 14 9 12 2 12 16 14 15 6 15 2 9 0 15 18 1 5 14 13 16 8 17 9 15 57 5 9 18 4 5 17 19 18 13 16 20 17 11 2 7 20 6 10 9 14 17 8 
4 15 17 3 0 12 15 15 12 15 0 18 5 10 7 14 3 1 4 17 8 10 5 6 17 3 9 4 2 14 10 2 3 7 19 1 0 2 3 7 4 4 7 19 3 1 14 7 4 18 10 2 8 16 12 5 87 16 18 7 0 14 19 12 2 0 11 10 11 4 8 7 6 3 9 10 11 4 
17 17 15 10 18 11 0 7 18 17 5 16 17 11 20 9 0 19 4 6 1 19 5 9 17 13 17 12 19 8 4 2 15 10 5 19 19 1 1 3 4 7 1 13 14 5 10 19 20 14 13 9 3 15 9 9 16 5 2 7 6 20 14 15 8 2 12 6 13 10 9 19 15 13 1 0 4 7 
18 6 8 2 14 8 18 6 18 10 9 18 16 12 18 14 17 0 16 8 15 16 11 8 3 1 13 4 7 15 18 19 6 2 10 7 15 15 18 13 7 2 14 19 14 10 2 16 2 10 19 5 19 8 5 18 18 2 50 13 15 1 15 13 11 20 12 14 19 18 20 6 20 1 3 13 5 6 
16 5 0 15 18 1 0 18 10 14 17 13 13 14 9 1 4 0 5 17 2 9 19 9 17 0 7 18 3 20 20 18 12 7 19 5 19 4 1 10 8 1 0 6 15 4 18 6 17 5 3 3 2 6 14 4 7 7 13 52 13 15 3 8 18 15 15 12 8 6 20 0 16 7 11 14 2 15 
16 0 19 2 17 18 13 3 16 17 14 6 3 0 11 14 12 2 19 8 3 16 16 14 16 13 14 13 3 20 5 12 7 20 8 13 16 12 1 16 13 15 15 3 4 13 12 19 4 18 3 7 1 7 0 5 0 6 15 13 89 10 7 13 15 10 11 8 5 7 7 11 2 9 4 14 20 15 
2 13 12 3 16 10 12 12 11 19 15 8 18 16 1 17 10 9 11 20 16 10 18 6 19 1 5 13 11 4 20 6 16 6 9 13 11 19 0 0 9 0 13 13 2 19 4 12 4 3 8 6 12 10 3 17 14 20 1 15 10 4 18 7 5 9 4 9 18 11 10 17 13 3 10 16 1 10 
10 20 15 9 1 16 5 17 1 3 9 17 3 18 19 6 18 7 0 18 8 18 6 9 14 3 10 14 17 3 12 8 1 15 0 7 20 15 15 4 15 16 19 14 13 16 7 20 7 3 0 15 11 18 1 19 19 14 15 3 7 18 29 11 18 9 14 10 17 11 14 20 13 16 8 9 18 0 
20 18 6 15 13 6 4 6 19 6 20 15 13 7 14 20 4 7 4 9 13 1 3 16 12 18 2 14 7 3 12 15 12 3 16 14 5 20 20 2 14 12 9 7 10 15 17 11 6 18 2 17 7 7 6 18 12 15 13 8 13 7 11 51 6 17 3 18 5 8 5 20 1 1 4 12 14 16 
1 3 0 13 20 1 2 0 14 1 10 9 8 20 12 20 19 8 9 14 19 10 4 3 1 11 8 6 9 20 14 7 5 4 14 14 8 11 4 8 12 9 4 14 2 16 6 19 15 8 3 8 3 4 19 13 2 8 11 18 15 5 18 6 7 11 5 17 10 10 12 10 8 4 15 16 8 14 
5 9 20 6 0 1 12 0 7 4 2 2 19 4 6 8 3 17 10 19 16 12 15 7 9 20 6 17 16 18 15 11 2 7 10 4 4 13 15 15 10 14 9 10 4 12 12 4 13 17 16 19 13 2 17 16 0 2 20 15 10 9 9 17 11 55 14 11 0 0 9 19 8 8 2 2 3 20 
12 20 3 14 0 9 9 5 7 20 19 14 13 16 2 16 13 7 20 16 20 6 19 8 5 13 16 20 12 0 1 0 9 5 13 20 0 13 1 16 6 8 0 6 18 12 17 17 9 2 4 17 18 10 0 20 11 12 12 15 11 4 14 3 5 14 0 11 18 7 1 5 14 18 8 13 10 0 
14 2 7 18 1 3 0 15 7 19 19 0 16 10 12 0 15 0 6 16 19 19 0 12 0 19 14 15 4 7 13 18 17 13 18 14 11 5 15 4 19 0 16 19 5 17 13 2 5 1 7 6 4 0 14 17 10 6 14 12 8 9 10 18 17 11 11 61 20 20 17 2 12 2 1 7 12 20 
9 12 0 7 5 5 9 3 12 3 1 8 17 11 2 13 20 2 0 12 13 4 1 6 2 17 11 15 8 4 19 19 8 9 3 15 10 12 10 8 11 9 7 2 0 19 3 15 20 6 20 5 1 16 8 11 11 13 19 8 5 18 17 5 10 0 18 20 75 8 1 5 7 20 9 19 17 17 
1 6 8 19 0 12 10 0 12 19 1 14 6 14 14 10 15 19 20 10 15 6 20 15 10 7 4 17 4 10 11 18 20 9 20 16 20 4 9 5 8 11 15 10 2 13 14 10 15 9 15 12 10 13 19 2 4 10 18 6 7 11 11 8 10 0 7 20 8 1 14 11 16 4 2 5 14 1 
16 19 13 6 11 7 1 10 19 0 14 17 17 3 17 17 4 6 16 20 6 7 18 9 20 7 10 12 15 1 2 8 7 10 7 16 15 12 20 1 6 17 13 9 19 0 2 13 11 7 16 19 18 0 18 7 8 9 20 20 7 10 14 5 12 9 1 17 1 14 54 19 14 9 14 13 19 5 
20 20 7 16 1 13 14 10 0 16 1 5 17 17 10 0 18 4 20 1 7 4 17 0 10 3 6 12 11 20 9 4 13 2 16 12 16 9 6 2 12 13 5 5 0 11 16 18 1 11 7 2 1 13 12 20 7 19 6 0 11 17 20 20 10 19 5 2 5 11 19 9 8 18 12 4 4 11 
12 5 7 2 4 10 10 13 9 7 8 0 14 18 11 14 13 16 3 14 2 7 20 17 3 19 5 17 12 8 8 5 4 7 13 0 4 17 7 20 5 8 0 0 6 19 6 20 0 11 14 14 11 16 6 6 6 15 20 16 2 13 13 1 8 8 14 12 7 16 14 8 66 16 8 2 4 11 
10 18 2 9 0 16 0 18 19 2 5 5 19 7 19 13 15 2 20 9 0 0 1 13 0 13 6 5 6 16 5 17 10 12 10 14 16 1 17 13 19 3 11 5 17 9 5 17 9 19 14 16 20 18 11 10 3 13 1 7 9 3 16 1 4 8 18 2 20 4 9 18 16 19 15 15 14 12 
16 19 18 6 8 14 11 0 0 4 20 20 16 6 13 8 0 14 2 12 15 1 15 17 1 5 11 19 2 20 2 12 0 18 3 15 2 17 4 15 14 9 11 15 20 8 18 3 13 4 8 13 13 10 8 9 9 1 3 11 4 10 8 4 15 2 8 1 9 2 14 12 8 15 96 11 16 4 
18 9 14 2 6 7 12 16 13 3 4 20 4 18 2 2 1 17 3 14 5 1 16 18 8 15 5 5 2 15 8 1 15 11 7 1 1 15 8 12 17 9 17 16 13 3 2 15 15 20 6 16 3 1 5 14 10 0 13 14 14 16 9 12 16 2 13 7 19 5 13 4 2 15 11 31 9 17 
7 16 20 11 9 14 7 14 15 5 1 8 18 3 14 9 3 11 15 9 18 10 6 11 14 5 11 5 7 1 19 11 0 0 15 0 2 15 1 19 7 1 17 10 14 5 18 18 3 12 13 3 9 7 17 17 11 4 5 2 20 1 18 14 8 3 10 12 17 14 19 4 4 14 16 9 43 20 
17 10 8 10 15 4 17 13 16 13 15 5 18 4 5 3 10 19 18 5 16 13 18 17 3 7 4 7 5 15 6 11 14 5 4 14 8 8 12 7 17 6 8 12 4 15 13 11 4 3 4 5 3 14 13 8 4 7 6 15 15 10 0 16 14 20 0 20 17 1 5 11 11 12 4 17 20 50 
