45 10
7366 1728 1728 5184 576 4608 4032 1152 1152 1944 1944 5832 648 5184 4536 1296 1296 648 1944 216 1728 1512 432 432 1944 216 1728 1512 432 432 648 5184 4536 1296 1296 576 504 144 144 4032 1152 1152 1008 1008 288 
1728 715 576 1728 192 1536 1344 384 384 648 648 1944 216 1728 1512 432 432 216 648 72 576 504 144 144 648 72 576 504 144 144 216 1728 1512 432 432 192 168 48 48 1344 384 384 336 336 96 
1728 576 3236 1728 192 1536 1344 384 384 648 648 1944 216 1728 1512 432 432 216 648 72 576 504 144 144 648 72 576 504 144 144 216 1728 1512 432 432 192 168 48 48 1344 384 384 336 336 96 
5184 1728 1728 7312 576 4608 4032 1152 1152 1944 1944 5832 648 5184 4536 1296 1296 648 1944 216 1728 1512 432 432 1944 216 1728 1512 432 432 648 5184 4536 1296 1296 576 504 144 144 4032 1152 1152 1008 1008 288 
576 192 192 576 8070 512 448 128 128 216 216 648 72 576 504 144 144 72 216 24 192 168 48 48 216 24 192 168 48 48 72 576 504 144 144 64 56 16 16 448 128 128 112 112 32 
4608 1536 1536 4608 512 5492 3584 1024 1024 1728 1728 5184 576 4608 4032 1152 1152 576 1728 192 1536 1344 384 384 1728 192 1536 1344 384 384 576 4608 4032 1152 1152 512 448 128 128 3584 1024 1024 896 896 256 
4032 1344 1344 4032 448 3584 4558 896 896 1512 1512 4536 504 4032 3528 1008 1008 504 1512 168 1344 1176 336 336 1512 168 1344 1176 336 336 504 4032 3528 1008 1008 448 392 112 112 3136 896 896 784 784 224 
1152 384 384 1152 128 1024 896 815 256 432 432 1296 144 1152 1008 288 288 144 432 48 384 336 96 96 432 48 384 336 96 96 144 1152 1008 288 288 128 112 32 32 896 256 256 224 224 64 
1152 384 384 1152 128 1024 896 256 6315 432 432 1296 144 1152 1008 288 288 144 432 48 384 336 96 96 432 48 384 336 96 96 144 1152 1008 288 288 128 112 32 32 896 256 256 224 224 64 
1944 648 648 1944 216 1728 1512 432 432 5452 729 2187 243 1944 1701 486 486 243 729 81 648 567 162 162 729 81 648 567 162 162 243 1944 1701 486 486 216 189 54 54 1512 432 432 378 378 108 
1944 648 648 1944 216 1728 1512 432 432 729 5383 2187 243 1944 1701 486 486 243 729 81 648 567 162 162 729 81 648 567 162 162 243 1944 1701 486 486 216 189 54 54 1512 432 432 378 378 108 
5832 1944 1944 5832 648 5184 4536 1296 1296 2187 2187 9502 729 5832 5103 1458 1458 729 2187 243 1944 1701 486 486 2187 243 1944 1701 486 486 729 5832 5103 1458 1458 648 567 162 162 4536 1296 1296 1134 1134 324 
648 216 216 648 72 576 504 144 144 243 243 729 7382 648 567 162 162 81 243 27 216 189 54 54 243 27 216 189 54 54 81 648 567 162 162 72 63 18 18 504 144 144 126 126 36 
5184 1728 1728 5184 576 4608 4032 1152 1152 1944 1944 5832 648 7800 4536 1296 1296 648 1944 216 1728 1512 432 432 1944 216 1728 1512 432 432 648 5184 4536 1296 1296 576 504 144 144 4032 1152 1152 1008 1008 288 
4536 1512 1512 4536 504 4032 3528 1008 1008 1701 1701 5103 567 4536 9218 1134 1134 567 1701 189 1512 1323 378 378 1701 189 1512 1323 378 378 567 4536 3969 1134 1134 504 441 126 126 3528 1008 1008 882 882 252 
1296 432 432 1296 144 1152 1008 288 288 486 486 1458 162 1296 1134 5565 324 162 486 54 432 378 108 108 486 54 432 378 108 108 162 1296 1134 324 324 144 126 36 36 1008 288 288 252 252 72 
1296 432 432 1296 144 1152 1008 288 288 486 486 1458 162 1296 1134 324 6933 162 486 54 432 378 108 108 486 54 432 378 108 108 162 1296 1134 324 324 144 126 36 36 1008 288 288 252 252 72 
648 216 216 648 72 576 504 144 144 243 243 729 81 648 567 162 162 2437 243 27 216 189 54 54 243 27 216 189 54 54 81 648 567 162 162 72 63 18 18 504 144 144 126 126 36 
1944 648 648 1944 216 1728 1512 432 432 729 729 2187 243 1944 1701 486 486 243 8667 81 648 567 162 162 729 81 648 567 162 162 243 1944 1701 486 486 216 189 54 54 1512 432 432 378 378 108 
216 72 72 216 24 192 168 48 48 81 81 243 27 216 189 54 54 27 81 4510 72 63 18 18 81 9 72 63 18 18 27 216 189 54 54 24 21 6 6 168 48 48 42 42 12 
1728 576 576 1728 192 1536 1344 384 384 648 648 1944 216 1728 1512 432 432 216 648 72 3650 504 144 144 648 72 576 504 144 144 216 1728 1512 432 432 192 168 48 48 1344 384 384 336 336 96 
1512 504 504 1512 168 1344 1176 336 336 567 567 1701 189 1512 1323 378 378 189 567 63 504 2411 126 126 567 63 504 441 126 126 189 1512 1323 378 378 168 147 42 42 1176 336 336 294 294 84 
432 144 144 432 48 384 336 96 96 162 162 486 54 432 378 108 108 54 162 18 144 126 7090 36 162 18 144 126 36 36 54 432 378 108 108 48 42 12 12 336 96 96 84 84 24 
432 144 144 432 48 384 336 96 96 162 162 486 54 432 378 108 108 54 162 18 144 126 36 5276 162 18 144 126 36 36 54 432 378 108 108 48 42 12 12 336 96 96 84 84 24 
1944 648 648 1944 216 1728 1512 432 432 729 729 2187 243 1944 1701 486 486 243 729 81 648 567 162 162 6366 81 648 567 162 162 243 1944 1701 486 486 216 189 54 54 1512 432 432 378 378 108 
216 72 72 216 24 192 168 48 48 81 81 243 27 216 189 54 54 27 81 9 72 63 18 18 81 8518 72 63 18 18 27 216 189 54 54 24 21 6 6 168 48 48 42 42 12 
1728 576 576 1728 192 1536 1344 384 384 648 648 1944 216 1728 1512 432 432 216 648 72 576 504 144 144 648 72 9366 504 144 144 216 1728 1512 432 432 192 168 48 48 1344 384 384 336 336 96 
1512 504 504 1512 168 1344 1176 336 336 567 567 1701 189 1512 1323 378 378 189 567 63 504 441 126 126 567 63 504 413 126 126 189 1512 1323 378 378 168 147 42 42 1176 336 336 294 294 84 
432 144 144 432 48 384 336 96 96 162 162 486 54 432 378 108 108 54 162 18 144 126 36 36 162 18 144 126 2536 36 54 432 378 108 108 48 42 12 12 336 96 96 84 84 24 
432 144 144 432 48 384 336 96 96 162 162 486 54 432 378 108 108 54 162 18 144 126 36 36 162 18 144 126 36 7144 54 432 378 108 108 48 42 12 12 336 96 96 84 84 24 
648 216 216 648 72 576 504 144 144 243 243 729 81 648 567 162 162 81 243 27 216 189 54 54 243 27 216 189 54 54 6469 648 567 162 162 72 63 18 18 504 144 144 126 126 36 
5184 1728 1728 5184 576 4608 4032 1152 1152 1944 1944 5832 648 5184 4536 1296 1296 648 1944 216 1728 1512 432 432 1944 216 1728 1512 432 432 648 1476 4536 1296 1296 576 504 144 144 4032 1152 1152 1008 1008 288 
4536 1512 1512 4536 504 4032 3528 1008 1008 1701 1701 5103 567 4536 3969 1134 1134 567 1701 189 1512 1323 378 378 1701 189 1512 1323 378 378 567 4536 1234 1134 1134 504 441 126 126 3528 1008 1008 882 882 252 
1296 432 432 1296 144 1152 1008 288 288 486 486 1458 162 1296 1134 324 324 162 486 54 432 378 108 108 486 54 432 378 108 108 162 1296 1134 681 324 144 126 36 36 1008 288 288 252 252 72 
1296 432 432 1296 144 1152 1008 288 288 486 486 1458 162 1296 1134 324 324 162 486 54 432 378 108 108 486 54 432 378 108 108 162 1296 1134 324 5987 144 126 36 36 1008 288 288 252 252 72 
576 192 192 576 64 512 448 128 128 216 216 648 72 576 504 144 144 72 216 24 192 168 48 48 216 24 192 168 48 48 72 576 504 144 144 1002 56 16 16 448 128 128 112 112 32 
504 168 168 504 56 448 392 112 112 189 189 567 63 504 441 126 126 63 189 21 168 147 42 42 189 21 168 147 42 42 63 504 441 126 126 56 6869 14 14 392 112 112 98 98 28 
144 48 48 144 16 128 112 32 32 54 54 162 18 144 126 36 36 18 54 6 48 42 12 12 54 6 48 42 12 12 18 144 126 36 36 16 14 2400 4 112 32 32 28 28 8 
144 48 48 144 16 128 112 32 32 54 54 162 18 144 126 36 36 18 54 6 48 42 12 12 54 6 48 42 12 12 18 144 126 36 36 16 14 4 6697 112 32 32 28 28 8 
4032 1344 1344 4032 448 3584 3136 896 896 1512 1512 4536 504 4032 3528 1008 1008 504 1512 168 1344 1176 336 336 1512 168 1344 1176 336 336 504 4032 3528 1008 1008 448 392 112 112 8350 896 896 784 784 224 
1152 384 384 1152 128 1024 896 256 256 432 432 1296 144 1152 1008 288 288 144 432 48 384 336 96 96 432 48 384 336 96 96 144 1152 1008 288 288 128 112 32 32 896 1283 256 224 224 64 
1152 384 384 1152 128 1024 896 256 256 432 432 1296 144 1152 1008 288 288 144 432 48 384 336 96 96 432 48 384 336 96 96 144 1152 1008 288 288 128 112 32 32 896 256 2327 224 224 64 
1008 336 336 1008 112 896 784 224 224 378 378 1134 126 1008 882 252 252 126 378 42 336 294 84 84 378 42 336 294 84 84 126 1008 882 252 252 112 98 28 28 784 224 224 4416 196 56 
1008 336 336 1008 112 896 784 224 224 378 378 1134 126 1008 882 252 252 126 378 42 336 294 84 84 378 42 336 294 84 84 126 1008 882 252 252 112 98 28 28 784 224 224 196 330 56 
288 96 96 288 32 256 224 64 64 108 108 324 36 288 252 72 72 36 108 12 96 84 24 24 108 12 96 84 24 24 36 288 252 72 72 32 28 8 8 224 64 64 56 56 5966 
