36 9
75 17 38 38 23 25 5 23 50 24 17 30 35 37 46 40 14 47 52 49 52 29 42 46 19 8 11 9 22 40 43 26 26 32 29 48 
17 101 43 55 25 23 21 37 37 10 31 13 18 32 46 24 17 30 35 37 46 40 33 35 6 13 25 20 36 53 27 12 23 16 23 50 
38 43 48 40 18 20 41 57 80 37 52 55 58 74 84 50 52 66 71 81 88 17 30 35 37 46 29 29 56 72 48 55 63 58 65 87 
38 55 40 34 41 46 36 37 89 57 37 68 73 73 75 75 50 85 90 87 86 24 64 70 53 46 30 35 37 46 75 65 62 70 66 75 
23 25 18 41 60 5 26 44 63 21 39 37 41 56 67 36 35 50 55 63 70 18 24 29 19 29 17 14 43 61 35 37 46 40 47 70 
25 23 20 46 5 71 29 47 60 16 41 34 37 55 68 31 35 46 50 60 69 24 19 24 17 29 21 17 46 64 30 35 45 37 46 71 
5 21 41 36 26 29 75 18 52 29 12 33 39 37 44 45 14 51 56 50 51 29 46 50 24 10 12 12 17 35 48 30 26 35 30 46 
23 37 57 37 44 47 18 92 59 46 6 46 52 39 37 61 22 63 69 55 50 42 65 69 41 24 27 30 1 17 65 42 30 47 35 37 
50 37 80 89 63 60 52 59 34 43 55 25 23 21 37 38 38 23 25 5 23 77 62 61 43 42 61 56 58 69 44 25 29 22 23 42 
24 10 37 57 21 16 29 46 43 77 40 18 20 41 57 17 27 29 34 44 55 38 23 25 5 23 27 22 45 63 19 19 33 21 32 60 
17 31 52 37 39 41 12 6 55 40 77 41 46 36 37 55 17 58 63 52 48 38 59 63 35 18 23 25 5 23 59 36 26 42 31 38 
30 13 55 68 37 34 33 46 25 18 41 46 5 26 44 19 24 17 23 26 38 53 38 39 17 23 38 33 45 61 25 5 23 3 19 48 
35 18 58 73 41 37 39 52 23 20 46 5 50 29 47 16 29 11 17 25 40 58 39 38 21 29 43 38 51 66 23 10 27 5 23 52 
37 32 74 73 56 55 37 39 21 41 36 26 29 10 18 46 23 36 41 17 14 66 64 65 38 29 48 46 38 47 51 23 11 25 9 23 
46 46 84 75 67 68 44 37 37 57 37 44 47 18 46 63 32 55 59 32 17 74 80 81 53 38 56 55 37 38 69 40 23 42 25 5 
40 24 50 75 36 31 45 61 38 17 55 19 16 46 63 87 40 18 20 41 57 55 25 23 21 37 45 39 60 77 6 23 42 21 38 68 
14 17 52 50 35 35 14 22 38 27 17 24 29 23 32 40 110 41 46 36 37 43 49 52 23 6 25 23 21 37 44 19 12 24 15 35 
47 30 66 85 50 46 51 63 23 29 58 17 11 36 55 18 41 51 5 26 44 68 43 41 32 41 55 49 62 77 23 21 37 16 32 59 
52 35 71 90 55 50 56 69 25 34 63 23 17 41 59 20 46 5 46 29 47 73 46 43 37 46 60 55 68 83 25 27 42 21 37 64 
49 37 81 87 63 60 50 55 5 44 52 26 25 17 32 41 36 26 29 43 18 76 64 64 43 40 59 55 55 64 47 25 25 23 20 37 
52 46 88 86 70 69 51 50 23 55 48 38 40 14 17 57 37 44 47 18 75 81 77 78 52 43 63 60 50 55 63 36 25 36 23 21 
29 40 17 24 18 24 29 42 77 38 38 53 58 66 74 55 43 68 73 76 81 80 41 46 36 37 18 20 41 57 54 52 55 56 58 75 
42 33 30 64 24 19 46 65 62 23 59 38 39 64 80 25 49 43 46 64 77 41 36 5 26 44 40 35 64 82 20 41 57 41 55 83 
46 35 35 70 29 24 50 69 61 25 63 39 38 65 81 23 52 41 43 64 78 46 5 41 29 47 45 40 68 86 18 42 58 41 57 85 
19 6 37 53 19 17 24 41 43 5 35 17 21 38 53 21 23 32 37 43 52 36 26 29 83 18 23 18 40 58 24 18 30 20 29 57 
8 13 46 46 29 29 10 24 42 23 18 23 29 29 38 37 6 41 46 40 43 37 44 47 18 114 19 17 23 40 41 19 18 25 20 41 
11 25 29 30 17 21 12 27 61 27 23 38 43 48 56 45 25 55 60 59 63 18 40 45 23 19 82 5 26 44 46 36 37 41 40 58 
9 20 29 35 14 17 12 30 56 22 25 33 38 46 55 39 23 49 55 55 60 20 35 40 18 17 5 93 29 47 41 31 35 36 37 57 
22 36 56 37 43 46 17 1 58 45 5 45 51 38 37 60 21 62 68 55 50 41 64 68 40 23 26 29 72 18 64 41 29 46 34 37 
40 53 72 46 61 64 35 17 69 63 23 61 66 47 38 77 37 77 83 64 55 57 82 86 58 40 44 47 18 75 81 56 41 61 46 36 
43 27 48 75 35 30 48 65 44 19 59 25 23 51 69 6 44 23 25 47 63 54 20 18 24 41 46 41 64 81 11 29 47 26 44 73 
26 12 55 65 37 35 30 42 25 19 36 5 10 23 40 23 19 21 27 25 36 52 41 42 18 19 36 31 41 56 29 53 18 5 15 44 
26 23 63 62 46 45 26 30 29 33 26 23 27 11 23 42 12 37 42 25 25 55 57 58 30 18 37 35 29 41 47 18 88 22 5 26 
32 16 58 70 40 37 35 47 22 21 42 3 5 25 42 21 24 16 21 23 36 56 41 41 20 25 41 36 46 61 26 5 22 58 18 47 
29 23 65 66 47 46 30 35 23 32 31 19 23 9 25 38 15 32 37 20 23 58 55 57 29 20 40 37 34 46 44 15 5 18 94 29 
48 50 87 75 70 71 46 37 42 60 38 48 52 23 5 68 35 59 64 37 21 75 83 85 57 41 58 57 37 36 73 44 26 47 29 36 
