120 16
26 37 49 33 38 15 17 30 43 36 36 56 30 33 31 43 48 30 35 11 21 39 49 27 41 53 19 31 39 84 66 71 48 57 73 85 57 77 89 48 67 74 79 84 59 65 74 91 75 85 103 66 80 79 67 42 47 56 72 60 66 85 52 62 60 47 52 61 77 65 71 90 56 67 65 28 40 54 42 47 66 34 43 43 51 64 42 56 71 33 48 53 79 45 71 78 36 58 69 63 84 95 54 74 81 59 82 55 60 51 89 49 67 73 73 86 83 51 42 62 
37 86 25 26 26 32 21 14 6 42 4 33 44 23 6 13 15 13 13 25 18 24 17 30 8 23 33 10 16 48 30 35 11 21 39 49 27 41 53 19 31 39 49 53 30 31 37 54 51 49 71 44 48 42 41 23 17 19 36 44 31 56 40 35 24 26 21 24 41 47 36 61 42 40 29 11 10 17 37 12 38 37 21 6 21 28 27 19 38 26 16 18 45 13 36 42 6 21 38 30 47 59 22 37 45 30 59 54 43 21 55 23 32 37 52 56 47 38 14 25 
49 25 96 18 13 37 32 38 25 32 21 8 38 17 30 37 13 20 15 39 39 49 38 26 32 9 35 20 41 43 27 29 24 35 55 56 11 47 44 7 29 51 30 35 11 21 39 49 27 41 53 19 31 39 18 7 9 28 33 19 24 36 18 13 25 3 9 29 36 22 27 41 18 18 27 23 35 27 21 19 16 28 6 27 43 38 10 30 23 18 11 36 59 14 50 38 19 31 56 17 53 51 12 35 55 10 35 34 17 8 43 3 26 46 27 36 40 15 11 27 
33 26 18 60 4 19 19 34 30 16 21 23 21 2 27 39 24 13 13 25 30 47 43 8 34 25 17 15 40 60 43 46 32 44 64 70 28 61 62 21 45 62 48 53 29 38 54 66 41 59 71 32 49 56 35 11 21 39 49 27 41 53 19 31 39 15 25 42 53 31 45 58 23 36 42 16 36 37 12 28 34 12 12 31 47 50 9 40 41 0 23 43 69 23 60 55 20 42 63 35 67 69 28 51 68 28 48 29 26 24 61 20 43 58 39 54 57 18 18 41 
38 26 13 4 70 24 23 36 30 18 21 18 25 5 29 39 22 15 13 30 33 49 43 13 35 22 22 17 42 56 39 43 31 43 63 67 24 58 58 18 41 60 43 48 25 35 51 63 37 55 66 27 44 52 30 7 18 38 46 22 37 48 15 26 36 11 21 39 49 27 41 53 19 31 39 18 36 36 11 27 29 14 9 31 47 48 4 39 37 4 20 42 68 21 59 52 20 40 63 31 64 65 24 48 66 23 44 27 22 20 57 16 39 56 35 49 53 14 16 38 
15 32 37 19 24 22 12 32 39 21 30 43 16 20 30 42 39 21 25 13 24 44 48 12 39 43 4 23 41 76 58 62 43 54 72 82 46 73 80 38 60 72 67 72 48 56 68 83 61 76 91 52 68 71 54 30 37 51 65 45 57 73 37 50 53 35 42 55 69 50 62 78 41 55 57 21 39 49 27 41 53 19 31 39 51 60 28 52 60 19 39 51 78 37 69 71 30 53 69 53 80 86 44 66 78 47 68 40 45 41 80 38 59 69 59 74 74 36 32 55 
17 21 32 19 23 12 43 20 28 29 20 39 27 18 18 30 31 13 18 6 13 33 36 16 27 36 14 14 29 67 49 54 32 43 60 71 40 62 72 31 50 60 62 67 42 48 58 74 59 67 85 50 62 62 51 26 30 40 56 46 49 69 38 46 44 31 35 44 60 50 54 74 42 51 48 11 27 38 30 31 49 25 26 28 39 49 27 41 53 19 31 39 66 28 57 61 20 42 57 46 69 78 37 57 67 42 66 46 45 34 72 32 50 58 58 69 66 37 25 45 
30 14 38 34 36 32 20 79 18 48 17 46 47 31 8 13 29 21 24 20 8 13 19 34 12 37 34 19 9 60 43 48 23 29 43 56 41 49 66 33 43 45 63 68 44 45 48 66 65 61 85 57 62 54 55 35 31 30 48 57 45 70 51 49 36 39 36 35 53 60 50 75 54 54 41 17 11 28 46 25 52 43 34 16 21 35 38 29 52 34 30 24 49 27 41 53 19 31 39 44 55 71 36 49 51 44 73 63 55 35 68 37 45 44 65 70 60 49 27 37 
43 6 25 30 30 39 28 18 99 47 9 33 50 28 12 12 13 18 17 32 24 25 13 35 7 21 39 16 17 42 24 29 5 15 34 43 24 34 48 18 25 33 45 50 28 27 31 48 50 43 67 43 44 36 39 25 16 13 30 45 26 53 42 34 18 27 20 17 35 48 31 57 44 37 23 17 10 11 41 7 36 42 23 2 17 21 30 13 34 30 15 13 39 11 30 35 10 14 33 27 41 53 19 31 39 29 58 57 43 19 49 23 26 30 51 52 41 40 15 19 
36 42 32 16 18 21 29 48 47 54 38 33 9 19 42 55 41 29 30 33 42 61 59 13 50 40 17 31 55 75 58 61 49 61 81 86 43 77 76 37 60 79 59 63 42 53 70 81 48 73 81 39 60 71 45 25 37 56 64 30 56 62 21 42 55 29 40 58 68 35 59 67 26 46 58 31 52 54 11 45 44 4 27 48 63 66 21 57 54 16 39 60 86 39 77 70 36 58 80 49 83 82 43 67 84 41 53 19 31 39 74 34 58 75 44 64 72 22 34 57 
36 4 21 21 21 30 20 17 9 38 82 29 40 19 9 18 12 9 8 25 20 28 21 26 13 20 30 7 21 48 29 34 12 24 43 51 23 43 52 15 30 42 46 51 27 29 38 54 47 48 69 40 46 42 37 18 13 21 36 40 30 53 35 32 24 21 18 24 40 43 35 58 37 36 28 9 15 19 33 11 35 33 16 10 25 30 22 21 36 21 13 22 49 10 39 41 1 23 42 28 49 58 19 37 48 27 55 49 38 17 53 19 31 39 48 53 46 33 9 25 
56 33 8 23 18 43 39 46 33 33 29 107 41 22 38 45 20 28 23 46 46 57 45 31 40 13 40 28 49 42 29 30 31 40 60 59 12 50 43 14 31 55 25 30 10 22 42 49 19 40 48 11 26 40 11 13 16 34 34 13 25 30 15 8 29 8 14 33 36 14 27 35 13 13 29 31 42 33 22 26 11 30 13 35 50 43 14 36 21 23 18 43 64 21 55 39 27 36 62 17 55 49 16 37 59 8 27 32 11 14 41 10 27 50 19 31 39 13 19 31 
30 44 38 21 25 16 27 47 50 9 40 41 38 23 43 56 46 31 33 30 40 60 61 14 52 47 13 33 56 81 64 68 52 64 84 91 49 82 83 43 66 82 67 71 50 60 76 88 57 80 89 48 68 77 53 32 43 60 71 39 62 71 30 50 60 36 46 63 74 44 66 76 35 54 64 33 53 58 19 49 53 11 34 50 65 70 28 61 62 21 45 62 89 44 80 77 39 63 82 56 88 90 49 73 88 48 62 27 40 45 82 41 64 79 53 72 78 31 39 63 
33 23 17 2 5 20 18 31 28 19 19 22 23 62 25 36 22 10 10 24 28 44 40 9 32 24 18 13 38 58 41 44 29 42 62 68 27 58 61 19 43 59 47 52 28 37 52 65 41 57 70 32 48 54 34 10 19 37 47 28 39 53 20 30 37 15 23 39 51 32 43 58 24 35 40 14 33 35 14 26 33 14 11 29 44 47 9 38 40 2 21 41 67 20 58 53 17 39 61 33 65 67 26 49 65 27 49 31 27 22 60 18 41 56 40 53 56 19 15 39 
31 6 30 27 29 30 18 8 12 42 9 38 43 25 78 12 21 14 16 21 11 19 18 29 9 29 31 12 13 54 36 41 17 25 42 53 33 45 60 25 37 43 55 60 36 38 43 60 57 55 77 49 55 48 46 27 23 25 42 49 38 63 44 41 30 31 28 29 47 52 43 67 46 46 35 11 9 23 39 18 44 38 26 11 21 32 31 24 45 27 22 21 48 19 39 48 11 26 39 37 52 65 28 43 49 36 65 56 47 27 61 28 38 41 57 62 53 42 19 31 
43 13 37 39 39 42 30 13 12 55 18 45 56 36 12 74 25 26 26 32 21 14 6 42 4 33 44 23 6 49 33 38 15 17 30 43 36 36 56 30 33 31 56 61 40 37 36 54 62 51 77 55 55 43 51 36 28 19 38 57 36 64 53 46 27 38 32 24 43 59 41 68 55 49 32 23 3 18 51 19 48 50 34 10 9 23 40 18 45 39 27 11 36 23 28 42 19 19 27 38 43 61 31 38 38 41 70 67 55 31 58 35 36 31 63 63 49 51 26 27 
48 15 13 24 22 39 31 29 13 41 12 20 46 22 21 25 99 18 13 37 32 38 25 32 21 8 38 17 30 37 18 23 11 21 42 45 11 36 40 5 20 38 33 38 15 17 30 43 36 36 56 30 33 31 25 16 4 16 25 33 18 41 31 20 14 15 6 17 29 34 23 45 32 24 18 20 23 14 32 6 23 36 13 15 30 26 20 17 23 24 1 23 46 2 37 31 12 18 42 15 42 47 6 27 43 15 44 47 30 6 41 10 19 34 38 40 35 29 7 16 
30 13 20 13 15 21 13 21 18 29 9 28 31 10 14 26 18 67 4 19 19 34 30 16 21 23 21 2 27 55 37 41 21 33 52 60 27 52 59 18 38 51 49 54 29 35 47 61 47 55 72 39 49 50 38 15 17 30 43 36 36 56 30 33 31 19 22 33 47 40 41 61 33 38 36 4 22 28 25 19 36 24 14 19 34 39 17 30 40 13 18 31 58 15 49 49 8 32 51 33 58 65 24 45 57 29 55 42 35 21 59 20 37 48 46 56 53 28 11 33 
35 13 15 13 13 25 18 24 17 30 8 23 33 10 16 26 13 4 76 24 23 36 30 18 21 18 25 5 29 50 32 37 19 31 51 57 22 49 54 13 34 49 44 49 24 30 43 57 42 50 67 34 44 45 33 11 12 27 39 33 32 51 27 28 28 15 17 30 43 36 36 56 30 33 31 8 23 25 24 16 31 25 10 18 34 37 14 28 35 13 13 30 56 11 47 45 7 29 50 28 55 61 19 41 55 24 50 41 31 16 54 15 33 46 42 51 49 25 7 30 
11 25 39 25 30 13 6 20 32 33 25 46 30 24 21 32 37 19 24 30 12 32 39 21 30 43 16 20 30 73 55 59 37 46 62 74 47 66 78 37 56 64 69 74 49 54 63 79 66 73 92 57 69 67 57 33 36 45 61 52 55 75 45 53 49 38 41 49 66 57 60 80 49 57 54 17 30 43 36 36 56 30 33 31 41 53 34 45 60 25 37 42 69 34 60 67 25 47 59 52 73 84 43 62 70 48 73 51 52 40 78 39 56 62 65 76 72 44 31 50 
21 18 39 30 33 24 13 8 24 42 20 46 40 28 11 21 32 19 23 12 34 20 28 29 20 39 27 18 18 66 48 53 28 37 51 64 43 57 71 34 49 53 66 71 47 49 55 72 66 67 89 58 66 60 56 34 33 36 54 55 49 73 49 51 42 38 38 41 59 59 54 78 52 56 47 15 19 35 42 30 54 38 33 23 30 43 36 36 56 30 33 31 58 30 49 59 20 38 48 48 63 77 39 55 59 46 74 58 54 37 73 38 50 52 66 73 65 47 28 43 
39 24 49 47 49 44 33 13 25 61 28 57 60 44 19 14 38 34 36 32 20 60 18 48 17 46 47 31 8 62 47 52 29 30 37 53 50 48 69 43 47 41 70 75 53 51 49 67 75 65 91 68 69 56 64 47 41 33 51 68 50 78 63 59 41 50 45 38 56 71 55 83 66 63 46 30 15 32 59 33 62 56 45 23 17 35 50 32 59 47 40 23 43 36 36 56 30 33 31 52 53 74 44 51 47 54 83 76 67 44 72 47 50 41 76 77 63 61 38 40 
49 17 38 43 43 48 36 19 13 59 21 45 61 40 18 6 25 30 30 39 28 18 87 47 9 33 50 28 12 44 29 34 14 11 23 37 35 30 51 31 29 25 54 58 39 35 31 49 61 47 73 55 53 38 50 39 29 15 33 58 33 62 55 45 23 40 31 20 38 60 37 66 57 48 28 28 9 15 54 19 47 54 36 11 4 17 43 14 43 43 27 5 30 24 21 37 22 15 21 36 36 56 30 33 31 40 69 70 56 31 54 35 32 24 63 61 45 53 28 23 
27 30 26 8 13 12 16 34 35 13 26 31 14 9 29 42 32 16 18 21 29 48 47 73 38 33 9 19 42 68 50 54 38 50 69 76 37 67 70 29 52 68 56 61 37 46 62 74 49 67 79 40 57 63 43 19 29 46 57 33 49 61 24 39 46 24 33 48 60 38 53 66 29 44 50 18 39 44 15 35 42 9 20 36 51 56 17 46 50 8 31 48 75 30 66 63 25 48 68 43 74 77 35 59 74 36 56 30 33 31 70 28 50 65 47 62 65 24 25 48 
41 8 32 34 35 39 27 12 7 50 13 40 52 32 9 4 21 21 21 30 20 17 9 38 73 29 40 19 9 47 31 35 11 16 32 44 32 37 54 25 31 33 52 57 36 34 35 53 57 49 74 51 52 41 46 31 24 17 36 52 33 60 48 41 24 34 27 22 41 55 38 65 50 45 29 19 2 16 46 15 44 46 29 5 12 23 36 17 41 34 22 12 38 19 30 41 14 18 30 34 43 59 26 36 40 36 65 62 50 27 56 30 33 31 59 60 47 46 21 24 
53 23 9 25 22 43 36 37 21 40 20 13 47 24 29 33 8 23 18 43 39 46 33 33 29 112 41 22 38 34 18 21 18 27 47 47 3 38 37 5 20 42 26 31 7 13 30 41 28 33 49 22 26 30 17 15 6 21 24 26 15 33 27 12 16 12 1 20 27 27 19 38 26 16 18 26 31 20 30 14 15 36 13 23 37 30 19 22 17 25 6 30 50 10 42 30 19 23 48 9 44 43 3 26 47 7 36 43 24 2 36 6 17 38 30 33 31 24 11 19 
19 33 35 17 22 4 14 34 39 17 30 40 13 18 31 44 38 21 25 16 27 47 50 9 40 41 60 23 43 75 57 61 43 54 73 82 45 73 78 37 59 72 65 70 46 54 68 82 58 75 88 49 66 70 52 28 36 51 64 42 56 71 33 48 53 33 40 55 68 47 61 75 38 53 57 22 41 49 23 41 51 15 29 40 53 61 26 52 58 17 38 52 79 36 70 70 30 53 71 51 80 85 43 66 79 45 65 36 42 39 78 36 58 70 56 71 73 33 31 55 
31 10 20 15 17 23 14 19 16 31 7 28 33 13 12 23 17 2 5 20 18 31 28 19 19 22 23 66 25 53 35 40 19 31 50 58 26 50 58 17 37 49 49 54 29 34 45 60 48 53 72 39 49 48 38 16 16 28 42 38 35 56 32 33 30 20 21 31 46 41 40 61 35 38 34 3 20 26 27 17 36 26 15 17 32 37 19 28 40 15 17 29 56 14 46 48 6 30 49 32 56 64 23 43 55 29 55 44 36 20 58 20 36 46 47 56 52 30 11 31 
39 16 41 40 42 41 29 9 17 55 21 49 56 38 13 6 30 27 29 30 18 8 12 42 9 38 43 25 63 55 39 44 21 23 34 48 41 42 62 35 39 37 62 67 45 43 42 61 67 58 83 60 61 49 56 40 33 26 44 61 42 70 56 51 33 42 37 31 49 64 47 74 59 55 38 24 7 24 53 25 53 51 38 15 12 29 43 25 51 40 32 17 40 28 32 49 22 26 30 44 48 67 36 44 43 46 75 69 59 36 65 39 42 36 68 69 56 54 30 33 
84 48 43 60 56 76 67 60 42 75 48 42 81 58 54 49 37 55 50 73 66 62 44 68 47 34 75 53 55 51 18 13 37 32 38 25 32 21 8 38 17 30 26 26 32 21 14 6 42 4 33 44 23 6 35 49 39 30 12 53 19 31 58 34 24 46 35 25 7 52 15 33 55 32 19 56 49 31 64 36 33 71 47 43 46 28 53 30 21 60 37 39 37 39 34 6 47 29 44 25 20 11 32 11 29 34 47 74 51 36 12 40 17 26 47 29 4 56 43 23 
66 30 27 43 39 58 49 43 24 58 29 29 64 41 36 33 18 37 32 55 48 47 29 50 31 18 57 35 39 18 52 4 19 19 34 30 16 21 23 21 2 27 25 29 19 7 12 24 36 18 43 35 24 13 26 32 21 14 6 42 4 33 44 23 6 30 18 9 10 42 8 37 43 24 1 38 33 15 48 18 24 54 30 26 33 18 37 15 14 43 19 25 36 21 29 12 29 14 37 12 26 29 15 8 30 20 43 61 39 19 25 24 3 22 40 32 17 42 25 6 
71 35 29 46 43 62 54 48 29 61 34 30 68 44 41 38 23 41 37 59 53 52 34 54 35 21 61 40 44 13 4 53 24 23 36 30 18 21 18 25 5 29 22 25 20 8 12 20 35 14 39 35 20 9 26 36 25 18 3 43 5 30 46 24 11 32 21 14 6 42 4 33 44 23 6 42 38 19 51 23 24 57 34 31 37 21 40 19 13 46 23 29 37 25 31 9 34 19 40 13 25 24 18 6 31 22 42 63 40 22 20 27 3 24 40 28 12 43 29 11 
48 11 24 32 31 43 32 23 5 49 12 31 52 29 17 15 11 21 19 37 28 29 14 38 11 18 43 19 21 37 19 24 65 12 32 39 21 30 43 16 20 30 41 45 25 22 26 43 47 38 62 41 40 31 36 26 15 8 25 44 22 49 42 31 13 26 17 12 30 46 26 53 43 34 18 21 14 6 42 4 33 44 23 6 18 17 30 9 30 32 13 12 37 10 28 30 13 10 32 23 37 48 16 26 36 26 55 57 42 17 44 21 22 26 49 48 36 40 15 14 
57 21 35 44 43 54 43 29 15 61 24 40 64 42 25 17 21 33 31 46 37 30 11 50 16 27 54 31 23 32 19 23 12 43 20 28 29 20 39 27 18 18 44 48 32 25 19 37 53 35 62 49 43 26 42 37 26 6 22 54 23 52 53 38 14 37 26 9 26 55 27 56 53 40 17 32 18 7 54 16 40 56 35 15 14 6 42 4 33 44 23 6 25 22 16 26 25 4 21 28 26 44 24 21 24 34 61 69 52 26 42 31 22 15 56 51 33 50 27 12 
73 39 55 64 63 72 60 43 34 81 43 60 84 62 42 30 42 52 51 62 51 37 23 69 32 47 73 50 34 38 34 36 32 20 28 18 48 17 46 47 31 8 58 61 51 41 25 40 70 43 72 68 56 33 60 58 46 26 33 73 39 66 73 56 31 57 46 26 36 74 41 69 73 58 32 51 32 27 74 36 57 76 55 33 21 16 62 24 48 64 43 21 6 42 4 33 44 23 6 45 21 48 43 31 12 52 77 89 71 46 51 51 36 12 74 64 41 71 47 29 
85 49 56 70 67 82 71 56 43 86 51 59 91 68 53 43 45 60 57 74 64 53 37 76 44 47 82 58 48 25 30 30 39 28 18 13 47 9 33 50 28 12 50 51 49 38 17 25 65 30 58 65 48 22 56 61 49 30 26 72 34 57 74 53 31 59 47 28 26 72 34 58 73 53 30 60 45 32 78 41 54 82 59 43 36 21 66 30 42 70 47 32 14 47 16 23 52 28 24 42 4 33 44 23 6 51 71 91 70 48 38 53 32 12 70 54 29 72 52 29 
57 27 11 28 24 46 40 41 24 43 23 12 49 27 33 36 11 27 22 47 43 50 35 37 32 3 45 26 41 32 16 18 21 29 48 47 84 38 33 9 19 42 22 27 4 10 29 38 25 30 45 20 22 28 14 17 10 22 22 26 13 29 27 9 16 14 5 21 25 26 16 34 26 13 17 30 34 21 32 17 12 39 16 26 40 31 21 24 13 28 10 32 51 14 43 28 22 24 50 6 43 40 5 24 46 4 33 44 23 6 33 8 15 38 27 29 29 25 15 19 
77 41 47 61 58 73 62 49 34 77 43 50 82 58 45 36 36 52 49 66 57 48 30 67 37 38 73 50 42 21 21 21 30 20 17 9 38 9 29 40 19 9 43 45 40 29 9 23 57 25 54 56 41 16 47 52 40 22 18 64 26 50 65 45 22 50 38 19 19 63 26 52 64 45 21 52 38 24 69 32 45 73 49 34 30 13 57 21 34 61 37 25 16 37 14 16 43 20 23 33 6 31 35 15 9 42 63 82 61 39 33 44 23 6 61 48 24 63 43 19 
89 53 44 62 58 80 72 66 48 76 52 43 83 61 60 56 40 59 54 78 71 69 51 70 54 37 78 58 62 8 23 18 43 39 46 33 33 29 67 41 22 38 22 21 33 24 21 8 38 4 25 42 19 13 33 51 42 36 18 52 22 26 58 34 29 47 37 31 13 50 17 26 55 31 24 61 56 37 65 41 32 72 49 49 53 36 55 37 21 62 41 46 45 43 42 14 52 36 52 27 28 6 35 18 37 35 42 73 50 39 4 42 21 34 44 23 6 56 47 29 
48 19 7 21 18 38 31 33 18 37 15 14 43 19 25 30 5 18 13 37 34 43 31 29 25 5 37 17 35 38 21 25 16 27 47 50 9 40 41 89 23 43 31 36 12 17 33 45 32 37 54 25 31 34 21 11 1 21 28 27 19 38 26 16 18 10 4 22 31 29 24 43 26 21 21 20 28 19 28 11 19 32 9 20 35 31 16 22 22 21 3 28 51 6 42 34 14 23 48 15 46 48 6 30 48 11 40 42 25 2 41 4 21 39 33 38 36 23 6 20 
67 31 29 45 41 60 50 43 25 60 30 31 66 43 37 33 20 38 34 56 49 47 29 52 31 20 59 37 39 17 2 5 20 18 31 28 19 19 22 23 47 25 27 30 21 10 10 23 39 18 44 37 25 11 29 35 23 13 5 44 7 35 46 26 6 32 20 8 10 44 9 38 45 26 2 39 33 14 51 19 26 56 32 26 32 16 39 14 16 45 21 24 33 22 27 11 30 14 35 14 23 28 17 6 28 23 45 63 42 21 25 26 4 20 43 33 16 44 27 6 
74 39 51 62 60 72 60 45 33 79 42 55 82 59 43 31 38 51 49 64 53 41 25 68 33 42 72 49 37 30 27 29 30 18 8 12 42 9 38 43 25 12 51 53 46 35 17 32 64 35 64 62 49 25 54 54 42 22 25 68 32 58 69 51 26 53 41 21 28 69 34 61 69 51 26 50 34 24 71 33 51 74 52 32 24 12 59 21 42 62 40 21 8 39 4 25 43 20 14 39 13 40 38 23 6 47 71 85 66 42 43 47 30 4 68 57 33 66 44 23 
79 49 30 48 43 67 62 63 45 59 46 25 67 47 55 56 33 49 44 69 66 70 54 56 52 26 65 49 62 26 25 22 41 44 58 50 22 43 22 31 27 51 36 4 19 19 34 30 16 21 23 21 2 27 13 37 32 38 25 32 21 8 38 17 30 32 27 35 23 28 17 12 35 12 27 52 55 38 47 37 14 56 36 47 57 43 39 40 11 48 32 49 59 36 53 27 45 40 62 18 45 27 27 27 53 20 20 53 30 28 18 29 22 46 22 7 21 37 38 32 
84 53 35 53 48 72 67 68 50 63 51 30 71 52 60 61 38 54 49 74 71 75 58 61 57 31 70 54 67 26 29 25 45 48 61 51 27 45 21 36 30 53 4 27 24 23 36 30 18 21 18 25 5 29 18 42 37 42 28 35 24 5 43 22 34 37 32 38 25 32 21 8 38 17 30 57 59 43 52 42 19 60 41 52 61 47 44 44 15 53 37 53 62 41 56 28 50 43 65 23 46 25 31 30 54 25 21 57 33 33 16 34 26 49 24 3 22 41 42 35 
59 30 11 29 25 48 42 44 28 42 27 10 50 28 36 40 15 29 24 49 47 53 39 37 36 7 46 29 45 32 19 20 25 32 51 49 4 40 33 12 21 46 19 24 74 12 32 39 21 30 43 16 20 30 10 18 13 26 24 23 15 26 25 5 20 13 8 24 26 23 17 31 23 9 19 32 38 25 32 21 8 38 17 30 44 35 21 28 12 29 14 36 54 17 46 29 26 28 53 7 45 40 9 26 49 1 29 42 20 9 32 10 17 41 23 26 29 23 18 22 
65 31 21 38 35 56 48 45 27 53 29 22 60 37 38 37 17 35 30 54 49 51 35 46 34 13 54 34 43 21 7 8 22 25 41 38 10 29 24 17 10 35 19 23 12 65 20 28 29 20 39 27 18 18 18 28 18 19 12 34 3 27 37 15 11 24 13 16 14 34 6 31 36 16 8 37 36 19 43 19 16 49 26 28 38 25 32 21 8 38 17 30 44 20 36 17 29 21 45 4 33 30 11 14 38 13 36 54 32 15 24 19 5 30 33 26 18 35 23 13 
74 37 39 54 51 68 58 48 31 70 38 42 76 52 43 36 30 47 43 63 55 49 31 62 35 30 68 45 42 14 12 12 26 19 25 17 29 9 21 33 10 17 34 36 32 20 77 18 48 17 46 47 31 8 38 45 33 18 8 55 17 41 57 36 15 42 30 13 10 54 17 43 56 36 12 47 37 20 61 27 36 66 42 32 32 14 49 18 25 54 31 25 25 32 21 8 38 17 30 24 13 25 27 6 19 33 54 74 52 31 25 36 14 13 52 39 16 55 37 13 
91 54 49 66 63 83 74 66 48 81 54 49 88 65 60 54 43 61 57 79 72 67 49 74 53 41 82 60 61 6 24 20 43 37 40 25 38 23 8 45 23 32 30 30 39 28 18 51 47 9 33 50 28 12 40 56 45 35 18 59 25 35 64 41 30 52 41 30 13 57 22 35 61 38 25 63 55 37 71 43 39 77 54 49 51 32 60 36 27 66 44 44 38 46 37 12 54 35 46 32 21 8 38 17 30 40 51 80 57 42 13 47 24 29 52 32 9 62 50 29 
75 51 27 41 37 61 59 65 50 48 47 19 57 41 57 62 36 47 42 66 66 75 61 49 57 28 58 48 67 42 36 35 47 53 70 65 25 57 38 32 39 64 16 18 21 29 48 47 64 38 33 9 19 42 11 32 33 47 39 18 31 16 27 16 40 27 30 44 38 13 30 19 22 12 38 51 60 46 37 42 13 46 33 52 65 54 32 48 22 41 35 57 72 38 66 42 46 49 74 25 60 44 31 41 66 21 8 38 17 30 35 28 34 59 5 18 38 26 38 42 
85 49 41 59 55 76 67 61 43 73 48 40 80 57 55 51 36 55 50 73 67 65 47 67 49 33 75 53 58 4 18 14 38 35 43 30 30 25 4 37 18 35 21 21 30 20 17 9 38 42 29 40 19 9 31 48 38 31 13 50 18 26 55 31 25 44 34 27 8 48 13 28 52 29 20 56 51 33 62 37 30 69 46 44 49 31 51 32 18 59 37 41 42 39 38 9 48 31 48 23 25 10 31 13 34 32 42 71 48 35 8 38 17 30 43 24 1 53 43 24 
103 71 53 71 66 91 85 85 67 81 69 48 89 70 77 77 56 72 67 92 89 91 73 79 74 49 88 72 83 33 43 39 62 62 72 58 45 54 25 54 44 64 23 18 43 39 46 33 33 29 16 41 22 38 36 60 55 57 40 52 40 18 60 40 49 55 50 53 36 47 35 13 55 35 45 75 76 58 70 59 37 78 60 68 76 59 62 59 32 71 55 68 71 59 67 38 68 58 77 40 53 25 49 41 63 43 32 72 50 52 21 53 40 59 38 17 30 58 61 50 
66 44 19 32 27 52 50 57 43 39 40 11 48 32 49 55 30 39 34 57 58 68 55 40 51 22 49 39 60 44 35 35 41 49 68 65 20 56 42 25 37 62 21 25 16 27 47 50 9 40 41 77 23 43 9 23 27 43 38 10 30 23 18 11 36 19 24 41 39 7 30 28 13 11 35 42 53 42 28 36 11 37 24 45 60 51 23 44 22 32 28 52 71 32 63 43 38 45 70 23 60 48 25 41 65 15 16 32 8 24 39 21 32 57 8 25 40 17 30 39 
80 48 31 49 44 68 62 62 44 60 46 26 68 48 55 55 33 49 44 69 66 69 53 57 52 26 66 49 61 23 24 20 40 43 56 48 22 41 19 31 25 49 2 5 20 18 31 28 19 19 22 23 34 25 15 38 32 37 23 34 19 9 40 18 29 33 27 33 21 30 16 13 37 13 25 52 54 37 49 37 15 57 37 46 56 42 40 38 10 49 32 48 57 36 52 25 45 38 61 17 43 25 26 25 50 21 23 55 32 29 16 30 21 44 24 8 19 38 38 30 
79 42 39 56 52 71 62 54 36 71 42 40 77 54 48 43 31 50 45 67 60 56 38 63 41 30 70 48 49 6 13 9 31 26 33 22 28 16 13 34 11 25 27 29 30 18 8 12 42 9 38 43 25 61 34 45 34 23 6 52 15 34 55 33 18 42 31 18 3 51 12 36 53 31 13 51 43 25 61 31 32 67 43 37 40 22 49 24 20 56 32 32 33 34 29 0 42 23 38 22 18 18 28 5 25 31 48 72 49 32 17 36 13 21 47 32 8 53 38 17 
67 41 18 35 30 54 51 55 39 45 37 11 53 34 46 51 25 38 33 57 56 64 50 43 46 17 52 38 56 35 26 26 36 42 60 56 14 47 33 21 29 54 13 18 10 18 38 40 11 31 36 9 15 34 9 24 23 36 30 18 21 18 25 5 29 19 19 34 30 16 21 23 21 2 27 41 49 35 34 31 2 42 24 41 54 44 26 37 13 35 24 46 62 28 55 34 36 38 63 14 51 39 20 32 57 10 19 40 16 19 31 18 24 49 14 19 31 23 28 31 
42 23 7 11 7 30 26 35 25 25 18 13 32 10 27 36 16 15 11 33 34 47 39 19 31 15 28 16 40 49 32 36 26 37 58 61 17 52 51 11 35 54 37 42 18 28 45 56 32 48 60 23 38 45 24 39 12 32 39 21 30 43 16 20 30 4 14 33 42 25 34 48 18 25 32 19 34 30 16 21 23 21 2 27 43 42 4 33 30 11 14 38 62 15 53 45 17 34 58 24 58 58 17 41 59 17 40 31 20 13 50 9 32 50 31 43 46 14 11 32 
47 17 9 21 18 37 30 31 16 37 13 16 43 19 23 28 4 17 12 36 33 41 29 29 24 6 36 16 33 39 21 25 15 26 46 49 10 40 42 1 23 42 32 37 13 18 33 45 33 38 55 27 32 34 23 12 38 20 28 29 20 39 27 18 18 11 4 21 31 31 24 44 27 22 21 19 26 18 28 10 21 33 9 18 34 30 16 21 23 21 2 27 50 5 41 34 12 22 47 15 46 48 6 30 47 13 41 43 26 3 42 6 21 38 35 39 37 24 5 20 
56 19 28 39 38 51 40 30 13 56 21 34 60 37 25 19 16 30 27 45 36 33 15 46 17 21 51 28 26 30 14 18 8 6 26 30 22 22 36 21 13 22 38 42 26 19 18 35 47 31 57 43 37 23 36 32 20 68 18 48 17 46 47 31 8 31 20 4 23 49 22 50 47 34 12 30 19 2 48 11 33 51 29 13 19 10 36 1 27 39 17 11 30 16 21 23 21 2 27 21 28 41 17 18 28 27 54 63 45 20 38 25 16 18 50 45 30 44 21 7 
72 36 33 49 46 65 56 48 30 64 36 34 71 47 42 38 25 43 39 61 54 51 33 57 36 24 64 42 44 12 6 3 25 22 33 26 22 18 18 28 5 25 25 28 24 12 8 18 39 13 40 38 23 6 30 39 28 18 61 47 9 33 50 28 12 36 24 13 4 46 8 36 48 27 7 44 38 19 55 24 27 60 37 31 36 19 43 19 16 49 26 28 34 27 28 6 35 18 37 16 21 23 21 2 27 25 45 66 44 25 20 30 6 20 43 31 11 47 32 11 
60 44 19 27 22 45 46 57 45 30 40 13 39 28 49 57 33 36 33 52 55 68 58 33 52 26 42 38 61 53 42 43 44 54 73 72 26 64 52 27 44 68 32 35 23 34 55 59 18 50 52 10 34 52 18 21 29 48 47 33 38 33 9 19 42 18 27 47 48 4 39 38 4 21 42 40 54 46 19 39 20 28 23 47 63 57 19 49 32 27 31 56 77 34 69 51 38 50 75 30 68 58 30 49 72 21 23 21 2 27 49 22 40 64 14 35 50 9 31 45 
66 31 24 41 37 57 49 45 26 56 30 25 62 39 38 36 18 36 32 55 49 50 33 49 33 15 56 35 42 19 4 5 22 23 39 34 13 26 22 19 7 32 21 24 15 3 17 25 31 18 40 30 19 15 21 30 20 17 9 38 43 29 40 19 9 27 16 14 12 37 4 32 39 19 6 38 36 18 46 19 19 52 28 28 37 23 34 19 10 41 18 28 41 21 34 14 29 19 42 7 30 28 13 11 35 16 38 57 35 17 23 21 2 27 36 27 16 38 24 11 
85 56 36 53 48 73 69 70 53 62 53 30 71 53 63 64 41 56 51 75 73 78 62 61 60 33 71 56 70 31 33 30 49 52 66 57 29 50 26 38 35 58 8 5 26 27 41 35 16 26 18 23 9 34 18 43 39 46 33 33 29 46 41 22 38 38 35 43 30 29 25 4 37 18 35 59 63 47 51 45 19 60 42 55 65 51 44 48 19 53 40 57 67 43 61 34 52 48 70 26 52 30 34 35 59 27 16 54 32 36 21 36 30 54 21 2 27 40 45 40 
52 40 18 19 15 37 38 51 42 21 35 15 30 20 44 53 31 30 27 45 49 63 55 24 48 27 33 32 56 58 44 46 42 53 73 74 27 65 58 26 46 69 38 43 25 37 57 64 27 55 60 18 40 55 25 16 27 47 50 9 40 41 43 23 43 15 27 47 52 14 43 46 4 27 44 34 50 45 10 37 25 19 19 44 60 57 12 48 36 19 29 54 77 31 69 55 34 49 74 33 70 64 30 52 74 24 32 16 9 27 56 21 43 65 23 43 54 2 27 46 
62 35 13 31 26 50 46 49 34 42 32 8 50 30 41 46 20 33 28 53 51 59 45 39 41 12 48 33 51 34 23 24 31 38 56 53 9 45 34 16 26 51 17 22 5 15 36 41 16 31 40 11 18 33 5 20 18 31 28 19 19 22 23 5 25 15 14 30 29 18 20 27 20 4 24 36 44 31 31 26 3 39 19 36 49 40 22 33 13 31 19 42 59 22 51 32 30 34 59 11 49 41 15 30 54 5 24 39 16 14 32 13 21 46 18 23 31 21 22 27 
60 24 25 39 36 53 44 36 18 55 24 29 60 37 30 27 14 31 28 49 42 41 23 46 24 16 53 30 33 24 6 11 13 14 31 31 16 22 29 18 6 26 30 34 20 11 15 30 40 25 49 36 29 18 29 30 18 8 12 42 9 38 43 25 55 28 16 4 16 43 14 42 42 27 4 32 26 8 46 12 26 51 27 19 27 15 34 9 19 39 15 19 34 16 26 17 24 9 34 14 28 35 13 13 30 21 47 60 40 16 31 22 8 21 43 37 23 41 21 2 
47 26 3 15 11 35 31 39 27 29 21 8 36 15 31 38 15 19 15 38 38 50 40 24 34 12 33 20 42 46 30 32 26 37 57 59 14 50 47 10 32 53 32 37 13 24 42 52 27 44 55 19 33 42 19 4 11 31 36 18 27 38 15 15 28 49 12 32 39 21 30 43 16 20 30 23 36 30 18 21 18 25 5 29 44 41 7 32 26 15 13 38 61 15 53 41 20 34 58 20 56 54 15 38 58 12 35 32 16 11 46 6 29 49 27 38 43 13 12 30 
52 21 9 25 21 42 35 36 20 40 18 14 46 23 28 32 6 22 17 41 38 45 31 33 27 1 40 21 37 35 18 21 17 26 46 47 5 38 37 4 20 41 27 32 8 13 30 41 30 34 50 24 27 31 19 14 4 20 24 27 16 35 27 14 16 12 46 20 28 29 20 39 27 18 18 24 30 19 30 12 16 36 12 22 36 30 18 21 18 25 5 29 50 8 41 30 17 22 47 10 44 44 3 26 46 9 38 44 25 1 37 6 18 37 31 34 32 25 10 18 
61 24 29 42 39 55 44 35 17 58 24 33 63 39 29 24 17 33 30 49 41 38 20 48 22 20 55 31 31 25 9 14 12 9 26 28 21 19 31 22 8 21 35 38 24 16 13 30 44 27 53 41 33 18 34 33 21 4 13 47 14 43 47 30 4 32 20 72 18 48 17 46 47 31 8 33 24 6 50 14 31 54 31 18 23 10 38 5 24 42 19 15 30 18 21 18 25 5 29 19 25 36 17 13 26 26 52 64 45 20 34 26 12 17 48 41 25 45 24 3 
77 41 36 53 49 69 60 53 35 68 40 36 74 51 47 43 29 47 43 66 59 56 38 60 41 27 68 46 49 7 10 6 30 26 36 26 25 19 13 31 10 28 23 25 26 14 10 13 38 8 36 39 21 3 30 42 31 23 4 48 12 30 52 29 16 39 28 18 60 47 9 33 50 28 12 49 43 24 57 29 28 64 40 36 40 23 46 24 16 53 30 33 36 32 31 3 40 23 41 18 21 18 25 5 29 28 44 68 46 29 16 33 10 23 43 28 6 49 36 16 
65 47 22 31 27 50 50 60 48 35 43 14 44 32 52 59 34 40 36 57 59 71 60 38 55 27 47 41 64 52 42 42 46 55 74 72 26 63 50 29 44 69 28 32 23 34 54 57 13 48 47 7 30 51 16 25 31 49 46 4 37 29 14 18 43 21 29 48 47 37 38 33 9 19 42 44 57 48 24 41 18 33 26 49 65 58 23 50 30 31 33 58 77 36 69 50 41 51 76 30 67 56 31 48 72 21 18 25 5 29 47 24 40 64 9 31 48 14 33 45 
71 36 27 45 41 62 54 50 31 59 35 27 66 43 43 41 23 41 36 60 54 55 37 53 38 19 61 40 47 15 8 4 26 27 41 34 16 26 17 24 9 34 17 21 17 6 17 22 30 13 35 30 16 12 21 34 24 22 8 39 4 25 43 20 14 30 20 17 9 38 43 29 40 19 9 43 40 22 49 24 19 55 32 33 41 26 38 23 8 45 23 33 42 25 36 12 34 23 45 10 30 24 17 11 36 18 37 59 36 21 18 25 5 29 35 24 12 40 29 14 
90 61 41 58 53 78 74 75 57 67 58 35 76 58 67 68 45 61 56 80 78 83 66 66 65 38 75 61 74 33 37 33 53 56 69 58 34 52 26 43 38 61 12 8 31 31 43 35 19 28 13 28 13 36 23 48 44 50 36 38 32 4 46 27 42 43 39 46 33 33 29 37 41 22 38 64 67 51 56 50 24 65 47 59 69 55 49 52 23 58 45 61 69 48 64 36 57 51 73 30 53 30 39 37 62 32 18 58 36 40 21 41 34 56 25 5 29 45 49 43 
56 42 18 23 19 41 42 54 44 26 37 13 35 24 46 55 32 33 30 49 52 66 57 29 50 26 38 35 59 55 43 44 43 53 73 73 26 64 55 26 45 69 35 38 23 36 56 61 22 52 55 13 37 53 21 18 27 47 48 4 39 37 4 20 42 16 27 47 50 9 40 41 50 23 43 37 52 46 15 38 22 24 20 45 61 57 16 48 34 23 30 55 77 32 68 53 36 49 74 31 69 61 30 50 73 22 27 18 5 26 52 21 41 64 18 39 52 5 29 45 
67 40 18 36 31 55 51 54 37 46 36 13 54 35 46 49 24 38 33 57 56 63 48 44 45 16 53 38 55 32 24 23 34 40 58 53 13 45 31 21 26 51 12 17 9 16 36 38 12 29 35 11 13 31 2 25 22 34 27 21 19 18 27 4 27 20 18 31 28 19 19 22 23 10 25 41 47 33 35 30 1 43 24 39 52 41 27 35 11 36 23 44 60 27 53 31 35 36 61 12 49 37 18 30 54 9 20 42 18 18 29 18 21 47 16 18 28 25 27 29 
65 29 27 42 39 57 48 41 23 58 28 29 64 40 35 32 18 36 31 54 47 46 28 50 29 18 57 34 38 19 1 6 18 17 32 30 17 21 24 21 2 26 27 30 19 8 12 25 38 20 45 35 25 13 27 32 21 12 7 42 6 35 44 24 4 30 18 8 12 42 9 38 43 25 58 37 31 13 48 17 25 53 30 24 31 16 36 13 16 42 19 23 35 20 27 13 28 13 36 12 26 30 14 9 30 21 45 61 40 18 26 24 4 21 41 33 18 42 25 5 
28 11 23 16 18 21 11 17 17 31 9 31 33 14 11 23 20 4 8 17 15 30 28 18 19 26 22 3 24 56 38 42 21 32 51 60 30 52 61 20 39 50 52 57 32 37 47 63 51 56 75 42 52 51 41 19 19 30 44 40 38 59 34 36 32 23 24 33 49 44 43 64 37 41 37 24 20 28 29 20 39 27 18 18 32 39 21 30 43 16 20 30 57 17 48 50 8 32 49 35 58 67 26 46 57 32 58 45 39 23 61 23 39 48 50 59 55 32 14 34 
40 10 35 36 36 39 27 11 10 52 15 42 53 33 9 3 23 22 23 30 19 15 9 39 2 31 41 20 7 49 33 38 14 18 32 45 34 38 56 28 33 34 55 59 38 36 37 55 60 51 76 53 54 43 49 34 26 19 38 54 36 63 50 44 26 36 30 24 43 57 40 67 52 47 31 20 64 18 48 17 46 47 31 8 12 24 38 19 44 36 25 12 39 21 30 43 16 20 30 37 44 61 29 38 40 39 68 64 52 29 58 32 35 32 61 62 49 48 23 26 
54 17 27 37 36 49 38 28 11 54 19 33 58 35 23 18 14 28 25 43 35 32 15 44 16 20 49 26 24 31 15 19 6 7 27 32 21 24 37 19 14 24 38 43 25 19 20 37 46 33 58 42 37 25 35 30 18 2 19 46 18 47 45 31 8 30 19 6 24 48 22 51 46 33 13 28 18 78 47 9 33 50 28 12 19 12 35 2 27 37 16 11 32 15 23 25 19 4 28 21 30 43 16 20 30 26 54 62 44 19 40 24 17 20 49 45 31 43 20 8 
42 37 21 12 11 27 30 46 41 11 33 22 19 14 39 51 32 25 24 36 42 59 54 15 46 30 23 27 53 64 48 51 42 54 74 78 32 69 65 28 51 71 47 52 32 43 61 71 37 62 70 28 49 61 34 16 28 48 55 19 46 51 10 31 46 18 30 50 57 24 49 56 15 35 48 29 48 47 43 38 33 9 19 42 58 59 12 50 44 12 31 54 79 32 70 60 31 51 74 39 74 72 34 57 76 30 43 16 20 30 63 24 48 67 34 52 61 11 27 49 
47 12 19 28 27 41 31 25 7 45 11 26 49 26 18 19 6 19 16 36 30 33 19 35 15 14 41 17 25 36 18 23 4 16 36 41 17 32 41 11 19 33 37 42 21 19 27 43 42 37 59 36 37 31 31 21 10 11 24 39 19 45 37 26 12 21 12 14 29 41 24 50 38 30 17 20 17 9 38 61 29 40 19 9 23 21 26 12 27 28 8 17 41 6 32 30 11 13 36 19 39 47 11 26 39 21 50 53 37 12 43 16 20 30 44 45 35 35 10 14 
66 38 16 34 29 53 49 52 36 44 35 11 53 33 44 48 23 36 31 56 54 62 47 42 44 15 51 36 53 33 24 24 33 40 57 54 12 45 32 19 26 51 14 19 8 16 36 39 13 30 37 11 15 32 2 23 21 33 27 20 19 19 25 3 26 18 16 31 28 18 19 24 22 1 25 39 46 33 33 29 86 41 22 38 51 41 25 35 12 34 22 44 60 25 53 32 33 35 60 12 49 39 17 30 54 7 21 41 17 17 30 16 21 47 16 20 30 23 25 28 
34 37 28 12 14 19 25 43 42 4 33 30 11 14 38 50 36 24 25 30 38 56 54 9 46 36 15 26 51 71 54 57 44 56 76 82 39 73 72 32 56 74 56 60 38 49 66 77 46 69 78 37 57 67 42 21 33 51 60 28 52 60 19 39 51 25 36 54 64 33 55 65 24 43 53 27 47 50 9 40 41 33 23 43 58 62 17 52 51 12 35 55 81 35 72 66 32 54 75 45 79 79 39 62 80 37 52 21 29 35 71 30 54 70 43 61 68 20 30 53 
43 21 6 12 9 31 26 34 23 27 16 13 34 11 26 34 13 14 10 33 33 45 36 20 29 13 29 15 38 47 30 34 23 35 55 59 16 49 49 9 32 52 36 41 17 26 42 54 33 46 60 24 37 43 24 2 9 29 37 23 28 42 19 19 27 5 12 31 40 26 32 47 20 24 30 18 31 28 19 19 22 23 40 25 41 39 7 30 29 12 12 35 60 13 51 43 15 32 55 22 55 56 15 39 57 16 40 34 21 11 49 7 30 48 32 43 45 16 8 30 
43 6 27 31 31 39 28 16 2 48 10 35 50 29 11 10 15 19 18 31 23 23 11 36 5 23 40 17 15 43 26 31 6 15 33 43 26 34 49 20 26 32 47 52 30 28 32 49 52 44 68 45 46 37 41 27 18 13 31 47 28 55 44 36 19 29 22 18 36 49 33 59 45 39 24 18 8 12 42 9 38 43 25 60 16 21 31 13 36 31 17 12 39 13 30 37 11 15 32 29 41 55 21 32 39 31 60 59 45 21 51 25 28 30 53 54 43 42 16 20 
51 21 43 47 47 51 39 21 17 63 25 50 65 44 21 9 30 34 34 41 30 17 4 51 12 37 53 32 12 46 33 37 18 14 21 36 40 30 53 35 32 24 57 61 44 38 32 51 65 49 76 60 56 40 54 43 34 19 36 63 37 65 60 49 27 44 36 23 40 65 41 69 61 52 31 32 12 19 58 23 51 58 41 16 40 18 48 17 46 47 31 8 28 29 20 39 27 18 18 40 36 58 34 35 30 44 73 75 61 36 57 40 36 24 67 64 47 58 32 26 
64 28 38 50 48 60 49 35 21 66 30 43 70 47 32 23 26 39 37 53 43 35 17 56 23 30 61 37 29 28 18 21 17 6 16 21 31 13 36 31 16 12 43 47 35 25 14 32 54 31 59 51 42 22 44 42 30 10 19 57 23 51 57 40 15 41 30 10 23 58 26 55 57 41 16 39 24 12 59 21 41 62 39 21 18 56 47 9 33 50 28 12 20 27 11 21 31 7 19 29 20 39 27 18 18 36 61 73 55 30 39 35 21 9 58 50 29 54 32 12 
42 27 10 9 4 28 27 38 30 21 22 14 28 9 31 40 20 17 14 34 36 50 43 17 36 19 26 19 43 53 37 40 30 42 62 66 21 57 55 16 39 59 39 44 21 32 49 60 32 51 62 23 40 49 26 4 16 36 43 19 34 44 12 22 34 7 18 38 46 23 38 49 16 27 36 21 38 35 12 26 25 17 7 31 48 47 58 38 33 9 19 42 67 20 58 49 21 39 62 28 62 61 22 45 64 20 39 27 18 18 53 13 36 55 31 45 50 11 15 37 
56 19 30 40 39 52 41 29 13 57 21 36 61 38 24 18 17 30 28 45 36 32 14 46 17 22 52 28 25 30 15 19 9 4 24 30 24 21 37 22 14 21 40 44 28 21 18 36 48 32 59 44 38 24 37 33 21 1 19 49 19 48 48 33 9 32 21 5 24 50 23 52 48 35 13 30 19 2 50 12 35 52 30 13 17 9 38 40 29 40 19 9 29 17 20 24 22 1 26 23 28 42 19 19 27 29 56 64 47 22 39 27 18 18 51 46 31 46 23 8 
71 38 23 41 37 60 53 52 34 54 36 21 62 40 45 45 23 40 35 60 56 59 43 50 41 17 58 40 51 21 14 13 30 33 48 42 13 34 21 22 16 42 11 15 12 8 25 27 22 18 32 22 10 20 13 30 23 27 16 32 10 19 36 13 19 26 18 24 16 30 8 23 34 11 16 43 44 27 44 27 12 51 29 36 46 33 33 29 79 41 22 38 50 26 43 20 35 29 52 7 38 28 16 19 44 13 29 52 29 19 20 21 12 37 27 18 18 34 28 21 
33 26 18 0 4 19 19 34 30 16 21 23 21 2 27 39 24 13 13 25 30 47 43 8 34 25 17 15 40 60 43 46 32 44 64 70 28 61 62 21 45 62 48 53 29 38 54 66 41 59 71 32 49 56 35 11 21 39 49 27 41 53 19 31 39 15 25 42 53 31 45 58 23 36 42 16 36 37 12 28 34 12 12 31 47 50 9 40 41 54 23 43 69 23 60 55 20 42 63 35 67 69 28 51 68 28 48 29 26 24 61 20 43 58 39 54 57 18 18 41 
48 16 11 23 20 39 31 30 15 39 13 18 45 21 22 27 1 18 13 37 33 40 27 31 22 6 38 17 32 37 19 23 13 23 43 47 10 37 41 3 21 40 32 37 14 17 31 44 35 37 55 28 32 32 24 14 2 17 26 31 18 40 29 19 15 13 5 19 30 33 23 45 30 23 19 20 25 16 31 8 22 35 12 17 31 28 19 19 22 23 36 25 48 3 39 32 12 20 44 15 43 47 6 28 45 14 43 45 29 4 41 8 20 36 36 39 35 27 6 18 
53 18 36 43 42 51 39 24 13 60 22 43 62 41 21 11 23 31 30 42 31 23 5 48 12 30 52 29 17 39 25 29 12 6 21 32 32 25 46 28 24 21 49 53 36 30 25 44 57 41 68 52 48 32 46 38 27 11 28 56 28 57 54 42 19 38 29 15 33 58 33 61 55 44 23 30 12 11 54 17 44 55 35 12 8 12 42 9 38 43 25 36 27 22 18 32 23 10 20 32 31 50 27 28 28 37 65 70 54 29 49 33 27 20 60 56 39 52 27 18 
79 45 59 69 68 78 66 49 39 86 49 64 89 67 48 36 46 58 56 69 58 43 30 75 38 50 79 56 40 37 36 37 37 25 6 14 51 16 45 51 33 8 59 62 54 44 25 38 72 42 71 71 57 33 62 62 50 30 34 77 41 67 77 59 34 61 50 30 36 77 42 69 77 60 35 57 39 32 79 41 60 81 60 39 28 20 67 29 50 69 48 27 36 47 9 33 50 28 12 48 17 46 47 31 8 56 79 94 75 50 50 56 38 13 77 65 40 75 52 32 
45 13 14 23 21 37 28 27 11 39 10 21 44 20 19 23 2 15 11 34 30 36 24 30 19 10 36 14 28 39 21 25 10 22 42 47 14 37 43 6 22 39 36 41 17 20 32 46 38 39 59 32 36 34 28 15 5 16 27 34 21 43 31 22 16 15 8 18 32 36 25 48 32 27 20 17 21 15 32 6 25 35 13 13 29 27 20 17 26 23 3 22 47 96 38 33 9 19 42 18 44 49 9 29 44 17 46 47 31 8 44 11 22 35 40 43 37 29 5 18 
71 36 50 60 59 69 57 41 30 77 39 55 80 58 39 28 37 49 47 60 49 36 21 66 30 42 70 46 32 34 29 31 28 16 4 16 43 14 42 42 27 4 53 56 46 36 21 37 66 38 67 63 52 29 55 53 41 21 28 69 34 61 69 51 26 53 41 21 31 69 36 64 68 53 27 48 30 23 70 32 53 72 51 30 20 11 58 20 43 60 39 18 9 38 35 29 40 19 9 40 18 45 38 26 10 48 72 85 66 42 46 47 31 8 69 59 37 66 43 24 
78 42 38 55 52 71 61 53 35 70 41 39 77 53 48 42 31 49 45 67 59 56 37 63 41 30 70 48 49 6 12 9 30 26 33 23 28 16 14 34 11 25 27 28 29 17 8 12 42 9 38 43 25 0 34 45 34 23 6 51 14 34 55 32 17 41 30 18 3 50 12 36 53 31 13 50 43 25 60 30 32 66 43 37 39 21 49 24 20 55 32 32 33 33 29 93 41 22 38 21 18 18 27 4 25 31 48 71 49 31 17 36 12 21 47 31 8 52 38 16 
36 6 19 20 20 30 20 19 10 36 1 27 39 17 11 19 12 8 7 25 20 30 22 25 14 19 30 6 22 47 29 34 13 25 44 52 22 43 52 14 30 43 45 50 26 29 38 54 46 48 68 38 45 42 36 17 12 21 35 38 29 52 34 30 24 20 17 25 40 41 34 57 36 35 28 8 16 19 31 11 33 32 15 11 27 31 21 22 35 20 12 23 50 9 40 41 94 23 43 27 50 58 18 37 49 26 54 48 36 16 53 17 30 40 46 52 46 31 8 25 
58 21 31 42 40 53 42 31 14 58 23 36 63 39 26 19 18 32 29 47 38 33 15 48 18 23 53 30 26 29 14 19 10 4 23 28 24 20 36 23 14 20 40 43 28 21 17 35 49 31 58 45 38 23 38 34 22 2 18 50 19 48 49 34 9 34 22 5 23 51 23 51 49 36 13 32 20 4 51 13 35 54 32 15 18 7 39 1 29 42 20 10 28 19 19 22 23 63 25 23 26 41 20 18 25 29 56 66 48 23 39 28 17 16 52 46 30 47 24 8 
69 38 56 63 63 69 57 39 33 80 42 62 82 61 39 27 42 51 50 59 48 31 21 68 30 48 71 49 30 44 37 40 32 21 6 24 50 23 52 48 35 14 62 65 53 45 30 46 74 48 77 70 61 38 63 58 47 27 37 75 42 70 74 59 34 58 47 29 41 76 45 73 74 61 36 49 30 28 74 36 60 75 55 32 18 19 62 26 52 63 44 20 12 42 9 38 43 25 16 48 27 54 45 36 18 55 81 90 73 48 56 53 40 17 77 68 46 71 47 31 
63 30 17 35 31 53 46 44 27 49 28 17 56 33 37 38 15 33 28 52 48 52 36 43 34 9 51 32 44 25 12 13 23 28 45 42 6 33 27 15 14 39 18 23 7 4 24 32 25 23 40 23 17 22 14 24 15 21 16 30 7 26 33 11 14 20 10 19 18 30 10 30 31 12 12 35 37 21 39 19 12 45 22 29 40 29 28 23 7 35 15 32 48 18 40 21 27 23 48 94 38 33 9 19 42 9 33 50 28 12 26 15 10 34 29 25 22 30 21 16 
84 47 53 67 64 80 69 55 41 83 49 55 88 65 52 43 42 58 55 73 63 53 36 74 43 44 80 56 48 20 26 25 37 26 21 4 43 6 28 46 23 13 45 46 45 33 13 21 60 25 53 60 43 18 51 58 46 28 21 68 30 52 70 49 28 56 44 25 21 67 30 53 69 49 26 58 44 30 74 39 49 79 55 41 36 20 62 28 38 67 43 31 17 44 18 18 50 26 27 38 18 29 40 19 9 47 66 87 66 44 33 50 28 12 65 49 24 68 49 25 
95 59 51 69 65 86 78 71 53 82 58 49 90 67 65 61 47 65 61 84 77 74 56 77 59 43 85 64 67 11 29 24 48 44 48 33 40 31 6 48 28 40 27 25 40 30 25 8 44 10 25 48 25 18 39 58 48 41 23 58 28 30 64 41 35 54 44 36 18 56 24 30 61 37 30 67 61 43 72 47 39 79 56 55 58 39 61 42 28 69 47 50 46 49 45 18 58 41 54 33 29 66 41 22 38 41 47 80 56 45 9 49 27 37 50 28 12 62 53 34 
54 22 12 28 24 44 37 36 19 43 19 16 49 26 28 31 6 24 19 43 39 44 30 35 26 3 43 23 36 32 15 18 16 24 43 44 5 35 35 6 17 38 27 31 9 11 27 38 31 31 49 25 26 28 20 17 6 17 21 30 13 34 30 15 13 15 3 17 25 31 17 39 30 18 14 26 29 16 34 11 17 39 15 21 34 27 22 19 16 28 6 27 47 9 38 27 18 20 45 9 40 41 100 23 43 10 39 47 27 4 35 9 15 34 33 34 30 28 12 15 
74 37 35 51 48 66 57 49 31 67 37 37 73 49 43 38 27 45 41 62 55 51 33 59 36 26 66 43 44 11 8 6 26 21 31 23 24 15 18 30 6 23 27 30 26 14 6 17 41 13 41 41 25 5 32 41 30 18 2 49 11 35 52 30 13 38 26 13 5 48 11 37 50 30 9 46 38 20 57 26 30 62 39 32 35 18 45 19 19 51 28 28 31 29 26 4 37 18 36 19 19 22 23 56 25 28 47 69 47 27 21 32 9 18 46 33 11 50 34 12 
81 45 55 68 66 78 67 51 39 84 48 59 88 65 49 38 43 57 55 70 59 47 31 74 40 47 79 55 43 29 30 31 36 24 12 6 46 9 37 48 28 6 53 54 49 38 19 30 66 34 63 65 50 25 57 59 47 28 27 72 35 59 74 54 30 58 46 26 29 72 36 62 73 54 30 57 40 30 76 39 54 80 57 39 30 18 64 27 44 68 45 28 8 44 10 25 49 25 18 42 9 38 43 25 24 51 73 90 70 47 42 52 33 9 71 57 33 71 50 28 
59 30 10 28 23 47 42 44 29 41 27 8 48 27 36 41 15 29 24 48 46 54 40 36 36 7 45 29 46 34 20 22 26 34 52 51 4 42 35 11 23 47 20 25 1 13 33 40 21 32 43 15 21 31 10 17 13 27 25 21 16 27 24 5 21 12 9 26 28 21 18 32 22 9 21 32 39 26 30 21 7 37 16 31 44 36 20 29 13 28 14 37 56 17 48 31 26 29 55 9 47 41 10 28 51 76 29 40 19 9 33 9 19 42 23 27 31 21 18 23 
82 59 35 48 44 68 66 73 58 53 55 27 62 49 65 70 44 55 50 73 74 83 69 56 65 36 65 55 75 47 43 42 55 61 77 71 33 63 42 40 45 71 20 21 29 36 54 51 8 42 32 16 23 48 19 40 41 54 45 23 38 16 32 24 47 35 38 52 44 18 37 18 27 20 45 58 68 54 43 50 21 52 40 60 73 61 39 56 29 48 43 65 79 46 72 48 54 56 81 33 66 47 39 47 73 29 67 41 22 38 38 36 41 66 9 19 42 32 46 49 
55 54 34 29 27 40 46 63 57 19 49 32 27 31 56 67 47 42 41 51 58 76 70 30 62 43 36 44 69 74 61 63 57 69 89 91 44 82 73 42 63 85 53 57 42 54 74 80 38 71 72 32 55 72 40 31 43 63 66 21 57 54 16 39 60 32 44 64 68 25 59 58 18 42 61 45 64 62 16 53 41 21 34 59 75 73 27 64 52 29 45 70 94 47 85 71 48 66 90 50 87 80 47 69 90 40 41 18 23 43 71 38 60 81 33 56 71 19 42 62 
60 43 17 26 22 45 45 55 43 31 38 11 40 27 47 55 30 35 31 52 54 67 56 33 50 24 42 36 59 51 39 40 42 52 71 70 23 61 50 25 42 66 30 33 20 32 52 57 17 48 50 8 32 49 16 20 26 45 44 2 35 32 9 16 40 16 25 45 46 5 36 36 5 18 40 39 52 44 20 37 17 29 21 45 61 55 18 47 29 26 29 54 75 31 66 49 36 48 73 28 66 56 27 47 70 19 22 23 38 25 47 20 38 61 13 33 47 9 29 42 
51 21 8 24 20 41 34 35 19 39 17 14 45 22 27 31 6 21 16 40 37 44 31 31 27 2 39 20 36 36 19 22 17 26 46 48 6 39 39 2 21 42 28 33 9 15 31 42 30 35 52 24 29 32 19 13 3 20 25 27 17 36 27 14 16 11 1 20 29 29 21 40 26 18 18 23 29 19 30 12 17 35 11 21 36 30 18 22 19 24 4 29 50 8 42 31 16 23 48 12 44 45 4 27 47 9 38 43 25 85 38 5 19 38 32 35 33 24 9 19 
89 55 43 61 57 80 72 68 49 74 53 41 82 60 61 58 41 59 54 78 73 72 54 70 56 36 78 58 65 12 25 20 44 42 51 38 33 33 4 41 25 43 18 16 32 24 25 13 35 8 21 39 16 17 31 50 42 38 20 49 23 21 56 32 31 46 37 34 16 47 18 21 52 29 26 61 58 40 63 43 30 71 49 51 57 39 53 39 20 61 41 49 50 44 46 17 53 39 56 26 33 9 35 21 42 33 38 71 47 38 58 41 22 38 40 19 9 54 47 31 
49 23 3 20 16 38 32 37 23 34 19 10 41 18 28 35 10 20 15 39 38 47 35 28 30 6 36 20 39 40 24 27 21 31 51 53 8 44 42 4 26 47 29 34 10 19 36 47 28 38 53 21 30 36 18 9 6 25 30 22 21 36 21 13 22 6 6 26 33 24 25 41 21 18 24 23 32 24 24 16 16 30 7 25 40 35 13 27 21 20 8 33 56 11 47 36 17 28 53 15 50 49 9 32 52 9 36 38 20 5 41 81 23 43 29 36 37 19 9 24 
67 32 26 43 39 59 50 45 26 58 31 27 64 41 38 36 19 37 33 56 50 50 32 50 33 17 58 36 42 17 3 3 22 22 36 32 15 23 21 21 4 30 22 26 17 5 14 24 34 17 40 32 21 13 24 32 21 16 6 40 2 30 43 21 8 29 18 12 10 40 5 34 41 21 4 39 35 17 48 20 21 54 30 28 36 21 36 18 12 43 20 27 38 22 31 12 30 17 40 10 28 27 15 9 33 19 41 60 38 19 22 23 38 25 38 29 15 40 26 9 
73 37 46 58 56 69 58 44 30 75 39 50 79 56 41 31 34 48 46 62 52 41 24 65 31 38 70 46 36 26 22 24 26 15 12 12 38 6 34 39 20 4 46 49 41 30 13 29 59 30 59 57 44 21 49 50 38 18 20 64 27 54 65 46 21 49 37 17 23 64 29 56 64 47 21 48 32 20 67 30 47 70 48 30 24 9 55 18 37 58 36 20 13 35 8 21 40 16 17 34 12 37 34 18 9 42 66 81 61 38 38 43 25 19 63 52 29 62 40 19 
73 52 27 39 35 59 58 65 51 44 48 19 53 40 57 63 38 46 42 65 66 76 63 47 59 30 56 47 68 47 40 40 49 56 74 70 27 61 44 33 43 68 22 24 23 33 52 52 5 43 38 8 24 47 14 31 35 50 43 14 36 21 23 18 43 27 31 48 43 9 35 25 18 16 41 50 61 49 34 44 16 43 32 53 67 58 31 51 27 39 36 60 77 40 69 47 46 52 77 29 65 50 33 46 71 23 9 33 13 32 40 29 38 63 83 23 43 22 38 45 
86 56 36 54 49 74 69 70 52 64 53 31 72 53 62 63 40 56 51 76 73 77 61 62 60 33 71 56 69 29 32 28 48 51 64 54 29 48 23 38 33 57 7 3 26 26 39 32 18 24 17 25 8 32 19 43 39 45 31 35 27 2 43 23 37 38 34 41 28 31 24 5 39 18 33 59 62 45 52 45 20 61 43 54 64 50 45 46 18 54 39 56 65 43 59 31 52 46 68 25 49 28 34 33 57 27 19 56 33 35 19 36 29 52 23 45 25 41 45 38 
83 47 40 57 53 74 66 60 41 72 46 39 78 56 53 49 35 53 49 72 65 63 45 65 47 31 73 52 56 4 17 12 36 33 41 29 29 24 6 36 16 33 21 22 29 18 16 9 38 1 30 40 19 8 31 46 37 30 11 50 16 27 54 31 23 43 32 25 6 48 12 29 52 28 18 55 49 31 61 35 30 68 45 43 47 29 50 31 18 57 35 39 40 37 37 8 46 30 46 22 24 12 30 11 33 31 42 71 47 33 9 37 15 29 43 25 77 52 41 22 
51 38 15 18 14 36 37 49 40 22 33 13 31 19 42 51 29 28 25 44 47 61 53 24 46 24 33 30 54 56 42 43 40 50 71 72 25 63 56 23 44 66 37 41 23 35 55 62 26 53 58 17 38 53 23 14 24 44 47 9 38 40 2 21 41 13 25 45 49 14 40 45 5 25 42 32 48 43 11 35 23 20 16 42 58 54 11 46 34 18 27 52 75 29 66 52 31 47 71 30 68 62 28 50 71 21 32 19 9 24 54 19 40 62 22 41 52 47 25 43 
42 14 11 18 16 32 25 27 15 34 9 19 39 15 19 26 7 11 7 31 28 38 28 25 21 11 31 11 30 43 25 29 15 27 47 52 15 43 47 6 27 44 38 42 18 23 37 50 38 43 61 30 38 38 28 11 5 21 32 31 24 45 27 22 21 12 10 24 36 33 29 49 29 27 25 14 23 20 27 10 25 30 8 16 32 32 15 23 28 18 6 27 52 5 43 38 8 24 47 21 49 53 12 34 50 18 46 42 29 9 47 9 26 40 38 45 41 25 87 23 
62 25 27 41 38 55 45 37 19 57 25 31 63 39 31 27 16 33 30 50 43 40 23 48 24 19 55 31 33 23 6 11 14 12 29 29 19 19 29 20 6 23 32 35 22 13 13 29 42 24 50 39 30 17 31 32 20 7 11 45 11 40 46 27 2 30 18 3 16 45 14 43 45 29 5 34 26 8 49 14 28 53 30 20 26 12 37 8 21 41 18 18 32 18 24 16 25 8 31 16 25 34 15 12 28 23 49 62 42 19 31 24 9 19 45 38 22 43 23 50 
