105 15
5 29 15 24 28 32 28 16 29 19 7 10 6 23 28 16 26 30 32 29 17 29 21 5 11 9 25 41 45 49 58 52 42 57 31 32 18 25 41 40 44 48 44 33 44 32 15 12 19 38 54 55 53 41 50 44 21 24 30 49 59 57 45 54 47 25 26 34 53 60 49 61 44 32 24 33 52 45 56 44 27 23 31 51 45 33 16 12 20 39 38 31 20 29 47 14 25 28 43 9 1 19 17 24 30 
29 57 21 31 31 19 24 21 11 39 26 40 34 33 2 23 33 33 22 26 23 13 41 27 41 35 36 16 26 30 32 29 17 29 21 5 11 9 25 38 39 33 34 26 25 40 17 32 30 39 52 44 46 38 36 51 25 40 40 51 47 49 40 40 52 25 39 40 52 45 34 39 41 14 25 28 44 35 37 45 18 32 33 46 26 40 16 32 30 39 32 6 18 20 36 34 50 47 53 37 30 28 45 43 42 
15 21 33 12 14 16 12 1 16 17 19 24 16 13 19 2 14 17 17 14 3 15 19 17 24 16 15 28 30 34 44 38 29 45 16 26 12 14 26 26 30 32 29 17 29 21 5 11 9 25 41 40 38 27 35 34 7 19 21 37 44 42 31 39 36 11 19 22 40 45 33 46 30 18 10 18 37 30 41 31 12 12 18 37 30 22 5 11 9 26 23 20 5 13 32 13 29 26 35 24 15 8 27 22 22 
24 31 12 53 4 17 10 11 22 14 30 30 21 4 28 9 2 5 16 9 9 20 14 28 29 20 5 32 28 32 45 38 33 48 15 36 23 22 24 16 20 28 22 13 28 9 17 14 5 14 30 32 29 17 29 21 5 11 9 25 37 33 21 33 23 6 9 10 28 39 29 44 20 21 6 12 29 24 38 19 14 1 7 26 29 10 16 13 4 15 15 27 13 14 25 14 25 19 23 32 24 5 29 15 11 
28 31 14 4 60 15 7 13 21 18 33 35 26 8 28 12 4 2 13 6 11 19 18 31 34 24 8 30 25 28 42 35 30 46 12 36 25 22 21 12 16 24 18 9 25 9 19 18 9 10 26 28 25 13 25 20 7 15 9 22 32 29 17 29 21 5 11 9 25 35 25 40 16 19 5 8 25 19 34 16 12 6 3 22 26 9 18 17 8 11 11 26 14 12 21 18 29 22 22 37 28 8 33 19 13 
32 19 16 17 15 65 7 15 8 30 34 41 32 21 17 16 19 17 2 9 15 6 31 32 41 32 23 15 13 17 28 21 15 31 2 24 19 11 9 18 20 16 15 7 12 24 17 27 19 20 32 26 27 19 19 33 14 29 25 31 30 30 20 23 33 11 26 23 33 29 17 29 21 5 11 9 25 16 24 26 4 19 15 27 13 24 16 26 19 20 13 13 12 3 17 28 42 36 36 41 32 18 43 33 28 
28 24 12 10 7 7 58 11 13 23 31 36 27 14 21 11 11 10 6 2 10 11 24 30 36 27 15 22 19 23 35 28 23 38 5 29 20 14 15 15 18 20 16 4 19 17 15 21 12 15 29 27 26 15 22 27 7 21 17 27 31 30 19 26 28 3 19 16 29 32 21 35 18 12 4 6 25 17 29 21 5 11 9 25 20 17 14 20 12 15 11 19 9 4 19 21 35 29 30 37 28 11 37 25 21 
16 21 1 11 13 15 11 35 15 18 20 25 17 13 19 2 14 16 16 13 2 15 19 18 25 17 15 27 29 33 43 37 28 44 15 26 12 13 25 25 29 31 28 16 28 21 5 12 9 24 40 39 37 26 34 33 6 19 20 36 43 41 30 38 35 10 18 22 39 44 32 45 29 17 9 17 36 29 40 30 10 11 17 36 29 21 5 11 9 25 22 19 4 12 30 14 29 26 34 26 16 7 27 22 22 
29 11 16 22 21 8 13 15 59 33 29 40 32 25 8 17 24 23 10 16 17 2 35 29 40 32 27 12 17 21 28 23 13 28 10 16 13 4 15 26 28 23 23 15 16 30 14 28 23 28 40 34 35 27 26 41 17 33 31 40 37 38 29 30 41 16 31 30 41 35 24 32 30 4 16 17 33 24 29 34 8 23 22 35 17 30 13 27 22 28 21 5 11 9 25 29 45 40 43 38 30 21 43 37 34 
19 39 17 14 18 30 23 18 33 43 26 20 13 10 37 16 14 18 30 23 16 32 2 24 18 10 10 45 42 46 59 52 45 61 28 44 28 31 38 29 33 43 37 27 43 16 22 7 10 26 40 46 42 30 44 26 16 6 14 34 50 46 35 48 30 20 9 19 38 54 44 59 32 33 19 27 42 38 52 29 26 12 21 38 43 17 22 7 11 27 29 37 22 27 40 5 11 9 25 24 18 12 16 5 12 
7 26 19 30 33 34 31 20 29 26 10 15 14 29 26 21 32 35 35 33 22 30 29 2 17 16 31 41 46 50 57 52 42 56 34 28 16 25 43 45 49 50 48 36 45 38 16 19 25 44 60 59 57 46 53 50 26 31 37 55 63 61 50 57 53 30 33 40 58 63 51 62 49 32 29 37 56 49 58 49 29 29 37 56 46 39 17 20 26 45 42 29 22 31 50 21 33 35 50 11 9 25 23 32 37 
10 40 24 30 35 41 36 25 40 20 15 23 9 28 39 25 32 36 42 37 26 40 22 14 2 10 29 52 54 59 68 62 53 68 40 43 28 36 50 47 51 57 53 41 54 36 25 16 25 44 60 63 60 48 59 47 29 26 34 54 67 64 52 63 50 33 30 38 58 69 58 71 51 42 32 42 60 54 66 49 36 29 38 57 55 37 26 17 26 45 46 41 29 38 55 17 21 27 45 5 9 26 9 25 33 
6 34 16 21 26 32 27 17 32 13 14 9 18 19 33 16 23 27 33 28 17 31 15 12 8 2 21 44 46 50 60 54 45 60 31 38 22 28 42 38 42 48 43 32 45 28 18 7 16 35 51 54 51 39 50 39 20 18 26 45 58 55 43 54 42 24 22 30 49 60 49 62 42 34 23 32 51 44 57 40 28 20 29 48 46 29 18 8 17 36 36 34 21 29 46 9 19 21 38 11 5 17 11 18 25 
23 33 13 4 8 21 14 13 25 10 29 28 19 50 31 10 4 8 20 13 10 24 10 27 26 17 2 36 33 36 50 42 37 52 19 39 25 25 28 19 24 32 26 17 33 9 18 11 4 16 32 36 32 20 33 21 8 7 8 26 40 36 25 37 24 10 5 11 30 43 33 48 23 25 10 16 32 27 42 21 18 2 11 29 34 10 18 10 3 17 19 30 15 18 29 10 21 15 21 30 22 5 25 11 9 
28 2 19 28 28 17 21 19 8 37 26 39 33 31 59 21 31 31 19 24 21 11 39 26 40 34 33 15 24 28 32 28 16 29 19 7 10 6 23 35 37 31 32 23 23 38 15 31 28 36 49 42 44 36 34 49 23 38 38 48 45 47 38 38 49 23 37 38 50 43 32 38 38 12 23 25 41 33 36 43 16 29 30 44 24 38 15 30 28 37 30 4 16 17 33 33 48 45 51 37 30 26 44 41 40 
16 23 2 9 12 16 11 2 17 16 21 25 16 10 21 30 12 14 16 12 1 16 17 19 24 16 13 29 29 34 45 38 30 46 15 28 14 15 25 24 28 32 28 16 29 19 7 10 6 23 39 39 37 25 34 31 5 17 18 34 43 41 29 38 33 9 16 20 37 44 33 46 28 18 8 17 36 29 41 29 11 9 16 35 30 19 7 9 7 24 21 21 6 13 30 12 27 24 32 25 16 5 26 20 20 
26 33 14 2 4 19 11 14 24 14 32 32 23 4 31 12 49 4 17 10 11 22 14 30 30 21 4 34 29 33 46 39 34 50 16 38 26 24 25 15 19 28 22 13 29 7 19 15 7 12 28 32 28 16 29 19 7 10 6 23 36 32 20 33 21 8 7 8 26 39 29 45 19 23 8 13 28 23 38 17 16 3 6 25 30 7 19 14 6 13 15 29 15 16 25 14 25 17 20 34 26 7 30 15 9 
30 33 17 5 2 17 10 16 23 18 35 36 27 8 31 14 4 56 15 7 13 21 18 33 35 26 8 32 26 29 43 36 32 47 14 38 27 24 22 11 15 25 18 11 26 7 21 19 10 8 24 27 23 12 25 18 9 14 8 20 32 28 16 29 19 7 10 6 23 35 25 41 14 22 8 9 24 19 34 14 15 6 2 21 27 7 21 18 9 9 11 28 16 14 21 19 28 21 20 38 29 10 34 18 12 
32 22 17 16 13 2 6 16 10 30 35 42 33 20 19 16 17 15 64 7 15 8 30 34 41 32 21 16 13 17 29 22 17 32 1 27 21 13 8 16 17 15 13 4 12 22 18 27 19 17 29 24 25 16 18 31 13 27 23 29 28 28 18 22 31 9 25 21 30 28 16 29 19 7 10 6 23 14 24 24 5 17 13 24 13 22 17 26 18 18 10 16 12 3 15 28 41 35 34 42 33 17 43 32 27 
29 26 14 9 6 9 2 13 16 23 33 37 28 13 24 12 10 7 7 56 11 13 23 31 36 27 14 24 19 23 36 29 24 40 6 31 22 17 15 12 16 20 15 4 19 15 17 21 12 12 27 26 24 13 21 25 7 20 15 25 30 28 17 26 25 3 17 14 27 32 21 35 16 14 4 4 23 16 29 19 7 10 6 23 20 15 16 20 11 13 9 21 11 6 18 21 34 27 27 38 29 11 37 24 19 
17 23 3 9 11 15 10 2 17 16 22 26 17 10 21 1 11 13 15 11 33 15 18 20 25 17 13 28 28 32 44 37 29 45 14 28 14 15 24 23 27 31 27 15 28 18 8 11 6 22 38 37 36 24 33 30 4 17 18 33 42 39 28 37 32 8 16 19 36 43 32 45 27 17 7 16 35 28 39 28 10 9 15 34 29 19 7 10 6 23 20 21 5 12 29 12 28 24 32 27 17 5 27 20 19 
29 13 15 20 19 6 11 15 2 32 30 40 31 24 11 16 22 21 8 13 15 59 33 29 40 32 25 12 16 20 28 23 13 29 8 18 14 6 13 24 26 21 21 12 15 28 14 27 21 25 38 32 33 24 24 39 16 31 28 37 35 36 26 28 39 14 29 28 39 33 22 32 27 2 14 14 31 22 28 32 6 21 20 33 16 28 13 26 21 26 19 7 10 6 23 28 43 39 41 39 30 20 42 35 32 
21 41 19 14 18 31 24 19 35 2 29 22 15 10 39 17 14 18 30 23 18 33 38 26 20 13 10 46 43 47 60 53 46 62 29 46 31 33 39 29 33 43 37 27 43 15 24 10 12 25 39 45 41 30 44 24 17 4 13 32 50 45 34 48 28 20 8 17 36 53 44 59 32 35 20 27 42 38 52 28 27 13 21 37 44 16 24 10 12 26 29 39 23 28 39 7 10 6 23 26 20 13 17 3 10 
5 27 17 28 31 32 30 18 29 24 2 14 12 27 26 19 30 33 34 31 20 29 26 15 15 14 29 40 45 49 57 52 41 56 32 29 16 24 42 43 47 49 46 34 44 36 15 17 23 42 58 57 56 44 52 48 24 29 35 53 61 60 48 56 51 28 31 38 56 62 50 61 47 32 27 36 55 47 57 47 28 27 35 54 46 37 16 17 24 43 40 29 21 30 49 19 31 33 48 10 6 23 21 30 35 
11 41 24 29 34 41 36 25 40 18 17 2 8 26 40 24 30 35 41 36 25 40 20 15 21 9 28 52 54 58 69 62 53 68 40 44 29 36 50 46 50 56 52 40 54 34 25 15 24 43 58 62 59 47 58 45 28 24 33 52 66 63 51 62 48 33 28 37 56 68 57 71 49 42 32 41 59 53 65 47 36 28 37 56 55 35 26 16 25 44 45 42 29 38 54 15 19 25 43 7 10 25 6 23 31 
9 35 16 20 24 32 27 17 32 10 16 10 2 17 34 16 21 26 32 27 17 32 13 14 9 13 19 45 45 50 61 54 45 61 31 39 24 29 41 37 41 47 43 31 45 26 18 6 15 34 49 53 49 38 49 37 19 16 24 43 57 54 42 53 40 24 20 28 47 59 48 62 40 34 23 32 50 44 56 38 28 19 28 47 46 27 19 7 16 35 35 35 21 29 45 7 16 19 36 13 7 16 10 16 23 
25 36 15 5 8 23 15 15 27 10 31 29 21 2 33 13 4 8 21 14 13 25 10 29 28 19 46 38 33 37 51 43 38 54 20 41 27 27 29 18 23 33 26 18 34 7 21 13 6 15 30 35 31 20 33 18 10 6 5 24 40 35 24 37 21 12 3 9 28 43 34 49 22 27 11 17 32 27 42 19 19 4 10 28 34 8 20 12 6 16 19 32 17 20 29 12 20 13 19 32 24 7 26 10 6 
41 16 28 32 30 15 22 27 12 45 41 52 44 36 15 29 34 32 16 24 28 12 46 40 52 45 38 43 12 14 16 12 1 16 17 19 24 16 13 31 31 19 24 21 11 39 26 40 34 33 42 31 36 31 23 48 28 44 40 44 34 37 31 25 47 26 41 38 44 29 20 23 33 11 26 23 32 24 22 39 18 34 30 37 11 39 25 39 33 34 25 11 23 18 24 41 56 51 51 51 42 32 55 48 43 
45 26 30 28 25 13 19 29 17 42 46 54 46 33 24 29 29 26 13 19 28 16 43 45 54 45 33 12 62 4 17 10 11 22 14 30 30 21 4 21 20 7 12 15 1 33 30 40 32 25 31 19 24 21 11 39 26 40 34 33 21 25 20 13 37 22 36 31 33 18 8 16 23 13 23 16 20 12 12 30 18 30 24 26 1 32 29 39 31 25 17 20 25 16 12 41 54 47 43 54 45 30 56 44 38 
49 30 34 32 28 17 23 33 21 46 50 59 50 36 28 34 33 29 17 23 32 20 47 49 58 50 37 14 4 62 15 7 13 21 18 33 35 26 8 23 21 6 13 19 4 36 34 44 36 27 31 18 23 23 9 41 30 43 37 34 19 24 21 11 39 26 40 34 33 15 6 12 24 17 27 20 19 13 7 31 22 34 27 26 3 35 33 43 35 27 19 23 29 20 12 45 57 50 45 58 49 34 60 48 41 
58 32 44 45 42 28 35 43 28 59 57 68 60 50 32 45 46 43 29 36 44 28 60 57 69 61 51 16 17 15 39 7 15 8 30 34 41 32 21 38 36 21 29 32 17 50 43 55 48 42 45 31 37 38 24 56 43 57 51 50 31 37 36 23 54 39 54 49 48 24 21 11 39 26 40 34 33 28 16 46 33 47 41 40 16 50 42 55 47 42 34 28 39 32 27 57 71 64 60 67 59 47 71 61 55 
52 29 38 38 35 21 28 37 23 52 52 62 54 42 28 38 39 36 22 29 37 23 53 52 62 54 43 12 10 7 7 48 11 13 23 31 36 27 14 31 29 14 21 25 9 43 37 49 41 35 38 25 31 30 17 49 36 50 44 42 25 31 29 17 47 32 46 41 41 19 14 10 32 20 33 26 27 21 11 39 26 40 34 33 9 42 36 48 40 34 27 23 33 25 20 50 64 57 52 62 53 40 65 54 48 
42 17 29 33 30 15 23 28 13 45 42 53 45 37 16 30 34 32 17 24 29 13 46 41 53 45 38 1 11 13 15 11 43 15 18 20 25 17 13 31 31 19 23 21 10 39 27 41 34 34 42 31 35 31 22 48 29 44 40 44 33 36 31 24 47 26 42 38 44 28 19 21 33 11 27 23 32 24 21 39 19 34 30 37 11 39 26 40 34 33 25 12 24 18 23 42 57 52 51 52 43 33 56 48 44 
57 29 45 48 46 31 38 44 28 61 56 68 60 52 29 46 50 47 32 40 45 29 62 56 68 61 54 16 22 21 8 13 15 22 33 29 40 32 25 44 42 28 35 36 21 54 42 56 50 47 52 38 44 43 31 61 45 60 55 56 39 44 42 31 60 42 57 53 55 32 28 19 45 27 42 38 41 34 24 52 35 50 45 47 21 54 42 56 50 47 39 26 40 34 33 58 73 67 65 66 58 49 72 64 59 
31 21 16 15 12 2 5 15 10 28 34 40 31 19 19 15 16 14 1 6 14 8 29 32 40 31 20 17 14 18 30 23 18 33 78 26 20 13 10 16 18 16 14 4 14 21 17 25 17 17 30 25 25 16 19 31 12 26 22 29 29 29 18 23 31 8 24 20 30 29 17 31 19 7 9 6 24 15 25 24 4 16 13 25 15 21 16 24 17 18 11 15 11 2 16 26 40 34 33 41 31 16 41 30 26 
32 5 26 36 36 24 29 26 16 44 28 43 38 39 7 28 38 38 27 31 28 18 46 29 44 39 41 19 30 33 34 31 20 29 26 53 15 14 29 43 44 37 39 31 29 45 21 37 35 44 57 49 51 43 40 56 31 45 45 56 51 53 45 43 57 31 44 45 57 48 38 41 46 19 31 33 48 40 41 50 24 37 38 51 30 45 21 36 35 44 38 11 23 25 40 39 54 52 59 40 34 33 49 48 48 
18 11 12 23 25 19 20 12 13 28 16 28 22 25 10 14 26 27 21 22 14 14 31 16 29 24 27 24 30 35 41 36 25 40 20 15 80 9 28 35 38 36 35 24 30 33 6 21 21 35 49 46 46 36 39 45 18 31 32 47 49 49 38 43 47 20 31 34 49 48 37 46 39 17 19 25 44 36 43 41 16 24 28 45 31 33 7 21 21 35 30 13 11 18 37 24 39 37 46 26 19 20 34 33 34 
25 9 14 22 22 11 14 13 4 31 25 36 28 25 6 15 24 24 13 17 15 6 33 24 36 29 27 16 21 26 32 27 17 32 13 14 9 68 19 29 31 27 27 17 21 31 10 25 21 30 43 38 39 29 30 42 17 32 31 42 41 42 32 34 43 16 30 31 44 39 28 37 32 8 16 19 36 28 33 36 9 23 24 38 22 31 9 25 21 30 24 6 9 11 29 27 43 39 44 34 26 20 40 35 33 
41 25 26 24 21 9 15 25 15 38 43 50 42 28 23 25 25 22 8 15 24 13 39 42 50 41 29 13 4 8 21 14 13 25 10 29 28 19 67 18 17 8 10 11 4 29 26 36 27 21 29 19 22 18 11 35 22 36 30 31 22 24 18 15 34 18 32 27 31 20 9 20 20 11 19 12 19 11 15 26 14 26 20 24 5 28 25 35 27 21 13 18 21 12 11 36 50 43 39 51 41 26 52 40 34 
40 38 26 16 12 18 15 25 26 29 45 47 38 19 35 24 15 11 16 12 23 24 29 43 46 37 18 31 21 23 38 31 31 44 16 43 35 29 18 24 4 17 10 11 22 14 30 30 21 4 14 16 12 1 16 17 19 24 16 13 21 17 5 20 16 15 20 12 14 25 18 33 4 23 16 9 13 10 26 8 19 18 9 10 22 13 29 29 20 3 5 32 24 18 12 30 38 30 21 49 40 21 45 28 20 
44 39 30 20 16 20 18 29 28 33 49 51 42 24 37 28 19 15 17 16 27 26 33 47 50 41 23 31 20 21 36 29 31 42 18 44 38 31 17 4 29 15 7 13 21 18 33 35 26 8 12 12 8 3 13 20 22 29 20 13 16 12 1 16 17 19 24 16 13 21 15 31 2 25 20 12 8 8 23 10 22 22 13 7 21 17 32 34 24 7 7 33 27 20 9 34 43 34 24 53 44 25 49 32 24 
48 33 32 28 24 16 20 31 23 43 50 57 48 32 31 32 28 25 15 20 31 21 43 49 56 47 33 19 7 6 21 14 19 28 16 37 36 27 8 17 15 33 7 15 8 30 34 41 32 21 24 12 17 17 3 35 27 39 32 28 14 17 14 7 32 23 35 28 27 12 1 16 17 19 24 16 13 7 9 25 21 30 22 19 7 30 32 40 31 21 14 26 28 19 5 42 53 46 39 57 48 31 57 43 36 
44 34 29 22 18 15 16 28 23 37 48 53 43 26 32 28 22 18 13 15 27 21 37 46 52 43 26 24 12 13 29 21 23 35 14 39 35 27 10 10 7 7 25 11 13 23 31 36 27 14 18 11 12 9 6 27 23 33 25 21 15 14 7 11 25 19 29 21 20 16 8 23 10 19 20 10 9 1 16 17 19 24 16 13 13 22 30 35 26 13 7 28 25 17 2 36 47 39 31 54 44 26 52 37 29 
33 26 17 13 9 7 4 16 15 27 36 41 32 17 23 16 13 11 4 4 15 12 27 34 40 31 18 21 15 19 32 25 21 36 4 31 24 17 11 11 13 15 11 2 15 18 20 25 17 13 26 22 22 12 17 26 12 24 19 24 26 25 14 21 26 7 21 16 26 28 16 31 15 12 8 2 20 12 25 19 8 14 9 21 16 17 19 24 16 13 6 20 14 6 14 26 38 31 29 42 33 15 41 28 23 
44 25 29 28 25 12 19 28 16 43 45 54 45 33 23 29 29 26 12 19 28 15 43 44 54 45 34 11 1 4 17 9 10 21 14 29 30 21 4 22 21 8 13 15 33 33 29 40 32 25 32 20 25 22 12 40 26 40 34 34 23 26 21 14 38 22 37 32 34 19 9 16 23 12 23 17 21 13 12 30 17 30 24 27 1 33 28 39 31 25 17 19 24 16 13 40 54 47 43 54 45 30 56 44 38 
32 40 21 9 9 24 17 21 30 16 38 36 28 9 38 19 7 7 22 15 18 28 15 36 34 26 7 39 33 36 50 43 39 54 21 45 33 31 29 14 18 30 23 18 33 35 26 20 13 10 24 31 25 15 30 12 14 10 1 17 35 30 19 34 14 14 6 2 21 39 31 47 16 29 14 16 27 24 40 12 22 9 9 22 34 1 26 19 12 11 16 36 22 22 26 19 24 16 13 39 31 13 32 14 5 
15 17 5 17 19 17 15 5 14 22 16 25 18 18 15 7 19 21 18 17 8 14 24 15 25 18 21 26 30 34 43 37 27 42 17 21 6 10 26 30 33 34 31 20 29 26 38 15 14 29 44 42 42 31 36 39 12 24 26 41 46 45 34 40 40 14 24 27 44 46 35 46 34 16 13 21 40 32 42 35 12 17 22 40 30 27 1 15 14 30 26 16 6 14 34 17 33 31 40 24 16 13 29 27 27 
12 32 11 14 18 27 21 12 28 7 19 16 7 11 31 10 15 19 27 21 11 27 10 17 15 6 13 40 40 44 55 49 41 56 25 37 21 25 36 30 35 41 36 25 40 20 15 49 9 28 43 47 43 32 43 31 13 12 19 38 51 47 36 47 35 18 14 22 41 53 42 56 34 29 16 25 43 37 50 32 22 12 21 40 41 21 16 1 10 29 29 31 16 24 39 2 17 17 31 19 11 10 16 13 18 
19 30 9 5 9 19 12 9 23 10 25 25 16 4 28 6 7 10 19 12 6 21 12 23 24 15 6 34 32 36 48 41 34 50 17 35 21 21 27 21 26 32 27 17 32 13 14 9 32 19 35 37 34 22 34 25 5 10 12 30 42 38 27 38 28 9 9 14 33 44 34 48 25 23 8 16 34 28 42 24 15 4 12 32 33 14 14 8 1 20 20 27 12 16 30 9 22 17 26 27 19 1 24 14 13 
38 39 25 14 10 20 15 24 28 26 44 44 35 16 36 23 12 8 17 12 22 25 25 42 43 34 15 33 25 27 42 35 34 47 17 44 35 30 21 4 8 21 14 13 25 10 29 28 19 26 16 20 15 5 20 14 17 20 12 12 25 20 9 24 13 14 16 7 14 29 22 38 6 25 15 11 16 14 30 6 20 15 7 12 26 9 28 27 18 1 8 33 23 19 16 27 35 26 17 47 38 19 42 24 16 
54 52 41 30 26 32 29 40 40 40 60 60 51 32 49 39 28 24 29 27 38 38 39 58 58 49 30 42 31 31 45 38 42 52 30 57 49 43 29 14 12 24 18 26 32 24 44 43 35 16 8 15 7 13 21 18 33 35 26 8 17 10 11 22 14 30 30 21 4 25 24 37 10 37 31 24 11 18 30 11 34 31 23 5 32 23 44 42 34 15 19 45 39 32 18 42 47 38 22 62 54 35 56 38 29 
55 44 40 32 28 26 27 39 34 46 59 63 54 36 42 39 32 27 24 26 37 32 45 57 62 53 35 31 19 18 31 25 31 38 25 49 46 38 19 16 12 12 11 22 20 31 42 47 37 20 15 35 7 15 8 30 34 41 32 21 4 6 11 7 27 29 37 28 19 10 11 22 14 30 30 21 4 10 15 21 30 34 25 11 20 30 41 45 36 19 17 38 36 28 9 46 55 47 35 64 55 37 62 45 37 
53 46 38 29 25 27 26 37 35 42 57 60 51 32 44 37 28 23 25 24 36 33 41 56 59 49 31 36 24 23 37 31 35 44 25 51 46 39 22 12 8 17 12 22 25 25 42 43 34 15 7 7 20 11 13 23 31 36 27 14 10 4 7 14 20 27 32 23 11 17 16 29 9 31 28 20 3 11 22 14 30 30 21 4 24 24 41 42 33 14 15 40 36 28 11 43 50 41 28 62 53 34 58 40 31 
41 38 27 17 13 19 15 26 27 30 46 48 39 20 36 25 16 12 16 13 24 24 30 44 47 38 20 31 21 23 38 30 31 43 16 43 36 29 18 1 3 17 9 12 22 15 31 32 22 5 13 15 11 23 15 18 20 25 17 13 20 15 4 19 16 16 21 13 14 24 17 33 3 24 17 10 12 10 25 8 20 19 10 9 22 14 30 30 21 4 5 32 25 18 11 31 40 31 22 50 41 22 46 29 21 
50 36 35 29 25 19 22 34 26 44 53 59 50 33 34 34 29 25 18 21 33 24 44 52 58 49 33 23 11 9 24 17 22 31 19 40 39 30 11 16 13 3 6 17 12 30 36 43 34 20 21 8 13 15 44 33 29 40 32 25 11 14 13 4 31 25 36 28 24 10 3 17 16 22 26 17 10 6 10 23 23 31 23 16 11 29 35 42 33 20 14 30 30 21 4 43 54 46 37 60 50 33 59 44 36 
44 51 34 21 20 33 27 33 41 26 50 47 39 21 49 31 19 18 31 25 30 39 24 48 45 37 18 48 39 41 56 49 48 61 31 56 45 42 35 17 20 35 27 26 40 12 39 31 25 14 18 30 23 18 33 28 26 20 13 10 34 27 20 36 4 25 17 11 14 40 35 51 17 39 26 24 26 28 43 10 33 21 18 19 40 11 38 31 24 14 22 46 34 32 29 30 30 21 4 50 43 26 41 22 14 
21 25 7 5 7 14 7 6 17 16 26 29 20 8 23 5 7 9 13 7 4 16 17 24 28 19 10 28 26 30 43 36 29 45 12 31 18 17 22 19 22 27 23 12 26 14 12 13 5 17 33 34 31 20 29 26 60 15 14 29 38 35 24 33 28 4 13 15 32 40 29 43 23 17 3 12 31 24 37 23 10 6 10 29 27 15 11 12 5 18 16 22 7 10 26 14 28 23 28 30 21 4 29 19 17 
24 40 19 11 15 29 21 19 33 6 31 26 18 7 38 17 10 14 27 20 17 31 4 29 24 16 6 44 40 43 57 50 44 60 26 45 31 32 36 24 29 39 33 24 40 10 24 12 10 20 35 41 36 25 40 20 15 61 9 28 45 41 30 44 24 18 4 13 32 49 40 55 27 33 17 23 37 34 49 23 25 10 17 33 41 12 24 11 10 22 25 37 22 26 35 10 14 7 19 30 23 11 21 4 6 
30 40 21 9 9 25 17 20 31 14 37 34 26 8 38 18 6 8 23 15 18 28 13 35 33 24 5 40 34 37 51 44 40 55 22 45 32 31 30 16 20 32 25 19 34 1 26 19 12 12 26 32 27 17 32 13 14 9 43 19 37 32 21 36 16 14 4 4 23 41 33 48 18 29 14 17 29 26 41 14 22 8 10 24 35 2 25 18 11 13 18 36 22 22 27 17 22 14 13 38 30 13 30 12 4 
49 51 37 25 22 31 27 36 40 34 55 54 45 26 48 34 23 20 29 25 33 37 32 53 52 43 24 44 33 34 50 42 44 56 29 56 47 42 31 13 13 28 21 24 34 17 41 38 30 12 8 21 14 13 25 10 29 28 19 8 24 17 13 28 6 26 24 15 4 31 28 43 10 37 27 22 17 21 35 5 32 26 19 10 34 16 40 37 29 11 18 45 36 31 22 36 40 31 14 57 49 30 49 30 21 
59 47 44 37 32 30 31 43 37 50 63 67 58 40 45 43 36 32 28 30 42 35 50 61 66 57 40 34 21 19 31 25 33 39 29 51 49 41 22 21 16 14 15 26 23 35 46 51 42 25 17 4 10 20 11 34 38 45 37 24 30 7 15 8 30 34 41 32 21 7 13 21 18 33 35 26 8 14 15 24 34 38 29 14 22 34 45 50 41 24 21 41 40 32 12 51 60 51 38 69 60 41 66 49 41 
57 49 42 33 29 30 30 41 38 46 61 64 55 36 47 41 32 28 28 28 39 36 45 60 63 54 35 37 25 24 37 31 36 44 29 53 49 42 24 17 12 17 14 25 26 30 45 47 38 20 10 6 4 15 14 27 35 41 32 17 7 15 11 13 23 31 36 27 14 15 17 28 13 34 32 24 5 13 21 18 33 35 26 8 25 29 44 46 37 19 19 42 39 31 13 47 54 45 31 66 57 38 62 44 35 
45 40 31 21 17 20 19 30 29 35 50 52 43 25 38 29 20 16 18 17 28 26 34 48 51 42 24 31 20 21 36 29 31 42 18 45 38 32 18 5 1 14 7 14 21 19 34 36 27 9 11 11 7 4 13 20 24 30 21 13 15 11 27 15 18 20 25 17 13 20 15 30 3 25 21 13 7 7 23 10 23 23 14 6 21 18 33 35 26 8 8 34 28 21 9 35 44 35 24 54 45 26 50 33 25 
54 40 39 33 29 23 26 38 30 48 57 63 54 37 38 38 33 29 22 26 37 28 48 56 62 53 37 25 13 11 23 17 24 31 23 43 43 34 15 20 16 7 11 21 14 34 40 47 38 24 22 7 14 19 4 36 33 44 36 28 8 13 15 42 33 29 40 32 25 6 6 15 18 26 30 21 10 10 7 26 28 35 27 18 13 33 39 46 37 23 18 33 35 26 8 47 58 50 40 64 55 37 63 48 40 
47 52 36 23 21 33 28 35 41 30 53 50 42 24 49 33 21 19 31 25 32 39 28 51 48 40 21 47 37 39 54 47 47 60 31 57 47 43 34 16 17 32 25 26 38 14 40 35 28 13 14 27 20 16 31 4 28 24 16 6 30 23 18 33 37 26 20 13 10 37 33 48 15 39 27 24 23 25 41 7 33 24 19 16 38 13 40 34 27 13 21 47 35 32 27 33 35 26 8 54 46 28 45 26 17 
25 25 11 6 5 11 3 10 16 20 30 33 24 10 23 9 8 7 9 3 8 14 20 28 33 24 12 26 22 26 39 32 26 42 8 31 20 16 18 15 19 23 19 7 22 14 14 18 9 14 30 29 27 16 25 25 4 18 14 26 34 31 20 29 26 67 15 14 29 35 24 39 19 15 1 8 27 20 33 21 7 8 7 26 23 14 13 16 8 15 12 21 9 8 21 18 31 25 27 35 26 8 34 22 18 
26 39 19 9 11 26 19 18 31 9 33 30 22 5 37 16 7 10 25 17 16 29 8 31 28 20 3 41 36 40 54 46 42 57 24 44 31 30 32 20 24 35 29 21 37 6 24 14 9 16 30 37 32 21 36 17 13 4 4 24 41 36 25 40 20 15 70 9 28 45 36 52 23 30 15 20 33 30 45 19 23 7 13 28 37 7 24 13 9 17 21 36 21 23 31 13 18 10 16 33 26 11 26 8 3 
34 40 22 10 9 23 16 22 30 19 40 38 30 11 38 20 8 6 21 14 19 28 17 38 37 28 9 38 31 34 49 41 38 53 20 45 34 31 27 12 16 28 21 16 32 2 27 22 14 7 21 28 23 13 28 11 15 13 4 15 32 27 17 32 13 14 9 52 19 37 29 45 14 28 14 15 24 22 38 10 22 10 7 19 32 1 27 21 13 8 14 35 23 21 24 21 27 18 13 41 33 15 35 17 8 
53 52 40 28 25 33 29 39 41 38 58 58 49 30 50 37 26 23 30 27 36 39 36 56 56 47 28 44 33 33 48 41 44 55 30 57 49 44 31 14 13 27 20 26 34 21 44 41 33 14 4 19 11 14 24 14 32 32 23 4 21 14 13 25 10 29 28 19 16 29 27 41 11 38 30 24 15 20 33 9 34 29 21 7 34 20 43 40 32 13 19 46 38 32 21 40 44 35 18 60 52 33 54 35 26 
60 45 45 39 35 29 32 44 35 54 63 69 60 43 43 44 39 35 28 32 43 33 53 62 68 59 43 29 18 15 24 19 28 32 29 48 48 39 20 25 21 12 16 28 19 39 46 53 44 29 25 10 17 24 10 40 40 49 41 31 7 15 20 6 37 35 45 37 29 15 11 13 23 31 36 27 14 15 8 30 34 41 32 21 18 39 45 52 43 28 24 38 41 31 14 53 64 56 44 70 61 43 69 54 45 
49 34 33 29 25 17 21 32 24 44 51 58 49 33 32 33 29 25 16 21 32 22 44 50 57 48 34 20 8 6 21 14 19 28 17 38 37 28 9 18 15 1 8 16 9 31 35 42 34 22 24 11 16 17 3 35 29 40 33 28 13 17 15 6 33 24 36 29 27 11 31 15 18 20 25 17 13 7 8 25 22 31 23 19 8 30 34 41 32 21 15 27 29 20 6 43 54 47 39 58 49 32 58 44 37 
61 39 46 44 40 29 35 45 32 59 62 71 62 48 38 46 45 41 29 35 45 32 59 61 71 62 49 23 16 12 11 10 21 19 31 41 46 37 20 33 31 16 23 31 16 47 46 56 48 38 37 22 29 33 17 51 43 55 48 43 21 28 30 15 48 39 52 45 41 13 15 17 33 29 40 32 25 23 7 41 34 46 39 33 15 46 45 55 47 37 30 34 41 32 21 57 70 62 55 71 62 47 72 60 53 
44 41 30 20 16 21 18 29 30 32 49 51 42 23 38 28 19 14 19 16 27 27 32 47 49 40 22 33 23 24 39 32 33 45 19 46 39 32 20 4 2 17 10 15 23 16 34 34 25 6 10 14 9 3 16 17 23 27 18 10 18 13 3 18 15 19 23 14 11 23 18 33 61 26 20 13 10 10 26 7 23 21 12 6 23 15 33 33 24 5 8 35 28 21 12 34 41 32 21 53 44 25 48 31 22 
32 14 18 21 19 5 12 17 4 33 32 42 34 25 12 18 23 22 7 14 17 2 35 32 42 34 27 11 13 17 26 20 11 27 7 19 17 8 11 23 25 19 19 12 12 29 16 29 23 25 37 30 31 24 22 39 17 33 29 37 33 34 25 26 39 15 30 28 38 31 20 29 26 68 15 14 29 20 25 31 7 23 20 32 14 29 15 28 22 25 18 8 12 7 21 30 45 40 41 41 32 21 45 37 33 
24 25 10 6 5 11 4 9 16 19 29 32 23 10 23 8 8 8 10 4 7 14 20 27 32 23 11 26 23 27 40 33 27 42 9 31 19 16 19 16 20 24 20 8 23 14 13 16 8 15 31 30 28 17 26 26 3 17 14 27 35 32 21 30 27 1 15 14 30 36 25 40 20 15 83 9 28 21 34 21 8 7 8 27 24 14 13 15 7 16 13 21 8 8 22 17 30 25 28 34 24 7 32 21 17 
33 28 18 12 8 9 6 17 17 27 37 42 32 16 25 17 13 9 6 4 16 14 27 36 41 32 17 23 16 20 34 26 23 38 6 33 25 19 12 9 12 16 10 2 17 16 21 25 16 11 24 21 20 10 17 24 12 23 17 22 26 24 13 21 24 8 20 15 24 27 17 32 13 14 9 65 19 12 25 17 10 14 7 19 17 16 20 24 15 11 5 22 15 8 13 26 38 30 27 43 34 15 41 28 21 
52 44 37 29 25 25 25 36 33 42 56 60 51 32 41 36 28 24 23 23 35 31 42 55 59 50 32 32 20 19 33 27 32 41 24 48 44 36 19 13 8 13 9 20 21 27 40 43 34 16 11 4 3 12 10 26 31 37 29 17 8 5 7 10 23 27 33 24 15 14 13 25 10 29 28 19 43 8 18 16 28 31 21 7 21 26 39 42 33 15 14 37 34 26 8 43 51 43 30 62 52 34 58 41 32 
45 35 30 24 19 16 17 29 24 38 49 54 44 27 33 29 23 19 14 16 28 22 38 47 53 44 27 24 12 13 28 21 24 34 15 40 36 28 11 10 8 7 1 12 13 24 32 37 28 14 18 10 11 10 6 28 24 34 26 21 14 13 7 10 25 20 30 22 20 15 7 23 10 20 21 12 8 23 15 18 20 25 17 13 13 23 31 36 27 14 8 28 26 18 1 37 48 40 32 55 46 27 53 38 30 
56 37 41 38 34 24 29 40 29 52 58 66 57 42 36 41 38 34 24 29 39 28 52 57 65 56 42 22 12 7 16 11 21 24 25 41 43 33 15 26 23 9 16 25 12 40 42 50 42 30 30 15 22 25 10 43 37 49 41 35 15 21 23 7 41 33 45 38 33 8 8 7 26 25 34 25 18 15 27 33 29 40 32 25 11 39 40 49 41 30 23 31 36 27 14 51 63 55 47 66 57 41 67 53 46 
44 45 31 19 16 26 21 30 34 29 49 49 40 21 43 29 17 14 24 19 28 32 28 47 47 38 19 39 30 31 46 39 39 52 24 50 41 36 26 8 10 25 17 19 30 12 35 32 24 6 11 21 14 8 23 10 23 23 14 5 24 18 10 26 7 21 19 10 9 30 25 41 7 31 21 17 16 18 33 47 26 20 13 10 30 11 34 31 23 6 13 39 30 25 19 31 36 27 14 51 43 24 45 26 17 
27 18 12 14 12 4 5 10 8 26 29 36 28 18 16 11 16 15 5 7 10 6 27 28 36 28 19 18 18 22 33 26 19 35 4 24 16 9 14 19 22 21 19 8 17 22 12 22 15 20 34 30 30 20 23 33 10 25 22 32 34 33 23 28 33 7 23 22 34 34 22 34 23 7 8 10 28 20 29 26 63 15 14 29 18 22 11 21 15 20 15 13 7 2 21 23 38 33 35 36 27 14 38 29 25 
23 32 12 1 6 19 11 11 23 12 29 29 20 2 29 9 3 6 17 10 9 21 13 27 28 19 4 34 30 34 47 40 34 50 16 37 24 23 26 18 22 30 24 14 30 9 17 12 4 15 31 34 30 19 31 21 6 10 8 26 38 35 23 35 24 8 7 10 29 41 31 46 21 23 7 14 31 25 40 20 15 73 9 28 31 10 16 11 3 16 17 28 13 16 27 12 23 17 22 31 23 4 27 14 10 
31 33 18 7 3 15 9 17 22 21 37 38 29 11 30 16 6 2 13 6 15 20 21 35 37 28 10 30 24 27 41 34 30 45 13 38 28 24 20 9 13 22 16 9 24 9 22 21 12 7 23 25 21 10 23 18 10 17 10 19 29 26 14 27 19 7 13 7 21 32 23 39 12 20 8 7 21 17 32 13 14 9 55 19 25 8 21 20 11 8 8 28 17 13 18 21 31 23 21 40 31 12 36 21 14 
51 46 37 26 22 27 25 36 35 38 56 57 48 29 44 35 25 21 24 23 34 33 37 54 56 47 28 37 26 26 40 33 37 47 25 51 45 38 24 10 7 19 13 21 27 22 40 40 32 12 5 11 4 9 16 19 29 33 24 10 14 8 6 18 16 26 28 19 7 21 19 33 6 32 27 19 7 13 25 10 29 28 19 28 26 21 39 39 30 11 14 40 34 27 13 40 46 37 23 59 50 31 54 36 27 
45 26 30 29 26 13 20 29 17 43 46 55 46 34 24 30 30 27 13 20 29 16 44 46 55 46 34 11 1 3 16 9 11 21 15 30 31 22 5 22 21 7 13 16 1 34 30 41 33 26 32 20 24 22 11 40 27 41 35 34 22 25 21 13 38 23 37 32 34 18 8 15 23 14 24 17 21 13 11 30 18 31 25 26 31 33 29 40 32 25 18 20 25 17 13 41 55 48 44 55 46 31 57 45 39 
33 40 22 10 9 24 17 21 30 17 39 37 29 10 38 19 7 7 22 15 19 28 16 37 35 27 8 39 32 35 50 42 39 54 21 45 33 31 28 13 17 30 22 17 33 1 27 21 14 9 23 30 24 14 29 11 15 12 2 16 34 29 18 33 13 14 7 1 20 39 30 46 15 29 14 16 26 23 39 11 22 10 8 21 33 36 26 20 13 10 15 36 23 21 25 20 25 17 13 40 32 14 33 15 6 
16 16 5 16 18 16 14 5 13 22 17 26 18 18 15 7 19 21 17 16 7 13 24 16 26 19 20 25 29 33 42 36 26 42 16 21 7 9 25 29 32 32 30 19 28 26 1 16 14 28 44 41 41 30 35 38 11 24 25 40 45 44 33 39 40 13 24 27 43 45 34 45 33 15 13 20 39 31 40 34 11 16 21 39 29 26 40 15 14 29 25 15 5 13 32 18 33 31 39 25 17 13 30 27 27 
12 32 11 13 17 26 20 11 27 7 20 17 8 10 30 9 14 18 26 20 10 26 10 17 16 7 12 39 39 43 55 48 40 56 24 36 21 25 35 29 34 40 35 24 39 19 15 1 8 27 42 45 42 30 42 31 12 11 18 37 50 46 35 46 34 16 13 21 40 52 41 55 33 28 15 24 42 36 49 31 21 11 20 39 40 20 15 51 9 28 28 31 15 23 38 2 18 16 30 20 12 8 17 13 17 
20 30 9 4 8 19 12 9 22 11 26 26 17 3 28 7 6 9 18 11 6 21 12 24 25 16 6 33 31 35 47 40 34 50 17 35 21 21 27 20 24 31 26 16 31 12 14 10 1 18 34 36 33 21 33 24 5 10 11 29 41 37 26 37 27 8 9 13 32 43 32 47 24 22 7 15 33 27 41 23 15 3 11 30 32 13 14 9 34 19 19 27 11 15 29 10 23 18 25 28 20 1 25 14 13 
39 39 26 15 11 20 15 25 28 27 45 45 36 17 37 24 13 9 18 13 23 26 26 43 44 35 16 34 25 27 42 34 33 47 18 44 35 30 21 3 7 21 13 13 25 11 30 29 20 1 15 19 14 4 20 14 18 22 13 11 24 19 8 23 13 15 17 8 13 28 21 37 5 25 16 11 15 14 30 6 20 16 8 11 25 10 29 28 19 26 8 33 24 19 15 28 36 27 18 48 39 20 43 25 17 
38 32 23 15 11 13 11 22 21 29 42 46 36 19 30 21 15 11 10 9 20 19 29 40 45 35 19 25 17 19 34 27 25 39 11 38 30 24 13 5 7 14 7 6 17 16 26 29 20 8 19 17 15 5 14 22 16 25 18 18 21 19 8 18 21 12 21 14 19 24 15 30 8 18 13 5 14 8 23 13 15 17 8 14 18 15 25 28 19 8 67 26 20 13 10 29 40 32 25 47 38 19 45 29 22 
31 6 20 27 26 13 19 19 5 37 29 41 34 30 4 21 29 28 16 21 21 7 39 29 42 35 32 11 20 23 28 23 12 26 15 11 13 6 18 32 33 26 28 20 19 36 16 31 27 33 45 38 40 32 30 46 22 37 36 45 41 42 34 33 47 21 36 35 46 38 27 34 35 8 21 22 37 28 31 39 13 28 28 40 20 36 15 31 27 33 26 59 15 14 29 33 49 45 49 40 32 25 46 41 39 
20 18 5 13 14 12 9 4 11 22 22 29 21 15 16 6 15 16 12 11 5 10 23 21 29 21 17 23 25 29 39 33 24 40 11 23 11 9 21 24 27 28 25 14 24 22 6 16 12 23 39 36 36 25 30 34 7 22 22 36 40 39 28 35 35 9 21 23 38 41 29 41 28 12 8 15 34 26 36 30 7 13 17 34 25 23 5 15 11 24 20 15 80 9 28 18 33 29 36 29 20 10 32 25 24 
29 20 13 14 12 3 4 12 9 27 31 38 29 18 17 13 16 14 3 6 12 6 28 30 38 29 20 18 16 20 32 25 18 34 2 25 18 11 12 18 20 19 17 6 16 22 14 24 16 19 32 28 28 18 21 32 10 26 22 31 32 31 21 26 32 8 23 21 32 31 20 32 21 7 8 8 26 18 27 25 2 16 13 27 17 21 13 23 15 19 13 14 9 64 19 25 39 33 34 38 29 15 40 30 25 
47 36 32 25 21 17 19 30 25 40 50 55 46 29 33 30 25 21 15 18 29 23 39 49 54 45 29 24 12 12 27 20 23 33 16 40 37 29 11 12 9 5 2 14 13 26 34 39 30 16 18 9 11 11 4 29 26 35 27 22 12 13 9 8 27 21 31 24 21 14 6 21 12 21 22 13 8 1 14 19 21 27 18 13 13 25 32 38 29 15 10 29 28 19 51 39 50 42 33 56 47 29 55 40 32 
14 34 13 14 18 28 21 14 29 5 21 17 9 10 33 12 14 19 28 21 12 28 7 19 15 7 12 41 41 45 57 50 42 58 26 39 24 27 36 30 34 42 36 26 40 19 17 2 9 27 42 46 43 31 43 30 14 10 17 36 51 47 35 47 33 18 13 21 40 53 43 57 34 30 17 26 43 37 51 31 23 12 21 40 41 20 18 2 10 28 29 33 18 25 39 53 15 14 29 20 13 10 15 10 16 
25 50 29 25 29 42 35 29 45 11 33 21 19 21 48 27 25 28 41 34 28 43 10 31 19 16 20 56 54 57 71 64 57 73 40 54 39 43 50 38 43 53 47 38 54 24 33 17 22 35 47 55 50 40 54 30 28 14 22 40 60 54 44 58 35 31 18 27 44 64 54 70 41 45 30 38 51 48 63 36 38 23 31 46 55 25 33 18 23 36 40 49 33 39 50 15 41 9 28 26 24 24 13 10 19 
28 47 26 19 22 36 29 26 40 9 35 27 21 15 45 24 17 21 35 27 24 39 6 33 25 19 13 51 47 50 64 57 52 67 34 52 37 39 43 30 34 46 39 31 47 16 31 17 17 26 38 47 41 31 46 21 23 7 14 31 51 45 35 50 26 25 10 18 35 56 47 62 32 40 25 30 43 40 55 27 33 17 23 37 48 17 31 16 18 27 32 45 29 33 42 14 9 26 19 31 26 19 20 3 10 
43 53 35 23 22 36 30 34 43 25 50 45 38 21 51 32 20 20 34 27 32 41 23 48 43 36 19 51 43 45 60 52 51 65 33 59 46 44 39 21 24 39 31 29 43 13 40 31 26 17 22 35 28 22 37 4 28 19 13 14 38 31 24 40 8 27 16 13 18 44 39 55 21 41 28 27 30 32 47 14 35 22 21 23 44 13 39 30 25 18 25 49 36 34 33 29 28 19 20 49 42 26 39 20 13 
9 37 24 32 37 41 37 26 38 24 11 5 11 30 37 25 34 38 42 38 27 39 26 10 7 13 32 51 54 58 67 62 52 66 41 40 26 34 51 49 53 57 54 42 54 39 24 19 27 47 62 64 62 50 60 50 30 30 38 57 69 66 54 64 54 35 33 41 60 70 58 71 53 41 34 43 62 55 66 51 36 31 40 59 55 40 25 20 28 48 47 40 29 38 56 20 26 31 49 31 9 28 14 29 36 
1 30 15 24 28 32 28 16 30 18 9 9 5 22 30 16 26 29 33 29 17 30 20 6 10 7 24 42 45 49 59 53 43 58 31 34 19 26 41 40 44 48 44 33 45 31 16 11 19 38 54 55 53 41 50 43 21 23 30 49 60 57 45 55 46 26 26 33 52 61 49 62 44 32 24 34 52 46 57 43 27 23 31 50 46 32 17 12 20 39 38 32 20 29 47 13 24 26 42 9 29 19 15 23 29 
19 28 8 5 8 18 11 7 21 12 25 26 17 5 26 5 7 10 17 11 5 20 13 23 25 16 7 32 30 34 47 40 33 49 16 33 20 20 26 21 25 31 26 15 30 13 13 10 1 19 35 37 34 22 33 26 4 11 13 30 41 38 26 37 28 8 11 15 33 43 32 47 25 21 7 15 34 27 41 24 14 4 12 31 31 14 13 8 1 20 19 25 10 15 29 10 24 19 26 28 19 58 25 15 14 
17 45 27 29 33 43 37 27 43 16 23 9 11 25 44 26 30 34 43 37 27 42 17 21 6 10 26 55 56 60 71 65 56 72 41 49 34 40 52 45 49 57 52 41 56 32 29 16 24 42 56 62 58 46 59 41 29 21 30 49 66 62 50 63 45 34 26 35 54 69 58 72 48 45 32 41 58 53 67 45 38 27 36 54 57 33 30 17 25 43 45 46 32 40 55 15 13 20 39 14 15 25 18 19 28 
24 43 22 15 19 33 25 22 37 5 32 25 18 11 41 20 15 18 32 24 20 35 3 30 23 16 10 48 44 48 61 54 48 64 30 48 33 35 40 28 32 43 37 28 44 14 27 13 14 24 38 45 40 29 44 22 19 4 12 30 49 44 33 48 26 22 8 17 35 54 44 60 31 37 21 28 41 38 53 26 29 14 21 36 45 15 27 13 14 25 29 41 25 30 40 10 10 3 20 29 23 15 19 56 9 
30 42 22 11 13 28 21 22 34 12 37 33 25 9 40 20 9 12 27 19 19 32 10 35 31 23 6 43 38 41 55 48 44 59 26 48 34 33 34 20 24 36 29 23 38 5 27 18 13 16 29 37 31 21 36 14 17 6 4 21 41 35 25 40 17 18 3 8 26 45 37 53 22 33 17 21 32 30 46 17 25 10 14 27 39 6 27 17 13 17 22 39 24 25 32 16 19 10 13 36 29 14 28 9 38 
