78 13
90 18 27 42 29 20 25 17 16 20 12 8 55 18 4 35 53 19 29 61 50 40 36 32 22 53 68 31 43 71 54 46 47 24 26 32 8 9 34 26 14 10 30 23 22 16 19 18 9 7 53 23 31 49 28 24 31 30 42 68 50 43 46 6 36 29 17 10 45 33 22 21 66 56 53 51 42 31 
18 110 37 51 26 4 37 26 20 38 31 22 45 17 15 20 41 21 23 57 54 42 32 18 4 35 53 19 29 61 50 40 36 33 12 15 21 10 31 36 25 12 24 5 33 22 19 35 27 18 35 8 12 36 25 13 13 16 26 58 46 36 33 12 34 40 29 16 39 38 26 15 67 56 48 58 47 34 
27 37 36 14 22 35 3 11 44 37 25 18 81 45 30 57 78 46 55 89 77 67 63 55 41 72 90 56 66 97 81 73 72 4 35 53 19 29 61 50 40 36 26 39 4 14 46 37 26 21 71 35 46 73 55 48 50 53 64 94 77 70 70 30 63 53 42 38 72 59 50 47 93 84 80 75 68 58 
42 51 14 8 31 49 16 25 58 49 38 33 95 59 45 72 92 61 70 103 91 81 78 69 55 85 104 70 80 112 96 88 87 18 48 67 34 43 76 64 54 51 35 53 19 29 61 50 40 36 83 48 59 88 70 63 64 67 78 109 92 85 84 45 78 67 57 52 87 74 64 62 108 98 95 89 82 73 
29 26 22 31 71 22 25 17 42 48 36 23 70 41 29 45 67 44 49 83 78 66 58 43 28 55 76 45 54 87 76 66 62 18 18 40 23 24 56 55 43 33 4 25 21 15 43 46 35 22 53 19 29 61 50 40 36 41 50 84 72 62 58 27 59 59 46 36 66 61 49 41 92 81 74 80 70 58 
20 4 35 49 22 106 36 24 24 40 32 22 48 21 17 23 45 25 28 61 58 46 37 21 6 36 55 23 32 65 55 44 39 31 7 18 21 11 35 40 29 16 20 4 32 20 24 37 29 18 35 4 11 39 29 18 15 19 29 61 50 40 36 14 38 44 32 20 43 42 30 20 72 60 52 62 51 39 
25 37 3 16 25 36 39 11 42 33 21 16 80 43 28 57 77 45 54 87 74 65 61 55 41 72 90 55 66 96 79 72 72 6 37 53 18 28 60 47 37 35 28 40 4 15 45 34 23 20 71 35 47 72 54 47 50 53 64 93 76 69 69 29 61 50 40 36 71 57 48 46 91 81 78 72 66 56 
17 26 11 25 17 24 11 58 34 32 20 9 69 34 19 46 67 36 45 78 68 57 53 44 30 61 79 44 55 86 71 62 61 7 26 42 9 18 51 42 31 25 20 28 7 4 36 31 19 10 60 24 35 62 45 37 39 42 53 83 67 59 59 19 53 46 34 27 61 50 40 36 84 74 69 68 59 49 
16 20 44 58 42 24 42 34 123 24 25 25 40 4 14 26 38 2 14 45 35 24 19 23 22 45 55 20 31 55 37 30 33 41 32 25 24 18 18 16 8 9 42 25 39 31 4 20 21 23 47 28 31 35 12 14 26 22 32 53 33 28 33 15 19 20 10 6 29 18 6 9 50 40 36 38 27 15 
20 38 37 49 48 40 33 32 24 101 12 24 63 28 23 50 62 27 38 63 45 38 41 47 41 69 80 45 56 77 55 52 57 36 47 48 24 29 39 18 16 26 49 43 33 32 28 4 12 25 70 43 51 60 35 38 48 45 56 75 53 50 57 26 39 19 14 23 50 29 26 33 61 54 55 40 36 30 
12 31 25 38 36 32 21 20 25 12 80 12 65 27 16 48 63 27 39 68 53 45 44 44 35 66 79 43 54 80 60 55 58 24 38 44 13 21 42 26 18 22 38 36 21 21 28 12 4 15 66 35 44 60 37 35 43 43 54 78 58 53 57 19 43 28 19 21 54 36 29 32 70 61 60 50 44 36 
8 22 18 33 23 22 16 9 25 24 12 72 63 26 11 41 60 28 37 70 59 48 45 38 26 58 74 38 49 79 62 55 55 16 26 37 1 12 43 33 22 18 25 26 13 8 28 23 11 4 58 23 34 56 37 31 35 37 48 76 59 52 53 12 45 37 25 19 54 41 31 29 75 65 61 58 50 40 
55 45 81 95 70 48 80 69 40 63 65 63 37 37 51 26 4 37 26 20 38 31 22 27 42 29 20 25 17 16 20 12 8 77 53 31 62 51 23 48 48 45 68 45 76 66 36 59 61 59 34 51 43 10 27 32 35 29 21 13 17 12 12 50 25 49 48 44 14 38 37 33 40 29 16 50 39 35 
18 17 45 59 41 21 43 34 4 28 27 26 37 54 14 22 35 3 11 44 37 25 18 18 18 41 51 16 27 53 36 28 30 42 29 20 25 17 16 20 12 8 40 22 40 31 2 24 24 23 42 25 27 32 10 9 22 17 27 50 33 25 29 15 19 24 15 7 27 21 9 5 51 40 35 41 29 17 
4 15 30 45 29 17 28 19 14 23 16 11 51 14 84 31 49 16 25 58 49 38 33 28 18 49 64 27 39 67 51 43 44 27 24 28 10 6 31 25 13 6 29 20 25 17 16 20 12 8 49 20 28 45 25 20 27 26 38 65 47 40 42 3 33 29 17 8 42 31 20 17 64 54 50 50 41 29 
35 20 57 72 45 23 57 46 26 50 48 41 26 22 31 59 22 25 17 42 48 36 23 3 16 18 32 6 9 43 38 26 17 54 27 4 40 29 23 41 35 26 42 19 53 42 23 47 44 37 20 25 17 16 20 12 8 5 6 39 33 21 13 29 26 44 37 27 26 37 28 17 57 45 35 56 43 33 
53 41 78 92 67 45 77 67 38 62 63 60 4 35 49 22 41 36 24 24 40 32 22 23 38 25 18 22 13 20 23 14 5 74 49 27 59 49 23 48 47 42 64 42 73 63 34 58 59 57 29 47 39 5 26 29 31 25 17 16 20 12 8 48 25 49 47 42 15 39 36 31 44 33 20 52 40 35 
19 21 46 61 44 25 45 36 2 27 27 28 37 3 16 25 36 50 11 42 33 21 16 21 22 43 53 18 29 52 34 27 31 44 33 23 27 20 15 17 11 11 43 26 42 34 1 23 24 25 45 29 31 33 9 12 25 20 29 50 31 25 30 17 16 20 12 8 26 17 5 8 48 37 33 37 26 14 
29 23 55 70 49 28 54 45 14 38 39 37 26 11 25 17 24 11 35 34 32 20 9 14 22 34 42 10 18 41 27 17 19 52 35 18 36 27 7 25 22 19 47 27 51 42 10 34 35 34 37 31 29 22 3 10 21 14 20 39 23 14 19 25 11 28 23 18 16 20 12 8 44 32 25 39 26 15 
61 57 89 103 83 61 87 78 45 63 68 70 20 44 58 42 24 42 34 33 24 25 25 42 55 50 38 39 35 18 7 17 26 86 67 46 69 61 27 45 50 52 81 59 84 75 42 59 65 67 54 64 59 29 33 43 50 43 40 20 11 21 31 59 25 45 49 50 17 34 39 42 20 12 8 37 29 32 
50 54 77 91 78 58 74 68 35 45 53 59 38 37 49 48 40 33 32 24 41 12 24 45 53 62 58 41 45 42 18 26 39 75 66 49 58 53 25 27 37 44 77 58 72 66 34 42 51 57 65 62 61 42 29 41 53 46 48 43 20 29 42 50 21 25 34 41 25 17 28 38 16 12 21 12 8 19 
40 42 67 81 66 46 65 57 24 38 45 48 31 25 38 36 32 21 20 25 12 25 12 33 41 51 51 30 34 40 17 18 30 65 54 38 48 42 13 20 27 33 65 46 62 55 22 34 42 46 55 50 49 33 17 29 41 34 37 40 16 20 32 39 9 20 25 30 17 9 17 26 26 16 18 20 7 8 
36 32 63 78 58 37 61 53 19 41 44 45 22 18 33 23 22 16 9 25 24 12 17 21 31 39 41 17 21 36 18 10 18 60 44 25 44 35 1 25 26 27 57 36 58 50 16 37 40 42 42 41 38 22 8 19 29 22 25 34 14 10 20 33 3 27 26 25 9 16 15 17 35 23 16 33 20 12 
32 18 55 69 43 21 55 44 23 47 44 38 27 18 28 3 23 21 14 42 45 33 21 75 14 22 35 3 11 44 37 25 18 51 26 4 37 26 20 38 31 22 40 18 51 40 19 43 40 35 24 24 17 18 17 9 8 1 9 40 32 20 15 26 24 41 34 24 25 34 25 13 56 44 34 53 41 30 
22 4 41 55 28 6 41 30 22 41 35 26 42 18 18 16 38 22 22 55 53 41 31 14 103 31 49 16 25 58 49 38 33 37 12 11 25 14 30 38 27 15 26 4 37 26 20 38 31 22 31 9 9 33 24 12 9 13 23 55 44 34 30 15 33 42 31 18 37 39 27 15 67 55 46 59 47 35 
53 35 72 85 55 36 72 61 45 69 66 58 29 41 49 18 25 43 34 50 62 51 39 22 31 52 22 25 17 42 48 36 23 68 37 21 56 45 38 60 53 44 51 32 68 57 42 65 62 54 4 37 26 20 38 31 22 23 14 38 44 32 19 47 42 63 56 46 37 55 47 36 68 57 44 72 59 50 
68 53 90 104 76 55 90 79 55 80 79 74 20 51 64 32 18 53 42 38 58 51 41 35 49 22 9 36 24 24 40 32 22 87 58 37 73 62 42 66 64 57 72 51 86 75 51 76 75 70 26 57 46 20 44 43 40 37 26 20 38 31 22 62 44 68 65 58 34 58 54 47 59 49 37 70 59 54 
31 19 56 70 45 23 55 44 20 45 43 38 25 16 27 6 22 18 10 39 41 30 17 3 16 25 36 75 11 42 33 21 16 52 28 8 37 26 16 35 29 21 43 20 51 41 17 41 39 35 27 26 21 17 13 7 12 4 11 38 29 17 14 26 20 38 31 22 21 31 22 11 52 40 30 50 37 26 
43 29 66 80 54 32 66 55 31 56 54 49 17 27 39 9 13 29 18 35 45 34 21 11 25 17 24 11 52 34 32 20 9 62 36 14 48 37 21 44 40 32 51 29 62 51 27 52 50 46 20 34 26 7 21 19 17 13 4 30 27 15 4 37 25 46 41 33 20 38 31 22 52 40 28 55 42 33 
71 61 97 112 87 65 96 86 55 77 80 79 16 53 67 43 20 52 41 18 42 40 36 44 58 42 24 42 34 41 24 25 25 94 70 47 78 68 37 60 62 61 85 62 92 83 51 73 76 75 47 68 60 26 42 48 51 45 38 4 24 27 29 67 37 60 62 60 26 49 51 50 38 31 22 55 47 46 
54 50 81 96 76 55 79 71 37 55 60 62 20 36 51 38 23 34 27 7 18 17 18 37 49 48 40 33 32 24 76 12 24 78 61 41 62 54 20 37 42 45 75 53 76 68 34 51 57 60 52 58 54 27 26 36 45 38 36 25 4 16 28 51 17 37 41 43 12 26 31 35 20 9 3 31 22 24 
46 40 73 88 66 44 72 62 30 52 55 55 12 28 43 26 14 27 17 17 26 18 10 25 38 36 32 21 20 25 12 63 12 70 50 29 54 45 12 35 37 37 64 42 68 59 27 48 51 52 40 47 42 16 18 26 33 26 24 23 7 4 16 43 12 37 37 35 1 26 26 26 32 20 9 38 26 22 
47 36 72 87 62 39 72 61 33 57 58 55 8 30 44 17 5 31 19 26 39 30 18 18 33 23 22 16 9 25 24 12 45 69 44 22 54 43 19 43 42 37 59 37 68 58 29 53 54 51 28 42 35 3 22 24 26 20 13 21 20 9 4 42 21 45 43 37 13 35 32 26 44 33 20 50 38 31 
24 33 4 18 18 31 6 7 41 36 24 16 77 42 27 54 74 44 52 86 75 65 60 51 37 68 87 52 62 94 78 70 69 29 31 49 16 25 58 49 38 33 22 35 3 11 44 37 25 18 67 31 42 69 52 45 46 49 60 91 75 67 66 27 60 52 41 35 69 57 47 44 91 81 77 74 66 56 
26 12 35 48 18 7 37 26 32 47 38 26 53 29 24 27 49 33 35 67 66 54 44 26 12 37 58 28 36 70 61 50 44 31 44 22 25 17 42 48 36 23 14 8 33 22 32 44 35 23 35 3 11 44 37 25 18 24 32 66 57 46 41 20 46 51 40 27 50 50 38 27 79 67 59 70 59 47 
32 15 53 67 40 18 53 42 25 48 44 37 31 20 28 4 27 23 18 46 49 38 25 4 11 21 37 8 14 47 41 29 22 49 22 71 36 24 24 40 32 22 37 14 49 38 21 44 40 33 22 20 13 21 21 10 4 3 11 44 37 25 18 25 28 44 35 24 29 38 27 15 60 48 38 57 44 33 
8 21 19 34 23 21 18 9 24 24 13 1 62 25 10 40 59 27 36 69 58 48 44 37 25 56 73 37 48 78 62 54 54 16 25 36 7 11 42 33 21 16 24 25 14 8 27 23 11 2 56 22 32 55 36 30 34 35 46 75 58 50 51 11 44 37 25 18 53 41 30 28 74 64 60 58 50 39 
9 10 29 43 24 11 28 18 18 29 21 12 51 17 6 29 49 20 27 61 53 42 35 26 14 45 62 26 37 68 54 45 43 25 17 24 11 22 34 32 20 9 23 14 24 14 19 27 18 8 45 13 22 44 27 19 23 24 35 65 50 41 41 3 36 35 23 12 44 37 25 18 69 58 52 56 46 34 
34 31 61 76 56 35 60 51 18 39 42 43 23 16 31 23 23 15 7 27 25 13 1 20 30 38 42 16 21 37 20 12 19 58 42 24 42 34 88 24 25 25 55 34 57 48 14 35 39 40 42 39 36 22 6 17 28 21 24 35 16 11 20 31 3 26 25 23 11 16 13 15 37 25 18 33 20 12 
26 36 50 64 55 40 47 42 16 18 26 33 48 20 25 41 48 17 25 45 27 20 25 38 38 60 66 35 44 60 37 35 43 49 48 40 33 32 24 74 12 24 55 42 46 42 18 14 24 33 62 44 48 46 22 29 42 37 45 59 35 35 44 28 23 3 8 20 34 11 12 25 44 36 38 25 18 13 
14 25 40 54 43 29 37 31 8 16 18 22 48 12 13 35 47 11 22 50 37 27 26 31 27 53 64 29 40 62 42 37 42 38 36 32 21 20 25 12 50 12 43 31 35 30 12 12 14 21 55 32 37 44 20 22 33 30 40 60 39 35 41 16 25 15 3 9 36 19 11 17 53 44 42 37 28 18 
10 12 36 51 33 16 35 25 9 26 22 18 45 8 6 26 42 11 19 52 44 33 27 22 15 44 57 21 32 61 45 37 37 33 23 22 16 9 25 24 12 37 32 18 31 23 10 22 18 14 44 20 25 38 19 13 22 21 32 58 41 34 35 6 27 27 16 3 36 28 16 11 60 49 44 47 37 25 
30 24 26 35 4 20 28 20 42 49 38 25 68 40 29 42 64 43 47 81 77 65 57 40 26 51 72 43 51 85 75 64 59 22 14 37 24 23 55 55 43 32 63 22 25 17 42 48 36 23 49 16 25 58 49 38 33 39 47 81 70 60 55 27 58 59 47 36 63 60 48 39 91 80 72 79 69 57 
23 5 39 53 25 4 40 28 25 43 36 26 45 22 20 19 42 26 27 59 58 46 36 18 4 32 51 20 29 62 53 42 37 35 8 14 25 14 34 42 31 18 22 98 36 24 24 40 32 22 31 5 7 36 29 17 11 16 25 58 49 38 33 17 38 45 34 22 42 43 31 19 71 59 51 63 51 39 
22 33 4 19 21 32 4 7 39 33 21 13 76 40 25 53 73 42 51 84 72 62 58 51 37 68 86 51 62 92 76 68 68 3 33 49 14 24 57 46 35 31 25 36 33 11 42 33 21 16 67 31 43 69 50 44 46 49 60 90 73 65 66 25 58 49 38 33 67 55 45 42 89 79 75 71 63 53 
16 22 14 29 15 20 15 4 31 32 21 8 66 31 17 42 63 34 42 75 66 55 50 40 26 57 75 41 51 83 68 59 58 11 22 38 8 14 48 42 30 23 17 24 11 51 34 32 20 9 56 20 31 58 42 34 35 38 49 80 64 56 55 16 50 45 33 25 58 49 38 33 82 72 67 67 58 47 
19 19 46 61 43 24 45 36 4 28 28 28 36 2 16 23 34 1 10 42 34 22 16 19 20 42 51 17 27 51 34 27 29 44 32 21 27 19 14 18 12 10 42 24 42 34 117 24 25 25 43 28 29 31 8 11 23 18 28 49 31 24 29 17 16 22 14 8 25 18 6 6 49 38 33 38 27 15 
18 35 37 50 46 37 34 31 20 4 12 23 59 24 20 47 58 23 34 59 42 34 37 43 38 65 76 41 52 73 51 48 53 37 44 44 23 27 35 14 12 22 48 40 33 32 24 98 12 24 67 41 47 56 31 34 45 42 52 71 49 46 53 23 35 16 10 19 46 25 22 29 58 51 51 38 33 26 
9 27 26 40 35 29 23 19 21 12 4 11 61 24 12 44 59 24 35 65 51 42 40 40 31 62 75 39 50 76 57 51 54 25 35 40 11 18 39 24 14 18 36 32 21 20 25 12 76 12 62 31 40 56 33 31 39 39 50 74 54 49 53 15 40 27 16 17 50 33 25 28 67 58 57 49 42 33 
7 18 21 36 22 18 20 10 23 25 15 4 59 23 8 37 57 25 34 67 57 46 42 35 22 54 70 35 46 75 60 52 51 18 23 33 2 8 40 33 21 14 23 22 16 9 25 24 12 66 54 20 30 52 34 27 31 33 44 73 56 48 49 8 42 36 24 16 50 40 29 25 73 63 58 58 49 38 
53 35 71 83 53 35 71 60 47 70 66 58 34 42 49 20 29 45 37 54 65 55 42 24 31 4 26 27 20 47 52 40 28 67 35 22 56 45 42 62 55 44 49 31 67 56 43 67 62 54 44 36 24 24 40 32 22 25 17 42 48 36 23 47 45 65 58 47 41 57 49 37 72 61 48 75 62 53 
23 8 35 48 19 4 35 24 28 43 35 23 51 25 20 25 47 29 31 64 62 50 41 24 9 37 57 26 34 68 58 47 42 31 3 20 22 13 39 44 32 20 16 5 31 20 28 41 31 20 36 50 11 42 33 21 16 22 31 64 54 43 39 17 42 48 36 23 47 46 34 24 76 64 56 66 55 43 
31 12 46 59 29 11 47 35 31 51 44 34 43 27 28 17 39 31 29 59 61 49 38 17 9 26 46 21 26 60 54 42 35 42 11 13 32 22 36 48 37 25 25 7 43 31 29 47 40 30 24 11 34 34 32 20 9 16 22 56 50 38 31 25 40 51 41 28 42 48 36 23 73 61 51 68 55 43 
49 36 73 88 61 39 72 62 35 60 60 56 10 32 45 16 5 33 22 29 42 33 22 18 33 20 20 17 7 26 27 16 3 69 44 21 55 44 22 46 44 38 58 36 69 58 31 56 56 52 24 42 34 85 24 25 25 20 11 22 23 13 3 43 25 48 45 39 17 38 34 27 48 36 23 53 41 34 
28 25 55 70 50 29 54 45 12 35 37 37 27 10 25 20 26 9 3 33 29 17 8 17 24 38 44 13 21 42 26 18 22 52 37 21 36 27 6 22 20 19 49 29 50 42 8 31 33 34 40 33 32 24 96 12 24 17 23 40 22 15 22 25 9 25 21 17 16 17 10 9 42 31 24 36 23 12 
24 13 48 63 40 18 47 37 14 38 35 31 32 9 20 12 29 12 10 43 41 29 19 9 12 31 43 7 19 48 36 26 24 45 25 10 30 19 17 29 22 13 38 17 44 34 11 34 31 27 32 21 20 25 12 73 12 7 18 45 32 22 21 18 21 33 25 15 25 28 17 4 54 42 34 48 35 23 
31 13 50 64 36 15 50 39 26 48 43 35 35 22 27 8 31 25 21 50 53 41 29 8 9 22 40 12 17 51 45 33 26 46 18 4 34 23 28 42 33 22 33 11 46 35 23 45 39 31 22 16 9 25 24 12 47 7 14 47 41 29 22 24 32 45 36 25 33 40 30 17 64 52 42 60 48 36 
30 16 53 67 41 19 53 42 22 45 43 37 29 17 26 5 25 20 14 43 46 34 22 1 13 23 37 4 13 45 38 26 20 49 24 3 35 24 21 37 30 21 39 16 49 38 18 42 39 33 25 22 16 20 17 7 7 72 11 42 33 21 16 24 24 40 32 22 26 34 24 12 57 45 35 53 41 30 
42 26 64 78 50 29 64 53 32 56 54 48 21 27 38 6 17 29 20 40 48 37 25 9 23 14 26 11 4 38 36 24 13 60 32 11 46 35 24 45 40 32 47 25 60 49 28 52 50 44 17 31 22 11 23 18 14 11 49 34 32 20 9 36 28 48 42 33 24 40 32 22 56 44 33 58 45 36 
68 58 94 109 84 61 93 83 53 75 78 76 13 50 65 39 16 50 39 20 43 40 34 40 55 38 20 38 30 4 25 23 21 91 66 44 75 65 35 59 60 58 81 58 90 80 49 71 74 73 42 64 56 22 40 45 47 42 34 49 24 25 25 64 36 60 60 57 24 48 49 47 40 32 22 56 47 45 
50 46 77 92 72 50 76 67 33 53 58 59 17 33 47 33 20 31 23 11 20 16 14 32 44 44 38 29 27 24 4 7 20 75 57 37 58 50 16 35 39 41 70 49 73 64 31 49 54 56 48 54 50 23 22 32 41 33 32 24 81 12 24 47 14 36 39 39 7 24 28 31 24 12 2 32 22 22 
43 36 70 85 62 40 69 59 28 50 53 52 12 25 40 21 12 25 14 21 29 20 10 20 34 32 31 17 15 27 16 4 9 67 46 25 50 41 11 35 35 34 60 38 65 56 24 46 49 48 36 43 38 13 15 22 29 21 20 25 12 65 12 39 12 37 36 33 4 26 24 22 36 24 13 40 28 22 
46 33 70 84 58 36 69 59 33 57 57 53 12 29 42 13 8 30 19 31 42 32 20 15 30 19 22 14 4 29 28 16 4 66 41 18 51 41 20 44 41 35 55 33 66 55 29 53 53 49 23 39 31 3 22 21 22 16 9 25 24 12 45 40 23 46 43 36 17 37 32 24 48 37 24 53 40 32 
6 12 30 45 27 14 29 19 15 26 19 12 50 15 3 29 48 17 25 59 50 39 33 26 15 47 62 26 37 67 51 43 42 27 20 25 11 3 31 28 16 6 27 17 25 16 17 23 15 8 47 17 25 43 25 18 24 24 36 64 47 39 40 22 34 32 20 9 42 33 21 16 66 55 50 52 42 31 
36 34 63 78 59 38 61 53 19 39 43 45 25 19 33 26 25 16 11 25 21 9 3 24 33 42 44 20 25 37 17 12 21 60 46 28 44 36 3 23 25 27 58 38 58 50 16 35 40 42 45 42 40 25 9 21 32 24 28 36 14 12 23 34 84 24 25 25 11 13 14 18 33 21 16 30 17 10 
29 40 53 67 59 44 50 46 20 19 28 37 49 24 29 44 49 20 28 45 25 20 27 41 42 63 68 38 46 60 37 37 45 52 51 44 37 35 26 3 15 27 59 45 49 45 22 16 27 36 65 48 51 48 25 33 45 40 48 60 36 37 46 32 24 67 12 24 35 11 16 28 42 35 38 21 16 14 
17 29 42 57 46 32 40 34 10 14 19 25 48 15 17 37 47 12 23 49 34 25 26 34 31 56 65 31 41 62 41 37 43 41 40 35 25 23 25 8 3 16 47 34 38 33 14 10 16 24 58 36 41 45 21 25 36 32 42 60 39 36 43 20 25 12 43 12 36 17 11 20 51 42 41 33 25 16 
10 16 38 52 36 20 36 27 6 23 21 19 44 7 8 27 42 8 18 50 41 30 25 24 18 46 58 22 33 60 43 35 37 35 27 24 18 12 23 20 9 3 36 22 33 25 8 19 17 16 47 23 28 39 17 15 25 22 33 57 39 33 36 9 25 24 12 33 34 24 12 11 57 46 42 43 33 21 
45 39 72 87 66 43 71 61 29 50 54 54 14 27 42 26 15 26 16 17 25 17 9 25 37 37 34 21 20 26 12 1 13 69 50 29 53 44 11 34 36 36 63 42 67 58 25 46 50 50 41 47 42 17 16 25 33 26 24 24 7 4 17 42 11 35 36 34 68 24 25 25 32 20 9 36 25 21 
33 38 59 74 61 42 57 50 18 29 36 41 38 21 31 37 39 17 20 34 17 9 16 34 39 55 58 31 38 49 26 26 35 57 50 38 41 37 16 11 19 28 60 43 55 49 18 25 33 40 57 46 48 38 17 28 40 34 40 48 24 26 37 33 13 11 17 24 24 64 12 24 34 25 27 20 9 4 
22 26 50 64 49 30 48 40 6 26 29 31 37 9 20 28 36 5 12 39 28 17 15 25 27 47 54 22 31 51 31 26 32 47 38 27 30 25 13 12 11 16 48 31 45 38 6 22 25 29 49 34 36 34 10 17 30 24 32 49 28 24 32 21 14 16 11 12 25 12 40 12 44 34 31 32 21 9 
21 15 47 62 41 20 46 36 9 33 32 29 33 5 17 17 31 8 8 42 38 26 17 13 15 36 47 11 22 50 35 26 26 44 27 15 28 18 15 25 17 11 39 19 42 33 6 29 28 25 37 24 23 27 9 4 17 12 22 47 31 22 24 16 18 28 20 11 25 24 12 18 52 40 34 44 32 20 
66 67 93 108 92 72 91 84 50 61 70 75 40 51 64 57 44 48 44 20 16 26 35 56 67 68 59 52 52 38 20 32 44 91 79 60 74 69 37 44 53 60 91 71 89 82 49 58 67 73 72 76 73 48 42 54 64 57 56 40 24 36 48 66 33 42 51 57 32 34 44 52 49 12 24 25 25 35 
56 56 84 98 81 60 81 74 40 54 61 65 29 40 54 45 33 37 32 12 12 16 23 44 55 57 49 40 40 31 9 20 33 81 67 48 64 58 25 36 44 49 80 59 79 72 38 51 58 63 61 64 61 36 31 42 52 45 44 32 12 24 37 55 21 35 42 46 20 25 34 40 12 50 12 24 18 25 
53 48 80 95 74 52 78 69 36 55 60 61 16 35 50 35 20 33 25 8 21 18 16 34 46 44 37 30 28 22 3 9 20 77 59 38 60 52 18 38 42 44 72 51 75 67 33 51 57 58 48 56 51 23 24 34 42 35 33 22 2 13 24 50 16 38 41 42 9 27 31 34 24 12 51 34 24 25 
51 58 75 89 80 62 72 68 38 40 50 58 50 41 50 56 52 37 39 37 12 20 33 53 59 72 70 50 55 55 31 38 50 74 70 57 58 56 33 25 37 47 79 63 71 67 38 38 49 58 75 66 68 53 36 48 60 53 58 56 32 40 53 52 30 21 33 43 36 20 32 44 25 24 34 24 12 24 
42 47 68 82 70 51 66 59 27 36 44 50 39 29 41 43 40 26 26 29 8 7 20 41 47 59 59 37 42 47 22 26 38 66 59 44 50 46 20 18 28 37 69 51 63 58 27 33 42 49 62 55 55 41 23 35 48 41 45 47 22 28 40 42 17 16 25 33 25 9 21 32 25 18 24 12 48 12 
31 34 58 73 58 39 56 49 15 30 36 40 35 17 29 33 35 14 15 32 19 8 12 30 35 50 54 26 33 46 24 22 31 56 47 33 39 34 12 13 18 25 57 39 53 47 15 26 33 38 53 43 43 34 12 23 36 30 36 45 22 22 32 31 10 14 16 21 21 4 9 20 35 25 25 24 12 25 
