66 12
29 20 28 15 29 4 46 44 34 23 18 33 15 26 20 16 32 44 36 27 31 22 47 32 33 28 60 55 47 50 23 45 11 60 57 46 34 20 32 26 34 59 52 43 44 16 61 65 54 43 30 29 39 33 25 31 69 56 46 27 78 67 57 59 52 45 
20 66 42 7 39 22 60 40 28 18 2 14 28 6 25 17 46 33 21 10 13 15 26 20 16 32 44 36 27 31 22 53 27 73 55 43 34 15 25 9 40 44 35 25 24 22 71 60 48 38 19 44 28 17 6 16 71 58 51 33 66 55 41 45 34 25 
28 42 30 35 10 31 18 38 35 30 41 57 14 49 20 45 4 46 46 44 56 33 67 41 58 20 66 67 63 73 26 20 16 32 44 36 27 31 35 51 17 62 61 57 65 20 34 54 47 38 38 2 44 45 44 57 48 37 26 17 74 66 64 62 64 61 
15 7 35 53 31 19 53 35 23 12 7 22 20 14 17 19 38 30 21 12 21 9 33 18 24 25 44 39 32 38 15 45 20 65 50 37 27 8 20 16 32 44 36 27 31 14 63 55 43 32 15 37 25 17 10 23 64 52 44 25 64 53 42 44 36 29 
29 39 10 31 41 33 23 27 26 23 38 53 14 45 14 45 10 37 38 38 52 26 62 33 56 10 57 58 56 68 19 15 18 34 34 26 17 25 26 48 7 52 52 49 60 16 32 44 36 27 31 12 35 38 39 55 41 29 18 8 64 55 55 53 56 54 
4 22 31 19 33 33 49 49 38 27 19 33 19 28 25 14 36 48 40 31 31 26 48 36 33 33 64 58 50 51 28 49 15 64 62 50 39 24 37 26 38 63 56 47 46 20 65 70 59 47 34 32 44 36 27 31 73 61 51 32 82 71 61 63 55 47 
46 60 18 53 23 49 65 47 48 46 59 75 32 67 37 63 14 58 61 61 74 49 85 56 77 33 79 81 79 90 42 19 35 15 47 44 39 48 49 69 26 73 75 72 83 38 20 57 54 48 54 16 57 61 62 76 44 36 27 31 81 74 76 74 79 77 
44 40 38 35 27 49 47 88 12 22 41 51 34 44 24 54 37 14 24 32 51 25 51 21 55 19 33 38 41 58 21 29 38 51 15 3 10 26 15 48 21 26 31 34 51 29 44 20 9 2 21 40 16 28 36 55 32 22 21 21 36 27 31 27 37 41 
34 28 35 23 26 38 48 12 73 11 29 38 26 32 16 42 36 11 14 20 39 13 41 10 42 15 31 33 33 48 11 33 30 56 27 15 9 15 2 36 21 27 26 25 40 20 51 32 20 10 9 37 9 16 24 43 44 32 27 18 44 33 29 27 31 31 
23 18 30 12 23 27 46 22 11 55 19 31 18 24 9 31 32 20 16 14 31 3 38 11 35 14 38 37 33 44 4 35 21 57 37 25 15 4 9 27 22 36 32 26 37 11 54 43 31 20 8 33 17 15 16 35 52 40 32 16 54 44 36 36 34 31 
18 2 41 7 38 19 59 41 29 19 62 16 26 8 24 14 45 35 24 13 14 16 29 22 17 32 46 39 30 33 22 52 25 72 56 44 34 15 26 9 39 47 38 28 26 21 70 61 49 39 20 43 30 19 8 16 71 59 51 32 68 57 44 47 36 27 
33 14 57 22 53 33 75 51 38 31 16 41 42 7 39 22 60 40 28 18 2 28 15 29 4 46 44 34 23 18 35 67 41 88 66 54 46 28 36 7 54 48 36 25 13 37 85 69 57 48 29 59 36 23 15 6 83 71 64 47 71 60 43 48 32 21 
15 28 14 20 14 19 32 34 26 18 26 42 56 35 10 31 18 38 35 30 41 20 53 29 44 15 57 55 50 59 15 29 4 46 44 34 23 18 26 36 19 54 50 45 51 7 46 53 43 33 27 16 35 33 30 43 54 42 31 13 70 60 54 54 53 48 
26 6 49 14 45 28 67 44 32 24 8 7 35 31 31 19 53 35 23 12 7 20 20 23 10 38 43 34 24 24 28 59 34 80 59 47 39 21 29 4 46 44 34 23 18 29 77 64 51 41 22 51 30 18 8 11 76 64 57 39 67 56 40 45 31 21 
20 25 20 17 14 25 37 24 16 9 24 39 10 31 59 33 23 27 26 23 38 12 47 20 41 8 47 46 42 53 6 28 14 48 37 25 14 10 15 34 15 43 41 36 46 4 46 44 34 23 18 23 25 25 24 41 49 36 27 8 60 50 44 44 44 40 
16 17 45 19 45 14 63 54 42 31 14 22 31 19 33 9 49 49 38 27 19 29 38 37 20 42 61 53 43 40 34 60 28 77 69 56 46 27 40 15 48 62 52 42 35 29 77 75 63 52 35 46 44 34 23 18 82 70 61 41 83 72 58 62 50 40 
32 46 4 38 10 36 14 37 36 32 45 60 18 53 23 49 93 47 48 46 59 35 70 42 62 20 67 68 65 76 28 16 21 28 41 35 27 33 36 54 15 62 62 59 68 23 29 52 45 37 40 4 45 48 47 61 44 34 23 18 73 65 65 63 66 63 
44 33 46 30 37 48 58 14 11 20 35 40 38 35 27 49 47 89 12 22 41 21 38 12 45 26 20 24 27 45 22 42 41 65 28 18 19 24 12 39 32 15 17 19 38 31 59 29 17 12 14 49 4 17 27 46 46 36 35 29 34 23 18 16 22 27 
36 21 46 21 38 40 61 24 14 16 24 28 35 23 26 38 48 12 68 11 29 15 27 5 32 28 23 20 18 34 20 48 37 70 39 28 24 17 12 27 35 23 15 10 26 27 65 42 29 21 8 49 8 4 15 33 57 46 42 30 44 33 20 23 18 17 
27 10 44 12 38 31 61 32 20 14 13 18 30 12 23 27 46 22 11 46 19 11 24 11 22 29 33 27 20 30 18 50 31 72 47 35 28 13 17 17 37 34 25 15 22 23 68 51 39 29 10 46 18 6 4 23 64 52 46 30 56 44 31 34 24 18 
31 13 56 21 52 31 74 51 39 31 14 2 41 7 38 19 59 41 29 19 36 27 18 30 3 45 46 36 25 20 35 66 40 86 66 54 46 28 36 4 53 49 38 27 15 36 84 70 58 48 29 58 37 24 15 4 83 71 64 46 72 61 44 49 34 23 
22 15 33 9 26 26 49 25 13 3 16 28 20 20 12 29 35 21 15 11 27 85 35 10 31 18 38 35 30 41 7 39 22 60 40 28 18 2 11 24 26 36 30 24 33 13 57 46 34 23 7 35 17 13 13 31 55 43 36 19 56 45 35 36 32 28 
47 26 67 33 62 48 85 51 41 38 29 15 53 20 47 38 70 38 27 24 18 35 15 31 19 53 35 23 12 7 42 73 53 96 66 55 50 36 39 22 60 40 28 18 2 47 92 67 55 49 32 70 35 24 23 21 84 73 69 54 63 53 34 40 21 11 
32 20 41 18 33 36 56 21 10 11 22 29 29 23 20 37 42 12 5 11 30 10 31 78 33 23 27 26 23 38 14 42 32 65 36 24 19 12 7 28 30 26 20 16 30 22 60 40 28 18 2 43 7 6 15 34 53 42 37 25 46 35 25 26 23 22 
33 16 58 24 56 33 77 55 42 35 17 4 44 10 41 20 62 45 32 22 3 31 19 33 44 49 49 38 27 19 38 70 42 90 70 58 50 31 40 7 56 52 41 30 16 39 88 74 61 52 33 60 40 28 18 2 86 74 67 49 75 64 47 52 36 25 
28 32 20 25 10 33 33 19 15 14 32 46 15 38 8 42 20 26 28 29 45 18 53 23 49 121 47 48 46 59 10 20 20 42 29 18 8 17 16 41 7 42 42 39 51 13 39 38 28 18 21 22 25 29 31 49 40 28 18 2 55 46 44 42 46 44 
60 44 66 44 57 64 79 33 31 38 46 44 57 43 47 61 67 20 23 33 46 38 35 27 49 47 81 12 22 41 41 62 60 85 42 36 40 40 31 47 52 7 8 19 36 50 77 39 30 31 30 69 22 27 37 51 60 53 54 49 28 18 2 7 13 24 
55 36 67 39 58 58 81 38 33 37 39 34 55 34 46 53 68 24 20 27 36 35 23 26 38 48 12 56 11 29 40 66 57 89 51 42 42 37 32 38 55 18 7 11 24 48 83 49 39 36 28 69 23 22 30 41 69 60 59 50 40 31 11 18 2 13 
47 27 63 32 56 50 79 41 33 33 30 23 50 24 42 43 65 27 18 20 25 30 12 23 27 46 22 11 37 19 37 66 52 89 55 45 42 32 31 27 54 28 15 7 13 43 84 56 44 39 25 66 25 17 22 30 74 64 60 48 50 40 21 28 9 2 
50 31 73 38 68 51 90 58 48 44 33 18 59 24 53 40 76 45 34 30 20 41 7 38 19 59 41 29 19 5 49 80 58 102 73 62 57 42 46 25 67 47 34 25 7 52 98 74 62 56 39 75 42 31 28 22 91 80 76 60 69 59 40 47 28 18 
23 22 26 15 19 28 42 21 11 4 22 35 15 28 6 34 28 22 20 18 35 7 42 14 38 10 41 40 37 49 70 31 19 53 35 23 12 7 10 31 18 38 35 30 41 9 49 42 30 19 12 29 19 19 20 38 49 36 28 11 55 45 38 38 38 35 
45 53 20 45 15 49 19 29 33 35 52 67 29 59 28 60 16 42 48 50 66 39 73 42 70 20 62 66 66 80 31 20 33 23 27 26 23 38 35 62 13 55 59 58 72 31 18 38 35 30 41 21 42 49 52 69 28 18 8 20 62 55 60 56 64 64 
11 27 16 20 18 15 35 38 30 21 25 41 4 34 14 28 21 41 37 31 40 22 53 32 42 20 60 57 52 58 19 33 63 49 49 38 27 19 29 35 23 57 53 46 51 10 49 58 48 37 29 18 38 35 30 41 59 46 36 18 74 64 57 57 55 49 
60 73 32 65 34 64 15 51 56 57 72 88 46 80 48 77 28 65 70 72 86 60 96 65 90 42 85 89 89 102 53 23 49 36 47 48 46 59 58 82 35 78 82 81 94 50 10 56 56 53 63 31 65 71 73 89 38 35 30 41 82 77 82 79 87 87 
57 55 44 50 34 62 47 15 27 37 56 66 44 59 37 69 41 28 39 47 66 40 66 36 70 29 42 51 55 73 35 27 49 47 76 12 22 41 30 64 27 35 43 48 66 41 38 10 12 18 37 45 31 43 51 71 18 12 19 31 35 30 41 35 50 55 
46 43 36 37 26 50 44 3 15 25 44 54 34 47 25 56 35 18 28 35 54 28 55 24 58 18 36 42 45 62 23 26 38 48 12 70 11 29 17 51 19 30 35 37 55 30 41 19 10 6 25 38 20 31 39 58 29 18 17 21 38 30 34 30 41 44 
34 34 27 27 17 39 39 10 9 15 34 46 23 39 14 46 27 19 24 28 46 18 50 19 50 8 40 42 42 57 12 23 27 46 22 11 61 19 11 43 12 34 36 35 49 19 41 30 20 10 18 30 18 26 31 50 36 24 18 10 47 38 37 35 40 41 
20 15 31 8 25 24 48 26 15 4 15 28 18 21 10 27 33 24 17 13 28 2 36 12 31 17 40 37 32 42 7 38 19 59 41 29 19 82 12 24 25 39 33 27 35 10 56 47 35 24 10 33 19 15 14 31 56 43 36 18 58 47 38 39 35 30 
32 25 35 20 26 37 49 15 2 9 26 36 26 29 15 40 36 12 12 17 36 11 39 7 40 16 31 32 31 46 10 35 29 58 30 17 11 12 63 33 23 27 26 23 38 19 53 35 23 12 7 38 9 14 21 40 46 35 30 18 45 35 28 28 29 29 
26 9 51 16 48 26 69 48 36 27 9 7 36 4 34 15 54 39 27 17 4 24 22 28 7 41 47 38 27 25 31 62 35 82 64 51 43 24 33 38 49 49 38 27 19 31 80 68 56 46 27 53 35 23 12 7 79 67 60 42 72 61 45 49 35 25 
34 40 17 32 7 38 26 21 21 22 39 54 19 46 15 48 15 32 35 37 53 26 60 30 56 7 52 55 54 67 18 13 23 35 27 19 12 25 23 49 106 47 48 46 59 19 31 37 29 21 28 19 31 36 39 56 35 23 12 7 57 49 50 47 52 52 
59 44 62 44 52 63 73 26 27 36 47 48 54 44 43 62 62 15 23 34 49 36 40 26 52 42 7 18 28 47 38 55 57 78 35 30 34 39 27 49 47 70 12 22 41 47 71 31 23 25 28 64 19 27 38 54 53 46 47 45 23 12 7 0 19 29 
52 35 61 36 52 56 75 31 26 32 38 36 50 34 41 52 62 17 15 25 38 30 28 20 41 42 8 7 15 34 35 59 53 82 43 35 36 33 26 38 48 12 46 11 29 43 76 41 31 29 23 64 17 19 29 43 61 53 52 44 35 25 6 12 7 16 
43 25 57 27 49 47 72 34 25 26 28 25 45 23 36 42 59 19 10 15 27 24 18 16 30 39 19 11 7 25 30 58 46 81 48 37 35 27 23 27 46 22 11 25 19 37 76 48 37 31 18 59 17 11 19 31 66 56 53 41 45 35 17 23 8 7 
44 24 65 31 60 46 83 51 40 37 26 13 51 18 46 35 68 38 26 22 15 33 2 30 16 51 36 24 13 7 41 72 51 94 66 55 49 35 38 19 59 41 29 19 14 45 90 67 55 48 31 68 34 23 21 19 84 73 68 53 64 54 35 41 23 12 
16 22 20 14 16 20 38 29 20 11 21 37 7 29 4 29 23 31 27 23 36 13 47 22 39 13 50 48 43 52 9 31 10 50 41 30 19 10 19 31 19 47 43 37 45 67 49 49 38 27 19 23 27 26 23 38 53 41 31 12 64 54 47 47 45 41 
61 71 34 63 32 65 20 44 51 54 70 85 46 77 46 77 29 59 65 68 84 57 92 60 88 39 77 83 84 98 49 18 49 10 38 41 41 56 53 80 31 71 76 76 90 49 46 47 48 46 59 33 59 67 70 87 27 26 23 38 73 68 75 71 81 82 
65 60 54 55 44 70 57 20 32 43 61 69 53 64 44 75 52 29 42 51 70 46 67 40 74 38 39 49 56 74 42 38 58 56 10 19 30 47 35 68 37 31 41 48 67 49 47 55 12 22 41 56 33 46 56 75 23 21 29 40 26 23 38 31 49 56 
54 48 47 43 36 59 54 9 20 31 49 57 43 51 34 63 45 17 29 39 58 34 55 28 61 28 30 39 44 62 30 35 48 56 12 10 20 35 23 56 29 23 31 37 55 38 48 12 52 11 29 49 21 33 43 62 30 23 26 31 27 20 29 23 38 44 
43 38 38 32 27 47 48 2 10 20 39 48 33 41 23 52 37 12 21 29 48 23 49 18 52 18 31 36 39 56 19 30 37 53 18 6 10 24 12 46 21 25 29 31 48 27 46 22 11 47 19 40 14 25 33 53 35 24 23 21 37 27 29 26 35 38 
30 19 38 15 31 34 54 21 9 8 20 29 27 22 18 35 40 14 8 10 29 7 32 2 33 21 30 28 25 39 12 41 29 63 37 25 18 10 7 27 28 28 23 18 31 19 59 41 29 19 76 41 10 7 14 33 53 42 36 23 48 37 27 29 26 23 
29 44 2 37 12 32 16 40 37 33 43 59 16 51 23 46 4 49 49 46 58 35 70 43 60 22 69 69 66 75 29 21 18 31 45 38 30 33 38 53 19 64 64 59 68 23 33 56 49 40 41 98 47 48 46 59 49 38 27 19 77 68 66 65 67 64 
39 28 44 25 35 44 57 16 9 17 30 36 35 30 25 44 45 4 8 18 37 17 35 7 40 25 22 23 25 42 19 42 38 65 31 20 18 19 9 35 31 19 17 17 34 27 59 33 21 14 10 47 99 12 22 41 49 38 36 27 38 27 19 19 21 24 
33 17 45 17 38 36 61 28 16 15 19 23 33 18 25 34 48 17 4 6 24 13 24 6 28 29 27 22 17 31 19 49 35 71 43 31 26 15 14 23 36 27 19 11 23 26 67 46 33 25 7 48 12 77 11 29 60 49 44 30 49 38 24 27 19 15 
25 6 44 10 39 27 62 36 24 16 8 15 30 8 24 23 47 27 15 4 15 13 23 15 18 31 37 30 22 28 20 52 30 73 51 39 31 14 21 12 39 38 29 19 21 23 70 56 43 33 14 46 22 11 55 19 67 56 49 32 60 49 35 38 27 19 
31 16 57 23 55 31 76 55 43 35 16 6 43 11 41 18 61 46 33 23 4 31 21 34 2 49 51 41 30 22 38 69 41 89 71 58 50 31 40 7 56 54 43 31 19 38 87 75 62 53 33 59 41 29 19 39 87 74 67 49 77 66 49 54 38 27 
69 71 48 64 41 73 44 32 44 52 71 83 54 76 49 82 44 46 57 64 83 55 84 53 86 40 60 69 74 91 49 28 59 38 18 29 36 56 46 79 35 53 61 66 84 53 27 23 30 35 53 49 49 60 67 87 94 12 22 41 48 46 59 53 68 73 
56 58 37 52 29 61 36 22 32 40 59 71 42 64 36 70 34 36 46 52 71 43 73 42 74 28 53 60 64 80 36 18 46 35 12 18 24 43 35 67 23 46 53 56 73 41 26 21 23 24 42 38 38 49 56 74 12 96 11 29 47 42 51 46 59 63 
46 51 26 44 18 51 27 21 27 32 51 64 31 57 27 61 23 35 42 46 64 36 69 37 67 18 54 59 60 76 28 8 36 30 19 17 18 36 30 60 12 47 52 53 68 31 23 29 26 23 36 27 36 44 49 67 22 11 93 19 53 47 52 48 57 59 
27 33 17 25 8 32 31 21 18 16 32 47 13 39 8 41 18 29 30 30 46 19 54 25 49 2 49 50 48 60 11 20 18 41 31 21 10 18 18 42 7 45 44 41 53 12 38 40 31 21 23 19 27 30 32 49 41 29 19 119 58 49 47 45 48 46 
78 66 74 64 64 82 81 36 44 54 68 71 70 67 60 83 73 34 44 56 72 56 63 46 75 55 28 40 50 69 55 62 74 82 35 38 47 58 45 72 57 23 35 45 64 64 73 26 27 37 48 77 38 49 60 77 48 47 53 58 25 11 29 22 41 51 
67 55 66 53 55 71 74 27 33 44 57 60 60 56 50 72 65 23 33 44 61 45 53 35 64 46 18 31 40 59 45 55 64 77 30 30 38 47 35 61 49 12 25 35 54 54 68 23 20 27 37 68 27 38 49 66 46 42 47 49 11 45 19 12 31 41 
57 41 64 42 55 61 76 31 29 36 44 43 54 40 44 58 65 18 20 31 44 35 34 25 47 44 2 11 21 40 38 60 57 82 41 34 37 38 28 45 50 7 6 17 35 47 75 38 29 29 27 66 19 24 35 49 59 51 52 47 29 19 83 6 12 22 
59 45 62 44 53 63 74 27 27 36 47 48 54 45 44 62 63 16 23 34 49 36 40 26 52 42 7 18 28 47 38 56 57 79 35 30 35 39 28 49 47 0 12 23 41 47 71 31 23 26 29 65 19 27 38 54 53 46 48 45 22 12 6 22 19 29 
52 34 64 36 56 55 79 37 31 34 36 32 53 31 44 50 66 22 18 24 34 32 21 23 36 46 13 2 9 28 38 64 55 87 50 41 40 35 29 35 52 19 7 8 23 45 81 49 38 35 26 67 21 19 27 38 68 59 57 48 41 31 12 19 58 11 
45 25 61 29 54 47 77 41 31 31 27 21 48 21 40 40 63 27 17 18 23 28 11 22 25 44 24 13 2 18 35 64 49 87 55 44 41 30 29 25 52 29 16 7 12 41 82 56 44 38 23 64 24 15 19 27 73 63 59 46 51 41 22 29 11 38 
