36 9
41 8 13 19 17 16 12 0 19 20 14 5 13 6 7 8 13 14 18 18 9 9 17 6 19 13 12 5 20 8 8 12 8 9 0 4 
8 13 7 4 3 17 18 11 9 12 2 0 4 8 1 11 8 7 18 3 7 8 18 19 1 10 11 14 15 15 13 10 17 7 10 20 
13 7 70 14 9 10 20 12 0 12 20 15 2 18 4 3 17 10 5 8 16 18 15 14 4 14 13 11 3 18 14 3 14 19 6 3 
19 4 14 32 12 17 5 0 2 17 2 4 12 12 2 12 15 6 4 18 5 9 11 8 9 13 20 19 8 16 15 10 1 7 6 14 
17 3 9 12 29 18 1 2 12 9 14 5 16 14 8 3 17 19 17 10 12 20 18 20 9 17 1 17 9 20 2 15 1 9 11 11 
16 17 10 17 18 90 8 8 16 18 18 6 15 12 19 7 9 11 4 0 8 12 8 4 5 11 4 15 13 20 6 9 2 7 1 8 
12 18 20 5 1 8 41 14 0 20 20 13 14 13 0 8 4 6 17 16 5 3 10 6 0 10 12 19 11 14 0 18 3 0 14 14 
0 11 12 0 2 8 14 30 17 8 16 4 18 18 16 7 11 8 4 5 20 17 12 19 4 3 11 9 17 0 0 8 7 14 17 20 
19 9 0 2 12 16 0 17 74 3 9 9 20 15 11 3 4 8 8 0 4 8 14 2 17 11 3 10 11 9 3 3 9 1 4 1 
20 12 12 17 9 18 20 8 3 43 16 19 10 15 6 4 20 11 12 17 11 5 18 16 6 5 13 11 1 7 20 10 0 4 15 11 
14 2 20 2 14 18 20 16 9 16 0 4 19 13 13 16 7 0 13 4 11 0 4 20 19 2 7 2 9 12 4 5 7 11 20 8 
5 0 15 4 5 6 13 4 9 19 4 14 0 19 9 14 5 8 8 15 13 7 0 10 19 7 12 20 10 19 12 17 1 8 11 8 
13 4 2 12 16 15 14 18 20 10 19 0 32 0 12 11 9 5 20 6 19 18 1 8 5 11 13 14 3 20 17 13 17 4 11 15 
6 8 18 12 14 12 13 18 15 15 13 19 0 44 2 12 20 10 14 11 10 0 8 7 14 20 1 14 20 15 17 2 4 14 4 14 
7 1 4 2 8 19 0 16 11 6 13 9 12 2 100 10 13 19 5 20 6 7 6 12 20 3 11 8 16 2 17 2 4 14 2 6 
8 11 3 12 3 7 8 7 3 4 16 14 11 12 10 68 11 1 4 5 13 14 17 5 19 13 14 2 7 15 5 4 11 1 20 10 
13 8 17 15 17 9 4 11 4 20 7 5 9 20 13 11 100 17 16 18 16 11 10 9 14 10 7 6 1 15 1 11 19 8 0 8 
14 7 10 6 19 11 6 8 8 11 0 8 5 10 19 1 17 24 15 3 6 7 13 18 1 9 5 0 7 1 8 13 2 14 10 18 
18 18 5 4 17 4 17 4 8 12 13 8 20 14 5 4 16 15 53 20 10 10 17 4 7 7 10 11 19 10 6 6 11 6 16 12 
18 3 8 18 10 0 16 5 0 17 4 15 6 11 20 5 18 3 20 77 11 7 5 19 14 11 9 10 16 1 7 8 11 3 18 13 
9 7 16 5 12 8 5 20 4 11 11 13 19 10 6 13 16 6 10 11 81 13 16 14 9 5 8 19 19 2 12 0 15 0 1 9 
9 8 18 9 20 12 3 17 8 5 0 7 18 0 7 14 11 7 10 7 13 3 18 4 16 3 13 7 16 18 11 9 12 0 1 0 
17 18 15 11 18 8 10 12 14 18 4 0 1 8 6 17 10 13 17 5 16 18 41 13 3 2 2 7 11 12 6 14 17 0 0 16 
6 19 14 8 20 4 6 19 2 16 20 10 8 7 12 5 9 18 4 19 14 4 13 20 7 7 15 14 20 15 14 19 18 4 16 5 
19 1 4 9 9 5 0 4 17 6 19 19 5 14 20 19 14 1 7 14 9 16 3 7 9 2 3 5 8 1 8 0 13 2 18 8 
13 10 14 13 17 11 10 3 11 5 2 7 11 20 3 13 10 9 7 11 5 3 2 7 2 19 1 19 15 18 17 8 20 9 14 1 
12 11 13 20 1 4 12 11 3 13 7 12 13 1 11 14 7 5 10 9 8 13 2 15 3 1 69 15 10 19 0 13 8 20 11 12 
5 14 11 19 17 15 19 9 10 11 2 20 14 14 8 2 6 0 11 10 19 7 7 14 5 19 15 74 12 1 11 6 5 6 7 9 
20 15 3 8 9 13 11 17 11 1 9 10 3 20 16 7 1 7 19 16 19 16 11 20 8 15 10 12 59 12 17 17 17 7 12 2 
8 15 18 16 20 20 14 0 9 7 12 19 20 15 2 15 15 1 10 1 2 18 12 15 1 18 19 1 12 35 5 9 10 2 10 14 
8 13 14 15 2 6 0 0 3 20 4 12 17 17 17 5 1 8 6 7 12 11 6 14 8 17 0 11 17 5 74 8 1 9 1 14 
12 10 3 10 15 9 18 8 3 10 5 17 13 2 2 4 11 13 6 8 0 9 14 19 0 8 13 6 17 9 8 92 2 17 6 7 
8 17 14 1 1 2 3 7 9 0 7 1 17 4 4 11 19 2 11 11 15 12 17 18 13 20 8 5 17 10 1 2 1 1 9 6 
9 7 19 7 9 7 0 14 1 4 11 8 4 14 14 1 8 14 6 3 0 0 0 4 2 9 20 6 7 2 9 17 1 33 4 12 
0 10 6 6 11 1 14 17 4 15 20 11 11 4 2 20 0 10 16 18 1 1 0 16 18 14 11 7 12 10 1 6 9 4 23 3 
4 20 3 14 11 8 14 20 1 11 8 8 15 14 6 10 8 18 12 13 9 0 16 5 8 1 12 9 2 14 14 7 6 12 3 76 
