28 8
72 17 2 4 14 4 14 0 10 13 19 5 20 6 7 6 12 20 3 11 8 16 2 17 2 4 14 2 
17 92 20 11 1 4 5 13 14 17 5 19 13 14 2 7 15 5 4 11 1 20 10 4 17 16 18 16 
2 20 32 10 9 14 10 7 6 1 15 1 11 19 8 0 8 10 15 3 6 7 13 18 1 9 5 0 
4 11 10 74 1 8 13 2 14 10 18 5 20 10 10 17 4 7 7 10 11 19 10 6 6 11 6 16 
14 1 9 1 96 14 11 7 5 19 14 11 9 10 16 1 7 8 11 3 18 13 14 13 16 14 9 5 
4 4 14 8 14 4 19 19 2 12 0 15 0 1 9 10 18 4 16 3 13 7 16 18 11 9 12 0 
14 5 10 13 11 19 25 0 3 13 3 2 2 7 11 12 6 14 17 0 0 16 8 7 7 15 14 20 
0 13 7 2 7 19 0 95 14 19 18 4 16 5 20 2 3 5 8 1 8 0 13 2 18 8 3 1 
10 14 6 14 5 2 3 14 16 15 18 17 8 20 9 14 1 10 15 10 19 0 13 8 20 11 12 19 
13 17 1 10 19 12 13 19 15 76 1 11 6 5 6 7 9 10 12 17 17 17 7 12 2 9 5 9 
19 5 15 18 14 0 3 18 18 1 48 2 10 14 17 8 1 9 1 14 14 2 17 6 7 20 1 9 
5 19 1 5 11 15 2 4 17 11 2 64 13 4 12 15 3 7 15 2 20 2 20 3 1 1 6 7 
20 13 11 20 9 0 2 16 8 6 10 13 40 7 18 12 14 9 4 1 20 15 5 13 9 5 0 8 
6 14 19 10 10 1 7 5 20 5 14 4 7 15 10 2 10 15 15 19 9 3 10 13 10 16 12 0 
7 2 8 10 16 9 11 20 9 6 17 12 18 10 23 8 12 12 20 11 4 15 11 1 16 0 12 5 
6 7 0 17 1 10 12 2 14 7 8 15 12 2 8 90 17 18 10 5 3 13 15 5 19 6 9 19 
12 15 8 4 7 18 6 3 1 9 1 3 14 10 12 17 90 12 18 19 10 14 2 8 20 5 11 9 
20 5 10 7 8 4 14 5 10 10 9 7 9 15 12 18 12 52 16 14 20 2 5 9 18 19 14 10 
3 4 15 7 11 16 17 8 15 12 1 15 4 15 20 10 18 16 95 4 15 6 7 20 13 10 6 18 
11 11 3 10 3 3 0 1 10 17 14 2 1 19 11 5 19 14 4 34 17 20 8 5 8 0 7 18 
8 1 6 11 18 13 0 8 19 17 14 20 20 9 4 3 10 20 15 17 97 9 3 16 2 3 9 19 
16 20 7 19 13 7 16 0 0 17 2 2 15 3 15 13 14 2 6 20 9 73 2 20 14 11 15 8 
2 10 13 10 14 16 8 13 13 7 17 20 5 10 11 15 2 5 7 8 3 2 82 13 18 11 12 10 
17 4 18 6 13 18 7 2 8 12 6 3 13 13 1 5 8 9 20 5 16 20 13 67 13 19 0 14 
2 17 1 6 16 11 7 18 20 2 7 1 9 10 16 19 20 18 13 8 2 14 18 13 57 12 2 3 
4 16 9 11 14 9 15 8 11 9 20 1 5 16 0 6 5 19 10 0 3 11 11 19 12 56 9 10 
14 18 5 6 9 12 14 3 12 5 1 6 0 12 12 9 11 14 6 7 9 15 12 0 2 9 93 15 
2 16 0 16 5 0 20 1 19 9 9 7 8 0 5 19 9 10 18 18 19 8 10 14 3 10 15 26 
