28 8
41 2 18 10 13 20 13 10 8 12 0 4 19 11 10 3 6 18 0 12 5 19 3 4 17 3 9 11 
2 66 3 6 5 18 3 20 16 17 2 14 13 2 10 18 10 6 10 10 14 1 20 3 2 13 14 15 
18 3 53 2 5 18 6 10 13 1 10 10 0 2 0 19 18 0 9 9 16 11 9 9 4 3 13 7 
10 6 2 51 5 16 8 14 13 2 5 1 16 3 19 3 4 19 10 9 12 11 4 9 20 5 14 9 
13 5 5 5 94 2 10 11 7 20 14 3 16 8 11 17 3 9 0 16 0 3 11 1 7 5 9 17 
20 18 18 16 2 23 20 0 12 9 16 11 20 2 11 10 11 16 13 12 0 20 9 17 3 12 17 20 
13 3 6 8 10 20 19 18 12 17 7 12 13 3 15 2 17 17 13 1 10 2 8 5 0 0 2 16 
10 20 10 14 11 0 18 91 3 8 1 5 4 13 7 7 14 10 20 20 15 8 17 17 14 12 13 2 
8 16 13 13 7 12 12 3 41 5 9 11 17 13 7 3 0 14 9 9 10 6 9 10 8 5 9 15 
12 17 1 2 20 9 17 8 5 43 5 14 3 16 15 1 5 17 13 20 15 16 19 7 0 6 0 13 
0 2 10 5 14 16 7 1 9 5 86 13 7 19 10 0 15 1 4 11 15 17 16 10 12 3 14 8 
4 14 10 1 3 11 12 5 11 14 13 67 8 9 12 8 6 8 12 5 9 0 6 2 16 2 9 2 
19 13 0 16 16 20 13 4 17 3 7 8 18 15 0 20 9 11 14 12 10 17 20 9 3 3 0 11 
11 2 2 3 8 2 3 13 13 16 19 9 15 5 9 6 1 4 14 5 16 18 18 0 5 2 13 16 
10 10 0 19 11 11 15 7 7 15 10 12 0 9 83 17 18 10 3 7 16 6 9 11 1 9 4 12 
3 18 19 3 17 10 2 7 3 1 0 8 20 6 17 78 13 5 4 3 0 20 15 13 11 1 12 4 
6 10 18 4 3 11 17 14 0 5 15 6 9 1 18 13 68 4 6 0 19 8 4 17 4 15 19 9 
18 6 0 19 9 16 17 10 14 17 1 8 11 4 10 5 4 34 7 2 3 2 3 14 15 13 12 15 
0 10 9 10 0 13 13 20 9 13 4 12 14 14 3 4 6 7 35 13 1 19 12 19 8 6 19 18 
12 10 9 9 16 12 1 20 9 20 11 5 12 5 7 3 0 2 13 95 5 4 16 20 1 8 20 15 
5 14 16 12 0 0 10 15 10 15 15 9 10 16 16 0 19 3 1 5 82 11 20 17 14 0 20 15 
19 1 11 11 3 20 2 8 6 16 17 0 17 18 6 20 8 2 19 4 11 11 7 12 6 9 2 8 
3 20 9 4 11 9 8 17 9 19 16 6 20 18 9 15 4 3 12 16 20 7 56 12 17 15 5 17 
4 3 9 9 1 17 5 17 10 7 10 2 9 0 11 13 17 14 19 20 17 12 12 11 1 6 13 8 
17 2 4 20 7 3 0 14 8 0 12 16 3 5 1 11 4 15 8 1 14 6 17 1 40 10 16 1 
3 13 3 5 5 12 0 12 5 6 3 2 3 2 9 1 15 13 6 8 0 9 15 6 10 60 3 6 
9 14 13 14 9 17 2 13 9 0 14 9 0 13 4 12 19 12 19 20 20 2 5 13 16 3 15 0 
11 15 7 9 17 20 16 2 15 13 8 2 11 16 12 4 9 15 18 15 15 8 17 8 1 6 0 74 
