55 11
55 36 33 40 36 38 8 34 20 39 49 7 34 19 29 19 9 31 31 40 70 55 65 43 42 63 67 47 43 45 14 40 26 46 58 66 33 49 54 67 56 21 44 40 57 29 47 50 64 15 24 30 29 48 51 
36 98 50 28 40 31 39 49 18 30 27 33 2 18 7 38 31 22 5 7 34 19 29 19 9 31 31 33 43 36 38 51 19 35 35 37 9 34 19 38 36 24 43 13 36 13 37 16 37 36 18 12 18 36 17 
33 50 14 31 15 26 25 2 33 28 74 27 48 34 44 52 27 59 45 49 79 62 74 66 50 81 76 34 19 29 19 9 31 31 49 60 41 36 60 62 45 26 22 44 46 36 32 55 57 19 50 38 32 34 57 
40 28 31 68 16 5 37 29 22 3 56 33 27 24 25 53 31 47 25 23 49 33 44 47 24 56 46 7 17 8 31 28 15 7 19 29 19 9 31 31 16 18 15 16 17 16 9 26 27 28 39 17 13 9 28 
36 40 15 16 39 11 29 12 26 13 66 29 38 27 34 53 27 53 36 37 65 49 60 57 38 70 62 18 7 14 22 12 21 16 34 45 30 21 47 47 29 19 9 31 31 26 17 42 42 20 45 27 21 18 44 
38 31 26 5 11 59 34 24 22 2 59 31 31 24 27 53 29 49 28 27 54 38 49 50 28 60 51 8 12 7 28 23 15 7 23 34 22 11 36 36 19 17 11 20 21 19 9 31 31 25 41 20 15 9 33 
8 39 25 37 29 34 38 26 21 35 56 6 37 21 32 27 8 38 34 41 73 57 68 49 44 68 70 43 36 41 7 32 25 42 56 64 34 45 55 66 53 19 38 40 54 29 43 51 63 9 31 31 28 44 53 
34 49 2 29 12 24 26 18 32 26 73 28 47 33 42 53 27 58 44 47 77 61 72 65 49 80 74 31 17 27 19 7 29 29 47 58 40 34 58 60 42 25 19 42 44 35 29 53 55 19 50 37 31 31 55 
20 18 33 22 26 22 21 32 62 22 41 16 16 2 11 31 13 27 13 20 51 35 46 33 22 49 48 29 31 29 19 36 7 29 38 45 12 30 34 46 36 7 32 19 37 8 31 29 43 17 19 10 9 31 31 
39 30 28 3 13 2 35 26 22 63 58 32 29 24 26 53 30 48 27 26 52 36 47 49 26 59 49 7 14 7 29 25 15 7 21 32 21 10 34 34 18 18 13 19 19 18 8 29 29 27 40 19 14 9 31 
49 27 74 56 66 59 56 73 41 58 72 50 28 40 31 39 49 18 30 33 40 36 38 8 34 20 39 61 70 64 57 77 45 63 61 60 37 62 37 60 63 48 70 41 62 40 64 38 60 56 24 39 45 63 38 
7 33 27 33 29 31 6 28 16 32 50 67 31 15 26 25 2 33 28 36 67 51 62 43 38 62 64 40 36 38 8 34 20 39 52 60 28 42 50 61 49 15 37 35 50 24 40 45 58 9 25 26 23 41 47 
34 2 48 27 38 31 37 47 16 29 28 31 80 16 5 37 29 22 3 8 36 21 31 19 10 32 33 33 42 36 36 50 17 35 36 38 8 34 20 39 36 22 42 14 36 12 36 17 38 34 16 10 17 35 19 
19 18 34 24 27 24 21 33 2 24 40 15 16 72 11 29 12 26 13 20 52 36 47 32 23 48 49 31 33 31 19 37 9 31 40 46 13 32 34 48 38 8 34 20 39 9 33 30 45 17 17 11 10 33 32 
29 7 44 25 34 27 32 42 11 26 31 26 5 11 77 34 24 22 2 10 40 25 36 23 13 37 38 31 39 33 31 45 13 32 36 40 6 32 24 41 36 17 39 14 36 8 34 20 39 29 15 7 13 33 22 
19 38 52 53 53 53 27 53 31 53 39 25 37 29 34 17 26 21 35 44 70 57 66 36 47 57 68 60 60 60 33 59 38 60 69 74 40 62 57 75 68 36 61 48 68 38 62 54 73 34 20 39 40 62 56 
9 31 27 31 27 29 8 27 13 30 49 2 29 12 24 26 68 32 26 33 65 49 60 42 36 60 62 38 34 36 8 33 18 37 49 58 26 40 47 59 47 12 36 33 48 21 38 43 56 8 24 23 20 39 45 
31 22 59 47 53 49 38 58 27 48 18 33 22 26 22 21 32 41 22 30 50 39 47 14 31 36 48 54 59 55 41 63 33 55 58 60 29 55 40 61 58 34 59 36 58 30 56 38 60 40 8 30 34 56 39 
31 5 45 25 36 28 34 44 13 27 30 28 3 13 2 35 26 22 78 9 38 23 34 22 11 35 36 32 40 34 33 47 15 33 35 39 6 32 22 40 36 19 40 13 36 9 35 19 38 31 16 8 14 34 20 
40 7 49 23 37 27 41 47 20 26 33 36 8 20 10 44 33 30 9 101 31 15 26 25 2 33 28 28 40 31 39 49 18 30 28 30 8 28 14 31 29 24 39 7 29 13 31 10 30 37 24 11 16 30 11 
70 34 79 49 65 54 73 77 51 52 40 67 36 52 40 70 65 50 38 31 56 16 5 37 29 22 3 50 66 55 70 77 49 53 40 31 39 49 18 30 44 55 64 35 42 44 54 23 34 68 49 42 47 52 21 
55 19 62 33 49 38 57 61 35 36 36 51 21 36 25 57 49 39 23 15 16 80 11 29 12 26 13 35 50 40 54 61 33 38 28 24 23 34 2 24 31 39 49 18 30 27 39 7 25 52 37 25 31 37 5 
65 29 74 44 60 49 68 72 46 47 38 62 31 47 36 66 60 47 34 26 5 11 63 34 24 22 2 45 61 50 65 72 44 48 35 28 34 44 13 27 40 50 59 30 38 39 49 18 30 63 46 37 42 47 16 
43 19 66 47 57 50 49 65 33 49 8 43 19 32 23 36 42 14 22 25 37 29 34 78 26 21 35 53 62 56 50 68 36 55 53 53 28 53 30 53 54 40 62 32 54 31 56 31 53 49 18 30 36 55 31 
42 9 50 24 38 28 44 49 22 26 34 38 10 23 13 47 36 31 11 2 29 12 24 26 98 32 26 28 40 32 41 50 20 30 27 28 10 28 11 29 28 26 40 7 28 15 31 7 28 39 27 13 18 30 9 
63 31 81 56 70 60 68 80 49 59 20 62 32 48 37 57 60 36 35 33 22 26 22 21 32 37 22 60 73 64 68 82 50 62 54 49 40 59 28 48 57 55 72 40 56 44 63 31 51 66 39 43 49 62 30 
67 31 76 46 62 51 70 74 48 49 39 64 33 49 38 68 62 48 36 28 3 13 2 35 26 22 61 47 63 52 67 74 46 50 37 29 36 46 15 28 41 52 61 32 40 41 51 20 31 65 47 39 44 49 18 
47 33 34 7 18 8 43 31 29 7 61 40 33 31 31 60 38 54 32 28 50 35 45 53 28 60 47 62 16 5 37 29 22 3 15 26 25 2 33 28 10 25 14 20 12 23 3 28 23 34 46 24 20 2 30 
43 43 19 17 7 12 36 17 31 14 70 36 42 33 39 60 34 59 40 40 66 50 61 62 40 73 63 16 30 11 29 12 26 13 31 42 34 18 48 44 26 25 2 33 28 30 13 43 39 27 50 31 26 15 45 
45 36 29 8 14 7 41 27 29 7 64 38 36 31 33 60 36 55 34 31 55 40 50 56 32 64 52 5 11 53 34 24 22 2 20 31 27 7 37 33 15 24 9 24 17 25 2 33 28 32 47 26 21 4 34 
14 38 19 31 22 28 7 19 19 29 57 8 36 19 31 33 8 41 33 39 70 54 65 50 41 68 67 37 29 34 50 26 21 35 50 59 31 39 52 61 47 15 31 37 48 26 36 48 57 2 33 28 24 38 50 
40 51 9 28 12 23 32 7 36 25 77 34 50 37 45 59 33 63 47 49 77 61 72 68 50 82 74 29 12 24 26 5 32 26 44 55 42 31 59 57 39 28 15 43 41 37 26 54 52 25 54 39 33 28 56 
26 19 31 15 21 15 25 29 7 15 45 20 17 9 13 38 18 33 15 18 49 33 44 36 20 50 46 22 26 22 21 32 66 22 31 39 10 23 31 41 30 6 26 15 30 5 24 26 37 19 25 7 2 24 28 
46 35 31 7 16 7 42 29 29 7 63 39 35 31 32 60 37 55 33 30 53 38 48 55 30 62 50 3 13 2 35 26 22 57 18 29 26 5 36 31 13 25 11 23 15 24 1 31 26 33 47 25 21 2 33 
58 35 49 19 34 23 56 47 38 21 61 52 36 40 36 69 49 58 35 28 40 28 35 53 27 54 37 15 31 20 50 44 31 18 33 11 29 12 26 13 5 37 29 22 3 30 17 23 8 48 51 30 29 15 24 
66 37 60 29 45 34 64 58 45 32 60 60 38 46 40 74 58 60 39 30 31 24 28 53 28 49 29 26 42 31 59 55 39 29 11 10 34 24 22 2 16 45 40 26 14 37 29 22 3 57 55 35 37 27 22 
33 9 41 19 30 22 34 40 12 21 37 28 8 13 6 40 26 29 6 8 39 23 34 28 10 40 36 25 34 27 31 42 10 26 29 34 74 26 21 35 29 16 34 8 29 5 28 17 33 29 22 3 9 27 19 
49 34 36 9 21 11 45 34 30 10 62 42 34 32 32 62 40 55 32 28 49 34 44 53 28 59 46 2 18 7 39 31 23 5 12 24 26 58 32 26 8 27 16 21 10 25 5 28 21 37 47 25 22 3 29 
54 19 60 31 47 36 55 58 34 34 37 50 20 34 24 57 47 40 22 14 18 2 13 30 11 28 15 33 48 37 52 59 31 36 26 22 21 32 44 22 29 37 46 16 28 26 36 5 23 50 37 24 29 35 3 
67 38 62 31 47 36 66 60 46 34 60 61 39 48 41 75 59 61 40 31 30 24 27 53 29 48 28 28 44 33 61 57 41 31 13 2 35 26 22 6 18 46 42 27 16 38 31 22 5 59 56 37 38 29 22 
56 36 45 16 29 19 53 42 36 18 63 49 36 38 36 68 47 58 36 29 44 31 40 54 28 57 41 10 26 15 47 39 30 13 5 16 29 8 29 18 23 34 24 22 2 29 12 26 13 44 51 29 27 11 27 
21 24 26 18 19 17 19 25 7 18 48 15 22 8 17 36 12 34 19 24 55 39 50 40 26 55 52 25 25 24 15 28 6 25 37 45 16 27 37 46 34 59 26 21 35 11 26 32 43 12 26 13 8 27 34 
44 43 22 15 9 11 38 19 32 13 70 37 42 34 39 61 36 59 40 39 64 49 59 62 40 72 61 14 2 9 31 15 26 11 29 40 34 16 46 42 24 26 25 32 26 30 11 42 37 29 51 31 26 13 43 
40 13 44 16 31 20 40 42 19 19 41 35 14 20 14 48 33 36 13 7 35 18 30 32 7 40 32 20 33 24 37 43 15 23 22 26 8 21 16 27 22 21 32 52 22 11 24 11 25 34 29 9 12 23 13 
57 36 46 17 31 21 54 44 37 19 62 50 36 39 36 68 48 58 36 29 42 30 38 54 28 56 40 12 28 17 48 41 30 15 3 14 29 10 28 16 2 35 26 22 27 30 14 25 11 46 51 29 28 12 26 
29 13 36 16 26 19 29 35 8 18 40 24 12 9 8 38 21 30 9 13 44 27 39 31 15 44 41 23 30 25 26 37 5 24 30 37 5 25 26 38 29 11 30 11 30 69 26 21 35 24 22 2 4 25 23 
47 37 32 9 17 9 43 29 31 8 64 40 36 33 34 62 38 56 35 31 54 39 49 56 31 63 51 3 13 2 36 26 24 1 17 29 28 5 36 31 12 26 11 24 14 26 48 32 26 34 48 26 22 2 33 
50 16 55 26 42 31 51 53 29 29 38 45 17 30 20 54 43 38 19 10 23 7 18 31 7 31 20 28 43 33 48 54 26 31 23 22 17 28 5 22 26 32 42 11 25 21 32 45 22 45 34 19 24 30 2 
64 37 57 27 42 31 63 55 43 29 60 58 38 45 39 73 56 60 38 30 34 25 30 53 28 51 31 23 39 28 57 52 37 26 8 3 33 21 23 5 13 43 37 25 11 35 26 22 4 55 54 34 35 24 22 
15 36 19 28 20 25 9 19 17 27 56 9 34 17 29 34 8 40 31 37 68 52 63 49 39 66 65 34 27 32 2 25 19 33 48 57 29 37 50 59 44 12 29 34 46 24 34 45 55 52 32 26 21 35 47 
24 18 50 39 45 41 31 50 19 40 24 25 16 17 15 20 24 8 16 24 49 37 46 18 27 39 47 46 50 47 33 54 25 47 51 55 22 47 37 56 51 26 51 29 51 22 48 34 54 32 43 22 26 48 35 
30 12 38 17 27 20 31 37 10 19 39 26 10 11 7 39 23 30 8 11 42 25 37 30 13 43 39 24 31 26 28 39 7 25 30 35 3 25 24 37 29 13 31 9 29 2 26 19 34 26 22 71 6 26 21 
29 18 32 13 21 15 28 31 9 14 45 23 17 10 13 40 20 34 14 16 47 31 42 36 18 49 44 20 26 21 24 33 2 21 29 37 9 22 29 38 27 8 26 12 28 4 22 24 35 21 26 6 64 22 26 
48 36 34 9 18 9 44 31 31 9 63 41 35 33 33 62 39 56 34 30 52 37 47 55 30 62 49 2 15 4 38 28 24 2 15 27 27 3 35 29 11 27 13 23 12 25 2 30 24 35 48 26 22 52 32 
51 17 57 28 44 33 53 55 31 31 38 47 19 32 22 56 45 39 20 11 21 5 16 31 9 30 18 30 45 34 50 56 28 33 24 22 19 29 3 22 27 34 43 13 26 23 33 2 22 47 35 21 26 32 45 
