15 6
22 13 13 0 17 13 15 14 7 9 3 16 17 10 7 
13 42 15 18 2 12 9 16 3 7 13 12 13 4 15 
13 15 51 17 12 1 17 15 15 7 2 11 18 1 15 
0 18 17 96 13 19 4 10 17 3 16 5 5 8 18 
17 2 12 13 86 1 12 8 13 12 13 0 1 3 14 
13 12 1 19 1 99 5 14 9 7 14 15 3 2 10 
15 9 17 4 12 5 6 0 16 2 2 9 8 20 3 
14 16 15 10 8 14 0 97 16 11 5 3 18 13 7 
7 3 15 17 13 9 16 16 20 4 3 6 10 15 16 
9 7 7 3 12 7 2 11 4 55 6 14 18 3 6 
3 13 2 16 13 14 2 5 3 6 38 18 15 14 14 
16 12 11 5 0 15 9 3 6 14 18 4 1 20 4 
17 13 18 5 1 3 8 18 10 18 15 1 42 15 1 
10 4 1 8 3 2 20 13 15 3 14 20 15 20 16 
7 15 15 18 14 10 3 7 16 6 14 4 1 16 77 
