120 16
28 43 41 20 22 30 36 25 36 21 6 22 22 20 12 35 27 8 26 17 25 11 24 15 7 13 19 7 18 66 43 19 59 69 53 52 56 39 40 30 50 46 46 35 57 61 52 62 46 34 48 43 48 30 29 34 37 29 44 22 13 30 31 25 7 22 17 23 43 7 23 35 41 21 16 53 41 49 38 23 35 30 37 24 46 49 47 30 36 28 43 36 46 31 17 31 28 31 18 34 30 47 47 42 19 17 20 14 28 27 17 20 13 13 36 27 5 25 7 15 
43 70 32 39 61 24 11 29 47 21 39 45 54 30 35 14 30 46 69 29 18 35 48 33 49 50 60 37 48 27 8 26 17 25 11 24 15 7 13 19 7 18 40 53 36 29 35 55 19 30 46 50 33 18 65 31 18 35 54 25 42 51 59 36 36 49 36 54 70 47 65 70 80 56 60 16 24 44 9 26 37 44 23 19 13 33 4 13 24 30 11 13 47 14 31 41 49 26 25 32 47 60 66 46 37 27 30 39 16 28 47 57 33 42 64 42 40 50 50 29 
41 32 55 24 47 13 22 16 18 29 34 26 36 20 42 39 14 37 59 26 31 30 28 42 48 39 48 34 56 35 24 25 37 51 32 16 46 35 19 17 32 49 8 26 17 25 11 24 15 7 13 19 7 18 47 7 14 13 23 22 31 26 36 17 36 30 24 36 44 40 53 50 60 40 55 26 8 12 23 19 9 19 9 31 21 8 36 26 9 13 22 40 14 22 24 16 26 10 33 7 23 29 37 14 22 36 21 28 25 47 32 42 28 49 41 19 36 29 44 37 
20 39 24 16 23 17 29 11 17 22 13 5 14 9 26 38 11 14 35 13 27 12 9 27 26 15 24 15 37 55 35 15 52 64 46 37 54 38 30 20 44 50 27 17 41 47 35 42 33 17 28 23 31 21 26 17 25 11 24 15 7 13 19 7 18 9 5 15 31 16 29 31 40 17 32 43 26 30 31 13 16 10 23 25 36 32 44 27 21 11 34 39 26 25 9 11 11 17 22 17 11 29 31 22 2 24 9 6 24 37 9 19 10 31 25 7 14 10 20 24 
22 61 47 23 52 41 52 34 33 40 23 20 11 31 34 55 35 15 14 32 45 26 19 37 23 10 4 25 37 79 58 35 75 87 69 61 75 58 53 43 66 67 48 27 64 71 57 60 57 40 47 38 53 44 8 40 49 34 37 36 18 23 16 30 27 17 25 11 24 15 7 13 19 7 18 66 50 50 53 36 37 28 47 43 60 55 65 48 45 35 57 56 44 47 29 31 22 40 38 40 26 38 32 40 26 38 32 22 45 49 14 4 27 35 18 27 22 18 15 37 
30 24 13 17 41 34 13 6 22 16 24 21 31 10 29 28 6 28 52 14 19 19 25 29 37 31 41 23 43 38 18 12 35 48 29 21 40 25 13 5 27 39 20 28 27 31 22 37 16 7 24 27 18 6 43 8 8 11 30 9 22 26 35 12 24 26 15 32 46 30 46 48 57 35 46 25 11 24 15 7 13 19 7 18 19 19 28 15 5 6 17 28 24 11 13 16 24 2 20 8 23 36 42 22 14 23 10 19 13 34 26 36 17 37 40 17 25 26 34 24 
36 11 22 29 52 13 51 18 36 15 31 34 43 20 31 17 19 37 61 20 14 26 38 29 42 41 51 29 44 30 6 17 23 35 17 19 26 12 5 8 14 26 30 42 30 27 28 46 13 20 36 40 25 7 55 21 8 24 43 15 33 40 48 25 29 38 26 44 59 39 56 60 70 46 53 17 15 35 1 15 26 33 13 14 11 24 15 7 13 19 7 18 36 4 22 30 38 15 20 21 36 49 55 35 26 22 20 29 8 29 37 47 24 38 54 31 32 39 42 24 
25 29 16 11 34 6 18 22 20 15 18 16 25 4 26 30 3 22 45 9 19 14 19 26 32 24 35 18 39 44 24 10 41 53 35 27 44 28 19 10 33 41 23 24 32 37 27 39 22 9 25 25 23 10 37 10 15 8 28 7 16 21 29 7 19 20 9 26 41 24 40 42 51 28 40 32 17 26 20 4 13 15 13 18 25 24 33 17 11 3 23 31 24 15 7 13 19 7 18 10 18 33 38 22 8 20 4 13 15 33 19 30 11 33 35 12 19 20 28 21 
36 47 18 17 33 22 36 20 49 35 30 14 21 21 43 50 17 29 47 28 39 28 14 44 43 28 35 32 54 54 40 29 55 68 50 35 62 48 34 28 49 61 16 7 33 44 27 27 33 16 14 6 24 29 30 15 29 12 8 27 23 10 19 13 35 16 21 22 26 32 40 33 43 26 46 44 25 17 37 24 10 6 24 38 39 25 51 37 23 17 38 51 11 34 23 6 10 20 37 15 7 13 19 7 18 39 22 23 35 53 21 28 26 48 23 9 31 14 36 39 
21 21 29 22 40 16 15 15 35 30 17 27 34 14 15 15 18 24 47 8 4 13 31 14 27 29 39 16 29 45 21 6 38 47 31 34 35 17 20 13 28 28 37 39 42 42 38 54 27 23 41 41 34 12 45 24 19 24 44 8 22 35 41 22 14 31 17 35 53 26 43 51 59 36 38 32 25 41 17 11 28 30 21 3 26 35 25 8 21 19 22 17 40 11 13 29 33 19 4 24 33 49 53 37 19 7 13 19 7 18 28 36 13 22 47 27 18 32 28 8 
6 39 34 13 23 24 31 18 30 17 14 17 20 14 13 32 20 7 30 11 22 4 20 16 14 12 21 2 23 60 37 13 54 65 48 45 53 35 34 24 45 44 40 30 51 55 45 56 39 27 41 37 41 24 29 27 31 23 38 16 8 25 28 19 5 18 10 20 40 8 26 34 42 20 22 47 35 43 32 17 28 24 31 20 41 42 43 25 29 21 37 33 39 26 11 25 23 25 15 27 24 42 42 35 13 15 14 7 23 27 13 19 7 18 33 21 1 20 11 14 
22 45 26 5 20 21 34 16 14 27 17 27 10 14 30 43 15 15 34 19 32 16 3 32 29 14 22 19 40 59 40 21 57 69 51 41 60 43 35 26 49 55 28 12 43 51 36 41 37 20 27 21 33 26 21 19 30 13 21 20 9 8 14 10 22 4 10 10 25 17 27 26 36 14 32 47 30 30 36 19 17 8 27 31 41 34 49 32 25 16 39 44 24 30 14 11 5 21 28 19 7 24 25 20 8 29 15 9 30 43 7 16 15 35 19 7 18 4 21 29 
22 54 36 14 11 31 43 25 21 34 20 10 39 23 33 50 25 14 25 26 39 21 8 36 27 9 14 22 40 69 49 28 66 79 60 51 69 51 45 35 58 63 37 16 52 61 46 49 47 30 35 27 42 36 11 29 40 23 26 29 12 12 8 20 25 5 18 0 20 15 18 16 26 4 26 57 40 38 45 28 26 17 37 38 51 44 58 41 35 25 48 52 32 39 22 20 11 31 33 29 14 27 24 28 17 34 23 15 38 47 6 7 21 36 13 16 20 7 18 33 
20 30 20 9 31 10 20 4 21 14 14 14 23 14 22 29 6 18 42 6 18 9 18 23 28 21 31 14 35 47 26 7 43 55 37 31 45 29 22 12 35 41 26 25 36 41 31 43 26 13 29 27 27 12 35 14 18 11 30 6 12 21 28 8 15 18 5 24 40 20 36 40 49 26 36 35 21 30 22 4 16 16 17 17 28 28 35 18 15 7 25 30 28 16 3 15 19 11 15 14 19 35 39 24 6 17 0 9 15 31 17 27 7 29 34 13 15 19 24 18 
12 35 42 26 34 29 31 26 43 15 13 30 33 22 36 24 29 19 37 16 17 14 33 3 14 25 31 11 14 61 37 17 52 60 46 49 46 29 35 27 42 35 49 43 57 58 52 66 42 35 51 49 48 27 41 36 34 33 51 20 22 39 41 30 8 32 21 34 54 19 35 47 54 33 26 48 40 53 32 22 38 36 36 17 42 49 39 24 35 29 38 25 50 26 19 36 36 32 11 36 38 55 56 47 24 8 22 20 22 15 27 31 16 7 47 33 13 34 19 7 
35 14 39 38 55 28 17 30 50 15 32 43 50 29 24 87 32 39 61 24 11 29 47 21 39 45 54 30 35 41 20 22 30 36 25 36 21 6 22 22 20 12 47 54 47 42 45 64 30 35 52 54 42 21 61 36 25 38 58 23 38 51 57 37 28 47 33 51 69 41 58 67 75 52 51 29 32 52 17 25 41 45 30 12 26 42 16 12 30 32 22 1 52 16 28 43 48 30 17 36 48 63 68 50 35 18 28 35 15 15 44 52 29 30 63 42 33 48 42 19 
27 30 14 11 35 6 19 3 17 18 20 15 25 6 29 32 83 24 47 13 22 16 18 29 34 26 36 20 42 43 25 13 41 54 35 26 46 30 19 11 34 44 20 22 30 36 25 36 21 6 22 22 20 12 37 7 14 5 25 10 17 20 29 5 22 19 11 26 39 26 41 41 51 29 42 32 15 23 21 7 9 13 12 21 25 22 35 20 10 0 23 33 21 16 10 11 18 5 21 7 16 31 36 19 9 24 7 15 17 36 20 30 14 36 34 11 22 20 30 24 
8 46 37 14 15 28 37 22 29 24 7 15 14 18 19 39 24 40 23 17 29 11 17 22 13 5 14 9 26 66 43 20 61 72 54 50 60 42 40 30 51 51 41 27 54 60 48 56 44 30 42 36 44 30 22 30 36 25 36 21 6 22 22 20 12 14 13 14 34 2 19 28 35 13 18 53 39 44 39 22 30 23 35 27 46 46 50 32 33 24 43 41 39 32 15 25 20 29 22 30 23 39 38 35 15 22 18 9 30 34 9 12 12 22 27 21 6 17 6 21 
26 69 59 35 14 52 61 45 47 47 30 34 25 42 37 61 47 23 44 41 52 34 33 40 23 20 11 31 34 90 67 43 85 95 78 73 82 65 64 54 75 72 62 41 76 83 70 74 68 53 60 52 66 54 20 52 60 46 51 45 29 37 30 42 33 30 36 25 36 21 6 22 22 20 12 77 62 63 63 46 51 42 58 50 70 68 73 56 57 47 67 62 58 56 39 45 36 52 44 52 39 51 46 54 37 43 42 32 53 52 27 18 36 35 31 41 28 32 19 42 
17 29 26 13 32 14 20 9 28 8 11 19 26 6 16 24 13 17 41 61 13 6 22 16 24 21 31 10 29 49 26 2 43 54 37 35 43 25 23 13 34 37 33 30 41 44 36 49 29 19 35 34 32 13 37 20 20 17 36 5 14 27 32 14 10 22 8 26 45 19 36 42 51 28 33 36 25 36 21 6 22 22 20 12 30 33 33 15 19 13 26 25 34 15 4 21 24 15 9 20 24 41 44 31 11 11 6 10 12 25 19 28 4 23 38 19 12 23 22 11 
25 18 31 27 45 19 14 19 39 4 22 32 39 18 17 11 22 29 52 13 73 18 36 15 31 34 43 20 31 43 19 11 34 43 28 33 30 13 19 14 24 23 39 43 43 41 39 56 27 26 44 45 36 13 50 27 20 28 48 12 27 40 46 26 18 36 22 40 58 30 48 56 64 41 42 30 26 44 15 15 32 35 23 1 25 36 21 6 22 22 20 12 43 10 17 33 37 21 7 27 37 53 57 41 24 9 18 24 6 15 33 41 18 24 52 32 23 37 33 10 
11 35 30 12 26 19 26 14 28 13 4 16 21 9 14 29 16 11 34 6 18 50 20 15 18 16 25 4 26 55 33 9 50 61 43 41 49 31 29 19 40 41 36 29 46 50 41 52 35 23 38 35 37 20 31 23 26 20 36 11 9 25 29 16 6 19 7 22 41 12 30 37 45 22 26 43 30 39 28 12 25 22 26 17 36 38 39 21 25 17 33 30 36 21 6 22 22 20 12 24 23 41 42 33 10 13 9 7 19 26 14 22 2 20 34 19 6 21 15 12 
24 48 28 9 19 25 38 19 14 31 20 3 8 18 33 47 18 17 33 22 36 20 73 35 30 14 21 21 43 61 43 25 60 73 54 43 64 47 38 29 52 59 29 10 44 53 38 41 40 22 27 20 34 30 19 22 33 15 20 24 11 5 10 13 25 2 14 8 22 19 26 23 33 12 32 50 33 30 39 22 18 9 30 34 44 36 53 36 28 19 42 48 25 34 18 12 3 24 31 21 6 22 22 20 12 33 18 13 33 46 8 15 19 38 16 8 20 1 22 32 
15 33 42 27 37 29 29 26 44 14 16 32 36 23 3 21 29 22 40 16 15 15 35 43 17 27 34 14 15 59 35 16 50 58 43 48 43 27 34 26 40 32 49 45 56 56 52 66 41 35 52 50 48 26 44 36 33 34 52 20 24 41 44 31 10 34 23 36 56 22 38 50 57 35 29 46 39 53 30 22 39 38 35 15 40 49 36 22 34 30 36 22 51 25 20 37 38 31 9 36 39 56 58 48 26 6 22 22 20 12 29 34 17 9 49 35 16 36 22 5 
7 49 48 26 23 37 42 32 43 27 14 29 27 28 14 39 34 13 23 24 31 18 30 17 13 17 20 14 13 72 49 26 65 74 59 59 61 43 46 37 55 49 53 41 65 68 59 69 53 41 55 50 55 37 31 41 44 37 50 29 20 36 35 33 13 28 24 27 46 11 22 37 42 24 11 59 48 57 44 30 42 37 44 30 53 56 53 36 43 35 49 40 53 38 25 38 34 39 23 42 36 53 51 49 27 21 28 21 34 29 22 22 20 12 39 34 12 30 9 20 
13 50 39 15 10 31 41 24 28 29 12 14 9 21 25 45 26 5 20 21 34 16 14 27 17 45 10 14 30 69 47 24 65 76 58 52 65 47 43 33 56 57 41 24 56 62 50 55 47 32 41 34 46 34 16 32 39 26 34 26 8 20 17 22 17 11 15 9 29 6 15 22 30 8 18 57 41 44 43 25 30 22 38 33 50 47 55 37 36 26 47 46 39 37 19 25 18 31 27 32 21 36 34 34 16 27 21 11 34 40 6 6 16 27 22 20 12 14 8 26 
19 60 48 24 4 41 51 35 35 39 21 22 14 31 31 54 36 14 11 31 43 25 21 34 20 10 45 23 33 79 57 34 75 86 68 62 74 56 53 43 66 65 50 30 65 72 59 63 57 41 49 41 55 44 12 41 49 35 40 36 18 26 20 31 25 19 25 13 28 13 5 17 22 9 14 67 51 52 53 36 39 30 48 42 60 56 64 47 46 36 57 55 46 47 29 33 25 41 36 41 28 41 36 42 26 36 31 21 44 47 15 6 26 31 22 29 20 20 12 35 
7 37 34 15 25 23 29 18 32 16 2 19 22 14 11 30 20 9 31 10 20 4 21 14 14 14 23 41 22 59 36 12 53 63 46 45 51 33 33 23 43 42 40 31 50 54 45 56 39 27 42 38 41 23 31 28 30 23 39 15 10 27 30 20 3 20 11 22 42 10 27 37 44 22 23 46 34 43 31 16 29 25 30 19 40 42 41 24 29 21 36 31 40 25 10 26 24 25 13 28 26 43 44 36 14 13 13 9 21 25 15 21 6 16 35 22 2 22 12 12 
18 48 56 37 37 43 44 39 54 29 23 40 40 35 14 35 42 26 34 29 31 26 43 15 13 30 33 22 24 74 50 30 65 72 59 63 57 41 49 41 55 43 62 53 71 72 66 79 57 49 64 61 62 41 45 49 48 46 62 34 31 48 48 42 20 40 33 40 60 24 35 50 55 38 22 61 54 66 46 36 51 48 50 30 55 63 51 37 49 43 51 36 63 40 32 48 46 45 25 50 48 65 65 59 36 22 35 31 36 21 35 36 28 6 53 45 22 43 22 20 
66 27 35 55 79 38 30 44 54 45 60 59 69 47 61 41 43 66 90 49 43 55 61 59 72 69 79 59 74 65 24 47 13 22 16 18 29 34 26 36 20 42 39 61 24 11 29 47 21 39 45 54 30 35 80 40 29 46 58 44 60 61 71 49 59 63 53 69 80 68 84 85 95 72 82 13 29 42 28 43 44 54 31 44 19 29 26 37 33 43 23 41 47 34 50 50 60 38 50 40 57 63 72 49 52 52 47 57 38 56 64 74 53 68 76 53 61 63 71 54 
43 8 24 35 58 18 6 24 40 21 37 40 49 26 37 20 25 43 67 26 19 33 43 35 49 47 57 36 50 24 79 23 17 29 11 17 22 13 5 14 9 26 32 46 28 22 27 47 11 23 38 43 25 13 61 24 11 29 47 21 39 45 54 30 35 44 32 50 64 45 63 66 76 52 59 11 16 36 4 22 30 38 15 20 6 24 11 13 16 24 2 20 39 11 28 35 43 20 26 25 41 53 60 38 32 28 26 36 14 33 43 53 31 44 59 36 39 45 49 30 
19 26 25 15 35 12 17 10 29 6 13 21 28 7 17 22 13 20 43 2 11 9 25 16 26 24 34 12 30 47 23 123 41 52 34 33 40 23 20 11 31 34 32 32 40 42 35 49 27 19 36 35 31 11 39 19 18 18 37 3 16 29 35 16 12 24 11 29 47 21 39 45 54 30 35 34 23 36 19 6 23 24 19 9 27 32 30 12 18 13 24 23 35 12 6 22 26 15 8 20 26 42 46 32 13 10 7 13 9 23 22 31 7 24 40 21 15 26 25 11 
59 17 37 52 75 35 23 41 55 38 54 57 66 43 52 30 41 61 85 43 34 50 60 50 65 65 75 53 65 13 17 41 49 13 6 22 16 24 21 31 10 29 43 62 32 20 35 55 22 39 49 57 35 31 78 39 26 45 61 39 56 61 70 47 52 61 49 67 80 63 80 83 93 70 76 11 29 47 21 39 45 54 30 35 16 33 14 29 32 41 18 30 51 28 45 50 59 36 42 40 57 66 74 52 49 44 43 53 31 45 61 71 48 59 75 52 56 61 66 45 
69 25 51 64 87 48 35 53 68 47 65 69 79 55 60 36 54 72 95 54 43 61 73 58 74 76 86 63 72 22 29 52 13 22 18 36 15 31 34 43 20 31 57 75 45 32 48 68 35 52 63 70 48 43 90 53 39 58 74 50 68 74 83 60 62 74 61 79 94 73 91 95 105 82 86 24 43 61 33 51 58 67 44 45 29 47 21 39 45 54 30 35 65 39 57 64 72 49 51 53 70 80 88 65 61 52 55 65 42 50 73 82 59 66 88 65 66 74 76 54 
53 11 32 46 69 29 17 35 50 31 48 51 60 37 46 25 35 54 78 37 28 43 54 43 59 58 68 46 59 16 11 34 6 18 59 20 15 18 16 25 4 26 40 56 30 20 32 52 17 33 45 52 31 24 72 34 21 39 56 32 50 55 64 41 46 55 43 61 75 56 73 77 87 63 70 8 24 43 15 33 40 48 25 29 11 30 9 22 26 35 12 24 47 21 39 45 54 30 35 35 52 62 69 47 43 37 37 47 25 39 54 64 42 52 70 46 49 55 59 39 
52 24 16 37 61 21 19 27 35 34 45 41 51 31 49 36 26 50 73 35 33 41 43 48 59 52 62 45 63 18 17 33 22 36 20 94 35 30 14 21 21 43 21 42 11 9 12 32 6 21 27 35 12 21 62 21 14 28 39 30 44 43 53 31 45 45 37 52 61 52 67 66 76 55 67 12 11 24 19 28 26 35 14 33 11 11 26 27 16 26 14 37 29 23 34 32 42 21 38 21 39 45 54 30 35 41 31 41 27 49 47 57 38 56 57 35 47 45 56 42 
56 15 46 54 75 40 26 44 62 35 53 60 69 45 46 21 46 60 82 43 30 49 64 43 61 65 74 51 57 29 22 40 16 15 15 35 43 17 27 34 14 15 54 68 46 36 47 68 32 45 60 65 46 34 80 46 33 51 69 39 57 66 74 51 49 64 51 69 85 61 79 85 94 71 72 24 38 58 24 41 52 59 38 32 25 45 11 27 38 45 24 21 61 29 46 56 64 42 38 47 62 75 82 60 52 39 45 54 30 35 62 71 48 52 80 57 54 65 63 40 
39 7 35 38 58 25 12 28 48 17 35 43 51 29 29 6 30 42 65 25 13 31 47 27 43 47 56 33 41 34 13 23 24 31 18 30 17 78 17 20 14 13 43 53 41 36 40 59 25 32 48 52 37 19 63 33 21 36 56 23 39 50 57 36 31 47 34 52 69 43 61 68 77 53 55 23 28 48 12 24 39 44 26 14 19 37 9 11 26 30 16 6 49 14 29 41 48 28 20 34 47 61 67 48 35 21 28 36 13 21 45 54 30 35 63 41 36 48 46 23 
40 13 19 30 53 13 5 19 34 20 34 35 45 22 35 22 19 40 64 23 19 29 38 34 46 43 53 33 49 26 5 20 21 34 16 14 27 17 90 10 14 30 27 41 24 22 23 42 8 18 32 37 20 9 56 19 5 24 41 18 35 39 48 25 33 39 28 45 59 42 59 61 71 48 56 13 11 31 5 17 24 32 10 19 6 20 17 12 11 19 3 23 33 9 24 29 38 14 24 19 36 47 54 32 27 27 21 32 13 34 39 49 27 42 54 30 35 39 45 28 
30 19 17 20 43 5 8 10 28 13 24 26 35 12 27 22 11 30 54 13 14 19 29 26 37 33 43 23 41 36 14 11 31 43 25 21 34 20 10 108 23 33 25 33 29 31 25 42 15 12 29 32 21 1 47 13 7 16 36 8 25 31 39 16 24 30 18 36 50 32 48 52 61 38 46 23 12 29 10 7 19 24 8 13 16 22 23 9 8 11 13 23 29 6 14 22 29 8 17 14 28 41 47 28 18 20 11 21 8 30 29 39 17 35 45 22 25 30 35 21 
50 7 32 44 66 27 14 33 49 28 45 49 58 35 42 20 34 51 75 34 24 40 52 40 55 56 66 43 55 20 9 31 10 20 4 21 14 14 14 23 61 22 40 55 33 24 33 54 18 32 46 52 32 22 70 33 20 38 56 30 47 54 63 39 42 53 41 59 74 53 71 75 84 61 66 11 24 44 13 30 39 47 24 25 11 31 5 19 25 33 11 20 47 19 36 44 52 29 32 34 50 62 69 47 41 34 35 44 21 35 52 62 39 49 68 45 46 54 56 35 
46 18 49 50 67 39 26 41 61 28 44 55 63 41 35 12 44 51 72 37 23 41 59 32 49 57 65 42 43 42 26 34 29 31 26 43 15 13 30 33 22 71 57 66 54 46 53 73 38 46 62 66 51 32 73 47 35 49 69 35 50 63 69 48 39 59 45 63 81 52 70 79 87 64 61 33 41 61 26 37 52 57 39 24 31 50 16 24 40 44 29 11 63 27 41 55 60 41 29 47 60 75 80 61 47 29 40 47 26 21 56 64 41 39 75 54 45 60 54 30 
46 40 8 27 48 20 30 23 16 37 40 28 37 26 49 47 20 41 62 33 39 36 29 49 53 41 50 40 62 39 32 32 43 57 40 21 54 43 27 25 40 57 48 23 17 29 11 17 22 13 5 14 9 26 47 13 22 16 18 29 34 26 36 20 42 31 29 37 41 44 55 49 59 41 59 32 16 4 31 26 11 20 17 38 29 10 44 35 17 19 30 48 7 30 29 17 26 18 40 12 22 23 33 10 26 43 27 33 33 55 35 44 33 56 39 21 41 30 48 44 
35 53 26 17 27 28 42 24 7 39 30 12 16 25 43 54 22 27 41 30 43 29 10 45 41 24 30 31 53 61 46 32 62 75 56 42 68 53 41 33 55 66 23 94 41 52 34 33 40 23 20 11 31 34 24 22 35 17 9 31 22 4 12 17 35 13 22 16 18 29 34 26 36 20 42 51 33 24 43 28 17 8 31 42 46 33 57 42 30 22 44 55 17 39 26 11 7 26 39 21 6 12 14 14 19 41 25 22 39 55 18 23 27 48 15 11 31 10 33 41 
57 36 17 41 64 27 30 32 33 42 51 43 52 36 57 47 30 54 76 41 43 46 44 56 65 56 65 50 71 24 28 40 32 45 30 11 46 41 24 29 33 54 17 41 26 13 6 22 16 24 21 31 10 29 63 24 23 30 35 37 48 42 52 34 52 47 41 53 59 57 70 66 76 57 72 22 16 18 29 34 26 36 20 42 22 8 38 36 22 30 25 47 24 32 40 32 42 25 46 24 39 40 50 27 39 49 37 45 36 58 49 59 44 64 56 36 52 46 61 50 
61 29 25 47 71 31 27 37 44 42 55 51 61 41 58 42 36 60 83 44 41 50 53 56 68 62 72 54 72 11 22 42 20 32 20 9 36 36 22 31 24 46 29 52 13 45 18 36 15 31 34 43 20 31 72 31 24 38 48 39 54 52 62 41 55 55 47 61 70 62 77 76 86 65 77 13 21 31 26 38 35 45 24 41 16 18 29 34 26 36 20 42 37 31 44 41 51 31 47 31 48 53 62 39 45 49 41 51 35 56 57 67 48 65 67 44 56 55 66 51 
52 35 11 35 57 22 28 27 27 38 45 36 46 31 52 45 25 48 70 36 39 41 38 52 59 50 59 45 66 29 27 35 35 48 32 12 47 40 23 25 33 53 11 34 6 18 33 20 15 18 16 25 4 26 57 18 20 24 29 32 42 36 46 28 47 40 35 47 52 51 64 60 70 50 66 24 13 13 28 30 19 29 16 39 22 3 38 33 17 24 24 46 18 29 34 26 36 20 42 18 32 34 44 21 33 45 31 39 33 55 43 53 38 59 50 29 47 39 55 46 
62 55 24 42 60 37 46 39 27 54 56 41 49 43 66 64 36 56 74 49 56 52 41 66 69 55 63 56 79 47 47 49 55 68 52 32 68 59 42 42 54 73 17 33 22 36 20 37 35 30 14 21 21 43 57 30 38 32 24 46 49 37 45 36 59 44 45 49 47 59 67 58 67 53 73 44 31 13 47 43 27 33 34 55 42 22 58 51 34 36 44 64 16 47 46 31 38 35 57 29 34 26 36 20 42 60 43 48 50 72 49 56 50 72 47 35 57 42 63 61 
46 19 15 33 57 16 13 22 33 27 39 37 47 26 42 30 21 44 68 29 27 35 40 41 53 47 57 39 57 21 11 27 22 35 17 6 32 25 8 15 18 38 22 40 16 15 15 35 59 17 27 34 14 15 58 18 8 24 39 24 39 40 50 27 39 41 31 48 59 47 62 63 73 51 62 11 7 26 13 22 23 32 9 27 7 13 22 20 11 21 8 31 29 16 29 29 38 16 32 18 36 44 52 30 30 34 26 36 20 42 42 52 32 50 54 31 41 41 50 36 
34 30 7 17 40 7 20 9 16 23 27 20 30 13 35 35 6 30 53 19 26 23 22 35 41 32 41 27 49 39 23 19 39 52 33 21 45 32 18 12 32 46 13 23 24 31 18 30 17 69 17 20 14 13 41 1 12 6 23 15 24 22 32 10 29 24 17 30 41 33 47 45 55 34 48 28 10 17 21 13 6 15 8 25 23 15 34 22 7 6 21 36 17 18 16 11 21 4 26 1 18 29 36 15 15 29 13 21 20 41 26 36 20 42 37 14 28 24 37 30 
48 46 13 28 47 24 36 25 14 41 41 27 35 29 51 52 22 42 60 35 44 38 27 52 55 41 49 42 64 45 38 36 49 63 45 27 60 48 32 29 46 62 5 20 21 34 16 14 27 17 52 10 14 30 44 16 27 18 14 33 35 24 33 22 44 30 31 36 37 44 54 47 56 40 59 38 21 3 36 30 13 19 22 42 34 16 49 39 22 22 35 53 3 35 32 16 24 22 44 16 21 18 28 7 28 46 29 34 37 59 34 42 35 58 36 20 42 28 48 47 
43 50 19 23 38 27 40 25 6 41 37 21 27 27 49 54 22 36 52 34 45 35 20 50 50 34 41 38 61 54 43 35 57 70 52 35 65 52 37 32 52 66 14 11 31 43 25 21 34 20 10 72 23 33 35 19 32 17 4 33 30 15 24 19 41 23 27 27 27 38 46 37 47 32 52 46 27 13 41 30 13 13 27 43 41 25 54 42 26 22 41 55 6 38 30 12 16 24 43 18 13 9 18 4 24 45 28 29 39 59 28 34 33 55 26 15 38 20 42 46 
48 33 7 31 53 18 25 23 24 34 41 33 42 27 48 42 20 44 66 32 36 37 34 48 55 46 55 41 62 30 25 31 35 48 31 12 46 37 20 21 32 51 9 31 10 20 4 21 14 14 14 23 41 22 53 14 16 20 27 28 38 33 43 24 43 36 31 43 50 47 60 57 67 47 62 24 9 12 25 25 16 26 13 35 21 1 36 30 13 20 22 43 17 26 30 22 32 16 38 14 29 33 42 18 29 41 27 35 29 52 39 49 34 55 47 26 43 36 51 42 
30 18 18 21 44 6 7 10 29 12 24 26 36 12 27 21 12 30 54 13 13 20 30 26 37 34 44 23 41 35 13 11 31 43 24 21 34 19 9 1 22 32 26 34 29 31 26 43 15 13 30 33 22 85 47 14 7 17 37 8 25 32 40 17 24 30 18 36 51 32 49 52 62 38 47 22 13 30 9 8 20 25 9 13 16 23 23 8 8 12 13 22 30 5 14 23 30 9 16 15 28 42 48 29 18 19 12 22 7 29 30 40 18 34 46 23 26 31 36 20 
29 65 47 26 8 43 55 37 30 45 29 21 11 35 41 61 37 22 20 37 50 31 19 44 31 16 12 31 45 80 61 39 78 90 72 62 80 63 56 47 70 73 47 24 63 72 57 57 58 41 44 35 53 47 47 41 52 34 33 40 23 20 11 31 34 17 29 11 17 22 13 5 14 9 26 69 51 47 57 39 37 27 49 49 63 55 69 52 47 37 60 62 41 51 33 31 21 42 44 40 24 32 26 37 29 44 35 26 49 56 17 9 32 43 11 27 28 17 23 43 
34 31 7 17 40 8 21 10 15 24 27 19 29 14 36 36 7 30 52 20 27 23 22 36 41 32 41 28 49 40 24 19 39 53 34 21 46 33 19 13 33 47 13 22 24 31 18 30 18 1 16 19 14 14 41 34 13 6 22 16 24 21 31 10 29 23 17 30 40 33 46 45 55 33 48 29 11 17 22 13 5 14 9 26 23 15 35 23 8 6 22 37 16 19 17 10 20 5 27 0 18 28 35 14 15 30 14 21 21 42 25 35 21 43 36 13 29 23 37 31 
37 18 14 25 49 8 8 15 29 19 31 30 40 18 34 25 14 36 60 20 20 26 33 33 44 39 49 30 48 29 11 18 26 39 21 14 33 21 5 7 20 35 22 35 23 24 20 38 8 12 27 32 16 7 52 13 58 18 36 15 31 34 43 20 31 34 23 41 54 38 55 56 66 43 53 17 7 26 9 14 19 27 5 19 11 17 22 13 5 14 9 26 28 9 20 24 33 9 23 14 30 42 49 27 23 26 18 28 13 35 34 45 24 41 49 25 32 35 42 27 
29 35 13 11 34 11 24 8 12 24 23 13 23 11 33 38 5 25 46 17 28 20 15 34 37 26 35 23 46 46 29 18 45 58 39 28 51 36 24 16 38 49 16 17 30 38 24 32 24 6 18 17 20 17 34 6 18 22 20 15 18 16 25 4 26 17 12 23 35 27 40 38 48 27 43 35 17 19 26 12 5 8 14 26 29 21 40 25 13 5 27 39 17 22 13 5 14 9 26 6 12 25 31 13 10 28 11 16 23 42 19 29 17 40 30 7 24 17 31 29 
44 54 23 24 37 30 43 28 8 44 38 21 26 30 51 58 25 36 51 36 48 36 20 52 50 34 40 39 62 58 47 37 61 74 56 39 69 56 41 36 56 69 18 9 35 48 29 24 39 23 14 4 27 37 33 22 36 20 34 35 30 14 21 21 43 22 29 26 23 38 44 34 43 30 52 50 31 17 45 33 17 14 31 46 45 29 58 45 30 25 45 59 11 42 32 15 16 28 45 22 13 5 14 9 26 48 30 30 43 61 28 33 34 56 23 17 39 20 42 48 
22 25 22 15 36 9 15 7 27 8 16 20 29 6 20 23 10 21 45 5 12 11 24 20 29 26 36 15 34 44 21 3 39 50 32 30 39 23 18 8 30 35 29 31 37 39 32 46 24 15 33 33 28 8 40 16 15 15 35 44 17 27 34 14 15 24 11 29 46 23 41 45 54 31 38 31 20 33 17 2 20 22 16 11 25 29 29 12 14 10 21 24 32 11 6 20 25 11 11 17 25 40 45 29 12 13 5 14 9 26 22 32 9 27 40 19 17 25 27 14 
13 42 31 7 18 22 33 16 23 22 8 9 12 12 22 38 17 6 29 14 27 9 11 24 20 8 18 10 31 60 39 16 56 68 50 44 57 39 35 25 47 50 34 22 48 54 42 49 39 24 35 30 38 25 23 24 31 18 30 17 27 17 20 14 13 10 7 13 32 9 23 28 37 14 24 48 33 37 34 17 23 17 29 25 41 39 47 29 27 18 38 39 33 28 11 18 15 23 21 24 17 34 34 29 8 22 13 3 26 35 5 14 9 26 25 14 8 12 13 21 
30 51 26 13 23 26 40 21 10 35 25 8 12 21 39 51 20 22 37 27 40 25 5 41 36 20 26 27 48 61 45 29 61 74 55 43 66 50 39 31 54 63 26 4 42 52 36 37 40 22 24 15 33 32 20 21 34 16 14 27 17 11 10 14 30 8 18 12 19 24 30 23 34 16 37 51 32 27 41 25 17 7 30 38 45 34 55 39 29 20 43 52 21 37 22 11 2 25 36 21 3 17 17 17 16 37 22 18 36 51 13 19 23 43 14 9 26 5 28 37 
31 59 36 19 16 35 48 29 19 41 28 14 8 28 41 57 29 22 30 32 46 29 10 44 35 17 20 30 48 71 54 35 70 83 64 53 74 57 48 39 63 69 36 12 52 62 46 45 50 32 33 24 43 40 11 31 43 25 21 34 20 10 29 23 33 10 24 8 12 23 23 13 23 11 33 60 42 36 50 33 27 17 40 44 54 44 63 46 38 29 52 58 30 45 28 20 11 34 41 31 13 21 17 26 22 42 29 22 44 55 14 13 28 44 5 18 28 9 26 41 
25 36 17 7 30 12 25 7 13 22 19 10 20 8 30 37 5 20 42 14 26 16 13 31 33 22 31 20 42 49 30 16 47 60 41 31 51 36 25 16 39 48 20 17 34 41 28 36 27 10 22 19 24 17 31 10 20 4 21 14 14 14 23 18 22 14 9 20 34 23 36 36 46 23 38 37 20 23 27 11 9 8 17 25 31 25 40 25 15 6 29 38 20 22 10 6 12 11 23 10 11 26 31 17 6 26 8 12 22 39 15 25 13 36 28 5 20 14 27 26 
7 36 36 18 27 24 29 19 35 14 5 22 25 15 8 28 22 12 33 10 18 6 25 10 13 17 25 3 20 59 35 12 52 62 46 45 49 31 33 24 42 39 42 35 52 55 47 59 39 29 44 41 43 24 34 29 31 26 43 15 13 30 33 22 52 23 13 26 46 12 30 40 47 25 23 46 35 46 31 17 31 28 31 17 39 44 40 23 30 23 36 29 43 24 12 29 28 26 11 30 29 47 48 39 17 10 15 12 21 22 19 24 8 13 39 25 5 26 14 9 
22 49 30 9 17 26 38 20 16 31 18 4 5 18 32 47 19 14 30 22 36 19 2 34 28 11 19 20 40 63 44 24 61 74 55 45 64 47 39 30 53 59 31 13 47 55 40 44 41 24 30 23 36 30 17 23 34 17 22 24 10 8 10 14 23 82 13 6 22 16 24 21 31 10 29 52 34 33 40 23 20 11 31 34 45 38 53 36 30 20 43 48 27 34 18 14 6 25 30 23 9 25 24 23 12 32 19 12 33 45 5 12 18 36 16 10 18 2 20 31 
17 36 24 5 25 15 26 9 21 17 10 10 18 5 21 33 11 13 36 8 22 7 14 23 24 15 25 11 33 53 32 11 49 61 43 37 51 34 28 18 41 45 29 22 41 47 35 45 31 17 31 27 31 18 29 17 23 12 29 11 7 18 24 9 13 13 104 18 36 15 31 34 43 20 31 41 26 32 27 10 18 15 22 20 34 33 40 23 20 11 31 34 29 21 4 15 16 16 17 17 16 33 36 25 3 19 6 4 20 32 11 21 5 27 29 12 11 15 19 19 
23 54 36 15 11 32 44 26 22 35 20 10 0 24 34 51 26 14 25 26 40 22 8 36 27 9 13 22 40 69 50 29 67 79 61 52 69 52 45 36 59 63 37 16 53 61 47 49 48 30 36 27 43 36 11 30 41 23 26 29 13 12 8 20 26 6 18 69 20 15 18 16 25 4 26 58 41 39 46 28 27 17 38 38 52 45 59 41 36 26 49 52 33 40 23 20 11 31 34 30 15 28 24 29 18 35 24 15 38 48 7 6 22 36 13 17 20 7 18 34 
43 70 44 31 24 46 59 41 26 53 40 25 20 40 54 69 39 34 36 45 58 41 22 56 46 29 28 42 60 80 64 47 80 94 75 61 85 69 59 50 74 81 41 18 59 70 52 47 59 41 37 27 50 51 17 40 54 35 23 46 32 19 12 34 46 22 36 20 66 35 30 14 21 21 43 70 51 41 61 44 35 26 50 57 64 52 74 58 48 40 63 70 34 56 40 30 21 44 53 40 23 20 11 31 34 54 41 34 55 68 27 24 40 56 7 28 40 21 37 54 
7 47 40 16 15 30 39 24 32 26 8 17 15 20 19 41 26 2 21 19 30 12 19 22 11 6 13 10 24 68 45 21 63 73 56 52 61 43 42 32 53 52 44 29 57 62 51 59 47 33 44 38 47 32 22 33 38 27 38 23 9 24 23 23 12 16 15 15 35 81 17 27 34 14 15 55 41 46 41 24 32 25 37 29 49 48 52 34 36 27 45 42 42 34 18 27 22 31 23 33 25 41 40 38 17 23 20 11 31 34 10 12 14 21 28 23 7 19 4 21 
23 65 53 29 7 46 56 40 40 43 26 27 18 36 35 58 41 19 6 36 48 30 26 38 22 15 5 27 35 84 63 39 80 91 73 67 79 61 59 48 71 70 55 34 70 77 64 67 62 47 54 46 60 49 13 46 55 40 44 41 23 30 23 36 30 24 31 18 30 17 46 17 20 14 13 72 56 57 58 41 44 35 53 47 65 62 69 52 51 41 62 59 51 52 34 38 29 46 41 46 33 45 39 47 32 40 37 27 49 50 20 11 31 34 25 34 25 25 15 39 
35 70 50 31 13 48 60 42 33 51 34 26 16 40 47 67 41 28 22 42 56 37 23 50 37 22 17 37 50 85 66 45 83 95 77 66 85 68 61 52 75 79 49 26 66 76 60 58 63 45 47 37 57 52 5 45 56 38 34 45 28 23 13 36 40 21 34 16 14 27 17 41 10 14 30 73 56 50 62 44 41 31 53 54 67 58 75 57 52 42 65 68 43 56 39 34 24 47 49 44 27 33 25 40 34 50 40 31 54 62 23 15 37 48 11 31 34 21 28 49 
41 80 60 40 19 57 70 51 43 59 42 36 26 49 54 75 51 35 22 51 64 45 33 57 42 30 22 44 55 95 76 54 93 105 87 76 94 77 71 61 84 87 59 36 76 86 70 67 73 55 56 47 67 62 14 55 66 48 43 54 37 34 23 46 47 31 43 25 21 34 20 10 23 23 33 83 66 60 71 54 51 41 63 63 77 68 84 66 61 52 75 76 53 65 48 44 34 57 57 54 37 42 33 50 43 57 49 40 63 69 32 23 46 54 20 41 42 31 34 56 
21 56 40 17 7 35 46 28 26 36 20 14 4 26 33 52 29 13 20 28 41 22 12 35 24 8 9 22 38 72 52 30 70 82 63 55 71 53 48 38 61 64 41 20 57 65 50 53 51 34 40 32 47 38 9 33 43 27 30 31 14 16 11 23 25 10 20 4 21 14 14 14 23 63 22 61 44 43 48 30 30 21 41 39 54 48 60 43 39 29 52 53 37 42 24 24 15 34 34 33 19 31 28 33 20 35 26 17 40 47 8 2 23 35 15 20 19 11 15 34 
16 60 55 32 18 46 53 40 46 38 22 32 26 36 26 51 42 18 12 33 42 26 32 29 11 18 14 23 22 82 59 35 76 86 70 67 72 55 56 46 66 61 59 42 72 77 66 73 62 48 59 52 62 47 26 48 53 43 52 38 24 37 33 38 23 29 31 26 43 15 13 30 33 22 68 69 57 62 54 39 48 40 53 41 63 64 64 47 51 42 59 52 57 48 33 42 36 47 34 48 39 54 50 53 33 33 36 27 44 40 24 19 29 23 36 38 20 32 11 31 
53 16 26 43 66 25 17 32 44 32 47 47 57 35 48 29 32 53 77 36 30 43 50 46 59 57 67 46 61 13 11 34 11 24 8 12 24 23 13 23 11 33 32 51 22 13 24 44 11 28 38 46 24 22 69 29 17 35 50 31 48 51 60 37 46 52 41 58 70 55 72 73 83 61 69 27 18 36 15 31 34 43 20 31 6 22 16 24 21 31 10 29 40 21 37 40 49 26 37 29 47 55 64 41 40 39 35 45 25 44 52 62 40 55 65 42 49 52 58 41 
41 24 8 26 50 11 15 17 25 25 35 30 40 21 40 32 15 39 62 25 26 30 33 39 48 41 51 34 54 29 16 23 29 43 24 11 38 28 11 12 24 41 16 33 16 21 13 31 7 10 21 27 9 13 51 11 7 17 31 20 33 32 42 20 35 34 26 41 51 41 56 56 66 44 57 18 13 20 15 18 16 25 4 26 13 9 28 20 5 15 14 33 22 16 24 21 31 10 29 11 29 37 45 22 24 32 21 30 20 42 36 46 28 47 47 24 36 34 45 33 
49 44 12 30 50 24 35 26 17 41 43 30 38 30 53 52 23 44 63 36 44 39 30 53 57 44 52 43 66 42 36 36 47 61 43 24 58 48 31 29 44 61 4 24 18 31 13 13 26 17 3 13 12 30 47 17 26 19 17 33 37 27 36 23 46 33 32 39 41 46 57 50 60 43 62 36 20 45 35 30 14 21 21 43 33 13 48 39 22 23 34 52 6 35 33 19 27 22 44 16 24 21 31 10 29 47 30 36 37 59 37 45 37 59 39 23 44 31 50 48 
38 9 23 31 53 15 1 20 37 17 32 36 45 22 32 17 21 39 63 21 15 28 39 30 44 43 53 31 46 28 4 19 21 33 15 19 24 12 5 10 13 26 31 43 29 26 28 47 13 21 36 41 25 9 57 22 9 26 45 17 34 41 50 27 31 40 27 46 61 41 58 62 71 48 54 15 15 35 33 17 27 34 14 15 9 25 13 8 14 21 5 18 37 6 23 31 39 17 21 22 38 50 57 36 28 24 21 31 10 29 39 49 26 39 55 32 34 41 44 25 
23 26 19 13 36 7 15 4 24 11 17 19 28 4 22 25 7 22 46 6 15 12 22 22 30 25 36 16 36 43 22 6 39 51 33 28 41 24 17 7 30 37 26 28 34 38 30 43 22 13 30 30 25 8 39 13 14 12 33 2 17 25 33 11 17 23 10 28 44 24 41 44 54 30 39 31 18 30 17 48 17 20 14 13 24 26 30 13 12 7 21 26 29 11 6 18 23 9 13 14 22 38 42 26 10 16 4 14 10 29 21 31 10 29 38 17 18 24 28 17 
35 37 9 16 37 13 26 13 10 28 28 17 26 16 38 41 9 30 51 22 32 25 18 39 42 30 39 29 51 44 30 23 45 58 40 26 52 39 24 19 39 52 11 17 26 35 19 27 23 6 13 13 16 20 37 5 19 5 17 20 23 17 27 9 31 20 18 27 35 32 44 41 51 30 48 34 16 14 27 17 43 10 14 30 29 17 41 28 13 9 28 42 11 25 19 6 16 11 31 5 13 22 29 9 15 33 16 21 26 46 24 33 22 45 31 10 29 19 36 34 
30 44 19 10 28 19 33 15 6 30 24 8 17 16 36 45 13 23 42 22 35 22 9 38 37 22 30 25 48 54 38 24 54 67 48 35 59 44 32 24 47 57 20 8 36 45 29 33 32 15 19 13 26 25 27 14 27 8 14 22 17 7 17 8 28 11 15 17 26 25 35 31 41 21 40 43 25 21 34 20 10 63 23 33 38 27 48 33 22 13 36 46 16 30 18 3 6 17 31 14 3 18 22 12 12 34 17 16 30 47 15 24 20 42 21 3 25 10 29 34 
37 23 9 23 47 7 13 13 24 21 31 27 37 17 36 30 12 35 58 20 23 26 30 35 44 38 48 30 50 31 15 19 30 44 25 14 38 26 10 8 24 39 17 31 20 24 16 34 9 8 22 27 13 9 49 9 5 14 31 16 29 30 40 17 31 31 22 38 50 37 53 53 63 41 53 20 4 21 14 14 14 23 20 22 14 13 27 17 1 11 13 30 23 13 20 20 29 6 25 9 26 37 44 22 21 28 17 26 16 39 32 42 24 43 45 21 32 31 41 29 
24 19 31 25 43 18 14 18 38 3 20 31 38 17 17 12 21 27 50 12 1 17 34 15 30 33 42 19 30 44 20 9 35 45 29 33 32 14 19 13 25 24 38 42 42 41 39 55 27 25 42 43 35 13 49 26 19 26 46 11 25 38 44 25 17 34 20 38 57 29 47 54 63 39 41 31 26 43 15 13 30 33 22 59 25 36 23 7 21 21 21 13 42 10 16 31 36 20 6 26 36 51 56 40 22 8 16 23 6 16 31 39 16 24 50 30 21 36 31 10 
46 13 21 36 60 19 11 25 39 26 41 41 51 28 42 26 25 46 70 30 25 36 44 40 53 50 60 40 55 19 6 27 16 29 11 11 25 19 6 16 11 31 29 46 22 16 22 42 7 23 34 41 21 16 63 23 11 29 45 25 41 45 54 31 39 45 34 52 64 49 65 67 77 54 63 6 13 33 9 24 29 38 14 25 37 20 15 18 16 25 4 26 36 15 31 34 43 20 31 24 41 51 59 36 34 33 28 38 19 39 45 55 34 49 59 36 42 45 52 35 
49 33 8 32 55 19 24 24 25 35 42 34 44 28 49 42 22 46 68 33 36 38 36 49 56 47 56 42 63 29 24 32 33 47 30 11 45 37 20 22 31 50 10 33 8 18 3 22 13 15 16 25 1 23 55 15 17 21 29 29 39 34 44 25 44 38 33 45 52 48 62 58 68 48 64 22 9 13 25 26 17 27 13 36 20 72 35 30 14 21 21 43 18 26 31 24 34 17 39 15 31 34 43 20 31 42 28 37 30 52 41 50 36 56 48 27 44 37 52 43 
47 4 36 44 65 28 15 33 51 25 43 49 58 35 39 16 35 50 73 33 21 39 53 36 53 55 64 41 51 26 11 30 14 21 9 26 11 9 17 23 5 16 44 57 38 29 38 58 22 34 49 54 36 23 69 35 22 40 58 29 47 55 63 40 40 53 40 59 74 52 69 75 84 60 64 16 28 48 13 30 41 48 27 23 15 35 31 17 27 34 14 15 50 18 36 45 53 30 29 36 51 64 70 49 41 31 34 43 20 31 52 61 38 45 69 46 44 54 54 32 
30 13 26 27 48 15 7 17 37 8 25 32 41 18 24 12 20 32 56 15 6 21 36 22 36 37 47 24 37 37 13 12 29 39 22 27 27 11 12 9 19 24 35 42 36 34 33 51 20 22 39 42 30 8 52 23 13 25 45 12 29 39 46 25 23 36 23 41 58 34 52 57 66 43 47 24 20 39 8 13 28 33 17 7 18 30 17 62 17 20 14 13 39 4 18 31 37 17 13 24 36 51 56 37 24 15 17 26 2 22 34 43 20 31 52 30 27 37 37 17 
36 24 9 21 45 5 13 11 23 21 29 25 35 15 35 30 10 33 57 19 22 25 28 34 43 36 46 29 49 33 16 18 32 45 26 16 38 26 11 8 25 40 17 30 22 26 17 34 11 7 22 26 13 8 47 8 5 13 30 14 27 29 38 15 30 30 20 36 48 36 51 52 61 39 51 21 5 22 14 12 13 22 1 21 16 14 27 17 69 10 14 30 23 13 18 18 27 4 24 8 25 36 43 22 19 27 15 25 16 38 31 41 22 42 43 20 31 30 40 28 
28 30 13 11 35 6 19 3 17 19 21 16 25 7 29 32 0 24 47 13 22 17 19 30 35 26 36 21 43 43 24 13 41 54 35 26 45 30 19 11 33 44 19 22 30 36 24 36 21 6 22 22 20 12 37 6 14 5 25 10 18 20 29 6 23 20 11 26 40 27 41 42 52 29 42 31 15 23 21 7 9 13 11 21 25 21 34 20 10 87 23 33 21 16 10 11 18 5 21 6 17 31 36 18 9 24 7 15 17 37 21 31 14 36 34 11 22 20 31 24 
43 11 22 34 57 17 7 23 38 22 37 39 48 25 38 22 23 43 67 26 20 33 42 36 49 47 57 36 51 23 2 24 18 30 12 14 24 16 3 13 11 29 30 44 25 20 24 44 8 21 35 41 22 13 60 22 9 27 45 21 38 43 52 29 36 43 31 49 63 45 62 65 75 52 59 10 14 34 5 21 28 36 13 21 4 21 14 14 14 23 41 22 36 11 27 33 42 18 27 23 40 50 58 36 31 29 25 35 15 35 43 53 31 45 58 34 39 43 49 31 
36 13 40 39 56 28 18 31 51 17 33 44 52 30 25 1 33 41 62 25 12 30 48 22 40 46 55 31 36 41 20 23 30 35 24 37 21 6 23 23 20 11 48 55 47 42 46 64 31 36 53 55 43 22 62 37 26 39 59 24 39 52 58 38 29 48 34 52 70 42 59 68 76 53 52 29 33 52 18 26 42 46 30 13 26 43 15 13 30 33 22 62 53 17 30 44 49 31 18 37 49 64 69 51 36 19 29 36 16 15 45 53 30 31 64 43 34 49 43 20 
46 47 14 26 44 24 36 24 11 40 39 24 32 28 50 52 21 39 58 34 43 36 25 51 53 39 46 40 63 47 39 35 51 65 47 29 61 49 33 29 47 63 7 17 24 37 18 16 29 17 3 6 17 30 41 16 28 17 11 32 33 21 30 20 43 27 29 33 34 42 51 43 53 37 57 40 22 6 37 29 11 16 23 42 36 18 50 39 23 21 36 53 40 35 30 14 21 21 43 15 18 16 25 4 26 45 28 32 37 58 32 39 34 56 32 18 40 25 46 46 
31 14 22 25 47 11 4 15 34 11 26 30 39 16 26 16 16 32 56 15 10 21 34 25 38 37 47 25 40 34 11 12 28 39 21 23 29 14 9 6 19 27 30 39 32 31 29 47 16 18 35 38 26 5 51 19 9 22 42 11 28 37 45 22 24 34 21 40 56 34 52 56 65 42 48 21 16 35 6 11 25 30 13 10 15 26 18 4 13 16 11 17 35 31 17 27 34 14 15 20 33 47 53 34 22 18 16 25 4 26 33 43 20 33 50 27 27 35 37 19 
17 31 24 9 29 13 22 7 23 13 11 14 22 3 19 28 10 15 39 4 17 6 18 20 25 19 29 10 32 50 28 6 45 57 39 34 46 29 24 14 36 41 29 26 40 44 34 46 29 16 32 30 30 14 33 17 20 13 32 6 11 22 28 10 12 18 4 23 40 18 34 39 48 24 33 37 24 33 23 6 19 18 20 16 31 31 36 18 18 10 27 30 30 17 36 17 20 14 13 17 20 37 40 27 6 15 3 7 15 29 16 25 4 26 34 15 12 19 21 15 
31 41 16 11 31 16 30 13 6 29 25 11 20 15 36 43 11 25 45 21 33 22 12 37 38 25 33 26 48 50 35 22 50 64 45 32 56 41 29 22 44 55 17 11 32 41 26 31 29 11 16 12 22 23 31 10 24 5 15 20 18 11 20 6 29 14 15 20 30 27 38 34 44 24 42 40 21 19 31 18 6 3 20 31 34 24 45 31 18 11 33 44 14 27 17 32 10 14 30 10 7 20 25 10 12 33 15 17 28 46 18 27 20 42 25 4 26 13 31 33 
28 49 26 11 22 24 38 19 10 33 23 5 11 19 36 48 18 20 36 24 37 22 3 38 34 18 25 24 46 60 43 26 59 72 54 42 64 48 38 29 52 60 26 7 42 51 36 38 38 21 24 16 32 30 21 20 33 14 16 25 15 2 11 12 28 6 16 11 21 22 29 24 34 15 36 49 31 27 39 23 16 6 29 36 43 34 53 37 27 18 42 49 21 34 20 10 50 23 33 20 3 19 20 17 13 35 19 15 34 48 11 18 21 41 16 7 23 4 26 34 
31 26 10 17 40 2 15 7 20 19 25 21 31 11 32 30 5 29 52 15 21 20 24 31 39 31 41 25 45 38 20 15 36 49 30 21 42 28 14 8 29 41 18 26 25 31 20 35 16 4 22 24 16 9 42 5 9 9 28 11 23 25 34 11 26 25 16 31 44 31 46 47 57 34 47 26 10 22 17 9 11 17 6 20 20 17 30 17 4 5 18 31 21 14 14 14 23 8 22 6 21 33 40 20 14 25 11 20 15 37 26 36 18 39 39 16 26 25 35 26 
18 25 33 22 38 20 20 18 37 4 15 28 33 15 11 17 21 22 44 9 7 12 31 9 23 27 36 13 25 50 26 8 42 51 35 38 38 20 24 17 32 29 40 39 46 47 42 57 32 26 44 43 38 16 44 27 23 26 45 11 21 36 41 23 11 30 17 34 53 23 41 49 57 34 34 37 29 44 21 13 31 31 25 6 31 39 29 13 24 21 27 18 43 15 13 30 33 22 52 28 33 50 53 40 20 2 15 18 11 15 27 34 12 18 46 28 16 32 25 4 
34 32 7 17 40 8 21 10 15 24 27 19 29 14 36 36 7 30 52 20 27 24 21 36 42 32 41 28 50 40 25 20 40 53 35 21 47 34 19 14 34 47 12 21 24 31 18 29 18 1 16 18 14 15 40 0 14 6 22 17 24 21 31 10 30 23 17 30 40 33 46 44 54 33 48 29 11 16 22 14 5 14 9 26 24 15 36 24 8 6 23 37 15 20 17 10 20 6 28 71 17 27 34 14 15 30 14 21 21 43 25 35 21 43 36 13 29 23 37 31 
30 47 23 11 26 23 36 18 7 33 24 7 14 19 38 48 16 23 39 24 37 23 6 39 36 21 28 26 48 57 41 26 57 70 52 39 62 47 36 28 50 60 22 6 39 48 32 34 36 18 21 13 29 28 24 18 30 12 13 25 17 3 13 11 29 9 16 15 23 25 33 27 37 19 39 47 29 24 38 22 13 3 26 36 41 31 51 36 25 17 40 49 18 33 20 7 3 21 33 17 61 17 20 14 13 35 19 17 33 49 14 21 21 43 18 5 25 7 29 35 
47 60 29 29 38 36 49 33 13 49 42 24 27 35 55 63 31 39 51 41 53 41 22 56 53 36 41 43 65 63 53 42 66 80 62 45 75 61 47 41 62 75 23 12 40 53 34 26 44 29 18 9 33 42 32 28 42 25 5 40 34 17 21 26 47 25 33 28 20 41 45 33 42 31 54 55 37 21 50 38 22 18 37 51 51 34 64 51 36 31 50 64 16 47 37 20 19 33 50 27 17 29 10 14 30 52 35 34 48 66 30 34 39 60 21 21 43 22 45 52 
47 66 37 31 32 42 55 38 19 53 42 25 24 39 56 68 36 38 46 44 57 42 22 58 51 34 36 44 65 72 60 46 74 88 69 54 82 67 54 47 69 80 33 14 50 62 44 36 52 36 28 18 42 48 26 35 49 31 14 45 34 17 17 31 48 24 36 24 11 40 39 25 33 28 50 64 45 31 57 42 29 22 44 56 59 43 70 56 43 36 58 69 25 53 40 25 20 40 53 34 20 10 43 23 33 55 39 35 53 69 29 30 41 60 14 25 43 21 43 55 
42 46 14 22 40 22 35 22 7 37 35 20 28 24 47 50 19 35 54 31 41 33 20 48 49 34 42 36 59 49 38 32 52 65 47 30 60 48 32 28 47 61 10 14 27 39 21 20 30 15 7 4 18 29 37 14 27 13 9 29 29 17 26 17 39 23 25 29 31 38 47 40 50 33 53 41 22 10 36 26 9 12 22 40 36 20 49 37 22 18 36 51 4 34 27 10 17 20 40 14 14 14 23 43 22 42 25 28 35 55 28 35 30 53 29 14 37 21 42 43 
19 37 22 2 26 14 26 8 18 19 13 8 17 6 24 35 9 15 37 11 24 10 12 26 27 16 26 14 36 52 32 13 49 61 43 35 52 35 27 18 41 47 26 19 39 45 33 42 30 15 28 24 29 18 29 15 23 10 26 12 8 16 22 6 17 12 3 18 34 17 32 34 43 20 33 40 24 29 28 10 15 12 21 22 34 31 41 24 19 9 31 36 26 22 6 12 13 14 20 15 13 30 33 22 86 22 6 6 21 35 11 21 8 30 28 8 14 13 21 21 
17 27 36 24 38 23 22 20 39 7 15 29 34 17 8 18 24 22 43 11 9 13 33 6 21 27 36 13 22 52 28 10 44 52 37 41 39 21 27 20 34 29 43 41 49 49 45 60 34 29 46 45 41 19 44 30 26 28 48 13 22 37 42 26 10 32 19 35 54 23 40 50 57 35 33 39 32 47 24 16 33 34 28 8 33 42 31 15 27 24 29 19 45 18 15 33 35 25 2 30 35 52 55 42 22 35 17 20 14 13 27 34 14 15 47 30 15 34 24 1 
20 30 21 9 32 10 20 4 22 13 14 15 23 0 22 28 7 18 42 6 18 9 18 22 28 21 31 13 35 47 26 7 43 55 37 31 45 28 21 11 35 40 27 25 37 41 31 43 26 13 29 28 27 12 35 14 18 11 30 5 13 22 29 8 15 19 6 24 41 20 37 40 49 26 36 35 21 30 21 4 16 17 17 16 28 28 34 17 15 7 25 29 28 16 3 15 19 11 15 14 19 35 39 25 6 17 55 10 14 30 17 27 7 29 34 14 15 20 24 17 
14 39 28 6 22 19 29 13 23 19 7 9 15 9 20 35 15 9 32 10 24 7 13 22 21 11 21 9 31 57 36 13 53 65 47 41 54 36 32 21 44 47 33 22 45 51 39 48 36 21 34 29 35 22 26 21 28 16 30 14 3 18 22 12 12 12 4 15 34 11 27 31 40 17 27 45 30 36 31 14 21 16 26 23 38 37 43 26 25 15 35 36 32 25 7 17 15 20 18 21 17 34 35 28 6 20 10 69 23 33 8 17 6 25 27 13 8 14 15 19 
28 16 25 24 45 13 8 15 35 7 23 30 38 15 22 15 17 30 53 12 6 19 33 20 34 34 44 21 36 38 14 9 31 42 25 27 30 13 13 8 21 26 33 39 36 35 33 50 20 20 37 39 29 7 49 21 13 23 43 9 26 36 44 22 21 33 20 38 55 31 49 54 63 40 44 25 20 37 10 10 26 30 16 6 19 30 20 2 16 17 15 16 37 4 15 28 34 15 11 21 33 48 53 35 21 14 14 23 28 22 31 41 17 29 49 27 24 34 34 15 
27 28 47 37 49 34 29 33 53 18 27 43 47 31 15 15 36 34 52 25 15 26 46 12 29 40 47 25 21 56 33 23 45 50 39 49 35 21 34 30 35 21 55 55 58 56 55 72 42 41 59 59 52 29 56 42 35 42 61 26 35 51 55 39 22 45 32 48 68 34 50 62 69 47 40 44 42 59 29 29 46 47 39 16 39 52 31 22 38 37 35 15 58 26 29 46 48 37 15 43 49 66 69 55 35 13 30 33 22 31 41 46 27 17 61 44 27 47 34 14 
17 47 32 9 14 26 37 19 21 28 13 7 6 17 27 44 20 9 27 19 33 14 8 29 22 6 15 15 35 64 43 22 61 73 54 47 62 45 39 29 52 56 35 18 49 57 43 49 42 26 34 28 39 30 17 25 34 19 28 22 5 13 14 15 19 5 11 7 27 10 20 23 32 8 24 52 36 37 39 21 24 15 32 31 45 41 52 34 31 21 43 45 32 33 16 18 11 26 27 25 14 30 29 28 11 27 17 8 31 41 34 10 14 30 20 14 13 8 14 27 
20 57 42 19 4 36 47 30 28 36 19 16 7 27 31 52 30 12 18 28 41 22 15 34 22 6 6 21 36 74 53 31 71 82 64 57 71 54 49 39 62 64 44 23 59 67 53 56 52 36 42 34 49 40 9 35 45 29 33 32 14 19 13 25 24 12 21 6 24 12 11 15 23 2 19 62 46 45 49 31 33 24 42 39 55 50 61 43 41 31 53 53 39 43 25 27 18 36 34 35 21 34 30 35 21 34 27 17 41 46 10 40 23 33 17 23 19 14 13 33 
13 33 28 10 27 17 24 11 26 13 7 15 21 7 16 29 14 12 36 4 18 2 19 17 20 16 26 6 28 53 31 7 48 59 42 38 48 30 27 17 39 41 33 27 44 48 38 50 32 20 35 33 34 18 32 21 24 17 34 9 9 23 28 13 8 18 5 22 40 14 31 37 46 23 29 40 28 37 26 10 22 20 24 16 34 36 38 20 22 14 31 30 34 20 4 20 21 18 12 21 21 39 41 30 8 14 7 6 17 27 14 23 28 22 34 17 8 20 18 13 
13 42 49 31 35 37 38 33 48 22 18 35 36 29 7 30 36 22 35 23 24 20 38 9 12 27 31 16 6 68 44 24 59 66 52 56 52 35 42 35 49 39 56 48 64 65 59 72 50 42 58 55 55 34 43 43 41 40 56 27 26 43 44 36 13 36 27 36 56 21 34 48 54 35 23 55 47 59 39 29 45 42 43 24 49 56 45 31 42 36 45 31 56 33 26 42 41 39 18 43 43 60 60 53 30 15 29 25 29 17 30 33 22 27 49 39 17 38 20 14 
36 64 41 25 18 40 54 35 23 47 33 19 13 34 47 63 34 27 31 38 52 34 16 49 39 22 22 35 53 76 59 40 75 88 70 57 80 63 54 45 68 75 39 15 56 67 50 47 54 37 36 26 47 46 11 36 49 30 23 40 25 14 5 28 39 16 29 13 7 28 25 11 20 15 36 65 47 39 55 38 31 21 45 50 59 48 69 52 43 34 58 64 32 50 34 25 16 39 46 36 18 21 14 29 28 47 34 27 49 61 20 17 34 49 20 23 33 14 30 47 
27 42 19 7 27 17 31 12 9 27 21 7 16 13 33 42 11 21 41 19 32 19 8 35 34 20 29 22 45 53 36 21 52 65 46 35 57 41 30 22 45 54 21 11 36 44 29 35 31 14 20 15 26 23 27 13 25 7 17 19 14 9 18 5 25 10 12 17 28 23 34 31 41 20 38 42 24 23 32 17 10 3 21 30 36 27 46 30 20 11 34 43 18 27 15 4 7 16 28 13 5 21 25 14 8 30 14 13 27 44 14 23 17 39 23 29 22 10 27 30 
5 40 36 14 22 25 32 19 31 18 1 18 20 15 13 33 22 6 28 12 23 6 20 16 12 12 20 2 22 61 39 15 56 66 49 47 54 36 35 25 46 45 41 31 52 56 47 57 41 28 42 38 43 26 28 29 32 24 39 17 8 26 28 20 5 18 11 20 40 7 25 34 42 19 20 49 36 44 34 18 29 25 32 21 42 44 44 27 31 22 39 34 40 27 12 26 23 26 16 29 25 43 43 37 14 15 15 8 24 27 13 19 8 17 33 22 61 21 10 14 
25 50 29 10 18 26 39 20 14 32 20 4 7 19 34 48 20 17 32 23 37 21 1 36 30 14 20 22 43 63 45 26 61 74 55 45 65 48 39 30 54 60 30 10 46 55 39 42 41 24 28 20 36 31 17 23 35 17 20 25 12 5 9 14 26 2 15 7 21 19 25 21 31 11 32 52 34 31 41 24 19 10 31 36 45 37 54 37 30 20 43 49 25 35 19 13 4 25 32 23 7 22 21 21 13 34 20 14 34 47 8 14 20 38 14 10 21 46 22 33 
7 50 44 20 15 34 42 28 36 28 11 21 18 24 19 42 30 6 19 22 33 15 22 22 9 8 12 12 22 71 49 25 66 76 59 56 63 46 45 35 56 54 48 33 61 66 55 63 50 37 48 42 51 36 23 37 42 31 42 27 13 28 26 27 14 20 19 18 37 4 15 28 34 15 11 58 45 50 44 28 36 29 41 31 52 52 54 37 40 31 49 43 46 37 21 31 26 35 25 37 29 45 43 42 21 24 24 15 34 34 14 13 18 20 30 27 10 22 67 23 
15 29 37 24 37 24 24 21 39 8 14 29 33 18 7 19 24 21 42 11 10 12 32 5 20 26 35 12 20 54 30 11 45 54 39 42 40 23 28 21 35 30 44 41 50 51 46 61 36 30 47 46 42 20 43 31 27 29 48 14 21 37 41 26 9 31 19 34 54 21 39 49 56 34 31 41 33 48 25 17 34 34 29 10 35 43 32 17 28 24 31 20 46 19 15 33 34 26 4 31 35 52 55 43 21 1 17 19 15 14 27 33 13 14 47 30 14 33 23 45 
