91 14
12 6 29 22 32 32 40 26 33 23 9 17 17 12 26 22 30 31 37 20 27 21 14 13 11 25 24 30 31 36 14 21 21 19 9 6 48 59 59 66 41 52 49 17 29 38 53 53 60 30 40 43 17 18 29 63 70 42 53 53 21 30 41 70 41 51 53 23 29 40 50 61 61 28 38 49 53 36 18 37 37 46 21 42 45 12 23 32 17 7 27 
6 24 32 23 35 34 43 32 39 26 8 23 23 6 28 21 31 31 39 26 33 22 10 18 17 26 22 30 31 37 20 27 21 14 13 11 50 61 60 69 46 56 52 19 34 42 53 54 61 34 44 44 14 22 32 64 72 47 57 55 22 35 44 72 45 55 55 22 33 43 55 65 63 30 43 52 59 41 23 43 43 50 28 49 51 13 29 36 20 12 33 
29 32 52 13 5 8 11 29 26 6 39 33 21 37 6 19 9 12 11 28 23 11 42 34 22 12 25 15 18 14 27 20 16 46 35 23 22 30 31 37 20 27 21 14 13 11 27 29 33 9 14 19 26 11 1 35 41 18 26 25 14 8 12 42 15 24 26 17 5 11 24 34 32 9 12 20 44 17 36 42 33 23 28 39 33 20 14 7 43 31 32 
22 23 13 45 12 11 20 34 35 8 31 33 24 26 7 6 8 8 16 31 30 3 34 32 21 2 12 7 9 14 27 25 3 36 31 19 26 37 37 45 33 40 29 6 23 24 30 31 37 20 27 21 14 13 11 40 48 31 39 31 1 20 24 48 28 37 31 4 17 22 37 46 39 6 25 31 55 29 35 47 41 36 32 48 44 10 21 20 39 27 37 
32 35 5 12 60 3 8 35 31 9 42 38 26 38 6 18 6 9 6 33 28 12 45 38 26 10 23 12 15 9 32 25 16 48 39 27 17 26 26 34 23 29 17 16 18 13 22 24 28 14 16 14 26 16 4 31 37 20 27 21 14 13 11 38 17 24 21 16 10 9 25 34 28 6 14 19 49 22 41 47 38 25 34 44 38 21 19 11 47 35 37 
32 34 8 11 3 62 9 37 34 10 42 40 28 38 6 16 3 6 5 35 31 11 44 40 28 8 21 9 12 6 34 28 14 47 40 27 16 26 26 34 27 32 17 15 21 16 21 22 27 17 20 12 25 17 6 30 37 23 30 20 12 16 14 37 20 27 21 14 13 11 28 36 28 4 18 21 52 25 42 50 41 28 36 47 41 21 22 14 48 36 40 
40 43 11 20 8 9 75 39 34 17 50 44 32 47 14 25 12 15 6 39 32 20 53 45 33 18 30 18 20 12 39 31 24 56 46 34 12 18 19 26 22 25 9 24 21 11 18 20 22 17 14 12 34 23 11 24 30 17 22 14 22 15 6 31 14 19 15 23 14 3 20 27 21 14 13 11 49 22 47 51 40 22 39 46 38 30 24 12 54 42 42 
26 32 29 34 35 37 39 41 10 27 32 12 11 38 32 38 37 40 41 6 7 31 38 17 16 36 44 41 44 44 12 9 36 44 23 22 52 57 59 63 26 36 48 29 19 31 57 59 62 22 30 49 39 21 31 64 68 30 40 53 34 24 36 70 31 40 55 37 25 37 37 47 59 36 30 42 27 21 14 13 11 30 4 16 21 30 15 27 26 20 2 
33 39 26 35 31 34 34 10 55 27 40 22 16 45 30 40 35 38 37 15 6 31 46 27 22 36 46 40 43 41 20 12 37 52 32 28 47 50 52 56 16 26 42 31 13 24 52 55 56 17 22 45 43 22 28 57 61 21 30 47 35 19 29 62 23 31 49 39 21 31 28 37 52 35 22 34 20 12 24 17 6 21 14 13 11 34 14 21 36 29 12 
23 26 6 8 9 10 17 27 27 42 33 29 18 31 4 14 9 12 15 25 22 6 36 29 17 9 20 13 16 16 23 18 12 40 30 17 26 35 36 43 24 32 26 8 14 17 31 33 37 11 19 22 21 7 5 40 47 22 32 30 9 11 18 47 20 30 31 12 8 17 29 39 37 8 17 26 46 20 32 40 33 27 26 40 35 14 13 11 38 25 30 
9 8 39 31 42 42 50 32 40 33 28 21 25 10 35 30 39 39 47 26 35 30 6 15 20 34 31 38 39 45 20 29 29 12 9 15 57 68 68 76 50 61 59 26 38 48 61 62 69 39 49 52 22 27 38 72 79 52 62 62 30 40 50 79 50 61 62 31 39 50 60 70 70 37 48 58 59 44 20 41 43 55 27 48 52 21 32 42 13 11 32 
17 23 33 33 38 40 44 12 22 29 21 26 12 28 33 36 38 41 44 7 17 30 27 6 12 35 40 41 43 45 6 14 33 33 12 16 56 63 64 70 36 46 54 27 26 38 61 62 67 28 38 52 33 22 34 69 74 39 49 58 33 30 42 75 39 49 60 35 31 43 47 57 65 37 37 49 39 30 2 20 23 41 8 27 33 26 21 33 14 10 11 
17 23 21 24 26 28 32 11 16 18 25 12 23 29 22 27 27 30 32 7 10 20 31 14 6 25 33 31 33 34 6 4 25 36 18 12 44 51 52 58 25 36 41 18 14 26 49 51 55 16 26 40 28 11 22 57 62 28 38 46 23 18 30 63 27 38 48 26 18 31 36 46 53 26 25 37 36 19 14 24 20 30 8 26 27 19 8 21 24 14 13 
12 6 37 26 38 38 47 38 45 31 10 28 29 12 32 23 35 34 43 32 39 26 8 23 23 29 22 32 32 40 26 33 23 9 17 17 52 64 63 72 52 62 55 23 40 47 56 56 64 39 49 47 14 27 36 67 75 52 62 58 25 40 49 75 50 60 58 25 38 47 60 70 66 33 48 57 65 46 29 49 49 56 33 55 57 16 34 41 23 18 39 
26 28 6 7 6 6 14 32 30 4 35 33 22 32 58 13 5 8 11 29 26 6 39 33 21 6 19 10 13 12 27 22 10 42 33 21 22 32 32 40 26 33 23 9 17 17 27 29 34 14 20 18 21 11 4 36 44 24 32 27 8 13 17 44 21 30 27 11 10 15 30 39 34 4 18 24 49 23 36 44 37 29 30 43 38 15 17 13 41 29 34 
22 21 19 6 18 16 25 38 40 14 30 36 27 23 13 45 12 11 20 34 35 8 31 33 24 7 6 9 9 17 30 29 2 33 31 20 29 41 40 49 39 46 33 9 29 30 32 32 40 26 33 23 9 17 17 43 52 37 45 35 5 26 29 51 34 42 34 2 23 27 43 52 43 11 31 37 60 35 38 51 46 42 35 53 49 10 26 26 39 28 41 
30 31 9 8 6 3 12 37 35 9 39 38 27 35 5 12 65 3 8 35 31 9 42 38 26 5 17 6 9 7 32 27 11 44 37 25 18 29 29 37 29 35 20 13 22 19 22 24 30 18 22 13 22 16 7 32 40 26 33 23 9 17 17 40 23 30 23 10 14 15 31 40 31 1 20 24 53 27 41 50 42 31 35 48 42 18 22 16 46 34 40 
31 31 12 8 9 6 15 40 38 12 39 41 30 34 8 11 3 65 9 37 34 10 42 40 28 5 15 3 6 6 34 30 10 44 39 27 18 30 29 38 32 38 22 14 25 22 22 22 29 21 25 12 20 18 10 32 40 29 36 24 9 21 20 40 26 33 23 9 17 17 34 42 32 3 24 26 57 30 43 53 45 34 38 51 46 18 25 19 47 35 42 
37 39 11 16 6 5 6 41 37 15 47 44 32 43 11 20 8 9 81 39 34 17 50 44 32 13 25 12 14 6 38 31 19 52 44 32 11 21 21 29 27 31 12 20 23 16 16 18 22 19 19 8 30 22 10 25 32 23 28 15 17 18 12 32 19 25 16 18 15 9 26 33 23 9 17 17 53 26 47 53 43 28 40 50 42 26 25 15 53 41 43 
20 26 28 31 33 35 39 6 15 25 26 7 7 32 29 34 35 37 39 52 10 27 32 12 11 33 39 38 41 42 6 8 32 38 17 16 51 57 59 64 29 39 48 25 19 32 56 58 62 22 32 47 34 18 29 64 69 32 42 53 31 24 36 70 32 42 55 34 25 37 40 50 59 34 31 43 33 23 9 17 17 34 1 22 26 25 15 27 21 14 6 
27 33 23 30 28 31 32 7 6 22 35 17 10 39 26 35 31 34 34 10 67 27 40 22 16 31 40 36 39 38 14 6 32 46 27 22 45 50 51 56 19 29 41 26 11 23 50 52 55 15 22 43 37 17 25 56 61 22 32 46 30 16 28 62 23 32 48 34 19 30 30 40 52 31 22 34 26 13 20 18 11 23 9 17 17 28 9 19 31 23 10 
21 22 11 3 12 11 20 31 31 6 30 30 20 26 6 8 9 10 17 27 27 47 33 29 18 5 14 10 13 16 24 21 6 36 28 16 27 38 38 46 30 38 29 3 20 22 32 33 39 17 25 22 15 9 10 42 49 28 37 32 3 17 23 49 26 35 32 7 14 21 35 45 40 7 23 30 51 26 32 44 38 33 28 44 41 9 17 17 37 25 33 
14 10 42 34 45 44 53 38 46 36 6 27 31 8 39 31 42 42 50 32 40 33 19 21 25 36 31 40 40 48 26 35 31 6 15 20 60 71 71 79 55 66 62 29 43 52 64 64 71 44 54 54 22 32 42 74 82 56 67 65 32 45 54 82 55 65 65 32 43 53 64 75 73 40 53 62 65 50 26 47 49 60 33 54 58 23 38 46 17 17 38 
13 18 34 32 38 40 45 17 27 29 15 6 14 23 33 33 38 40 44 12 22 29 21 35 12 34 37 39 41 45 7 18 31 27 6 13 56 64 65 72 40 50 55 26 29 40 61 62 67 31 41 52 29 22 35 70 76 42 53 59 31 32 44 77 42 52 60 33 32 44 50 61 66 37 40 52 45 34 5 26 29 44 13 33 39 23 23 35 9 5 17 
11 17 22 21 26 28 33 16 22 17 20 12 6 23 21 24 26 28 32 11 16 18 25 12 35 23 28 28 31 33 6 10 21 30 13 6 44 52 53 59 30 41 43 15 18 29 49 50 55 19 30 40 23 10 22 57 64 32 42 47 20 21 32 64 31 41 48 23 20 32 40 50 54 25 29 40 42 24 14 28 26 35 12 32 33 14 12 23 21 9 17 
25 26 12 2 10 8 18 36 36 9 34 35 25 29 6 7 5 5 13 33 31 5 36 34 23 65 13 5 8 11 29 26 6 39 33 21 23 35 34 43 32 39 26 8 23 23 27 28 35 20 26 18 16 14 10 38 46 30 38 29 4 19 22 45 27 35 28 5 16 20 35 44 37 4 24 29 55 29 38 49 42 35 33 48 44 13 21 19 42 30 38 
24 22 25 12 23 21 30 44 46 20 31 40 33 22 19 6 17 15 25 39 40 14 31 37 28 13 47 12 11 20 34 35 8 31 33 24 32 45 43 53 45 52 37 14 35 36 35 34 43 32 39 26 8 23 23 46 55 43 51 38 11 32 35 54 40 48 37 8 29 32 49 57 47 16 37 42 66 41 41 57 52 48 40 58 55 13 32 32 41 31 46 
30 30 15 7 12 9 18 41 40 13 38 41 31 32 10 9 6 3 12 38 36 10 40 39 28 5 12 70 3 8 35 31 9 42 38 26 20 32 31 40 35 41 24 13 27 25 23 24 31 24 28 14 18 19 13 34 43 32 39 26 8 23 23 42 29 36 25 7 20 20 37 45 34 6 26 29 59 32 43 54 47 37 39 53 48 17 26 22 47 35 43 
31 31 18 9 15 12 20 44 43 16 39 43 33 32 13 9 9 6 14 41 39 13 40 41 31 8 11 3 69 9 37 34 10 42 40 28 21 33 32 41 38 44 26 15 31 28 23 23 31 27 32 15 18 22 16 35 43 35 42 27 10 26 26 43 32 39 26 8 23 23 40 48 35 9 30 32 62 36 45 57 50 40 41 57 51 19 30 25 48 36 46 
36 37 14 14 9 6 12 44 41 16 45 45 34 40 12 17 7 6 6 42 38 16 48 45 33 11 20 8 9 86 39 34 17 50 44 32 12 24 23 32 32 37 17 19 27 22 16 17 23 23 25 6 26 23 13 26 35 28 34 18 15 22 18 34 25 31 17 15 19 15 32 39 26 8 23 23 58 31 48 56 47 34 42 54 47 24 28 20 53 41 46 
14 20 27 27 32 34 39 12 20 23 20 6 6 26 27 30 32 34 38 6 14 24 26 7 6 29 34 35 37 39 64 10 27 32 12 11 50 57 58 64 32 43 48 21 21 33 55 56 61 23 33 46 28 16 28 63 69 35 45 53 27 25 37 70 34 44 54 29 25 37 43 53 59 31 32 44 39 26 8 23 23 37 7 28 32 20 15 27 17 8 12 
21 27 20 25 25 28 31 9 12 18 29 14 4 33 22 29 27 30 31 8 6 21 35 18 10 26 35 31 34 34 10 79 27 40 22 16 42 49 50 55 21 32 40 20 11 23 48 50 53 14 23 40 31 12 21 55 60 24 35 45 25 15 27 61 24 34 46 28 17 29 32 43 51 26 22 35 32 15 17 22 17 26 8 23 23 22 6 18 27 18 12 
21 21 16 3 16 14 24 36 37 12 29 33 25 23 10 2 11 10 19 32 32 6 31 31 21 6 8 9 10 17 27 27 53 33 29 18 29 40 40 49 36 44 32 6 26 28 32 33 40 23 31 23 10 14 15 43 51 34 43 35 2 23 28 51 31 40 34 2 20 25 41 50 43 10 29 35 57 32 35 49 43 39 33 50 47 8 23 23 38 26 38 
19 14 46 36 48 47 56 44 52 40 12 33 36 9 42 33 44 44 52 38 46 36 6 27 30 39 31 42 42 50 32 40 33 17 21 25 62 74 73 82 60 70 65 32 48 57 65 65 73 48 58 56 23 36 45 76 85 61 71 68 35 49 58 84 59 70 67 34 47 57 69 79 76 43 57 66 71 55 32 53 55 65 39 60 64 26 43 51 23 23 44 
9 13 35 31 39 40 46 23 32 30 9 12 18 17 33 31 37 39 44 17 27 28 15 6 13 33 33 38 40 44 12 22 29 21 46 12 56 65 66 73 44 54 56 25 32 43 60 61 67 33 44 51 25 23 35 70 77 45 56 60 30 35 46 77 45 55 61 31 34 46 54 64 67 36 43 54 50 38 11 32 35 48 18 39 44 21 26 37 8 4 23 
6 11 23 19 27 27 34 22 28 17 15 16 12 17 21 20 25 27 32 16 22 16 20 13 6 21 24 26 28 32 11 16 18 25 12 47 44 53 53 61 35 45 44 13 23 32 48 49 55 23 34 39 17 12 23 58 65 36 46 48 18 24 35 65 34 45 48 20 23 34 44 54 55 24 32 43 48 29 17 34 32 39 17 38 39 10 17 26 20 8 23 
48 50 22 26 17 16 12 52 47 26 57 56 44 52 22 29 18 18 11 51 45 27 60 56 44 23 32 20 21 12 50 42 29 62 56 44 26 12 11 20 34 35 8 31 33 24 5 8 11 29 26 6 39 33 21 14 22 29 31 6 27 28 18 22 26 27 5 27 26 15 30 34 14 20 25 19 61 35 58 63 53 34 51 59 50 36 36 25 64 52 54 
59 61 30 37 26 26 18 57 50 35 68 63 51 64 32 41 29 30 21 57 50 38 71 64 52 35 45 32 33 24 57 49 40 74 65 53 12 10 3 8 35 31 9 42 38 26 13 16 8 35 28 18 50 42 29 8 11 29 26 6 39 33 21 12 27 23 7 39 32 20 26 26 2 30 27 16 61 38 66 67 56 33 57 61 51 47 42 30 73 61 60 
59 60 31 37 26 26 19 59 52 36 68 64 52 63 32 40 29 29 21 59 51 38 71 65 53 34 43 31 32 23 58 50 40 73 66 53 11 3 16 9 37 34 10 42 40 28 10 13 5 36 30 17 50 42 30 5 11 32 29 5 38 35 23 11 29 26 6 39 33 21 29 29 4 30 29 19 63 40 67 69 58 35 59 64 53 47 44 32 74 62 61 
66 69 37 45 34 34 26 63 56 43 76 70 58 72 40 49 37 38 29 64 56 46 79 72 59 43 53 40 41 32 64 55 49 82 73 61 20 8 9 23 39 34 17 50 44 32 19 22 13 41 33 26 59 49 37 10 5 34 29 14 47 40 27 8 33 26 15 47 39 27 29 26 6 39 33 21 64 43 73 73 61 36 64 66 55 55 49 37 81 69 66 
41 46 20 33 23 27 22 26 16 24 50 36 25 52 26 39 29 32 27 29 19 30 55 40 30 32 45 35 38 32 32 21 36 60 44 35 34 35 37 39 59 10 27 32 12 11 40 43 42 13 8 35 45 24 22 43 45 5 13 33 34 13 15 47 8 14 36 37 16 19 11 21 36 29 9 18 26 6 39 33 21 4 28 26 16 37 17 13 49 39 28 
52 56 27 40 29 32 25 36 26 32 61 46 36 62 33 46 35 38 31 39 29 38 66 50 41 39 52 41 44 37 43 32 44 70 54 45 35 31 34 34 10 53 27 40 22 16 39 43 40 22 13 37 53 34 29 40 39 9 5 31 41 21 18 42 12 8 35 44 24 21 5 11 33 36 15 16 29 16 49 42 29 6 39 33 21 46 28 20 60 50 38 
49 52 21 29 17 17 9 48 42 26 59 54 41 55 23 33 20 22 12 48 41 29 62 55 43 26 37 24 26 17 48 40 32 65 56 44 8 9 10 17 27 27 12 33 29 18 12 16 14 26 20 13 42 32 20 15 20 22 22 5 30 24 12 21 19 19 8 31 23 11 21 25 11 22 19 10 54 29 56 59 48 26 48 53 44 39 33 21 64 52 51 
17 19 14 6 16 15 24 29 31 8 26 27 18 23 9 9 13 14 20 25 26 3 29 26 15 8 14 13 15 19 21 20 6 32 25 13 31 42 42 50 32 40 33 78 21 25 35 36 43 19 27 26 13 8 13 45 53 31 40 36 5 19 26 53 28 38 36 8 16 24 38 48 44 11 26 34 51 27 29 42 37 35 26 43 41 6 17 19 33 21 31 
29 34 13 23 18 21 21 19 13 14 38 26 14 40 17 29 22 25 23 19 11 20 43 29 18 23 35 27 31 27 21 11 26 48 32 23 33 38 40 44 12 22 29 21 67 12 39 41 43 4 12 32 34 13 14 45 49 13 24 34 24 5 17 51 12 23 36 27 8 18 21 32 40 21 11 23 31 6 29 29 20 16 19 26 21 25 6 8 39 28 21 
38 42 11 24 13 16 11 31 24 17 48 38 26 47 17 30 19 22 16 32 23 22 52 40 29 23 36 25 28 22 33 23 28 57 43 32 24 26 28 32 11 16 18 25 12 43 29 32 32 9 3 24 38 20 13 33 37 6 15 23 25 8 5 39 3 13 26 28 9 8 12 22 28 20 1 11 37 11 41 41 29 12 31 35 26 31 17 6 50 39 33 
53 53 27 30 22 21 18 57 52 31 61 61 49 56 27 32 22 22 16 56 50 32 64 61 49 27 35 23 23 16 55 48 32 65 60 48 5 13 10 19 40 39 12 35 39 29 25 3 8 35 31 9 42 38 26 11 20 34 35 8 31 33 24 19 31 32 5 31 31 21 34 37 14 24 30 23 66 40 63 69 58 39 56 65 56 40 41 31 69 56 60 
53 54 29 31 24 22 20 59 55 33 62 62 51 56 29 32 24 22 18 58 52 33 64 62 50 28 34 24 23 17 56 50 33 65 61 49 8 16 13 22 43 43 16 36 41 32 3 22 9 37 34 10 42 40 28 12 22 37 38 12 32 36 27 20 34 35 8 31 33 24 37 40 17 25 33 26 69 43 65 71 61 42 58 67 59 41 44 33 70 58 62 
60 61 33 37 28 27 22 62 56 37 69 67 55 64 34 40 30 29 22 62 55 39 71 67 55 35 43 31 31 23 61 53 40 73 67 55 11 8 5 13 42 40 14 43 43 32 8 9 41 39 34 17 50 44 32 3 12 36 35 9 39 38 27 11 34 31 7 39 36 25 34 35 8 31 33 24 68 44 69 73 62 40 62 68 58 48 47 35 76 63 64 
30 34 9 20 14 17 17 22 17 11 39 28 16 39 14 26 18 21 19 22 15 17 44 31 19 20 32 24 27 23 23 14 23 48 33 23 29 35 36 41 13 22 26 19 4 9 35 37 39 69 10 27 32 12 11 41 46 12 23 31 21 1 13 47 11 21 32 24 4 15 20 31 37 18 9 21 35 8 31 33 24 16 22 30 24 24 7 4 40 29 25 
40 44 14 27 16 20 14 30 22 19 49 38 26 49 20 33 22 25 19 32 22 25 54 41 30 26 39 28 32 25 33 23 31 58 44 34 26 28 30 33 8 13 20 27 12 3 31 34 34 10 70 27 40 22 16 35 38 3 12 25 28 9 7 40 0 11 28 31 11 10 10 20 29 23 2 12 34 10 41 39 28 8 31 33 24 33 18 8 51 40 32 
43 44 19 21 14 12 12 49 45 22 52 52 40 47 18 23 13 12 8 47 43 22 54 52 40 18 26 14 15 6 46 40 23 56 51 39 6 18 17 26 35 37 13 26 32 24 9 10 17 27 27 17 33 29 18 19 28 30 33 12 22 26 19 28 27 30 11 22 23 16 32 37 20 15 25 22 61 34 54 61 52 35 48 58 50 31 33 24 59 47 52 
17 14 26 14 26 25 34 39 43 21 22 33 28 14 21 9 22 20 30 34 37 15 22 29 23 16 8 18 18 26 28 31 10 23 25 17 39 50 50 59 45 53 42 13 34 38 42 42 50 32 40 33 63 21 25 53 61 44 53 45 12 32 38 61 41 50 44 11 29 36 50 60 53 20 38 45 63 40 34 51 48 48 35 54 53 8 29 32 33 24 40 
18 22 11 13 16 17 23 21 22 7 27 22 11 27 11 17 16 18 22 18 17 9 32 22 10 14 23 19 22 23 16 12 14 36 23 12 33 42 42 49 24 34 32 8 13 20 38 40 44 12 22 29 21 67 12 47 53 24 35 36 13 12 22 54 23 33 37 16 11 22 32 43 44 15 20 31 43 19 25 34 28 28 19 35 32 12 8 14 31 19 24 
29 32 1 11 4 6 11 31 28 5 38 34 22 36 4 17 7 10 10 29 25 10 42 35 22 10 23 13 16 13 28 21 15 45 35 23 21 29 30 37 22 29 20 13 14 13 26 28 32 11 16 18 25 12 48 34 41 19 27 24 12 10 12 41 16 25 25 15 6 11 25 35 32 7 14 20 46 19 37 43 34 24 30 41 35 19 15 8 43 31 33 
63 64 35 40 31 30 24 64 57 40 72 69 57 67 36 43 32 32 25 64 56 42 74 70 57 38 46 34 35 26 63 55 43 76 70 58 14 8 5 10 43 40 15 45 45 33 11 12 3 41 35 19 53 47 34 6 9 37 34 10 42 40 28 8 35 31 9 42 38 26 34 34 7 34 35 24 69 45 71 74 63 41 64 69 59 51 49 37 78 66 66 
70 72 41 48 37 37 30 68 61 47 79 74 62 75 44 52 40 40 32 69 61 49 82 76 64 46 55 43 43 35 69 60 51 85 77 65 22 11 11 5 45 39 20 53 49 37 20 22 12 46 38 28 61 53 41 9 16 39 34 17 50 44 32 3 38 32 17 50 43 31 35 31 9 42 38 26 69 48 77 78 66 42 68 71 60 59 54 41 85 73 71 
42 47 18 31 20 23 17 30 21 22 52 39 28 52 24 37 26 29 23 32 22 28 56 42 32 30 43 32 35 28 35 24 34 61 45 36 29 29 32 34 5 9 22 31 13 6 34 37 36 12 3 30 44 24 19 37 39 70 10 27 32 12 11 41 3 10 30 35 14 14 8 18 31 26 5 13 31 9 42 38 26 5 31 31 21 36 19 11 52 41 32 
53 57 26 39 27 30 22 40 30 32 62 49 38 62 32 45 33 36 28 42 32 37 67 53 42 38 51 39 42 34 45 35 43 71 56 46 31 26 29 29 13 5 22 40 24 15 35 38 35 23 12 33 53 35 27 34 34 10 63 27 40 22 16 37 12 3 30 43 24 19 2 8 27 34 14 11 35 19 52 46 34 9 42 38 26 46 30 20 62 52 42 
53 55 25 31 21 20 14 53 47 30 62 58 46 58 27 35 23 24 15 53 46 32 65 59 47 29 38 26 27 18 53 45 35 68 60 48 6 6 5 14 33 31 5 36 34 23 8 12 9 31 25 12 45 36 24 10 17 27 27 18 33 29 18 17 25 23 3 33 28 16 26 28 8 25 24 15 59 35 61 64 53 31 53 59 49 42 38 26 68 56 56 
21 22 14 1 14 12 22 34 35 9 30 33 23 25 8 5 9 9 17 31 30 3 32 31 20 4 11 8 10 15 27 25 2 35 30 18 27 39 38 47 34 41 30 5 24 25 31 32 39 21 28 22 12 13 12 42 50 32 40 33 84 21 25 49 29 38 32 3 18 23 38 47 41 8 26 33 55 30 35 47 41 37 31 48 44 9 21 21 38 26 36 
30 35 8 20 13 16 15 24 19 11 40 30 18 40 13 26 17 21 18 24 16 17 45 32 21 19 32 23 26 22 25 15 23 49 35 24 28 33 35 40 13 21 24 19 5 8 33 36 38 1 9 26 32 12 10 40 44 12 22 29 21 77 12 46 10 20 31 24 3 13 19 30 35 17 8 19 36 9 33 35 25 16 24 31 25 24 9 3 42 30 26 
41 44 12 24 11 14 6 36 29 18 50 42 30 49 17 29 17 20 12 36 28 23 54 44 32 22 35 23 26 18 37 27 28 58 46 35 18 21 23 27 15 18 12 26 17 5 24 27 27 13 7 19 38 22 12 28 32 11 16 18 25 12 53 34 7 13 20 27 11 3 14 22 23 18 6 8 42 17 45 46 35 15 36 41 31 32 21 9 53 42 38 
70 72 42 48 38 37 31 70 62 47 79 75 63 75 44 51 40 40 32 70 62 49 82 77 64 45 54 42 43 34 70 61 51 84 77 65 22 12 11 8 47 42 21 53 51 39 19 20 11 47 40 28 61 54 41 8 3 41 37 17 49 46 34 19 39 34 17 50 44 32 37 34 10 42 40 28 72 50 78 79 68 44 70 73 62 59 55 43 85 73 72 
41 45 15 28 17 20 14 31 23 20 50 39 27 50 21 34 23 26 19 32 23 26 55 42 31 27 40 29 32 25 34 24 31 59 45 34 26 27 29 33 8 12 19 28 12 3 31 34 34 11 0 27 41 23 16 35 38 3 12 25 29 10 7 39 75 10 27 32 12 11 9 20 29 23 2 11 34 10 42 40 28 8 32 34 24 34 18 8 51 40 33 
51 55 24 37 24 27 19 40 31 30 61 49 38 60 30 42 30 33 25 42 32 35 65 52 41 35 48 36 39 31 44 34 40 70 55 45 27 23 26 26 14 8 19 38 23 13 32 35 31 21 11 30 50 33 25 31 32 10 3 23 38 20 13 34 10 69 27 40 22 16 3 9 24 31 12 8 37 19 52 47 35 10 42 40 28 44 29 19 62 51 42 
53 55 26 31 21 21 15 55 49 31 62 60 48 58 27 34 23 23 16 55 48 32 65 60 48 28 37 25 26 17 54 46 34 67 61 48 5 7 6 15 36 35 8 36 36 26 5 8 7 32 28 11 44 37 25 9 17 30 30 3 32 31 20 17 27 27 21 33 29 18 29 32 9 25 27 18 62 37 62 66 55 34 55 61 52 42 40 28 69 57 58 
23 22 17 4 16 14 23 37 39 12 31 35 26 25 11 2 10 9 18 34 34 7 32 33 23 5 8 7 8 15 29 28 2 34 31 20 27 39 39 47 37 44 31 8 27 28 31 31 39 24 31 22 11 16 15 42 50 35 43 33 3 24 27 50 32 40 33 84 21 25 41 50 41 9 29 35 58 33 37 50 45 40 34 51 48 10 24 24 40 28 40 
29 33 5 17 10 13 14 25 21 8 39 31 18 38 10 23 14 17 15 25 19 14 43 32 20 16 29 20 23 19 25 17 20 47 34 23 26 32 33 39 16 24 23 16 8 9 31 33 36 4 11 23 29 11 6 38 43 14 24 28 18 3 11 44 12 22 29 21 80 12 21 31 34 14 9 19 39 12 33 37 28 19 25 34 28 22 10 3 42 30 28 
40 43 11 22 9 11 3 37 31 17 50 43 31 47 15 27 15 17 9 37 30 21 53 44 32 20 32 20 23 15 37 29 25 57 46 34 15 20 21 27 19 21 11 24 18 8 21 24 25 15 10 16 36 22 11 26 31 14 19 16 23 13 3 32 11 16 18 25 12 57 17 25 22 15 9 9 45 19 45 48 37 19 37 43 34 30 22 10 54 42 40 
50 55 24 37 25 28 20 37 28 29 60 47 36 60 30 43 31 34 26 40 30 35 64 50 40 35 49 37 40 32 43 32 41 69 54 44 30 26 29 29 11 5 21 38 21 12 34 37 34 20 10 32 50 32 25 34 35 8 2 26 38 19 14 37 9 3 29 41 21 17 79 10 27 32 12 11 34 17 50 44 32 7 39 37 25 43 27 18 60 49 40 
61 65 34 46 34 36 27 47 37 39 70 57 46 70 39 52 40 42 33 50 40 45 75 61 50 44 57 45 48 39 53 43 50 79 64 54 34 26 29 26 21 11 25 48 32 22 37 40 35 31 20 37 60 43 35 34 31 18 8 28 47 30 22 34 20 9 32 50 31 25 10 69 27 40 22 16 39 27 60 53 41 17 50 44 32 53 38 28 71 60 49 
61 63 32 39 28 28 21 59 52 37 70 65 53 66 34 43 31 32 23 59 52 40 73 66 54 37 47 34 35 26 59 51 43 76 67 55 14 2 4 6 36 33 11 44 40 28 14 17 8 37 29 20 53 44 32 7 9 31 27 8 41 35 23 10 29 24 9 41 34 22 27 27 34 33 29 18 62 39 68 69 57 34 59 63 52 50 44 32 75 63 62 
28 30 9 6 6 4 14 36 35 8 37 37 26 33 4 11 1 3 9 34 31 7 40 37 25 4 16 6 9 8 31 26 10 43 36 24 20 30 30 39 29 36 22 11 21 20 24 25 31 18 23 15 20 15 7 34 42 26 34 25 8 17 18 42 23 31 25 9 14 15 32 40 33 100 21 25 53 26 39 49 41 31 34 48 42 17 21 16 44 32 38 
38 43 12 25 14 18 13 30 22 17 48 37 25 48 18 31 20 24 17 31 22 23 53 40 29 24 37 26 30 23 32 22 29 57 43 32 25 27 29 33 9 15 19 26 11 1 30 33 33 9 2 25 38 20 14 35 38 5 14 24 26 8 6 40 2 12 27 29 9 9 12 22 29 21 89 12 36 10 40 39 28 10 31 34 25 31 17 6 50 38 32 
49 52 20 31 19 21 11 42 34 26 58 49 37 57 24 37 24 26 17 43 34 30 62 52 40 29 42 29 32 23 44 35 35 66 54 43 19 16 19 21 18 16 10 34 23 11 23 26 24 21 12 22 45 31 20 24 26 13 11 15 33 19 8 28 11 8 18 35 19 9 11 16 18 25 12 65 44 22 52 51 39 16 43 45 34 40 28 17 61 50 44 
53 59 44 55 49 52 49 27 20 46 59 39 36 65 49 60 53 57 53 33 26 51 65 45 42 55 66 59 62 58 39 32 57 71 50 48 61 61 63 64 26 29 54 51 31 37 66 69 68 35 34 61 63 43 46 69 69 31 35 59 55 36 42 72 34 37 62 58 39 45 34 39 62 53 36 44 21 27 40 22 16 27 32 12 11 54 34 38 52 48 27 
36 41 17 29 22 25 22 21 12 20 44 30 19 46 23 35 27 30 26 23 13 26 50 34 24 29 41 32 36 31 26 15 32 55 38 29 35 38 40 43 6 16 29 27 6 11 40 43 44 8 10 34 40 19 19 45 48 9 19 35 30 9 17 50 10 19 37 33 12 19 17 27 39 26 10 22 27 55 33 29 18 10 22 24 16 32 12 11 43 33 23 
18 23 36 35 41 42 47 14 24 32 20 2 14 29 36 38 41 43 47 9 20 32 26 5 14 38 41 43 45 48 8 17 35 32 11 17 58 66 67 73 39 49 56 29 29 41 63 65 69 31 41 54 34 25 37 71 77 42 52 61 35 33 45 78 42 52 62 37 33 45 50 60 68 39 40 52 40 33 64 21 25 43 10 29 35 27 23 35 12 11 13 
37 43 42 47 47 50 51 13 17 40 41 20 24 49 44 51 50 53 53 17 18 44 47 26 28 49 57 54 57 56 23 22 49 53 32 34 63 67 69 73 33 42 59 42 29 41 69 71 73 33 39 61 51 34 43 74 78 38 46 64 47 35 46 79 40 47 66 50 37 48 44 53 69 49 39 51 22 29 21 24 12 37 16 10 21 43 27 38 32 30 11 
37 43 33 41 38 41 40 11 6 33 43 23 20 49 37 46 42 45 43 17 11 38 49 29 26 42 52 47 50 47 23 17 43 55 35 32 53 56 58 61 21 29 48 37 20 29 58 61 62 24 28 52 48 28 34 63 66 26 34 53 41 25 35 68 28 35 55 45 28 37 32 41 57 41 28 39 16 18 25 12 22 25 16 6 10 39 20 27 37 32 12 
46 50 23 36 25 28 22 30 21 27 55 41 30 56 29 42 31 34 28 34 23 33 60 44 35 35 48 37 40 34 37 26 39 65 48 39 34 33 35 36 4 6 26 35 16 12 39 42 40 16 8 35 48 28 24 41 42 5 9 31 37 16 15 44 8 10 34 40 19 19 7 17 34 31 10 16 27 10 43 37 25 54 33 29 18 40 22 16 54 44 32 
21 28 28 32 34 36 39 4 14 26 27 8 8 33 30 35 35 38 40 1 9 28 33 13 12 33 40 39 41 42 7 8 33 39 18 17 51 57 59 64 28 39 48 26 19 31 56 58 62 22 31 48 35 19 30 64 68 31 42 53 31 24 36 70 32 42 55 34 25 37 39 50 59 34 31 43 32 22 10 16 16 33 81 21 25 27 15 27 22 16 5 
42 49 39 48 44 47 46 16 13 40 48 27 26 55 43 53 48 51 50 22 17 44 54 33 32 48 58 53 57 54 28 23 50 60 39 38 59 61 64 66 26 33 53 43 26 35 65 67 68 30 33 58 54 35 41 69 71 31 38 59 48 31 41 73 34 40 61 51 34 43 37 44 63 48 34 45 12 24 29 10 6 29 21 44 12 46 27 34 40 37 16 
45 51 33 44 38 41 38 21 11 35 52 33 27 57 38 49 42 46 42 26 17 41 58 39 33 44 55 48 51 47 32 23 47 64 44 39 50 51 53 55 16 21 44 41 21 26 56 59 58 24 24 50 53 32 35 59 60 21 26 49 44 25 31 62 24 28 52 48 28 34 25 32 52 42 25 34 11 16 35 21 10 18 25 12 32 45 24 27 47 40 22 
12 13 20 10 21 21 30 30 34 14 21 26 19 16 15 10 18 18 26 25 28 9 23 23 14 13 13 17 19 24 20 22 8 26 21 10 36 47 47 55 37 46 39 6 25 31 40 41 48 24 33 31 8 12 19 51 59 36 46 42 9 24 32 59 34 44 42 10 22 30 43 53 50 17 31 40 54 32 27 43 39 40 27 46 45 66 21 25 29 18 32 
23 29 14 21 19 22 24 15 14 13 32 21 8 34 17 26 22 25 25 15 9 17 38 23 12 21 32 26 30 28 15 6 23 43 26 17 36 42 44 49 17 28 33 17 6 17 41 44 47 7 18 33 29 8 15 49 54 19 30 38 21 9 21 55 18 29 40 24 10 22 27 38 44 21 17 28 34 12 23 27 20 22 15 27 24 21 59 12 33 22 18 
32 36 7 20 11 14 12 27 21 11 42 33 21 41 13 26 16 19 15 27 19 17 46 35 23 19 32 22 25 20 27 18 23 51 37 26 25 30 32 37 13 20 21 19 8 6 31 33 35 4 8 24 32 14 8 37 41 11 20 26 21 3 9 43 8 19 28 24 3 10 18 28 32 16 6 17 38 11 35 38 27 16 27 34 27 25 12 36 44 33 29 
17 20 43 39 47 48 54 26 36 38 13 14 24 23 41 39 46 47 53 21 31 37 17 9 21 42 41 47 48 53 17 27 38 23 8 20 64 73 74 81 49 60 64 33 39 50 69 70 76 40 51 59 33 31 43 78 85 52 62 68 38 42 53 85 51 62 69 40 42 54 60 71 75 44 50 61 52 43 12 32 37 54 22 40 47 29 33 44 42 12 25 
7 12 31 27 35 36 42 20 29 25 11 10 14 18 29 28 34 35 41 14 23 25 17 5 9 30 31 35 36 41 8 18 26 23 4 8 52 61 62 69 39 50 52 21 28 39 56 58 63 29 40 47 24 19 31 66 73 41 52 56 26 30 42 73 40 51 57 28 30 42 49 60 63 32 38 50 48 33 11 30 32 44 16 37 40 18 22 33 12 51 21 
27 33 32 37 37 40 42 2 12 30 32 11 13 39 34 41 40 42 43 6 10 33 38 17 17 38 46 43 46 46 12 12 38 44 23 23 54 60 61 66 28 38 51 31 21 33 60 62 64 25 32 52 40 24 33 66 71 32 42 56 36 26 38 72 33 42 58 40 28 40 40 49 62 38 32 44 27 23 13 11 12 32 5 16 22 32 18 29 25 21 24 
