45 10
6 9 15 2 7 6 16 18 4 15 1 11 12 13 15 0 14 0 9 16 11 5 4 8 11 13 10 20 5 20 15 7 2 12 20 14 10 6 5 13 14 3 6 2 18 
9 90 5 15 0 12 5 20 14 13 6 4 19 9 15 4 17 18 10 1 16 10 20 6 11 0 10 15 14 14 17 16 2 12 1 11 3 20 0 17 1 8 1 0 1 
15 5 34 10 7 6 12 6 18 18 9 16 5 8 11 14 18 2 16 2 16 14 13 16 1 15 7 7 15 16 13 14 3 4 11 11 9 7 9 20 3 15 10 7 11 
2 15 10 87 2 4 13 12 16 18 6 14 11 11 0 0 19 17 18 7 6 6 7 12 11 3 11 13 5 18 11 4 18 10 4 1 20 14 7 12 14 12 6 6 17 
7 0 7 2 75 15 12 6 4 2 9 1 10 7 18 13 18 8 8 6 20 8 1 3 11 16 6 14 10 13 19 5 10 17 18 2 11 8 9 4 1 12 16 8 0 
6 12 6 4 15 96 20 0 1 14 5 12 20 4 2 7 9 15 6 3 2 17 16 9 17 12 11 2 13 11 7 2 6 11 10 2 15 2 20 16 8 3 8 4 15 
16 5 12 13 12 20 23 3 20 19 2 10 18 8 10 3 11 12 15 12 0 19 18 10 16 13 9 15 12 10 10 16 6 5 18 8 6 7 1 4 17 1 11 15 0 
18 20 6 12 6 0 3 65 16 17 5 8 19 10 6 4 18 19 0 7 5 12 16 3 6 9 10 17 11 5 4 1 16 1 12 15 9 13 1 8 20 2 17 16 13 
4 14 18 16 4 1 20 16 13 9 18 17 5 0 14 9 11 12 2 19 3 19 20 1 12 7 10 12 19 14 15 18 2 18 2 9 15 8 2 14 14 1 2 2 15 
15 13 18 18 2 14 19 17 9 32 19 19 18 5 20 18 5 8 5 15 9 10 13 3 19 6 1 11 9 4 20 5 20 15 6 8 10 3 7 4 11 4 9 13 8 
1 6 9 6 9 5 2 5 18 19 95 10 13 2 13 12 9 5 18 2 19 17 19 20 5 15 4 15 15 15 12 18 6 18 19 11 4 18 7 1 17 2 17 9 20 
11 4 16 14 1 12 10 8 17 19 10 50 8 1 13 6 16 8 13 15 1 10 15 10 5 19 13 12 5 9 4 16 0 12 14 18 14 16 1 17 1 7 7 10 9 
12 19 5 11 10 20 18 19 5 18 13 8 55 0 13 15 15 20 19 7 7 8 17 0 14 1 16 19 9 12 5 14 12 7 20 7 18 20 13 0 10 13 3 1 5 
13 9 8 11 7 4 8 10 0 5 2 1 0 37 2 3 17 14 19 9 9 14 16 15 6 7 9 9 10 5 12 10 10 16 18 8 4 4 1 2 8 0 10 0 12 
15 15 11 0 18 2 10 6 14 20 13 13 13 2 79 17 15 7 11 4 19 2 2 10 7 9 14 16 4 8 1 6 6 8 16 1 11 17 20 5 18 7 12 11 7 
0 4 14 0 13 7 3 4 9 18 12 6 15 3 17 12 16 19 17 12 13 10 10 16 2 11 16 16 2 2 10 14 16 0 8 18 5 4 15 13 14 9 8 11 6 
14 17 18 19 18 9 11 18 11 5 9 16 15 17 15 16 37 13 12 4 14 11 4 1 15 14 18 16 1 19 20 17 6 12 19 7 3 9 2 0 4 17 1 11 1 
0 18 2 17 8 15 12 19 12 8 5 8 20 14 7 19 13 31 20 12 16 18 11 15 18 9 12 13 14 7 19 13 18 4 11 2 0 8 13 5 0 2 1 20 9 
9 10 16 18 8 6 15 0 2 5 18 13 19 19 11 17 12 20 42 5 19 6 15 17 2 11 8 1 13 12 3 5 4 1 19 10 18 6 14 0 5 6 7 10 1 
16 1 2 7 6 3 12 7 19 15 2 15 7 9 4 12 4 12 5 46 10 6 5 3 4 8 18 16 9 13 0 19 2 8 15 8 3 7 9 9 16 11 13 4 15 
11 16 16 6 20 2 0 5 3 9 19 1 7 9 19 13 14 16 19 10 76 0 16 16 5 13 3 13 6 13 3 10 5 20 13 11 20 11 1 6 12 19 6 4 16 
5 10 14 6 8 17 19 12 19 10 17 10 8 14 2 10 11 18 6 6 0 62 4 15 14 2 17 17 12 18 9 1 20 18 19 9 0 9 16 8 11 0 4 16 10 
4 20 13 7 1 16 18 16 20 13 19 15 17 16 2 10 4 11 15 5 16 4 86 18 11 18 15 9 14 17 3 12 4 5 3 20 18 6 7 10 14 17 7 6 6 
8 6 16 12 3 9 10 3 1 3 20 10 0 15 10 16 1 15 17 3 16 15 18 66 9 15 2 11 19 17 17 18 2 8 14 4 3 1 11 16 12 3 16 2 6 
11 11 1 11 11 17 16 6 12 19 5 5 14 6 7 2 15 18 2 4 5 14 11 9 52 4 3 19 10 3 14 6 14 10 11 1 19 2 20 17 0 20 19 7 13 
13 0 15 3 16 12 13 9 7 6 15 19 1 7 9 11 14 9 11 8 13 2 18 15 4 48 17 14 10 12 14 2 3 9 1 2 8 0 4 9 7 6 20 13 14 
10 10 7 11 6 11 9 10 10 1 4 13 16 9 14 16 18 12 8 18 3 17 15 2 3 17 51 14 16 0 8 5 16 4 12 14 20 9 10 1 0 16 6 15 18 
20 15 7 13 14 2 15 17 12 11 15 12 19 9 16 16 16 13 1 16 13 17 9 11 19 14 14 51 4 12 18 4 1 14 10 12 14 11 2 19 11 10 0 18 18 
5 14 15 5 10 13 12 11 19 9 15 5 9 10 4 2 1 14 13 9 6 12 14 19 10 10 16 4 40 2 2 0 15 17 16 16 17 8 9 3 7 18 10 5 14 
20 14 16 18 13 11 10 5 14 4 15 9 12 5 8 2 19 7 12 13 13 18 17 17 3 12 0 12 2 41 17 15 0 18 11 13 19 2 20 8 7 17 15 9 0 
15 17 13 11 19 7 10 4 15 20 12 4 5 12 1 10 20 19 3 0 3 9 3 17 14 14 8 18 2 17 73 20 8 13 12 17 2 0 8 7 0 15 2 3 5 
7 16 14 4 5 2 16 1 18 5 18 16 14 10 6 14 17 13 5 19 10 1 12 18 6 2 5 4 0 15 20 34 3 15 7 19 11 9 7 12 7 0 18 5 10 
2 2 3 18 10 6 6 16 2 20 6 0 12 10 6 16 6 18 4 2 5 20 4 2 14 3 16 1 15 0 8 3 95 6 6 8 7 10 7 12 15 10 14 0 2 
12 12 4 10 17 11 5 1 18 15 18 12 7 16 8 0 12 4 1 8 20 18 5 8 10 9 4 14 17 18 13 15 6 24 17 6 1 8 13 7 17 7 19 14 19 
20 1 11 4 18 10 18 12 2 6 19 14 20 18 16 8 19 11 19 15 13 19 3 14 11 1 12 10 16 11 12 7 6 17 37 20 4 12 17 7 0 13 16 13 3 
14 11 11 1 2 2 8 15 9 8 11 18 7 8 1 18 7 2 10 8 11 9 20 4 1 2 14 12 16 13 17 19 8 6 20 1 9 9 9 13 10 18 11 11 6 
10 3 9 20 11 15 6 9 15 10 4 14 18 4 11 5 3 0 18 3 20 0 18 3 19 8 20 14 17 19 2 11 7 1 4 9 19 13 18 13 15 8 16 15 17 
6 20 7 14 8 2 7 13 8 3 18 16 20 4 17 4 9 8 6 7 11 9 6 1 2 0 9 11 8 2 0 9 10 8 12 9 13 39 3 5 19 12 17 20 16 
5 0 9 7 9 20 1 1 2 7 7 1 13 1 20 15 2 13 14 9 1 16 7 11 20 4 10 2 9 20 8 7 7 13 17 9 18 3 94 14 17 16 14 7 4 
13 17 20 12 4 16 4 8 14 4 1 17 0 2 5 13 0 5 0 9 6 8 10 16 17 9 1 19 3 8 7 12 12 7 7 13 13 5 14 82 9 20 1 8 6 
14 1 3 14 1 8 17 20 14 11 17 1 10 8 18 14 4 0 5 16 12 11 14 12 0 7 0 11 7 7 0 7 15 17 0 10 15 19 17 9 64 4 15 8 14 
3 8 15 12 12 3 1 2 1 4 2 7 13 0 7 9 17 2 6 11 19 0 17 3 20 6 16 10 18 17 15 0 10 7 13 18 8 12 16 20 4 85 9 20 9 
6 1 10 6 16 8 11 17 2 9 17 7 3 10 12 8 1 1 7 13 6 4 7 16 19 20 6 0 10 15 2 18 14 19 16 11 16 17 14 1 15 9 99 15 13 
2 0 7 6 8 4 15 16 2 13 9 10 1 0 11 11 11 20 10 4 4 16 6 2 7 13 15 18 5 9 3 5 0 14 13 11 15 20 7 8 8 20 15 51 15 
18 1 11 17 0 15 0 13 15 8 20 9 5 12 7 6 1 9 1 15 16 10 6 6 13 14 18 18 14 0 5 10 2 19 3 6 17 16 4 6 14 9 13 15 14 
