28 8
74 26 38 6 23 21 16 15 6 41 49 40 51 30 16 38 32 32 3 30 28 21 51 41 54 60 66 57 
26 31 13 32 34 24 37 37 24 67 70 60 75 6 41 49 40 51 29 36 27 38 73 63 79 74 85 75 
38 13 13 43 47 37 51 50 37 80 83 73 88 15 54 63 53 64 41 49 40 51 86 76 92 87 99 88 
6 32 43 83 28 27 18 17 12 37 49 40 49 36 15 41 37 33 6 34 34 24 49 40 51 62 66 57 
23 34 47 28 99 10 13 14 18 44 37 27 45 33 20 15 8 18 22 6 12 7 41 31 50 40 51 41 
21 24 37 27 10 80 19 19 15 52 47 37 54 22 26 25 15 28 21 12 6 16 51 41 59 49 61 51 
16 37 51 18 13 19 102 1 14 32 33 23 37 38 7 22 21 15 13 19 24 6 35 25 41 43 49 40 
15 37 50 17 14 19 1 53 13 32 34 24 37 38 6 23 21 16 12 20 24 7 36 26 41 44 50 41 
6 24 37 12 18 15 14 13 76 43 47 37 51 26 17 32 26 29 6 23 21 16 50 39 54 56 63 54 
41 67 80 37 44 52 32 32 43 13 28 27 18 70 26 43 48 30 38 49 56 36 23 21 16 49 42 38 
49 70 83 49 37 47 33 34 47 28 47 10 13 70 33 26 36 19 46 38 48 32 6 9 20 21 16 9 
40 60 73 40 27 37 23 24 37 27 10 43 19 59 24 18 26 8 36 28 38 22 14 6 25 23 26 16 
51 75 88 49 45 54 37 37 51 18 13 19 33 75 34 37 46 26 47 47 56 38 7 13 6 35 23 21 
30 6 15 36 33 22 38 38 26 70 70 59 75 26 43 47 37 51 32 34 24 37 73 63 80 72 84 74 
16 41 54 15 20 26 7 6 17 26 33 24 34 43 65 28 27 18 13 26 31 13 34 24 37 47 50 41 
38 49 63 41 15 25 22 23 32 43 26 18 37 47 28 68 10 13 35 13 23 17 32 24 44 24 37 27 
32 40 53 37 8 15 21 21 26 48 36 26 46 37 27 10 49 19 30 3 13 14 41 32 52 34 48 37 
32 51 64 33 18 28 15 16 29 30 19 8 26 51 18 13 19 75 29 21 30 13 22 13 32 28 34 24 
3 29 41 6 22 21 13 12 6 38 46 36 47 32 13 35 30 29 86 28 27 18 47 37 51 57 63 53 
30 36 49 34 6 12 19 20 23 49 38 28 47 34 26 13 3 21 28 95 10 13 43 34 53 37 51 40 
28 27 40 34 12 6 24 24 21 56 48 38 56 24 31 23 13 30 27 10 75 19 53 43 62 47 61 51 
21 38 51 24 7 16 6 7 16 36 32 22 38 37 13 17 14 13 18 13 19 102 35 25 43 39 47 37 
51 73 86 49 41 51 35 36 50 23 6 14 7 73 34 32 41 22 47 43 53 35 57 10 13 27 18 14 
41 63 76 40 31 41 25 26 39 21 9 6 13 63 24 24 32 13 37 34 43 25 10 55 19 28 26 18 
54 79 92 51 50 59 41 41 54 16 20 25 6 80 37 44 52 32 51 53 62 43 13 19 37 41 28 27 
60 74 87 62 40 49 43 44 56 49 21 23 35 72 47 24 34 28 57 37 47 39 27 28 41 20 19 13 
66 85 99 66 51 61 49 50 63 42 16 26 23 84 50 37 48 34 63 51 61 47 18 26 28 19 27 10 
57 75 88 57 41 51 40 41 54 38 9 16 21 74 41 27 37 24 53 40 51 37 14 18 27 13 10 39 
