45 10
39 35 42 18 27 29 51 22 48 16 29 13 11 31 41 20 36 57 33 41 39 65 36 63 47 42 58 80 52 76 20 40 58 31 53 22 49 20 47 70 47 65 64 87 59 
35 32 21 22 17 37 34 27 28 19 30 41 32 53 40 45 34 29 13 11 31 41 20 36 34 12 51 61 41 56 15 49 47 39 40 26 25 17 19 64 56 57 54 68 48 
42 21 59 24 36 26 13 22 6 27 19 41 45 46 23 41 19 16 10 32 13 23 6 20 13 11 31 41 20 36 27 35 25 27 19 22 6 22 8 43 40 36 33 48 26 
18 22 24 26 24 17 33 7 29 7 14 19 23 31 27 22 20 39 16 32 22 47 18 44 29 26 42 63 35 58 11 31 41 20 36 6 31 5 29 55 38 49 48 69 42 
27 17 36 24 23 42 49 32 43 17 37 38 19 54 50 44 43 46 26 16 43 58 33 53 48 29 64 78 55 72 13 56 61 45 54 31 41 20 36 77 63 71 68 85 62 
29 37 26 17 42 62 29 10 29 25 7 20 38 19 13 16 10 42 25 48 16 45 21 45 23 35 29 55 25 52 29 13 31 3 28 11 33 22 35 41 20 36 35 61 31 
51 34 13 33 49 29 83 29 6 38 23 47 56 47 19 45 19 17 22 45 13 16 16 17 6 23 20 29 9 25 39 32 13 28 6 29 11 33 18 31 35 24 20 36 14 
22 27 22 7 32 10 29 41 26 15 6 19 29 26 19 19 13 38 17 38 16 44 16 42 24 27 36 58 29 54 18 23 35 13 30 1 29 11 29 48 31 43 41 64 36 
48 28 6 29 43 29 6 26 72 34 22 46 51 48 22 44 19 13 17 38 13 17 11 16 9 17 26 34 15 29 34 35 19 29 13 26 5 29 11 37 39 31 27 41 20 
16 19 27 7 17 25 38 15 34 71 21 22 17 37 34 27 28 42 18 27 29 51 22 48 35 26 50 68 42 63 5 38 48 28 42 14 34 5 31 63 46 56 54 75 49 
29 30 19 14 37 7 23 6 22 21 84 24 36 26 13 22 6 35 18 41 10 39 13 38 18 27 29 51 22 48 24 19 28 9 24 7 26 17 27 41 26 36 34 58 29 
13 41 41 19 38 20 47 19 46 22 24 36 24 17 33 7 29 57 35 50 34 63 35 62 42 45 49 75 46 72 27 29 51 22 48 19 48 24 48 61 36 56 56 81 52 
11 32 45 23 19 38 56 29 51 17 36 24 55 42 49 32 43 59 35 35 45 68 40 65 52 42 65 85 58 81 18 50 64 41 59 29 51 22 48 78 58 72 71 92 65 
31 53 46 31 54 19 47 26 48 37 26 17 42 58 29 10 29 62 44 63 35 64 40 64 41 53 42 70 42 69 42 18 46 19 45 27 52 36 54 51 22 48 49 76 47 
41 40 23 27 50 13 19 19 22 34 13 33 49 29 103 29 6 36 27 52 10 35 20 36 13 34 16 42 13 40 37 13 18 11 16 20 27 30 31 29 17 23 22 48 18 
20 45 41 22 44 16 45 19 44 27 22 7 32 10 29 45 26 57 37 54 32 61 35 61 39 47 44 71 42 69 32 22 47 18 44 20 48 27 49 55 29 51 51 77 48 
36 34 19 20 43 10 19 13 19 28 6 29 43 29 6 26 96 33 21 45 6 35 14 35 13 29 22 45 16 42 31 16 22 9 18 14 24 23 27 35 22 29 27 51 22 
57 29 16 39 46 42 17 38 13 42 35 57 59 62 36 57 33 43 24 36 26 13 22 6 22 17 37 34 27 28 40 49 29 42 24 38 9 37 11 46 52 40 36 41 30 
33 13 10 16 26 25 22 17 17 18 18 35 35 44 27 37 21 24 45 24 17 33 7 29 21 10 38 51 29 46 17 37 34 27 28 16 16 13 13 51 43 45 42 58 35 
41 11 32 32 16 48 45 38 38 27 41 50 35 63 52 54 45 36 24 34 42 49 32 43 45 21 63 70 52 64 22 60 57 50 51 37 34 27 28 75 67 69 65 77 58 
39 31 13 22 43 16 13 16 13 29 10 34 45 35 10 32 6 26 17 42 74 29 10 29 7 24 21 41 13 37 30 22 19 16 13 17 17 23 21 34 27 28 25 47 19 
65 41 23 47 58 45 16 44 17 51 39 63 68 64 35 61 35 13 33 49 29 69 29 6 22 29 30 21 23 15 51 48 22 44 19 44 17 46 22 37 50 32 27 28 23 
36 20 6 18 33 21 16 16 11 22 13 35 40 40 20 35 14 22 7 32 10 29 54 26 14 14 31 45 21 41 23 31 27 22 20 16 13 17 13 44 37 37 34 52 28 
63 36 20 44 53 45 17 42 16 48 38 62 65 64 36 61 35 6 29 43 29 6 26 56 23 24 34 28 26 21 47 50 26 45 22 42 13 43 17 42 52 37 32 34 27 
47 34 13 29 48 23 6 24 9 35 18 42 52 41 13 39 13 22 21 45 7 22 14 23 48 24 17 33 7 29 36 26 13 22 6 24 14 30 20 30 30 23 20 40 14 
42 12 11 26 29 35 23 27 17 26 27 45 42 53 34 47 29 17 10 21 24 29 14 24 24 73 42 49 32 43 24 45 36 36 30 26 13 22 6 54 51 48 44 56 37 
58 51 31 42 64 29 20 36 26 50 29 49 65 42 16 44 22 37 38 63 21 30 31 34 17 42 53 29 10 29 52 24 8 27 13 36 31 45 37 13 22 6 6 33 7 
80 61 41 63 78 55 29 58 34 68 51 75 85 70 42 71 45 34 51 70 41 21 45 28 33 49 29 26 29 6 68 52 24 53 27 58 36 63 42 26 51 25 22 6 23 
52 41 20 35 55 25 9 29 15 42 22 46 58 42 13 42 16 27 29 52 13 23 21 26 7 32 10 29 44 26 43 25 6 24 3 30 21 36 27 22 26 16 13 35 6 
76 56 36 58 72 52 25 54 29 63 48 72 81 69 40 69 42 28 46 64 37 15 41 21 29 43 29 6 26 13 63 51 22 50 24 54 31 58 36 29 51 26 23 13 22 
20 15 27 11 13 29 39 18 34 5 24 27 18 42 37 32 31 40 17 22 30 51 23 47 36 24 52 68 43 63 49 42 49 32 43 17 33 7 29 65 50 59 56 75 50 
40 49 35 31 56 13 32 23 35 38 19 29 50 18 13 22 16 49 37 60 22 48 31 50 26 45 24 52 25 51 42 35 29 10 29 24 40 35 44 33 7 29 31 57 29 
58 47 25 41 61 31 13 35 19 48 28 51 64 46 18 47 22 29 34 57 19 22 27 26 13 36 8 24 6 22 49 29 67 29 6 36 24 42 31 17 29 11 7 29 1 
31 39 27 20 45 3 28 13 29 28 9 22 41 19 11 18 9 42 27 50 16 44 22 45 22 36 27 53 24 50 32 10 29 15 26 14 33 24 36 38 17 33 33 59 29 
53 40 19 36 54 28 6 30 13 42 24 48 59 45 16 44 18 24 28 51 13 19 20 22 6 30 13 27 3 24 43 29 6 26 59 31 18 37 24 24 30 17 14 33 7 
22 26 22 6 31 11 29 1 26 14 7 19 29 27 20 20 14 38 16 37 17 44 16 42 24 26 36 58 30 54 17 24 36 14 31 85 29 10 29 49 32 43 42 64 36 
49 25 6 31 41 33 11 29 5 34 26 48 51 52 27 48 24 9 16 34 17 17 13 13 14 13 31 36 21 31 33 40 24 33 18 29 99 29 6 42 44 36 32 43 25 
20 17 22 5 20 22 33 11 29 5 17 24 22 36 30 27 23 37 13 27 23 46 17 43 30 22 45 63 36 58 7 35 42 24 37 10 29 64 26 58 42 51 49 69 43 
47 19 8 29 36 35 18 29 11 31 27 48 48 54 31 49 27 11 13 28 21 22 13 17 20 6 37 42 27 36 29 44 31 36 24 29 6 26 87 49 49 42 38 49 32 
70 64 43 55 77 41 31 48 37 63 41 61 78 51 29 55 35 46 51 75 34 37 44 42 30 54 13 26 22 29 65 33 17 38 24 49 42 58 49 58 29 6 10 29 16 
47 56 40 38 63 20 35 31 39 46 26 36 58 22 17 29 22 52 43 67 27 50 37 52 30 51 22 51 26 51 50 7 29 17 30 32 44 42 49 29 21 26 29 55 29 
65 57 36 49 71 36 24 43 31 56 36 56 72 48 23 51 29 40 45 69 28 32 37 37 23 48 6 25 16 26 59 29 11 33 17 43 36 51 42 6 26 58 4 29 10 
64 54 33 48 68 35 20 41 27 54 34 56 71 49 22 51 27 36 42 65 25 27 34 32 20 44 6 22 13 23 56 31 7 33 14 42 32 49 38 10 29 4 58 26 6 
87 68 48 69 85 61 36 64 41 75 58 81 92 76 48 77 51 41 58 77 47 28 52 34 40 56 33 6 35 13 75 57 29 59 33 64 43 69 49 29 55 29 26 13 29 
59 48 26 42 62 31 14 36 20 49 29 52 65 47 18 48 22 30 35 58 19 23 28 27 14 37 7 23 6 22 50 29 1 29 7 36 25 43 32 16 29 10 6 29 53 
