91 14
87 40 18 20 41 57 31 40 8 14 33 15 48 55 25 23 21 37 14 6 40 30 55 28 22 45 39 60 77 34 34 47 51 83 44 62 6 23 42 7 15 22 13 43 10 29 21 38 12 20 22 9 37 9 27 68 27 36 13 26 54 21 56 43 50 30 44 71 39 73 30 16 1 30 7 34 13 10 27 14 43 26 47 25 15 49 15 30 43 56 26 
40 110 41 46 36 37 52 57 47 35 8 42 41 43 49 52 23 6 49 46 65 49 49 53 18 25 23 21 37 14 6 40 30 55 28 22 44 19 12 45 46 53 38 32 43 20 24 15 50 51 57 41 31 47 26 35 31 37 28 14 19 20 30 25 35 10 8 31 10 42 56 55 41 23 47 34 53 40 15 47 41 52 47 56 25 36 40 14 34 17 21 
18 41 51 5 26 44 14 23 16 6 37 3 33 68 43 41 32 41 31 22 58 48 70 46 28 55 49 62 77 41 36 60 61 92 55 62 23 21 37 14 6 40 30 55 28 22 16 32 15 11 39 27 50 26 17 59 14 20 24 27 59 21 45 32 37 32 42 72 35 64 16 30 17 41 17 19 22 7 34 9 27 44 63 43 20 61 32 27 56 58 20 
20 46 5 46 29 47 10 20 16 11 43 5 35 73 46 43 37 46 33 23 60 51 74 48 33 60 55 68 83 47 42 65 66 97 60 68 25 27 42 15 5 42 34 60 30 27 21 37 14 6 40 30 55 28 22 64 18 22 29 33 64 26 49 36 40 38 47 78 40 67 10 31 20 46 18 22 21 10 39 8 28 46 67 44 25 66 35 32 61 63 26 
41 36 26 29 43 18 27 26 42 27 39 30 7 76 64 64 43 40 56 47 80 67 81 67 36 59 55 55 64 45 36 71 65 91 61 52 47 25 25 40 33 63 50 63 50 18 23 20 42 36 64 49 60 50 16 37 14 6 40 30 55 28 22 12 11 34 32 62 26 39 34 57 41 50 43 7 49 33 40 36 5 66 76 67 33 69 53 24 65 51 21 
57 37 44 47 18 75 45 43 59 43 43 47 15 81 77 78 52 43 71 63 94 79 87 80 45 63 60 50 55 50 40 77 67 89 65 45 63 36 25 57 51 78 63 69 65 28 36 23 59 54 79 63 67 66 29 21 30 24 52 38 53 39 8 14 6 40 30 55 28 22 52 73 57 57 60 24 66 50 47 54 21 79 83 81 45 73 66 31 71 47 32 
31 52 14 10 27 45 29 10 26 20 50 15 31 82 56 53 46 53 43 33 70 61 84 58 42 69 63 74 87 55 49 75 75 105 69 73 35 34 46 25 15 52 44 69 40 32 28 41 23 13 49 40 64 38 26 64 21 21 38 40 71 34 49 37 39 45 52 83 45 67 6 40 30 55 28 22 30 20 48 18 24 56 77 54 34 75 46 38 70 69 31 
40 57 23 20 26 43 10 13 36 29 56 25 28 90 66 63 54 59 53 43 80 71 93 68 49 76 71 78 90 62 55 83 82 112 77 76 45 40 49 35 25 62 53 77 50 37 35 44 33 23 59 50 73 48 31 64 26 21 47 46 77 41 49 38 37 51 56 87 49 66 14 50 40 63 38 24 40 30 55 28 22 66 86 64 42 83 55 43 78 74 37 
8 47 16 16 42 59 26 36 80 16 41 13 49 63 30 27 30 45 17 7 43 36 63 32 30 53 48 68 85 42 41 55 59 91 53 70 9 29 47 2 11 25 20 51 15 33 25 43 4 13 23 15 46 11 30 72 29 36 21 33 62 27 59 46 53 37 51 78 45 77 23 14 7 38 1 35 6 9 35 8 43 30 55 28 22 57 21 36 51 63 31 
14 35 6 11 27 43 20 29 16 60 31 6 34 62 39 37 25 35 29 20 54 43 64 42 22 48 43 57 72 35 30 54 55 85 49 57 20 16 33 13 10 37 25 49 24 18 11 28 17 16 36 23 44 23 14 57 13 21 18 21 53 15 43 30 37 26 37 67 31 61 22 29 14 34 17 19 22 6 28 12 28 40 57 40 13 55 28 22 50 52 16 
33 8 37 43 39 43 50 56 41 31 110 38 45 37 41 43 14 4 41 39 56 40 43 44 11 20 17 27 44 7 3 33 26 55 22 29 37 16 18 39 41 45 29 25 35 21 22 20 44 47 48 33 23 39 25 43 30 38 20 10 21 16 37 30 40 5 16 37 15 50 53 48 34 14 41 35 47 35 6 42 44 43 40 48 19 30 32 15 28 22 20 
15 42 3 5 30 47 15 25 13 6 38 56 36 67 41 38 31 41 29 19 55 45 68 43 28 54 49 64 79 41 37 59 61 92 55 64 20 23 39 11 4 37 28 54 25 24 17 34 12 9 36 25 49 23 20 62 17 23 23 28 60 21 48 35 40 33 44 74 37 66 16 27 15 40 14 22 19 5 34 6 30 41 61 40 20 61 30 29 55 59 22 
48 41 33 35 7 15 31 28 49 34 45 36 45 83 72 71 50 46 63 54 88 75 88 75 43 65 62 58 67 52 42 78 71 96 67 55 54 32 30 47 39 71 57 70 57 25 30 25 48 41 71 56 67 57 23 36 21 12 47 37 60 35 21 15 9 40 36 65 31 37 38 63 48 57 50 14 55 40 47 42 6 73 83 74 40 75 60 30 72 55 28 
55 43 68 73 76 81 82 90 63 62 37 67 83 80 41 46 36 37 52 57 47 35 8 42 41 18 20 41 57 31 40 8 14 33 15 48 54 52 55 62 69 49 42 13 49 58 56 58 67 74 55 48 17 54 62 75 66 75 43 46 33 50 74 68 78 42 51 48 53 83 83 61 56 27 62 72 66 63 36 69 81 43 14 50 48 7 42 52 12 40 56 
25 49 43 46 64 77 56 66 30 39 41 41 72 41 36 5 26 44 14 23 16 6 37 3 33 40 35 64 82 37 43 32 44 73 38 68 20 41 57 31 40 8 14 33 15 48 41 55 34 44 14 16 28 18 48 83 50 60 25 40 56 38 74 63 72 41 57 74 53 90 54 21 26 28 29 57 29 36 34 38 67 3 29 9 32 38 11 47 31 60 45 
23 52 41 43 64 78 53 63 27 37 43 38 71 46 5 41 29 47 10 20 16 11 43 5 35 45 40 68 86 40 45 38 49 79 43 72 18 42 58 28 38 2 15 38 13 49 41 57 31 40 8 14 33 15 48 85 49 59 26 42 60 39 75 63 72 43 59 78 55 91 51 16 23 32 25 57 25 33 37 35 66 3 34 4 32 43 12 48 36 64 46 
21 23 32 37 43 52 46 54 30 25 14 31 50 36 26 29 83 18 27 26 42 27 39 30 7 23 18 40 58 13 16 29 30 61 23 43 24 18 30 28 34 30 15 23 21 25 20 29 34 39 34 19 18 26 27 57 31 40 8 14 33 15 48 38 48 14 30 50 27 63 47 34 22 9 29 37 35 27 7 34 47 29 33 33 12 29 17 21 24 36 22 
37 6 41 46 40 43 53 59 45 35 4 41 46 37 44 47 18 114 45 43 59 43 43 47 15 19 17 23 40 8 4 33 25 52 22 25 41 19 18 43 45 48 33 25 39 23 25 20 48 50 52 37 24 43 28 41 33 40 24 13 18 20 36 31 40 8 14 33 15 48 57 52 38 16 45 37 51 39 10 46 45 47 41 51 22 30 36 16 28 18 22 
14 49 31 33 56 71 43 53 17 29 41 29 63 52 14 10 27 45 62 10 26 20 50 15 31 47 42 67 85 40 43 44 52 83 46 71 8 36 54 18 28 8 12 42 6 42 34 51 20 30 8 8 37 5 41 80 41 50 21 37 60 33 69 57 65 39 55 78 51 86 40 8 14 33 15 48 15 24 35 25 57 13 42 11 27 48 10 43 41 63 39 
6 46 22 23 47 63 33 43 7 20 39 19 54 57 23 20 26 43 10 81 36 29 56 25 28 49 44 66 83 39 40 49 55 87 48 68 3 30 48 8 18 18 15 46 8 35 27 45 11 20 17 9 40 4 33 74 33 41 19 33 60 27 62 49 57 36 51 77 45 80 31 10 6 34 5 39 8 14 33 15 48 23 48 21 21 52 15 37 46 62 32 
40 65 58 60 80 94 70 80 43 54 56 55 88 47 16 16 42 59 26 36 17 16 41 13 49 52 48 77 95 52 59 40 54 81 49 83 34 58 73 44 54 18 30 43 30 65 57 72 47 57 20 31 40 32 65 99 66 76 41 56 69 54 90 79 88 57 72 87 69 106 67 31 40 43 42 73 40 50 50 52 83 14 33 15 48 47 27 63 41 74 61 
30 49 48 51 67 79 61 71 36 43 40 45 75 35 6 11 27 43 20 29 16 29 31 6 34 36 32 61 80 36 43 27 40 68 34 67 26 43 57 36 46 14 18 29 20 50 44 57 40 49 20 20 24 24 51 84 53 63 27 41 53 40 75 65 74 41 57 71 54 90 59 28 31 27 34 61 36 40 34 44 71 8 23 15 34 33 15 48 27 58 47 
55 49 70 74 81 87 84 93 63 64 43 68 88 8 37 43 39 43 50 56 41 31 67 38 45 25 26 50 65 36 46 10 22 40 22 57 53 56 61 62 70 46 42 18 48 62 59 64 67 75 51 47 20 53 66 83 69 79 45 50 41 54 80 74 84 47 57 57 59 90 84 58 56 31 62 76 65 64 40 69 86 40 8 46 51 14 41 57 15 48 60 
28 53 46 48 67 80 58 68 32 42 44 43 75 42 3 5 30 47 15 25 13 6 38 31 36 42 38 67 85 40 46 34 46 75 40 71 23 44 60 33 43 8 17 35 18 51 44 59 36 46 13 18 30 20 52 87 53 63 28 43 58 41 77 66 75 44 60 77 57 93 56 22 28 31 31 60 31 38 37 40 70 2 29 8 35 40 14 50 33 63 48 
22 18 28 33 36 45 42 49 30 22 11 28 43 41 33 35 7 15 31 28 49 34 45 36 97 26 21 38 55 13 11 35 33 63 27 40 26 11 23 28 31 36 20 28 24 18 14 22 33 37 39 23 24 28 20 50 24 34 9 7 32 9 41 31 41 8 24 48 20 57 44 37 23 14 30 31 36 25 6 32 40 35 40 39 8 34 23 14 30 33 15 
45 25 55 60 59 63 69 76 53 48 20 54 65 18 40 45 23 19 47 49 52 36 25 42 26 82 5 26 44 14 23 16 6 37 3 33 46 36 37 52 57 47 35 8 42 41 41 40 58 63 52 41 12 47 46 58 50 59 32 30 18 35 56 50 60 25 33 35 35 65 71 55 46 14 53 55 58 51 21 57 64 43 25 49 35 10 36 35 12 24 40 
39 23 49 55 55 60 63 71 48 43 17 49 62 20 35 40 18 17 42 44 48 32 26 38 21 5 93 29 47 10 20 16 11 43 5 35 41 31 35 47 52 42 30 8 36 37 36 37 52 57 47 35 8 42 41 57 46 54 26 25 20 30 54 47 57 21 31 38 32 65 65 50 40 9 47 51 52 45 16 52 60 38 24 44 29 13 31 31 11 26 35 
60 21 62 68 55 50 74 78 68 57 27 64 58 41 64 68 40 23 67 66 77 61 50 67 38 26 29 72 18 27 26 42 27 39 30 7 64 41 29 66 67 70 55 35 61 42 46 34 71 73 74 59 38 66 47 37 52 57 47 35 8 42 41 43 50 30 23 10 29 44 78 74 61 35 68 54 74 62 33 69 60 67 51 72 45 36 57 36 38 4 42 
77 37 77 83 64 55 87 90 85 72 44 79 67 57 82 86 58 40 85 83 95 80 65 85 55 44 47 18 75 45 43 59 43 43 47 15 81 56 41 83 83 88 73 53 79 55 61 46 88 88 92 77 56 83 61 36 65 68 64 51 26 58 46 52 57 47 35 8 42 41 92 92 78 53 85 66 91 78 50 84 70 85 68 90 62 52 75 50 56 22 57 
34 14 41 47 45 50 55 62 42 35 7 41 52 31 37 40 13 8 40 39 52 36 36 40 13 14 10 27 45 105 10 26 20 50 15 31 37 22 25 41 44 42 27 18 34 27 27 27 46 50 46 32 16 39 31 49 36 44 20 15 20 21 44 37 47 11 22 37 22 56 57 47 35 8 42 41 47 38 7 45 50 40 33 45 21 23 30 21 21 23 25 
34 6 36 42 36 40 49 55 41 30 3 37 42 40 43 45 16 4 43 40 59 43 46 46 11 23 20 26 43 10 115 36 29 56 25 28 38 15 15 39 41 47 31 28 36 18 20 17 44 46 50 34 26 40 23 41 28 36 21 8 22 15 34 27 37 4 13 37 12 47 52 49 35 17 41 33 47 35 8 42 41 46 43 50 19 33 34 12 31 22 18 
47 40 60 65 71 77 75 83 55 54 33 59 78 8 32 38 29 33 44 49 40 27 10 34 35 16 16 42 59 26 36 95 16 41 13 49 46 46 51 54 61 41 34 8 40 52 49 54 59 66 46 39 10 46 56 74 60 69 36 40 34 44 70 64 74 37 48 50 49 81 76 52 48 21 54 66 57 55 30 61 75 35 8 42 41 7 34 47 5 40 50 
51 30 61 66 65 67 75 82 59 55 26 61 71 14 44 49 30 25 52 55 54 40 22 46 33 6 11 27 43 20 29 16 71 31 6 34 52 42 42 58 64 52 41 11 47 47 47 45 64 69 57 46 16 53 52 61 56 65 38 36 18 41 60 56 65 31 37 34 40 68 77 61 52 21 59 61 64 57 27 64 70 47 24 54 41 8 42 41 13 25 46 
83 55 92 97 91 89 105 112 91 85 55 92 96 33 73 79 61 52 83 87 81 68 40 75 63 37 43 39 43 50 56 41 31 17 38 45 83 71 66 90 95 82 72 41 79 75 77 71 95 100 87 78 46 84 80 75 85 92 69 65 36 71 80 80 89 60 60 37 65 82 108 92 84 52 90 89 95 88 57 95 97 76 47 83 72 35 73 69 42 41 74 
44 28 55 60 61 65 69 77 53 49 22 55 67 15 38 43 23 22 46 48 49 34 22 40 27 3 5 30 47 15 25 13 6 38 84 36 45 37 40 52 57 45 34 5 41 43 42 42 57 63 50 39 9 46 47 61 51 60 32 31 21 36 58 52 62 27 35 38 37 68 71 54 45 14 52 57 57 51 21 57 66 41 21 47 35 8 35 37 8 27 41 
62 22 62 68 52 45 73 76 70 57 29 64 55 48 68 72 43 25 71 68 83 67 57 71 40 33 35 7 15 31 28 49 34 45 36 83 66 41 27 68 68 74 58 42 64 41 46 32 73 73 78 63 43 69 46 30 51 55 50 36 15 43 36 39 46 32 21 10 27 37 77 77 63 40 70 52 76 63 36 69 57 71 58 76 47 42 61 35 45 8 42 
6 44 23 25 47 63 35 45 9 20 37 20 54 54 20 18 24 41 8 3 34 26 53 23 26 46 41 64 81 37 38 46 52 83 45 66 11 29 47 10 20 16 11 43 5 35 26 44 14 23 16 6 37 3 33 73 33 42 16 31 57 26 62 49 56 34 49 74 44 79 33 11 6 31 8 40 11 15 31 17 49 21 45 19 20 49 12 36 42 59 32 
23 19 21 27 25 36 34 40 29 16 16 23 32 52 41 42 18 19 36 30 58 43 56 44 11 36 31 41 56 22 15 46 42 71 37 41 29 53 18 27 26 42 27 39 30 7 5 15 32 32 44 28 35 32 9 44 14 23 16 6 37 3 33 21 30 11 21 51 15 50 37 40 24 25 30 20 36 22 15 28 29 43 51 46 9 44 30 6 40 36 4 
42 12 37 42 25 25 46 49 47 33 18 39 30 55 57 58 30 18 54 48 73 57 61 60 23 37 35 29 41 25 15 51 42 66 40 27 47 18 88 45 43 59 43 43 47 15 22 5 49 48 62 45 42 50 20 26 24 28 32 16 29 21 19 14 23 16 6 37 3 33 51 58 42 33 48 25 54 39 23 45 31 59 58 62 27 48 46 11 46 25 17 
7 45 14 15 40 57 25 35 2 13 39 11 47 62 31 28 28 43 18 8 44 36 62 33 28 52 47 66 83 41 39 54 58 90 52 68 10 27 45 28 10 26 20 50 15 31 23 41 5 13 24 15 45 12 28 70 26 34 20 31 61 25 57 44 50 35 49 76 43 75 23 16 6 37 3 33 8 7 34 7 41 31 55 29 20 56 21 34 50 61 28 
15 46 6 5 33 51 15 25 11 10 41 4 39 69 40 38 34 45 28 18 54 46 70 43 31 57 52 67 83 44 41 61 64 95 57 68 20 26 43 10 46 36 29 56 25 28 21 38 9 5 34 25 51 22 24 66 21 26 25 32 63 25 52 39 44 37 48 77 41 70 14 25 15 43 12 26 16 6 37 3 33 41 63 39 23 63 30 33 57 63 26 
22 53 40 42 63 78 52 62 25 37 45 37 71 49 8 2 30 48 8 18 18 14 46 8 36 47 42 70 88 42 47 41 52 82 45 74 16 42 59 26 36 32 16 41 13 49 41 57 29 39 5 14 36 14 48 86 49 58 26 42 62 39 76 63 72 44 60 80 56 92 49 14 22 34 24 56 23 32 38 34 66 6 37 3 33 46 13 49 39 66 46 
13 38 30 34 50 63 44 53 20 25 29 28 57 42 14 15 15 33 12 15 30 18 42 17 20 35 30 55 73 27 31 34 41 72 34 58 11 27 43 20 29 16 12 31 6 34 27 41 25 33 19 5 25 12 34 70 36 45 11 26 48 24 60 48 57 28 44 65 40 76 43 20 14 21 19 43 23 23 22 27 53 16 34 19 17 37 3 33 31 51 31 
43 32 55 60 63 69 69 77 51 49 25 54 70 13 33 38 23 25 42 46 43 29 18 35 28 8 8 35 53 18 28 8 11 41 5 42 43 39 43 50 56 41 31 75 38 45 43 46 56 62 46 37 5 43 49 66 53 62 31 33 26 37 62 56 66 29 40 44 41 73 70 51 44 14 50 59 54 50 23 56 68 36 16 43 35 6 32 39 3 33 43 
10 43 28 30 50 65 40 50 15 24 35 25 57 49 15 13 21 39 6 8 30 20 48 18 24 42 36 61 79 34 36 40 47 79 41 64 5 30 47 15 25 13 6 38 6 36 28 45 20 29 14 1 32 5 35 74 36 45 14 30 54 26 63 50 59 33 48 71 44 80 39 13 10 27 14 43 17 20 28 23 52 16 40 16 20 44 6 36 37 57 33 
29 20 22 27 18 28 32 37 33 18 21 24 25 58 48 49 25 23 42 35 65 50 62 51 18 41 37 42 55 27 18 52 47 75 43 41 35 7 15 31 28 49 34 45 36 66 8 10 35 33 50 35 41 38 5 39 10 17 23 11 40 10 26 14 23 15 20 51 13 44 36 45 29 31 34 14 40 25 21 30 23 50 58 52 16 50 37 6 47 37 3 
21 24 16 21 23 36 28 35 25 11 22 17 30 56 41 41 20 25 34 27 57 44 59 44 14 41 36 46 61 27 20 49 47 77 42 46 26 5 22 23 21 41 27 43 28 8 58 18 27 26 42 27 39 30 7 47 10 20 16 11 43 5 35 22 30 16 26 56 20 52 31 37 21 28 26 17 32 17 20 23 27 43 54 44 9 49 30 11 44 42 5 
38 15 32 37 20 23 41 44 43 28 20 34 25 58 55 57 29 20 51 45 72 57 64 59 22 40 37 34 46 27 17 54 45 71 42 32 44 15 5 41 38 57 41 46 45 10 18 94 45 43 59 43 43 47 15 29 19 22 30 15 34 18 18 10 20 16 11 43 5 35 46 55 39 34 44 19 50 35 24 41 26 58 60 60 24 50 45 8 48 30 12 
12 50 15 14 42 59 23 33 4 17 44 12 48 67 34 31 34 48 20 11 47 40 67 36 33 58 52 71 88 46 44 59 64 95 57 73 14 32 49 5 9 29 25 56 20 35 27 45 20 10 26 20 50 15 31 74 29 36 25 36 66 30 60 47 53 40 53 82 47 78 20 16 11 43 5 35 7 10 39 6 42 34 60 31 25 62 26 38 56 67 32 
20 51 11 6 36 54 13 23 13 16 47 9 41 74 44 40 39 50 30 20 57 49 75 46 37 63 57 73 88 50 46 66 69 100 63 73 23 32 48 13 5 39 33 62 29 33 26 43 10 40 36 29 56 25 28 70 25 29 31 37 69 30 56 43 47 42 53 83 46 74 10 26 19 48 15 29 16 11 43 5 35 44 68 41 28 68 34 38 62 68 31 
22 57 39 40 64 79 49 59 23 36 48 36 71 55 14 8 34 52 8 17 20 20 51 13 39 52 47 74 92 46 50 46 57 87 50 78 16 44 62 24 34 5 19 46 14 50 42 59 26 36 33 16 41 13 49 88 49 58 29 45 66 41 77 65 73 47 63 84 58 94 46 10 22 39 21 56 20 31 42 31 65 11 43 5 35 51 16 51 45 70 47 
9 41 27 30 49 63 40 50 15 23 33 25 56 48 16 14 19 37 8 9 31 20 47 18 23 41 35 59 77 32 34 39 46 78 39 63 6 28 45 15 25 14 5 37 1 35 27 43 20 29 16 23 31 6 34 72 35 44 13 29 53 25 61 49 57 31 47 70 42 78 39 15 10 26 14 42 17 20 27 23 52 16 39 17 19 43 5 35 36 55 31 
37 31 50 55 60 67 64 73 46 44 23 49 67 17 28 33 18 24 37 40 40 24 20 30 24 12 8 38 56 16 26 10 16 46 9 43 37 35 42 45 51 36 25 5 32 41 39 43 50 56 41 31 86 38 45 65 49 58 26 30 29 33 61 53 63 27 39 47 39 73 65 45 38 10 45 55 49 45 20 51 65 31 16 38 30 11 26 37 5 35 39 
9 47 26 28 50 66 38 48 11 23 39 23 57 54 18 15 26 43 5 4 32 24 53 20 28 47 42 66 83 39 40 46 53 84 46 69 3 32 50 12 22 14 12 43 5 38 30 47 15 25 13 6 38 11 36 76 36 45 18 34 59 29 65 52 60 37 52 76 47 82 35 8 9 33 10 43 11 18 33 20 52 18 45 16 23 49 11 39 43 61 35 
27 26 17 22 16 29 26 31 30 14 25 20 23 62 48 48 27 28 41 33 65 51 66 52 20 46 41 47 61 31 23 56 52 80 47 46 33 9 20 28 24 48 34 49 35 5 7 15 31 28 49 34 45 36 70 42 5 13 24 15 45 12 29 16 23 20 25 56 18 47 31 43 27 35 31 10 37 21 25 26 20 50 60 51 16 54 37 11 50 43 5 
68 35 59 64 37 21 64 64 72 57 43 62 36 75 83 85 57 41 80 74 99 84 83 87 50 58 57 37 36 49 41 74 61 75 61 30 73 44 26 70 66 86 70 66 74 39 47 29 74 70 88 72 65 76 42 36 45 43 59 43 43 47 15 27 26 42 27 39 30 7 70 84 68 58 73 42 79 63 49 69 41 86 82 89 53 68 73 37 69 36 42 
27 31 14 18 14 30 21 26 29 13 30 17 21 66 50 49 31 33 41 33 66 53 69 53 24 50 46 52 65 36 28 60 56 85 51 51 33 14 24 26 21 49 36 53 36 10 10 19 29 25 49 35 49 36 5 45 55 10 26 20 50 15 31 18 24 25 30 61 23 49 26 42 27 39 30 7 35 19 29 23 17 51 64 52 19 59 38 16 54 48 10 
36 37 20 22 6 24 21 21 36 21 38 23 12 75 60 59 40 40 50 41 76 63 79 63 34 59 54 57 68 44 36 69 65 92 60 55 42 23 28 34 26 58 45 62 45 17 20 22 36 29 58 44 58 45 13 43 10 53 36 29 56 25 28 16 18 33 34 66 28 46 27 51 36 48 37 3 42 27 39 30 7 61 74 61 29 68 48 23 64 53 19 
13 28 24 29 40 52 38 47 21 18 20 23 47 43 25 26 8 24 21 19 41 27 45 28 9 32 26 47 64 20 21 36 38 69 32 50 16 16 32 20 25 26 11 31 14 23 16 30 25 31 29 13 26 18 24 59 26 36 85 16 41 13 49 37 47 18 34 58 29 65 39 27 14 17 21 33 26 19 14 25 43 27 39 30 7 37 14 22 31 43 20 
26 14 27 33 30 38 40 46 33 21 10 28 37 46 40 42 14 13 37 33 56 41 50 43 7 30 25 35 51 15 8 40 36 65 31 36 31 6 16 31 32 42 26 33 30 11 11 15 36 37 45 29 30 34 15 43 20 29 16 54 31 6 34 24 34 5 18 45 13 49 43 42 27 20 33 25 39 26 10 33 35 42 46 46 11 39 30 7 35 30 10 
54 19 59 64 55 53 71 77 62 53 21 60 60 33 56 60 33 18 60 60 69 53 41 58 32 18 20 8 26 20 22 34 18 36 21 15 57 37 29 61 63 62 48 26 54 40 43 34 66 69 66 53 29 59 45 43 50 56 41 31 78 38 45 44 52 26 23 18 28 50 75 68 55 27 62 53 68 57 26 64 61 59 42 64 40 27 50 33 30 7 40 
21 20 21 26 28 39 34 41 27 15 16 21 35 50 38 39 15 20 33 27 54 40 54 41 9 35 30 42 58 21 15 44 41 71 36 43 26 3 21 25 25 39 24 37 26 10 5 18 30 30 41 25 33 29 12 47 15 25 13 6 38 60 36 24 33 11 23 52 18 53 37 37 21 23 27 22 33 20 14 26 32 40 48 42 6 43 27 9 39 37 7 
56 30 45 49 22 8 49 49 59 43 37 48 21 74 74 75 48 36 69 62 90 75 80 77 41 56 54 41 46 44 34 70 60 80 58 36 62 33 19 57 52 76 60 62 63 26 35 18 60 56 77 61 61 65 29 15 31 28 49 34 45 36 14 13 12 35 23 46 22 18 56 72 56 52 60 27 66 50 42 55 26 76 78 79 42 66 63 27 65 39 30 
43 25 32 36 12 14 37 38 46 30 30 35 15 68 63 63 38 31 57 49 79 65 74 66 31 50 47 43 52 37 27 64 56 80 52 39 49 21 14 44 39 63 48 56 50 14 22 10 47 43 65 49 53 52 16 27 18 16 37 24 44 24 13 91 10 26 20 50 15 31 43 59 43 43 47 15 53 37 33 42 17 65 70 67 30 60 51 16 58 39 17 
50 35 37 40 11 6 39 37 53 37 40 40 9 78 72 72 48 40 65 57 88 74 84 75 41 60 57 50 57 47 37 74 65 89 62 46 56 30 23 50 44 72 57 66 59 23 30 20 53 47 73 57 63 60 23 26 24 18 47 34 52 33 12 10 87 36 29 56 25 28 45 66 51 53 54 18 59 43 43 47 15 74 80 75 39 70 60 26 68 47 26 
30 10 32 38 34 40 45 51 37 26 5 33 40 42 41 43 14 8 39 36 57 41 47 44 8 25 21 30 47 11 4 37 31 60 27 32 34 11 16 35 37 44 28 29 33 15 16 16 40 42 47 31 27 37 20 42 25 33 18 5 26 11 35 26 36 119 16 41 13 49 48 45 31 17 37 30 43 31 7 38 39 43 43 47 15 35 31 10 32 26 14 
44 8 42 47 32 30 52 56 51 37 16 44 36 51 57 59 30 14 55 51 72 57 57 60 24 33 31 23 35 22 13 48 37 60 35 21 49 21 6 49 48 60 44 40 48 20 26 11 53 53 63 47 39 52 25 27 30 34 34 18 23 23 23 20 29 16 87 31 6 34 57 60 45 30 51 31 57 43 22 50 37 59 55 63 29 43 47 15 42 19 21 
71 31 72 78 62 55 83 87 78 67 37 74 65 48 74 78 50 33 78 77 87 71 57 77 48 35 38 10 8 37 37 50 34 37 38 10 74 51 37 76 77 80 65 44 71 51 56 43 82 83 84 70 47 76 56 39 61 66 58 45 18 52 46 50 56 41 31 87 38 45 88 85 72 45 78 63 84 72 43 79 68 77 59 82 56 43 68 45 47 15 52 
39 10 35 40 26 28 45 49 45 31 15 37 31 53 53 55 27 15 51 45 69 54 59 57 20 35 32 29 42 22 12 49 40 65 37 27 44 15 3 43 41 56 40 41 44 13 20 5 47 46 58 42 39 47 18 30 23 28 29 13 28 18 22 15 25 13 6 38 94 36 50 55 40 30 45 25 51 37 20 43 32 56 56 59 24 45 43 8 43 25 15 
73 42 64 67 39 22 67 66 77 61 50 66 37 83 90 91 63 48 86 80 106 90 90 93 57 65 65 44 41 56 47 81 68 82 68 37 79 50 33 75 70 92 76 73 80 44 52 35 78 74 94 78 73 82 47 7 49 46 65 49 50 53 18 31 28 49 34 45 36 30 73 90 74 65 78 45 84 68 56 73 43 92 89 95 59 76 79 43 76 43 47 
30 56 16 10 34 52 6 14 23 22 53 16 38 83 54 51 47 57 40 31 67 59 84 56 44 71 65 78 92 57 52 76 77 108 71 77 33 37 51 23 14 49 43 70 39 36 31 46 20 10 46 39 65 35 31 70 26 27 39 43 75 37 56 43 45 48 57 88 50 73 20 36 29 56 25 28 26 20 50 15 31 54 77 51 36 77 44 42 71 73 35 
16 55 30 31 57 73 40 50 14 29 48 27 63 61 21 16 34 52 8 10 31 28 58 22 37 55 50 74 92 47 49 52 61 92 54 77 11 40 58 16 25 14 20 51 13 45 37 55 16 26 10 15 45 8 43 84 42 51 27 42 68 37 72 59 66 45 60 85 55 90 36 53 16 41 13 49 10 23 41 22 57 20 50 15 31 56 18 47 50 70 42 
1 41 17 20 41 57 30 40 7 14 34 15 48 56 26 23 22 38 14 6 40 31 56 28 23 46 40 61 78 35 35 48 52 84 45 63 6 24 42 6 15 22 14 44 10 29 21 39 11 19 22 10 38 9 27 68 27 36 14 27 55 21 56 43 51 31 45 72 40 74 29 16 41 31 6 34 12 10 28 13 43 26 48 25 16 50 15 31 44 57 26 
30 23 41 46 50 57 55 63 38 34 14 40 57 27 28 32 9 16 33 34 43 27 31 31 14 14 9 35 53 8 17 21 21 52 14 40 31 25 33 37 43 34 21 14 27 31 28 34 43 48 39 26 10 33 35 58 39 48 17 20 27 23 52 43 53 17 30 45 30 65 56 41 31 101 38 45 43 36 10 43 54 31 26 37 21 20 23 27 15 31 29 
7 47 17 18 43 60 28 38 1 17 41 14 50 62 29 25 29 45 15 5 42 34 62 31 30 53 47 68 85 42 41 54 59 90 52 70 8 30 48 3 12 24 19 50 14 34 26 44 5 15 21 14 45 10 31 73 30 37 21 33 62 27 60 47 54 37 51 78 45 78 25 13 6 38 31 36 6 10 35 10 44 28 54 26 22 56 20 37 50 63 31 
34 34 19 22 7 24 22 24 35 19 35 22 14 72 57 57 37 37 48 39 73 61 76 60 31 55 51 54 66 41 33 66 61 89 57 52 40 20 25 33 26 56 43 59 43 14 17 19 35 29 56 42 55 43 10 42 7 3 33 25 53 22 27 15 18 30 31 63 25 45 28 49 34 45 36 63 41 25 35 29 10 59 71 59 26 64 46 20 61 50 15 
13 53 22 21 49 66 30 40 6 22 47 19 55 66 29 25 35 51 15 8 40 36 65 31 36 58 52 74 91 47 47 57 64 95 57 76 11 36 54 8 16 23 23 54 17 40 32 50 7 16 20 17 49 11 37 79 35 42 26 39 68 33 66 53 59 43 57 84 51 84 26 10 12 43 6 41 73 16 41 13 49 29 56 25 28 61 23 43 54 69 37 
10 40 7 10 33 50 20 30 9 6 35 5 40 63 36 33 27 39 24 14 50 40 64 38 25 51 45 62 78 38 35 55 57 88 51 63 15 22 39 7 6 32 23 50 20 25 17 35 10 11 31 20 45 18 21 63 19 27 19 26 57 20 50 37 43 31 43 72 37 68 20 23 10 36 10 25 16 58 31 6 34 36 57 35 17 56 25 28 51 57 22 
27 15 34 39 40 47 48 55 35 28 6 34 47 36 34 37 7 10 35 33 50 34 40 37 6 21 16 33 50 7 8 30 27 57 21 36 31 15 23 34 37 38 22 23 28 21 20 24 39 43 42 27 20 33 25 49 29 39 14 10 26 14 42 33 43 7 22 43 20 56 50 41 28 10 35 35 41 31 113 38 45 37 36 41 14 29 25 17 25 28 19 
14 47 9 8 36 54 18 28 8 12 42 6 42 69 38 35 34 46 25 15 52 44 69 40 32 57 52 69 84 45 42 61 64 95 57 69 17 28 45 7 3 34 27 56 23 30 23 41 6 5 31 23 51 20 26 69 23 30 25 33 64 26 55 42 47 38 50 79 43 73 15 22 13 43 10 29 13 6 38 50 36 38 62 36 23 62 29 35 56 64 28 
43 41 27 28 5 21 24 22 43 28 44 30 6 81 67 66 47 45 57 48 83 71 86 70 40 64 60 60 70 50 41 75 70 97 66 57 49 29 31 41 33 66 53 68 52 23 27 26 42 35 65 52 65 52 20 41 17 7 43 35 61 32 26 17 15 39 37 68 32 43 31 57 43 54 44 10 49 34 45 36 57 68 80 69 36 74 56 29 70 56 25 
26 52 44 46 66 79 56 66 30 40 43 41 73 43 3 3 29 47 13 23 14 8 40 2 35 43 38 67 85 40 46 35 47 76 41 71 21 43 59 31 41 6 16 36 16 50 43 58 34 44 11 16 31 18 50 86 51 61 27 42 59 40 76 65 74 43 59 77 56 92 54 20 26 31 28 59 29 36 37 38 68 32 31 6 34 41 13 49 34 63 47 
47 47 63 67 76 83 77 86 55 57 40 61 83 14 29 34 33 41 42 48 33 23 8 29 40 25 24 51 68 33 43 8 24 47 21 58 45 51 58 55 63 37 34 16 40 58 54 60 60 68 43 39 16 45 60 82 64 74 39 46 42 48 78 70 80 43 55 59 56 89 77 50 48 26 54 71 56 57 36 62 80 31 82 38 45 16 33 53 13 49 55 
25 56 43 44 67 81 54 64 28 40 48 40 74 50 9 4 33 51 11 21 15 15 46 8 39 49 44 72 90 45 50 42 54 83 47 76 19 46 62 29 39 3 19 43 16 52 44 60 31 41 5 17 38 16 51 89 52 61 30 46 64 42 79 67 75 47 63 82 59 95 51 15 25 37 26 59 25 35 41 36 69 6 38 26 36 48 16 52 41 68 49 
15 25 20 25 33 45 34 42 22 13 19 20 40 48 32 32 12 22 27 21 48 34 51 35 8 35 29 45 62 21 19 41 41 72 35 47 20 9 27 20 23 33 17 35 20 16 9 24 25 28 35 19 30 23 16 53 19 29 7 11 40 6 42 30 39 15 29 56 24 59 36 31 16 21 22 26 28 17 14 23 36 34 45 36 99 41 21 16 36 41 13 
49 36 61 66 69 73 75 83 57 55 30 61 75 7 38 43 29 30 48 52 47 33 14 40 34 10 13 36 52 23 33 7 8 35 8 42 49 44 48 56 63 46 37 6 44 50 49 50 62 68 51 43 11 49 54 68 59 68 37 39 27 43 66 60 70 35 43 43 45 76 77 56 50 20 56 64 61 56 29 62 74 41 16 48 41 63 38 45 6 34 49 
15 40 32 35 53 66 46 55 21 28 32 30 60 42 11 12 17 36 10 15 27 15 41 14 23 36 31 57 75 30 34 34 42 73 35 61 12 30 46 21 30 13 3 32 6 37 30 45 26 34 16 5 26 11 37 73 38 48 14 30 50 27 63 51 60 31 47 68 43 79 44 18 15 23 20 46 23 25 25 29 56 13 33 16 21 38 13 36 31 53 34 
30 14 27 32 24 31 38 43 36 22 15 29 30 52 47 48 21 16 43 37 63 48 57 50 14 35 31 36 50 21 12 47 41 69 37 35 36 6 11 34 33 49 33 39 36 6 11 8 38 38 51 35 37 39 11 37 16 23 22 7 33 9 27 16 26 10 15 45 8 43 42 47 31 27 37 20 43 28 17 35 29 49 53 52 16 45 36 68 42 31 6 
43 34 56 61 65 71 70 78 51 50 28 55 72 12 31 36 24 28 41 46 41 27 15 33 30 12 11 38 56 21 31 5 13 42 8 45 42 40 46 50 57 39 31 3 37 47 44 48 56 62 45 36 5 43 50 69 54 64 31 35 30 39 65 58 68 32 42 47 43 76 71 50 44 15 50 61 54 51 25 56 70 34 13 41 36 6 31 42 76 36 45 
56 17 58 63 51 47 69 74 63 52 22 59 55 40 60 64 36 18 63 62 74 58 48 63 33 24 26 4 22 23 22 40 25 41 27 8 59 36 25 61 63 66 51 33 57 37 42 30 67 68 70 55 35 61 43 36 48 53 43 30 7 37 39 39 47 26 19 15 25 43 73 70 57 31 63 50 69 57 28 64 56 63 49 68 41 34 53 31 36 90 38 
26 21 20 26 21 32 31 37 31 16 20 22 28 56 45 46 22 22 39 32 61 47 60 48 15 40 35 42 57 25 18 50 46 74 41 42 32 4 17 28 26 46 31 43 33 3 5 12 32 31 47 31 39 35 5 42 10 19 20 10 40 7 30 17 26 14 21 52 15 47 35 42 26 29 31 15 37 22 19 28 25 47 55 49 13 49 34 6 45 38 73 
