36 9
55 8 11 17 3 9 0 16 0 3 11 1 7 5 9 17 9 20 0 12 9 16 11 20 2 11 10 11 16 13 12 0 20 9 17 3 
8 13 17 20 1 18 12 17 7 12 13 3 15 2 17 17 13 1 10 2 8 5 0 0 2 16 8 3 8 1 5 4 13 7 7 14 
11 17 76 20 20 15 8 17 17 14 12 13 2 1 5 9 11 17 13 7 3 0 14 9 9 10 6 9 10 8 5 9 15 14 5 14 
17 20 20 55 16 15 1 5 17 13 20 15 16 19 7 0 6 0 13 18 13 7 19 10 0 15 1 4 11 15 17 16 10 12 3 14 
3 1 20 16 90 7 8 9 12 8 6 8 12 5 9 0 6 2 16 2 9 2 19 15 0 20 9 11 14 12 10 17 20 9 3 3 
9 18 15 15 7 0 11 19 9 6 1 4 14 5 16 18 18 0 5 2 13 16 10 17 18 10 3 7 16 6 9 11 1 9 4 12 
0 12 8 1 8 11 78 13 5 4 3 0 20 15 13 11 1 12 4 3 4 6 0 19 8 4 17 4 15 19 9 18 7 2 3 2 
16 17 17 5 9 19 13 84 14 15 13 12 15 20 13 1 19 12 19 8 6 19 18 12 5 4 16 20 1 8 20 15 3 11 20 17 
0 7 17 17 12 9 5 14 89 0 20 15 15 7 12 6 9 2 8 7 12 17 15 5 17 20 1 6 13 8 4 10 16 1 7 3 
3 12 14 13 8 6 4 15 0 39 11 0 7 19 1 16 7 16 13 12 14 9 2 11 12 4 9 0 17 16 8 4 3 18 2 1 
11 13 12 20 6 1 3 13 20 11 88 16 8 13 10 2 11 8 13 6 0 15 10 18 8 20 13 13 9 5 13 5 2 1 15 18 
1 3 13 15 8 4 0 12 15 0 16 24 3 17 13 3 2 8 4 10 19 19 5 8 17 14 5 3 11 8 16 14 11 9 6 12 
7 15 2 16 12 14 20 15 15 7 8 3 43 13 15 10 18 6 11 2 20 17 2 17 19 16 7 13 1 1 18 1 15 2 3 6 
5 2 1 19 5 5 15 20 7 19 13 17 13 76 4 16 8 20 19 8 4 15 9 12 14 14 1 20 9 16 4 17 5 9 4 1 
9 17 5 7 9 16 13 13 12 1 10 13 15 4 57 10 16 3 10 8 1 8 4 2 17 13 19 18 13 12 10 20 10 19 1 0 
17 17 9 0 0 18 11 1 6 16 2 3 10 16 10 30 14 7 19 0 9 2 17 2 8 10 5 17 0 10 10 15 4 9 18 6 
9 13 11 6 6 18 1 19 9 7 11 2 18 8 16 14 7 10 5 20 1 12 6 6 1 2 16 4 0 0 2 4 18 11 15 0 
20 1 17 0 2 0 12 12 2 16 8 8 6 20 3 7 10 100 0 10 17 0 4 19 9 10 18 7 20 16 4 6 16 5 9 13 
0 10 13 13 16 5 4 19 8 13 13 4 11 19 10 19 5 0 70 18 9 17 13 18 7 14 0 16 3 9 3 4 16 16 17 17 
12 2 7 18 2 2 3 8 7 12 6 10 2 8 8 0 20 10 18 18 3 17 8 0 6 1 7 14 12 20 20 14 8 18 4 5 
9 8 3 13 9 13 4 6 12 14 0 19 20 4 1 9 1 17 9 3 69 14 2 2 4 5 7 11 7 13 13 1 4 13 10 9 
16 5 0 7 2 16 6 19 17 9 15 19 17 15 8 2 12 0 17 17 14 96 7 0 9 5 8 20 5 8 12 10 18 17 12 19 
11 0 14 19 19 10 0 18 15 2 10 5 2 9 4 17 6 4 13 8 2 7 79 11 2 13 7 20 11 13 8 19 17 9 4 6 
20 0 9 10 15 17 19 12 5 11 18 8 17 12 2 2 6 19 18 0 2 0 11 73 3 7 17 1 0 1 4 5 9 6 2 20 
2 2 9 0 0 18 8 5 17 12 8 17 19 14 17 8 1 9 7 6 4 9 2 3 57 5 19 4 8 0 8 9 14 8 17 14 
11 16 10 15 20 10 4 4 20 4 20 14 16 14 13 10 2 10 14 1 5 5 13 7 5 82 11 10 15 2 6 15 1 20 8 11 
10 8 6 1 9 3 17 16 1 9 13 5 7 1 19 5 16 18 0 7 7 8 7 17 19 11 36 9 1 11 9 20 18 12 6 14 
11 3 9 4 11 7 4 20 6 0 13 3 13 20 18 17 4 7 16 14 11 20 20 1 4 10 9 78 18 16 5 18 2 5 16 8 
16 8 10 11 14 16 15 1 13 17 9 11 1 9 13 0 0 20 3 12 7 5 11 0 8 15 1 18 70 17 10 1 18 18 1 16 
13 1 8 15 12 6 19 8 8 16 5 8 1 16 12 10 0 16 9 20 13 8 13 1 0 2 11 16 17 20 11 10 2 8 2 17 
12 5 5 17 10 9 9 20 4 8 13 16 18 4 10 10 2 4 3 20 13 12 8 4 8 6 9 5 10 11 88 4 4 10 14 6 
0 4 9 16 17 11 18 15 10 4 5 14 1 17 20 15 4 6 4 14 1 10 19 5 9 15 20 18 1 10 4 42 14 16 12 9 
20 13 15 10 20 1 7 3 16 3 2 11 15 5 10 4 18 16 16 8 4 18 17 9 14 1 18 2 18 2 4 14 26 12 4 7 
9 7 14 12 9 9 2 11 1 18 1 9 2 9 19 9 11 5 16 18 13 17 9 6 8 20 12 5 18 8 10 16 12 98 3 20 
17 7 5 3 3 4 3 20 7 2 15 6 3 4 1 18 15 9 17 4 10 12 4 2 17 8 6 16 1 2 14 12 4 3 76 12 
3 14 14 14 3 12 2 17 3 1 18 12 6 1 0 6 0 13 17 5 9 19 6 20 14 11 14 8 16 17 6 9 7 20 12 52 
