1.2276810108295755 -0.08488409914611857 -0.08098849847212118 0.1830507996098311 -0.022531296982192906 0.026235578032985537 0.029021002350027258 0.26110861550409403 -0.0018155821819823927 0.261071052247163 -0.2112407228840774 0.14725525854803756 0.09871321435366003 -0.011958474874825853 0.024033133652508403 -0.12996027499144544 0.1780334238370466 0.11575474210997837 0.4828195100414701 0.7255912228154885 0.011146963281317326 0.6519426870245979 0.901082483864102 0.7712940191547585 0.026857795263805297
-0.08488409914611834 1.3333049796792316 0.11349595572151626 0.11675786116015573 0.30418598107904343 0.026235578032985537 0.019732646025058986 -0.02861590788643129 -0.0018155821819823927 0.18000119500984946 0.2724432299318731 0.024031028262271697 0.227601414663201 -0.011958474874825853 0.024033133652508403 0.2230070464205911 0.1443589896912785 -0.25274404991294747 0.5752235439958014 0.4978384626890184 0.011146963281317326 0.6813300206009858 0.786405397722455 0.7499432502437287 0.026857795263805297
-0.08098849847212104 0.11349595572151626 0.9913408129744814 0.18055917198227514 0.06456048830829482 0.026235578032985537 0.2301504253104563 0.1378607781449472 -0.0018155821819823927 0.19618026187821935 0.21899159963594442 0.054051805815480206 -0.2103813929978253 -0.011958474874825853 0.024033133652508403 0.08182475459134346 -0.12744953016432103 0.046274963533596045 0.800934621860589 0.14244546073224099 0.011146963281317326 0.9359832192987273 0.950413281824933 0.8127048840390073 0.026857795263805297
0.18305079960983103 0.1167578611601555 0.180559171982275 1.0050756435618637 -0.2769855237426068 0.026235578032985537 0.37198380580726687 0.03959637208548922 -0.0018155821819823927 0.024128880216706793 0.004867863279186018 -0.10854081503773168 0.23570671750870562 -0.011958474874825853 0.024033133652508403 0.0044678158664656735 0.3902926885985217 0.00878985739522976 0.9681659165194574 1.0123932396297588 0.011146963281317326 0.5977598791134731 0.2675100868101345 0.5597778149568553 0.026857795263805297
-0.0225312969821931 0.30418598107904343 0.06456048830829485 -0.2769855237426069 1.138874770982541 0.026235578032985537 0.2784736017565452 -0.0404324438090746 -0.0018155821819823927 -0.25618837200544553 0.14300956978949406 0.06187005231394983 -0.038640642732155395 -0.011958474874825853 0.024033133652508403 0.415076203608903 -0.17412318931943813 0.10551249694283044 0.057228747255094234 0.7583392428618061 0.011146963281317326 0.43571728334082843 0.7943409625741167 0.5513130291220567 0.026857795263805297
0.02623557803298555 0.02623557803298555 0.02623557803298555 0.02623557803298555 0.02623557803298555 0.09008455628983432 0.02623557803298555 0.02623557803298555 -0.004497563231705332 0.02623557803298555 0.02623557803298555 0.02623557803298555 0.02623557803298555 -0.0028542759994197526 0.02302793353409403 0.02623557803298555 0.02623557803298555 0.02623557803298555 0.02623557803298555 0.02623557803298555 -0.0022791465603344855 0.02623557803298555 0.02623557803298555 0.02623557803298555 -0.015418300849059907
0.029021002350027452 0.019732646025059013 0.23015042531045643 0.3719838058072667 0.278473601756545 0.026235578032985537 0.7813537591154713 -0.008666201899371787 -0.0018155821819823927 -0.050438578559462974 0.03088538383728918 0.07199809862207286 -0.11536285248238455 -0.011958474874825853 0.024033133652508403 0.23136964722090106 -0.00848175311366724 -0.15394037173709477 0.7745240087021038 0.14491362236926789 0.011146963281317326 0.5545696210785922 0.40589372590008005 1.0248592072308915 0.026857795263805297
0.261108615504094 -0.028615907886431053 0.13786077814494735 0.03959637208548923 -0.040432443809074584 0.026235578032985537 -0.008666201899372023 1.2331957300978482 -0.0018155821819823927 0.11657557860349652 0.11675171241568282 0.10486334293161059 -0.0960441533213144 -0.011958474874825853 0.024033133652508403 0.27021182039831804 -0.055812346452392705 0.18772295636522854 0.7743819855775729 0.7063605933590399 0.011146963281317326 0.15753267276050179 0.8387023481705203 0.7366291944052059 0.026857795263805297
-0.0018155821819823821 -0.0018155821819823821 -0.0018155821819823821 -0.0018155821819823821 -0.0018155821819823821 -0.0044975632317053316 -0.0018155821819823821 -0.0018155821819823821 0.06824124552487414 -0.0018155821819823821 -0.0018155821819823821 -0.0018155821819823821 -0.0018155821819823821 -0.04183737130034725 -0.007910685951548936 -0.0018155821819823821 -0.0018155821819823821 -0.0018155821819823821 -0.0018155821819823821 -0.0018155821819823821 -0.018601740510299926 -0.0018155821819823821 -0.0018155821819823821 -0.0018155821819823821 -0.004680523659980487
0.26107105224716287 0.18000119500984935 0.19618026187821913 0.0241288802167066 -0.25618837200544536 0.026235578032985537 -0.05043857855946317 0.11657557860349657 -0.0018155821819823927 1.1836398796211518 -0.15841317075383818 -0.15071286711203738 -0.07293053335870643 -0.011958474874825853 0.024033133652508403 -0.03638793236645066 -0.01861512380362067 -0.05232025271799891 1.0042509957527763 0.8637863765715329 0.011146963281317326 0.053222377257242146 0.13689645851750235 0.48166217820381435 0.026857795263805297
-0.21124072288407678 0.2724432299318732 0.21899159963594425 0.0048678632791859765 0.1430095697894939 0.026235578032985537 0.03088538383728921 0.11675171241568269 -0.0018155821819823927 -0.15841317075383812 1.0115907524202838 0.03015237109891104 -0.013388592340962697 -0.011958474874825853 0.024033133652508403 0.3082271493503593 -0.12992064024010153 -0.32502499874185414 0.35691646144553196 0.5588553680585464 0.011146963281317326 0.9674945333998579 0.855685210266467 0.11452794299868467 0.026857795263805297
0.1472552585480373 0.024031028262271586 0.05405180581548015 -0.10854081503773184 0.061870052313949736 0.026235578032985537 0.07199809862207261 0.1048633429316104 -0.0018155821819823927 -0.1507128671120373 0.030152371098910707 1.3651760605707532 -0.09788851784531814 -0.011958474874825853 0.024033133652508403 0.09912347183333715 0.2251193652690911 -0.18555888395128653 0.6995817725675103 0.20595907563326635 0.011146963281317326 0.6284584922395566 0.1283291402289101 0.37907248150413947 0.026857795263805297
0.09871321435366016 0.22760141466320113 -0.2103813929978252 0.23570671750870562 -0.038640642732155686 0.026235578032985537 -0.11536285248238438 -0.09604415332131433 -0.0018155821819823927 -0.07293053335870656 -0.01338859234096253 -0.0978885178453182 1.1563998600199559 -0.011958474874825853 0.024033133652508403 0.0733401140616844 0.015041219624429319 0.12068503590260864 0.12731928241505144 0.4422002923747342 0.011146963281317326 0.2513543615931398 0.9359974246197305 0.2208720480415556 0.026857795263805297
-0.011958474874825861 -0.011958474874825861 -0.011958474874825861 -0.011958474874825861 -0.011958474874825861 -0.00285427599941975 -0.011958474874825861 -0.011958474874825861 -0.041837371300347266 -0.011958474874825861 -0.011958474874825861 -0.011958474874825861 -0.011958474874825861 0.04639157291138699 -0.014707808668923942 -0.011958474874825861 -0.011958474874825861 -0.011958474874825861 -0.011958474874825861 -0.011958474874825861 -0.025519145774405286 -0.011958474874825861 -0.011958474874825861 -0.011958474874825861 -0.004321760402317136
0.02403313365250839 0.02403313365250839 0.02403313365250839 0.02403313365250839 0.02403313365250839 0.02302793353409401 0.02403313365250839 0.02403313365250839 -0.007910685951548955 0.02403313365250839 0.02403313365250839 0.02403313365250839 0.02403313365250839 -0.01470780866892393 0.11896829516822764 0.02403313365250839 0.02403313365250839 0.02403313365250839 0.02403313365250839 0.02403313365250839 0.009171355275121851 0.02403313365250839 0.02403313365250839 0.02403313365250839 0.020519017211333125
-0.12996027499144533 0.22300704642059113 0.0818247545913435 0.004467815866465646 0.4150762036089028 0.026235578032985537 0.231369647220901 0.2702118203983181 -0.0018155821819823927 -0.03638793236645062 0.30822714935035966 0.09912347183333707 0.07334011406168438 -0.011958474874825853 0.024033133652508403 1.2239524346294082 -0.0651096876803697 0.051389524595282995 0.25771980589246674 0.4130329427565563 0.011146963281317326 0.2963985788232088 0.9603293377601595 0.14457014900417856 0.026857795263805297
0.17803342383704648 0.14435898969127817 -0.1274495301643212 0.3902926885985214 -0.17412318931943846 0.026235578032985537 -0.008481753113667351 -0.055812346452392594 -0.0018155821819823927 -0.01861512380362095 -0.12992064024010164 0.22511936526909124 0.01504121962442936 -0.011958474874825853 0.024033133652508403 -0.06510968768036986 1.2995712191855775 0.30095536992930016 0.6588374507177022 0.26330223519707935 0.011146963281317326 0.435673353439821 0.1506603815940564 0.9273468374564982 0.026857795263805297
0.11575474210997798 -0.25274404991294747 0.046274963533595864 0.008789857395229899 0.10551249694283037 0.026235578032985537 -0.1539403717370947 0.18772295636522857 -0.0018155821819823927 -0.05232025271799905 -0.32502499874185403 -0.18555888395128653 0.12068503590260847 -0.011958474874825853 0.024033133652508403 0.05138952459528297 0.3009553699292999 1.308691437575072 0.12423310470269282 0.5427653783433026 0.011146963281317326 0.7683704945578037 0.17682946073452746 0.45049914654457807 0.026857795263805297
0.4828195100414701 0.5752235439958014 0.800934621860589 0.9681659165194574 0.057228747255094234 0.026235578032985537 0.7745240087021038 0.7743819855775729 -0.0018155821819823927 1.0042509957527763 0.35691646144553196 0.6995817725675103 0.12731928241505144 -0.011958474874825853 0.024033133652508403 0.25771980589246674 0.6588374507177022 0.12423310470269282 1.0275810941681838 -0.9724189058318162 0.011146963281317326 1.0275810941681838 1.0275810941681838 -0.9724189058318162 0.026857795263805297
0.7255912228154885 0.4978384626890184 0.14244546073224099 1.0123932396297588 0.7583392428618061 0.026235578032985537 0.14491362236926789 0.7063605933590399 -0.0018155821819823927 0.8637863765715329 0.5588553680585464 0.20595907563326635 0.4422002923747342 -0.011958474874825853 0.024033133652508403 0.4130329427565563 0.26330223519707935 0.5427653783433026 -0.9724189058318162 1.0275810941681838 0.011146963281317326 -0.9724189058318162 1.0275810941681838 1.0275810941681838 0.026857795263805297
0.011146963281317321 0.011146963281317321 0.011146963281317321 0.011146963281317321 0.011146963281317321 -0.0022791465603345007 0.011146963281317321 0.011146963281317321 -0.018601740510299933 0.011146963281317321 0.011146963281317321 0.011146963281317321 0.011146963281317321 -0.025519145774405276 0.009171355275121832 0.011146963281317321 0.011146963281317321 0.011146963281317321 0.011146963281317321 0.011146963281317321 0.08492890148137842 0.011146963281317321 0.011146963281317321 0.011146963281317321 -0.006701845600720731
0.6519426870245979 0.6813300206009858 0.9359832192987273 0.5977598791134731 0.43571728334082843 0.026235578032985537 0.5545696210785922 0.15753267276050179 -0.0018155821819823927 0.053222377257242146 0.9674945333998579 0.6284584922395566 0.2513543615931398 -0.011958474874825853 0.024033133652508403 0.2963985788232088 0.435673353439821 0.7683704945578037 1.0275810941681838 -0.9724189058318162 0.011146963281317326 1.0275810941681838 -0.9724189058318162 1.0275810941681838 0.026857795263805297
0.901082483864102 0.786405397722455 0.950413281824933 0.2675100868101345 0.7943409625741167 0.026235578032985537 0.40589372590008005 0.8387023481705203 -0.0018155821819823927 0.13689645851750235 0.855685210266467 0.1283291402289101 0.9359974246197305 -0.011958474874825853 0.024033133652508403 0.9603293377601595 0.1506603815940564 0.17682946073452746 1.0275810941681838 1.0275810941681838 0.011146963281317326 -0.9724189058318162 1.0275810941681838 -0.9724189058318162 0.026857795263805297
0.7712940191547585 0.7499432502437287 0.8127048840390073 0.5597778149568553 0.5513130291220567 0.026235578032985537 1.0248592072308915 0.7366291944052059 -0.0018155821819823927 0.48166217820381435 0.11452794299868467 0.37907248150413947 0.2208720480415556 -0.011958474874825853 0.024033133652508403 0.14457014900417856 0.9273468374564982 0.45049914654457807 -0.9724189058318162 1.0275810941681838 0.011146963281317326 1.0275810941681838 -0.9724189058318162 1.0275810941681838 0.026857795263805297
0.026857795263805297 0.026857795263805297 0.026857795263805297 0.026857795263805297 0.026857795263805297 -0.01541830084905989 0.026857795263805297 0.026857795263805297 -0.004680523659980499 0.026857795263805297 0.026857795263805297 0.026857795263805297 0.026857795263805297 -0.004321760402317135 0.020519017211333136 0.026857795263805297 0.026857795263805297 0.026857795263805297 0.026857795263805297 0.026857795263805297 -0.0067018456007207124 0.026857795263805297 0.026857795263805297 0.026857795263805297 0.0759444572570155
