0.04464189664908557 -0.0023128128850541598 0.0010916177723398798 -0.0021306241613339764 -0.006308288939837762 -0.00397227455368961 0.00019199764432182987 0.0052150098555874234 -0.00106059094338104 0.0010916177723398798 -0.0012851549651580415 -0.007874137088547816 0.0011373112657121628 -0.007983709397851143 -0.017968871117849224 0.0010916177723398798 0.0016728003801832435 -0.008512618167708604 0.0010916177723398798 -0.004558822861128516 -0.0022065584979112105 0.0010916177723398798 0.0010916177723398798 -0.005620795429714592 -0.001269278654901016
-0.0023128128850541585 0.037527693415869846 0.0025138430117412555 0.006789193307771277 -8.482404500516296e-6 -0.0018184934819200158 -0.002713697337686885 0.0005358846735549708 0.002214101970361534 0.0025138430117412555 -0.016175467144393083 0.0029125523353362524 0.006391365284970762 0.01081506140823549 -0.009166331801660111 0.0025138430117412555 -0.006840217277932414 0.0023678276556867196 0.0025138430117412555 0.00354532505554787 -0.004902778613099605 0.0025138430117412555 0.0025138430117412555 -0.019275003687185432 0.0077501208191756285
0.0010916177723398807 0.0025138430117412538 0.582783889180362 0.0028157863994051724 0.005017953610617826 0.006573133243673267 -9.809514382982284e-5 0.003163714249514127 0.006735682817855499 0.07772589491202836 -0.0019849763946443114 0.0018603525247697127 0.00014911038319925067 0.003968451471032863 -0.0019475888659528761 0.35360102999992166 -0.000477860576252056 -0.00030711592295109164 0.7031862241342041 0.0018846524532842748 -0.004233059012959007 0.6326242807852372 0.9192885441055669 0.001221420595851226 -0.0014434684520476236
-0.0021306241613339772 0.006789193307771273 0.0028157863994051745 0.03841479526972005 0.004501917554954629 0.007682570039343389 -0.0033636992227614204 -0.002631203602419675 -0.0019286716586435475 0.0028157863994051745 -0.0010766198346398098 -0.0006635458965532847 -0.0005449308799646846 -0.004786407360140861 0.0033973118117664697 0.0028157863994051745 -0.003644944853896282 -0.007832613167830639 0.0028157863994051745 0.0012751190643643948 -0.006308316044626849 0.0028157863994051745 0.0028157863994051745 -0.009338153459161693 -0.007806646829152706
-0.0063082889398377645 -8.482404500517697e-6 0.005017953610617827 0.004501917554954634 0.059141609956617845 0.010728833767860815 -0.014982976917278339 0.015484131808468962 0.001410090138467923 0.005017953610617827 0.0034917929778920573 0.0006802402054884283 0.00033681388531540827 0.0071350989077521125 -0.004679652764467085 0.005017953610617827 -0.0019800611527601296 -0.002577530522757639 0.005017953610617827 0.010744948677283418 -0.005249070112469052 0.005017953610617827 0.005017953610617827 0.007273044949107951 -0.00020658075285287769
-0.003972274553689629 -0.0018184934819200228 0.006573133243673271 0.007682570039343377 0.010728833767860825 0.05562700835444227 -0.00431392480744605 0.005807586987487568 -0.004323294616078902 0.006573133243673271 -0.001354011714203507 0.00842580998246308 -0.008469056801077476 0.011354905993598828 0.003940381044437657 0.006573133243673271 0.0017650021007287284 -0.0008448129846406786 0.006573133243673271 -0.012152431483954328 -0.004227438277422217 0.006573133243673271 0.006573133243673271 0.006712072079399561 -0.00994675629836661
0.00019199764432183732 -0.0027136973376868873 -9.809514382982633e-5 -0.0033636992227614186 -0.014982976917278353 -0.004313924807446053 0.04232213408651196 -0.008966442009971227 -0.005308618049919204 -9.809514382982633e-5 -0.0019367073674000869 -0.012989358212994555 -0.0038019430265049717 0.0005519049633541377 0.010888755175847807 -9.809514382982633e-5 -0.008628579129375409 -0.003958343051257383 -9.809514382982633e-5 0.006006773345198354 -7.745611093070624e-5 -9.809514382982633e-5 -9.809514382982633e-5 -0.0010925102854626768 -0.012941884008871777
0.005215009855587417 0.0005358846735549677 0.0031637142495141266 -0.002631203602419672 0.015484131808468955 0.005807586987487568 -0.008966442009971222 0.05213504629892855 0.010983639230450929 0.0031637142495141266 -0.0015706033772364513 0.0031523807826549515 0.001405529405194967 0.017773866317570164 0.0014992149785418582 0.0031637142495141266 0.001571981203086245 0.0004887009655457334 0.0031637142495141266 0.009492828097306246 0.00231491672644656 0.0031637142495141266 0.0031637142495141266 -0.0029925616642565477 -0.018621970159666858
-0.0010605909433810405 0.0022141019703615225 0.006735682817855503 -0.0019286716586435601 0.001410090138467932 -0.0043232946160788955 -0.005308618049919196 0.010983639230450929 0.05403918979016675 0.006735682817855503 -0.005248047278287247 0.0023167380398161326 0.004514842033889647 0.008320748469114328 -0.008560565460902437 0.006735682817855503 0.006519166119476971 0.0076138530591249795 0.006735682817855503 0.010547300711921278 -0.007107957202316761 0.006735682817855503 0.006735682817855503 0.013734744583468626 -0.0066859806129865775
0.0010916177723398807 0.0025138430117412538 0.07772589491202836 0.0028157863994051724 0.005017953610617826 0.006573133243673267 -9.809514382982284e-5 0.003163714249514127 0.006735682817855499 1.0043595404427355 -0.0019849763946443114 0.0018603525247697127 0.00014911038319925067 0.003968451471032863 -0.0019475888659528761 -0.9956404595572644 -0.000477860576252056 -0.00030711592295109164 1.0043595404427355 0.0018846524532842748 -0.004233059012959007 1.0043595404427355 -0.9956404595572644 0.001221420595851226 -0.0014434684520476236
-0.0012851549651580418 -0.016175467144393087 -0.0019849763946443093 -0.0010766198346398156 0.003491792977892056 -0.00135401171420352 -0.001936707367400076 -0.0015706033772364535 -0.0052480472782872436 -0.0019849763946443093 0.04344954180207404 -0.0028585278408265412 -0.005900560868669943 0.00014842110025004688 -0.005674717193285289 -0.0019849763946443093 0.0015264982930393914 -0.005708585109372265 -0.0019849763946443093 -0.007349540564947405 0.005158248029161333 -0.0019849763946443093 -0.0019849763946443093 -0.009377739787778394 -0.009511048501669507
-0.007874137088547813 0.002912552335336257 0.001860352524769712 -0.0006635458965532905 0.0006802402054884183 0.008425809982463058 -0.012989358212994545 0.0031523807826549285 0.00231673803981613 0.001860352524769712 -0.0028585278408265274 0.06202826783115017 0.004749341681788037 0.008007712746062377 0.004191110083612066 0.001860352524769712 -0.007683770813367112 0.004984958355941136 0.001860352524769712 -0.004429340478826458 -0.00660743468505462 0.001860352524769712 0.001860352524769712 -0.006281049656157748 -0.0013707031156427307
0.001137311265712161 0.006391365284970761 0.00014911038319924866 -0.0005449308799646937 0.0003368138853154054 -0.008469056801077483 -0.0038019430265049782 0.0014055294051949648 0.004514842033889645 0.00014911038319924866 -0.0059005608686699485 0.0047493416817880356 0.049671087676890144 0.00217416394349042 -0.012800519996157288 0.00014911038319924866 -0.0055867206335283295 0.006551873924104538 0.00014911038319924866 -0.012785930880902453 -0.0065149706965929475 0.00014911038319924866 0.00014911038319924866 -0.009338689942497128 0.004840691505343972
-0.007983709397851157 0.010815061408235502 0.003968451471032865 -0.004786407360140853 0.007135098907752109 0.011354905993598837 0.000551904963354141 0.017773866317570164 0.008320748469114344 0.003968451471032865 0.00014842110025005187 0.008007712746062386 0.00217416394349041 0.05104882156340276 0.0004115910115462633 0.003968451471032865 0.004688651543018382 -0.012696109940475668 0.003968451471032865 0.008139858357688443 -0.0030318265184255838 0.003968451471032865 0.003968451471032865 -0.003450915620297652 -0.012151716012440876
-0.017968871117849217 -0.009166331801660115 -0.0019475888659528785 0.003397311811766464 -0.004679652764467098 0.00394038104443765 0.010888755175847798 0.0014992149785418515 -0.008560565460902433 -0.0019475888659528785 -0.005674717193285297 0.004191110083612076 -0.01280051999615728 0.0004115910115462591 0.051578130754943725 -0.0019475888659528785 0.00034095707312195334 -0.0053232147118328 -0.0019475888659528785 0.0013986475220990743 -0.01351321003060927 -0.0019475888659528785 -0.0019475888659528785 -0.005542944569214339 0.001264740001467797
0.0010916177723398807 0.0025138430117412538 0.35360102999992166 0.0028157863994051724 0.005017953610617826 0.006573133243673267 -9.809514382982284e-5 0.003163714249514127 0.006735682817855499 -0.9956404595572644 -0.0019849763946443114 0.0018603525247697127 0.00014911038319925067 0.003968451471032863 -0.0019475888659528761 1.0043595404427355 -0.000477860576252056 -0.00030711592295109164 -0.9956404595572644 0.0018846524532842748 -0.004233059012959007 1.0043595404427355 1.0043595404427355 0.001221420595851226 -0.0014434684520476236
0.0016728003801832337 -0.006840217277932418 -0.0004778605762520593 -0.0036449448538962877 -0.0019800611527601335 0.0017650021007287239 -0.008628579129375404 0.001571981203086241 0.006519166119476958 -0.0004778605762520593 0.001526498293039399 -0.007683770813367109 -0.00558672063352833 0.00468865154301838 0.00034095707312196326 -0.0004778605762520593 0.03892168489048524 0.0009415251339418092 -0.0004778605762520593 0.006642761249049975 0.004773583117351987 -0.0004778605762520593 -0.0004778605762520593 0.00622816185008308 -0.010092148394372297
-0.008512618167708605 0.0023678276556867227 -0.0003071159229510916 -0.007832613167830637 -0.0025775305227576286 -0.0008448129846406854 -0.003958343051257383 0.000488700965545735 0.007613853059124974 -0.0003071159229510916 -0.005708585109372274 0.004984958355941127 0.0065518739241045365 -0.012696109940475667 -0.005323214711832804 -0.0003071159229510916 0.0009415251339418078 0.03334281604913775 -0.0003071159229510916 0.0014020056433233022 -0.007638207321214953 -0.0003071159229510916 -0.0003071159229510916 0.00703784104220018 -0.004202282554758084
0.0010916177723398807 0.0025138430117412538 0.7031862241342041 0.0028157863994051724 0.005017953610617826 0.006573133243673267 -9.809514382982284e-5 0.003163714249514127 0.006735682817855499 1.0043595404427355 -0.0019849763946443114 0.0018603525247697127 0.00014911038319925067 0.003968451471032863 -0.0019475888659528761 -0.9956404595572644 -0.000477860576252056 -0.00030711592295109164 1.0043595404427355 0.0018846524532842748 -0.004233059012959007 -0.9956404595572644 1.0043595404427355 0.001221420595851226 -0.0014434684520476236
-0.004558822861128509 0.0035453250555478764 0.0018846524532842763 0.001275119064364408 0.01074494867728342 -0.012152431483954323 0.006006773345198359 0.009492828097306243 0.010547300711921266 0.0018846524532842763 -0.007349540564947412 -0.004429340478826467 -0.012785930880902463 0.008139858357688445 0.0013986475220990693 0.0018846524532842763 0.006642761249049977 0.001402005643323304 0.0018846524532842763 0.03990071258433649 -0.005020001291267719 0.0018846524532842763 0.0018846524532842763 0.002758901427019197 -0.00025088550536019386
-0.0022065584979112014 -0.004902778613099616 -0.004233059012959006 -0.006308316044626826 -0.005249070112469036 -0.004227438277422207 -7.745611093069879e-5 0.0023149167264465646 -0.00710795720231677 -0.004233059012959006 0.005158248029161341 -0.006607434685054621 -0.006514970696592952 -0.003031826518425576 -0.013513210030609277 -0.004233059012959006 0.004773583117351994 -0.007638207321214954 -0.004233059012959006 -0.005020001291267721 0.040109642220099176 -0.004233059012959006 -0.004233059012959006 -0.000838160880876826 -0.01054466606683145
0.0010916177723398807 0.0025138430117412538 0.6326242807852372 0.0028157863994051724 0.005017953610617826 0.006573133243673267 -9.809514382982284e-5 0.003163714249514127 0.006735682817855499 1.0043595404427355 -0.0019849763946443114 0.0018603525247697127 0.00014911038319925067 0.003968451471032863 -0.0019475888659528761 1.0043595404427355 -0.000477860576252056 -0.00030711592295109164 -0.9956404595572644 0.0018846524532842748 -0.004233059012959007 1.0043595404427355 -0.9956404595572644 0.001221420595851226 -0.0014434684520476236
0.0010916177723398807 0.0025138430117412538 0.9192885441055669 0.0028157863994051724 0.005017953610617826 0.006573133243673267 -9.809514382982284e-5 0.003163714249514127 0.006735682817855499 -0.9956404595572644 -0.0019849763946443114 0.0018603525247697127 0.00014911038319925067 0.003968451471032863 -0.0019475888659528761 1.0043595404427355 -0.000477860576252056 -0.00030711592295109164 1.0043595404427355 0.0018846524532842748 -0.004233059012959007 -0.9956404595572644 1.0043595404427355 0.001221420595851226 -0.0014434684520476236
-0.005620795429714599 -0.019275003687185422 0.001221420595851228 -0.009338153459161707 0.00727304494910794 0.006712072079399557 -0.001092510285462675 -0.002992561664256546 0.01373474458346861 0.001221420595851228 -0.009377739787778405 -0.006281049656157737 -0.009338689942497133 -0.0034509156202976576 -0.005542944569214334 0.001221420595851228 0.006228161850083079 0.007037841042200185 0.001221420595851228 0.00275890142701921 -0.0008381608808768141 0.001221420595851228 0.001221420595851228 0.0575857097439123 -0.014043697958170785
-0.0012692786549010093 0.00775012081917562 -0.0014434684520476262 -0.007806646829152716 -0.00020658075285287202 -0.009946756298366622 -0.012941884008871793 -0.018621970159666858 -0.00668598061298658 -0.0014434684520476262 -0.009511048501669499 -0.0013707031156427285 0.004840691505343972 -0.01215171601244088 0.0012647400014677928 -0.0014434684520476262 -0.010092148394372294 -0.004202282554758099 -0.0014434684520476262 -0.0002508855053601908 -0.010544666066831439 -0.0014434684520476262 -0.0014434684520476262 -0.01404369795817078 0.058980911071319975
