0.0657920854722775 -0.024704416178588654 -0.03177620398501254 -0.005510769318134495 -0.005510769318134495 -0.01160225672620355 -0.005510769318134495 -0.005510769318134495 -0.005510769318134495 -0.005510769318134495 -0.005510769318134495 -0.005510769318134495 -0.005510769318134495 -0.005510769318134495 -0.005510769318134495 -0.005510769318134495 -0.005510769318134495 -0.005510769318134495 -0.00917564590350681 -0.005510769318134495 -0.008612381617351339 -0.005510769318134495 -0.005510769318134495 -0.005510769318134495 -0.005510769318134495
-0.024704416178588658 0.061399836495664294 -0.01396200569730108 0.019450960076124683 0.019450960076124683 0.02962650303659583 0.019450960076124683 0.019450960076124683 0.019450960076124683 0.019450960076124683 0.019450960076124683 0.019450960076124683 0.019450960076124683 0.019450960076124683 0.019450960076124683 0.019450960076124683 0.019450960076124683 0.019450960076124683 0.004954123829049649 0.019450960076124683 0.017161564854974217 0.019450960076124683 0.019450960076124683 0.019450960076124683 0.019450960076124683
-0.03177620398501255 -0.013962005697301076 0.038114067273434395 -0.0072642568082630496 -0.0072642568082630496 0.002290274510069386 -0.0072642568082630496 -0.0072642568082630496 -0.0072642568082630496 -0.0072642568082630496 -0.0072642568082630496 -0.0072642568082630496 -0.0072642568082630496 -0.0072642568082630496 -0.0072642568082630496 -0.0072642568082630496 -0.0072642568082630496 -0.0072642568082630496 -0.010271017328492085 -0.0072642568082630496 -0.007803643144465802 -0.0072642568082630496 -0.0072642568082630496 -0.0072642568082630496 -0.0072642568082630496
-0.005510769318134497 0.019450960076124686 -0.007264256808263054 1.8584943317154994 -0.04114647384233113 0.008808816172198126 0.32687159875381544 0.20102819215843376 -0.07347434467529101 -0.01892011968092361 -0.30251666596242177 0.010451549244606263 -0.43878641317938943 0.16194471449872083 -0.08665079390196428 0.366225642885195 0.0690262705601995 0.3192930426167817 0.0011002822540031776 0.06502556524249314 0.01227505559690914 0.6078944987215124 0.13301979152224852 0.45668522749820584 0.017096982622150876
-0.005510769318134497 0.019450960076124686 -0.007264256808263054 -0.0411464738423313 1.775139484784558 0.008808816172198126 -0.25048114289976214 0.21180732432199817 0.3624301928385083 0.44451555597774267 0.03430029604525054 0.6170939047166526 0.24008905498388 -0.21287026158770367 0.021981857841180542 0.012976042719768661 0.08837657512712155 0.4934726252780659 0.0011002822540031776 0.1349325595018791 0.01227505559690914 0.8169088880125607 0.3069758961141663 0.13189430188452178 0.5351642006829236
-0.011602256726203552 0.02962650303659583 0.0022902745100693914 0.008808816172198121 0.008808816172198121 0.063680246589599 0.008808816172198121 0.008808816172198121 0.008808816172198121 0.008808816172198121 0.008808816172198121 0.008808816172198121 0.008808816172198121 0.008808816172198121 0.008808816172198121 0.008808816172198121 0.008808816172198121 0.008808816172198121 -0.018165286821809744 0.008808816172198121 0.012480520405710934 0.008808816172198121 0.008808816172198121 0.008808816172198121 0.008808816172198121
-0.005510769318134497 0.019450960076124686 -0.007264256808263054 0.32687159875381544 -0.25048114289976203 0.008808816172198126 1.6234399592117104 0.005447509281949155 -0.43484483640018734 -0.21125325127476124 0.08032856946900396 0.2924560097786249 0.1426096776022835 -0.19977850798885988 0.5317764987702812 -0.06429793952942531 0.06856317529760164 0.1807469914027685 0.0011002822540031776 0.40912476631965267 0.01227505559690914 0.5800385950855913 0.12992170089727828 0.5633684327722411 0.3138580408962748
-0.005510769318134497 0.019450960076124686 -0.007264256808263054 0.20102819215843376 0.2118073243219984 0.008808816172198126 0.005447509281949044 1.8619071027382361 0.2097285864900742 -0.10771825367983509 0.18503038103904001 -0.20741875018672362 0.18191640790600427 -0.14748002414739148 0.3172638314523609 -0.24381968990501673 0.274263021467514 -0.2463154034965177 0.0011002822540031776 0.039948053618899755 0.01227505559690914 0.34357981617948163 0.446323864125475 0.6050705077185279 0.6404562169637569
-0.005510769318134497 0.019450960076124686 -0.007264256808263054 -0.0734743446752906 0.3624301928385086 0.008808816172198126 -0.43484483640018745 0.20972858649007442 1.6259298020740778 -0.3653117612172725 -0.059880041283583395 0.13417519777499776 -0.1935286863895609 -0.24748494262726828 0.08147561921612476 0.3162225519696935 -0.29676832550823773 0.1963484612662128 0.0011002822540031776 0.7077110306285935 0.01227505559690914 0.9931179507112857 0.5861299939779987 0.21517382742013835 0.34129467361156796
-0.005510769318134497 0.019450960076124686 -0.007264256808263054 -0.01892011968092361 0.44451555597774306 0.008808816172198126 -0.21125325127476147 -0.10771825367983545 -0.36531176121727227 1.7650447989611564 0.16935755195938001 -0.19380766989531695 -0.027690424470012458 -0.2920379052700131 0.3076820372159532 0.20723956651373815 0.3391738435995641 -0.22126214014381096 0.0011002822540031776 0.7833717971817632 0.01227505559690914 0.11525738003488639 0.5495137505752299 0.37998209150767126 0.981111100418396
-0.005510769318134497 0.019450960076124686 -0.007264256808263054 -0.3025166659624221 0.034300296045250284 0.008808816172198126 0.08032856946900346 0.18503038103903946 -0.059880041283583284 0.16935755195938026 2.3530540782253233 0.45989491400997995 -0.1748488717969615 0.09900313451347054 0.1703973743219234 0.2115204408502224 -0.12080818132977922 0.2466576799835941 0.0011002822540031776 0.10310679200711437 0.01227505559690914 0.9884179037647196 0.8414396659274194 0.8312496020945259 0.2945533114837757
-0.005510769318134497 0.019450960076124686 -0.007264256808263054 0.010451549244606277 0.617093904716652 0.008808816172198126 0.2924560097786248 -0.20741875018672337 0.13417519777499776 -0.19380766989531684 0.45989491400998006 1.3432581088781086 -0.2565847028658833 -0.2652934244382106 0.13678960712055618 -0.21703398872823468 -0.0773911306525914 0.06629844962905296 0.0011002822540031776 0.8715714272039454 0.01227505559690914 0.14004275581011894 0.33704391361149466 0.09625142614727689 0.5725744706110171
-0.005510769318134497 0.019450960076124686 -0.007264256808263054 -0.4387864131793894 0.24008905498388006 0.008808816172198126 0.14260967760228327 0.1819164079060046 -0.1935286863895607 -0.027690424470012222 -0.17484887179696162 -0.2565847028658833 1.5472578507848875 -0.05299597840253744 0.1727794349758668 0.1031939402902739 0.021174072792758188 0.4683654498415313 0.0011002822540031776 0.8562378801764539 0.01227505559690914 0.9577478958883822 0.29527728306353596 0.2970276330928189 0.8184144530178625
-0.005510769318134497 0.019450960076124686 -0.007264256808263054 0.16194471449872117 -0.21287026158770378 0.008808816172198126 -0.19977850798886015 -0.14748002414739153 -0.24748494262726856 -0.29203790527001283 0.09900313451347048 -0.2652934244382108 -0.05299597840253755 1.4775918269845099 -0.20625388541419193 -0.13095257318540365 0.22740167417190693 0.08719650137790086 0.0011002822540031776 0.9066234179139288 0.01227505559690914 0.9995153372867092 0.697858759128028 0.7323217146235433 0.6772790947791401
-0.005510769318134497 0.019450960076124686 -0.007264256808263054 -0.08665079390196431 0.021981857841180598 0.008808816172198126 0.5317764987702813 0.3172638314523607 0.08147561921612478 0.3076820372159531 0.1703973743219238 0.136789607120556 0.172779434975867 -0.20625388541419198 1.6950028159955128 -0.009978044860630579 -0.1167362624374138 -0.10052591131720831 0.0011002822540031776 0.15408076781759605 0.01227505559690914 0.7592984700019789 0.8208782784355997 0.5000139696111232 0.3633671292551377
-0.005510769318134497 0.019450960076124686 -0.007264256808263054 0.3662256428851948 0.012976042719768627 0.008808816172198126 -0.06429793952942553 -0.24381968990501668 0.3162225519696934 0.20723956651373765 0.21152044085022248 -0.2170339887282351 0.10319394029027396 -0.13095257318540354 -0.009978044860630777 1.7602443473505769 0.05470733690809949 0.46245340382822825 0.0011002822540031776 0.36359059080018297 0.01227505559690914 0.8211713278059362 0.22685877115992337 0.6215894455305417 0.7940024572801962
-0.005510769318134497 0.019450960076124686 -0.007264256808263054 0.06902627056020008 0.08837657512712166 0.008808816172198126 0.06856317529760148 0.27426302146751425 -0.29676832550823773 0.3391738435995638 -0.12080818132977941 -0.07739113065259151 0.021174072792757855 0.22740167417190665 -0.11673626243741356 0.054707336908099764 1.715160144660316 -0.31574171974381826 0.0011002822540031776 0.2143746527279604 0.01227505559690914 1.0053301891180024 0.28304195385929787 0.4286226492656354 0.21268592878198223
-0.005510769318134497 0.019450960076124686 -0.007264256808263054 0.31929304261678154 0.4934726252780658 0.008808816172198126 0.18074699140276868 -0.2463154034965177 0.19634846126621264 -0.22126214014381115 0.2466576799835945 0.06629844962905329 0.46836544984153156 0.08719650137790108 -0.10052591131720853 0.46245340382822825 -0.315741719743818 1.0188941976214048 0.0011002822540031776 0.024051601937735707 0.01227505559690914 0.8557445326969042 0.35972911063592583 0.40410720390642263 0.4539117807132319
-0.009175645903506807 0.004954123829049641 -0.010271017328492081 0.0011002822540031748 0.0011002822540031748 -0.018165286821809734 0.0011002822540031748 0.0011002822540031748 0.0011002822540031748 0.0011002822540031748 0.0011002822540031748 0.0011002822540031748 0.0011002822540031748 0.0011002822540031748 0.0011002822540031748 0.0011002822540031748 0.0011002822540031748 0.0011002822540031748 0.02300724885957982 0.0011002822540031748 0.0049651950489105565 0.0011002822540031748 0.0011002822540031748 0.0011002822540031748 0.0011002822540031748
-0.005510769318134497 0.019450960076124686 -0.007264256808263054 0.06502556524249314 0.1349325595018791 0.008808816172198126 0.40912476631965267 0.039948053618899755 0.7077110306285935 0.7833717971817632 0.10310679200711437 0.8715714272039454 0.8562378801764539 0.9066234179139288 0.15408076781759605 0.36359059080018297 0.2143746527279604 0.024051601937735707 0.0011002822540031776 1.0158537430943722 0.01227505559690914 -0.984146256905628 1.0158537430943722 1.0158537430943722 -0.984146256905628
-0.008612381617351336 0.017161564854974217 -0.007803643144465814 0.012275055596909144 0.012275055596909144 0.01248052040571093 0.012275055596909144 0.012275055596909144 0.012275055596909144 0.012275055596909144 0.012275055596909144 0.012275055596909144 0.012275055596909144 0.012275055596909144 0.012275055596909144 0.012275055596909144 0.012275055596909144 0.012275055596909144 0.004965195048910564 0.012275055596909144 0.01623222018398091 0.012275055596909144 0.012275055596909144 0.012275055596909144 0.012275055596909144
-0.005510769318134497 0.019450960076124686 -0.007264256808263054 0.6078944987215124 0.8169088880125607 0.008808816172198126 0.5800385950855913 0.34357981617948163 0.9931179507112857 0.11525738003488639 0.9884179037647196 0.14004275581011894 0.9577478958883822 0.9995153372867092 0.7592984700019789 0.8211713278059362 1.0053301891180024 0.8557445326969042 0.0011002822540031776 -0.984146256905628 0.01227505559690914 1.0158537430943722 -0.984146256905628 1.0158537430943722 1.0158537430943722
-0.005510769318134497 0.019450960076124686 -0.007264256808263054 0.13301979152224852 0.3069758961141663 0.008808816172198126 0.12992170089727828 0.446323864125475 0.5861299939779987 0.5495137505752299 0.8414396659274194 0.33704391361149466 0.29527728306353596 0.697858759128028 0.8208782784355997 0.22685877115992337 0.28304195385929787 0.35972911063592583 0.0011002822540031776 1.0158537430943722 0.01227505559690914 -0.984146256905628 1.0158537430943722 -0.984146256905628 1.0158537430943722
-0.005510769318134497 0.019450960076124686 -0.007264256808263054 0.45668522749820584 0.13189430188452178 0.008808816172198126 0.5633684327722411 0.6050705077185279 0.21517382742013835 0.37998209150767126 0.8312496020945259 0.09625142614727689 0.2970276330928189 0.7323217146235433 0.5000139696111232 0.6215894455305417 0.4286226492656354 0.40410720390642263 0.0011002822540031776 1.0158537430943722 0.01227505559690914 1.0158537430943722 -0.984146256905628 1.0158537430943722 -0.984146256905628
-0.005510769318134497 0.019450960076124686 -0.007264256808263054 0.017096982622150876 0.5351642006829236 0.008808816172198126 0.3138580408962748 0.6404562169637569 0.34129467361156796 0.981111100418396 0.2945533114837757 0.5725744706110171 0.8184144530178625 0.6772790947791401 0.3633671292551377 0.7940024572801962 0.21268592878198223 0.4539117807132319 0.0011002822540031776 -0.984146256905628 0.01227505559690914 1.0158537430943722 1.0158537430943722 -0.984146256905628 1.0158537430943722
