0.01795251429920858 0.00525498931490507 0.00525498931490507 0.00525498931490507 0.006328323723493931 0.00525498931490507 -0.002573153913209099 0.00553766822314329 0.00525498931490507 0.00525498931490507 0.00525498931490507 0.0027047820054062993 -0.00499830298432726 0.0018202960188198971 0.00525498931490507 0.004926195489910531 0.00525498931490507 -0.002898857543531626 0.00525498931490507 -0.008694290920158318 0.00525498931490507 0.00525498931490507 -0.0030781377726042274 0.00525498931490507 -0.005415855231288977
0.00525498931490507 1.1394763562819255 -0.05743149188318132 0.011581959180558665 0.002670641454251578 0.42354338652886236 0.0022081295327214933 0.008400094320324104 -0.5359332261967674 -0.24661756250019254 -0.03682069657406771 0.004005332043034855 -0.004832492954183975 0.0019396048128369945 -0.20198380109567857 0.0013931632912886423 0.46118809816057804 0.0009793002501136405 0.3352850495646399 -0.0008291006138738956 0.12081404885134893 0.4205688804938421 -0.005382057946787512 0.41408587145993636 -0.00014003950139801036
0.00525498931490507 -0.05743149188318149 1.7401671030273986 -0.12197062367797327 0.002670641454251578 0.003120674392153895 0.0022081295327214933 0.008400094320324104 -0.0514039754819844 -0.39652372514947715 -0.05415550367232887 0.004005332043034855 -0.004832492954183975 0.0019396048128369945 -0.5485186926321424 0.0013931632912886423 0.5535921321149094 0.0009793002501136405 0.6779503606866183 -0.0008291006138738956 0.9907618277488667 0.3914015308756642 -0.005382057946787512 0.5329382091977002 -0.00014003950139801036
0.00525498931490507 0.011581959180558833 -0.12197062367797366 2.263376403750609 0.002670641454251578 0.19428849587337746 0.0022081295327214933 0.008400094320324104 -0.027546775353618894 0.3005533404503459 -0.15756026204500453 0.004005332043034855 -0.004832492954183975 0.0019396048128369945 0.1400454686012885 0.0013931632912886423 0.7793032099796969 0.0009793002501136405 0.10568787053415939 -0.0008291006138738956 0.7367078309809141 0.24167082331618725 -0.005382057946787512 0.13590126087960971 -0.00014003950139801036
0.006328323723493933 0.0026706414542515752 0.0026706414542515752 0.0026706414542515752 0.04567170017795843 0.0026706414542515752 -0.015012566340129345 -0.0017725903274692768 0.0026706414542515752 0.0026706414542515752 0.0026706414542515752 0.008390097573034418 5.352918212637957e-5 0.005346196466395089 0.0026706414542515752 -0.01641210315608281 0.0026706414542515752 0.00902568610027783 0.0026706414542515752 -0.012154456969507522 0.0026706414542515752 0.0026706414542515752 -0.01351324019835631 0.0026706414542515752 -0.01246504044052743
0.00525498931490507 0.42354338652886186 0.003120674392153867 0.19428849587337754 0.002670641454251578 1.6159941722582363 0.0022081295327214933 0.008400094320324104 0.4497542021474641 -0.3764164318191164 0.03429351734073992 0.004005332043034855 -0.004832492954183975 0.0019396048128369945 -0.4085441563519148 0.0013931632912886423 0.9465345046385654 0.0009793002501136405 0.23608839401157464 -0.0008291006138738956 0.12328221048837583 0.5211339664624106 -0.005382057946787512 0.031590965376350075 -0.00014003950139801036
-0.0025731539132090985 0.0022081295327214955 0.0022081295327214955 0.0022081295327214955 -0.01501256634012934 0.0022081295327214955 0.03659394011580704 0.013057476822556206 0.0022081295327214955 0.0022081295327214955 0.0022081295327214955 0.0027343168017003212 -0.0057258786651759415 0.002741984166281016 0.0022081295327214955 -0.01783380482574576 0.0022081295327214955 0.013370851452912613 0.0022081295327214955 0.0031728518098693035 0.0022081295327214955 0.0022081295327214955 -0.005166421610073548 0.0022081295327214955 0.0016689700892277902
0.005537668223143291 0.008400094320324104 0.008400094320324104 0.008400094320324104 -0.001772590327469281 0.008400094320324104 0.013057476822556216 0.04933662599514944 0.008400094320324104 0.008400094320324104 0.008400094320324104 0.0033283463050332585 -0.010881667418876435 0.016206023493707256 0.008400094320324104 -0.0018661751921712558 0.008400094320324104 0.0063462925361056 0.008400094320324104 -0.0010031462121379824 0.008400094320324104 0.008400094320324104 -0.012802478394839263 0.008400094320324104 -0.0007693843418320738
0.00525498931490507 -0.5359332261967673 -0.05140397548198429 -0.02754677535361931 0.002670641454251578 0.4497542021474647 0.0022081295327214933 0.008400094320324104 1.554423467765089 0.13488369177863688 0.23167488365798491 0.004005332043034855 -0.004832492954183975 0.0019396048128369945 -0.4391859759383471 0.0013931632912886423 0.03559733537420216 0.0009793002501136405 0.6372060388368102 -0.0008291006138738956 0.6847291814781479 0.6303112751437059 -0.005382057946787512 0.9458631215189659 -0.00014003950139801036
0.00525498931490507 -0.2466175625001926 -0.3965237251494767 0.3005533404503459 0.002670641454251578 -0.3764164318191161 0.0022081295327214933 0.008400094320324104 0.1348836917786372 1.8340927049391116 0.07846864976949867 0.004005332043034855 -0.004832492954183975 0.0019396048128369945 -0.4108599908378713 0.0013931632912886423 0.7528925968212118 0.0009793002501136405 0.10260169282180075 -0.0008291006138738956 0.8421549646906409 0.6596986087200938 -0.005382057946787512 0.6068270803586646 -0.00014003950139801036
0.00525498931490507 -0.036820696574067995 -0.05415550367232859 -0.15756026204500467 0.002670641454251578 0.03429351734074016 0.0022081295327214933 0.008400094320324104 0.23167488365798547 0.07846864976949884 1.9493226105897787 0.004005332043034855 -0.004832492954183975 0.0019396048128369945 0.15539320357311479 0.0013931632912886423 0.7527505736966809 0.0009793002501136405 0.7039598109345965 -0.0008291006138738956 0.5372239561776544 0.9143518074178353 -0.005382057946787512 0.2297229497122477 -0.00014003950139801036
0.002704782005406302 0.0040053320430348555 0.0040053320430348555 0.0040053320430348555 0.008390097573034414 0.0040053320430348555 0.0027343168017003134 0.003328346305033259 0.0040053320430348555 0.0040053320430348555 0.0040053320430348555 0.03234601118986753 0.01229340009049364 -0.00661916312667625 0.0040053320430348555 -0.01703698483674401 0.0040053320430348555 0.009470288268220462 0.0040053320430348555 0.0015352405207327315 0.0040053320430348555 0.0040053320430348555 -0.01558581505879982 0.0040053320430348555 -0.00015157106872006808
-0.004998302984327256 -0.004832492954183974 -0.004832492954183974 -0.004832492954183974 5.3529182126378576e-5 -0.004832492954183974 -0.00572587866517594 -0.010881667418876431 -0.004832492954183974 -0.004832492954183974 -0.004832492954183974 0.012293400090493628 0.026480079188866492 -0.008017612382310921 -0.004832492954183974 -0.014728525274269742 -0.004832492954183974 -0.00020578770730910644 -0.004832492954183974 0.009932867647907836 -0.004832492954183974 -0.004832492954183974 -0.01102022247508291 -0.004832492954183974 0.0030017736935641394
0.0018202960188198967 0.0019396048128369947 0.0019396048128369947 0.0019396048128369947 0.005346196466395109 0.0019396048128369947 0.002741984166281012 0.016206023493707256 0.0019396048128369947 0.0019396048128369947 0.0019396048128369947 -0.006619163126676253 -0.008017612382310932 0.030944089975142808 0.0019396048128369947 -0.013126266826356958 0.0019396048128369947 0.005979376473047388 0.0019396048128369947 -0.014445857715555819 0.0019396048128369947 0.0019396048128369947 0.0014027055796211108 0.0019396048128369947 0.0054873771224666626
0.00525498931490507 -0.20198380109567873 -0.5485186926321424 0.14004546860128816 0.002670641454251578 -0.40854415635191493 0.0022081295327214933 0.008400094320324104 -0.43918597593834663 -0.41085999083787145 0.15539320357311479 0.004005332043034855 -0.004832492954183975 0.0019396048128369945 0.8736006321652285 0.0013931632912886423 0.9826195838718842 0.0009793002501136405 0.4762070508081263 -0.0008291006138738956 0.18432766375237428 0.576128467232581 -0.005382057946787512 0.27476716694231673 -0.00014003950139801036
0.004926195489910536 0.0013931632912886434 0.0013931632912886434 0.0013931632912886434 -0.016412103156082797 0.0013931632912886434 -0.017833804825745744 -0.0018661751921712608 0.0013931632912886434 0.0013931632912886434 0.0013931632912886434 -0.017036984836744002 -0.014728525274269747 -0.013126266826356953 0.0013931632912886434 0.059225660574074336 0.0013931632912886434 -0.02066675207028765 0.0013931632912886434 0.00868811685826535 0.0013931632912886434 0.0013931632912886434 0.011429027344293866 0.0013931632912886434 -0.005434309969214624
0.00525498931490507 0.46118809816057804 0.5535921321149094 0.7793032099796969 0.002670641454251578 0.9465345046385654 0.0022081295327214933 0.008400094320324104 0.03559733537420216 0.7528925968212118 0.7527505736966809 0.004005332043034855 -0.004832492954183975 0.0019396048128369945 0.9826195838718842 0.0013931632912886423 1.0059496822872918 0.0009793002501136405 -0.9940503177127082 -0.0008291006138738956 1.0059496822872918 1.0059496822872918 -0.005382057946787512 -0.9940503177127082 -0.00014003950139801036
-0.0028988575435316215 0.0009793002501136438 0.0009793002501136438 0.0009793002501136438 0.009025686100277834 0.0009793002501136438 0.013370851452912605 0.006346292536105617 0.0009793002501136438 0.0009793002501136438 0.0009793002501136438 0.00947028826822045 -0.0002057877073091113 0.005979376473047398 0.0009793002501136438 -0.020666752070287658 0.0009793002501136438 0.02181849214843467 0.0009793002501136438 0.0024566953355323637 0.0009793002501136438 0.0009793002501136438 -0.0111764998834761 0.0009793002501136438 -0.0008935480968884306
0.00525498931490507 0.3352850495646399 0.6779503606866183 0.10568787053415939 0.002670641454251578 0.23608839401157464 0.0022081295327214933 0.008400094320324104 0.6372060388368102 0.10260169282180075 0.7039598109345965 0.004005332043034855 -0.004832492954183975 0.0019396048128369945 0.4762070508081263 0.0013931632912886423 -0.9940503177127082 0.0009793002501136405 1.0059496822872918 -0.0008291006138738956 -0.9940503177127082 1.0059496822872918 -0.005382057946787512 1.0059496822872918 -0.00014003950139801036
-0.008694290920158323 -0.0008291006138738978 -0.0008291006138738978 -0.0008291006138738978 -0.012154456969507524 -0.0008291006138738978 0.003172851809869309 -0.0010031462121380013 -0.0008291006138738978 -0.0008291006138738978 -0.0008291006138738978 0.001535240520732749 0.009932867647907838 -0.014445857715555828 -0.0008291006138738978 0.008688116858265357 -0.0008291006138738978 0.0024566953355323684 -0.0008291006138738978 0.04914248470639289 -0.0008291006138738978 -0.0008291006138738978 -0.01116403162396088 -0.0008291006138738978 -0.01325304205096525
0.00525498931490507 0.12081404885134893 0.9907618277488667 0.7367078309809141 0.002670641454251578 0.12328221048837583 0.0022081295327214933 0.008400094320324104 0.6847291814781479 0.8421549646906409 0.5372239561776544 0.004005332043034855 -0.004832492954183975 0.0019396048128369945 0.18432766375237428 0.0013931632912886423 1.0059496822872918 0.0009793002501136405 -0.9940503177127082 -0.0008291006138738956 1.0059496822872918 -0.9940503177127082 -0.005382057946787512 1.0059496822872918 -0.00014003950139801036
0.00525498931490507 0.4205688804938421 0.3914015308756642 0.24167082331618725 0.002670641454251578 0.5211339664624106 0.0022081295327214933 0.008400094320324104 0.6303112751437059 0.6596986087200938 0.9143518074178353 0.004005332043034855 -0.004832492954183975 0.0019396048128369945 0.576128467232581 0.0013931632912886423 1.0059496822872918 0.0009793002501136405 1.0059496822872918 -0.0008291006138738956 -0.9940503177127082 1.0059496822872918 -0.005382057946787512 -0.9940503177127082 -0.00014003950139801036
-0.0030781377726042296 -0.005382057946787515 -0.005382057946787515 -0.005382057946787515 -0.013513240198356312 -0.005382057946787515 -0.005166421610073555 -0.012802478394839268 -0.005382057946787515 -0.005382057946787515 -0.005382057946787515 -0.01558581505879983 -0.0110202224750829 0.0014027055796211054 -0.005382057946787515 0.01142902734429388 -0.005382057946787515 -0.011176499883476106 -0.005382057946787515 -0.011164031623960869 -0.005382057946787515 -0.005382057946787515 0.03238068472238957 -0.005382057946787515 -0.001512648340641303
0.00525498931490507 0.41408587145993636 0.5329382091977002 0.13590126087960971 0.002670641454251578 0.031590965376350075 0.0022081295327214933 0.008400094320324104 0.9458631215189659 0.6068270803586646 0.2297229497122477 0.004005332043034855 -0.004832492954183975 0.0019396048128369945 0.27476716694231673 0.0013931632912886423 -0.9940503177127082 0.0009793002501136405 1.0059496822872918 -0.0008291006138738956 1.0059496822872918 -0.9940503177127082 -0.005382057946787512 1.0059496822872918 -0.00014003950139801036
-0.005415855231288982 -0.00014003950139800987 -0.00014003950139800987 -0.00014003950139800987 -0.01246504044052744 -0.00014003950139800987 0.0016689700892277952 -0.000769384341832059 -0.00014003950139800987 -0.00014003950139800987 -0.00014003950139800987 -0.00015157106872007155 0.0030017736935641338 0.005487377122466676 -0.00014003950139800987 -0.005434309969214626 -0.00014003950139800987 -0.000893548096888438 -0.00014003950139800987 -0.013253042050965258 -0.00014003950139800987 -0.00014003950139800987 -0.0015126483406412933 -0.00014003950139800987 0.027481954016022925
