0.032505385469722835 -0.0049539594534148785 -0.0049539594534148785 -0.0049539594534148785 -0.010125683614362852 -0.0037071671039507056 -0.015429371354589412 -0.0011019834168447898 -0.0049539594534148785 -0.0049539594534148785 -0.0049539594534148785 -0.0049539594534148785 -0.0049539594534148785 -0.02267091649330717 -0.010740735233866885 -0.0049539594534148785 0.008513897862708833 -0.0049539594534148785 -0.0049539594534148785 0.013991126306070538 -0.001225151270589078 -0.0049539594534148785 -0.0049539594534148785 -0.0005520167688198715 -0.002634566781188919
-0.004953959453414878 1.0446031118524863 -0.0152833939329951 -0.25741296428690896 0.007603544517398232 0.008864333294497076 -0.0018205050227491557 0.012492884394592488 0.14534347336431636 -0.0015835688154164883 -0.4923793528769961 0.368321394666098 -0.21564578983171354 0.004341031913902482 -0.002701713762720733 0.05628151319547853 0.002223376876197386 0.8474938281294393 0.5712945430385767 0.004463527088787182 0.00023705238283005565 0.7505544179549644 0.5773859419309841 0.0006764526493452045 0.0032155644983510347
-0.004953959453414878 -0.015283393932995347 1.7172374354389555 0.5327543650724959 0.007603544517398232 0.008864333294497076 -0.0018205050227491557 0.012492884394592488 0.42114936299621347 0.3852537964209402 0.18372277665403108 -0.42462433200443106 -0.07165755257628412 0.004341031913902482 -0.002701713762720733 0.12618850745486448 0.002223376876197386 0.8978793658669142 0.334835764132467 0.004463527088787182 0.00023705238283005565 0.8124272757589216 0.5407696985282153 0.0006764526493452045 0.0032155644983510347
-0.004953959453414878 -0.2574129642869089 0.5327543650724956 0.8977143169754408 0.007603544517398232 0.008864333294497076 -0.0018205050227491557 0.012492884394592488 0.1503787214368521 0.3363986442572244 0.3687459219096802 0.24929249864109887 -0.19024036397857413 0.004341031913902482 -0.002701713762720733 0.40038071427263805 0.002223376876197386 0.14533671577058144 0.9843738986642712 0.004463527088787182 0.00023705238283005565 0.9965861370709878 0.8326956138804048 0.0006764526493452045 0.0032155644983510347
-0.010125683614362849 0.007603544517398234 0.007603544517398234 0.007603544517398234 0.07706159512556894 0.006604198329656171 -0.019799516546597458 0.014366801610106063 0.007603544517398234 0.007603544517398234 0.007603544517398234 0.007603544517398234 0.007603544517398234 0.005750093504912272 -0.0017288527486344393 0.007603544517398234 -0.003815266630131205 0.007603544517398234 0.007603544517398234 -0.0008597939095531911 -0.005028379389244225 0.007603544517398234 0.007603544517398234 0.010220962703514497 0.017398577682462783
-0.0037071671039506974 0.008864333294497073 0.008864333294497073 0.008864333294497073 0.006604198329656164 0.09627364506653441 -0.007643344938105482 0.021860707982500314 0.008864333294497073 0.008864333294497073 0.008864333294497073 0.008864333294497073 0.008864333294497073 0.0029992883300090567 0.0007107764373155462 0.008864333294497073 0.008313151031076696 0.008864333294497073 0.008864333294497073 0.00043063276554097606 0.0060008630183252375 0.008864333294497073 0.008864333294497073 -0.005217787853481041 0.000620243498487464
-0.015429371354589414 -0.0018205050227491468 -0.0018205050227491468 -0.0018205050227491468 -0.019799516546597448 -0.0076433449381054855 0.06333500627080976 -0.007212261444021158 -0.0018205050227491468 -0.0018205050227491468 -0.0018205050227491468 -0.0018205050227491468 -0.0018205050227491468 -0.00014385812542540456 -0.010367304041988545 -0.0018205050227491468 -0.0035804278562278327 -0.0018205050227491468 -0.0018205050227491468 -0.01410595656843906 -0.01920148625250758 -0.0018205050227491468 -0.0018205050227491468 -0.013927762144522422 0.004757915836051805
-0.001101983416844791 0.012492884394592488 0.012492884394592488 0.012492884394592488 0.014366801610106053 0.02186070798250032 -0.007212261444021151 0.07880121194584296 0.012492884394592488 0.012492884394592488 0.012492884394592488 0.012492884394592488 0.012492884394592488 0.019930702534540982 -0.013055263744614728 0.012492884394592488 0.01578266735177412 0.012492884394592488 0.012492884394592488 0.016947354417108613 -0.00813245559769147 0.012492884394592488 0.012492884394592488 0.0026612822052575775 0.0007734976174857028
-0.004953959453414878 0.1453434733643164 0.4211493629962137 0.1503787214368521 0.007603544517398232 0.008864333294497076 -0.0018205050227491557 0.012492884394592488 1.0781082607651473 0.026039394874311898 -0.1133935342106695 0.5570256802824386 0.05127739388008119 0.004341031913902482 -0.002701713762720733 0.031204001571885135 0.002223376876197386 0.35484653875316835 0.10651332798787178 0.004463527088787182 0.00023705238283005565 0.8470004806498896 0.32829986156448004 0.0006764526493452045 0.0032155644983510347
-0.004953959453414878 -0.0015835688154165369 0.3852537964209398 0.3363986442572245 0.007603544517398232 0.008864333294497076 -0.0018205050227491557 0.012492884394592488 0.026039394874311898 1.6091759242448158 0.09380988031660596 0.6447067457702823 -0.1636453621746381 0.004341031913902482 -0.002701713762720733 0.698966978581579 0.002223376876197386 0.2056306006809458 0.979673851717705 0.004463527088787182 0.00023705238283005565 0.1242757394752339 0.28653323101652134 0.0006764526493452045 0.0032155644983510347
-0.004953959453414878 -0.49237935287699613 0.18372277665403153 0.3687459219096803 0.007603544517398232 0.008864333294497076 -0.0018205050227491557 0.012492884394592488 -0.1133935342106693 0.09380988031660603 0.9184833591671796 -0.4696195948457087 -0.41695761771822304 0.004341031913902482 -0.002701713762720733 0.7746277451347486 0.002223376876197386 0.015307549890721087 0.13129870376310432 0.004463527088787182 0.00023705238283005565 0.2982318440671517 0.6891147070810134 0.0006764526493452045 0.0032155644983510347
-0.004953959453414878 0.3683213946660983 -0.42462433200443117 0.24929249864109854 0.007603544517398232 0.008864333294497076 -0.0018205050227491557 0.012492884394592488 0.5570256802824385 0.6447067457702822 -0.4696195948457087 1.721596011269085 -0.5158014768836559 0.004341031913902482 -0.002701713762720733 0.09436273996009975 0.002223376876197386 0.5991504466744978 0.9490038438413676 0.004463527088787182 0.00023705238283005565 0.12117764885026366 0.8121342263885851 0.0006764526493452045 0.0032155644983510347
-0.004953959453414878 -0.2156457898317139 -0.07165755257628412 -0.19024036397857408 0.007603544517398232 0.008864333294497076 -0.0018205050227491557 0.012492884394592488 0.051277393880080846 -0.16364536217463774 -0.4169576177182232 -0.515801476883656 1.478321328926738 0.004341031913902482 -0.002701713762720733 0.8628273751569309 0.002223376876197386 0.8081648359655461 0.9907712852396946 0.004463527088787182 0.00023705238283005565 0.43757981207846036 0.21811471911290875 0.0006764526493452045 0.0032155644983510347
-0.02267091649330718 0.004341031913902486 0.004341031913902486 0.004341031913902486 0.005750093504912279 0.0029992883300090866 -0.00014385812542542243 0.019930702534540976 0.004341031913902486 0.004341031913902486 0.004341031913902486 0.004341031913902486 0.004341031913902486 0.06899145678113507 0.0015994653117732377 0.004341031913902486 0.003512035675348579 0.004341031913902486 0.004341031913902486 -0.0001376478076614246 0.0007405309979721733 0.004341031913902486 0.004341031913902486 -0.011704910334181067 -0.002760717340862793
-0.010740735233866879 -0.002701713762720727 -0.002701713762720727 -0.002701713762720727 -0.0017288527486344443 0.0007107764373155563 -0.010367304041988552 -0.013055263744614725 -0.002701713762720727 -0.002701713762720727 -0.002701713762720727 -0.002701713762720727 -0.002701713762720727 0.0015994653117732407 0.06538849689849546 -0.002701713762720727 0.0018468517337988826 -0.002701713762720727 -0.002701713762720727 -0.018671568886566372 -0.01071776718469949 -0.002701713762720727 -0.002701713762720727 -0.009458268662791822 -0.02139367691884471
-0.004953959453414878 0.05628151319547853 0.12618850745486448 0.40038071427263805 0.007603544517398232 0.008864333294497076 -0.0018205050227491557 0.012492884394592488 0.031204001571885135 0.698966978581579 0.7746277451347486 0.09436273996009975 0.8628273751569309 0.004341031913902482 -0.002701713762720733 1.0071096910473574 0.002223376876197386 -0.9928903089526425 1.0071096910473574 0.004463527088787182 0.00023705238283005565 1.0071096910473574 -0.9928903089526425 0.0006764526493452045 0.0032155644983510347
0.008513897862708862 0.0022233768761973803 0.0022233768761973803 0.0022233768761973803 -0.003815266630131193 0.00831315103107669 -0.0035804278562278553 0.015782667351774114 0.0022233768761973803 0.0022233768761973803 0.0022233768761973803 0.0022233768761973803 0.0022233768761973803 0.003512035675348581 0.0018468517337988848 0.0022233768761973803 0.06423247696534404 0.0022233768761973803 0.0022233768761973803 0.012759214804530076 -0.011763307929235094 0.0022233768761973803 0.0022233768761973803 -0.015760164173877267 -3.598488975239279e-5
-0.004953959453414878 0.8474938281294393 0.8978793658669142 0.14533671577058144 0.007603544517398232 0.008864333294497076 -0.0018205050227491557 0.012492884394592488 0.35484653875316835 0.2056306006809458 0.015307549890721087 0.5991504466744978 0.8081648359655461 0.004341031913902482 -0.002701713762720733 -0.9928903089526425 0.002223376876197386 1.0071096910473574 -0.9928903089526425 0.004463527088787182 0.00023705238283005565 1.0071096910473574 1.0071096910473574 0.0006764526493452045 0.0032155644983510347
-0.004953959453414878 0.5712945430385767 0.334835764132467 0.9843738986642712 0.007603544517398232 0.008864333294497076 -0.0018205050227491557 0.012492884394592488 0.10651332798787178 0.979673851717705 0.13129870376310432 0.9490038438413676 0.9907712852396946 0.004341031913902482 -0.002701713762720733 1.0071096910473574 0.002223376876197386 -0.9928903089526425 1.0071096910473574 0.004463527088787182 0.00023705238283005565 -0.9928903089526425 1.0071096910473574 0.0006764526493452045 0.0032155644983510347
0.013991126306070554 0.0044635270887871765 0.0044635270887871765 0.0044635270887871765 -0.0008597939095532136 0.0004306327655409707 -0.014105956568439057 0.016947354417108616 0.0044635270887871765 0.0044635270887871765 0.0044635270887871765 0.0044635270887871765 0.0044635270887871765 -0.0001376478076614327 -0.018671568886566372 0.0044635270887871765 0.012759214804530074 0.0044635270887871765 0.0044635270887871765 0.052407615934649154 0.0073945255566315385 0.0044635270887871765 0.0044635270887871765 -0.011471110987644657 -0.0030780250928979652
-0.0012251512705890772 0.0002370523828300542 0.0002370523828300542 0.0002370523828300542 -0.005028379389244211 0.006000863018325236 -0.01920148625250757 -0.008132455597691471 0.0002370523828300542 0.0002370523828300542 0.0002370523828300542 0.0002370523828300542 0.0002370523828300542 0.0007405309979721606 -0.0107177671846995 0.0002370523828300542 -0.011763307929235084 0.0002370523828300542 0.0002370523828300542 0.007394525556631541 0.06094013260469585 0.0002370523828300542 0.0002370523828300542 -0.006264461359776444 -0.017385317198293847
-0.004953959453414878 0.7505544179549644 0.8124272757589216 0.9965861370709878 0.007603544517398232 0.008864333294497076 -0.0018205050227491557 0.012492884394592488 0.8470004806498896 0.1242757394752339 0.2982318440671517 0.12117764885026366 0.43757981207846036 0.004341031913902482 -0.002701713762720733 1.0071096910473574 0.002223376876197386 1.0071096910473574 -0.9928903089526425 0.004463527088787182 0.00023705238283005565 1.0071096910473574 -0.9928903089526425 0.0006764526493452045 0.0032155644983510347
-0.004953959453414878 0.5773859419309841 0.5407696985282153 0.8326956138804048 0.007603544517398232 0.008864333294497076 -0.0018205050227491557 0.012492884394592488 0.32829986156448004 0.28653323101652134 0.6891147070810134 0.8121342263885851 0.21811471911290875 0.004341031913902482 -0.002701713762720733 -0.9928903089526425 0.002223376876197386 1.0071096910473574 1.0071096910473574 0.004463527088787182 0.00023705238283005565 -0.9928903089526425 1.0071096910473574 0.0006764526493452045 0.0032155644983510347
-0.0005520167688198606 0.000676452649345203 0.000676452649345203 0.000676452649345203 0.010220962703514493 -0.005217787853481035 -0.013927762144522435 0.002661282205257585 0.000676452649345203 0.000676452649345203 0.000676452649345203 0.000676452649345203 0.000676452649345203 -0.011704910334181069 -0.009458268662791819 0.000676452649345203 -0.015760164173877267 0.000676452649345203 0.000676452649345203 -0.01147111098764466 -0.006264461359776437 0.000676452649345203 0.000676452649345203 0.05702126599294544 -0.015831874040677187
-0.0026345667811889257 0.003215564498351038 0.003215564498351038 0.003215564498351038 0.01739857768246279 0.000620243498487454 0.004757915836051804 0.0007734976174857082 0.003215564498351038 0.003215564498351038 0.003215564498351038 0.003215564498351038 0.003215564498351038 -0.002760717340862792 -0.021393676918844712 0.003215564498351038 -3.598488975238385e-5 0.003215564498351038 0.003215564498351038 -0.0030780250928979496 -0.017385317198293854 0.003215564498351038 0.003215564498351038 -0.015831874040677176 0.05776419356822046
