0.04702644671009678 0.0014781972366667102 -0.007868483811012659 0.0014332995511130518 -0.0018885883029504367 0.0014332995511130518 0.0014332995511130518 0.00501084306586304 0.0014332995511130518 -0.013587025524557152 0.0030690869490152006 0.0118166236239973 -0.01676216495093321 -0.0004434877960024337 -0.007584395859774617 -0.00678204025753291 0.001280122469378702 0.0014332995511130518 0.006438702986622296 0.012484808842035223 0.0012440537975302347 -0.014434521849985968 0.002412926899472551 -0.007928179649240029 0.0014332995511130518
0.0014781972366667106 0.05570572816335716 -0.005098324479360765 0.0035273302927512286 0.0005800302892557359 0.0035273302927512286 0.0035273302927512286 0.002526726434610054 0.0035273302927512286 -0.0033274462901659255 5.870382147304393e-5 -0.004715161431959407 0.008308914932855965 -0.014490746825226733 0.011005981753351143 0.004992148383004401 0.007763109794847286 0.0035273302927512286 -0.007138423462570541 0.0004006934709415878 0.007500375695571394 -0.008962100070329593 0.004128792810506088 -0.001746103341967077 0.0035273302927512286
-0.007868483811012647 -0.005098324479360762 0.06631952104090277 -0.0018268413236945322 -0.007314160218651436 -0.0018268413236945322 -0.0018268413236945322 -0.0014255555390621547 -0.0018268413236945322 -0.004347638970531746 -0.005465581825334728 -0.02122847669211775 -0.008984868141669957 -0.0065675135303531005 -0.0076783172548571645 -0.01110466322602702 -0.0008355648579628606 -0.0018268413236945322 -0.009141627330461177 -0.007446055182173637 0.008706633904231648 -0.0032799872460436215 -0.008908284362533403 0.004528866758730497 -0.0018268413236945322
0.0014332995511130476 0.0035273302927512295 -0.0018268413236945302 0.352683799712155 0.00018807261863145155 0.40940120910942623 0.07224756260391206 -0.001124945490688074 0.865842595412882 0.0015114741333324753 0.0016927621109794153 0.0013448492008786678 0.00035039573688684016 -0.0004019845014975745 -0.004230907157244218 0.004292362960452209 0.004304828640500066 0.08967260407581899 0.001988945649087192 0.004393116631714236 0.00393204008692322 -0.0033891683879032925 0.003288892917905193 0.0013684901537420991 0.6653144289482208
-0.001888588302950436 0.0005800302892557379 -0.00731416021865143 0.000188072618631447 0.049780119795607564 0.000188072618631447 0.000188072618631447 -0.0011757506824796203 0.000188072618631447 0.004860609621843065 -0.0039469077991218255 -0.002138414750027189 0.007699867611053705 -1.1938345393678815e-5 -0.008555229798761858 -7.595230628690353e-5 -0.003920426059799252 0.000188072618631447 0.0037356814736508527 0.012229073975369825 -0.0025429592897365633 -0.0067580314334245144 -0.010648179846752301 -0.01783991586369134 0.000188072618631447
0.0014332995511130476 0.0035273302927512295 -0.0018268413236945302 0.40940120910942623 0.00018807261863145155 1.003701738217397 -0.996298261782603 -0.001124945490688074 1.003701738217397 0.0015114741333324753 0.0016927621109794153 0.0013448492008786678 0.00035039573688684016 -0.0004019845014975745 -0.004230907157244218 0.004292362960452209 0.004304828640500066 1.003701738217397 0.001988945649087192 0.004393116631714236 0.00393204008692322 -0.0033891683879032925 0.003288892917905193 0.0013684901537420991 -0.996298261782603
0.0014332995511130476 0.0035273302927512295 -0.0018268413236945302 0.07224756260391206 0.00018807261863145155 -0.996298261782603 1.003701738217397 -0.001124945490688074 -0.996298261782603 0.0015114741333324753 0.0016927621109794153 0.0013448492008786678 0.00035039573688684016 -0.0004019845014975745 -0.004230907157244218 0.004292362960452209 0.004304828640500066 1.003701738217397 0.001988945649087192 0.004393116631714236 0.00393204008692322 -0.0033891683879032925 0.003288892917905193 0.0013684901537420991 1.003701738217397
0.0050108430658630555 0.002526726434610047 -0.0014255555390621667 -0.0011249454906880735 -0.0011757506824796183 -0.0011249454906880735 -0.0011249454906880735 0.05815241592590018 -0.0011249454906880735 -0.0034290212938222625 -0.013543092310883922 -0.009500279773835786 0.006628933887104229 -0.014274150854418303 -0.007280888825838954 -0.005009606296372827 -0.009663672389308117 -0.0011249454906880735 -0.006106269145557928 -0.006672433428075114 -0.011397193254646271 0.0012614288191106166 -0.00195389161526661 0.004505681376626218 -0.0011249454906880735
0.0014332995511130476 0.0035273302927512295 -0.0018268413236945302 0.865842595412882 0.00018807261863145155 1.003701738217397 -0.996298261782603 -0.001124945490688074 1.003701738217397 0.0015114741333324753 0.0016927621109794153 0.0013448492008786678 0.00035039573688684016 -0.0004019845014975745 -0.004230907157244218 0.004292362960452209 0.004304828640500066 -0.996298261782603 0.001988945649087192 0.004393116631714236 0.00393204008692322 -0.0033891683879032925 0.003288892917905193 0.0013684901537420991 1.003701738217397
-0.013587025524557149 -0.003327446290165927 -0.004347638970531747 0.0015114741333324723 0.004860609621843059 0.0015114741333324723 0.0015114741333324723 -0.0034290212938222525 0.0015114741333324723 0.03899343613866775 0.008891661953698456 0.010748663967399928 -0.007688218283665783 -0.012514681247204238 0.004496308597706425 0.01296980866702484 0.0076351677340572134 0.0015114741333324723 -0.01703431965902879 -0.0037516403565687377 -0.005860201750940126 -0.0033882929293995905 0.00539730842971114 0.001652111938535407 0.0015114741333324723
0.0030690869490151884 5.870382147304459e-5 -0.005465581825334726 0.0016927621109794142 -0.00394690779912183 0.0016927621109794142 0.0016927621109794142 -0.013543092310883922 0.0016927621109794142 0.00889166195369846 0.030087544195396724 -0.0033111160095532595 0.011261021374274054 -0.000164511653371898 0.0009097288953726638 0.0063116927003726096 -0.0008969242957213317 0.0016927621109794142 -0.00771330505257171 0.0009949682108178052 0.0036875957200999824 -0.003551597907525201 -0.008856017530864554 -0.009530609270613156 0.0016927621109794142
0.011816623623997286 -0.004715161431959404 -0.021228476692117734 0.0013448492008786667 -0.002138414750027197 0.0013448492008786667 0.0013448492008786667 -0.009500279773835782 0.0013448492008786667 0.01074866396739994 -0.0033111160095532642 0.04846057602665999 -0.013724041191414037 -0.004960298662254029 0.004641920983786065 -0.001477212743435025 0.006980105264777775 0.0013448492008786667 0.0028802969982976313 0.006926697545633013 0.0034481568545471995 -0.004224366723597375 -0.00011511726132108897 0.007466829099359053 0.0013448492008786667
-0.016762164950933224 0.008308914932855965 -0.008984868141669976 0.000350395736886844 0.007699867611053712 0.000350395736886844 0.000350395736886844 0.006628933887104233 0.000350395736886844 -0.007688218283665774 0.011261021374274064 -0.01372404119141403 0.05787887375622276 -0.010507142428835374 -0.002508535942309178 0.007220240748387313 0.0023665869838507183 0.000350395736886844 0.010696195221531188 0.0034044973830227396 -0.010044809791562142 -0.010038521338092873 -0.002739522773783204 -1.2059349887842468e-5 0.000350395736886844
-0.000443487796002452 -0.01449074682522674 -0.0065675135303531 -0.0004019845014975727 -1.1938345393678981e-5 -0.0004019845014975727 -0.0004019845014975727 -0.014274150854418301 -0.0004019845014975727 -0.012514681247204246 -0.0001645116533718927 -0.004960298662254014 -0.010507142428835377 0.06379386745938448 0.004357068773928804 -0.012036903448882356 -0.0061045453305917565 -0.0004019845014975727 -0.008682454017637549 -0.01411270960902447 -0.0039236196993901965 -0.010753033092014742 -0.005958470204500302 0.005509857918381839 -0.0004019845014975727
-0.007584395859774609 0.011005981753351143 -0.007678317254857173 -0.0042309071572442175 -0.008555229798761855 -0.0042309071572442175 -0.0042309071572442175 -0.007280888825838949 -0.0042309071572442175 0.00449630859770643 0.0009097288953726641 0.004641920983786076 -0.0025085359423091687 0.004357068773928802 0.044560482076265256 -0.007776228730531221 -0.0038152344159540492 -0.0042309071572442175 0.002210711455174924 -0.00747034001562375 -0.0053222599309976975 -0.010217930189290778 -0.004330132300573982 -0.020055354622579413 -0.0042309071572442175
-0.006782040257532914 0.004992148383004404 -0.011104663226027033 0.004292362960452209 -7.595230628690875e-5 0.004292362960452209 0.004292362960452209 -0.005009606296372833 0.004292362960452209 0.012969808667024855 0.006311692700372613 -0.0014772127434350215 0.007220240748387293 -0.012036903448882363 -0.007776228730531222 0.07293355111690873 0.01189067961627301 0.004292362960452209 0.0005498873928300786 0.005646965101694742 0.009742395484659763 0.004434912799233583 0.0014062924939712816 0.003744013528463108 0.004292362960452209
0.001280122469378701 0.007763109794847294 -0.0008355648579628564 0.004304828640500066 -0.003920426059799233 0.004304828640500066 0.004304828640500066 -0.009663672389308108 0.004304828640500066 0.0076351677340572134 -0.0008969242957213408 0.006980105264777764 0.0023665869838507235 -0.006104545330591762 -0.0038152344159540514 0.011890679616273006 0.07065138496146006 0.004304828640500066 0.0041987877762251855 0.008105090170287498 0.001073558696858107 0.0006944861392861311 -0.0034847652673341647 0.006463899225743907 0.004304828640500066
0.0014332995511130476 0.0035273302927512295 -0.0018268413236945302 0.08967260407581899 0.00018807261863145155 1.003701738217397 1.003701738217397 -0.001124945490688074 -0.996298261782603 0.0015114741333324753 0.0016927621109794153 0.0013448492008786678 0.00035039573688684016 -0.0004019845014975745 -0.004230907157244218 0.004292362960452209 0.004304828640500066 1.003701738217397 0.001988945649087192 0.004393116631714236 0.00393204008692322 -0.0033891683879032925 0.003288892917905193 0.0013684901537420991 -0.996298261782603
0.006438702986622302 -0.007138423462570551 -0.009141627330461147 0.001988945649087193 0.00373568147365085 0.001988945649087193 0.001988945649087193 -0.006106269145557923 0.001988945649087193 -0.017034319659028803 -0.007713305052571716 0.0028802969982976334 0.010696195221531183 -0.008682454017637556 0.002210711455174931 0.0005498873928300518 0.004198787776225178 0.001988945649087193 0.062227898875023495 -0.0013415728283257579 0.00295382351681874 -0.003206299845023363 -0.012969799929400309 -0.007292114222526181 0.001988945649087193
0.012484808842035221 0.0004006934709416029 -0.007446055182173655 0.0043931166317142355 0.012229073975369842 0.0043931166317142355 0.0043931166317142355 -0.006672433428075119 0.0043931166317142355 -0.003751640356568732 0.0009949682108178017 0.006926697545633025 0.003404497383022747 -0.014112709609024464 -0.007470340015623746 0.005646965101694733 0.00810509017028749 0.0043931166317142355 -0.0013415728283257549 0.07340464288095219 0.008731425419963698 -0.009690821724012947 -0.0010977440644051523 0.0054625609307382235 0.0043931166317142355
0.0012440537975302183 0.007500375695571405 0.008706633904231643 0.003932040086923218 -0.002542959289736553 0.003932040086923218 0.003932040086923218 -0.01139719325464628 0.003932040086923218 -0.005860201750940116 0.0036875957200999763 0.0034481568545472034 -0.010044809791562147 -0.003923619699390192 -0.005322259930997688 0.009742395484659758 0.0010735586968580939 0.003932040086923218 0.0029538235168187397 0.008731425419963697 0.0734810280958515 -0.0012773174124755587 0.002702316305074966 -0.011851668998042944 0.003932040086923218
-0.014434521849985964 -0.008962100070329593 -0.0032799872460436085 -0.0033891683879032908 -0.006758031433424505 -0.0033891683879032908 -0.0033891683879032908 0.0012614288191106153 -0.0033891683879032908 -0.003388292929399595 -0.003551597907525199 -0.004224366723597394 -0.010038521338092864 -0.010753033092014764 -0.010217930189290769 0.0044349127992335865 0.0006944861392861495 -0.0033891683879032908 -0.0032062998450233648 -0.009690821724012942 -0.001277317412475567 0.05644017866147088 -0.013029728764622897 -0.0012995245572215005 -0.0033891683879032908
0.0024129268994725413 0.00412879281050608 -0.008908284362533405 0.0032888929179051905 -0.010648179846752289 0.0032888929179051905 0.0032888929179051905 -0.0019538916152666134 0.0032888929179051905 0.005397308429711131 -0.008856017530864563 -0.00011511726132109663 -0.0027395227737832136 -0.005958470204500285 -0.00433013230057399 0.001406292493971275 -0.0034847652673341703 0.0032888929179051905 -0.012969799929400297 -0.0010977440644051467 0.0027023163050749785 -0.01302972876462289 0.0709247134618518 -0.0005215294697500882 0.0032888929179051905
-0.00792817964924002 -0.0017461033419670794 0.0045288667587304885 0.0013684901537420976 -0.017839915863691335 0.0013684901537420976 0.0013684901537420976 0.004505681376626222 0.0013684901537420976 0.0016521119385354125 -0.009530609270613164 0.007466829099359053 -1.2059349887855269e-5 0.005509857918381844 -0.020055354622579426 0.003744013528463093 0.0064638992257439005 0.0013684901537420976 -0.007292114222526175 0.005462560930738227 -0.01185166899804295 -0.0012995245572214975 -0.0005215294697500897 0.05565858613388108 0.0013684901537420976
0.0014332995511130476 0.0035273302927512295 -0.0018268413236945302 0.6653144289482208 0.00018807261863145155 -0.996298261782603 1.003701738217397 -0.001124945490688074 1.003701738217397 0.0015114741333324753 0.0016927621109794153 0.0013448492008786678 0.00035039573688684016 -0.0004019845014975745 -0.004230907157244218 0.004292362960452209 0.004304828640500066 -0.996298261782603 0.001988945649087192 0.004393116631714236 0.00393204008692322 -0.0033891683879032925 0.003288892917905193 0.0013684901537420991 1.003701738217397
