1.166459799358006 -0.07293526592866399 -0.5687125520155432 -0.38813533785783194 0.05996814053960425 -0.03584227205428278 0.06391995978401473 -0.11957307797806348 0.2565245515526518 -0.16884458216267167 -0.2205690818061577 0.035662809434082426 0.2188236303443194 0.24711040219126146 -0.009202692331851375 -0.11846510525044064 -0.017216172331659375 0.14747617433508825 -0.46847064999365773 -0.24212134716198658 0.14316619500186845 0.19622297979730807 -0.2431645888545514 0.28212769895181666 0.1313497711134497
-0.07293526592866408 1.2843083944591858 -0.48575541983843973 0.36581813270122987 0.09852070366546158 0.3554363478013324 -0.0038935082873431948 0.17137090305239847 0.021052802595004416 0.3607269617909691 -0.15828981527140748 0.27091950072481225 0.12028694263924641 0.21402735615328372 0.20539419946457518 0.46228117532563207 0.10206903544338382 -0.29737256373008003 0.06896102218640386 0.04893040028507008 -0.1168819686773769 0.17189503644844917 0.29032551620989266 0.23343201500914323 0.41826556151838434
-0.5687125520155433 -0.4857554198384395 1.0529679384875108 0.08712932785017519 -0.48004103594819103 -0.2306878293357862 -0.13416827421158878 -0.10256964396823562 -0.03811408798192552 -0.15865766985989274 0.011616921628949117 -0.05058763276989406 -0.4462916331169178 -0.09307840802272899 -0.42479003451001074 -0.266383402851772 0.10659216391949713 -0.21310430025590962 -0.5264784118113467 -0.044609596040302 -0.2521725068477128 -0.2913110203210692 0.12104891996853837 -0.3628508112581904 -0.24010818844216497
-0.3881353378578319 0.3658181327012302 0.08712932785017478 1.7579913984982154 0.15047682690823275 0.7695697287569527 0.8259184008055405 0.24353338166802962 0.1738952756696792 0.38246256026649494 0.5350868102476454 0.3748287761180258 0.5193741395768896 0.4636968917345822 0.7020738448572095 0.44677371406480837 0.5892733842681217 0.15718098972071004 -0.08478572861038776 0.5707342469246247 0.31415000430464673 0.5579833612807704 0.26331372432750777 0.7201719453058393 -0.03930873819748376
0.059968140539603906 0.09852070366546191 -0.4800410359481915 0.15047682690823233 2.144735713386214 0.38806631125820545 0.6863279077810326 -0.15966689782092625 -0.03384095474511978 0.3972123641930576 0.2737533860300593 0.45113976484530854 0.27162679977370474 0.5748294187009548 0.6368571486952996 0.07839503683268467 -0.02005234916735521 0.16322439400378264 0.4669558703647617 0.15262610689321027 0.2128836392382042 0.3156965079310429 0.7223492478143348 0.2918426929636627 0.22999426306221912
-0.035842272054282844 0.35543634780133254 -0.2306878293357862 0.7695697287569527 0.38806631125820545 2.227111636564121 0.7290375329154319 0.8062873816088126 0.284990524036056 0.6713206458678965 0.5839639532895542 0.4057353657966061 0.30331252398175823 0.13707539573077593 0.5316749965546246 0.42558878713943377 0.36435925079171505 0.3321463666728024 -0.05777742681649126 0.0948434722924908 -0.07841028474630983 0.5630604849497345 0.3911331397247872 0.6839213194060975 0.406169884374056
0.0639199597840147 -0.0038935082873428842 -0.13416827421158886 0.8259184008055404 0.6863279077810328 0.7290375329154316 2.0826617479031695 0.6129239452161146 0.4085417988333969 0.6712504132790351 0.6716475837441833 0.8411253854678258 0.7215031563265724 0.7513764075896043 0.7181216524838601 0.7292133168481882 0.13449530612525606 0.8130078298935972 -0.11919864419423407 0.561708461415897 0.5230419118760734 0.5707206078726423 0.4221368386217874 0.5562647522425606 0.6494755165481494
-0.11957307797806369 0.17137090305239827 -0.10256964396823581 0.24353338166802918 -0.1596668978209262 0.8062873816088127 0.6129239452161146 1.3648957551579897 0.04544930023400978 0.7348455448919049 0.3306769643846687 0.5975388226658143 0.27534706434151746 0.1531392873702263 0.3192041880915347 0.5289459754781428 0.24192812563404814 0.6341600437267505 0.0925243188886479 0.09553235394335147 0.0014046982846023096 0.034154528842346266 0.03986648360877537 0.329561449481324 0.1319182520631547
0.25652455155265175 0.0210528025950048 -0.038114087981925705 0.17389527566967916 -0.033840954745119 0.2849905240360557 0.4085417988333968 0.04544930023400967 1.571534382121669 0.3438237964188015 0.13270614216313137 0.6658081670363531 0.3193963081816773 -0.10855008451218706 0.8818219464669905 0.37536589702253553 0.016764422249672672 -0.05012673043687155 -0.2867290886029716 0.08473616272592921 0.03882632897896315 0.2665249671199003 0.1640926156562846 0.1863177749060538 0.2606083379861237
-0.168844582162672 0.36072696179096914 -0.15865766985989288 0.38246256026649494 0.39721236419305783 0.6713206458678965 0.6712504132790351 0.7348455448919049 0.34382379641880184 1.9669787300582215 -0.027425573019392968 0.47581255292418223 0.5659232676648301 0.9949045278724173 1.0146848871544731 0.5368049574191562 0.3744213720876105 0.777781329365884 0.10351617700064197 0.6312328623577411 0.11869245794629703 0.40635155649085314 0.4705546158594769 0.3736759447050291 0.7239514192106702
-0.22056908180615778 -0.15828981527140715 0.0116169216289492 0.5350868102476454 0.2737533860300594 0.5839639532895542 0.6716475837441831 0.33067696438466887 0.13270614216313123 -0.027425573019392968 1.6788488120657117 0.39192335654299776 0.4480798290974847 0.0017972746253021588 0.4750400136434777 0.4334307835310852 0.22521207231477336 0.20653981927920417 0.23702171165491867 -0.01673828078788009 0.036495257114938874 0.8617531978462871 0.3477712682092112 0.6487345713662065 0.19895133872534088
0.035662809434082385 0.2709195007248123 -0.05058763276989438 0.37482877611802534 0.45113976484530843 0.4057353657966053 0.8411253854678251 0.5975388226658139 0.6658081670363531 0.47581255292418184 0.39192335654299754 2.251256900569693 1.0155587498871976 0.3583917695532456 0.41578978739902056 0.5295639964910844 0.02948178454680067 0.6796714608134754 -0.18819335070519183 0.1174282435883886 0.07890519268637743 0.4160810201438005 0.5180253620360963 0.7182493340700223 0.4481143579475424
0.21882363034431926 0.1202869426392467 -0.44629163311691783 0.5193741395768893 0.2716267997737053 0.30331252398175784 0.7215031563265726 0.27534706434151757 0.31939630818167786 0.5659232676648304 0.4480798290974847 1.0155587498871976 1.7593441846250457 0.463367341712931 0.7564733185094712 0.4192810040194814 0.12837502731060058 0.43758324064803833 0.1953951629743198 0.7399053701799223 0.35467049911629667 0.8763128451191986 0.04802227000693243 0.4350326129969234 0.4031196328847507
0.2471104021912613 0.21402735615328355 -0.09307840802272915 0.4636968917345814 0.5748294187009548 0.13707539573077548 0.7513764075896041 0.15313928737022642 -0.1085500845121874 0.9949045278724172 0.0017972746253021032 0.358391769553246 0.46336734171293115 2.0409575834113514 0.2194454872438813 0.6026666462521245 0.44294131862720915 0.02523100022417657 -0.2336132798493573 0.12423518564367314 -0.13256794572732564 0.5543323764941636 0.37714004816800106 0.4561946083232242 0.2320972844615626
-0.00920269233185156 0.20539419946457527 -0.42479003451001096 0.7020738448572093 0.6368571486953 0.5316749965546238 0.7181216524838598 0.31920418809153445 0.8818219464669904 1.014684887154473 0.4750400136434778 0.4157897873990205 0.7564733185094707 0.2194454872438813 2.5663010940701616 0.8874103332168921 0.6701577076894505 0.5662025348180791 0.20808337567802487 0.3298656391265596 0.796715058356289 0.7657600464324706 0.5375987215089564 0.48775884209135933 0.19472398569183025
-0.11846510525044085 0.46228117532563245 -0.2663834028517726 0.446773714064808 0.07839503683268478 0.4255887871394331 0.729213316848188 0.5289459754781421 0.37536589702253587 0.5368049574191558 0.4334307835310851 0.5295639964910848 0.4192810040194812 0.6026666462521247 0.8874103332168923 2.0806725935391093 0.4149191866994547 0.24201277005827548 0.11229215805945804 -0.2808258608670494 0.3282414227416841 0.6904489904030612 0.05124620022502402 0.07083188395530993 0.252879788434771
-0.017216172331659275 0.1020690354433838 0.1065921639194969 0.5892733842681216 -0.020052349167355432 0.3643592507917147 0.1344953061252557 0.2419281256340478 0.01676442224967234 0.37442137208761017 0.22521207231477308 0.029481784546800227 0.12837502731060046 0.4429413186272092 0.6701577076894505 0.4149191866994547 1.319741272148141 0.6290087130372887 -0.2805555447832542 0.011932661785395038 0.14725294457155866 0.7466997949423207 0.33626948720359495 0.6070027543406178 0.17176175079425868
0.14747617433508817 -0.29737256373008 -0.21310430025590993 0.1571809897207102 0.1632243940037828 0.33214636667280273 0.8130078298935974 0.6341600437267503 -0.05012673043687127 0.777781329365884 0.20653981927920428 0.6796714608134753 0.43758324064803883 0.025231000224176625 0.5662025348180797 0.24201277005827584 0.6290087130372892 2.0675457223936022 0.13984647771093162 0.4299974215807302 0.4332850656526919 0.6013165997299984 0.3612818789778808 0.7854626478021176 0.421088262117258
-0.4684706499936576 0.06896102218640353 -0.5264784118113467 -0.08478572861038802 0.4669558703647609 -0.05777742681649142 -0.11919864419423429 0.09252431888864725 -0.2867290886029717 0.10351617700064136 0.2370217116549187 -0.18819335070519216 0.19539516297431966 -0.23361327984935804 0.20808337567802437 0.11229215805945708 -0.2805555447832544 0.13984647771093142 1.3075013950421617 0.2600232858225973 -0.16717136448624795 0.0005791166276383208 -0.26678234946487933 -0.08224155994667817 -0.12438717780680072
-0.2421213471619864 0.048930400285069925 -0.044609596040302214 0.5707342469246243 0.15262610689321096 0.09484347229249002 0.5617084614158963 0.09553235394335069 0.08473616272592827 0.6312328623577406 -0.01673828078788031 0.11742824358838827 0.7399053701799219 0.124235185643673 0.3298656391265594 -0.28082586086704986 0.011932661785395093 0.4299974215807295 0.2600232858225977 1.5844828513251943 0.11724176320676723 0.5228967456255629 0.13226054344732346 0.30286490471531113 0.20652030119105955
0.14316619500186847 -0.11688196867737667 -0.25217250684771286 0.31415000430464673 0.21288363923820391 -0.07841028474630977 0.5230419118760741 0.0014046982846020878 0.03882632897896299 0.11869245794629724 0.0364952571149388 0.07890519268637652 0.3546704991162961 -0.1325679457273256 0.7967150583562883 0.3282414227416838 0.14725294457155869 0.43328506565269115 -0.16717136448624803 0.11724176320676762 1.4640056246446866 0.14364869913629424 0.5015294613376753 0.2841834761836929 0.15644780820948115
0.1962229797973082 0.17189503644844914 -0.2913110203210694 0.5579833612807703 0.315696507931044 0.5630604849497342 0.5707206078726413 0.03415452884234638 0.26652496711990026 0.4063515564908531 0.8617531978462872 0.41608102014380033 0.8763128451191987 0.5543323764941634 0.7657600464324705 0.6904489904030608 0.7466997949423211 0.6013165997299983 0.0005791166276385316 0.5228967456255631 0.1436486991362943 2.1288590775570615 0.5541298842527244 0.7794412954929966 0.8045758318172183
-0.24316458885455125 0.29032551620989294 0.1210489199685384 0.263313724327508 0.722349247814335 0.39113313972478675 0.4221368386217871 0.03986648360877576 0.16409261565628486 0.47055461585947655 0.34777126820921156 0.5180253620360964 0.04802227000693221 0.37714004816800056 0.5375987215089559 0.051246200225024297 0.33626948720359484 0.361281878977881 -0.26678234946487933 0.13226054344732358 0.5015294613376744 0.5541298842527244 1.844404435580005 0.7624010109576873 0.2033504267146605
0.28212769895181683 0.2334320150091433 -0.36285081125819024 0.7201719453058391 0.29184269296366316 0.6839213194060971 0.5562647522425602 0.32956144948132393 0.1863177749060534 0.3736759447050287 0.648734571366206 0.718249334070022 0.43503261299692303 0.45619460832322417 0.4877588420913591 0.07083188395530948 0.607002754340618 0.7854626478021173 -0.08224155994667831 0.30286490471531136 0.2841834761836927 0.7794412954929963 0.7624010109576876 1.9390559706287718 0.4692611973233617
0.1313497711134495 0.41826556151838507 -0.24010818844216505 -0.03930873819748337 0.2299942630622198 0.4061698843740565 0.6494755165481495 0.13191825206315527 0.2606083379861239 0.7239514192106705 0.19895133872534082 0.44811435794754306 0.40311963288475117 0.23209728446156278 0.19472398569183086 0.25287978843477127 0.1717617507942596 0.42108826211725836 -0.1243871778068008 0.20652030119106013 0.15644780820948115 0.804575831817218 0.20335042671466105 0.46926119732336247 1.9997754356925475
