1.6488797492574112 0.2283958425386246 0.15844888766440748 0.22963924184705622 -0.05453010206519486 0.3360092641379994 -0.05814028089309618 0.05503517449989202 0.08677552970293649 0.5174850533678357 0.02917431685993352 0.402801725440186 -0.010751110693761154 0.05022321235139587 0.023360758808880888 -0.11573568312456921 0.18779706377491456 0.3311108469091705 0.3300817874908313 0.029644411204883377 0.4406483946537734 0.37613462029072164 -0.12183356718895212 0.19149082429636566 -0.4956966891055281
0.22839584253862416 1.5411951434088915 0.3657041074185394 0.029400133479977844 -0.13715010849646928 -0.0566374241553515 -0.04520096721801414 0.07266573853517093 -0.07931458249488063 0.02312102548287162 0.2613739679518771 0.02467738726041623 0.23441815905130453 -0.2346199457207202 0.1428534854577009 -0.07154391695908073 -0.3787582841285029 0.3612733190590845 0.038364856387596846 -0.19005498645068367 -0.04761860111291291 0.31746744798384885 0.2151481398501505 0.00536882156529879 -0.21771250576291745
0.15844888766440687 0.36570410741853954 1.3350324311549955 0.23443686037675274 0.210717641669033 0.261676453081269 -0.013380169079692023 0.17386743963089996 0.06229333284217296 -0.06090105528627393 0.5003220638742468 0.2654349104284502 0.10648913398760806 -0.1192328917529421 0.2502897850274658 -0.10439751809041006 0.12269728364982198 0.33386959839730307 -0.047390189313474496 -0.10558872880443837 0.058784217738153496 -0.018471392289778718 -0.07625065570978709 -0.3210631808038261 -0.27632957401376634
0.22963924184705628 0.02940013347997801 0.23443686037675288 1.3492388581053834 -0.2703708748676373 -0.05687530105904491 -0.35191153388342894 -0.2204177899748289 0.22539588560753254 0.36009417998188703 0.18127846498347125 0.0958440427175357 0.48430949023236064 0.06021975383865042 0.43596330500729297 0.04958549438608199 0.12329154449437321 0.1486513989268913 0.19652544027564028 -0.0801160554650358 0.027076921163610226 0.25000762589114095 0.1063049908753297 0.02682477974138915 0.03467389785469256
-0.05453010206519502 -0.1371501084964693 0.2107176416690334 -0.270370874867637 1.3087493942924355 -0.23638162264858034 -0.15227369484432454 -0.13142902598462855 -0.10533926716965401 -0.2683901011414135 -0.32590077970970266 -0.025323133883328307 -0.4285892277252971 0.1785442476851279 -0.17768331254988817 -0.16977140546517744 -0.3784249015120332 -0.27617602247361495 -0.1044622112575847 -0.0181285099364218 -0.3042532003902776 -0.23802529547830514 -0.44772192527615273 0.018640417011428462 -0.38015871629953807
0.3360092641379996 -0.05663742415535153 0.2616764530812691 -0.05687530105904512 -0.23638162264858062 2.1896458003324937 0.25239853086548625 0.2183855222364582 0.3588497989272149 0.19298603204773698 0.11145658870321894 0.23965642230697787 -0.051380427128898204 0.08659432965618725 0.22858616295648349 -0.14776688201658114 0.001913708055732516 0.30329359667417605 0.4002407208642323 -0.029190730564194356 0.15661408711287214 0.2567284763321481 0.11275614445805637 0.32432947095597087 -0.1848806070624995
-0.058140280893096564 -0.045200967218014254 -0.013380169079692063 -0.351911533883429 -0.15227369484432451 0.2523985308654863 1.2012749429712188 0.2783007864746458 -0.18062680777462614 -0.2577588450127036 -0.203217131055391 0.007575071221533008 -0.402798278427884 -0.13804981831160246 -0.12720369974668108 -0.09285845097356896 0.014184651539433726 0.25093723967197856 -0.19205697819573556 -0.3516787087608042 0.0032608770959866584 0.06598578477389011 -0.28891026017560756 -0.20325524482995397 -0.02950116215135049
0.055035174499891266 0.07266573853517062 0.17386743963089962 -0.22041778997482844 -0.13142902598462894 0.21838552223645805 0.27830078647464634 1.874532064453047 0.1931507105758807 0.5046655895858504 0.5487188572521153 0.1264209572515113 0.01738348668376859 -0.07947574387988729 0.19858227882100238 -0.1118220577237172 0.3209599711791886 0.10128313140625413 0.6566706908269214 -0.11088537755505323 0.29744948913736996 0.48471000319620927 -0.11264125147887491 0.006791630178373281 -0.3596026131180567
0.08677552970293625 -0.07931458249488071 0.062293332842173005 0.2253958856075326 -0.10533926716965411 0.3588497989272148 -0.18062680777462628 0.19315071057588043 1.4675831954457434 0.05689349351359549 0.32999107291757745 0.41107455607996785 -0.25080312204405464 -0.10060185264386434 0.39167906939413877 0.005766003521958292 -0.031057429645642676 -0.221086720954265 0.3696127106955691 0.2356709477079242 0.3683133215049134 0.3283363013862957 0.35000110014064384 -0.2024275679133214 -0.12720521745709135
0.5174850533678355 0.023121025482872176 -0.060901055286273736 0.3600941799818871 -0.2683901011414135 0.19298603204773682 -0.2577588450127039 0.50466558958585 0.05689349351359538 1.4059492683289527 0.07029575204351944 -0.013459355446587587 -0.1864805186328 0.043386612482653755 0.08037780720111198 0.008236118785510194 0.40306258066338907 0.2587762582883694 0.5572596870466214 0.05567074320233676 0.04635852910842789 0.09998382201705826 0.30247867629600816 0.13057355207015042 -0.006185939172263169
0.02917431685993358 0.2613739679518775 0.5003220638742467 0.18127846498347155 -0.3259007797097029 0.11145658870321924 -0.20321713105539121 0.5487188572521147 0.3299910729175777 0.07029575204351951 1.622189767488775 0.3424929172455227 0.2857971302006971 -0.02943581674222544 0.08236173163790092 -0.064668642520974 0.4518708602754705 0.3370997973746677 0.416430102186226 -0.15441022684622233 0.30982788430195385 -0.011644017697686165 0.2705043500059698 0.22476876973718765 -0.05274182333607388
0.4028017254401858 0.02467738726041599 0.26543491042844997 0.09584404271753554 -0.02532313388332772 0.2396564223069775 0.00757507122153315 0.12642095725151084 0.4110745560799679 -0.013459355446588162 0.3424929172455228 1.8758507722123514 -0.054981510552017714 0.0651477068082497 0.13820979056928417 -0.08982761810037544 0.6018193998716926 0.3634343506899499 0.37713582365021925 -0.0016413267487514678 0.11060722965558832 0.6313848167941674 -0.12924400078599657 0.012544417911611677 -0.15541690168223393
-0.010751110693761196 0.2344181590513044 0.10648913398760765 0.4843094902323604 -0.4285892277252972 -0.05138042712889861 -0.40279827842788385 0.017383486683768504 -0.250803122044055 -0.18648051863280035 0.2857971302006971 -0.05498151055201764 1.6172983984191507 0.20184509326853753 -0.0953174483309775 -0.11234119918538539 -0.02835295067904718 -0.3109400624718928 -0.07986732876601355 -0.3451316938561127 0.22465208408866905 0.1571824511081712 -0.2529362506777539 -0.13384070291418676 -0.04095013836022951
0.05022321235139534 -0.23461994572072084 -0.1192328917529423 0.06021975383865042 0.17854424768512805 0.0865943296561873 -0.1380498183116027 -0.07947574387988726 -0.1006018526438644 0.04338661248265373 -0.029435816742225167 0.06514770680824997 0.20184509326853725 1.5027056638432001 -0.03220814060031265 -0.3248309848362745 -0.06398424965542115 0.32951779347517923 -0.09693138061540174 -0.2530520377186959 0.2994725416896563 0.12409613263592639 0.10056953257622712 0.03850334987098744 -0.2857698631020201
0.023360758808880663 0.14285348545770082 0.25028978502746574 0.4359633050072933 -0.17768331254988845 0.22858616295648354 -0.1272036997466813 0.19858227882100232 0.39167906939413877 0.0803778072011122 0.08236173163790106 0.13820979056928417 -0.0953174483309771 -0.0322081406003126 1.8934883624829748 -0.1965859324986243 0.5552493795026301 0.176640109640694 0.11814624436817728 0.08740382465640972 0.24326510162821996 0.640497564805726 0.419666807170997 0.238608908648263 -0.05869847632681135
-0.11573568312456944 -0.0715439169590812 -0.1043975180904105 0.04958549438608184 -0.16977140546517744 -0.14776688201658128 -0.09285845097356923 -0.11182205772371703 0.005766003521958217 0.008236118785510144 -0.06466864252097454 -0.08982761810037528 -0.11234119918538585 -0.3248309848362742 -0.19658593249862447 1.5668083511711635 0.2200988298047481 0.02496254216477816 -0.1502161300065136 -0.005025627656252318 -0.49830478789590044 -0.019171084433186245 -0.236414540915602 0.13245941580397214 -0.2738258319516683
0.18779706377491426 -0.37875828412850254 0.12269728364982194 0.12329154449437314 -0.3784249015120332 0.0019137080557327102 0.01418465153943362 0.32095997117918884 -0.031057429645642592 0.40306258066338935 0.4518708602754704 0.6018193998716925 -0.02835295067904705 -0.06398424965542111 0.5552493795026298 0.22009882980474849 1.4226033498453914 0.08356845799141949 0.14639459597033894 -0.08288774015303665 0.24813619788413083 0.26629486625544785 0.1823811811832479 0.2719385445877148 -0.06682961322076683
0.33111084690917053 0.36127331905908466 0.3338695983973032 0.148651398926891 -0.27617602247361506 0.303293596674176 0.25093723967197856 0.10128313140625489 -0.22108672095426493 0.2587762582883687 0.33709979737466733 0.3634343506899502 -0.31094006247189265 0.3295177934751798 0.1766401096406942 0.024962542164777946 0.08356845799141907 1.9956976867373395 0.2196145052132543 0.3302891419111805 0.12147659207684879 0.2662790238881046 -0.11299107821245533 0.184464646187688 -0.020227611177644694
0.33008178749083117 0.03836485638759651 -0.04739018931347472 0.19652544027563978 -0.10446221125758459 0.40024072086423246 -0.1920569781957362 0.6566706908269215 0.3696127106955692 0.557259687046621 0.41643010218622567 0.37713582365021914 -0.07986732876601346 -0.09693138061540202 0.11814624436817678 -0.15021613000651285 0.14639459597033888 0.21961450521325465 1.8233996479647603 0.014314645275120368 -0.16313547024688063 0.6535699227088446 -0.10522916306304946 0.3017477688548702 0.2865866370660205
0.02964441120488331 -0.19005498645068353 -0.10558872880443873 -0.0801160554650358 -0.018128509936421847 -0.029190730564194432 -0.3516787087608041 -0.11088537755505355 0.235670947707924 0.05567074320233624 -0.15441022684622266 -0.0016413267487512728 -0.345131693856113 -0.25305203771869617 0.08740382465640975 -0.005025627656252146 -0.08288774015303658 0.3302891419111801 0.014314645275120077 1.343419726775769 0.19716849748327991 -0.16599193996597283 -0.1770658385830729 0.09873354581688566 0.18232536705246255
0.4406483946537734 -0.04761860111291244 0.05878421773815341 0.027076921163611073 -0.3042532003902784 0.15661408711287172 0.003260877095986629 0.29744948913737 0.3683133215049137 0.04635852910842808 0.3098278843019542 0.11060722965558872 0.2246520840886699 0.29947254168965654 0.24326510162822018 -0.49830478789590044 0.24813619788413094 0.12147659207684842 -0.16313547024688044 0.19716849748328014 1.3972288299169744 0.043319264457881174 0.0396491939451412 -0.16564517468833787 0.01612174528612347
0.37613462029072137 0.31746744798384835 -0.01847139228977887 0.2500076258911407 -0.23802529547830514 0.25672847633214785 0.06598578477388987 0.48471000319620966 0.32833630138629555 0.09998382201705824 -0.011644017697686082 0.6313848167941675 0.15718245110817142 0.12409613263592653 0.6404975648057261 -0.019171084433186363 0.26629486625544796 0.2662790238881041 0.6535699227088447 -0.1659919399659729 0.04331926445788084 1.4629415717225562 -0.05734856422155837 -0.021835490890438014 -0.13278775677140986
-0.12183356718895184 0.21514813985015088 -0.07625065570978698 0.10630499087532949 -0.4477219252761525 0.11275614445805641 -0.28891026017560756 -0.11264125147887503 0.35000110014064373 0.3024786762960081 0.27050435000596973 -0.12924400078599668 -0.25293625067775355 0.100569532576227 0.4196668071709967 -0.2364145409156026 0.18238118118324784 -0.11299107821245548 -0.10522916306304925 -0.17706583858307304 0.039649193945141055 -0.0573485642215585 1.3332458805586633 -0.1461642720669306 -0.16992489465954583
0.19149082429636563 0.005368821565298568 -0.3210631808038261 0.026824779741388874 0.01864041701142829 0.32432947095597053 -0.20325524482995422 0.006791630178373525 -0.2024275679133216 0.13057355207015015 0.22476876973718768 0.01254441791161192 -0.1338407029141865 0.0385033498709874 0.23860890864826273 0.1324594158039721 0.2719385445877145 0.18446464618768824 0.30174776885486987 0.09873354581688618 -0.16564517468833753 -0.021835490890437834 -0.14616427206693053 1.7732822380860358 0.24003980034141512
-0.4956966891055276 -0.21771250576291734 -0.27632957401376607 0.034673897854692645 -0.380158716299538 -0.18488060706249926 -0.029501162151350496 -0.359602613118057 -0.12720521745709135 -0.006185939172263167 -0.05274182333607397 -0.15541690168223343 -0.04095013836022937 -0.28576986310202057 -0.05869847632681145 -0.2738258319516684 -0.06682961322076672 -0.020227611177644305 0.28658663706602033 0.18232536705246216 0.01612174528612364 -0.13278775677140986 -0.16992489465954586 0.2400398003414152 1.2624026721398007
