1.7773797715744708 0.08849132395637965 0.5448042843349941 0.20756738445141512 0.6892111379475975 0.2575932795863314 0.1958266182046325 0.09284500112605065 0.17425262215110818 0.05175904280015098 0.5330006260057829 0.29371432129268227 0.22447357975181026 -0.25670895868358157 0.04722343858168359 0.4969998447280391 0.3429897696737513 0.33754271820300896 0.21180120360755 0.20388901818589225 0.004747904962660075 0.6274724528874347 0.30984145480831493 0.4064836981744929 0.7082472576455117
0.08849132395638015 2.118778861025201 0.37889723408597686 0.5942419955752426 0.49087526551715216 0.23028258517175043 0.3464188504163681 0.39456923094907415 -0.03541482993781359 0.20524261752406664 0.6610145676145981 0.1980013106812975 0.4694896369790167 -0.07286939028416427 0.15352532579923758 0.6004975520922793 0.4464051449563857 0.311813127366081 0.6345324841291031 0.28925246985616426 -0.011579218884581395 -0.031656675636738185 0.30522243880058614 0.6390879651688615 0.5327091662529724
0.5448042843349947 0.37889723408597653 2.151596560725699 0.7315209472098358 0.4162629102874593 0.4790932972726508 0.4019812532575523 0.6293506490344005 -0.3398552648790908 0.4454739160789408 0.5620446542225678 0.4510259714392153 0.04460109456995409 0.07289048242854397 0.16859469699637006 0.6530018736622984 0.6501377669191881 0.4870033515725602 0.29996629438293465 0.4610472871430926 0.24364693197290468 0.3900888864031715 0.39263672918903747 0.49305737761973784 0.13607448503362615
0.20756738445141493 0.5942419955752427 0.7315209472098356 1.9899844633847208 0.597521081227138 0.42295979287865987 0.8498671627979557 0.32335527483492854 0.1635251789683987 0.2513485201874951 0.5786101311409372 0.3638745755111411 0.7466916945424392 -0.2843925346939424 0.20175911934535784 0.6952292898865622 0.4039606740085943 0.643099997898572 0.37884302754877514 0.5010803585152547 0.12390418584449935 0.711113723119899 0.20569869664525625 0.6526592085592318 0.347215784959702
0.6892111379475975 0.4908752655171516 0.4162629102874593 0.597521081227138 2.2358549835701336 0.399503997686084 0.6256390842872067 0.8565805843370223 -0.1380460531700728 0.4087087764834062 0.8930533606825619 0.6338436337346512 0.9890440301764183 -0.09360190290748675 0.32802542862279566 1.0700594061814934 0.956897434062046 1.1033851636144183 0.772134132086319 0.5095587333783447 0.12432369500851329 0.6816166027830194 0.44236425559092996 0.5357835738766749 0.5674334113393207
0.2575932795863317 0.2302825851717502 0.4790932972726506 0.42295979287865965 0.3995039976860834 1.7889457759960128 -0.08140424829521009 0.4885567488890613 -0.1261257680955496 0.26213678172116595 0.6351160735178538 0.4758252152781596 0.34454692160227635 -0.24410346176140987 0.11443031646512813 0.9037942451168862 0.3342958627795751 0.3258075771158678 0.3962784765415509 0.5635981457957905 0.2750978830982613 0.7013442653552171 0.4945759019667753 0.49216713210353635 0.42834701318687846
0.1958266182046321 0.3464188504163679 0.4019812532575526 0.8498671627979553 0.6256390842872065 -0.08140424829520962 1.9509215270218352 0.3166748146592362 -0.1775279682581759 0.10158473411470914 0.714377143597207 0.22916175814937773 0.40479258851396527 0.05876207105205259 -0.02598105708110415 0.6543496666485042 0.5266061366552844 0.5179747560518921 0.4158782136175864 0.7943294094426963 -0.008894329952441323 0.551044030059284 0.2598799389763607 0.8149425222203026 0.672374399592127
0.09284500112605132 0.3945692309490744 0.6293506490344003 0.3233552748349283 0.8565805843370218 0.48855674888906114 0.3166748146592361 1.9214509293711641 -0.08865089491498825 0.5894868810871337 0.5549718447626112 0.2032734065966444 0.2985516890162949 -0.11106926847449218 0.25215576011224267 0.5295250968437579 0.6865903934833544 0.5653951833765234 -0.0501819917500308 0.39197609430439173 0.0170684245303272 0.3331721492003664 0.5560036092717383 0.4261400089843052 0.7936111625437798
0.17425262215110804 -0.03541482993781356 -0.33985526487909046 0.1635251789683989 -0.13804605317007276 -0.12612576809554946 -0.1775279682581758 -0.08865089491498815 1.0254920354931245 0.1027438429568363 -0.07655573596579499 -0.30822736427737574 -0.05922956803926971 -0.5498985684815939 -0.2836955767883481 -0.09374260216131844 -0.23244092655901666 -0.08689818701185689 -0.3816051815143523 -0.08260754572158108 -0.36468866899420865 -0.2552190224577896 -0.33124570657120694 0.1076550320496436 -0.20115279661361304
0.051759042800151284 0.20524261752406703 0.4454739160789407 0.2513485201874955 0.4087087764834061 0.2621367817211657 0.10158473411470911 0.5894868810871339 0.10274384295683586 1.4023421925299115 0.6035355593657079 0.3651142715395868 0.28368659205967045 -0.23572148262984807 0.19688444891429355 0.28903000378093424 0.769065477112046 0.5163584706526103 0.29480056373461594 0.1497480363096423 0.1013529354046831 0.2831019557577547 0.06359175670443265 -0.05676500567849785 0.5092091251864053
0.5330006260057828 0.661014567614598 0.562044654222568 0.5786101311409371 0.8930533606825618 0.6351160735178542 0.7143771435972069 0.5549718447626113 -0.07655573596579536 0.6035355593657079 2.0201264947083777 0.34835145501331183 0.748578082439069 -0.27246390981954594 0.10438815692260381 1.0118141766631341 0.7518108158353094 1.0038209282464763 0.5971837621932061 0.695452603512796 0.23355100530780756 0.5531835967972504 0.6338597124993913 0.5929118924807565 1.1888184190451967
0.29371432129268227 0.1980013106812975 0.45102597143921536 0.3638745755111411 0.6338436337346511 0.47582521527816 0.22916175814937756 0.20327340659664442 -0.3082273642773761 0.36511427153958675 0.3483514550133117 2.329211675874213 0.6163711152281139 0.06618527439873179 0.2775305886032534 0.5790451481983467 0.41632805902441977 0.5307829056650295 0.2101450452239281 0.6335070035707507 0.11170250436661239 0.417059882215875 0.37491968240976115 0.6247557031647009 0.38746762115330063
0.2244735797518106 0.46948963697901686 0.04460109456995426 0.7466916945424396 0.9890440301764185 0.34454692160227657 0.4047925885139656 0.29855168901629514 -0.05922956803926982 0.28368659205967056 0.7485780824390693 0.616371115228114 1.8430599525058224 -0.24888462348220083 0.37025121770185554 0.5609080504233852 0.7528179839979582 0.8118312528618647 0.29512934828173276 0.7208344341612675 0.4010760788987821 0.7467145573670961 0.5644829482230885 0.2159541050545884 0.3060003669973239
-0.25670895868358123 -0.07286939028416409 0.07289048242854407 -0.28439253469394243 -0.09360190290748654 -0.2441034617614099 0.05876207105205272 -0.11106926847449207 -0.549898568481594 -0.23572148262984813 -0.272463909819546 0.0661852743987319 -0.2488846234822008 0.6892825544959902 0.011666720832967326 -0.1974788608705676 -0.22412479274266395 -0.1507860890466088 -0.10336314330084448 -0.2845698274976909 -0.4461579787273063 -0.06207245980948428 -0.14160214115697065 -0.22860814462969778 -0.28972936215415895
0.047223438581683375 0.1535253257992372 0.16859469699636917 0.20175911934535803 0.3280254286227956 0.11443031646512747 -0.02598105708110371 0.25215576011224233 -0.2836955767883487 0.19688444891429305 0.10438815692260406 0.27753058860325314 0.37025121770185554 0.011666720832967643 1.8532563216449174 0.8103038965615359 0.7731695183983918 0.42035821235462417 0.44877049917246 0.8095161643585156 -0.0819537698637785 0.4774744750654485 0.5224804000988981 0.22679705321217897 0.37581072579104313
0.49699984472803926 0.6004975520922793 0.6530018736622992 0.6952292898865627 1.0700594061814934 0.9037942451168863 0.6543496666485044 0.5295250968437586 -0.0937426021613185 0.28903000378093435 1.0118141766631343 0.5790451481983466 0.5609080504233849 -0.19747886087056798 0.8103038965615357 2.038501625088453 0.6216604629736108 0.6290677905185484 0.857787158440475 1.0370192103620304 0.10507996722193737 0.5532975648203211 0.4646682687035617 0.6774930248877707 0.4988607702582893
0.3429897696737513 0.4464051449563864 0.6501377669191888 0.4039606740085948 0.9568974340620462 0.3342958627795757 0.5266061366552848 0.6865903934833552 -0.23244092655901666 0.769065477112046 0.7518108158353101 0.41632805902442027 0.7528179839979583 -0.22412479274266411 0.7731695183983915 0.6216604629736109 2.092366832589458 0.5498640691259287 0.8254077922231478 0.8150019796722261 0.3798445940846389 0.7355792741844384 0.2718527831594084 0.6905005967253992 0.8899507732623775
0.3375427182030093 0.31181312736608136 0.48700335157256025 0.6430999978985722 1.1033851636144187 0.325807577115868 0.5179747560518927 0.5653951833765237 -0.0868981870118571 0.5163584706526103 1.0038209282464772 0.5307829056650298 0.8118312528618649 -0.15078608904660892 0.4203582123546244 0.6290677905185489 0.5498640691259289 2.358315972358348 0.9261115838376526 0.5140433942415227 0.17288673979574562 0.6663417638980498 0.9213196380501659 0.7016660080238198 0.5061614671180487
0.21180120360755 0.6345324841291033 0.299966294382935 0.37884302754877497 0.7721341320863189 0.3962784765415509 0.41587821361758637 -0.05018199175003041 -0.3816051815143524 0.29480056373461583 0.5971837621932061 0.2101450452239283 0.29512934828173265 -0.10336314330084462 0.44877049917246026 0.8577871584404753 0.8254077922231474 0.9261115838376519 1.6995001486400632 0.4483263403033335 0.5425309435578033 0.5772474546136098 0.45315153395953706 0.641030238422921 0.47916055922962797
0.20388901818589233 0.2892524698561651 0.4610472871430933 0.5010803585152551 0.5095587333783446 0.5635981457957908 0.7943294094426968 0.3919760943043918 -0.08260754572158088 0.14974803630964229 0.6954526035127959 0.6335070035707512 0.7208344341612676 -0.2845698274976914 0.809516164358516 1.0370192103620302 0.8150019796722259 0.5140433942415221 0.44832634030333374 2.1503663378360782 0.34288231287465293 0.1910107320209215 0.8654615359512569 0.6958744082283994 0.4526811266809847
0.004747904962659616 -0.011579218884581827 0.24364693197290416 0.12390418584449893 0.12432369500851309 0.2750978830982612 -0.008894329952441965 0.017068424530326837 -0.3646886689942083 0.10135293540468261 0.2335510053078073 0.1117025043666118 0.4010760788987819 -0.44615797872730645 -0.081953769863779 0.10507996722193653 0.37984459408463855 0.17288673979574515 0.5425309435578031 0.34288231287465254 1.4803770607899007 0.10353323127650607 0.4820562293896954 0.04545085663825653 0.11634674424809613
0.6274724528874351 -0.03165667563673824 0.39008888640317135 0.7111137231198993 0.6816166027830196 0.7013442653552175 0.5510440300592842 0.33317214920036714 -0.25521902245779043 0.2831019557577547 0.5531835967972515 0.41705988221587476 0.7467145573670964 -0.062072459809484226 0.4774744750654488 0.5532975648203216 0.7355792741844387 0.6663417638980499 0.5772474546136102 0.19101073202092167 0.10353323127650679 1.7785545445812607 0.2823903900967778 0.2556609770816757 0.7843800519321523
0.30984145480831526 0.305222438800586 0.3926367291890371 0.20569869664525633 0.44236425559093007 0.49457590196677537 0.25987993897636097 0.5560036092717381 -0.33124570657120683 0.06359175670443251 0.6338597124993912 0.3749196824097609 0.5644829482230884 -0.14160214115697095 0.5224804000988985 0.46466826870356176 0.2718527831594085 0.9213196380501658 0.4531515339595373 0.865461535951257 0.4820562293896957 0.2823903900967774 1.5597581083360628 0.25721607185418566 0.574655829926264
0.40648369817449304 0.6390879651688615 0.49305737761973817 0.6526592085592322 0.5357835738766749 0.4921671321035367 0.8149425222203028 0.42614000898430515 0.10765503204964341 -0.05676500567849779 0.5929118924807563 0.6247557031647005 0.21595410505458806 -0.22860814462969803 0.22679705321217944 0.6774930248877705 0.6905005967253991 0.7016660080238194 0.6410302384229207 0.6958744082283989 0.0454508566382571 0.2556609770816759 0.2572160718541857 2.2345688269617767 0.4658677020350229
0.7082472576455119 0.5327091662529726 0.13607448503362596 0.3472157849597022 0.5674334113393202 0.4283470131868787 0.6723743995921269 0.7936111625437796 -0.20115279661361332 0.5092091251864047 1.1888184190451967 0.38746762115330013 0.3060003669973234 -0.2897293621541589 0.37581072579104324 0.4988607702582888 0.8899507732623773 0.5061614671180479 0.47916055922962775 0.45268112668098426 0.1163467442480963 0.7843800519321512 0.5746558299262635 0.46586770203502254 2.355428619441829
