1.3864039690400476 0.06334148296086699 0.11208566288541136 -0.11722331346642598 -0.11993840967776834 -0.13044649566527355 0.17123930724664715 -0.49943401594134473 0.1352187017562126 -0.10618258215517812 -0.23609862317660177 -0.1260348758739667 0.22362816859468096 -0.331777515709984 -0.29966739673306564 -0.004768727806549293 -0.1065390323263316 0.020523428658971363 -0.1917245130944221 0.1976226958702302 -0.4273075810964079 0.219559553865258 0.1516023718866586 -0.3827234529889465 -0.04075029705269909
0.0633414829608671 1.3369177225562061 -0.41643049597226783 -0.11793360208183343 0.18767278938533583 0.32331775572227706 -0.17247627722510894 0.17085203382520597 0.09010384408955907 0.10120174449936765 -0.3875795120404705 0.08124168436398432 -0.09551100115547737 0.11412660745114578 -0.32105555099082617 -0.11276409194791906 0.045050238171887365 -0.1616806798386124 0.2580981711775111 0.08087222903974155 -0.29637811009249215 0.08719644913007363 0.3548507414990826 0.11435540679461535 -0.005132510070166731
0.11208566288541108 -0.416430495972268 1.7768205298122062 -0.016949742838511944 -0.007284452082402034 0.2225359509075965 0.20602349676575155 -0.209452369494522 -0.016859725911327977 0.31060150545581944 0.25765456580126167 0.37236356469912785 -0.33835779452656134 0.3595137146868522 -0.12789317677942286 0.1449902109944219 0.2821349379213421 -0.01605164216902827 0.15738727360629093 -0.2795913872285738 -0.107237035078196 0.4675598215838397 0.18600618175874778 -0.2775802588119492 0.3501399071845304
-0.1172233134664263 -0.11793360208183364 -0.016949742838511528 1.7360022459037032 -0.08323889809219685 0.04309081138411246 0.007445674264140975 0.20737571863373722 -0.17324540586450773 0.32287423783358143 -0.20264178830513027 0.12251362700293608 0.16053459792717856 -0.09004553454013033 0.1640636755691162 -0.2607576590578517 0.03875559433676688 -0.4130467659351908 0.40403406459574276 0.08897895452331467 -0.6113498544074922 -0.19387388747767414 0.011689481198118919 -0.299096681723203 0.3146031080655324
-0.11993840967776848 0.18767278938533563 -0.007284452082402443 -0.08323889809219695 1.8389751916351078 -0.023793579793634962 -0.354377479807059 0.3542307433679119 0.15927656516928587 -0.07325807000622864 0.12497864264928753 0.49578527640738146 -0.05194616622744279 0.2043474050150562 0.20082533105711836 0.05802847004034918 -0.04050678326933592 -0.19902798500911775 0.13853290817938857 -0.21645261789578327 -0.19047019951545988 0.3173128670140108 0.12238217784173698 -0.14270986790460008 0.03678481876514742
-0.13044649566527303 0.3233177557222769 0.2225359509075969 0.04309081138411282 -0.02379357979363473 1.763605534016888 -0.021018267595126774 -0.07800442204755854 0.6602864162277116 0.5140420354757482 -0.3011372425085084 0.20414250563908637 -0.2015454869146003 0.05866322809967124 0.2760033813743532 -0.08233260632987668 -0.21231520781926386 0.11517494593531404 -0.09726228905840764 -0.16502100152404686 -0.09194152844018975 -0.026729720386894584 0.01394540761275058 -0.03388620503270641 -0.18600968485795175
0.1712393072466475 -0.17247627722510883 0.20602349676575102 0.007445674264141208 -0.35437747980705847 -0.02101826759512704 1.3002076794522026 0.010980268783870685 0.09626314301754911 0.061309470776312935 0.03115227147819448 -0.19692815704856434 -0.18594111141627104 -0.2361115330382784 -0.23447411524923228 -0.24921406590482628 -0.25516770651130066 -0.03550076000631503 0.36109847966054154 -0.37392670948562007 0.18673911215446864 0.029744273659871007 -0.015170648454573055 -0.12788798243408528 -0.06815223758674417
-0.49943401594134484 0.17085203382520606 -0.209452369494522 0.20737571863373672 0.3542307433679119 -0.07800442204755878 0.01098026878387038 1.3154498726491473 -0.10551545964071399 0.3754301641658781 0.19465697007936889 -0.09417126399342876 -0.19024395505384678 -0.11171322104637264 0.12474564755518232 0.025748805911357895 -0.09861591340794339 -0.010168909874013483 -0.016489047677918055 0.0829663376479957 -0.047273891672902094 0.3263609524537254 -0.3502989851898298 -0.1487274814392526 0.23449641178152686
0.1352187017562125 0.09010384408955938 -0.016859725911327728 -0.1732454058645079 0.15927656516928634 0.6602864162277123 0.09626314301754954 -0.10551545964071402 2.075292666137389 0.1438712634345852 0.2416157163549826 -0.31082230418226287 -0.21143094616852418 0.08958582218031166 0.04996146263771786 -0.02998880813824792 0.16424431461946104 -0.07136701037707673 0.6290957151090306 0.38064810391449 0.0740586514653097 0.08458093941167052 0.10555325536999456 -0.33055691937125464 -0.18828008235382843
-0.10618258215517756 0.10120174449936756 0.3106015054558193 0.32287423783358166 -0.07325807000622893 0.5140420354757486 0.06130947077631276 0.37543016416587804 0.14387126343458606 1.6364162116567695 0.17768447378004645 0.005065151372214119 -0.03216562490727588 0.38429452413519477 -0.17984200039002157 0.2378996333464722 -0.10877900284725908 0.4575997638193405 0.09969521453221947 -0.00925792535259161 -0.17224465431323033 0.15629135495351912 0.14276749728903515 -0.6290896132807889 -0.09560686761087793
-0.2360986231766019 -0.38757951204047053 0.2576545658012616 -0.20264178830513033 0.12497864264928733 -0.3011372425085086 0.031152271478193688 0.19465697007936894 0.24161571635498263 0.17768447378004687 1.2626804122998945 0.08649939467755272 -0.14431733676723252 -0.011645272910935985 0.07258651617461685 -0.1502338523738737 0.1789607910647532 0.003240201998565763 -0.04638583826074194 0.18192594862591438 -0.21994598892335498 -0.026266145486656803 0.14976536467869966 -0.05500778353297635 -0.4090015712384423
-0.12603487587396697 0.0812416843639839 0.3723635646991281 0.12251362700293593 0.49578527640738185 0.2041425056390866 -0.19692815704856428 -0.09417126399342915 -0.31082230418226325 0.005065151372214513 0.08649939467755273 1.1320279896841412 -0.21385305030190654 0.345506643766647 0.025172681879815414 -0.39324314633945656 0.22893101332745486 -0.1493591049217759 -0.13509940820904076 -0.12275438652875041 -0.3253066682509671 0.0405873368168199 -0.07423511474158173 0.038281660161691614 -0.008011966664936972
0.2236281685946809 -0.09551100115547716 -0.3383577945265615 0.16053459792717859 -0.051946166227442865 -0.20154548691460042 -0.1859411114162709 -0.19024395505384667 -0.21143094616852362 -0.0321656249072753 -0.1443173367672326 -0.21385305030190652 1.2857974465236852 -0.07194968976852388 -0.1992327254037895 -0.18730729312397 0.2707657726359262 -0.13174444614368355 -0.037307861223599026 -0.41087834347323127 0.21087650506242123 -0.12909092282051787 0.028020386119319764 -0.14173300335598324 -0.25961025511138
-0.33177751570998454 0.11412660745114557 0.35951371468685245 -0.0900455345401303 0.20434740501505633 0.05866322809967155 -0.2361115330382788 -0.11171322104637242 0.08958582218031172 0.384294524135195 -0.011645272910935927 0.34550664376664697 -0.07194968976852355 1.4211686932815546 -0.48940099117565544 -0.17751725434235885 -0.049266392065586376 -0.015254037249872383 0.1391175883902516 0.5625397183220314 0.2137028951605621 -0.07176930361088424 0.36132691675452455 -0.11033049354870426 -0.031989855862783766
-0.29966739673306575 -0.3210555509908262 -0.12789317677942275 0.16406367556911639 0.2008253310571185 0.27600338137435265 -0.2344741152492323 0.12474564755518248 0.04996146263771771 -0.17984200039002168 0.07258651617461657 0.025172681879815546 -0.1992327254037896 -0.4894009911756554 1.300708012529854 0.3617190056334796 -0.04932096982636631 -0.049262857196813274 0.10016885936039044 -0.3467329163046792 -0.2421073597300288 0.2871239416706977 -0.07983854511040026 -0.12987004881637068 -0.09736453701521641
-0.004768727806548981 -0.11276409194791923 0.14499021099442216 -0.2607576590578517 0.058028470040349216 -0.08233260632987663 -0.24921406590482628 0.025748805911358016 -0.029988808138246965 0.23789963334647224 -0.15023385237387443 -0.3932431463394562 -0.1873072931239699 -0.17751725434235865 0.36171900563348 1.506931492667305 -0.147056698902513 0.25707676614795144 0.18463408272695442 0.08390879288723284 -0.07328071961798523 0.2959372731205385 0.4038925553045279 0.00525476537865571 0.3022297929353821
-0.10653903232633143 0.045050238171887344 0.2821349379213426 0.03875559433676684 -0.04050678326933625 -0.21231520781926358 -0.25516770651129966 -0.09861591340794355 0.16424431461946085 -0.10877900284725897 0.17896079106475266 0.22893101332745472 0.27076577263592627 -0.049266392065586626 -0.04932096982636637 -0.14705669890251283 1.7469090473668232 0.45511253675939356 0.2073194263537696 -0.053241948210241655 -0.36446111280799187 0.29353517754100766 0.10622094727829537 -0.09684036268987738 -0.35619835161669505
0.020523428658971235 -0.16168067983861242 -0.016051642169028713 -0.41304676593519074 -0.19902798500911797 0.11517494593531374 -0.03550076000631468 -0.010168909874013846 -0.07136701037707645 0.4575997638193406 0.0032402019985659273 -0.14935910492177587 -0.13174444614368322 -0.015254037249872275 -0.049262857196813385 0.25707676614795105 0.4551125367593935 1.1427996115723074 -0.31878202560032837 -0.004364735975490547 -0.07987594162247548 -0.04577990345702548 0.005127862290569499 -0.2632217150864147 -0.3134034687778293
-0.19172451309442176 0.25809817117751116 0.15738727360629134 0.4040340645957428 0.1385329081793884 -0.09726228905840793 0.36109847966054054 -0.01648904767791775 0.6290957151090306 0.09969521453221923 -0.04638583826074221 -0.1350994082090403 -0.0373078612235988 0.13911758839025137 0.10016885936039087 0.18463408272695425 0.20731942635376957 -0.31878202560032837 1.7273404174182216 0.1591482479250565 -0.04901026117751325 0.5313287719492158 0.05509893356595666 -0.3815162414353943 0.14423126856064236
0.19762269587023013 0.08087222903974124 -0.2795913872285736 0.08897895452331472 -0.2164526178957835 -0.1650210015240464 -0.3739267094856201 0.08296633764799517 0.3806481039144899 -0.009257925352591678 0.18192594862591444 -0.12275438652875006 -0.4108783434732316 0.5625397183220315 -0.3467329163046791 0.08390879288723294 -0.05324194821024131 -0.004364735975490103 0.15914824792505708 1.7220380010872467 -0.46809127752374846 0.12419458723359225 -0.017081990768301733 0.06897642251054531 0.14997531790309618
-0.42730758109640776 -0.2963781100924921 -0.10723703507819625 -0.6113498544074922 -0.19047019951546024 -0.09194152844018945 0.18673911215446937 -0.04727389167290217 0.07405865146530985 -0.17224465431323047 -0.2199459889233551 -0.3253066682509672 0.21087650506242106 0.21370289516056185 -0.24210735973002862 -0.07328071961798517 -0.36446111280799187 -0.07987594162247567 -0.049010261177512816 -0.46809127752374846 1.5101471468590069 -0.21285836144179784 -0.4230724719815593 -0.014897072968212273 0.00857452452181233
0.21955955386525824 0.08719644913007366 0.46755982158383974 -0.19387388747767365 0.31731286701401085 -0.026729720386894838 0.029744273659870934 0.3263609524537254 0.08458093941167098 0.15629135495351915 -0.026266145486656862 0.04058733681682005 -0.1290909228205181 -0.07176930361088438 0.28712394167069755 0.2959372731205384 0.29353517754100733 -0.045779903457025525 0.5313287719492163 0.12419458723359221 -0.21285836144179793 1.5939755107736122 0.20700148332797003 -0.47593877855179695 0.3009563148509776
0.15160237188665818 0.35485074149908263 0.18600618175874808 0.011689481198118721 0.12238217784173747 0.01394540761274993 -0.01517064845457344 -0.35029898518982966 0.1055532553699948 0.14276749728903518 0.1497653646786996 -0.07423511474158141 0.02802038611931962 0.36132691675452466 -0.07983854511040049 0.4038925553045273 0.10622094727829565 0.0051278622905698325 0.055098933565956965 -0.017081990768301938 -0.423072471981559 0.2070014833279703 1.8203364675569231 -0.211070128212568 -0.051463942835613515
-0.3827234529889465 0.1143554067946155 -0.27758025881194925 -0.29909668172320325 -0.14270986790460036 -0.03388620503270577 -0.12788798243408497 -0.14872748143925285 -0.3305569193712547 -0.6290896132807888 -0.05500778353297639 0.038281660161691 -0.14173300335598288 -0.11033049354870451 -0.12987004881637074 0.005254765378655921 -0.09684036268987715 -0.26322171508641456 -0.38151624143539453 0.06897642251054556 -0.014897072968212095 -0.47593877855179667 -0.21107012821256793 1.3322117283800554 -0.09281745544213287
-0.04075029705269886 -0.005132510070166897 0.3501399071845301 0.3146031080655323 0.03678481876514746 -0.18600968485795166 -0.06815223758674417 0.23449641178152697 -0.18828008235382873 -0.09560686761087822 -0.4090015712384425 -0.008011966664937104 -0.2596102551113802 -0.03198985586278394 -0.09736453701521647 0.30222979293538177 -0.35619835161669555 -0.3134034687778291 0.14423126856064256 0.1499753179030962 0.00857452452181241 0.3009563148509774 -0.05146394283561407 -0.0928174554421328 1.0527288530240195
