1.3929788290506304 0.03222887642101618 -0.09497362866256394 -0.1619087045343974 -0.2698093960056354 -0.01642957300928817 0.09018215856328353 0.1255895792962344 0.21546470658556083 -0.029679385302069358 -0.10577165983952837 -0.1033405283366682 0.062658962854183 -0.03712222436026409 -0.3193296174963614 -0.3999241581932922 0.11056142474624167 0.16517937781799208 -0.03994738137304693 0.08158955560906173 0.07259468985251215 -0.2134208679248029 0.25223692401346753 -0.3098306523074435 0.14237927699702063
0.0322288764210162 1.7381682714716378 0.1535528560791994 -0.020292877200174815 -0.11361369779716451 -0.23999163960324418 -0.0017019414921408058 0.0401246186657118 -0.18677698976549853 -0.10485760364061358 0.3652092741871952 0.18528364801571526 -0.20196800783561078 0.25776475319142245 -0.3025580768905704 0.0582737133056893 0.08767537240413947 -0.10632063925804291 0.35498127132457064 -0.07576066241263989 -0.15713629824107594 -0.06287576610440167 -0.19097833180279003 -0.32224585018408797 0.31218876840507503
-0.0949736286625642 0.1535528560791994 1.3835091676390632 -0.09340559065264659 0.1725237884064311 0.029025587192543827 -0.21288903468597042 -0.050569502485105715 -0.0028552385349130925 -0.20265898059887943 -0.07497711806521387 0.13860427625164484 0.20155292805430391 -0.19937777188863887 -0.267338738045704 0.285338941198198 0.05603218742691572 0.0740981147384735 0.007291134320166378 -0.2808936476841107 0.2080515290173119 -0.2617556329650526 -0.30393940192975893 -0.32315452778545517 -0.033299219691986126
-0.16190870453439746 -0.020292877200175138 -0.0934055906526469 1.7788503560031985 -0.05563083482102309 0.4216541995819295 -0.05112192769586829 -0.06837089871116515 0.08871287042350956 -0.04361426607578309 -0.11757155592773466 -0.11355932084722103 -0.021180317550791316 0.09126864595476447 0.29280221372709 0.10770551144892655 0.09565052452882017 0.5001737791964986 0.1225249728535135 0.3585450756328009 0.03580304553449853 0.16211412862990165 -0.11423886528975383 -0.1860117806659737 0.2601288182124202
-0.2698093960056364 -0.11361369779716503 0.1725237884064314 -0.0556308348210231 1.480743843648772 0.04778968409623876 0.3478274116006265 -0.2197348391911874 0.0033221507704102315 -0.07048843822328672 -0.30441426636955876 -0.16837055323456332 -0.23611240294748043 -0.24659566341894779 -0.3790809520850314 -0.332773732504568 -0.11411232955595939 0.20481111042473277 -0.09347247970530193 -0.43741112651157016 -0.11397270234777632 -0.17598933735060576 0.170473809932735 0.14077023778599118 -0.11126356741971888
-0.016429573009288323 -0.2399916396032442 0.02902558719254366 0.42165419958192923 0.04778968409623899 1.2700509964837663 -0.041830749534630965 0.3762815371503189 0.0746267932384961 0.004393058135222587 -0.16830483842376756 0.2841682680152274 -0.1332091426409902 -0.0979800922956063 0.03655941429841648 0.08061720111404667 -0.4449184184983075 0.10701390720529622 -0.02402470196505465 0.026916141678956472 -0.2098265828071767 -0.2795795438508041 0.18948873473159897 0.1645401745306713 0.27450128071094765
0.0901821585632837 -0.0017019414921406234 -0.21288903468597098 -0.05112192769586861 0.34782741160062663 -0.04183074953463091 1.5995013103164457 0.11592496878550058 -0.3723178670358603 -0.08279431209508868 -0.23692496152709325 -0.12181968393937892 -0.03283608756249993 -0.03645069901079417 -0.28672392209122594 0.39836045925748903 -0.06346827012555338 0.45861597151534805 -0.22978516707169616 0.06447704531687823 0.15282743785797825 0.08541760434706282 0.30801284897148573 0.09342642429808166 0.2686375128347581
0.12558957929623468 0.04012461866571255 -0.050569502485105465 -0.068370898711165 -0.2197348391911876 0.37628153715031903 0.11592496878550068 1.5773274001312292 -0.13588768434979512 -0.0952210110974967 -0.1121583913198454 -0.09874368924964519 0.0736712406977916 -0.08971918825106978 -0.3480512770305767 -0.0809555967071691 -0.11446825646913775 0.39911834838426696 0.045727415453824756 -0.07351686945762982 -0.04506937791568052 0.08956693251505769 -0.30001871073812725 -0.017823277859024995 -0.0578783553249042
0.2154647065855608 -0.18677698976549956 -0.0028552385349133328 0.0887128704235097 0.0033221507704102302 0.07462679323849608 -0.37231786703586034 -0.135887684349795 1.2027623739873294 0.23644104161892954 0.17419490163730014 -0.45519240096943164 -0.11625805983957123 0.1611190940567005 -0.12712962422370022 0.142611508336927 -0.13473578676672746 -0.13691874587628047 -0.10889481916073317 -0.0902555329358156 -0.07608325503404764 0.09883415601574222 -0.18817236810737228 0.0015401472731450812 -0.18403948984911503
-0.029679385302069164 -0.10485760364061358 -0.2026589805988793 -0.043614266075783364 -0.07048843822328665 0.004393058135222561 -0.0827943120950888 -0.0952210110974967 0.23644104161892898 1.835342769409315 0.28282286667608575 0.1370266012009881 -0.3424193009284078 -0.17492568382278773 -0.21345965538669068 0.29179503815047864 0.35355638685739393 0.1831998542339142 0.1450655105486257 0.5732324495928385 -0.07782235581591335 -0.3140268740733219 -0.2147560023886961 0.1837648066317926 0.05402039538494071
-0.10577165983952865 0.36520927418719557 -0.07497711806521404 -0.11757155592773455 -0.3044142663695585 -0.16830483842376745 -0.23692496152709308 -0.11215839131984513 0.1741949016373002 0.2828228666760855 1.4466168396681323 -0.2125297820325172 0.1609719574360481 -0.21991262526798705 0.0029795302846742948 -0.09009128417392803 -0.2525483154972473 0.01304693817905333 -0.21772311277454032 0.012076115616512333 -0.07691419661344351 -0.3008922022557473 -0.12195546885585808 -0.2685347378937457 0.08929785058749883
-0.10334052833666826 0.18528364801571523 0.1386042762516446 -0.1135593208472211 -0.16837055323456296 0.28416826801522704 -0.12181968393937968 -0.09874368924964519 -0.4551924009694315 0.13702660120098759 -0.2125297820325169 1.847499580953746 0.024806733104472276 0.19650381177328183 -0.16561451622832962 0.09024277395524898 0.0789177402432176 0.038169748088765894 -0.03449771213318323 0.16983188314276898 -0.14288538130738684 -0.02613431911109946 0.011284064425823569 -0.13537753669366984 0.3516439434993088
0.06265896285418308 -0.20196800783561095 0.20155292805430375 -0.021180317550791077 -0.23611240294747968 -0.13320914264099057 -0.03283608756250044 0.07367124069779171 -0.11625805983957077 -0.3424193009284077 0.16097195743604858 0.024806733104471963 1.7146948388341448 0.25097154249782594 -0.32303809236807157 0.062993955886384 0.23088793741849475 0.0427728175671681 0.12292236551164176 -0.011949251159310498 0.027328058540481787 -0.5338340824302112 -0.01902283491420651 -0.01445613564091661 0.12280213504013596
-0.03712222436026385 0.2577647531914225 -0.19937777188863867 0.09126864595476468 -0.24659566341894792 -0.09798009229560606 -0.0364506990107944 -0.08971918825106956 0.16111909405670063 -0.17492568382278784 -0.21991262526798727 0.19650381177328216 0.2509715424978259 1.4657873758522555 -0.18542760424884894 0.4672321826063315 -0.11875511960143319 -0.18781289779706914 -0.1148507132002599 -0.03903145706139705 -0.10347102020804845 0.12460883472181793 -0.02044310151039871 -0.30428091137196633 0.2387562831591738
-0.31932961749636085 -0.30255807689057007 -0.26733873804570396 0.29280221372708976 -0.37908095208503123 0.03655941429841646 -0.28672392209122566 -0.34805127703057676 -0.1271296242237002 -0.21345965538669034 0.0029795302846741347 -0.16561451622833023 -0.32303809236807157 -0.18542760424884916 1.1941547001506252 -0.01574749384793879 0.15571859195713936 -0.2098989367949166 -0.21624205484787007 0.016660174536706342 -0.09225355992805946 0.10820957241227569 0.09563541684101129 -0.010095749262035932 -0.13687094946690428
-0.3999241581932919 0.05827371330568937 0.28533894119819797 0.10770551144892651 -0.3327737325045683 0.08061720111404685 0.39836045925748886 -0.08095559670716872 0.14261150833692735 0.2917950381504787 -0.09009128417392846 0.0902427739552489 0.06299395588638446 0.467232182606331 -0.01574749384793884 1.7098486541710525 0.01612652756371606 0.007930451874876954 -0.12305239193220416 0.2382976627357144 -0.09662173022897018 -0.07572816396581439 0.0802393825923849 -0.0400733413844346 0.5426017041610864
0.11056142474624153 0.0876753724041396 0.056032187426915826 0.09565052452882031 -0.11411232955595889 -0.4449184184983078 -0.06346827012555317 -0.11446825646913754 -0.13473578676672776 0.353556386857394 -0.25254831549724677 0.07891774024321799 0.23088793741849473 -0.11875511960143333 0.15571859195713894 0.01612652756371598 1.5614272280309067 0.24457870792551706 0.3053743407954828 0.01941694965638107 -0.18198549602644093 -0.24144447770822228 -0.10406060145709885 0.06043550119889789 0.0943237766803515
0.16517937781799205 -0.10632063925804285 0.07409811473847319 0.5001737791964989 0.2048111104247332 0.10701390720529638 0.45861597151534816 0.39911834838426713 -0.1369187458762806 0.18319985423391436 0.013046938179053428 0.03816974808876576 0.042772817567167686 -0.18781289779706922 -0.20989893679491653 0.007930451874876983 0.24457870792551664 1.2969320069838777 -0.17192198359318211 0.14690361738719732 0.038259579780711754 0.07308558149260735 -0.12031862960325886 -0.3057033091310119 -0.026001360455731926
-0.03994738137304743 0.35498127132457025 0.0072911343201663 0.12252497285351355 -0.09347247970530154 -0.024024701965054622 -0.2297851670716961 0.045727415453824784 -0.10889481916073299 0.14506551054862604 -0.2177231127745402 -0.03449771213318292 0.12292236551164167 -0.1148507132002597 -0.21624205484787024 -0.12305239193220448 0.30537434079548276 -0.1719219835931821 1.1941408132868674 0.1438918253080843 0.05576652996510794 -0.18039841361624026 -0.268644533471316 0.218821745876196 -0.3126700769338451
0.08158955560906198 -0.07576066241264011 -0.2808936476841106 0.3585450756328007 -0.4374111265115704 0.026916141678956538 0.06447704531687855 -0.07351686945762977 -0.09025553293581633 0.5732324495928384 0.012076115616512253 0.16983188314276904 -0.011949251159310172 -0.03903145706139722 0.016660174536706467 0.23829766273571426 0.0194169496563812 0.14690361738719748 0.14389182530808448 1.3090404058361746 -0.21243864137574614 0.03305072194857924 0.2026972845963049 -0.04987527021511966 0.08556446641083015
0.07259468985251248 -0.1571362982410762 0.20805152901731175 0.03580304553449846 -0.11397270234777607 -0.20982658280717692 0.15282743785797787 -0.04506937791568034 -0.07608325503404713 -0.0778223558159131 -0.07691419661344366 -0.14288538130738684 0.02732805854048182 -0.10347102020804855 -0.09225355992805959 -0.0966217302289705 -0.18198549602644107 0.038259579780711955 0.05576652996510792 -0.2124386413757463 1.9187175719682998 0.05113974722076886 -0.07977575138533793 -0.23506203454286467 0.26770426957791915
-0.21342086792480283 -0.06287576610440178 -0.26175563296505283 0.16211412862990165 -0.1759893373506059 -0.27957954385080414 0.08541760434706262 0.08956693251505742 0.09883415601574207 -0.31402687407332175 -0.3008922022557473 -0.026134319111099452 -0.5338340824302111 0.12460883472181798 0.10820957241227579 -0.07572816396581442 -0.24144447770822233 0.07308558149260742 -0.18039841361624018 0.0330507219485793 0.05113974722076885 1.1230913203970452 -0.25265011326173153 -0.053309373670758234 -0.2958345926336252
0.2522369240134674 -0.1909783318027901 -0.30393940192975943 -0.11423886528975405 0.17047380993273467 0.18948873473159866 0.30801284897148606 -0.3000187107381268 -0.1881723681073724 -0.21475600238869583 -0.1219554688558581 0.011284064425823557 -0.019022834914205734 -0.02044310151039836 0.09563541684101123 0.08023938259238486 -0.1040606014570984 -0.12031862960325893 -0.2686445334713159 0.20269728459630487 -0.07977575138533807 -0.25265011326173165 1.131353929826997 -0.27805642627144517 0.07211479562321774
-0.3098306523074432 -0.32224585018408813 -0.3231545277854555 -0.18601178066597382 0.1407702377859906 0.1645401745306714 0.09342642429808184 -0.017823277859025096 0.0015401472731448526 0.1837648066317926 -0.26853473789374604 -0.13537753669366934 -0.014456135640916076 -0.30428091137196617 -0.010095749262035807 -0.040073341384434566 0.060435501198898234 -0.30570330913101207 0.21882174587619588 -0.04987527021511935 -0.23506203454286437 -0.05330937367075811 -0.2780564262714451 1.200080749360802 0.0925531734772462
0.14237927699702077 0.312188768405075 -0.033299219691986445 0.26012881821241995 -0.11126356741971861 0.2745012807109473 0.2686375128347577 -0.05787835532490408 -0.18403948984911458 0.054020395384940814 0.08929785058749871 0.3516439434993087 0.12280213504013625 0.2387562831591742 -0.13687094946690428 0.5426017041610864 0.09432377668035123 -0.026001360455731787 -0.3126700769338449 0.08556446641082989 0.26770426957791893 -0.2958345926336254 0.07211479562321747 0.09255317347724626 1.9309600636941264
