1.3336690371742188 -0.1555076691750798 -0.07975519062449243 0.13952388870293297 0.05101205745332514 -0.0950732357948542 -0.42867268577643375 -0.06086137149745601 0.2381364726528387 -0.29025706768652343 -0.187862320165208 0.04537663706284286 0.10502322393284375 0.22379447141620015 -0.5794324037147874 -0.15696236740317757 0.1390818641705691 0.15626852399450966 -0.17285904681928924 -0.2654634370918532 -0.25240190752633657 0.16038076130651627 0.1512604804735499 0.15454410809583763 -0.4407626899729803
-0.15550766917507972 1.6417623995116544 0.1743575312992878 0.26663226227096326 -0.13649031707455314 0.383108412664503 0.08898571438226799 0.5424831649659853 -0.1093244800982558 0.09183781310367056 0.2618857434311828 0.18565705652414047 0.06193904369182457 0.014975708344135566 0.24164191920555456 -0.03372712621420626 0.2507192844758891 0.7196509168583536 0.31592898505933825 0.24011636168318007 0.09570030965126067 0.42483980853577097 0.11671422290030595 -0.07142212647881803 -0.4014915060148368
-0.07975519062449206 0.17435753129928777 1.8532116626363304 0.6536317703710235 0.11223958623201373 0.140424445576007 -0.26972228580033336 -0.06321131008377771 0.0667906021400351 -0.14789182583043914 0.17753954370152947 -0.19055264393348476 0.35459127253644324 -0.12309376877407845 -0.09909552761371808 -0.08004001452759013 0.24762625060148563 0.0934993264662144 0.30570366619657074 0.22911475071716952 0.18208275524275322 0.3138751585499343 0.1853978294328549 0.28120048570475126 -0.07873279276091462
0.13952388870293306 0.26663226227096315 0.6536317703710234 1.4335354635260598 -0.00227471343636366 -0.2191612963538283 -0.33602686919799263 0.3564954620129221 0.20788443271690862 0.22890996369719968 0.10337480964711457 -0.055541142752496664 0.14862131078819435 0.188789796073029 0.08156809426233404 0.5785553704811318 0.10423154394707068 0.5898494098588007 -0.12818116741540492 0.1456107799931052 -0.103990744664355 0.06677669589402355 0.17652136278725145 -0.02909311473273583 0.04749618039692212
0.05101205745332521 -0.13649031707455334 0.11223958623201358 -0.0022747134363637622 1.3649938034069518 -0.05537801805197449 -0.08065598035504251 0.4333083862483818 0.16179151218063706 -0.11892209032432066 0.349622045976641 0.12139993040366226 -0.3830874285665483 -0.07951560669726887 0.1312591524100503 0.09082746560965518 0.13437251286220261 0.0886786662114269 0.31736914381093095 -0.3765388195974349 -0.004719840930098391 0.06842316292961899 0.39491435644426076 -0.12418955529603348 0.045546939546436564
-0.09507323579485431 0.3831084126645028 0.14042444557600692 -0.21916129635382822 -0.055378018051974676 1.8330373331126755 -0.31708816465346135 0.18756094508933094 0.204377740843324 -0.3994143314602068 -0.029350539362063527 0.4756150517184752 0.05087282774632172 0.13488584797109476 0.20226234039769525 0.3469794621229828 -0.09449723391275032 -0.02483539771939175 0.49778454040827647 -0.1571215926829809 0.07103160488796713 -0.17816767049901497 0.08623259932241105 0.16633554696573616 -0.12414569926572565
-0.4286726857764336 0.08898571438226795 -0.2697222858003329 -0.3360268691979923 -0.08065598035504246 -0.3170881646534612 1.2742415713036053 -0.2102077998586535 -0.431938185346011 -0.3094190303384116 -0.2038480793136977 -0.13308759135214684 -0.27034623526780627 -0.5578216598703423 0.018233011361632818 -0.38003719948706444 -0.09285961664919383 -0.036933622391428084 -0.09860096977831477 -0.1603855154988001 0.11341890052217544 0.0021347302224329207 -0.13395905780420797 -0.3770295709591222 -0.1606371134807763
-0.060861371497455526 0.5424831649659855 -0.06321131008377806 0.35649546201292215 0.43330838624838147 0.18756094508933124 -0.21020779985865354 1.9555107142183517 -0.0021871687077918978 0.16742904100334122 0.28329498382467866 0.022437305291236775 0.33779356798867577 0.1538569526080727 -0.03568275378735481 0.5855823062613951 0.7864696346757147 0.20102470150482882 0.04392323325037173 -0.20818200039011334 0.20009553002036307 0.036411543088010256 0.13592357223328835 -0.14830949137979693 0.07199810987032149
0.23813647265283885 -0.10932448009825566 0.06679060214003545 0.2078844327169091 0.16179151218063692 0.2043777408433242 -0.4319381853460111 -0.002187168707791248 1.8558004865182929 -0.2377920554654264 0.3570862639827215 0.3293509606670757 -0.1934051175327036 -0.2281228366676295 0.09621665852298997 0.033210998047846385 0.47775997497728406 0.33819475333672944 0.27126242284862756 0.24580984335910058 -0.1558727095326823 0.15826450332328817 0.07582482646702712 -0.38671369532363714 0.5468032527074729
-0.29025706768652304 0.09183781310367083 -0.14789182583043925 0.22890996369719951 -0.11892209032432048 -0.3994143314602067 -0.30941903033841195 0.1674290410033417 -0.23779205546542642 1.836983105544605 0.3697495051312399 0.28448690391306786 0.07548597124494973 0.42907972159973606 0.06251316582936861 -0.03323899428551638 0.26770725915538 0.27754197745878734 0.15964065037333364 -0.059525357562892914 -0.2618882546276235 -0.08225170872482593 -0.23362891811895448 0.3315778898392914 0.2945031661732792
-0.1878623201652078 0.26188574343118287 0.17753954370152977 0.10337480964711473 0.34962204597664137 -0.029350539362063676 -0.203848079313698 0.2832949838246796 0.3570862639827218 0.3697495051312401 1.7746689258933617 0.24090554336297682 -0.037046633074949153 0.17226324642503577 0.018870195476872093 -0.43227333383922056 -0.0790976922673305 0.4138880818692826 -0.11505471047069399 0.16322346724133993 0.15951069319888897 -0.2875215064209706 0.03618404506389106 0.0367790008347416 0.02828039687786695
0.045376637062843256 0.1856570565241404 -0.19055264393348526 -0.0555411427524965 0.12139993040366225 0.4756150517184753 -0.13308759135214684 0.02243730529123694 0.3293509606670757 0.2844869039130679 0.24090554336297682 1.2777176531209324 0.48193933421333357 0.12326479256417984 0.2933598899894553 -0.007524786877506656 -0.045555053958101215 0.6021289107178118 0.3019586008171465 -0.29950451917232285 0.004482867664064134 0.38063938827360677 0.08705603173264827 -0.1898324496288524 -0.0021131641444091876
0.10502322393284362 0.061939043691824486 0.3545912725364427 0.14862131078819474 -0.3830874285665485 0.05087282774632136 -0.27034623526780593 0.33779356798867555 -0.19340511753270395 0.07548597124494988 -0.03704663307494921 0.4819393342133338 1.8154305837729 0.30425115384856605 -0.24377826435470326 0.3054942131210814 0.03267592941628992 0.35169995570874224 0.22192523279468523 0.2739622447992717 0.29166902596001953 0.45405352193835946 0.2313367832589005 -0.3617693621121431 0.29620103333711745
0.22379447141620035 0.014975708344135407 -0.12309376877407965 0.18878979607302843 -0.07951560669726888 0.13488584797109485 -0.5578216598703422 0.15385695260807233 -0.22812283666762984 0.4290797215997351 0.17226324642503513 0.1232647925641796 0.3042511538485653 1.4580529396571376 0.036271977045809714 0.11581978156369527 0.2054164014672875 0.01711328193161448 0.48525404197105626 0.10707755359832488 -0.2180050926655523 0.07585557713651117 0.08977755616770003 -0.14973507587973248 -0.23980661126589284
-0.5794324037147875 0.24164191920555442 -0.09909552761371795 0.0815680942623344 0.1312591524100504 0.2022623403976948 0.018233011361632846 -0.035682753787354936 0.09621665852299044 0.06251316582936864 0.018870195476872208 0.2933598899894551 -0.24377826435470332 0.0362719770458096 1.2081880289680904 0.29738692301026465 -0.12891575313397124 0.1595226018048031 -0.02488703731039891 0.1380287002565037 -0.24780175155341233 0.23991870398736995 -0.37790433251055244 -0.2865914714603038 -0.24796185121698266
-0.15696236740317687 -0.03372712621420601 -0.08004001452759024 0.5785553704811318 0.09082746560965532 0.3469794621229832 -0.38003719948706455 0.5855823062613958 0.033210998047846524 -0.03323899428551624 -0.4322733338392208 -0.007524786877506295 0.3054942131210814 0.11581978156369542 0.2973869230102649 1.5875915730265997 0.1496895724667722 0.4008920317653608 0.12051582742518199 0.1502748064826247 -0.11934673366232602 0.09906770901260711 0.1443807524937561 -0.09929453878828952 0.27726449649002816
0.13908186417056911 0.25071928447588926 0.24762625060148577 0.10423154394707052 0.134372512862203 -0.09449723391275043 -0.09285961664919344 0.7864696346757156 0.477759974977284 0.26770725915537974 -0.0790976922673306 -0.04555505395810089 0.03267592941629022 0.20541640146728807 -0.12891575313397133 0.14968957246677125 2.135753922831931 0.18764653794299657 0.7045592756643491 0.2688489967199167 -0.3805912415544473 0.08200024113311441 0.16180945823707138 -0.22391691238718187 0.037198742197500904
0.15626852399451002 0.7196509168583537 0.093499326466214 0.589849409858801 0.08867866621142681 -0.02483539771939182 -0.03693362239142818 0.20102470150482893 0.3381947533367292 0.2775419774587871 0.4138880818692821 0.6021289107178118 0.3516999557087424 0.017113281931614585 0.15952260180480313 0.40089203176536053 0.1876465379429974 1.8817409281352515 0.4172717326689751 0.03417351737776199 -0.30583799432493813 0.4505306642286847 0.617322847558307 -0.04261916995592531 -0.07273024493846708
-0.1728590468192888 0.3159289850593386 0.30570366619657063 -0.12818116741540503 0.3173691438109312 0.4977845404082765 -0.09860096977831506 0.043923233250371584 0.27126242284862684 0.15964065037333308 -0.11505471047069388 0.3019586008171462 0.22192523279468562 0.4852540419710554 -0.024887037310398645 0.1205158274251816 0.704559275664349 0.41727173266897505 1.8178062818343164 -0.004150254035031739 -0.1898660417204482 0.5437503775314361 0.1263574402938098 -0.034791523581480174 0.10173281226821694
-0.265463437091853 0.24011636168318043 0.2291147507171701 0.14561077999310512 -0.3765388195974346 -0.1571215926829806 -0.16038551549880029 -0.20818200039011323 0.24580984335910055 -0.05952535756289277 0.16322346724134 -0.29950451917232257 0.2739622447992718 0.10707755359832444 0.13802870025650377 0.15027480648262515 0.26884899671991686 0.03417351737776295 -0.004150254035031359 1.2566857163352207 -0.01649751902423935 -0.06207482009482073 0.17279359121616866 -0.1900312793154981 -0.09726032922335452
-0.25240190752633657 0.09570030965126058 0.18208275524275336 -0.10399074466435496 -0.004719840930098703 0.07103160488796709 0.11341890052217575 0.20009553002036343 -0.1558727095326826 -0.26188825462762333 0.15951069319888944 0.004482867664064312 0.2916690259600199 -0.21800509266555196 -0.2478017515534126 -0.11934673366232568 -0.38059124155444735 -0.30583799432493813 -0.18986604172044858 -0.01649751902423937 0.9320288582452304 -0.09222355552846245 -0.14820910594123116 -0.35656921058729035 0.16288936971711002
0.16038076130651666 0.42483980853577075 0.31387515854993386 0.06677669589402341 0.06842316292961909 -0.17816767049901458 0.002134730222432831 0.03641154308801013 0.15826450332328804 -0.08225170872482612 -0.2875215064209711 0.38063938827360694 0.4540535219383595 0.07585557713651127 0.23991870398737 0.099067709012607 0.08200024113311478 0.45053066422868465 0.5437503775314365 -0.062074820094820946 -0.0922235555284624 1.528352857521958 0.20021573122194863 -0.20461884401227404 -0.1871983385667933
0.15126048047354954 0.11671422290030563 0.1853978294328551 0.1765213627872517 0.39491435644426104 0.08623259932241086 -0.13395905780420767 0.1359235722332878 0.07582482646702682 -0.23362891811895428 0.036184045063890835 0.08705603173264873 0.23133678325890075 0.08977755616769985 -0.37790433251055217 0.14438075249375595 0.16180945823707157 0.6173228475583065 0.1263574402938101 0.1727935912161685 -0.1482091059412309 0.2002157312219489 1.8723876165965345 0.011329366073196599 0.30473478294424866
0.1545441080958378 -0.07142212647881782 0.2812004857047512 -0.02909311473273612 -0.1241895552960332 0.16633554696573621 -0.3770295709591225 -0.14830949137979696 -0.386713695323637 0.3315778898392915 0.03677900083474114 -0.18983244962885218 -0.3617693621121431 -0.14973507587973212 -0.2865914714603037 -0.09929453878828898 -0.22391691238718123 -0.04261916995592521 -0.03479152358148033 -0.19003127931549824 -0.3565692105872905 -0.2046188440122737 0.011329366073196826 1.2003642573918274 -0.19728399266453434
-0.4407626899729806 -0.4014915060148368 -0.07873279276091441 0.04749618039692198 0.045546939546436405 -0.12414569926572569 -0.16063711348077628 0.0719981098703219 0.5468032527074727 0.29450316617327926 0.028280396877867098 -0.002113164144409041 0.29620103333711756 -0.23980661126589295 -0.24796185121698258 0.27726449649002827 0.03719874219750094 -0.07273024493846708 0.10173281226821723 -0.09726032922335459 0.16288936971711004 -0.18719833856679308 0.3047347829442486 -0.1972839926645341 1.2559332766213906
