1.3336690371742188 -0.03702349041449643 0.13817383005482053 2.802210936879482 0.05101205745332514 -0.0950732357948542 -0.42867268577643375 -0.06086137149745601 0.8601107575448238 2.3824496241317803 0.23750518555997555 2.1597028982019144 0.9922697521435442 0.22379447141620015 -0.5794324037147874 2.3080026088811247 0.1390818641705691 1.0003789568427646 2.0380241331997575 -0.2654634370918532 -0.25240190752633657 2.083912834127987 0.15454305763454035 0.15454410809583763 -0.4407626899729803
-0.037023490414496346 2.594316793391422 2.342064147702329 1.707446467032502 1.8810344275999635 2.982055455559901 1.8941892010471557 0.8660248264829415 2.7085529002238373 1.544697603588122 2.446508050610328 0.8216291989534907 2.3010277205931176 2.393403182376239 2.574868033331077 1.4734656090231526 0.9790281813421798 1.0426683043606932 0.9002055565339142 2.1451755534899277 1.9382367897882544 1.2563175140852016 2.983171201217064 0.2822101373361497 2.1970831438269514
0.13817383005482092 2.342064147702329 2.2844917837544694 1.4058433916574606 0.701398216728729 3.1285530801685035 1.5453338981872462 2.3309285567008238 0.5559590190666422 1.6422334665139036 1.7523619976455234 0.8418761751787123 0.4985639249076445 0.883892168622792 0.2284414307925795 1.8961261656324013 1.489615813294688 0.8307822058436075 2.6603719081569084 2.6444847660881914 2.7798009118688665 0.45596157383334635 2.9259008926644032 1.8852122130795477 2.4264853758691265
2.802210936879482 1.707446467032502 1.4058433916574606 2.1799957042852753 0.2533714548507129 0.238692339804481 1.3233447218346672 1.7839910000169545 0.860223369778925 0.937992489066221 1.0454895457284736 0.45731163685202003 1.631060231143988 1.4532946113444438 1.528502147186957 0.6336333234724347 2.3600393487163025 1.2455746327949275 1.308788946261379 0.9767797433639036 1.3737323259515875 1.264117487237278 0.8665837475908493 0.4302759843153366 1.4024967263323043
0.05101205745332521 1.8810344275999633 0.7013982167287289 0.2533714548507128 1.3649938034069518 -0.05537801805197449 -0.08065598035504251 0.4333083862483818 1.287428469729892 1.1591012588714054 0.9864669129991734 0.4846561590655232 0.7084578294684171 -0.07951560669726887 0.1312591524100503 1.6806895079186936 0.13437251286220261 0.537369396210263 2.210525826492061 -0.3765388195974349 -0.004719840930098391 2.248938504162023 0.856306578903636 -0.12418955529603348 0.045546939546436564
-0.09507323579485431 2.982055455559901 3.1285530801685035 0.2386923398044811 -0.055378018051974676 1.8330373331126755 -0.31708816465346135 0.18756094508933094 2.4519984468976284 -0.27265925673311586 2.236988832924256 1.0229108155899795 2.9953445770996274 0.13488584797109476 0.20226234039769525 0.8695763937392291 -0.09449723391275032 0.46066231747735015 1.9427596191369596 -0.1571215926829809 0.07103160488796713 0.8377501620240271 0.628577711573027 0.16633554696573616 -0.12414569926572565
-0.4286726857764336 1.8941892010471555 1.5453338981872466 1.3233447218346677 -0.08065598035504246 -0.3170881646534612 1.2742415713036053 -0.2102077998586535 0.3654594901541135 1.3600822621836617 1.881653799735533 1.9201013014579724 1.3336267596341964 -0.5578216598703423 0.018233011361632818 1.123856029631047 -0.09285961664919383 0.6075978728077746 2.3378575951886793 -0.1603855154988001 0.11341890052217544 1.6213418089268934 2.677196620679133 -0.3770295709591222 -0.1606371134807763
-0.060861371497455526 0.8660248264829418 2.3309285567008233 1.7839910000169545 0.43330838624838147 0.18756094508933124 -0.21020779985865354 1.9555107142183517 1.212703412397076 2.2591201497893385 2.9454115209224008 1.446977115127098 2.8199209035157313 0.1538569526080727 -0.03568275378735481 3.0908789562202847 0.7864696346757147 2.974943417937209 3.036107449606914 -0.20818200039011334 0.20009553002036307 2.8196195604059375 1.1060617064286882 -0.14830949137979693 0.07199810987032149
0.860110757544824 2.7085529002238373 0.5559590190666426 0.8602233697789254 1.287428469729892 2.4519984468976284 0.36545949015411344 1.2127034123970766 3.7312311942341907 -0.07397962681509487 1.8896880714184556 2.8174617744527195 1.0384381877469382 1.5307261651083808 0.44874590057262587 0.7284339637329733 1.4729583785899687 2.3157599821355785 0.6715727344427693 2.498478864474364 0.24502288846045314 0.6810145541486208 0.9533623931221851 1.2681416247443402 0.7448492339338009
2.3824496241317807 1.5446976035881221 1.6422334665139036 0.9379924890662208 1.1591012588714056 -0.2726592567331158 1.3600822621836615 2.2591201497893394 -0.0739796268150949 4.656565749362414 2.1827557327584395 1.9130739913826549 1.617128722566191 2.174328410655718 1.7426554579255118 0.6115482342327221 1.727940217383631 1.2361785059554924 0.5761968622789223 0.04424195066318436 1.8090266520895437 2.4265142071013446 0.8506653711625046 2.401341421339934 0.5872201867081671
0.23750518555997577 2.446508050610328 1.7523619976455236 1.0454895457284736 0.9864669129991738 2.2369888329242555 1.8816537997355325 2.9454115209224017 1.889688071418456 2.1827557327584395 4.079405776935962 0.83927642320727 2.4476478376643658 0.9743607443755334 0.8261582426453535 1.58102230678917 2.5567319876233414 1.6900345644633235 0.1264664331785585 2.1730018642056748 2.5640141956320024 2.026065823991419 0.06551241419206344 2.1287738392059423 2.210888493962246
2.159702898201915 0.8216291989534907 0.8418761751787118 0.4573116368520202 0.4846561590655232 1.0229108155899795 1.9201013014579724 1.4469771151270983 2.8174617744527195 1.9130739913826549 0.83927642320727 2.4418443368729905 0.6403414467003288 0.5483779413065323 2.8053677625583955 2.161027162125228 2.9428202338995977 2.3398500569087664 1.3147769682404558 2.567103058439002 1.2523207823014686 0.9010779334057548 2.887558667914166 1.053055300663544 1.0341583518992576
0.9922697521435441 2.3010277205931176 0.49856392490764395 1.6310602311439881 0.708457829468417 2.995344577099627 1.3336267596341969 2.8199209035157313 1.0384381877469377 1.617128722566191 2.4476478376643658 0.640341446700329 4.234175964349914 0.4154461037453199 0.44825089629799564 2.7795062010017713 0.43384350999336885 1.628972623861256 2.7822995134568353 1.909709903353065 2.192695613059998 3.3505412074265033 3.0110068415817413 1.1441800720789526 1.5529245212919867
0.22379447141620035 2.393403182376239 0.8838921686227907 1.4532946113444434 -0.07951560669726888 0.13488584797109485 -0.5578216598703422 0.15385695260807233 1.5307261651083806 2.174328410655717 0.9743607443755328 0.548377941306532 0.41544610374531915 1.4580529396571376 0.036271977045809714 2.989572769269919 0.2054164014672875 1.1931275559634351 0.6983653366053839 0.10707755359832488 -0.2180050926655523 2.552934607974254 0.559538044435692 -0.14973507587973248 -0.23980661126589284
-0.5794324037147875 2.5748680333310765 0.22844143079257964 1.5285021471869575 0.1312591524100504 0.2022623403976948 0.018233011361632846 -0.035682753787354936 0.4487459005726263 1.742655457925512 0.8261582426453536 2.8053677625583955 0.44825089629799564 0.0362719770458096 1.2081880289680904 0.6358658048315302 -0.12891575313397124 2.810805158381018 1.8387041082804778 0.1380287002565037 -0.24780175155341233 0.7595129527390757 2.301881546775213 -0.2865914714603038 -0.24796185121698266
2.3080026088811256 1.4734656090231528 1.8961261656324013 0.6336333234724347 1.6806895079186936 0.8695763937392296 1.1238560296310467 3.0908789562202856 0.7284339637329735 0.6115482342327222 1.5810223067891698 2.1610271621252286 2.7795062010017713 2.989572769269919 0.6358658048315305 3.4640092067812467 2.5708116781700516 2.746920282921784 0.36962215546010224 0.3547004532012653 1.1471836614704662 0.6256270065967869 1.7911674861275437 1.2770043182464896 3.2697512266117306
0.13908186417056911 0.97902818134218 1.489615813294688 2.360039348716302 0.134372512862203 -0.09449723391275043 -0.09285961664919344 0.7864696346757156 1.4729583785899687 1.7279402173836307 2.5567319876233414 2.942820233899598 0.4338435099933691 0.20541640146728807 -0.12891575313397133 2.5708116781700507 2.135753922831931 2.800757739361633 2.2854898866109554 0.2688489967199167 -0.3805912415544473 0.7128896945145411 2.150334681418552 -0.22391691238718187 0.037198742197500904
1.000378956842765 1.0426683043606935 0.8307822058436072 1.2455746327949277 0.537369396210263 0.4606623174773501 0.6075978728077744 2.974943417937209 2.315759982135578 1.2361785059554922 1.690034564463323 2.3398500569087664 1.6289726238612563 1.1931275559634353 2.810805158381018 2.7469202829217836 2.8007577393616336 3.6161933883022814 0.5550026442375401 0.6272868338900818 1.8597370994653282 0.9563120654695785 2.6608868198370637 1.0288851746598497 1.9834346613769893
2.038024133199758 0.9002055565339144 2.6603719081569084 1.308788946261379 2.210525826492061 1.9427596191369596 2.337857595188679 3.0361074496069134 0.6715727344427687 0.5761968622789218 0.1264664331785586 1.3147769682404555 2.7822995134568353 0.698365336605383 1.838704108280478 0.3696221554601019 2.285489886610955 0.55500264423754 3.9660708220552023 0.29011949596793557 0.12285872092167416 3.3818977196418936 2.795420610706194 1.611105321366467 0.6891508604741793
-0.265463437091853 2.1451755534899277 2.6444847660881923 0.9767797433639035 -0.3765388195974346 -0.1571215926829806 -0.16038551549880029 -0.20818200039011323 2.498478864474364 0.0442419506631845 2.173001864205675 2.567103058439002 1.909709903353065 0.10707755359832444 0.13802870025650377 0.35470045320126575 0.26884899671991686 0.6272868338900828 0.29011949596793596 1.2566857163352207 -0.01649751902423935 0.6549667650776925 2.705885700826528 -0.1900312793154981 -0.09726032922335452
-0.25240190752633657 1.9382367897882542 2.779800911868867 1.3737323259515877 -0.004719840930098703 0.07103160488796709 0.11341890052217575 0.20009553002036343 0.24502288846045286 1.809026652089544 2.564014195632003 1.2523207823014688 2.1926956130599984 -0.21800509266555196 -0.2478017515534126 1.1471836614704665 -0.38059124155444735 1.8597370994653282 0.12285872092167377 -0.01649751902423937 0.9320288582452304 2.0320519541169593 1.348571806225553 -0.35656921058729035 0.16288936971711002
2.083912834127987 1.2563175140852014 0.4559615738333459 1.264117487237278 2.2489385041620236 0.8377501620240274 1.6213418089268934 2.8196195604059375 0.6810145541486207 2.426514207101344 2.026065823991418 0.901077933405755 3.3505412074265033 2.552934607974254 0.7595129527390758 0.6256270065967868 0.7128896945145414 0.9563120654695785 3.381897719641894 0.6549667650776922 2.0320519541169593 3.5811631326592233 0.8329915119197668 2.443150874038322 2.1904280323470258
0.15454305763454 2.983171201217064 2.9259008926644032 0.8665837475908497 0.8563065789036364 0.6285777115730269 2.6771966206791333 1.1060617064286877 0.9533623931221847 0.8506653711625048 0.06551241419206322 2.8875586679141665 3.0110068415817413 0.5595380444356919 2.3018815467752134 1.7911674861275435 2.1503346814185527 2.660886819837063 2.795420610706194 2.7058857008265274 1.3485718062255532 0.8329915119197671 1.9374912855041062 2.1754756691695425 2.9571228338255673
0.1545441080958378 0.28221013733614986 1.8852122130795477 0.4302759843153363 -0.1241895552960332 0.16633554696573621 -0.3770295709591225 -0.14830949137979696 1.2681416247443404 2.401341421339934 2.128773839205942 1.0530553006635441 1.1441800720789526 -0.14973507587973212 -0.2865914714603037 1.2770043182464903 -0.22391691238718123 1.0288851746598497 1.6111053213664668 -0.19003127931549824 -0.3565692105872905 2.4431508740383223 2.175475669169543 1.2003642573918274 -0.19728399266453434
-0.4407626899729806 2.1970831438269514 2.426485375869127 1.4024967263323043 0.045546939546436405 -0.12414569926572569 -0.16063711348077628 0.0719981098703219 0.7448492339338006 0.5872201867081672 2.210888493962246 1.0341583518992579 1.5529245212919869 -0.23980661126589295 -0.24796185121698258 3.2697512266117306 0.03719874219750094 1.9834346613769893 0.6891508604741796 -0.09726032922335459 0.16288936971711004 2.1904280323470258 2.957122833825567 -0.1972839926645341 1.2559332766213906
