2.1711129546053813 0.9515374981812781 2.0406065343608946 2.792981356160594 3.5269874996096537 1.0100807986859937 0.6855653427722501 2.0205185312845835 0.7736329681008405 1.6788219946576763 1.4526468513680215 2.88610054155887 1.124123976079963 1.1343543793734652 0.7563527620249586 0.8956981216183713 1.416278462172988 0.8367945123983113 1.1860054560198823 2.157834023343299 2.0287217041807524 1.1970749877444142 2.22810680523825 1.4801146621397283 2.5333020758311693
0.9515374981812786 4.351882933239132 2.7980805314440174 3.5609813335621943 1.7912690657497508 2.4150519095404084 0.7992508212880339 1.8085906356662895 1.483848240781626 0.668699537157567 1.1779945692102367 1.306896206349782 0.8737091602457461 2.050716307430921 1.9862715637243256 2.3610699239395605 2.7574986822323924 2.1058397577778725 1.0177835770458326 1.3121248898318456 0.7431394164921049 2.8573132590664545 2.6480019010053395 2.6636544886482056 1.5002874780922144
2.040606534360895 2.798080531444017 2.586811475195392 2.5112630977896933 0.6208426926084721 3.0474643661379637 2.364774828909311 1.6364694028772202 0.16541007961484766 0.9772176922737833 3.4439253847418425 3.2376599496229383 2.9760362418945348 2.104728067694798 3.112715449625126 2.6717836050907806 2.4500730029323146 1.203140668093388 3.0112513383379262 2.3065308661235333 0.7693585758370356 2.4329822544099713 1.376256766827003 2.0148068443812397 1.5122544267206048
2.7929813561605936 3.5609813335621947 2.5112630977896933 4.744882294229965 1.4772352771199666 1.271528956873536 3.368546909964239 0.983332652909732 2.1893259428079643 0.8264315859878911 3.2540093379442934 1.0232865906713364 3.6282770070953636 0.6940867436076565 0.7612631462597061 2.6304676154069773 1.4592657437026455 3.5287481165140537 0.43754817978782307 3.4276801183738184 1.4539894541599643 1.5262120318660277 0.3278086322922706 3.06544230378611 2.2087965560797778
3.5269874996096537 1.79126906574975 0.6208426926084721 1.4772352771199666 4.4922959240787055 2.081588044903248 3.002229387020975 3.1406421945644496 1.9583749133657329 3.145293663595713 3.0170245835950285 2.8358915446675743 1.8825225803783208 1.6431450887164925 1.0218890060857315 3.290580201410671 1.4274020443562032 1.209814794883006 3.6531158229133247 3.358450117529026 2.9027940876206273 2.2457684224395487 2.165700166390318 1.2183239417199128 2.011292878843831
1.0100807986859939 2.415051909540408 3.0474643661379637 1.2715289568735357 2.081588044903247 1.7889457759960128 0.7135586095596478 3.005197642357177 -0.1261257680955496 0.29497759031200355 2.6117183818823744 1.2711763014441053 0.9865228819346277 -0.24410346176140987 0.11443031646512813 1.663404557794471 2.4174709527278804 1.9134338267224271 0.6840929263277857 3.3797509291680745 0.2750978830982613 2.0679348390653125 0.6817490539652546 2.541679851591214 0.42834701318687846
0.6855653427722497 0.7992508212880337 2.3647748289093116 3.3685469099642384 3.002229387020975 0.7135586095596482 3.1930036103510093 0.41378507815476395 2.1055436545990958 2.851690610447836 2.8735491844905443 0.3904137396552763 1.5313974992643482 1.8507932365231803 0.001352047154718098 2.3370716874102797 0.6873347490787423 2.0752278089875045 0.9607062184836779 1.4034847995254716 0.6250099108080739 3.2400399030007847 2.1642838097922423 1.1416013746346265 3.2552228479219982
2.0205185312845844 1.80859063566629 1.63646940287722 0.9833326529097318 3.1406421945644487 3.0051976423571767 0.41378507815476384 4.077189478815811 0.0361739986044851 1.0752526020601163 0.5749353792958418 0.2941421308529961 0.6754286718057871 2.0346178870347416 1.819139832975885 0.8218717527203322 3.442555023083531 3.0517680370622635 1.4683543225213302 1.7181977122370975 1.4682563045870138 2.618332483483404 1.679755786349996 0.8325195926380702 2.32298612707509
0.7736329681008404 1.483848240781626 0.165410079614848 2.1893259428079643 1.958374913365733 -0.12612576809554946 2.1055436545990958 0.0361739986044852 1.0254920354931245 0.2836741331991794 0.8838359530345467 0.44023307366759745 0.4966582799736514 -0.5498985684815939 -0.2836955767883481 0.5032567318985167 2.6943337528583036 1.9250122885150112 0.8913949990137408 -0.04659610690657984 -0.36468866899420865 1.9090575609141158 0.9281826452293207 0.2530560569903419 -0.20115279661361304
1.6788219946576766 0.6686995371575675 0.9772176922737832 0.8264315859878915 3.145293663595713 0.2949775903120033 2.8516906104478355 1.0752526020601163 0.28367413319917895 3.6723621891955833 3.1702371431335736 2.7580631833624327 1.0276462734377716 1.7171544549335567 2.6653291368661454 0.3915923471639603 1.3680688936029275 2.5225243433745668 2.288695677609842 1.0020700047802027 2.8422002738055103 0.45720343174426953 2.440004716692419 0.25547032768319455 3.2561984766445606
1.4526468513680215 1.1779945692102365 3.4439253847418425 3.2540093379442934 3.0170245835950285 2.6117183818823744 2.873549184490544 0.5749353792958419 0.8838359530345463 3.1702371431335736 2.1703790947874184 1.9551537628329696 1.4417210334347816 1.856826495837364 2.695777685031251 3.47749832136369 1.53523483594837 2.5317267049703576 0.9408975745505814 2.6255593302464506 2.9896439838748416 1.316349234418062 0.7262674565595646 1.2901039305942867 1.8600875594419746
2.88610054155887 1.306896206349782 3.2376599496229383 1.0232865906713364 2.8358915446675743 1.2711763014441058 0.39041373965527615 0.2941421308529961 0.44023307366759706 2.7580631833624327 1.9551537628329696 5.202827596344317 2.242513727006749 2.3784953744285837 0.475531820013147 2.8278626254823607 0.9461570881249004 1.0259776472634268 1.8881636295867639 2.982640381533517 2.914326989836666 1.4025469865089968 0.7477261157358079 2.6904884275444587 3.2736312815014803
1.1241239760799635 0.8737091602457463 2.9760362418945348 3.628277007095364 1.882522580378321 0.9865228819346279 1.5313974992643484 0.6754286718057874 0.4966582799736513 1.0276462734377718 1.4417210334347819 2.242513727006749 3.929587252135796 0.42361922857047785 0.915076280463331 1.6158977401579266 0.8803364249728463 3.1749230905943007 0.398845180483423 1.741176316166591 3.139303008535738 1.353245519700613 3.0440071086483798 1.5512236075480224 1.6697100116236834
1.1343543793734656 2.0507163074309216 2.104728067694798 0.6940867436076565 1.6431450887164927 -0.2441034617614099 1.8507932365231803 2.0346178870347416 -0.549898568481594 1.7171544549335567 1.856826495837364 2.378495374428584 0.4236192285704779 0.6892825544959902 0.011666720832967326 2.4754872167377227 1.118125421741181 2.6489043128976744 1.544267435922002 0.2493202305240546 -0.4461579787273063 1.7279759678336455 0.5596679068280408 1.2549375511144174 -0.28972936215415895
0.7563527620249584 1.9862715637243253 3.1127154496251253 0.7612631462597064 1.0218890060857313 0.11443031646512747 0.0013520471547185386 1.8191398329758848 -0.2836955767883487 2.665329136866145 2.695777685031251 0.4755318200131467 0.915076280463331 0.011666720832967643 1.8532563216449174 3.4681240202438244 2.469090718915764 2.758220940747314 2.0447578540791187 1.9451631562483809 -0.0819537698637785 2.795142479169596 0.6053685181270255 2.8247715612380584 0.37581072579104313
0.8956981216183714 2.3610699239395605 2.671783605090781 2.630467615406978 3.290580201410671 1.6634045577944712 2.3370716874102797 0.8218717527203329 0.5032567318985167 0.3915923471639604 3.47749832136369 2.8278626254823607 1.6158977401579264 2.475487216737722 3.468124020243824 4.882162984201055 1.4201977021989785 2.858647974121612 3.2001815162049203 2.74738096420812 1.4531859914795708 3.013525180491472 2.6559254022075165 3.4214896165255593 0.9004431391478787
1.416278462172988 2.757498682232393 2.4500730029323154 1.459265743702646 1.4274020443562034 2.417470952727881 0.6873347490787426 3.442555023083532 2.6943337528583036 1.3680688936029275 1.5352348359483705 0.946157088124901 0.8803364249728464 1.1181254217411807 2.4690907189157634 1.4201977021989785 2.3895003731200077 2.0641345792565753 1.1785430371412489 3.537999104480478 2.1559022310659284 3.606776199701513 2.805858274847783 2.704613172182728 3.3596637884266376
0.8367945123983116 2.105839757777873 1.203140668093388 3.5287481165140537 1.2098147948830065 1.9134338267224273 2.075227808987505 3.051768037062264 1.925012288515011 2.5225243433745668 2.5317267049703585 1.025977647263427 3.1749230905943007 2.6489043128976744 2.758220940747314 2.8586479741216126 2.0641345792565753 5.033313297768576 3.4740856344686066 2.3136618064265306 1.5007978820822914 2.9036821824126915 1.7071562782445915 2.6043840849977573 2.896693116028692
1.1860054560198823 1.017783577045833 3.0112513383379267 0.4375481797878229 3.6531158229133247 0.6840929263277857 0.9607062184836778 1.4683543225213307 0.8913949990137406 2.288695677609842 0.9408975745505814 1.888163629586764 0.3988451804834229 1.5442674359220019 2.044757854079119 3.2001815162049203 1.1785430371412486 3.474085634468606 1.9855127124065959 1.5893006939503924 2.7468939366299323 1.9294781592407504 1.1725534186211606 3.089199296330283 2.6037440314627043
2.157834023343299 1.3121248898318465 2.3065308661235338 3.427680118373819 3.3584501175290256 3.379750929168075 1.4034847995254722 1.7181977122370975 -0.04659610690657964 1.0020700047802027 2.6255593302464506 2.9826403815335176 1.7411763161665912 0.2493202305240541 1.9451631562483813 2.74738096420812 3.5379991044804777 2.31366180642653 1.5893006939503926 2.3570826273096803 0.5444303995045661 0.9481566518574243 3.7766060890169864 2.6477108584623013 3.0075951175087603
2.028721704180752 0.7431394164921045 0.7693585758370352 1.4539894541599638 2.902794087620627 0.2750978830982612 0.6250099108080732 1.4682563045870134 -0.3646886689942083 2.84220027380551 2.9896439838748416 2.9143269898366655 3.139303008535738 -0.44615797872730645 -0.081953769863779 1.45318599147957 2.155902231065928 1.500797882082291 2.7468939366299323 0.5444303995045656 1.4803770607899007 3.045869088506676 2.637521775278391 2.0444941885742547 0.11634674424809613
1.1970749877444147 2.857313259066454 2.432982254409971 1.5262120318660282 2.245768422439549 2.067934839065313 3.2400399030007847 2.6183324834834045 1.9090575609141152 0.45720343174426953 1.3163492344180634 1.4025469865089963 1.3532455197006132 1.7279759678336457 2.795142479169596 3.013525180491473 3.6067761997015135 2.9036821824126915 1.9294781592407508 0.9481566518574245 3.045869088506677 2.44595618171358 1.6392469090022352 2.885479580437573 3.208315496087993
2.2281068052382507 2.6480019010053395 1.3762567668270025 0.32780863229227064 2.165700166390318 0.6817490539652548 2.1642838097922423 1.6797557863499955 0.9281826452293207 2.440004716692419 0.7262674565595645 0.7477261157358077 3.0440071086483798 0.5596679068280406 0.605368518127026 2.6559254022075165 2.805858274847783 1.7071562782445913 1.1725534186211608 3.7766060890169864 2.6375217752783913 1.6392469090022348 2.993799859146531 1.2077494238726485 2.1599086471587734
1.4801146621397283 2.6636544886482056 2.0148068443812397 3.06544230378611 1.2183239417199128 2.5416798515912142 1.1416013746346267 0.8325195926380701 0.2530560569903417 0.2554703276831946 1.2901039305942867 2.6904884275444587 1.5512236075480221 1.2549375511144172 2.824771561238059 3.4214896165255593 2.7046131721827273 2.604384084997757 3.0891992963302823 2.647710858462301 2.0444941885742556 2.885479580437573 1.2077494238726487 2.453227261696659 3.062466270392479
2.5333020758311697 1.5002874780922146 1.5122544267206046 2.208796556079778 2.0112928788438307 0.4283470131868787 3.2552228479219982 2.3229861270750893 -0.20115279661361332 3.25619847664456 1.8600875594419746 3.27363128150148 1.669710011623683 -0.2897293621541589 0.37581072579104324 0.9004431391478782 3.359663788426637 2.896693116028691 2.6037440314627043 3.0075951175087594 0.1163467442480963 3.208315496087992 2.159908647158773 3.0624662703924788 2.355428619441829
