1.6488797492574112 0.9808833616382868 2.7268199565297206 1.91172328906422 -0.05453010206519486 2.852650157606115 -0.05814028089309618 0.05503517449989202 2.063377838067457 1.159461013700187 2.1123494068082387 0.402801725440186 -0.010751110693761154 0.05022321235139587 0.3111752085951157 -0.11573568312456921 1.5543876374850099 0.3311108469091705 2.379594506978509 0.029644411204883377 1.1162205174439321 2.0599094443943695 -0.12183356718895212 0.5842762994242143 -0.4956966891055281
0.9808833616382864 3.6930367111844986 1.6463775304747243 1.1326128021081419 0.4622302374532631 2.9133985858708056 1.3458623708390327 0.781795061978446 0.998906667778144 1.4058757899986105 1.5716000412289408 2.0486511864785086 2.059472977236962 1.9501493786479376 2.839482976749331 1.4477191537603589 1.1487460724797791 2.48485901677417 0.1354751198831246 1.6426912514744043 2.7912504131557934 2.0702511874564054 0.9698667752268367 0.02533235609852942 0.7498658060763246
2.7268199565297198 1.6463775304747243 3.453292934888519 2.3436230034570777 0.7159829861629714 2.650355697151685 2.018457416186562 3.117988192259656 1.9233569690398746 0.23285667639355373 2.8611987757699255 0.7911465542925811 1.4826690756745866 0.7293362722419341 2.5691163304522346 1.9214032457491557 0.1666179632977119 1.312348876698902 2.9278795043246832 0.45391529810990994 1.6858471695956787 2.5258095180149502 1.2538346126056779 2.2456384029640395 1.5852511971063095
1.91172328906422 1.132612802108142 2.343623003457078 2.1593406365867 1.8260500916681686 1.8654412065963846 1.3848354577405504 0.47344578748810695 0.5845563422010454 1.903706482755247 2.9987562550040994 2.8743144353296497 1.928168957736871 0.8551826116935083 0.9257020295749105 2.3326571172433535 1.7765366559266387 1.940682564398019 1.959371510802411 -0.052782951229213546 0.49053384079711065 1.1372288463084732 0.740209231635845 2.64897114999717 2.617522346184564
-0.05453010206519502 0.462230237453263 0.7159829861629718 1.8260500916681688 1.3087493942924355 -0.111556729129107 -0.15227369484432454 -0.13142902598462855 0.8550524218306876 0.28749774687150764 2.6008738997076177 -0.025323133883328307 -0.4285892277252971 0.1785442476851279 1.0953168679782048 -0.16977140546517744 1.7858516818598724 -0.27617602247361495 0.040938813683113584 -0.0181285099364218 0.6005278170948427 1.786124011128685 -0.44772192527615273 2.4358506404334443 -0.38015871629953807
2.8526501576061154 2.9133985858708056 2.650355697151685 1.8654412065963843 -0.11155672912910727 4.875631195431572 2.3980856863747197 1.7853695951001005 0.44559280151827774 2.212223164426509 2.229887899711964 1.6908443023636646 1.4779945374024117 0.11943513824702486 3.003020147298155 0.03316340822576194 0.5820886356154746 2.2561695342375807 0.8801504470862611 2.4392539573876575 0.6883578633077146 2.452252056642303 2.8536034828588837 2.1411174016122376 2.562108744395656
-0.058140280893096564 1.3458623708390325 2.018457416186562 1.3848354577405502 -0.15227369484432451 2.3980856863747197 1.2012749429712188 0.2783007864746458 1.948663597882284 0.41474500703997513 1.1390330834284539 0.007575071221533008 -0.402798278427884 -0.13804981831160246 1.5204268794761655 -0.09285845097356896 1.8042330791825636 0.25093723967197856 1.2914887175483796 -0.3516787087608042 0.5417590664677626 1.7817408304768794 -0.28891026017560756 2.0182990925224327 -0.02950116215135049
0.055035174499891266 0.7817950619784457 3.1179881922596557 0.4734457874881074 -0.13142902598462894 1.7853695951001005 0.27830078647464634 1.874532064453047 2.7845402386845275 1.049490652347326 2.2446400577694874 0.1264209572515113 0.01738348668376859 -0.07947574387988729 1.794569633727661 -0.1118220577237172 2.6386279752833355 0.10128313140625413 3.254645198852801 -0.11088537755505323 1.3774313167648475 1.6387449058555434 -0.11264125147887491 2.2044148274806337 -0.3596026131180567
2.063377838067457 0.998906667778144 1.9233569690398749 0.5845563422010454 0.8550524218306875 0.4455928015182776 1.9486635978822837 2.7845402386845275 4.434322533432695 3.048576164998984 1.789590203971646 3.1671675346470023 0.42046601835272324 0.6947492335220815 1.2966726961996036 0.7542264414669315 2.5651988478122 2.091223379075587 1.452564433592114 0.43367217911781775 3.246946621359372 2.3980903554638497 3.1526255856106977 2.6278569585788234 2.758958442891088
1.1594610137001868 1.4058757899986112 0.23285667639355392 1.903706482755247 0.28749774687150764 2.212223164426509 0.4147450070399748 1.0494906523473255 3.048576164998984 3.858002520964199 1.9044207844149876 2.7247675741903685 1.1772291259935594 0.8029969251602386 2.5990575543673953 0.6052354528453454 1.1612845433752974 2.9317423358966597 2.1644420583919866 2.713490866884625 0.7612393508820644 2.1238862608642957 1.6505847005536416 1.7899097552052985 0.39539642971732625
2.1123494068082387 1.5716000412289413 2.8611987757699255 2.9987562550041 2.6008738997076173 2.229887899711964 1.1390330834284537 2.2446400577694865 1.7895902039716463 1.9044207844149876 4.608757616270921 2.118550554226812 2.755510145364957 1.558190432864334 2.4589520343716695 1.947241833005894 3.145421554708412 3.136790199318951 0.5491790674924644 2.1834525015464674 3.0599337606350803 0.10255043613110629 1.5984154922925156 2.341900732532462 2.3377898255745695
0.4028017254401858 2.048651186478508 0.7911465542925809 2.8743144353296493 -0.02532313388332772 1.6908443023636641 0.00757507122153315 0.12642095725151084 3.1671675346470023 2.7247675741903676 2.118550554226812 1.8758507722123514 -0.054981510552017714 0.0651477068082497 2.342572783641413 -0.08982761810037544 3.5441552571018624 0.3634343506899499 1.9135446253618769 -0.0016413267487514678 0.17208048875833037 0.7543064417578306 -0.12924400078599657 2.217647844181905 -0.15541690168223393
-0.010751110693761196 2.059472977236962 1.4826690756745864 1.9281689577368708 -0.4285892277252972 1.4779945374024113 -0.40279827842788385 0.017383486683768504 0.42046601835272285 1.1772291259935592 2.755510145364957 -0.05498151055201764 1.6172983984191507 0.20184509326853753 2.029266023902099 -0.11234119918538539 2.3955824934767938 -0.3109400624718928 1.5714895870957695 -0.3451316938561127 3.126060012087128 2.0168348120811177 -0.2529362506777539 1.7102263842048149 -0.04095013836022951
0.05022321235139534 1.9501493786479371 0.7293362722419339 0.8551826116935083 0.17854424768512805 0.1194351382470249 -0.1380498183116027 -0.07947574387988726 0.6947492335220815 0.8029969251602386 1.5581904328643343 0.06514770680824997 0.20184509326853725 1.5027056638432001 2.7839446427719716 -0.3248309848362745 0.12318890234305824 0.32951779347517923 2.787051018549146 -0.2530520377186959 0.9577933283606576 0.7940514390849773 0.10056953257622712 2.909458354112562 -0.2857698631020201
0.3111752085951155 2.839482976749331 2.5691163304522346 0.9257020295749109 1.0953168679782046 3.003020147298155 1.5204268794761653 1.794569633727661 1.2966726961996036 2.5990575543673953 2.4589520343716695 2.342572783641413 2.0292660239020996 2.7839446427719716 3.135570445812149 -0.16057449368362306 3.1813646478735995 0.7105301676624395 0.3430507261984787 1.223050816546275 0.7290308226012026 2.021490273783316 0.6212148938009101 2.6183699066196353 2.496215514500964
-0.11573568312456944 1.4477191537603584 1.9214032457491552 2.3326571172433535 -0.16977140546517744 0.033163408225761803 -0.09285845097356923 -0.11182205772371703 0.7542264414669314 0.6052354528453453 1.9472418330058934 -0.08982761810037528 -0.11234119918538585 -0.3248309848362742 -0.16057449368362323 1.5668083511711635 1.4795271816052757 0.02496254216477816 1.8357559325394524 -0.005025627656252318 1.537919256643905 1.1533776582998265 -0.236414540915602 2.2987478572322497 -0.2738258319516683
1.5543876374850096 1.1487460724797796 0.16661796329771186 1.7765366559266387 1.7858516818598724 0.5820886356154749 1.8042330791825636 2.638627975283336 2.5651988478122 1.1612845433752976 3.145421554708412 3.5441552571018624 2.3955824934767938 0.12318890234305828 3.181364647873599 1.4795271816052762 3.3502768800039244 0.7848385059764309 0.796166540977314 3.778750908012274e-7 2.5181561945498028 2.9389493689918957 2.3378467270719434 1.3940057471452474 1.5184232040117425
0.33111084690917053 2.48485901677417 1.3123488766989022 1.9406825643980186 -0.27617602247361506 2.2561695342375807 0.25093723967197856 0.10128313140625489 2.091223379075587 2.931742335896659 3.1367901993189506 0.3634343506899502 -0.31094006247189265 0.3295177934751798 0.7105301676624397 0.024962542164777946 0.7848385059764306 1.9956976867373395 1.1375650894965055 0.3302891419111805 1.7237886839150773 1.1880984060051027 -0.11299107821245533 2.1835079781236866 -0.020227611177644694
2.3795945069785085 0.13547511988312427 2.9278795043246832 1.9593715108024106 0.040938813683113695 0.8801504470862613 1.291488717548379 3.254645198852801 1.452564433592114 2.164442058391986 0.549179067492464 1.9135446253618769 1.5714895870957695 2.7870510185491457 0.3430507261984782 1.8357559325394532 0.7961665409773139 1.137565089496506 3.434268075418267 1.6607209686858158 0.9444881327792096 3.535450653228119 0.4188040126602243 2.5420535752233486 1.4234596411091944
0.02964441120488331 1.6426912514744045 0.4539152981099096 -0.052782951229213546 -0.018128509936421847 2.4392539573876575 -0.3516787087608041 -0.11088537755505355 0.4336721791178175 2.7134908668846247 2.183452501546467 -0.0016413267487512728 -0.345131693856113 -0.25305203771869617 1.223050816546275 -0.005025627656252146 3.778750908706163e-7 0.3302891419111801 1.6607209686858155 1.343419726775769 2.3713739177930733 0.498178734430613 -0.1770658385830729 2.695332114174342 0.18232536705246255
1.1162205174439321 2.791250413155794 1.6858471695956787 0.4905338407971115 0.6005278170948418 0.6883578633077142 0.5417590664677626 1.3774313167648475 3.2469466213593723 0.7612393508820646 3.0599337606350807 0.17208048875833076 3.126060012087129 0.9577933283606578 0.7290308226012028 1.537919256643905 2.5181561945498028 1.723788683915077 0.9444881327792097 2.3713739177930737 4.241855611332264 2.7187184712612376 2.6651195022085212 1.6886057434609207 1.9125491812132513
2.0599094443943695 2.070251187456405 2.5258095180149502 1.137228846308473 1.786124011128685 2.4522520566423025 1.7817408304768791 1.6387449058555439 2.3980903554638497 2.1238862608642957 0.10255043613110637 0.7543064417578307 2.016834812081118 0.7940514390849776 2.021490273783316 1.1533776582998265 2.938949368991896 1.188098406005102 3.5354506532281196 0.49817873443061295 2.718718471261237 3.586912794635023 1.5855590044165646 2.8241292762369405 2.301638900852477
-0.12183356718895184 0.9698667752268372 1.2538346126056779 0.7402092316358447 -0.4477219252761525 2.8536034828588837 -0.28891026017560756 -0.11264125147887503 3.1526255856106973 1.6505847005536416 1.5984154922925153 -0.12924400078599668 -0.25293625067775355 0.100569532576227 0.6212148938009098 -0.2364145409156026 2.3378467270719434 -0.11299107821245548 0.41880401266022454 -0.17706583858307304 2.6651195022085212 1.5855590044165644 1.3332458805586633 1.574063694477931 -0.16992489465954583
0.5842762994242143 0.0253323560985292 2.2456384029640395 2.6489711499971698 2.4358506404334443 2.141117401612237 2.0182990925224327 2.204414827480634 2.6278569585788234 1.7899097552052983 2.341900732532462 2.2176478441819056 1.710226384204815 2.909458354112562 2.618369906619635 2.2987478572322497 1.394005747145247 2.1835079781236866 2.542053575223348 2.6953321141743425 1.688605743460921 2.8241292762369405 1.5740636944779312 3.587747075720947 2.936888686452056
-0.4956966891055276 0.7498658060763247 1.5852511971063097 2.617522346184564 -0.380158716299538 2.5621087443956565 -0.029501162151350496 -0.359602613118057 2.758958442891088 0.39539642971732625 2.337789825574569 -0.15541690168223343 -0.04095013836022937 -0.28576986310202057 2.496215514500964 -0.2738258319516684 1.5184232040117427 -0.020227611177644305 1.4234596411091944 0.18232536705246216 1.9125491812132513 2.301638900852477 -0.16992489465954586 2.936888686452056 1.2624026721398007
