1.3864039690400476 0.06334148296086699 0.23056984164599473 -0.11722331346642598 -0.11993840967776834 -0.13044649566527355 0.17123930724664715 -0.49943401594134473 0.1352187017562126 1.1358069805380242 -0.23609862317660177 -0.1260348758739667 0.22362816859468096 -0.331777515709984 -0.29966739673306564 2.242851978247755 -0.1065390323263316 0.020523428658971363 1.8791903936227452 0.1976226958702302 -0.4273075810964079 1.6440993637011192 1.4083258598415278 -0.3827234529889465 -0.04075029705269909
0.0633414829608671 1.3369177225562061 1.6010942487022488 -0.11793360208183343 0.18767278938533583 0.32331775572227706 -0.17247627722510894 0.17085203382520597 0.09010384408955907 2.5165717598703896 -0.3875795120404705 0.08124168436398432 -0.09551100115547737 0.11412660745114578 -0.32105555099082617 0.6846335835522055 0.045050238171887365 -0.1616806798386124 2.327861702678154 0.08087222903974155 -0.29637811009249215 0.512309597872426 2.819815717783385 0.11435540679461535 -0.005132510070166731
0.23056984164599445 1.6010942487022486 3.1791539996757643 2.581997300056886 1.7979190345824856 0.5460776124245528 2.5844509707978554 2.1237737446310003 0.7114491709549627 1.8033749371448011 2.1627137576080093 2.2149000448361216 0.015274469288406367 2.95808836452864 0.09003584389989011 2.572339004692976 0.8712935684180574 2.9720769924234682 1.7974849007451752 1.5354647967590058 2.2869028317064055 0.78108549140141 0.9324664225179635 0.7294056785849212 0.6776768655908281
-0.1172233134664263 -0.11793360208183364 2.5819973000568863 1.7360022459037032 -0.08323889809219685 0.04309081138411246 0.007445674264140975 0.20737571863373722 -0.17324540586450773 2.9205923944596948 -0.20264178830513027 0.12251362700293608 0.16053459792717856 -0.09004553454013033 0.1640636755691162 0.954132922047016 0.03875559433676688 -0.4130467659351908 0.6967510851306307 0.08897895452331467 -0.6113498544074922 2.3181339850912663 1.6015515235071573 -0.299096681723203 0.3146031080655324
-0.11993840967776848 0.18767278938533563 1.7979190345824851 -0.08323889809219695 1.8389751916351078 -0.023793579793634962 -0.354377479807059 0.3542307433679119 0.15927656516928587 1.5307536573685678 0.12497864264928753 0.49578527640738146 -0.05194616622744279 0.2043474050150562 0.20082533105711836 1.8168774718163596 -0.04050678326933592 -0.19902798500911775 0.5639004139045721 -0.21645261789578327 -0.19047019951545988 3.3056881548717096 0.6449791094579833 -0.14270986790460008 0.03678481876514742
-0.13044649566527303 0.3233177557222769 0.5460776124245532 0.04309081138411282 -0.02379357979363473 1.763605534016888 -0.021018267595126774 -0.07800442204755854 0.6602864162277116 3.019260204105789 -0.3011372425085084 0.20414250563908637 -0.2015454869146003 0.05866322809967124 0.2760033813743532 0.27019663571975916 -0.21231520781926386 0.11517494593531404 0.5395825779641248 -0.16502100152404686 -0.09194152844018975 2.83987785722443 1.5178386367308618 -0.03388620503270641 -0.18600968485795175
0.1712393072466475 -0.17247627722510883 2.5844509707978545 0.007445674264141208 -0.35437747980705847 -0.02101826759512704 1.3002076794522026 0.010980268783870685 0.09626314301754911 2.723996518952862 0.03115227147819448 -0.19692815704856434 -0.18594111141627104 -0.2361115330382784 -0.23447411524923228 0.7459843377078583 -0.25516770651130066 -0.03550076000631503 2.627437851946861 -0.37392670948562007 0.18673911215446864 1.2775821882972755 2.4901260015043167 -0.12788798243408528 -0.06815223758674417
-0.49943401594134484 0.17085203382520606 2.1237737446310003 0.20737571863373672 0.3542307433679119 -0.07800442204755878 0.01098026878387038 1.3154498726491473 -0.10551545964071399 0.6310763324529547 0.19465697007936889 -0.09417126399342876 -0.19024395505384678 -0.11171322104637264 0.12474564755518232 2.278417827026621 -0.09861591340794339 -0.010168909874013483 2.0690128313713125 0.0829663376479957 -0.047273891672902094 1.5692487027461217 2.5234540025163943 -0.1487274814392526 0.23449641178152686
0.1352187017562125 0.09010384408955938 0.7114491709549631 -0.1732454058645079 0.15927656516928634 0.6602864162277123 0.09626314301754954 -0.10551545964071402 2.075292666137389 0.6017248995928945 0.2416157163549826 -0.31082230418226287 -0.21143094616852418 0.08958582218031166 0.04996146263771786 0.37090678985488756 0.16424431461946104 -0.07136701037707673 3.2912122522067526 0.38064810391449 0.0740586514653097 1.1208524554553374 0.44403213719126017 -0.33055691937125464 -0.18828008235382843
1.1358069805380246 2.5165717598703896 1.803374937144801 2.920592394459695 1.5307536573685676 3.0192602041057897 2.7239965189528617 0.6310763324529546 0.6017248995928954 3.902781636360978 1.8370560648127063 1.4325606893762466 1.232339190364139 1.8312285770598178 2.07596580437921 2.8580352772476 0.7223899605235393 1.935322834435283 1.6632494687991655 0.4501111736954808 1.182755891622152 0.6007544069466877 0.9822881932056164 -0.007115328388803799 1.0300300899383772
-0.2360986231766019 -0.38757951204047053 2.162713757608009 -0.20264178830513033 0.12497864264928733 -0.3011372425085086 0.031152271478193688 0.19465697007936894 0.24161571635498263 1.8370560648127068 1.2626804122998945 0.08649939467755272 -0.14431733676723252 -0.011645272910935985 0.07258651617461685 1.5046214676941037 0.1789607910647532 0.003240201998565763 0.7557116596897557 0.18192594862591438 -0.21994598892335498 0.8609803827240436 2.570887470381979 -0.05500778353297635 -0.4090015712384423
-0.12603487587396697 0.0812416843639839 2.2149000448361216 0.12251362700293593 0.49578527640738185 0.2041425056390866 -0.19692815704856428 -0.09417126399342915 -0.31082230418226325 1.4325606893762468 0.08649939467755273 1.1320279896841412 -0.21385305030190654 0.345506643766647 0.025172681879815414 -0.19519716511312857 0.22893101332745486 -0.1493591049217759 0.6721886389594407 -0.12275438652875041 -0.3253066682509671 1.1321325948517853 0.13019053197705888 0.038281660161691614 -0.008011966664936972
0.2236281685946809 -0.09551100115547716 0.0152744692884062 0.16053459792717859 -0.051946166227442865 -0.20154548691460042 -0.1859411114162709 -0.19024395505384667 -0.21143094616852362 1.2323391903641396 -0.1443173367672326 -0.21385305030190652 1.2857974465236852 -0.07194968976852388 -0.1992327254037895 2.4853993986943337 0.2707657726359262 -0.13174444614368355 2.598521818667073 -0.41087834347323127 0.21087650506242123 2.8153808265327878 1.294550781252112 -0.14173300335598324 -0.25961025511138
-0.33177751570998454 0.11412660745114557 2.9580883645286407 -0.0900455345401303 0.20434740501505633 0.05866322809967155 -0.2361115330382788 -0.11171322104637242 0.08958582218031172 1.831228577059818 -0.011645272910935927 0.34550664376664697 -0.07194968976852355 1.4211686932815546 -0.48940099117565544 1.1005060948533671 -0.049266392065586376 -0.015254037249872383 2.148895985354587 0.5625397183220314 0.2137028951605621 1.5322036912911186 1.7376257737893037 -0.11033049354870426 -0.031989855862783766
-0.29966739673306575 -0.3210555509908262 0.09003584389989022 0.16406367556911639 0.2008253310571185 0.27600338137435265 -0.2344741152492323 0.12474564755518248 0.04996146263771771 2.07596580437921 0.07258651617461657 0.025172681879815546 -0.1992327254037896 -0.4894009911756554 1.300708012529854 0.4884740803605705 -0.04932096982636631 -0.049262857196813274 2.504672361793504 -0.3467329163046792 -0.2421073597300288 2.7692512771977533 2.9126481850113017 -0.12987004881637068 -0.09736453701521641
2.242851978247755 0.6846335835522053 2.5723390046929766 0.954132922047016 1.8168774718163596 0.27019663571975927 0.7459843377078583 2.2784178270266215 0.3709067898548885 2.8580352772476 1.504621467694103 -0.19519716511312818 2.4853993986943337 1.1005060948533674 0.4884740803605709 1.927538946414309 1.5224445936195603 2.348767874933949 0.46602907729565096 1.8291574819432148 1.606861572478158 0.8583028050921787 1.537622625815575 1.4654877236069066 0.4059971011614594
-0.10653903232633143 0.045050238171887344 0.8712935684180579 0.03875559433676684 -0.04050678326933625 -0.21231520781926358 -0.25516770651129966 -0.09861591340794355 0.16424431461946085 0.7223899605235394 0.17896079106475266 0.22893101332745472 0.27076577263592627 -0.049266392065586626 -0.04932096982636637 1.5224445936195605 1.7469090473668232 0.45511253675939356 2.2993142647249702 -0.053241948210241655 -0.36446111280799187 0.4047301274377615 0.9503313801265503 -0.09684036268987738 -0.35619835161669505
0.020523428658971235 -0.16168067983861242 2.972076992423468 -0.41304676593519074 -0.19902798500911797 0.11517494593531374 -0.03550076000631468 -0.010168909874013846 -0.07136701037707645 1.935322834435283 0.0032402019985659273 -0.14935910492177587 -0.13174444614368322 -0.015254037249872275 -0.049262857196813385 2.3487678749339485 0.4551125367593935 1.1427996115723074 1.8638260714840504 -0.004364735975490547 -0.07987594162247548 0.6462492571956735 0.4538185922894057 -0.2632217150864147 -0.3134034687778293
1.8791903936227454 2.327861702678154 1.7974849007451756 0.6967510851306307 0.563900413904572 0.5395825779641245 2.62743785194686 2.069012831371313 3.2912122522067526 1.6632494687991652 0.7557116596897555 0.6721886389594411 2.598521818667073 2.1488959853545864 2.5046723617935043 0.4660290772956508 2.2993142647249702 1.8638260714840504 4.57583343811993 2.273474509064128 0.3142459674843477 0.5425850247089622 2.518775666328638 0.16577952243611005 2.1974201613707613
0.19762269587023013 0.08087222903974124 1.535464796759006 0.08897895452331472 -0.2164526178957835 -0.1650210015240464 -0.3739267094856201 0.08296633764799517 0.3806481039144899 0.45011117369548076 0.18192594862591444 -0.12275438652875006 -0.4108783434732316 0.5625397183220315 -0.3467329163046791 1.8291574819432148 -0.05324194821024131 -0.004364735975490103 2.2734745090641284 1.7220380010872467 -0.46809127752374846 0.5253621678106711 0.46841572442844015 0.06897642251054531 0.14997531790309618
-0.42730758109640776 -0.2963781100924921 2.286902831706405 -0.6113498544074922 -0.19047019951546024 -0.09194152844018945 0.18673911215446937 -0.04727389167290217 0.07405865146530985 1.1827558916221517 -0.2199459889233551 -0.3253066682509672 0.21087650506242106 0.21370289516056185 -0.24210735973002862 1.606861572478158 -0.36446111280799187 -0.07987594162247567 0.3142459674843481 -0.46809127752374846 1.5101471468590069 1.4228892971119953 0.22145902321764332 -0.014897072968212273 0.00857452452181233
1.6440993637011194 0.512309597872426 0.78108549140141 2.318133985091267 3.30568815487171 2.8398778572244296 1.2775821882972755 1.5692487027461217 1.1208524554553378 0.6007544069466877 0.8609803827240436 1.1321325948517855 2.8153808265327878 1.5322036912911183 2.7692512771977533 0.8583028050921786 0.40473012743776116 0.6462492571956734 0.5425850247089627 0.5253621678106711 1.422889297111995 3.034789715535151 0.2721051522355416 1.4250878085481813 1.8069057490420732
1.4083258598415274 2.819815717783385 0.9324664225179637 1.6015515235071571 0.6449791094579838 1.5178386367308612 2.4901260015043163 2.5234540025163943 0.44403213719126045 0.9822881932056164 2.570887470381979 0.1301905319770592 1.2945507812521118 1.7376257737893037 2.9126481850113017 1.5376226258155743 0.9503313801265506 0.453818592289406 2.5187756663286383 0.46841572442844 0.2214590232176436 0.2721051522355419 4.7006741388106 2.322021981397791 1.4453169693311705
-0.3827234529889465 0.1143554067946155 0.7294056785849211 -0.29909668172320325 -0.14270986790460036 -0.03388620503270577 -0.12788798243408497 -0.14872748143925285 -0.3305569193712547 -0.007115328388803688 -0.05500778353297639 0.038281660161691 -0.14173300335598288 -0.11033049354870451 -0.12987004881637074 1.4654877236069068 -0.09684036268987715 -0.26322171508641456 0.16577952243610983 0.06897642251054556 -0.014897072968212095 1.4250878085481817 2.322021981397791 1.3322117283800554 -0.09281745544213287
-0.04075029705269886 -0.005132510070166897 0.6776768655908276 0.3146031080655323 0.03678481876514746 -0.18600968485795166 -0.06815223758674417 0.23449641178152697 -0.18828008235382873 1.0300300899383767 -0.4090015712384425 -0.008011966664937104 -0.2596102551113802 -0.03198985586278394 -0.09736453701521647 0.40599710116145904 -0.35619835161669555 -0.3134034687778291 2.197420161370762 0.1499753179030962 0.00857452452181241 1.8069057490420732 1.44531696933117 -0.0928174554421328 1.0527288530240195
