1.3929788290506304 0.03222887642101618 -0.09497362866256394 0.5905788145652647 -0.2698093960056354 2.0093711908302776 2.235869314072517 0.1255895792962344 0.4134659379954544 -0.029679385302069358 -0.10577165983952837 -0.1033405283366682 0.062658962854183 -0.03712222436026409 -0.3193296174963614 -0.3999241581932922 0.11056142474624167 1.9412370147992815 -0.03994738137304693 0.08158955560906173 0.07259468985251215 -0.2134208679248029 0.25223692401346753 -0.3098306523074435 2.697293267824796
0.0322288764210162 1.7381682714716378 0.1535528560791994 0.5790874687495575 -0.11361369779716451 0.7384876386983548 1.5652821313715015 0.0401246186657118 2.615847495704555 -0.10485760364061358 0.3652092741871952 0.18528364801571526 -0.20196800783561078 0.25776475319142245 -0.3025580768905704 0.0582737133056893 0.08767537240413947 2.3633923759062174 0.35498127132457064 -0.07576066241263989 -0.15713629824107594 -0.06287576610440167 -0.19097833180279003 -0.32224585018408797 1.6787793421151704
-0.0949736286625642 0.1535528560791994 1.3835091676390632 1.2976577474044002 0.1725237884064311 0.5885296141068921 1.2382988453707162 -0.050569502485105715 2.8833084218132665 -0.20265898059887943 -0.07497711806521387 0.13860427625164484 0.20155292805430391 -0.19937777188863887 -0.267338738045704 0.285338941198198 0.05603218742691572 1.6617243643450328 0.007291134320166378 -0.2808936476841107 0.2080515290173119 -0.2617556329650526 -0.30393940192975893 -0.32315452778545517 2.1309773636799196
0.5905788145652647 0.5790874687495572 1.2976577474043998 2.1725835390341093 0.653498488622252 3.0394110481412557 1.6034997793959147 1.9556029005069273 1.3198652087957767 1.7814405521098746 2.067197768440923 1.4057037498722187 2.1024053801642943 1.9240148838798525 1.0475208491037762 1.0752838232881685 2.664021593394133 1.214255451879929 0.6277903173474519 2.390382660899055 2.9799237981632545 0.6878257724940327 1.2619410763972247 0.6625573833289025 1.0702305966937367
-0.2698093960056364 -0.11361369779716503 0.1725237884064314 0.6534984886222519 1.480743843648772 1.3778749524117038 1.8772023761319365 -0.2197348391911874 0.6452981111027616 -0.07048843822328672 -0.30441426636955876 -0.16837055323456332 -0.23611240294748043 -0.24659566341894779 -0.3790809520850314 -0.332773732504568 -0.11411232955595939 2.2167215859516007 -0.09347247970530193 -0.43741112651157016 -0.11397270234777632 -0.17598933735060576 0.170473809932735 0.14077023778599118 1.678784860223411
2.009371190830277 0.7384876386983548 0.588529614106892 3.0394110481412557 1.377874952411704 3.2256386066443214 0.8293012456607198 2.237862308270395 0.9376729674633946 1.6864771053523862 1.9281161281120383 2.0209152596392066 0.5606544348219455 2.6804903003165075 1.480418881802927 0.8755800589689046 1.8381532043589641 2.9924305664144133 1.768006463506073 0.05424924591477872 0.4240776579533385 2.3032689044790673 2.7061296281997147 0.2893650680501446 0.5321593798715487
2.2358693140725174 1.5652821313715017 1.2382988453707156 1.6034997793959145 1.8772023761319365 0.8293012456607198 4.561712831365645 0.14876577737633817 1.8607862051780706 0.0981359781472544 1.7159509760363116 2.346625004012473 2.7080112508383274 2.7105386524473616 1.6898783862732945 1.3587521482578306 2.0658221355313566 2.308731416583656 2.361604361036951 2.8205700238839126 0.8240965782547561 0.8807686905130087 1.056473286916459 2.4057365243279336 0.48729594756964056
0.12558957929623468 0.04012461866571255 -0.050569502485105465 1.9556029005069273 -0.2197348391911876 2.237862308270395 0.14876577737633828 1.5773274001312292 0.420000163663126 -0.0952210110974967 -0.1121583913198454 -0.09874368924964519 0.0736712406977916 -0.08971918825106978 -0.3480512770305767 -0.0809555967071691 -0.11446825646913775 3.19880875032855 0.045727415453824756 -0.07351686945762982 -0.04506937791568052 0.08956693251505769 -0.30001871073812725 -0.017823277859024995 2.259789648779243
0.4134659379954544 2.6158474957045543 2.883308421813266 1.3198652087957767 0.6452981111027616 0.9376729674633946 1.8607862051780706 0.4200001636631261 3.5441961556555333 0.9089448936716082 0.7190199643987756 2.283034528667524 1.2474515847867882 0.9207294067342853 0.46986970983613496 2.815577585945217 2.523084336915561 1.3397376913105128 1.2392112050969004 0.3113268359537738 2.0070918349142572 3.0256088354330624 1.1540778463764725 1.697461347790517 2.064514117614731
-0.029679385302069164 -0.10485760364061358 -0.2026589805988793 1.7814405521098742 -0.07048843822328665 1.6864771053523862 0.09813597814725428 -0.0952210110974967 0.9089448936716077 1.835342769409315 0.28282286667608575 0.1370266012009881 -0.3424193009284078 -0.17492568382278773 -0.21345965538669068 0.29179503815047864 0.35355638685739393 2.521062582626604 0.1450655105486257 0.5732324495928385 -0.07782235581591335 -0.3140268740733219 -0.2147560023886961 0.1837648066317926 2.9963562526151106
-0.10577165983952865 0.36520927418719557 -0.07497711806521404 2.0671977684409235 -0.3044142663695585 1.9281161281120383 1.7159509760363116 -0.11215839131984513 0.7190199643987757 0.2828228666760855 1.4466168396681323 -0.2125297820325172 0.1609719574360481 -0.21991262526798705 0.0029795302846742948 -0.09009128417392803 -0.2525483154972473 1.340958080465599 -0.21772311277454032 0.012076115616512333 -0.07691419661344351 -0.3008922022557473 -0.12195546885585808 -0.2685347378937457 2.5132332947433396
-0.10334052833666826 0.18528364801571523 0.1386042762516446 1.4057037498722185 -0.16837055323456296 2.020915259639206 2.346625004012472 -0.09874368924964519 2.2830345286675247 0.13702660120098759 -0.2125297820325169 1.847499580953746 0.024806733104472276 0.19650381177328183 -0.16561451622832962 0.09024277395524898 0.0789177402432176 2.428701396999409 -0.03449771213318323 0.16983188314276898 -0.14288538130738684 -0.02613431911109946 0.011284064425823569 -0.13537753669366984 0.5388170954977882
0.06265896285418308 -0.20196800783561095 0.20155292805430375 2.1024053801642943 -0.23611240294747968 0.5606544348219452 2.708011250838327 0.07367124069779171 1.2474515847867886 -0.3424193009284077 0.16097195743604858 0.024806733104471963 1.7146948388341448 0.25097154249782594 -0.32303809236807157 0.062993955886384 0.23088793741849475 0.33058726735340294 0.12292236551164176 -0.011949251159310498 0.027328058540481787 -0.5338340824302112 -0.01902283491420651 -0.01445613564091661 1.3822304868406636
-0.03712222436026385 0.2577647531914225 -0.19937777188863867 1.9240148838798528 -0.24659566341894792 2.680490300316508 2.710538652447361 -0.08971918825106956 0.9207294067342855 -0.17492568382278784 -0.21991262526798727 0.19650381177328216 0.2509715424978259 1.4657873758522555 -0.18542760424884894 0.4672321826063315 -0.11875511960143319 1.0851872827310238 -0.1148507132002599 -0.03903145706139705 -0.10347102020804845 0.12460883472181793 -0.02044310151039871 -0.30428091137196633 0.9400263311441852
-0.31932961749636085 -0.30255807689057007 -0.26733873804570396 1.047520849103776 -0.37908095208503123 1.480418881802927 1.6898783862732947 -0.34805127703057676 0.46986970983613496 -0.21345965538669034 0.0029795302846741347 -0.16561451622833023 -0.32303809236807157 -0.18542760424884916 1.1941547001506252 -0.01574749384793879 0.15571859195713936 1.4377316424279298 -0.21624205484787007 0.016660174536706342 -0.09225355992805946 0.10820957241227569 0.09563541684101129 -0.010095749262035932 -0.05398283143877683
-0.3999241581932919 0.05827371330568937 0.28533894119819797 1.0752838232881685 -0.3327737325045683 0.8755800589689047 1.3587521482578304 -0.08095559670716872 2.8155775859452175 0.2917950381504787 -0.09009128417392846 0.0902427739552489 0.06299395588638446 0.467232182606331 -0.01574749384793884 1.7098486541710525 0.01612652756371606 1.6039178067815358 -0.12305239193220416 0.2382976627357144 -0.09662173022897018 -0.07572816396581439 0.0802393825923849 -0.0400733413844346 2.6980672500497818
0.11056142474624153 0.0876753724041396 0.056032187426915826 2.6640215933941334 -0.11411232955595889 1.8381532043589637 2.0658221355313566 -0.11446825646913754 2.5230843369155607 0.353556386857394 -0.25254831549724677 0.07891774024321799 0.23088793741849473 -0.11875511960143333 0.15571859195713894 0.01612652756371598 1.5614272280309067 2.448941700997646 0.3053743407954828 0.01941694965638107 -0.18198549602644093 -0.24144447770822228 -0.10406060145709885 0.06043550119889789 1.6795765939128608
1.9412370147992812 2.3633923759062174 1.6617243643450326 1.2142554518799291 2.216721585951601 2.9924305664144137 2.308731416583656 3.1988087503285505 1.3397376913105126 2.521062582626604 1.3409580804655992 2.428701396999409 0.3305872673534025 1.0851872827310238 1.43773164242793 1.6039178067815358 2.4489417009976457 2.400144675612042 1.9526614886398943 2.9630564007594815 0.074271018595713 0.6069756395143528 1.0153283622866065 -0.10415522250109882 1.7884634771791792
-0.03994738137304743 0.35498127132457025 0.0072911343201663 0.6277903173474519 -0.09347247970530154 1.768006463506073 2.361604361036951 0.045727415453824784 1.2392112050969004 0.14506551054862604 -0.2177231127745402 -0.03449771213318292 0.12292236551164167 -0.1148507132002597 -0.21624205484787024 -0.12305239193220448 0.30537434079548276 1.9526614886398945 1.1941408132868674 0.1438918253080843 0.05576652996510794 -0.18039841361624026 -0.268644533471316 0.218821745876196 1.7368426425538324
0.08158955560906198 -0.07576066241264011 -0.2808936476841106 2.390382660899055 -0.4374111265115704 0.05424924591477878 2.8205700238839126 -0.07351686945762977 0.3113268359537731 0.5732324495928384 0.012076115616512253 0.16983188314276904 -0.011949251159310172 -0.03903145706139722 0.016660174536706467 0.23829766273571426 0.0194169496563812 2.9630564007594815 0.14389182530808448 1.3090404058361746 -0.21243864137574614 0.03305072194857924 0.2026972845963049 -0.04987527021511966 0.23096549135152844
0.07259468985251248 -0.1571362982410762 0.20805152901731175 2.9799237981632545 -0.11397270234777607 0.4240776579533383 0.8240965782547558 -0.04506937791568034 2.0070918349142577 -0.0778223558159131 -0.07691419661344366 -0.14288538130738684 0.02732805854048182 -0.10347102020804855 -0.09225355992805959 -0.0966217302289705 -0.18198549602644107 0.0742710185957132 0.05576652996510792 -0.2124386413757463 1.9187175719682998 0.05113974722076886 -0.07977575138533793 -0.23506203454286467 1.7512499653220344
-0.21342086792480283 -0.06287576610440178 -0.26175563296505283 0.6878257724940327 -0.1759893373506059 2.3032689044790673 0.8807686905130084 0.08956693251505742 3.0256088354330624 -0.31402687407332175 -0.3008922022557473 -0.026134319111099452 -0.5338340824302111 0.12460883472181798 0.10820957241227579 -0.07572816396581442 -0.24144447770822233 0.606975639514353 -0.18039841361624018 0.0330507219485793 0.05113974722076885 1.1230913203970452 -0.25265011326173153 -0.053309373670758234 2.302139915392254
0.2522369240134674 -0.1909783318027901 -0.30393940192975943 1.2619410763972245 0.17047380993273467 2.7061296281997143 1.0564732869164593 -0.3000187107381268 1.1540778463764725 -0.21475600238869583 -0.1219554688558581 0.011284064425823557 -0.019022834914205734 -0.02044310151039836 0.09563541684101123 0.08023938259238486 -0.1040606014570984 1.0153283622866063 -0.2686445334713159 0.20269728459630487 -0.07977575138533807 -0.25265011326173165 1.131353929826997 -0.27805642627144517 2.071158127559216
-0.3098306523074432 -0.32224585018408813 -0.3231545277854555 0.6625573833289023 0.1407702377859906 0.2893650680501447 2.405736524327934 -0.017823277859025096 1.6974613477905167 0.1837648066317926 -0.26853473789374604 -0.13537753669366934 -0.014456135640916076 -0.30428091137196617 -0.010095749262035807 -0.040073341384434566 0.060435501198898234 -0.10415522250109899 0.21882174587619588 -0.04987527021511935 -0.23506203454286437 -0.05330937367075811 -0.2780564262714451 1.200080749360802 2.6891517418347024
2.6972932678247963 1.6787793421151704 2.130977363679919 1.0702305966937367 1.6787848602234112 0.5321593798715485 0.4872959475696401 2.259789648779243 2.0645141176147312 2.9963562526151106 2.5132332947433396 0.5388170954977881 1.3822304868406639 0.9400263311441857 -0.05398283143877683 2.6980672500497818 1.6795765939128606 1.7884634771791792 1.7368426425538326 0.23096549135152816 1.751249965322034 2.302139915392254 2.0711581275592157 2.689151741834703 2.4783746771817654
