1.166459799358006 -0.07293526592866399 -0.5687125520155432 -0.26965115909724857 2.3931942546651266 -0.03584227205428278 0.2818489804633277 0.2079638804282341 2.9192115997292007 1.2780894707619515 0.40140520308582744 0.38819205148371827 2.891530322162623 1.9272526942874046 0.41616481339333217 0.6888229419180408 2.097110088807412 2.6594840469040286 -0.46847064999365773 0.645125181048714 0.14316619500186845 0.888252140450007 2.221800387429751 0.6206065807730823 0.9754602039617046
-0.07293526592866408 1.2843083944591858 -0.48575541983843973 2.3833428773757466 0.8268296005317524 0.3554363478013324 0.5852651222093721 1.4133604657456007 0.27669897088208095 2.616534766560201 0.9673471422778476 1.2661179043374968 1.3983102918349724 1.6742603143815347 0.8422390664871076 3.098110855216304 0.4653252641052447 2.691002724127619 0.06896102218640386 1.1404756583200355 -0.1168819686773769 0.5730626170255281 1.880187558518931 2.654554120712423 0.8669562915172205
-0.5687125520155433 -0.4857554198384395 1.0529679384875108 2.686076370745573 1.4250181558585564 -0.2306878293357862 2.8539603603809076 2.3128003714027865 0.4197395481763838 0.6725112935109057 2.2592376276832535 2.2020813883453694 -0.31953655838982686 0.010688900203348284 1.8415493377763088 1.743394994112563 0.6538879277910015 2.6535032773554152 -0.5264784118113467 2.899862153313004 -0.2521725068477128 1.344436638232724 0.6436458515847847 -0.1584251645395498 0.24538952675457693
-0.2696511590972485 2.383342877375747 2.6860763707455724 3.1603248683617737 1.7140310811751789 2.5747732154218403 3.028849187494083 2.1062642748748432 0.49479858870634086 1.8649014806222883 2.4115044440022926 2.7294970180783635 2.4012049765475534 0.942614057073947 2.682802420065796 3.1706027415869245 2.836422401972072 1.886158976536783 0.23875593290656855 2.3221511857480164 2.69257747833675 3.265108817409149 1.0983820561089828 3.1253356706448727 1.8109695091213251
2.393194254665126 0.8268296005317527 1.425018155858556 1.7140310811751784 2.4261307079549104 2.2306027913951993 3.0365864129744917 2.659915745996883 1.225181808116959 0.8754099942877799 2.7500183503767652 1.8881098785220927 0.2963315632658947 3.4972540979502718 1.1316816405153869 0.44963295934583813 1.3105260631074365 1.8163788763230078 0.8205881341797294 0.29509949954401465 2.8114582890799924 1.565017254490213 3.600788339971339 2.733378101428639 0.438285999129569
-0.035842272054282844 0.35543634780133254 -0.2306878293357862 2.5747732154218403 2.2306027913951993 2.227111636564121 2.544093716903012 3.404005538234926 1.9443621150687158 2.149043716483839 1.3813616287896786 0.8066309637897415 1.9728138165038316 2.2079903024479433 2.617176875603855 2.8300922895725473 2.4175481436018345 1.579984281310207 -0.05777742681649126 1.6988164671944936 -0.07841028474630983 2.464087072049713 1.8950263688428985 1.9504517145388895 1.0507013795732587
0.2818489804633277 0.5852651222093724 2.8539603603809076 3.028849187494083 3.036586412974492 2.5440937169030113 2.67440394507278 2.356954594577525 3.2617706896490986 1.7676020383379334 1.6192034556525827 1.2414356970619675 1.227284557567466 2.0570888607186033 1.882675808159324 1.1814768530959916 2.577034648237448 1.1440048637309006 2.2749412225903676 0.847760425454379 1.5300278492729438 2.1625574533486134 0.8999700134602531 0.8654859320628714 2.283517990231943
0.2079638804282339 1.4133604657456005 2.312800371402786 2.1062642748748424 2.659915745996883 3.404005538234926 2.356954594577525 4.175339298783101 0.9448114421958249 3.2195400156312197 1.9246257684283898 0.7356335423518673 3.113494406451975 1.0435619242423848 0.819696356041122 1.0857584925461081 3.064697284190084 3.4184064406796812 1.6965360462634445 0.2601641662234122 2.5066228669146433 0.9757100024380359 2.821448991457536 2.9875586561330127 2.5511252533087387
2.9192115997292007 0.27669897088208134 0.4197395481763836 0.4947985887063408 1.2251818081169596 1.9443621150687156 3.2617706896490986 0.9448114421958249 3.220396137392302 0.5022259089057968 2.40637378730851 2.4508027898062705 2.3722065833189427 1.3957813695324917 2.7519139114469877 2.9320825351381403 2.7572260378194806 2.5700243760920722 1.1407664494010608 2.988141986071156 1.303331144250378 2.784471319029402 0.42890444712716347 2.829058521164415 2.324125588702814
1.278089470761951 2.616534766560201 0.6725112935109054 1.8649014806222883 0.8754099942877801 2.149043716483839 1.7676020383379334 3.2195400156312197 0.502225908905797 4.385724110635236 0.2955918144829467 1.4886309203474917 1.2964021125220517 2.974013933268943 2.03626260679765 1.1514128072990373 1.4075967160172254 3.6343920960816103 0.5628852760487144 2.0430672622170567 1.4736930038816793 2.682702270507586 1.5291819238866833 3.2760031393929605 1.2127189248653383
0.4014052030858274 0.9673471422778479 2.2592376276832535 2.4115044440022926 2.7500183503767657 1.3813616287896786 1.6192034556525825 1.92462576842839 2.40637378730851 0.2955918144829467 3.6484536460437758 2.9522976372051475 3.314536807414243 2.2737678366013085 2.1277001626607004 1.4952820821723636 1.0770259067709078 1.7250897255348563 1.4519122927597865 1.9812628955710676 1.7953442588909492 3.204723689473201 1.3363031158217442 1.0315120843839862 1.4547760206282674
0.38819205148371827 1.2661179043374968 2.202081388345369 2.729497018078363 1.8881098785220924 0.8066309637897408 1.2414356970619669 0.735633542351867 2.4508027898062705 1.4886309203474912 2.9522976372051475 2.5003632286046136 3.756061813118746 1.7775258762080761 2.997245468717672 2.0786941819988662 1.6824475596530466 3.209231177732581 1.4666619693627856 0.6870783413185277 0.2769511739127054 2.4003881549293946 0.6971882473524161 0.8993455574469874 3.2350406886348733
2.891530322162623 1.3983102918349728 -0.3195365583898269 2.401204976547553 0.29633156326589527 1.9728138165038311 1.2272845575674665 3.113494406451975 2.372206583318943 1.296402112522052 3.314536807414243 3.756061813118746 4.30196948956875 1.6580795861227962 1.7477242448262724 1.4329354944681336 2.652227476843786 2.9923226397344416 2.2870862717603173 2.073277761340753 2.0999191881722785 2.0263290939349927 0.20704713213756315 0.5684345117486462 0.7980686473644288
1.9272526942874046 1.6742603143815344 0.010688900203348117 0.9426140570739462 3.4972540979502718 2.207990302447943 2.057088860718603 1.043561924242385 1.3957813695324914 2.974013933268943 2.2737678366013085 1.7775258762080763 1.6580795861227964 2.9797539230324177 1.6495067533895118 1.2426837162819182 2.0976382367025734 0.3806391375064141 1.8361502516512853 0.32917020258970137 0.16014907480756227 3.0044600018353615 1.2917354224449134 0.7718761997777351 2.910054607005431
0.416164813393332 0.8422390664871077 1.8415493377763084 2.6828024200657956 1.131681640515387 2.6171768756038545 1.8826758081593238 0.8196963560411217 2.7519139114469877 2.0362626067976497 2.127700162660701 2.997245468717672 1.747724244826272 1.6495067533895118 4.186432403093335 3.710117944548319 2.3016466239761852 0.9366314220206267 2.870199912775747 1.6917294137202008 1.5988125563067865 3.60146977586377 1.0422932248847703 2.7148760463818964 3.1851251524404414
0.6888229419180406 3.0981108552163046 1.7433949941125624 3.170602741586924 0.44963295934583825 2.8300922895725464 1.1814768530959916 1.0857584925461077 2.9320825351381403 1.1514128072990368 1.4952820821723634 2.0786941819988667 1.4329354944681334 1.2426837162819186 3.710117944548319 2.2688296177144824 3.3233897939634485 1.2469772198480071 2.2042869964306586 1.4475013513498571 2.510849519826063 1.2714615179794437 2.4064106746579133 2.2013606402968797 2.854627572754571
2.0971100888074123 0.4653252641052447 0.6538879277910012 2.836422401972072 1.3105260631074362 2.417548143601834 2.5770346482374475 3.0646972841900837 2.75722603781948 1.4075967160172251 1.0770259067709076 1.6824475596530462 2.652227476843786 2.0976382367025734 2.3016466239761852 3.3233897939634485 3.5440567355913206 1.2711090865111156 1.143984265052607 0.19628946244697026 0.5723660933139111 1.9602599106839382 0.9971061996058896 3.1184319408048973 1.0440801246039146
2.6594840469040286 2.691002724127619 2.653503277355415 1.886158976536783 1.816378876323008 1.5799842813102072 1.1440048637309008 3.4184064406796812 2.5700243760920727 3.6343920960816103 1.7250897255348563 3.209231177732581 2.992322639734442 0.38063913750641415 0.9366314220206272 1.2469772198480076 1.2711090865111163 3.0450266256591956 1.382734228003328 0.4777381699779354 1.4695565816963587 1.8374530605702484 0.5447350401697895 1.8832250115547307 3.1342548454294707
-0.4684706499936576 0.06896102218640353 -0.5264784118113467 0.23875593290656827 0.8205881341797285 -0.05777742681649142 2.274941222590367 1.6965360462634438 1.1407664494010608 0.5628852760487137 1.4519122927597865 1.4666619693627854 2.2870862717603173 1.8361502516512846 2.8701999127757465 2.2042869964306577 1.1439842650526069 1.3827342280033277 1.3075013950421617 2.742150621349653 -0.16717136448624795 1.506528550818734 2.2385143004940105 1.294057297088101 2.408704931803558
0.6451251810487141 1.1404756583200353 2.8998621533130033 2.322151185748016 0.2950994995440154 1.6988164671944928 0.8477604254543782 0.26016416622341143 2.988141986071155 2.043067262217056 1.9812628955710676 0.6870783413185275 2.073277761340753 0.3291702025897012 1.6917294137202008 1.4475013513498567 0.19628946244697032 0.4777381699779347 2.742150621349653 2.2986243877187986 0.22843671310352104 1.9003369801709524 0.3325327790391072 0.6415569431078835 1.4884545509446907
0.14316619500186847 -0.11688196867737667 -0.25217250684771286 2.69257747833675 2.811458289079992 -0.07841028474630977 1.5300278492729444 2.5066228669146433 1.3033311442503779 1.4736930038816793 1.7953442588909492 0.2769511739127045 2.099919188172278 0.1601490748075623 1.598812556306786 2.5108495198260625 0.5723660933139111 1.469556581696358 -0.16717136448624803 0.22843671310352143 1.4640056246446866 1.4003721870911634 3.3752824490438993 3.276670206305395 1.6532287203762652
0.8882521404500071 0.5730626170255281 1.3444366382327237 3.265108817409149 1.565017254490214 2.4640870720497126 2.162557453348612 0.975710002438036 2.784471319029402 2.682702270507586 3.204723689473201 2.400388154929394 2.0263290939349927 3.0044600018353615 3.60146977586377 1.2714615179794433 1.9602599106839387 1.8374530605702484 1.5065285508187343 1.9003369801709526 1.4003721870911634 4.184842091527249 2.826576875289939 2.8859280290741545 2.7234983139092748
2.2218003874297514 1.8801875585189314 0.6436458515847847 1.0983820561089832 3.6007883399713396 1.895026368842898 0.8999700134602527 2.8214489914575362 0.4289044471271637 1.529181923886683 1.3363031158217444 0.6971882473524162 0.20704713213756293 1.291735422444913 1.0422932248847698 2.4064106746579137 0.9971061996058895 0.5447350401697897 2.2385143004940105 0.33253277903910733 3.3752824490438984 2.826576875289939 3.8255120249797 2.3448004339898247 1.4783303339952896
0.6206065807730825 2.654554120712423 -0.15842516453954963 3.1253356706448727 2.7333781014286394 1.9504517145388893 0.865485932062871 2.9875586561330127 2.8290585211644146 3.27600313939296 1.0315120843839858 0.8993455574469871 0.5684345117486458 0.771876199777735 2.7148760463818964 2.2013606402968793 3.1184319408048973 1.8832250115547304 1.2940572970881008 0.6415569431078837 3.2766702063053947 2.8859280290741545 2.344800433989825 4.632990623093129 2.5215402417213353
0.9754602039617044 0.8669562915172213 0.24538952675457684 1.8109695091213256 0.43828599912956967 1.0507013795732592 2.283517990231943 2.5511252533087396 2.324125588702814 1.2127189248653385 1.4547760206282672 3.2350406886348737 0.7980686473644293 2.910054607005431 3.1851251524404423 2.8546275727545716 1.0440801246039155 3.1342548454294707 2.408704931803558 1.4884545509446914 1.6532287203762652 2.7234983139092748 1.4783303339952902 2.521540241721336 3.1335055062035946
